0.0106841
0.00588854
0.000129429
2.37895e-06
4.35747e-08
7.981e-10
1.46178e-11
2.67786e-13
4.996e-15
1.11022e-16
0
0.0106841
0.00588854
0.000129429
2.37895e-06
4.35747e-08
7.981e-10
1.46178e-11
2.67786e-13
4.996e-15
1.11022e-16
0
0.0106841
0.00588854
0.000129429
2.37895e-06
4.35747e-08
7.981e-10
1.46178e-11
2.67786e-13
4.996e-15
1.11022e-16
0
0.0106841
0.00588854
0.000129429
2.37895e-06
4.35747e-08
7.981e-10
1.46178e-11
2.67786e-13
4.996e-15
1.11022e-16
0
0.0106841
0.00588854
0.000129429
2.37895e-06
4.35747e-08
7.981e-10
1.46178e-11
2.67786e-13
4.996e-15
1.11022e-16
0
0.0106841
0.00588854
0.000129429
2.37895e-06
4.35747e-08
7.981e-10
1.46178e-11
2.67786e-13
4.996e-15
1.11022e-16
0
0.0106841
0.00588854
0.000129429
2.37895e-06
4.35747e-08
7.981e-10
1.46178e-11
2.67786e-13
4.996e-15
1.11022e-16
0
0.0106841
0.00588854
0.000129429
2.37895e-06
4.35747e-08
7.981e-10
1.46178e-11
2.67786e-13
4.996e-15
1.11022e-16
0
0.0106841
0.00588854
0.000129429
2.37895e-06
4.35747e-08
7.981e-10
1.46178e-11
2.67786e-13
4.996e-15
1.11022e-16
0
0.0106841
0.00588854
0.000129429
2.37895e-06
4.35747e-08
7.981e-10
1.46178e-11
2.67786e-13
4.996e-15
1.11022e-16
0
