0.0316678
0.0206717
0.00855004
0.0037172
0.00192471
0.000896506
0.000443604
0.000224074
0.000106624
5.2226e-05
2.56293e-05
0.0316678
0.0210575
0.00846727
0.00371932
0.00191279
0.000950332
0.00045401
0.000217255
0.000108243
5.2261e-05
2.58099e-05
0.0316678
0.0204306
0.00867132
0.00362583
0.00178852
0.000880894
0.000441904
0.000221954
0.000128574
5.56445e-05
2.56276e-05
0.0316678
0.0208622
0.00844015
0.00408769
0.00187873
0.000885565
0.000455905
0.000260796
0.000106518
5.22285e-05
2.56298e-05
0.0316678
0.0209142
0.00861234
0.00389618
0.00188156
0.000923165
0.000454209
0.000221437
0.000106529
5.23513e-05
2.58111e-05
0.0316678
0.0208541
0.00835263
0.00384378
0.00176403
0.000916764
0.000440657
0.00021738
0.000106545
5.22251e-05
2.59425e-05
0.0316678
0.0211309
0.00820715
0.00375823
0.00175657
0.000889489
0.000516452
0.000224274
0.000106885
5.24283e-05
2.56614e-05
0.0316678
0.021133
0.00812411
0.00364869
0.00199311
0.000888139
0.00043959
0.000217763
0.000106795
5.23231e-05
2.5637e-05
0.0316678
0.0207497
0.00824994
0.00361433
0.00177214
0.000882325
0.000442418
0.000217883
0.000106529
5.23564e-05
2.57964e-05
0.0316678
0.0211667
0.0084735
0.00356998
0.0018163
0.000880953
0.000440242
0.000218437
0.00011
5.37238e-05
2.56564e-05
0.0316678
0.0210406
0.00849586
0.0039101
0.0017708
0.000883815
0.000442244
0.000237068
0.00010756
5.64801e-05
2.56283e-05
0.0316678
0.0209384
0.00864246
0.00362054
0.00180993
0.000885934
0.000441278
0.000216859
0.000106651
5.2256e-05
2.5734e-05
0.0316678
0.0210209
0.0085482
0.00384234
0.00176342
0.000896145
0.000445824
0.000217473
0.000107247
5.26686e-05
2.77808e-05
0.0316678
0.0209187
0.00821646
0.00364261
0.00184818
0.000886424
0.000439269
0.000216808
0.000106487
5.28694e-05
2.56887e-05
0.0316678
0.020982
0.00852867
0.00364637
0.00175381
0.00088256
0.000440633
0.000217356
0.000106572
5.22466e-05
2.59363e-05
0.0316678
0.0207701
0.0085914
0.00366804
0.00184815
0.000886693
0.000518787
0.000218792
0.000106578
5.26378e-05
2.6101e-05
0.0316678
0.0210175
0.00821312
0.003666
0.00176745
0.000881353
0.000448014
0.00021692
0.000106654
5.23369e-05
2.56735e-05
0.0316678
0.0205131
0.00797441
0.00373413
0.00202081
0.000920798
0.000440411
0.000217231
0.00010704
5.23569e-05
2.71876e-05
0.0316678
0.0210174
0.00814683
0.00360828
0.0017574
0.00090313
0.000446347
0.00021994
0.000106527
5.96986e-05
2.56342e-05
0.0316678
0.0208316
0.00828717
0.00362246
0.00183375
0.000915212
0.00049397
0.000217678
0.000108199
5.25353e-05
2.56275e-05
