0.380797
0.380797
0.577443
0.380797
0.380797
0.642082
0.605945
0.680628
0.380797
0.695499
0.380797
0.743671
0.710607
0.622082
0.717525
0.380797
0.732849
0.645194
0.755937
0.646406
0.380797
0.780239
0.7037
0.79135
0.713163
0.380797
0.650465
0.796159
0.794036
0.380797
0.644341
0.736208
0.71445
0.780248
0.841108
0.846594
0.63086
0.79861
0.848047
0.785525
0.728748
0.851866
0.628881
0.842282
0.853845
0.859761
0.814045
0.850695
0.862597
0.598335
0.735716
0.792089
0.860946
0.85844
0.844986
0.861402
0.617926
0.716989
0.864362
0.818641
0.859049
0.591544
0.80323
0.866479
0.863509
0.867503
0.854168
0.729029
0.868762
0.864549
0.798949
0.832619
0.871502
0.862681
0.865687
0.731184
0.868707
0.865741
0.857182
0.810031
0.831793
0.745187
0.87119
0.868964
0.87162
0.865761
0.872332
0.809032
0.870677
0.862536
0.835101
0.868533
0.871283
0.793199
0.86769
0.872584
0.87001
0.836667
0.862529
0.873043
0.871939
0.870241
0.873981
0.872918
0.868714
0.841526
0.87192
0.864975
0.874
0.873021
0.870975
0.874374
0.868964
0.866528
0.874863
0.874017
0.872337
0.874454
0.872261
0.873779
0.870088
0.875553
0.873869
0.874672
0.8759
0.873183
0.875451
0.874304
0.875603
0.87433
0.875162
0.876525
0.87519
0.875713
0.876463
0.875813
0.876657
0.876269
0.876867
0.876726
