0.649322
0.649322
0.649322
0.649322
0.649322
0.649322
0.649322
0.649322
0.649322
0.649322
0.649322
0.224993
0.22499
0.22683
0.305598
0.270351
0.227979
0.310658
0.22097
0.395865
0.232954
0.230402
0.0220937
0.0177649
0.0203686
0.300253
0.0222127
0.20154
0.485041
0.00891764
0.0646998
0.512385
0.028131
0.0541052
0.0478704
0
0.182081
0.117179
0.0498889
0.237246
0.446198
0.0544419
0
0.317103
0
0
0.0627656
0.0633098
0
0.194864
0
0.262977
0
0
0.261045
0
0
0
0
0
0
0
0
0
0.194872
0.129863
0
0
0
0
0
0
0
0
0
0
0.194805
0
0
0
0
0
0
0
0
0
0.0649322
0
0
0
0
0
0
0
0
0
0
0
0.0649322
0
0
0
0
0
0
0
0
0
0
0
0
0
0
0
0
0
0
0
0
0
0
0
0
0
0
0
0
0
0
0
0.0649322
0
0
0
0
0
0
0
0
0
0
0
0.0649322
0
0
0
0
0
0
0
0
0
0
0
