0
0
0.471677
0
0.627586
0
0.190051
0.678846
0.9
0
0.9
0.168055
0
0.0619911
0.8
1
0
0.334933
0.9
0
1
0.338783
0.041281
1
0
1
0.9
0.9
0
1
0
0
0.8
0.279965
0
0.9
0
0.104825
0.9
0.0303187
0.7
0.0270816
0.253229
0.9
0
1
0.0513731
0.8
0.9
0
0
0.8
0
0.6
0.362618
0.9
0
0.9
0
0.188946
0.0354858
0.0932802
0.8
0
0.7
0.8
0.0856245
0
0.8
0.7
0
0
0.9
0.223906
0.8
0
0.943948
0.368064
0.0889417
0.8
0
0
0
0.6
0.8
0.0684211
0.360403
0.9
0
0
0.0916299
0
0.83041
0.7
0.152146
0
0.0822025
0.7
0
0.0115649
0.9
0.142149
1
0.6
0.14485
0
0.144621
0
0.8
0.0954584
0.8
0
0
0.7
0
0.5
0.0920425
0.6
0.0420887
0.23782
0
0.8
0.0610864
0.28422
0.7
0
0.6
0.137896
0.3
0
0.173521
0.6
0.0374297
0
0.5
0
0.7
0
0
0.403543
