0.649322
0.649322
0.649322
0.649322
0.649322
0.649322
0.661431
0.649322
0.649322
0.649322
0.649322
0.67049
0.655286
0.6696
0.67626
0.652434
0.656494
0.686282
0.651694
0.707066
0.726469
0.653591
0.752252
0.651662
0.65114
0.780463
0.652419
0.799578
0.6495
0.820556
0.639325
0.835615
0.650473
0.646579
0.847977
0.619811
0.611389
0.650289
0.642472
0.645013
0.647986
0.605319
0.602214
0.649949
0.618196
0.606281
0.638156
0.647503
0.612653
0.594032
0.649965
0.643711
0.612618
0.649754
0.57286
0.622758
0.608446
0.646911
0.552175
0.637088
0.583749
0.642031
0.540954
0.646839
0.52099
0.548778
0.605953
0.512156
0.641174
0.530943
0.635404
0.646022
0.510947
0.573985
0.491476
0.507201
0.645949
0.492643
0.640726
0.601589
0.540044
0.634332
0.470086
0.5145
0.566301
0.458463
0.640048
0.599957
0.49034
0.438865
0.633265
0.534823
0.63951
0.470599
0.564819
0.506548
0.449078
0.632578
0.596808
0.435233
0.482878
0.530693
0.420643
0.63211
0.459833
0.562267
0.59672
0.501978
0.436268
0.527914
0.473622
0.419738
0.596456
0.559939
0.402472
0.449238
0.497154
0.526503
0.429985
0.557761
0.471171
0.409308
0.495233
0.442664
0.386904
0.523379
0.422701
0.464942
0.491256
0.402989
0.439952
0.383453
0.460567
0.417722
0.398854
0.436911
0.377741
0.412965
0.391305
0.374231
