7.961
7.961
0
7.961
0
7.961
0
0
8.742
7.961
9.118
7.961
0
0
9.777
9.926
0
7.961
0
10.179
10.38
7.961
0
0
10.555
10.873
7.961
9.118
10.827
0
10.941
0
7.961
0
9.783
10.112
0
0
10.179
0
10.38
0
0
0
10.735
10.879
0
9.784
11.187
0
0
0
10.941
9.926
0
10.179
0
0
10.38
0
0
0
0
10.92
10.116
10.699
0
0
11.009
10.367
0
0
10.941
2.209
8.315
0
11.107
0
0
10.881
0
0
0
10.367
11.009
2.172
11.123
10.38
0
0
0
2.415
10.555
0
1.091
10.699
4.842
0
0
11.01
10.567
2.45
11.487
10.739
0
0
2.448
0
11.069
1.126
0
11.376
0
0
10.941
10.925
2.442
10.884
1.17
3.688
0
11.379
2.37
2.437
11.306
0
11.069
4.912
10.108
0
6.107
11.307
2.516
5.031
11.564
2.384
11.124
3.59
0
11.308
