3.33067e-15
3.33067e-15
3.33067e-15
3.33067e-15
3.33067e-15
3.33067e-15
3.33067e-15
3.33067e-15
3.33067e-15
3.33067e-15
3.33067e-15
0.0338466
0.0229558
0.0219725
0.145823
0.0779356
0.0666473
0.157043
0.0285724
0.28499
0.0328733
0.0498433
0.0514027
0.059519
0.0300224
0.28737
0.239675
0.305295
0.067617
0.381619
0.0586534
0.0470921
0.401717
0.0398074
0.255149
0.155909
0.362835
0.408696
0.300366
0.0456157
0.432195
0.294961
0.0720826
0.409151
0.19571
0.0851871
0.247791
0.389908
0.187511
0.424753
0.195116
0.390938
0.331658
0.424889
0.405463
0.00450806
0.00493662
0.00316313
0.403465
0.264132
0.266172
0.351532
0.352169
0.351036
0.430406
0.431324
0.000312797
0.000150642
9.0032e-05
0.431492
0.000360045
0.207298
0.403611
4.26408e-05
0.40359
0.440303
0.352319
0.264237
1.14705e-05
4.77273e-06
0.352316
8.95836e-06
1.42697e-05
0.403632
0.440397
0.264236
0.440398
0.431495
1.43842e-07
1.88968e-07
8.56722e-08
0.264239
0.264239
8.66377e-07
0.440398
0.431501
0.264239
0.431501
0.403632
9.7479e-09
1.12203e-08
1.02781e-07
1.41375e-08
0.264239
4.11049e-08
0.403632
0.264239
0.352319
0.431501
0.403632
1.87953e-10
8.19531e-10
1.68716e-10
0.264239
0.440399
4.30464e-09
0.403632
0.403632
1.26035e-10
0.403632
0.403632
1.26177e-11
1.65719e-12
7.98564e-12
6.17908e-12
0.352319
2.72576e-12
0.431501
0.440399
0.352319
0.431501
0.352319
8.33987e-13
5.02774e-13
2.96621e-13
3.21065e-13
0.352319
6.20247e-14
0.403632
0.431501
0.264239
0.431501
0.431501
1.42845e-14
1.86162e-14
7.32192e-13
2.17291e-14
0.352319
3.19155e-13
0.440399
0.440399
0.264239
0.403632
0.431501
