0
0
0
0
0
0
0
0
0
0
0
0.361875
0.364549
0.364215
0.346154
0.354515
0.354517
0.340806
0.361204
0.32709
0.360201
0.361873
0.590132
0.588966
0.592308
0.574922
0.588958
0.581611
0.594325
0.562235
0.592986
0.592642
0.552509
0.678327
0.677337
0.675625
0.671787
0.654595
0.674948
0.662278
0.647216
0.668542
0.676928
0.627386
0.719401
0.720487
0.720066
0.712331
0.718773
0.701122
0.720129
0.707358
0.715051
0.690946
0.675598
0.811038
0.808277
0.809701
0.807023
0.807025
0.809032
0.790311
0.811035
0.801002
0.778935
0.767893
0.811757
0.816073
0.815443
0.813298
0.817755
0.815215
0.79667
0.810868
0.807588
0.779971
0.774258
0.854874
0.853185
0.853332
0.852231
0.854042
0.855226
0.83514
0.843691
0.851531
0.826464
0.816089
0.856445
0.851853
0.852539
0.857009
0.848774
0.853118
0.837419
0.847033
0.849205
0.820741
0.832241
0.857585
0.854177
0.85586
0.858861
0.855843
0.857535
0.845811
0.836457
0.853164
0.819069
0.8311
0.856559
0.856054
0.857331
0.854491
0.851164
0.856296
0.849649
0.840568
0.858014
0.82436
0.831479
0.855425
0.859816
0.854747
0.857576
0.853995
0.86085
0.851474
0.843219
0.856257
0.821718
0.827677
0.862648
0.858566
0.860148
0.861184
0.854064
0.858357
0.850604
0.841358
0.85423
0.826067
0.831208
0.857504
0.861837
0.856233
0.853496
0.849341
0.858711
0.85008
0.844057
0.85465
0.825057
0.83457
