8.535
8.535
8.535
8.535
8.535
8.535
8.535
8.535
8.535
8.535
8.535
8.535
8.535
8.535
8.535
9.068
8.535
8.535
9.511
9.882
8.535
8.535
10.109
8.535
10.326
8.535
10.404
8.535
10.62
9.081
10.775
8.535
10.864
8.535
9.539
8.535
9.874
8.535
8.535
10.106
8.535
8.535
10.311
9.051
10.487
8.535
8.535
10.609
9.523
8.535
10.748
8.535
8.535
9.836
10.859
9.079
10.097
8.535
8.535
8.535
9.52
10.335
8.535
10.481
9.863
8.535
9.053
10.573
10.106
10.797
8.535
8.535
8.535
10.88
9.502
10.307
10.488
9.053
8.535
9.865
8.535
8.535
10.639
10.137
10.782
9.537
8.535
10.869
9.052
10.317
8.535
9.833
10.484
8.535
9.527
10.102
10.631
8.535
9.062
10.729
10.303
9.843
10.877
10.489
8.535
9.528
9.044
10.116
10.631
10.312
9.838
10.767
9.523
9.045
10.881
10.472
10.107
10.647
9.842
9.528
10.321
10.778
10.114
10.466
10.864
9.848
10.624
10.322
10.106
10.762
10.482
10.873
10.316
10.615
10.763
10.479
10.869
10.621
10.761
10.873
