0.649322
0.649322
0.649322
0.649322
0.649322
0.649322
0.649322
0.649322
0.649322
0.649322
0.649322
0.66364
0.663298
0.664412
0.657952
0.661536
0.660137
0.655275
0.661388
0.653436
0.663905
0.662123
0.671864
0.669991
0.672293
0.659859
0.667104
0.662679
0.661701
0.668608
0.658473
0.669169
0.672315
0.674502
0.673424
0.676266
0.664523
0.667613
0.674513
0.669614
0.663417
0.672242
0.674856
0.655287
0.67734
0.676117
0.675004
0.670275
0.663158
0.67421
0.669879
0.65845
0.6729
0.675644
0.660287
0.674704
0.677972
0.682015
0.675031
0.678479
0.668455
0.674958
0.672939
0.675432
0.662682
0.647981
0.680322
0.674131
0.673326
0.672447
0.675421
0.675692
0.67191
0.671044
0.678316
0.657103
0.665857
0.666908
0.679368
0.667506
0.683574
0.677102
0.679236
0.672257
0.678808
0.673708
0.66404
0.667817
0.676202
0.6792
0.681861
0.676812
0.680606
0.674209
0.672187
0.667795
0.684712
0.669007
0.671268
0.684605
0.675732
0.673641
0.687798
0.684021
0.680899
0.694013
0.681234
0.681597
0.689317
0.693912
0.670257
0.689946
0.684462
0.674583
0.681543
0.683438
0.688735
0.694798
0.675808
0.696281
0.700616
0.690447
0.686882
0.694914
0.683896
0.683889
0.688703
0.697515
0.700064
0.687931
0.707288
0.700936
0.683198
0.693904
0.695925
0.685338
0.689189
0.692847
0.709057
0.716211
0.696129
0.711236
0.700409
0.697666
0.707965
0.690628
0.691224
0.709985
0.694142
0.703275
0.715024
0.714452
0.718871
0.721985
