0.226674
0.226674
0.226674
0.226674
0.226674
0.226674
0.226674
0.226674
0.226674
0.226674
0.226674
0.253503
0.252113
0.251245
0.229643
0.234051
0.226718
0.206012
0.251905
0.238883
0.254825
0.243836
0.0419643
0.0538981
0.0521536
0.0997798
0.0458367
0.0867237
0.114057
0.0652763
0.0752396
0.0758683
0.0452217
0.108056
0.115135
0.107963
0.142706
0.114495
0.0917006
0.0976934
0.135144
0.108185
0.10883
0.210069
0.201814
0.193804
0.192408
0.206243
0.170423
0.187854
0.202198
0.211946
0.209609
0.20283
0.277496
0.368485
0.388871
0.408511
0.385047
0.408809
0.477871
0.398985
0.401691
0.400779
0.444217
0.422375
0.471631
0.467671
0.462564
0.454182
0.474301
0.470578
0.472323
0.456247
0.521767
0.559182
0.688941
0.473245
0.453441
0.50044
0.507697
0.47384
0.490409
0.405808
0.508233
0.504072
0.379559
0.632583
0.490534
0.494243
0.53156
0.504481
0.465764
0.519965
0.476203
0.497992
0.477183
0.540958
0.50681
0.517286
0.560079
0.497052
0.582464
0.550165
0.473599
0.620684
0.616185
0.479725
0.605693
0.785392
0.47234
0.524623
0.493117
0.561715
0.509847
0.525277
0.546268
0.707249
0.454075
0.564649
0.881011
0.538464
0.477782
0.470966
0.580228
0.594929
0.507138
0.566114
0.573808
0.611311
0.915406
0.870508
0.497791
0.472357
0.386379
0.5194
0.60701
0.503151
0.623315
0.927828
0.4872
1.01561
1.26997
0.451159
0.560469
0.597558
0.483786
0.481232
0.51031
0.690435
1.26119
0.607885
0.652592
0.968421
