3.34267e-15
3.34267e-15
3.34267e-15
3.34267e-15
3.34267e-15
3.34267e-15
3.34267e-15
3.34267e-15
3.34267e-15
3.34267e-15
3.34267e-15
0.00518971
0.00337342
0.00264054
0.0253849
0.00628165
0.00986581
0.0154083
0.00551526
0.0675955
0.00403031
0.00711536
0.000142555
7.03116e-05
4.05906e-05
0.000153933
6.23275e-05
0.000444274
0.000474998
8.85071e-05
9.79981e-05
0.00188659
5.55372e-05
1.73752e-06
9.42343e-07
2.898e-06
6.64242e-06
2.19543e-06
5.60709e-06
8.20351e-06
1.03526e-05
2.78718e-06
6.87075e-06
1.18895e-05
6.00141e-09
1.14995e-07
2.11153e-08
1.04417e-07
5.30498e-08
1.0341e-07
6.76544e-08
1.82319e-07
7.67717e-08
1.38526e-07
2.48414e-07
1.29622e-14
1.23778e-13
2.1686e-15
1.06702e-12
3.03325e-15
1.26399e-15
7.77919e-11
3.136e-15
4.01959e-15
6.29565e-12
1.40512e-11
8.3313e-16
8.3313e-16
8.3313e-16
8.3313e-16
8.3313e-16
8.3313e-16
8.3313e-16
8.3313e-16
8.3313e-16
8.3313e-16
8.3313e-16
8.3313e-16
8.3313e-16
8.3313e-16
8.3313e-16
8.3313e-16
8.3313e-16
8.3313e-16
8.3313e-16
8.3313e-16
8.3313e-16
8.3313e-16
8.3313e-16
8.3313e-16
8.3313e-16
8.3313e-16
8.3313e-16
8.3313e-16
8.3313e-16
8.3313e-16
8.3313e-16
8.3313e-16
8.3313e-16
8.3313e-16
8.3313e-16
8.3313e-16
8.3313e-16
8.3313e-16
8.3313e-16
8.3313e-16
8.3313e-16
8.3313e-16
8.3313e-16
8.3313e-16
8.3313e-16
8.3313e-16
8.3313e-16
8.3313e-16
8.3313e-16
8.3313e-16
8.3313e-16
8.3313e-16
8.3313e-16
8.3313e-16
8.3313e-16
8.3313e-16
8.3313e-16
8.3313e-16
8.3313e-16
8.3313e-16
8.3313e-16
8.3313e-16
8.3313e-16
8.3313e-16
8.3313e-16
8.3313e-16
8.3313e-16
8.3313e-16
8.3313e-16
8.3313e-16
8.3313e-16
8.3313e-16
8.3313e-16
8.3313e-16
8.3313e-16
8.3313e-16
8.3313e-16
8.3313e-16
8.3313e-16
8.3313e-16
8.3313e-16
8.3313e-16
8.3313e-16
8.3313e-16
8.3313e-16
8.3313e-16
8.3313e-16
8.3313e-16
