0.639304
0.639304
0.639304
0.639304
0.639304
0.639304
0.639304
0.639304
0.639304
0.639304
0.639304
0.639304
0.639304
0.639304
0.639304
0.639304
0.639304
0.639304
0.639304
0.639304
0.639304
0.639304
12.4638
4.85564
4.48292
0.429731
0.753329
11.3119
0.768193
0.654679
4.53121
4.7787
0.508056
14.1082
0.433992
0.273695
0.804535
0.676817
0.513596
0.537714
0.650212
0.633817
0.355393
0.684226
0.386502
0.565092
0.477074
0.83608
0.759524
0.497156
0.270769
0.647627
0.47772
0.824685
0.467521
26.1738
4.68354
5.47706
0.719239
26.1588
12.1477
0.513623
18.7577
0.642203
0.738509
0.517451
3.993
5.27411
4.94723
0.496987
4.77503
3.276
0.384199
0.648568
3.14809
0.663931
0.474393
0
3.645
0
5.29388
3.26444
4.10821
0.596285
0.47864
5.3238
0.609209
0.540101
0
0
0
0
7.1588
0
0.82972
4.02222
4.794
1.68886
1.72295
0
0
3.873
5.23858
0.864844
3.333
0.498683
0.517418
11.5701
0.506578
0.452439
0
0
3.417
0
6.80343
0
6.5371
5.5232
4.80818
1.51739
0.987125
0
0
0
4.599
8.76848
5.50701
5.40393
6.89296
7.11825
2.19651
1.32289
0
0
0
4.623
6.26307
0
5.72027
5.26345
5.47645
0.70756
4.0695
0
0
0
0
7.66107
3.564
5.85753
4.42123
0
2.24108
1.02775
