0
0
0
0
0
0
0
0
0
0
0
0.76026
0.767604
0.762811
0.75378
0.766003
0.760888
0.741253
0.755493
0.739583
0.761455
0.76255
0.764698
0.764904
0.766832
0.756206
0.766707
0.758511
0.769006
0.750439
0.768241
0.763929
0.745848
0.764553
0.767438
0.769814
0.759098
0.760445
0.772172
0.762042
0.746809
0.765922
0.767945
0.740564
0.767204
0.768791
0.765462
0.763101
0.767182
0.762167
0.77463
0.762707
0.772595
0.750887
0.741541
0.772096
0.771157
0.765592
0.765368
0.764906
0.767798
0.754503
0.767298
0.756403
0.743685
0.735741
0.766954
0.77058
0.766905
0.77239
0.768412
0.774511
0.762701
0.771087
0.758675
0.752978
0.745121
0.768071
0.771818
0.774285
0.772255
0.770415
0.767013
0.754299
0.766629
0.769453
0.747889
0.744085
0.772384
0.776259
0.769099
0.768801
0.763132
0.771322
0.757998
0.763995
0.772321
0.742977
0.74665
0.773785
0.773998
0.770732
0.767893
0.765885
0.765475
0.768473
0.757359
0.768747
0.743491
0.751848
0.764429
0.773099
0.770474
0.767204
0.762173
0.773751
0.766883
0.750235
0.765826
0.739537
0.749496
0.774193
0.767181
0.774502
0.774543
0.774166
0.77222
0.772837
0.765785
0.769519
0.743169
0.750123
0.765946
0.773238
0.773485
0.775464
0.767867
0.768212
0.770213
0.766753
0.774878
0.742845
0.74723
0.775543
0.771666
0.770976
0.765648
0.76588
0.773282
0.770196
0.758947
0.771592
0.7482
0.749251
