0.177102
0.177102
0.177102
0.177102
0.177102
0.177102
0.177102
0.177102
0.177102
0.177102
0.177102
0.49932
0.49932
0.497639
0.53065
0.47542
0.502748
0.513546
0.504365
0.535146
0.49932
0.474093
0.493624
0.498727
0.502857
0.499665
0.50317
0.48956
0.46615
0.506364
0.494433
0.564089
0.499024
0.498519
0.499424
0.497
0.51482
0.495782
0.484809
0.500549
0.443221
0.500389
0.498687
0.561031
0.498298
0.502935
0.504504
0.499956
0.494271
0.464552
0.47937
0.496589
0.513946
0.494046
0.449627
0.500899
0.495711
0.497072
0.514883
0.503226
0.497072
0.503393
0.498823
0.50486
0.553711
0.54507
0.498158
0.503648
0.497764
0.512777
0.501055
0.497764
0.49413
0.51883
0.507315
0.538016
0.5457
0.493761
0.494491
0.493761
0.501782
0.500983
0.497414
0.557018
0.507528
0.483513
0.518378
0.515916
0.498618
0.5003
0.501562
0.498353
0.506695
0.498618
0.514052
0.514829
0.514666
0.506222
0.425131
0.501905
0.502876
0.504694
0.481652
0.506146
0.490821
0.514972
0.481299
0.503596
0.535799
0.494955
0.501753
0.502423
0.48956
0.501945
0.507054
0.497414
0.521564
0.502538
0.493462
0.587623
0.520842
0.498241
0.501877
0.494494
0.493256
0.500669
0.498618
0.500309
0.461537
0.500301
0.558166
0.542853
0.497764
0.50377
0.497764
0.506533
0.51159
0.497764
0.532789
0.470574
0.476161
0.582722
0.474625
0.493827
0.498045
0.494883
0.491696
0.505169
0.501342
0.466627
0.510682
0.504132
0.46645
0.511985
