0.639304
0.639304
0.639304
0.639304
0.639304
0.639304
0.639304
0.639304
0.639304
0.639304
0.639304
0.639304
0.639304
0.639304
0.639304
0.639304
0.639304
0.639304
0.639304
0.639304
0.639304
0.639304
0.639304
0.639304
0.639304
0.639304
0.639304
0.639304
0.639304
0.639304
0.639304
0.639304
0.639304
0.6397
0.6397
0.611105
0.6397
0.606742
0.6397
0.749616
0.6397
3.28068
0.6397
0.615793
0.687052
0.589584
0.519886
0.566255
0.573865
0.639128
0.723433
0.559093
0.495928
0.574721
0.476114
9.66723
9.38423
0.310844
9.58961
0.358937
3.01907
0.39799
0.431597
0.258126
9.35354
9.36208
0.439541
0.414054
0.382111
0.394944
0.390601
0.409059
0.40078
0.377027
0.589584
0.329387
0.388727
0.463104
0.401228
0.490841
0.422238
0.441457
0.493871
0.381839
0.481061
0.462627
0.410104
0.443699
1.66778
0.970104
0.799188
1.22973
3.95766
1.17017
1.02686
1.15704
1.11303
1.36399
0.843021
0.467179
0.525605
0.488258
0.411052
0.443541
0.553982
0.530095
0.522949
0.476622
0.512758
0.511415
5.38473
4.226
5.01963
1.68648
4.69178
5.16956
6.08688
5.77698
4.95633
1.00188
1.68648
6.20437
6.32616
6.63666
6.37048
6.11168
6.47169
4.29688
4.33342
4.39452
5.49512
4.65245
6.15744
4.13062
4.24723
5.47844
1.67518
4.81591
3.97057
6.64929
4.14247
3.79298
7.20116
1.98931
5.50132
5.36989
2.80751
5.98048
7.3539
4.18702
4.69319
4.4919
1.90294
1.57704
