0.380797
0.380797
0.380797
0.380797
0.380797
0.380797
0.380797
0.380797
0.380797
0.380797
0.380797
0.410849
0.410131
0.411725
0.40242
0.40654
0.401455
0.394417
0.409994
0.391906
0.410831
0.409003
0.421781
0.420784
0.419762
0.404809
0.415126
0.406892
0.395952
0.415364
0.420918
0.39131
0.421496
0.424195
0.422672
0.422355
0.414413
0.405168
0.422054
0.405893
0.396002
0.417311
0.426246
0.391944
0.4226
0.422843
0.416288
0.415745
0.420592
0.399711
0.411498
0.424756
0.38501
0.410709
0.384418
0.401931
0.398789
0.399908
0.395948
0.402802
0.40321
0.373846
0.392695
0.386605
0.36115
0.364027
0.38096
0.389418
0.378646
0.377416
0.374933
0.385679
0.366484
0.371039
0.375056
0.353246
0.322835
0.3628
0.368113
0.365362
0.361002
0.364792
0.369305
0.364381
0.362099
0.374207
0.332934
0.349945
0.354554
0.351445
0.351992
0.355949
0.343999
0.35756
0.334462
0.347199
0.361792
0.339946
0.357454
0.339019
0.347316
0.342311
0.34913
0.342576
0.345896
0.349084
0.344632
0.345383
0.396839
0.376686
0.332029
0.350528
0.339423
0.334839
0.358059
0.33966
0.388158
0.383945
0.33301
0.351416
0.404443
0.34039
0.347003
0.332829
0.344465
0.33654
0.348178
0.36466
0.395902
0.340887
0.384641
0.421344
0.339692
0.32942
0.339705
0.336968
0.351291
0.340233
0.362329
0.36641
0.355308
0.372367
0.437211
0.338797
0.338219
0.339729
0.338005
0.367809
0.340684
0.378116
0.439331
0.338432
0.458202
0.477646
