21.746
21.91
21.916
22.066
21.819
22.012
22.051
21.809
21.993
22.1
22.104
21.876
21.682
21.828
21.924
22.017
21.968
21.914
21.768
22.01
21.752
22.103
21.862
21.89
21.83
21.781
21.923
21.688
22.01
22.006
21.873
21.655
21.726
22.015
21.924
22.026
21.806
22.101
21.824
21.744
21.699
22.097
22.001
22.033
21.939
21.695
21.891
21.713
21.84
21.779
22.09
21.737
22.01
21.661
21.683
21.861
21.933
22.02
21.873
21.784
21.69
21.642
21.741
21.991
22.088
21.842
21.94
22.028
21.887
21.798
21.639
21.982
21.706
21.943
21.845
21.753
22.064
22.048
21.79
21.894
22.004
21.659
21.764
22.074
21.709
21.882
21.965
21.792
22.05
21.912
22.015
21.664
21.773
22.096
21.868
21.716
21.959
21.821
22.089
21.914
22.043
21.687
21.754
22.099
21.716
21.874
21.994
21.831
22.111
21.903
22.036
21.767
21.998
21.726
21.681
22.145
21.878
21.813
22.109
21.941
22.017
21.727
21.768
21.683
22.157
22.03
21.922
22.159
21.848
21.963
22.086
21.687
21.734
21.805
22.181
22.031
21.938
22.132
21.859
21.979
22.152
21.69
21.77
21.725
22.094
22.233
21.923
22.176
21.887
21.979
22.126
21.691
22.077
21.802
21.74
22.267
21.944
21.851
22.213
22.005
22.152
22.128
21.783
21.69
21.957
22.297
21.747
21.871
22.27
22.012
22.183
22.126
21.78
21.697
21.972
21.737
21.876
22.34
22.037
22.301
22.185
21.699
22.219
21.805
22.003
21.901
21.737
22.08
22.387
22.343
22.302
21.708
21.814
22.178
21.959
21.744
21.897
22.362
22.056
22.311
22.281
21.699
21.85
22.268
21.928
22.468
21.988
21.784
22.115
22.323
