21.56
21.41
21.36
21.66
21.61
21.86
21.51
21.45
21.79
21.74
25.25
27.12
24.17
23.17
25.41
23.2
26.69
25.35
23.34
25.59
23.66
25.46
25.4
24.39
25.22
24.49
23.37
25.31
24.61
23.24
24.32
25.05
25.95
24.54
24.01
25
25.34
24.65
24.98
25.37
24.79
24.37
23.34
23.2
23.92
23.25
23.99
24.05
24.02
23.56
24.29
24.1
23.62
23.35
24.07
24.23
23.94
24.04
24.75
23.55
24.22
23.99
23.66
24.43
23.84
23.09
24.48
24.25
25.12
24.21
25.16
23.89
24.22
24.2
23.79
25.33
23.47
24.92
24.24
24.2
24.53
23.62
23.78
24.52
23.88
23.88
23.99
23.74
24.25
24.8
25.48
24.25
23.83
23.5
23.94
23.35
23.61
25.12
24.85
23.4
24.75
24.25
23.51
24.69
23.66
23.88
24.33
23.73
24.26
24.58
25.56
23.14
23.93
23.93
23.67
24.11
23.98
24.84
24.97
24.74
24.57
23.51
24.48
23.89
24.18
25.34
23.61
24.3
24.48
24.21
24.35
23.71
23.73
23.66
23.93
23.88
24.25
24.67
24.84
23.61
