21.755
21.822
22.035
21.951
21.855
21.864
21.798
22.02
21.952
22.119
21.935
22.257
21.761
21.708
21.674
21.849
21.59
22.043
22.098
22.304
21.85
22.315
22.474
21.935
22.495
21.713
21.631
22.033
22.524
22.479
22.642
22.021
21.796
22.583
22.73
21.633
22.627
22.664
22.6
22.331
22.332
21.901
22.67
22.681
22.802
22.689
21.689
22.717
22.682
22.763
22.685
22.715
22.695
22.574
21.843
22.635
22.297
22.611
22.68
22.626
22.381
22.395
22.147
22.374
22.42
22.39
22.388
22.425
22.304
22.399
22.226
22.2
22.19
22.18
22.202
22.215
22.192
22.223
22.198
22.195
22.189
22.218
22.196
22.216
22.179
22.201
22.201
22.192
22.221
22.197
22.215
22.216
22.196
22.208
22.19
22.203
22.209
22.21
22.189
22.205
22.217
22.205
22.207
22.212
22.211
22.21
22.234
22.187
22.208
22.201
22.196
22.193
22.211
22.197
22.222
22.223
22.195
22.198
22.189
22.209
22.214
22.211
22.215
22.194
22.201
22.208
22.21
22.193
22.207
22.195
22.212
22.201
22.234
22.217
22.208
22.191
22.222
22.188
22.222
22.217
22.222
22.214
22.213
22.212
22.208
22.196
22.201
22.215
22.208
22.214
22.2
22.222
22.216
22.216
22.21
22.219
22.207
22.209
22.215
22.216
22.208
22.2
22.211
22.222
22.189
22.198
22.201
22.204
22.191
22.224
22.217
22.191
22.215
22.213
22.196
22.207
22.211
22.221
22.221
22.207
22.203
22.213
22.219
22.207
22.23
22.216
22.211
22.201
22.212
22.204
22.208
22.222
22.21
22.189
22.222
22.216
22.203
22.214
22.212
22.198
22.221
22.207
22.196
22.207
22.205
22.201
22.218
22.22
22.21
22.189
