0.22243
0.101366
0.147309
0.0517301
0.125264
0.185753
0.0221585
0.195128
0.0610246
0.0823165
2.4869e-14
0.014
0.014
2.4869e-14
0.00994987
2.4869e-14
2.4869e-14
2.4869e-14
2.4869e-14
0.00994987
2.4869e-14
2.4869e-14
2.4869e-14
2.4869e-14
0.00994987
2.4869e-14
2.4869e-14
2.4869e-14
2.4869e-14
2.4869e-14
0.00994987
2.4869e-14
2.4869e-14
2.4869e-14
0.00994987
0.00994987
2.4869e-14
0.00994987
2.4869e-14
0.014
0.014
2.4869e-14
2.4869e-14
2.4869e-14
2.4869e-14
2.4869e-14
2.4869e-14
2.4869e-14
2.4869e-14
2.4869e-14
2.4869e-14
0.00994987
2.4869e-14
2.4869e-14
2.4869e-14
0.00994987
0.00994987
0.00994987
2.4869e-14
2.4869e-14
2.4869e-14
0.00994987
2.4869e-14
2.4869e-14
0.00994987
2.4869e-14
2.4869e-14
2.4869e-14
2.4869e-14
2.4869e-14
0.00994987
2.4869e-14
0.00994987
0.00994987
2.4869e-14
2.4869e-14
0.00994987
0.00994987
2.4869e-14
2.4869e-14
2.4869e-14
0.014
2.4869e-14
2.4869e-14
2.4869e-14
0.00994987
2.4869e-14
0.0170587
2.4869e-14
2.4869e-14
0.014
2.4869e-14
2.4869e-14
2.4869e-14
2.4869e-14
2.4869e-14
2.4869e-14
2.4869e-14
2.4869e-14
0.00994987
2.4869e-14
2.4869e-14
0.00994987
2.4869e-14
0.00994987
2.4869e-14
2.4869e-14
2.4869e-14
2.4869e-14
0.00994987
2.4869e-14
2.4869e-14
2.4869e-14
2.4869e-14
0.00994987
2.4869e-14
0.014
2.4869e-14
2.4869e-14
2.4869e-14
0.014
2.4869e-14
0.014
2.4869e-14
2.4869e-14
2.4869e-14
2.4869e-14
2.4869e-14
2.4869e-14
2.4869e-14
2.4869e-14
2.4869e-14
2.4869e-14
2.4869e-14
2.4869e-14
2.4869e-14
0.00994987
2.4869e-14
2.4869e-14
2.4869e-14
