0.300963
0.209464
0.146027
0.273531
0.222933
0.242149
0.118844
0.19799
0.303308
0.162555
0.337248
0.190263
0.460794
0.25492
0.376928
0.154609
0.130935
0.224944
0.233827
0.28534
0.641183
0.30014
0.387943
0.536167
0.181978
0.238367
0.367962
0.471528
0.332053
0.254894
0.372027
0.335952
1.67197
1.9542
0.191311
1.24695
0.369339
0.734778
0.283723
0.322507
0.343329
1.45904
1.06129
0.438428
0.427523
1.85313
0.211686
0.277626
1.47537
0.391248
2.40804
0.519087
0.436032
0.555391
0.543783
0.285536
2.87193
0.308733
3.59036
0.348855
0.829315
0.402845
0.505627
0.33868
0.360936
0.6372
1.50632
0.789224
0.874283
0.370778
2.28031
0.780541
0.415474
0.591019
0.358746
0.310799
0.660875
0.998737
2.35181
0.378946
1.4285
0.443499
1.11071
0.972265
0.348441
1.13354
0.358512
1.12671
1.56646
0.356958
0.882621
0.511218
0.478802
0.370977
0.392402
0.370707
0.3287
0.401622
0.490994
0.850915
0.658926
0.442945
0.374458
0.51054
0.337714
0.312248
0.394029
0.738005
0.426965
0.433871
0.664574
0.46128
0.379446
0.348746
0.411757
0.522088
0.382199
0.449323
0.477074
0.857319
0.510905
0.378286
0.418731
0.385336
0.590602
0.391166
0.41897
0.687209
0.354586
0.413254
0.479879
0.367423
0.405093
0.34623
0.373806
0.536097
0.392952
0.854742
0.354879
0.558709
