0
0
0
0
0.888889
0.888889
0
0.888889
0
0.888889
0.888889
0.788194
0.888889
0.888889
0.831415
0.770768
0.888889
0.888889
0.888889
0.888889
0.888889
0.888889
0.888889
0.888889
0.888889
0.888889
0.888889
0.888889
0.888889
0.888889
0.888889
0.888889
0.888889
0.888889
0.888889
0.888889
0.888889
0.888889
0.888889
0.888889
0.888889
0.888889
0.888889
0.888889
0.888889
0.888889
0.888889
0.888889
0.888889
0.888889
0.888889
0.888889
0.888889
0.888889
0.888889
0.888889
0.888889
0.888889
0.888889
0.888889
0.888889
0.888889
0.888889
0.888889
0.888889
0.888889
0.888889
0.888889
0.888889
0.888889
0.888889
0.888889
0.888889
0.888889
0.888889
0.888889
0.888889
0.888889
0.88
0.888889
0.888889
0.888889
0.888889
0.888889
0.888889
0.888889
0.888889
0.888889
0.888889
0.888889
0.888889
0.888889
0.888889
0.888889
0.888889
0.888889
0.888889
0.888889
0.888889
0.888889
0.888889
0.888889
0.888889
0.888889
0.888889
0.888889
0.888889
0.888889
0.888889
0.888889
0.888889
0.888889
0.888889
0.888889
0.888889
0.888889
0.888889
0.888889
0.888889
0.888889
0.888889
0.888889
0.888889
0.888889
0.888889
0.888889
0.888889
0.888889
0.888889
0.888889
0.888889
0.888889
0.888889
0.888889
0.888889
0.888889
0.888889
0.888889
0.888889
0.888889
