0.0087787
0.00667257
0.00618571
0.00743616
0.00630754
0.00731951
0.00626693
0.00620353
0.00614509
0.00702831
0.00634816
0.0126803
0.0114128
0.00913134
0.00962286
0.0090387
0.0100507
0.0090955
0.00887624
0.00920779
0.0099812
0.00907931
0.016582
0.0145543
0.0146716
0.0118493
0.0143058
0.01444
0.0120998
0.013714
0.0126413
0.0119711
0.0124931
0.0204836
0.019412
0.0183781
0.0176821
0.0175052
0.0167809
0.0176206
0.0146115
0.0143578
0.0162238
0.0150292
0.0243853
0.0226503
0.0229821
0.0181112
0.0188122
0.0185364
0.0216004
0.0189619
0.0170697
0.0193254
0.0172728
0.0282869
0.0275079
0.0250498
0.0233781
0.0226551
0.0250806
0.0241837
0.0216342
0.0243657
0.0210778
0.0238279
0.0321886
0.0300247
0.0295391
0.02687
0.0251521
0.0252757
0.0244763
0.0227463
0.022532
0.0272424
0.0235353
0.0360902
0.0348238
0.0327384
0.0336397
0.0314141
0.0299578
0.0287484
0.0337685
0.0257505
0.0295247
0.0301677
0.0399919
0.0385889
0.0373424
0.0342051
0.0367986
0.0312256
0.0303678
0.0288523
0.0293401
0.0289008
0.0331919
0.0438935
0.0425296
0.0400345
0.0398059
0.0418708
0.0360048
0.0364147
0.0337682
0.0324805
0.0328607
0.0337848
