0.186212
0.0523068
0.135834
0.0623779
0.0992169
0.104168
0.04
0.137201
0.242609
0.215543
0.256936
0.113925
0.387556
0.0737292
0.10794
0.0555968
0.274773
0.0909065
0.297824
0.182822
0.250032
0.253888
0.0988484
0.208026
0.183333
0.114276
0.161552
0.23297
0.315911
0.261151
0.133955
0.196415
0.194946
0.213016
0.192403
0.114241
0.235531
0.248797
0.298025
0.319844
0.233915
0.227596
0.258658
0.209943
0.235565
0.213073
0.28763
0.228077
0.19062
0.348821
0.348218
0.363461
0.275862
0.327736
0.314279
0.427743
0.370535
0.345832
0.466231
0.36702
1.50219
0.397154
0.364213
0.307524
3.18115
1.78993
0.395065
3.42771
0.842261
0.461255
3.60998
2.70187
0.438656
0.39
0.329005
4.15015
0.389738
3.01778
3.80151
0.474817
4.00248
0.464547
4.51566
0.435976
0.281587
0.376695
0.764311
3.56556
3.78191
0.434626
4.19604
3.39731
0.476255
0.31234
0.324524
0.494773
0.468507
3.30878
0.395115
3.41232
4.76097
4.47226
0.321451
0.388045
0.432869
0.473855
0.352312
0.436206
4.06357
2.61617
3.87586
0.306886
2.17462
0.512933
0.46396
0.443847
0.341403
3.82186
0.413284
4.2704
4.68526
0.318748
1.05535
0.505387
0.506261
0.48114
0.396599
3.90664
0.317381
4.23425
3.84435
0.314444
0.600137
0.497734
0.484091
0.412916
0.320741
3.47909
0.322732
4.33302
