21.718
21.817
21.904
21.996
21.99
21.886
22.038
22.041
21.823
22.099
22.667
23.149
22.114
21.945
21.793
22.352
21.753
22.849
23.037
23.058
22
23.635
22.97
22.235
23.258
21.9
21.873
22.779
23.601
23.403
23.177
22.076
22.029
23.773
24.033
21.996
23.485
23.85
22.743
22.29
22.173
22.134
24.308
24.079
23.23
23.828
22.108
23.462
22.66
22.187
22.21
24.54
23.973
23.602
22.191
22.498
22.195
24.343
23.175
22.227
22.248
22.258
22.231
24.754
24.074
22.287
23.311
24.409
23.582
22.274
22.271
24.101
22.287
22.288
22.294
23.636
24.8
24.632
23.185
22.285
22.289
24.319
24.892
22.288
22.288
23.598
22.29
24.716
22.286
22.728
24.241
22.293
22.295
25.274
22.292
22.295
23.735
22.292
24.934
22.292
24.377
22.286
22.298
25.192
22.292
22.292
23.734
22.293
24.988
22.295
24.267
22.29
22.295
22.292
25.508
23.533
22.294
22.289
25.26
22.292
24.416
22.296
22.291
22.292
23.477
25.6
22.295
25.517
22.291
22.291
24.719
22.288
22.292
22.293
25.963
22.297
22.515
25.523
22.297
22.292
25.471
22.292
22.291
22.29
22.286
26.023
22.294
26.103
22.294
22.295
25.68
22.29
22.298
22.291
22.294
26.109
22.291
22.29
26.133
22.296
26.115
22.296
22.295
22.294
22.289
26.411
22.291
22.291
26.509
22.297
26.763
22.295
22.297
22.29
22.289
22.291
22.293
26.288
22.29
26.275
26.724
22.295
24.585
22.292
22.292
22.294
22.296
22.297
26.491
26.515
26.894
22.292
22.293
24.747
22.296
22.293
22.293
26.319
22.296
26.699
26.92
22.295
22.297
25.016
22.294
26.641
22.29
22.293
22.29
26.828
