21.914
21.911
21.928
21.913
22.023
21.994
21.964
21.927
21.872
21.894
21.79
21.794
21.773
21.801
21.787
21.748
21.879
21.784
21.855
21.856
21.721
21.708
21.683
21.915
21.639
21.632
21.792
21.656
21.85
21.86
21.623
21.813
21.782
21.916
21.738
21.549
21.856
21.692
21.946
21.828
21.811
21.662
21.737
21.88
21.771
21.681
22.003
21.916
21.567
21.939
21.679
21.914
21.97
21.806
21.886
22.073
21.74
22.079
21.61
22.002
21.653
22.025
21.965
22.218
22.075
21.842
21.581
21.845
21.738
22.182
21.634
21.806
22.084
22.005
22.223
22.145
21.939
21.697
21.615
22.134
21.618
22.083
21.795
21.965
22.27
21.885
22.306
21.713
22.16
21.55
21.671
21.759
22.029
21.938
22.387
22.267
21.833
22.184
21.698
21.564
21.682
21.778
22.444
22.031
21.923
21.838
22.276
21.64
21.734
22.171
21.677
21.794
22.43
21.877
21.981
22.046
22.149
22.192
21.766
21.651
21.739
22.551
21.811
21.849
22.061
21.96
22.298
22.173
21.684
21.772
21.756
22.59
21.839
21.923
21.875
22.049
22.135
21.692
22.445
21.798
