0.242569
0.119249
0.278555
0.0805722
0.323357
0.158638
0.44049
0.200896
0.401293
0.363059
0.29039
0.326872
0.276535
0.364206
0.205588
0.162286
0.334204
0.244984
0.342918
0.354584
0.167633
0.183693
0.182574
0.241658
0.220805
0.128008
0.2255
0.202194
0.23529
0.222145
0.231147
0.141234
0.207668
0.26013
0.251062
0.189545
0.30196
0.290775
0.105618
0.33341
0.118788
0.039596
0.128687
0.108889
0.029697
0.168283
0.178182
0.148485
0.158384
0.118788
0.0989899
0.138586
0.148485
0.128687
0.138586
0.0890909
0.128687
0.0890909
0.148485
0.178182
0.0890909
0.148485
0.138586
0.138586
0.158384
0.168283
0.128687
0.188081
0.109144
0.217778
0.0989899
0.148485
0.108889
0.0989899
0.118788
0.0791919
0.148485
0.0989899
0.138586
0.0890909
0.0989899
0.0989899
0.118788
0.148485
0.148485
0.118788
0.158384
0.188081
0.138586
0.168283
0.148485
0.138586
0.138586
0.128687
0.108889
0.118788
0.217778
0.128687
0.158384
0.158384
0.0890909
0.0791919
0.19798
0.0890909
0.0593939
0.128687
0.168283
0.118788
0.108889
0.0692929
0.128687
0.158384
0.0494949
0.138586
0.108889
0.0890909
0.0989899
0.158384
0.0890909
0.108889
0.158384
0.128687
0.0989899
0.118788
0.108889
0.158384
0.108889
0.108889
0.108889
0.168283
0.0989899
0.0989899
0.128687
0.188081
0.0791919
0.148485
0.0989899
0.138586
0.138586
0.108889
