21.748
21.919
21.923
22.048
22.05
21.81
21.998
21.777
22.009
22.104
23.677
22.927
22.264
22.008
23.035
23.478
21.895
21.9
22.588
23.397
22.189
24.164
23.071
22.111
22.154
22.571
23.41
22.199
23.88
23.658
22.994
22.295
22.274
23.713
23.419
22.246
24.072
24.182
22.297
22.296
24.38
22.3
23.701
24.188
23.559
22.299
22.448
22.3
22.299
22.298
24.493
22.3
23.721
22.299
22.3
22.3
23.147
24.145
22.299
22.3
22.299
22.3
22.3
23.811
24.385
22.298
22.3
24.175
22.299
22.299
22.3
23.922
22.298
22.3
22.3
22.3
24.413
24.17
22.3
22.3
23.483
22.3
22.3
24.213
22.298
22.3
22.3
22.3
24.219
22.3
22.3
22.299
22.3
24.622
22.299
22.299
22.299
22.3
24.039
22.299
22.3
22.299
22.299
24.413
22.3
22.3
22.298
22.299
24.402
22.298
22.3
22.3
22.3
22.3
22.3
25.001
22.299
22.3
24.155
22.3
22.299
22.3
22.298
22.299
24.929
22.3
22.3
24.027
22.3
22.3
22.298
22.3
22.3
22.3
25.087
22.3
22.3
22.697
22.3
22.3
22.3
22.3
22.3
22.3
22.3
25.151
22.3
22.3
22.3
22.3
22.3
22.299
22.3
22.3
22.299
25.944
22.3
22.3
22.299
22.298
22.299
22.3
22.3
22.3
22.299
25.808
22.3
22.299
22.3
22.3
22.299
22.3
22.3
22.299
22.299
22.299
22.299
26.313
22.3
22.3
22.3
22.299
22.3
22.3
22.3
22.299
22.3
22.298
26.45
22.976
22.298
22.3
22.3
22.298
22.299
22.3
22.3
27.055
22.3
24.154
22.3
22.299
22.3
22.3
22.299
26.808
22.3
22.3
22.299
24.632
