0.271899
0.0699616
0.150787
0.383835
0.35294
0.190807
0.107945
0.310961
0.425184
0.230355
0.237104
0.156581
0.272048
0.0745322
0.433721
0.114946
0.310846
0.191826
0.35471
0.389021
0.240926
0.200996
0.119384
0.278108
0.426558
0.0795241
0.159506
0.317833
0.356624
0.393842
0.124114
0.283522
0.243636
0.203271
0.423071
0.0854056
0.16536
0.326279
0.396396
0.364905
0.127956
0.290485
0.327378
0.208801
0.247578
0.168445
0.393693
0.423677
0.0889148
0.371196
0.149235
0.335228
0.307623
0.402225
0.231389
0.193572
0.384331
0.270617
0.110667
0.357274
0.169809
0.342715
0.31537
0.405481
0.25109
0.287378
0.386424
0.131305
0.211356
0.366198
0.191941
0.270588
0.355162
0.333649
0.404602
0.307779
0.38772
0.233099
0.150265
0.368924
0.188344
0.359278
0.277592
0.343603
0.408871
0.390291
0.313066
0.239462
0.134414
0.370746
0.191917
0.292593
0.372135
0.407523
0.395548
0.346378
0.315022
0.236707
0.382138
0.14181
0.252796
0.320917
0.443891
0.403813
0.354997
0.376385
0.430763
0.422216
0.207355
0.290899
0.200474
0.416381
0.307213
0.357462
0.343939
0.367954
0.408991
0.26086
0.384739
0.130221
0.27539
0.436167
0.342668
0.376116
0.359868
0.392675
0.213019
0.426172
0.42253
0.309554
0.1455
0.394359
0.248867
0.337632
0.331296
0.355358
0.370692
0.0983237
0.379769
0.19686
