4.11682e-16
4.47545e-16
2.1065e-16
3.44885e-16
5.26625e-16
4.996e-16
1.11022e-16
2.45758e-16
1.79018e-16
1.05325e-16
6.08094e-17
4.96507e-17
8.59975e-17
9.77375e-17
1.11022e-16
5.26625e-17
1.11022e-16
1.11022e-16
1.11022e-16
1.11022e-16
5.55112e-17
5.55112e-17
5.55112e-17
5.55112e-17
4.29988e-17
2.12108e-16
5.55112e-17
5.55112e-17
5.55112e-17
5.55112e-17
0
0
0
0
0
0
0
0
0
0
0
0
0
0
0
0
0
0
0
0
0
0
0
0
0
0
0
0
0
0
0
0
0
0
0
0
0
0
0
0
0
0
0
0
0
0
0
0
0
0
0
0
0
0
0
0
0
0
0
0
0
0
0
0
0
0
0
0
0
0
0
0
0
0
0
0
0
0
0
0
0
0
0
0
0
0
0
0
0
0
0
0
0
0
0
0
0
0
0
0
0
0
0
0
0
0
0
0
0
0
