21.42
21.06
21.18
21.63
21.25
21.56
21.5
21.35
21.1
21.68
21.36
21.18
21.46
20.96
21.68
21.07
21.52
21.28
21.58
21.62
21.32
21.25
21.03
21.41
21.63
20.91
21.15
21.47
21.61
21.54
21
21.39
21.3
21.23
21.62
20.87
21.11
21.45
21.58
21.5
20.98
21.37
21.45
21.2
21.29
21.07
21.58
21.59
20.85
21.5
20.97
21.41
21.36
21.59
21.17
21.06
21.54
21.26
20.86
21.48
21.04
21.4
21.35
21.66
21.21
21.29
21.55
20.96
21.11
21.48
21.09
21.25
21.39
21.36
21.85
21.56
21.3
21.15
21.05
21.47
21.17
21.43
21.29
21.38
21.73
21.58
21.34
21.25
21.1
21.46
21.25
21.35
21.46
21.66
21.41
21.49
21.38
21.29
21.48
21.19
21.3
21.38
21.72
21.48
21.41
21.46
21.5
21.49
21.26
21.35
21.36
21.55
21.42
21.46
21.48
21.49
21.53
21.5
21.39
21.32
21.39
21.56
21.46
21.49
21.48
21.5
21.53
21.38
21.55
21.44
21.44
21.56
21.48
21.51
21.5
21.53
21.56
21.4
21.56
21.46
