0.303974
0.665132
0.524976
0.436005
0.215407
0.2498
0.352704
0.266271
0.622896
0.218174
0.49558
0.49558
0.987978
0.49558
0.977804
0.49558
0.851117
0.49558
0.985901
1.11445
0.49558
0.49558
0.49558
0.49558
1.15308
0.49558
0.49558
1.08908
1.26131
1.40943
0.49558
0.49558
0.49558
0.49558
1.65723
0.49558
0.49558
0.49558
1.44503
1.23142
0.49558
0.49558
0.49558
0.49558
0.49558
0.49558
1.42141
1.73563
0.49558
0.49558
0.49558
0.49558
2.272
0.49558
0.49558
0.49558
3.2324
0.49558
0.49558
0.49558
0.49558
0.49558
0.49558
2.84368
0.49558
0.49558
3.72773
0.49558
0.49558
4.0286
0.49558
0.49558
4.22592
0.49558
2.87578
3.72714
0.49558
0.49558
0.49558
4.28747
0.49558
4.60526
0.49558
0.49558
2.89898
3.7369
0.49558
0.49558
0.49558
4.25089
0.49558
0.49558
4.52823
2.93102
0.49558
3.50544
0.49558
0.49558
4.11558
0.49558
0.49558
0.49558
2.9722
4.71339
0.49558
3.89281
3.52717
4.12815
0.49558
0.49558
0.49558
2.99038
0.49558
0.49558
4.96235
4.68739
3.54068
4.12815
0.49558
0.49558
0.49558
3.02273
0.49558
4.84278
0.49558
4.67548
4.14179
0.49558
3.58022
0.49558
0.49558
3.05477
0.49558
4.78264
0.49558
4.64957
4.1548
0.49558
3.58937
0.49558
