21.87
22.204
21.867
21.958
22.05
21.823
22.121
21.963
22.034
22.122
25.116
22.877
22.887
22.719
24.244
26.388
27.328
22.781
22.812
22.814
22.812
25.934
27.204
22.839
22.86
24.568
22.812
22.953
22.907
23.416
23.695
24.725
22.896
22.914
22.913
22.898
25.743
22.963
23.043
23.041
23.469
22.952
22.906
22.942
26.132
26.464
22.93
23.078
23.055
23.253
27.845
23.486
24.417
22.875
22.962
23.422
23.206
22.847
22.971
23.463
23.815
22.905
23.08
22.744
22.671
22.98
22.952
22.937
22.685
22.903
23.385
22.93
22.937
23.022
23.356
22.967
22.772
22.939
22.911
22.648
23
23.36
23.022
22.982
22.991
22.698
22.917
22.935
22.953
22.683
22.922
23.339
22.918
22.958
22.881
22.705
23.005
22.932
22.946
22.719
22.939
23.002
23.245
22.988
22.937
22.93
22.746
22.881
22.92
22.648
22.988
22.932
23.048
23.4
22.948
22.929
22.807
22.921
22.911
22.729
22.898
23.453
22.977
22.983
22.883
22.733
22.998
22.951
22.919
22.695
22.949
23.456
23.088
22.813
22.952
22.996
22.738
22.955
23.011
22.643
22.909
23.396
23.017
22.987
23.035
22.919
22.711
22.907
22.915
22.701
22.968
22.974
23.393
23.129
22.818
22.954
23.092
22.981
22.975
22.746
22.941
22.955
23.052
23.482
22.736
23.02
23.02
22.898
22.674
22.937
22.938
23.393
22.992
23.132
22.751
22.876
22.923
22.715
22.924
22.979
22.917
23.409
23.027
23.046
22.687
23.067
22.97
22.978
22.63
22.961
22.945
23.388
23.065
22.93
22.954
22.939
22.761
23.022
22.658
22.93
22.953
23.483
22.972
22.964
22.949
22.902
22.708
22.696
22.651
22.968
