0.146736
0.0506276
0.324417
0.0287766
0.185575
0.210901
0.260915
0.0851647
0.298915
0.110118
0.0940373
0.0448227
0.105845
0.0619014
0.125339
0.0294175
0.177983
0.0727083
0.165655
0.143791
0.0609332
0.0639115
0.0503663
0.113116
0.0281287
0.0182225
0.0790887
0.0353607
0.0912086
0.0999135
0.0216775
0.0539831
0.0462443
0.035122
0.0892066
0.0133593
0.0582711
0.0293157
0.0804681
0.0755416
0.0451731
0.0178612
0.030974
0.0522354
0.0374097
0.0207304
0.0762484
0.0696081
0.0118032
0.0609484
0.00977135
0.0255939
0.0334254
0.0210491
0.0169567
0.0425925
0.0136756
0.0360286
0.00630325
0.0369821
0.00709632
0.0227524
0.0185625
0.0383233
0.0285399
0.0162796
0.00487602
0.0125777
0.0100928
0.0209255
0.0057352
0.00944448
0.0170323
0.015755
0.110058
0.0286288
0.0128539
0.00790671
0.00386108
0.020234
0.0043642
0.0155654
0.00847021
0.0140148
0.193611
0.00890018
0.0200044
0.00636087
0.002981
0.0169635
0.00420088
0.00780451
0.0125626
0.104234
0.011106
0.0181925
0.00907009
0.0143559
0.005573
0.00257588
0.00344842
0.00641108
0.269439
0.0107335
0.00922002
0.00769235
0.0143889
0.00208303
0.0048651
0.0150097
0.00304506
0.00547485
0.103438
0.00735547
0.00910021
0.00978461
0.0169947
0.0130299
0.00413315
0.00197904
0.00290226
0.0137195
0.005236
0.00703713
0.00956253
0.00764582
0.0966475
0.00193824
0.00394709
0.00938611
0.0025995
0.0150004
0.00496346
0.00726341
0.00540539
0.00833211
0.00974849
0.00178102
0.095093
0.00379017
