0.5
0.66
0.34
0.18
0.74
0.58
0.82
0.42
0.26
0.9
0.58
0.902041
0.42
0.662041
0.34
0.18
0.26
0.822041
0.5
0.742041
0.34
0.904082
0.58
0.18
0.5
0.26
0.664082
0.42
0.824082
0.744082
0.58
0.34
0.26
0.746122
0.666122
0.826122
0.18
0.906122
0.5
0.42
0.34
0.908163
0.748163
0.828163
0.26
0.668163
0.580043
0.18
0.5
0.42
0.910204
0.750204
0.26
0.18
0.34
0.5
0.670204
0.830204
0.580328
0.42
0.26
0.18
0.34
0.752245
0.912245
0.5
0.672245
0.832245
0.580461
0.42
0.18
0.754286
0.26
0.674286
0.5
0.34
0.914286
0.834286
0.42
0.580085
0.756327
0.18
0.34
0.916327
0.26
0.5
0.676327
0.42
0.836327
0.580485
0.758367
0.18
0.34
0.918367
0.5
0.26
0.678367
0.42
0.838367
0.580332
0.760408
0.18
0.34
0.920408
0.26
0.5
0.680408
0.42
0.840408
0.600408
0.762449
0.34
0.26
0.682449
0.18
0.922449
0.5
0.42
0.842449
0.602449
0.76449
0.26
0.34
0.18
0.92449
0.68449
0.5
0.84449
0.42
0.60449
0.766531
0.18
0.26
0.34
0.926531
0.5
0.686531
0.846531
0.42
0.606531
0.768571
0.18
0.34
0.26
0.688571
0.928571
0.5
0.848571
0.42
0.608571
0.770612
0.18
0.690612
0.34
0.26
0.930612
0.5
0.42
0.850612
0.610612
0.772653
0.692653
0.34
0.18
0.500155
0.932653
0.26
0.42
0.852653
0.612653
0.774694
0.694694
0.34
0.18
0.5
0.26
0.42
0.934694
0.614694
0.854694
0.776735
0.18
0.696735
0.34
0.5
0.42
0.26
0.616735
0.936735
0.856735
0.778776
0.18
0.34
0.698776
0.5
0.26
0.42
0.938776
0.618776
0.858776
0.780816
0.18
0.34
0.700816
0.42
0.940816
0.500429
0.26
0.620816
0.860816
