0.00581101
0.000781923
0.00563676
0.00254979
0.00711528
0.00819042
0.00530451
0.00207765
0.00804852
0.00561446
0.00446333
0.00458323
0.00367382
0.00361721
0.00874919
0.00430194
0.00160162
0.00300265
0.00583116
0.00411611
0.00128841
0.00324655
0.00408031
0.0150262
0.00234953
0.00140663
0.0024716
0.0096465
0.00771243
0.0102947
0.00427115
0.00122549
0.00386426
0.00775548
0.0064797
0.00357584
0.00569451
0.00486545
0.000695711
0.00655916
0.00290365
0.00717252
0.00625447
0.00627125
0.00344097
0.00807205
0.00469483
0.00868582
0.00288711
0.00524235
0.00300858
0.00663072
0.00945982
0.0086016
0.00391591
0.00210494
0.00350456
0.000905841
0.00333744
0.0076601
0.00160215
0.00307462
0.0061046
0.00821337
0.00604266
0.00371708
0.00769146
0.00170329
0.00131643
0.00854629
0.00235036
0.00687708
0.00632737
0.00454587
0.0075476
0.00391026
0.0113294
0.00315554
0.00180828
0.00966303
0.00116186
0.0010791
0.00481629
0.00579361
0.0097615
0.00600725
0.0065765
0.00874764
0.00315471
0.00134064
0.00183456
0.00395917
0.0106817
0.00467555
0.00525816
0.00572172
0.00512967
0.00112466
0.0023424
0.00520003
0.00225637
0.00862781
0.00369108
0.00324765
0.00533863
0.0117217
0.0071741
0.00499643
0.0031407
0.00200755
0.00427383
0.00486238
0.00427908
0.0060042
0.0051792
0.00418087
0.0088606
0.00375899
0.00796711
0.00208195
0.00247669
0.00894179
0.00628616
0.00446274
0.00992255
0.00418797
0.00190769
0.00149398
0.00195004
0.00598045
0.00190931
0.00307922
0.00627085
0.00419125
0.00469541
0.00771054
0.00894727
0.00320667
0.00123662
0.0069693
