0.479592
0.239592
0.879592
0.159592
0.559592
0.319592
0.639592
0.719592
0.399592
0.799592
0.483837
0.243692
0.56388
0.163642
0.323743
0.884003
0.643918
0.403791
0.803979
0.723951
0.487663
0.567822
0.407486
0.88827
0.247085
0.166865
0.647961
0.327293
0.728082
0.808184
0.249944
0.571493
0.491164
0.410795
0.892014
0.16947
0.651781
0.330387
0.81224
0.732029
0.574945
0.252411
0.413803
0.655417
0.494407
0.333135
0.862822
0.816171
0.171639
0.735824
0.259887
0.587167
0.668599
0.50556
0.423792
0.341889
0.746051
0.746051
0.177832
0.746051
0.265216
0.629281
0.597667
0.629281
0.629281
0.514803
0.431725
0.181968
0.3485
0.629281
0.269383
0.438401
0.512511
0.512511
0.512511
0.512511
0.512511
0.353871
0.185076
0.512511
0.272815
0.395741
0.395741
0.395741
0.395741
0.395741
0.395741
0.358424
0.187565
0.395741
0.275739
0.278971
0.278971
0.278971
0.278971
0.278971
0.278971
0.278971
0.278971
0.189641
0.1622
0.1622
0.1622
0.1622
0.1622
0.1622
0.1622
0.1622
0.1622
0.1622
0.0454302
0.0454302
0.0454302
0.0454302
0.0454302
0.0454302
0.0454302
0.0454302
0.0454302
0.0454302
0
0
0
0
0
0
0
0
0
0
0
0
0
0
0
0
0
0
0
0
