0.00479645
0.0063388
0.00270413
0.00132566
0.000677874
0.000351697
0.000178983
0.000147359
4.56967e-05
2.24013e-05
1.13877e-05
0.00768991
0.00911042
0.00391819
0.00175491
0.00102206
0.000481981
0.000268785
0.000138701
6.32254e-05
4.47527e-05
1.5432e-05
0.0110243
0.0121498
0.0054294
0.00234812
0.00132508
0.000601963
0.000308323
0.000155555
7.72818e-05
3.77291e-05
1.85975e-05
0.014703
0.0143349
0.00599287
0.00312691
0.00171912
0.000787181
0.000459959
0.000175006
8.6203e-05
4.24337e-05
2.68639e-05
0.0185717
0.0160144
0.0068505
0.00330671
0.00153987
0.000848932
0.000387274
0.000189262
0.00011724
5.76347e-05
2.25658e-05
0.0224404
0.0178118
0.00714661
0.00341308
0.00165218
0.000811299
0.000410319
0.000200233
0.000100785
4.92278e-05
2.37713e-05
0.0261191
0.0193191
0.00761753
0.00378472
0.0016791
0.000840194
0.000423808
0.000207885
0.00010457
5.32e-05
3.01579e-05
0.0294535
0.0206807
0.00845751
0.00370163
0.00172941
0.000863645
0.00043492
0.000215103
0.000127925
5.17109e-05
2.65359e-05
0.0323469
0.0208825
0.00827325
0.00373215
0.00187084
0.000894575
0.00044098
0.000217987
0.00010708
5.24517e-05
3.11276e-05
0.0347644
0.0212723
0.00843493
0.00368385
0.00188547
0.000920732
0.000486609
0.00022299
0.000108605
5.31679e-05
2.60746e-05
