0.388889
0.148889
0.0688889
0.468889
0.548889
0.228889
0.788889
0.628889
0.308889
0.708889
0.638889
0.39678
0.718889
0.478547
0.798889
0.318889
0.888889
0.558889
0.888889
0.878889
0.888889
0.888889
0.808889
0.888889
0.604251
0.551822
0.888889
0.728889
0.888889
0.888889
0.364667
0.453756
0.361667
0.362489
0.888889
0.248889
0.888889
0.356089
0.888889
0.888889
0.266667
0.248889
0.248889
0.888889
0.231111
0.222222
0.888889
0.888889
0.284444
0.888889
0.257778
0.266667
0.888889
0.24
0.24
0.888889
0.231111
0.888889
0.417778
0.888889
0.284444
0.888889
0.257778
0.888889
0.888889
0.177778
0.337778
0.204444
0.177778
0.888889
0.222222
0.302222
0.888889
0.266667
0.888889
0.888889
0.266667
0.177778
0.4
0.888889
0.177778
0.888889
0.24
0.302222
0.888889
0.213333
0.888889
0.213333
0.355556
0.888889
0.177778
0.311111
0.888889
0.888889
0.311111
0.888889
0.213333
0.888889
0.24
0.337778
0.248889
0.32
0.888889
0.888889
0.328889
0.311111
0.888889
0.408889
0.248889
0.888889
0.275556
0.337778
0.888889
0.257778
0.32
0.888889
0.888889
0.888889
0.177778
0.373333
0.204444
0.888889
0.204444
0.222222
0.888889
0.32
0.888889
0.275556
0.24
0.888889
0.231111
0.888889
0.266667
0.284444
0.293333
0.888889
0.888889
0.373333
0.888889
0.248889
