0.261362
0.00476212
0.0774065
0.185331
0.109386
0
0.00119386
0.151088
0.226159
0.0429849
0.129482
0.0291437
0.167022
0
0.19995
0.0468693
0.288859
0.0867911
0.26257
0.260751
0.142796
0.219979
0.13669
0.332064
0.0540576
0.0126275
0.230157
0.100861
0.218082
0.299863
0.0764832
0.216841
0.169809
0.364733
0.142692
0.0283559
0.247415
0.106885
0.319552
0.270285
0.177291
0.0747096
0.152655
0.242803
0.16811
0.131891
0.308909
0.273143
0.0435066
0.282711
0.101304
0.249777
0.274351
0.193773
0.216511
0.313067
0.126149
0.345771
0.0616156
0.265201
0.0931279
0.278364
0.21648
0.361924
0.279328
0.213073
0.0670302
0.186853
0.121341
0.287582
0.0888236
0.149224
0.270214
0.222743
0.312451
0.253107
0.179106
0.112054
0.0628444
0.275106
0.0934534
0.250044
0.16073
0.187165
0.332427
0.174323
0.292282
0.11362
0.315943
0.0616487
0.0875763
0.146656
0.280506
0.261158
0.378625
0.272986
0.156859
0.264879
0.128694
0.060967
0.0901025
0.115651
0.360384
0.273347
0.184684
0.170579
0.345837
0.0526862
0.109638
0.317514
0.0892996
0.171827
0.423854
0.183956
0.285322
0.29252
0.367595
0.393092
0.12413
0.046315
0.079763
0.445192
0.168054
0.225608
0.302533
0.216417
0.274533
0.460203
0.100627
0.0502856
0.0746557
0.488227
0.185465
0.28586
0.257771
0.253957
0.369361
0.0376514
0.42006
0.12796
