21.789
21.875
22.026
21.759
21.899
21.858
22.126
21.94
21.798
22.024
21.808
21.74
22.087
21.896
22.035
21.564
22.116
21.74
22.025
21.991
22.378
22.454
21.81
21.765
22.222
21.841
22.102
21.869
22.079
22.123
21.714
22.356
22.501
22.253
22.28
21.918
22.183
21.851
22.249
22.233
22.395
21.98
22.508
22.259
22.968
22.436
22.383
22.318
22.478
22.255
23.382
22.643
22.426
23.021
22.71
22.563
23.077
22.578
25.479
22.61
22.006
22.654
22.829
22.664
22.665
22.824
21.9
22.925
23.423
22.682
24.324
23.334
22.809
23.036
22.699
22.798
23.162
23.415
25.983
22.74
24.367
22.847
23.846
23.551
22.733
23.778
22.787
24.055
24.633
22.859
22.459
22.316
22.957
22.776
22.289
22.824
22.266
22.83
22.325
22.488
22.504
22.3
22.759
22.907
22.207
22.199
22.771
22.493
22.249
22.834
22.479
22.339
22.811
22.224
22.316
23.068
22.818
22.897
22.28
22.602
22.324
22.85
22.308
22.246
23.067
22.267
22.808
22.412
22.237
22.911
22.346
22.84
22.29
22.255
22.237
23.08
22.933
22.596
22.819
22.362
