0
0.0116854
0.00392106
0.00487706
0
0
0
0
0
0
0
0
0.0175476
0.00879811
0.00392106
0
0
0
0
0
0
0
0
0.0243757
0.00879811
0.00392106
0
0
0
0
0
0
0
0
0.0302087
0.00784211
0.00392106
0
0
0
0
0
0
0
0
0.0302183
0.00879811
0.00392106
0
0
0
0
0
0
0
0
0.0292623
0.00784211
0.00392106
0
0
0
0
0
0
0
0.0487706
0.0302183
0.00784211
0.00392106
0
0
0
0
0
0
0
0.0487706
0.0321303
0.00879811
0.00392106
0
0
0
0
0
0
0
0.0487706
0.0302183
0.00784211
0.00392106
0
0
0
0
0
0
0
0.0487706
0.0302183
0.00975412
0.00392106
0
0
0
0
0
0
0
