21.36
21.44
21.06
21.1
21.27
21.18
21.64
21.56
21.51
21.68
21.49
21.78
21.29
21.14
21.01
21.4
20.88
21.59
21.67
21.75
21.18
22.3
21.99
22.14
21.65
20.97
20.83
21.88
22.25
22.22
22.44
21.67
21.04
22.55
22.72
20.91
22.52
22.69
22.23
22.08
21.98
21.09
23.05
22.67
22.88
22.86
21
22.85
22.59
22.3
22.11
23.3
23.15
23.14
21.05
21.09
23.14
22.89
22.95
22.57
21.17
22.29
21.14
23.32
23.37
22.98
23.2
23.36
23.38
22.82
21.2
23.58
21.25
22.41
23.2
23.42
23.51
23.52
23.45
23.04
21.27
23.74
23.65
22.37
21.3
23.58
23.42
23.68
23.08
23.65
23.87
21.31
22.54
23.78
21.36
23.65
23.75
23.28
23.83
23.83
24.01
21.36
22.58
23.9
21.39
23.85
23.88
23.5
23.96
23.99
24.13
22.66
21.4
21.44
24
24.23
24.01
23.75
24.04
24.13
24.22
21.46
22.59
21.44
24.34
24.09
24.42
24.13
24.26
24.25
24.33
21.46
21.48
21.5
24.17
24.56
24.44
24.23
24.49
24.34
24.38
21.48
21.51
21.5
24.52
24.25
24.66
24.31
24.67
24.44
24.46
21.5
23.57
24.59
21.52
24.31
24.75
24.75
24.37
24.5
24.52
24.67
21.53
24.38
24.81
24.38
21.54
24.83
24.43
24.84
24.58
24.71
24.99
21.55
24.87
21.56
25.22
24.42
24.9
24.5
24.63
21.56
24.78
25.27
24.92
25.28
22.17
24.94
24.5
24.54
24.69
21.56
25.29
24.82
24.96
23.44
25.32
24.53
24.99
24.61
24.74
21.56
25.31
24.85
25.36
24.58
25
23.94
25.04
24.65
