21.62
21.36
21.67
21.4
21.55
21.73
21.83
21.5
21.45
21.78
21.58
21.58
21.58
21.58
21.58
21.58
21.58
21.58
21.58
21.58
21.58
21.58
21.58
21.58
21.58
21.58
21.58
21.58
21.58
21.58
21.58
21.58
21.58
21.58
21.58
21.58
21.58
21.58
21.58
21.58
21.58
21.58
21.58
21.58
21.58
21.58
21.58
21.58
21.58
21.58
21.58
21.58
21.58
21.58
21.58
21.58
21.58
21.58
21.58
21.58
21.58
21.58
21.58
21.58
21.58
21.58
21.58
21.58
21.58
21.58
21.58
21.58
21.58
21.58
21.58
21.58
21.58
21.58
21.58
21.58
21.58
21.58
21.58
21.58
21.58
21.58
21.58
21.58
21.58
21.58
21.58
21.58
21.58
21.58
21.58
21.58
21.58
21.58
21.58
21.58
21.58
21.58
21.58
21.58
21.58
21.58
21.58
21.58
21.58
21.58
21.58
21.58
21.58
21.58
21.58
21.58
21.58
21.58
21.58
21.58
21.58
21.58
21.58
21.58
21.58
21.58
21.58
21.58
21.58
21.58
21.58
21.58
21.58
21.58
21.58
21.58
21.58
21.58
21.58
21.58
