21.56
21.41
21.36
21.62
21.67
21.45
21.87
21.74
21.51
21.8
29.3
21.05
21.76
21.13
21.69
20.93
21.87
28.34
21.79
21.74
29.34
21.82
28.92
26.94
21.97
25.81
21.82
27.86
21.84
21.91
27.36
21.98
29.21
28.94
22.09
26.42
21.98
27.91
22.03
21.99
22.08
26.7
28.8
22.08
22.08
27.54
22.15
22.11
25.97
22.08
28
22.08
22.1
22.1
22.08
22.15
29.22
22.16
27.02
22.15
28.59
22.17
22.12
22.15
22.16
22.09
28.53
22.1
22.12
22.17
22.26
22.12
22.17
22.17
22.15
22.16
22.15
22.12
22.35
22.17
22.26
22.17
22.19
22.17
22.15
22.17
22.16
22.17
22.35
22.17
22.33
22.21
22.17
22.15
22.17
22.16
22.17
22.17
22.23
22.36
22.37
22.21
22.15
22.17
22.17
22.17
22.16
22.42
22.23
22.17
22.37
22.21
22.15
22.17
22.17
22.17
22.16
22.17
22.23
22.44
22.37
22.15
22.21
22.17
22.17
22.17
22.16
22.44
22.23
22.17
22.37
22.15
22.21
22.17
22.17
22.17
22.17
22.44
22.16
22.23
