22.065
22.095
22.042
22.116
22.066
22.062
22.089
22.041
22.038
22.079
22.068
21.969
22.099
21.935
22.003
22.12
22.185
22.04
22.159
22.153
22.209
22.221
22.208
22.249
22.176
22.173
22.224
22.196
22.237
22.255
22.283
22.281
22.29
22.288
22.287
22.279
22.29
22.279
22.293
22.292
22.288
22.294
22.294
22.288
22.291
22.292
22.293
22.294
22.296
22.293
22.294
22.296
22.29
22.29
22.292
22.295
22.291
22.293
22.294
22.294
22.295
22.297
22.293
22.29
22.298
22.292
22.292
22.297
22.297
22.295
22.291
22.292
22.291
22.291
22.29
22.292
22.291
22.294
22.293
22.294
22.296
22.288
22.291
22.292
22.296
22.294
22.294
22.294
22.288
22.297
22.295
22.294
22.294
22.291
22.293
22.293
22.291
22.29
22.292
22.295
22.294
22.296
22.294
22.288
22.295
22.294
22.296
22.294
22.292
22.295
22.291
22.293
22.438
22.294
22.294
22.296
22.294
22.297
22.289
22.291
22.297
22.293
22.295
22.291
22.295
22.295
22.296
22.293
22.294
22.29
22.294
22.292
22.296
22.287
22.294
22.294
22.292
22.29
22.294
22.294
