21.614
22.012
21.797
21.746
21.859
21.951
21.87
21.744
21.778
21.971
21.73
21.663
21.776
21.732
21.884
21.625
22.012
21.658
21.944
21.918
21.793
21.86
21.727
22.061
21.564
21.612
21.876
21.671
21.913
21.965
21.615
21.882
21.855
22.059
21.76
21.556
21.913
21.711
22.055
21.986
21.946
21.671
21.818
22.039
21.863
21.712
22.118
22.081
21.585
22.062
21.771
22.171
22.353
21.901
22.075
22.466
21.838
22.513
21.657
22.413
21.791
22.713
22.566
22.944
22.83
22.357
21.609
22.166
22.031
22.826
21.813
22.377
23.105
22.923
23.197
23.122
22.718
22.105
21.612
23.183
21.784
23.281
22.504
23.244
23.473
22.842
23.551
22.123
23.38
21.641
21.757
22.742
23.55
23.458
23.702
23.596
23.215
23.624
22.203
21.627
21.76
23.116
23.825
23.816
23.7
23.424
23.755
21.653
22.27
23.824
21.752
23.299
24.057
23.881
24.022
24.074
23.884
24.029
22.208
21.678
21.761
24.062
23.538
24.035
24.147
24.269
24.121
24.15
21.733
22.291
21.817
24.246
23.992
24.265
24.441
24.45
24.449
21.752
24.32
22.236
