0.00868198
0.00265526
0.00406347
0.00661101
0.0102349
0.00763592
0.00926913
0.0061341
0.0160482
0.0129105
0.0155391
0.00596031
0.0262916
0.0246852
0.00909313
0.0268133
0.0281465
0.0256736
0.0217084
0.022331
0.116685
0.17221
0.123551
0.00939172
0.0114642
0.153326
0.00583883
0.109225
0.00934189
0.154658
0.22707
0.228348
0.0139366
0.303273
0.306915
0.00221392
0.00260846
0.00565955
0.228
0.00716404
0
0
0
0
0
0.299994
0
0
0
0
0
0
0
0
0
0.29999
0
0.299996
0
0
0
0
0
0
0
0
0
0.299999
0
0
0
0
0
0
0
0.299997
0
0
0
0
0
0
0
0
0
0
0
0
0
0
0
0
0.299994
0
0
0
0
0
0
0.299993
0
0
0
0
0.299999
0
0
0
0.299998
0
0.29999
0
0
0
0
0
0
0
0
0
0
0
0
0
0
0
0.299997
0
0
0
0
0
0
0
0
0
0.299995
0
0
0
