0.58
0.18
0.34
0.82
0.74
0.26
0.9
0.66
0.5
0.42
0.5
0.34
0.58
0.18
0.905102
0.26
0.665102
0.42
0.745102
0.825102
0.5
0.42
0.26
0.580189
0.910204
0.18
0.34
0.670204
0.750204
0.830204
0.26
0.581116
0.5
0.42
0.915306
0.18
0.34
0.675306
0.835306
0.755306
0.26
0.600408
0.680408
0.42
0.5
0.34
0.840408
0.920408
0.18
0.760408
0.26
0.700816
0.620816
0.940816
0.42
0.34
0.860816
0.500214
0.18
0.780816
0.26
0.721224
0.641224
0.961224
0.421364
0.502831
0.881224
0.18
0.34
0.801224
0.259792
0.421588
0.741633
0.661633
0.981633
0.5124
0.901633
0.339268
0.179634
0.821633
0.261788
0.762041
0.427557
0.682041
1
0.922041
0.602041
0.344189
0.183435
0.842041
0.260991
0.428136
0.782449
1
0.942449
0.702449
0.622449
0.34324
0.862449
0.180318
0.27232
0.448899
1
0.802857
0.642857
0.722857
0.962857
0.882857
0.183685
0.342453
0.264141
1
0.426913
0.743265
0.663265
0.823265
0.983265
0.350016
0.903265
0.185042
0.272987
1
0.603673
0.683673
0.763673
0.843673
0.923673
0.18229
1
0.360379
0.272396
1
0.624082
0.784082
0.704082
0.864082
0.944082
0.101553
1
0.371495
