0.5
0.26
0.58
0.18
0.34
0.9
0.74
0.66
0.42
0.82
0.633299
0.334002
0.728879
0.731793
0.231232
0.435628
0.731793
0.53551
0.731793
0.731793
0.463587
0.463587
0.463587
0.463587
0.411362
0.278678
0.463587
0.463587
0.463587
0.463587
0.19538
0.19538
0.19538
0.19538
0.19538
0.19538
0.19538
0.19538
0.19538
0.19538
4.30619e-46
2.23034e-46
5.64534e-46
2.19879e-46
1.70064e-46
2.24267e-46
3.73728e-46
3.56715e-46
4.16958e-46
3.41164e-46
6.14789e-46
2.98785e-46
2.40689e-46
1.96875e-46
2.96866e-46
2.08094e-46
3.17456e-46
2.95355e-46
3.52085e-46
5.56659e-46
4.44551e-46
3.76408e-46
5.64527e-46
1.79717e-46
1.68681e-46
2.17002e-46
7.61632e-46
4.00517e-46
3.12088e-46
2.93342e-46
1.82451e-46
2.54201e-46
6.17486e-46
3.23955e-46
5.39712e-46
2.498e-46
4.55588e-46
6.46824e-46
2.78703e-46
1.78171e-46
1.87799e-46
2.33948e-46
7.01538e-46
2.88593e-46
2.40051e-46
4.12354e-46
5.66755e-46
3.6919e-46
2.01415e-46
2.98972e-46
6.31881e-46
2.68564e-46
1.23591e-46
4.18643e-46
3.28432e-46
1.38556e-46
1.70942e-46
4.6948e-46
3.88187e-46
3.71944e-46
3.57586e-46
4.4535e-46
4.38531e-46
4.08496e-46
1.40093e-46
1.55984e-46
2.07366e-46
2.78382e-46
4.43569e-46
4.40628e-46
3.10552e-46
3.01668e-46
2.15219e-46
5.75859e-46
2.64434e-46
5.31837e-46
3.09492e-46
4.48202e-46
2.11788e-46
3.2438e-46
3.15707e-46
3.35216e-46
1.39733e-46
6.99386e-47
3.26276e-46
6.94597e-46
2.07559e-46
4.18283e-46
1.51957e-46
4.10761e-46
3.55818e-46
2.5871e-46
3.2488e-46
4.32391e-46
2.72689e-46
2.02194e-46
2.09816e-46
4.12445e-46
2.13151e-46
2.45287e-46
