21.36
21.36
21.36
21.36
21.94
21.94
21.36
21.94
21.36
21.94
22.51
28.34
22.51
22.51
27.7
28.44
22.51
22.51
22.51
22.51
23.18
23.18
23.18
23.18
23.18
23.18
23.18
23.18
23.18
23.18
23.58
23.58
23.58
23.58
23.58
23.58
23.58
23.58
23.58
23.58
23.85
23.85
23.85
23.85
23.85
23.85
23.85
23.85
23.85
23.85
24.44
24.44
24.44
24.44
24.44
24.44
24.44
24.44
24.44
24.44
24.82
24.82
24.82
24.82
24.82
24.82
24.82
24.82
24.82
24.82
25.09
25.09
25.09
25.09
25.09
25.09
25.09
25.09
25.09
25.09
25.32
25.32
25.32
25.32
25.32
25.32
25.32
25.32
25.32
25.32
25.48
25.48
25.48
25.48
25.48
25.48
25.48
25.48
25.48
25.48
25.45
25.45
25.45
25.45
25.45
25.45
25.45
25.45
25.45
25.45
25.56
25.56
25.56
25.56
25.56
25.56
25.56
25.56
25.56
25.56
25.69
25.69
25.69
25.69
25.69
25.69
25.69
25.69
25.69
25.69
25.8
25.8
25.8
25.8
25.8
25.8
25.8
25.8
25.8
25.8
