2.67377e-16
3.46667e-16
3.66384e-16
1.19239e-15
1.58182e-15
9.22221e-16
1.18435e-15
4.00297e-16
7.06105e-16
7.34763e-16
4.36884e-16
4.80837e-16
4.46166e-16
4.78685e-16
7.05669e-16
4.7817e-16
1.88738e-15
4.7817e-16
7.92469e-16
2.22045e-16
6.61026e-16
5.38315e-16
5.25688e-16
8.88178e-16
4.38327e-16
4.94423e-16
8.10919e-16
4.32275e-16
6.10522e-16
5.61185e-16
4.86127e-16
8.76795e-16
5.00463e-16
9.52368e-16
7.77156e-16
4.31668e-16
1.55217e-15
6.01112e-16
1.11022e-16
1.5612e-15
6.66134e-16
4.39416e-16
6.43953e-16
7.71984e-16
1.03275e-15
3.56224e-16
1.40433e-15
1.31738e-15
4.73475e-16
1.22125e-15
2.49183e-16
1.00068e-15
1.24795e-15
1.02293e-15
5.97564e-16
1.78214e-15
5.43896e-17
6.5173e-16
2.62727e-16
1.0495e-15
2.14402e-16
1.12643e-15
2.89617e-16
9.6084e-16
2.24803e-16
5.0157e-16
1.92996e-16
1.10047e-16
2.15638e-16
1.22588e-15
1.37803e-16
4.73475e-16
4.38362e-16
8.00978e-16
3.40569e-16
8.15844e-17
8.52616e-16
4.65765e-16
2.08389e-16
4.39205e-16
1.06489e-16
6.46222e-16
3.665e-16
2.58231e-16
5.48297e-16
4.46718e-16
6.66134e-16
5.05212e-16
2.3952e-16
5.57328e-16
9.93401e-17
3.19322e-16
2.20932e-16
8.88178e-16
6.37775e-17
7.3811e-16
7.46558e-16
1.10466e-16
1.25914e-16
1.21016e-16
8.60423e-17
3.23254e-16
1.49365e-16
6.27644e-16
6.06978e-16
1.78501e-16
7.93635e-16
1.40536e-16
4.25177e-16
4.05345e-16
2.20827e-16
2.53048e-16
1.0291e-15
5.30792e-16
1.65606e-16
4.21154e-16
1.22125e-15
2.34465e-16
1.75234e-16
9.87958e-17
3.63333e-16
9.77942e-16
4.52918e-16
9.36133e-16
5.15716e-16
3.72256e-16
6.34286e-16
1.13365e-16
8.71985e-17
8.62194e-16
2.63795e-16
8.70517e-16
4.28552e-16
3.53009e-16
3.88578e-16
2.1528e-16
3.72049e-16
1.01782e-16
1.01487e-15
2.14024e-16
