0.166973
0.0235976
0.00375691
0.19015
0.238362
0.0582922
0.352451
0.259837
0.113654
0.286237
0.164482
0.0292388
0.194887
0.0978905
0.255599
0.0132301
0.335221
0.120187
0.350299
0.312947
0.188845
0.226654
0.160237
0.0901406
0.372377
0.0415671
0.314252
0.1075
0.330156
0.370411
0.100012
0.282128
0.225092
0.194302
0.372921
0.0636995
0.316096
0.146912
0.352153
0.350692
0.306264
0.131724
0.209814
0.298781
0.276729
0.170227
0.37131
0.404297
0.0924376
0.335321
0.253146
0.365021
0.353842
0.326594
0.339102
0.415579
0.279836
0.445696
0.204777
0.449637
0.356772
0.476589
0.460449
0.516067
0.489313
0.44451
0.309627
0.407734
0.381901
0.499582
0.418891
0.429569
0.456343
0.4641
0.514806
0.584393
0.433206
0.427889
0.390985
0.47072
0.372341
0.660913
0.448686
0.460534
0.640948
0.57535
0.572679
0.4219
0.358177
0.65877
0.687977
0.759201
0.799734
0.845111
0.795947
0.808543
0.775876
0.82373
0.724312
0.635011
0.605131
0.763602
0.858782
0.844097
0.780389
0.705314
0.855299
0.685144
0.676468
0.842524
0.864858
0.868986
0.812049
0.71787
0.878148
0.803679
0.806483
0.882276
0.629857
0.690913
0.888889
0.888889
0.888889
0.888889
0.888889
0.888889
0.888889
0.888889
0.888889
0.888889
0.888889
0.888889
0.888889
0.888889
0.888889
0.888889
0.888889
0.888889
0.888889
0.888889
