0.0779572
0.0248201
0.0255669
0.102345
0.0746027
0.0354604
0.0927419
0.0349177
0.02713
0.093817
0.0422384
0.0112459
0.0280307
0.0377593
0.0863084
0.0166999
0.0453542
0.0429735
0.0420194
0.0560557
0.0686645
0.052537
0.0441046
0.0285798
0.0639077
0.0126238
0.0459176
0.020165
0.0509172
0.126261
0.0175039
0.101599
0.0755401
0.0270495
0.0547948
0.00985249
0.0585292
0.0427939
0.0530771
0.0294
0.0251773
0.00910322
0.0343499
0.0350525
0.0382221
0.0376238
0.0549699
0.0834915
0.0130482
0.0733066
0.0298372
0.0724691
0.0472142
0.0342506
0.0467289
0.0705978
0.0377444
0.117302
0.0112243
0.0504018
0.0229876
0.0316191
0.0404559
0.172794
0.0844133
0.081556
0.0143917
0.0797455
0.0622613
0.173241
0.0188939
0.0306398
0.174911
0.18027
0.279709
0.334658
0.031567
0.0296447
0.113211
0.193421
0.180377
0.248906
0.282726
0.289989
0.280798
0.321421
0.322154
0.260386
0.136559
0.333971
0.0172425
0.0371751
0.0400974
0.0966941
0.0391177
0.0517638
0.0370727
0.0665297
0.024244
0.0110646
0.368313
0.241654
0.0722397
0.0222426
0.243891
0.331188
0.0667706
0.236924
0.317653
0.0613106
0.0195862
0.0218292
0.289409
0.373018
0.0371853
0.283533
0.286672
0.0440492
0.427659
0.366988
0
0
0
0
0
0
0
0
0
0
0
0
0
0
0
0
0
0
0
0
