0
0
0
0
0
0
0
0
0
0
0.113665
0.113217
0.0918377
0.0987921
0.119374
0.0996136
0.175336
0.105893
0.116603
0.113484
0.323623
0.175532
0.155537
0.227703
0.282408
0.3308
0.261622
0.191639
0.270967
0.287756
0.538888
0.548726
0.59127
0.507543
0.568859
0.538516
0.574456
0.53066
0.506746
0.519615
0.556776
0.381576
0.53619
0.486929
0.589491
0.337046
0.509902
0.371349
0.549181
0.276405
0.50558
0.53619
0.556687
0.491528
0.5
0.556417
0.545527
0.36343
0.551725
0.495076
0.375633
0.350218
0.470744
0.568859
0.424264
0.424264
0.496387
0.337046
0.310483
0.437721
0.344792
0.448999
0.425558
0.40939
0.470994
0.319218
0.482804
0.42261
0.401284
0.483632
0.349524
0.430813
0.535485
0.50309
0.537029
0.4996
0.52915
0.519615
0.439314
0.298794
0.242599
0.277094
0.392938
0.366606
0.3
0.31289
0.469042
0.199789
0.255147
0.384187
0.369845
0.486929
0.424264
0.424264
0.471593
0.453762
0.491833
0.47697
0.364829
0.369409
0.286855
0.433346
0.409268
0.402368
0.453762
0.392938
0.393154
0.397666
0.384057
0.360555
0.26323
0.417013
0.331662
0.381576
0.357071
0.427083
0.324962
0.172916
0.26323
0.420833
0.263028
0.384057
0.52
0.453762
0.286182
0.535164
0.483201
0.324191
0.313688
0.51614
