22.198
22.209
22.221
22.221
22.195
22.21
22.2
22.202
22.202
22.208
23.427
23.23
23.199
23.237
23.415
23.153
23.305
23.276
23.297
23.25
24
23.789
24.062
23.702
23.9
23.632
23.896
23.833
23.628
23.769
23.401
23.495
23.576
23.467
23.585
23.314
23.59
23.45
23.579
23.543
23.894
23.779
23.842
23.814
23.781
23.75
23.841
23.758
23.912
23.856
24.499
24.711
24.781
24.608
24.46
24.574
24.552
24.618
24.592
24.683
24.954
24.861
25.101
25.022
25.202
24.976
25.286
25.36
25
25.157
25.858
25.679
25.387
25.503
25.09
25.252
25.414
25.644
26.846
25.085
25.819
25.387
25.575
25.28
25.362
25.503
25.442
25.729
25.68
25.506
26.361
25.796
25.852
25.833
25.597
25.847
25.853
25.608
26.114
27.687
26.119
25.699
25.925
26.012
26.051
26.018
25.781
26.638
26.172
25.734
27.195
26.573
26.195
26.63
26.243
26.133
26.042
26.167
26.735
27.298
27.319
26.471
27.309
26.818
26.547
27.191
26.67
27.704
28.041
26.39
26.959
26.257
26.168
25.866
26.28
26.376
26.2
27.116
25.953
26.692
