0.0277768
0.0502261
0.0264407
0.0430076
0.00796076
0.0119769
0.0164808
0.0190588
0.0358893
0.0483001
0.029926
0.0181023
0.0382599
0.0118631
0.0517192
0.0279597
0.0492178
0.0303011
0.0551664
0.0600286
0.0498483
0.0485705
0.0438088
0.0712891
0.0229006
0.0182466
0.0555338
0.0275499
0.0668666
0.076816
0.0240758
0.0509356
0.0543102
0.0791631
0.0527215
0.0203443
0.0666141
0.0349391
0.0885879
0.0635574
0.0711231
0.0327379
0.0419856
0.073174
0.0544795
0.0399932
0.0855679
0.0716624
0.019822
0.0777787
0.0290134
0.068272
0.0864884
0.0539506
0.0496588
0.110375
0.0381523
0.105292
0.0219356
0.0895741
0.0339371
0.0994727
0.0739855
0.133572
0.106631
0.067779
0.0202271
0.0648961
0.0453174
0.119342
0.0335504
0.0574458
0.10474
0.0851673
0.135591
0.136095
0.080548
0.0371481
0.0215067
0.133344
0.0340006
0.124591
0.0757309
0.0972114
0.14032
0.0803377
0.160732
0.0454435
0.147108
0.0194817
0.0405071
0.0747
0.132196
0.110175
0.194379
0.175201
0.0871483
0.147346
0.0477131
0.0216453
0.0283163
0.081602
0.238019
0.157104
0.124352
0.0951679
0.226753
0.0204814
0.0493264
0.185592
0.0274932
0.0843395
0.266365
0.115248
0.156181
0.201478
0.234735
0.20354
0.0587684
0.0177135
0.0408105
0.344631
0.114176
0.129808
0.256706
0.19992
0.307613
0.298059
0.0219472
0.0578461
0.0373994
0.493833
0.163999
0.246836
0.205788
0.321076
0.386016
0.0198338
0.421968
0.0628604
