22.296
22.296
22.295
22.291
22.294
22.295
22.295
22.293
22.293
22.291
24.204
35.308
24.188
36.225
24.183
36.074
24.149
24.185
24.118
24.231
24.862
25.078
24.757
24.916
24.985
24.944
24.723
24.953
24.807
24.877
25.19
25.173
25.218
25.25
25.216
25.225
25.191
25.271
25.113
25.171
25.342
25.434
25.608
25.427
25.476
25.281
25.499
25.452
25.441
25.463
26.032
25.997
25.997
26.138
26.011
26.087
25.952
26.253
26.322
26.097
26.463
26.421
26.389
26.447
26.359
26.496
26.394
26.433
26.271
26.43
26.737
26.629
26.641
26.628
26.682
26.648
26.654
26.695
26.571
26.552
26.882
26.901
26.918
27.007
26.971
26.83
26.861
26.783
26.829
26.94
26.925
27.058
26.878
27.084
26.889
26.954
26.954
27.036
26.959
26.956
27.168
27.116
27.101
27.247
27.1
27.008
27.15
27.27
27.185
27.016
27.312
27.221
27.226
27.389
27.32
27.234
27.278
27.437
27.338
27.243
27.288
27.31
27.324
27.27
27.443
27.455
27.226
27.406
27.199
27.336
27.471
27.379
27.304
27.467
27.37
27.461
27.442
27.42
27.475
27.395
