0.358329
0.543047
0.305941
0.639062
0.408534
0.486313
0.179165
0.22891
0.272213
0.209762
0.464758
0.293939
0.503984
0.397618
0.491528
0.338969
0.491528
0.504876
0.491528
0.491528
0.752662
0.752662
0.752662
0.752662
0.599083
0.49558
0.752662
0.752662
0.752662
0.752662
0.49558
0.49558
0.49558
0.49558
0.49558
0.49558
0.49558
0.49558
0.49558
0.49558
0.49558
0.49558
0.49558
0.49558
0.49558
0.49558
0.49558
0.49558
0.49558
0.49558
0.49558
0.49558
0.49558
0.49558
0.49558
0.49558
0.49558
0.49558
0.49558
0.49558
0.49558
0.49558
0.49558
0.49558
0.49558
0.49558
0.49558
0.49558
0.49558
0.49558
0.49558
0.49558
0.49558
0.49558
0.49558
0.49558
0.49558
0.49558
0.49558
0.49558
0.49558
0.49558
0.49558
0.49558
0.49558
0.49558
0.49558
0.49558
0.49558
0.49558
0.49558
0.49558
0.49558
0.49558
0.49558
0.49558
0.49558
0.49558
0.49558
0.49558
0.49558
0.49558
0.49558
0.49558
0.49558
0.49558
0.49558
0.49558
0.49558
0.49558
0.49558
0.49558
0.49558
0.49558
0.49558
0.49558
0.49558
0.49558
0.49558
0.49558
0.49558
0.49558
0.49558
0.49558
0.49558
0.49558
0.49558
0.49558
0.49558
0.49558
0.49558
0.49558
0.49558
0.49558
0.49558
0.49558
0.49558
0.49558
0.49558
0.49558
