0
0
0
0
0
0
0
0
0
0
0.0443372
0.0230061
0.0136717
0.0657016
0.00367165
0.0497171
0.0030061
0.0196838
0.0103494
0.0030061
0.0340296
0.0653205
0.0947883
0.0237644
0.0489211
0.0948011
0.0646142
0.0567551
0.0323643
0.0239086
0.63
0.87
0.82
0.8
0.92
0.56
0.69
0.9
0.84
0.88
0.81
0.95
0.94
0.87
0.91
0.88
0.97
0.96
0.6
0.94
0.46
0.81
0.8
0.91
0.64
0.52
0.95
0.81
0.25
0.84
0.15
0.66
0.52
0.65
0.41
0.49
0.67
0.13
0.39
0.71
0.23
0.26
0.5
0.38
0.6
0.36
0.53
0.22
0.22
0.48
0.35
0.59
0.63
0.66
0.74
0.76
0.59
0.38
0.16
0.73
0.2
0.21
0.36
0.43
0.43
0.34
0.24
0.16
0.37
0.07
0.17
0.34
0.61
0.46
0.45
0.37
0.5
0.17
0.55
0.17
0.16
0.41
0.17
0.28
0.25
0.35
0.35
0.16
0.21
0.14
0.13
0.31
0.17
0.23
0.3
0.26
0.3
0.1
0.39
0.11
0.23
0.62
0.46
0.53
0.44
0.61
0.58
0.16
0.74
0.33
