0
0.0126804
0.00392106
0.00392106
0
0
0
0
0
0
0
0
0.0185036
0.00879811
0.00392106
0
0
0
0
0
0
0
0
0.0252927
0.00879811
0.00392106
0
0
0
0
0
0
0
0
0.0292527
0.00879811
0.00392106
0
0
0
0
0
0
0
0
0.0302183
0.00784211
0.00392106
0
0
0
0
0
0
0
0
0.0311743
0.00784211
0.00392106
0
0
0
0
0
0
0
0.0487706
0.0302183
0.00784211
0.00392106
0
0
0
0
0
0
0
0.0487706
0.0302183
0.00784211
0.00392106
0
0
0
0
0
0
0
0.0487706
0.0292623
0.00879811
0.00392106
0
0
0
0
0
0
0
0.0487706
0.0302183
0.00784211
0.00392106
0
0
0
0
0
0
0
