0.489899
0.249899
0.169899
0.649899
0.569899
0.889899
0.409899
0.329899
0.809899
0.729899
0.739899
0.659899
0.819899
0.989899
0.394543
0.899899
0.284306
0.547013
0.979899
0.989899
0.749899
0.989899
0.989899
0.989899
0.909899
0.669899
0.989899
0.829899
0.989899
0.989899
0.989899
0.989899
0.989899
0.989899
0.989899
0.989899
0.989899
0.989899
0.919899
0.989899
0.989899
0.989899
0.989899
0.989899
0.989899
0.989899
0.989899
0.989899
0.989899
0.989899
0.989899
0.989899
0.989899
0.989899
0.989899
0.989899
0.989899
0.989899
0.989899
0.989899
0.989899
0.989899
0.989899
0.989899
0.989899
0.989899
0.989899
0.989899
0.989899
0.989899
0.989899
0.989899
0.989899
0.989899
0.989899
0.989899
0.989899
0.989899
0.989899
0.989899
0.989899
0.989899
0.989899
0.989899
0.989899
0.989899
0.989899
0.989899
0.989899
0.989899
0.989899
0.989899
0.989899
0.989899
0.989899
0.989899
0.989899
0.989899
0.989899
0.989899
0.989899
0.989899
0.989899
0.989899
0.989899
0.989899
0.989899
0.989899
0.989899
0.989899
0.989899
0.989899
0.989899
0.989899
0.989899
0.989899
0.989899
0.989899
0.989899
0.989899
0.989899
0.989899
0.989899
0.989899
0.989899
0.989899
0.989899
0.989899
0.989899
0.989899
0.989899
0.989899
0.989899
0.989899
0.989899
0.989899
0.989899
0.989899
0.989899
0.989899
