0.5
0.58
0.18
0.66
0.34
0.26
0.42
0.82
0.74
0.9
0.58
0.911111
0.42
0.34
0.26
0.5
0.18
0.671111
0.751111
0.831111
0.34
0.602222
0.922222
0.42
0.682222
0.26
0.18
0.5
0.842222
0.762222
0.613333
0.34
0.26
0.773333
0.933333
0.18
0.693333
0.853333
0.5
0.42
0.34
0.26
0.944444
0.864444
0.624444
0.784444
0.18
0.704444
0.5
0.42
0.34
0.955556
0.795556
0.715556
0.18
0.500263
0.26
0.875556
0.635556
0.42
0.26
0.34
0.18
0.966667
0.806667
0.503367
0.646667
0.886667
0.726667
0.420121
0.18
0.817778
0.26
0.34
0.501669
0.737778
0.977778
0.897778
0.657778
0.42
0.18
0.828889
0.988889
0.26
0.34
0.748889
0.500725
0.908889
0.420422
0.668889
0.84
0.18
0.34
1
0.26
0.51
0.76
0.420182
0.92
0.68
0.851111
0.18
0.341002
1
0.26
0.611111
0.771111
0.421445
0.931111
0.691111
0.862222
0.34
0.18
0.26
1
0.782222
0.622222
0.421168
0.942222
0.702222
0.873333
0.260315
0.341303
0.18
0.793333
1
0.633333
0.953333
0.421759
0.713333
0.884444
0.180503
0.26144
0.34
1
0.644444
0.804444
0.964444
0.42
0.724444
0.895556
0.180604
0.346744
0.26
0.815556
1
0.655556
0.975556
0.422539
0.735556
0.906667
0.180403
0.344745
0.265875
0.826667
1
0.666667
0.421514
0.986667
0.746667
0.917778
0.837778
0.185514
0.341771
0.677778
1
0.261168
0.423498
0.997778
0.757778
0.928889
0.848889
0.34466
0.18544
0.688889
0.260791
0.608889
1
0.768889
1
0.94
0.0774
0.86
0.342883
0.7
0.62
0.263988
0.78
1
1
0.951111
0.182319
0.357909
0.871111
0.711111
0.271014
0.631111
1
0.791111
1
0.962222
0.186487
0.355194
0.882222
0.642222
1
0.722222
0.266372
0.802222
1
