21.46
21.4
21.54
21.36
21.48
21.44
21.83
21.66
21.62
21.73
21.6
21.12
21.65
21.29
21.65
20.87
21.77
21.46
21.69
21.77
21.66
21.95
21.64
21.84
21.58
21.53
21.77
21.58
21.88
21.91
21.58
21.58
21.58
21.58
21.58
21.58
21.58
21.58
21.58
21.58
21.58
21.58
21.58
21.58
21.58
21.58
21.58
21.58
21.58
21.58
21.58
21.58
21.58
21.58
21.58
21.58
21.58
21.58
21.58
21.58
21.58
21.58
21.58
21.58
21.58
21.58
21.58
21.58
21.58
21.58
21.58
21.58
21.58
21.58
21.58
21.58
21.58
21.58
21.58
21.58
21.58
21.58
21.58
21.58
21.58
21.58
21.58
21.58
21.58
21.58
21.58
21.58
21.58
21.58
21.58
21.58
21.58
21.58
21.58
21.58
21.58
21.58
21.58
21.58
21.58
21.58
21.58
21.58
21.58
21.58
21.58
21.58
21.58
21.58
21.58
21.58
21.58
21.58
21.58
21.58
21.58
21.58
21.58
21.58
21.58
21.58
21.58
21.58
21.58
21.58
21.58
21.58
21.58
21.58
21.58
21.58
21.58
21.58
21.58
21.58
