0.00994987
2.4869e-14
2.4869e-14
0.00994987
0.00994987
2.4869e-14
2.4869e-14
0.00994987
0.014
0.00994987
1.27573
0.949115
1.4237
2.4869e-14
2.4869e-14
0.00994987
0.00994987
2.4869e-14
0.00994987
2.4869e-14
0.971026
0.185742
1.31219
0.00994987
1.20203
1.6484
0.00994987
0.860498
2.4869e-14
0.014
0.714412
1.03571
0.245104
2.4869e-14
2.74357
1.14525
0.00994987
2.4869e-14
1.45818
2.4869e-14
1.89959
0.408082
2.4869e-14
0.255076
0.276087
2.4869e-14
0.423711
2.4869e-14
1.47732
2.4869e-14
1.38523
0.201184
0.197613
0.195681
0.193853
0.292575
2.25191
1.17451
0.330725
0.199246
0.327492
1.69395
0.374245
0.344783
0.372156
1.31638
0.34953
1.57745
0.216839
0.358324
0.539874
1.85523
0.426868
0.442466
0.488748
1.19757
0.45854
1.91198
0.476507
0.367755
0.295423
0.89
0.518701
0.577927
0.515887
0.545586
0.536082
0.532236
1.3481
0.404597
1.87228
0.628728
0.52131
0.546819
0.563854
0.914022
0.613686
0.788797
0.182151
0.607529
0.341649
0.523561
1.34328
1.26012
0.561217
0.575114
0.629707
0.522536
0.975325
1.48115
0.236989
0.625808
0.997334
0.344469
0.557145
0.625219
0.591239
0.230085
0.482448
1.01676
0.892881
0.548032
1.21493
0.62313
0.622334
0.527503
0.587404
0.180253
0.638651
0.605814
0.537285
0.499018
0.605623
0.615792
0.591848
0.606942
0.602776
1.87337
0.239956
0.588336
