0.238791
0.118279
0.316394
0.0796828
0.288439
0.439985
0.202324
0.160446
0.401126
0.36688
0.231001
0.209837
0.286084
0.124806
0.458542
0.332118
0.0813905
0.158501
0.370613
0.408674
0.121294
0.296249
0.249185
0.424239
0.205612
0.0838317
0.169333
0.319324
0.40276
0.354975
0.296117
0.126038
0.203637
0.330496
0.250833
0.16586
0.425535
0.418582
0.0866968
0.372279
0.12972
0.334226
0.296255
0.250453
0.204434
0.414707
0.172974
0.405532
0.0914535
0.357848
0.139361
0.329413
0.286602
0.408666
0.379737
0.262934
0.224087
0.0899492
0.178982
0.34918
0.137607
0.232225
0.326651
0.38013
0.296348
0.266169
0.38721
0.187868
0.0827959
0.345271
0.136189
0.334752
0.237352
0.311882
0.385845
0.281198
0.377061
0.189278
0.0975362
0.364407
0.128118
0.21369
0.338985
0.31842
0.378014
0.366075
0.257981
0.355315
0.206952
0.0927643
0.146214
0.258346
0.385781
0.33492
0.287549
0.320156
0.375645
0.11142
0.186546
0.362273
0.184358
0.385141
0.247583
0.294355
0.297134
0.34077
0.388086
0.34857
0.228477
0.114264
0.197666
0.38355
0.233283
0.304935
0.342557
0.271065
0.38459
0.202698
0.370238
0.158043
0.167305
0.396503
0.258198
0.326094
0.359223
0.349161
0.296546
0.128792
0.22306
0.366528
0.18068
0.269385
0.401266
0.351424
0.327967
0.372012
0.347899
0.244429
0.116511
0.37758
