0.0491537
0.013869
0.0211227
0.056426
0.061029
0.0357133
0.0686846
0.0667454
0.0372437
0.075937
0.060384
0.086917
0.0781116
0.0667887
0.0859685
0.0995623
0.0885565
0.0616279
0.0844181
0.0840671
0.238463
0.242054
0.243091
0.345076
0.216008
0.251506
0.341672
0.264684
0.36997
0.323528
0.481914
0.541213
0.547605
0.604715
0.667817
0.513307
0.51905
0.584518
0.620861
0.554306
0.669084
0.80374
0.68324
0.761742
0.615538
0.702263
0.852832
0.788964
0.722573
0.740049
0.695584
0.758488
0.778093
0.617563
0.667733
0.848275
0.76394
0.799523
0.603374
0.712547
0.638582
0.777408
0.684853
0.84043
0.805865
0.727714
0.550038
0.75458
0.774711
0.733519
0.75703
0.687999
0.695239
0.829526
0.796084
0.742023
0.632754
0.773763
0.768744
0.819816
0.752307
0.795661
0.757503
0.675547
0.77844
0.656398
0.820774
0.760382
0.755849
0.805908
0.731938
0.656189
0.66889
0.835343
0.680431
0.799792
0.582818
0.787815
0.740837
0.603464
0.696866
0.709854
0.763373
0.678333
0.682578
0.752893
0.705291
0.551815
0.670292
0.815262
0.592334
0.766548
0.804911
0.715386
0.597563
0.718617
0.833685
0.730679
0.777427
0.722826
0.569822
0.796142
0.746479
0.697939
0.694035
0.605297
0.734032
0.73881
0.696091
0.783809
0.716313
0.852829
0.735922
0.798744
0.737088
0.709474
0.828353
0.687376
0.845005
0.750872
