0
0
0
0
0
0
0
0
0
0
0
0
0
0
0
0
0
0
0
0
0
0
0
0
0
0
0
0
0
0
0
0
0
0
0
0
0
0
0
0
0
0
0
0
0
0
0
0
0
0
0.14
0
0.170587
0
0.0994987
0
0.195959
0.0994987
0.271293
0
0.31289
0.145233
0.281972
0.239274
0.259808
0.172916
0.370013
0.3
0.357071
0.173823
0.346987
0.221585
0.352367
0.379839
0.447214
0.4
0.264386
0.195959
0.402101
0.327872
0.411218
0.51923
0.51342
0.538145
0.537029
0.51614
0.48
0.46594
0.473931
0.52
0.987117
0.854166
0.693974
0.768375
0.828493
0.714143
0.897998
0.751266
0.854166
0.979796
0.982447
0.916515
0.755248
0.737835
0.801187
0.907524
0.676092
0.976934
0.842615
0.828493
0.923591
0.836335
0.801187
0.842378
0.786066
0.786066
0.768375
0.768375
0.885212
0.947508
0.847639
0.672607
0.866025
0.8
0.672607
0.828493
0.693974
0.995366
0.877268
0.62578
0.820213
0.341174
0.806736
0.751266
0.768375
0.642735
0.8
0.979273
0.649923
0.887596
