0.352704
0.218174
0.303974
0.2498
0.665132
0.622896
0.524976
0.436005
0.266271
0.215407
0.464327
0.316386
0.517784
0.343511
0.577581
0.224722
0.478435
0.488365
0.495984
0.472864
0.665507
0.720069
0.69
0.517687
0.506853
0.523927
0.600333
0.740878
0.607042
0.626418
0.49558
0.763151
0.893364
0.626179
0.932523
0.523927
0.782879
0.648383
0.616523
0.640625
0.823954
0.492849
1.04881
0.800999
1.00324
0.887468
0.627694
0.62482
0.504381
0.637887
3.07252
0.698856
0.660681
0.971802
0.874071
0.619355
1.70965
0.65307
0.504381
0.660606
2.3517
0.672012
0.68913
0.6249
0.626817
0.712811
3.73973
0.876413
0.954411
0.634114
1.81868
0.815414
0.654905
0.670522
0.617738
0.629603
0.681175
0.851411
3.25478
0.650308
0.896883
0.65238
0.775629
0.653376
0.631585
0.671193
0.629603
0.818291
0.654905
3.15698
0.866025
0.785111
0.642573
0.649307
0.629603
0.639453
0.766094
0.628013
0.80025
2.7278
0.833367
0.763151
0.65238
0.652993
0.732735
0.740608
0.642573
2.71037
0.78492
0.65238
0.817313
0.748599
0.640312
0.731027
0.719722
0.720347
0.630952
0.653376
0.784602
2.6949
0.815107
0.704557
0.765506
0.734915
0.720347
0.732735
0.706329
0.731027
2.68782
0.774597
0.782879
0.704557
0.760855
0.727736
0.734575
0.719722
0.72118
2.6978
0.719722
0.760329
