0.362822
0.1397
0.69484
0.0803719
0.442146
0.517575
0.585943
0.208068
0.645271
0.283497
0.298178
0.120135
0.367269
0.172742
0.436663
0.0750216
0.618537
0.232532
0.564306
0.503181
0.237532
0.313726
0.173243
0.623527
0.0803854
0.0482735
0.397637
0.121359
0.481672
0.558333
0.0621625
0.300781
0.210692
0.144505
0.675904
0.0365009
0.411246
0.0968414
0.609859
0.520859
0.321458
0.0514134
0.127387
0.492043
0.199184
0.0820579
0.74401
0.695405
0.0297144
0.619265
0.0319406
0.834667
0.84287
0.822493
0.100819
0.0546545
0.855434
0.852575
0.0177586
0.848561
0.0239774
0.861985
0.861667
0.862502
0.862381
0.861227
0.0130172
0.860617
0.0433302
0.862215
0.0195211
0.862736
0.862789
0.862777
0.862809
0.862804
0.86276
0.0371392
0.0104096
0.862798
0.0166324
0.86282
0.862818
0.86282
0.862821
0.862819
0.862821
0.03339
0.00873954
0.862821
0.0145904
0.862822
0.862822
0.862822
0.862822
0.862822
0.862822
0.862822
0.0311538
0.00756971
0.0130618
0.862822
0.862822
0.862822
0.862822
0.862822
0.862822
0.00670028
0.0302603
0.862822
0.0118699
0.862822
0.862822
0.862822
0.862822
0.862822
0.862822
0.862822
0.0340585
0.00602628
0.0109115
0.862822
0.862822
0.862822
0.862822
0.862822
0.862822
0.005487
0.862822
0.862822
0.0101223
0.862822
0.862822
0.862822
0.862822
0.862822
0.862822
0.00504478
0.862822
0.862822
