0.0195959
0.0195959
0.0217945
0.0286182
0.0237487
0.0217945
0.0217945
0.0255147
0.0255147
0.0319218
0.611706
0.897071
0.627261
1.92859
0.666792
1.74032
0.657951
0.660208
0.657781
0.604102
0.679968
0.564549
0.718088
0.671524
0.626638
0.675473
0.756684
0.645981
0.705444
0.69568
0.731642
0.740521
0.730121
0.716729
0.722042
0.702905
0.707403
0.728875
0.774681
0.716002
0.800897
0.765796
0.674934
0.759718
0.730906
0.774686
0.743034
0.754915
0.742172
0.733165
0.816808
0.817246
0.837551
0.778945
0.800112
0.802204
0.818594
0.769994
0.694634
0.79227
0.832785
0.813547
0.859988
0.847638
0.830794
0.807455
0.841168
0.830308
0.860499
0.817741
0.839483
0.840273
0.84132
0.84298
0.823089
0.843502
0.876062
0.87033
0.884906
0.87424
0.859695
0.876641
0.830588
0.828644
0.843243
0.881079
0.864279
0.895997
0.875591
0.880795
0.87079
0.862227
0.882222
0.874954
0.888583
0.836471
0.913172
0.882895
0.90101
0.883891
0.896647
0.879172
0.897273
0.893695
0.886002
0.870251
0.893812
0.867352
0.90359
0.913205
0.905238
0.905019
0.917564
0.896649
0.899778
0.892437
0.938038
0.88359
0.89552
0.920354
0.921008
0.919728
0.88917
0.901831
0.890534
0.896145
0.897064
0.906622
0.869425
0.8804
0.889752
0.906895
0.880786
0.865916
0.886397
0.935082
0.920454
0.869943
0.90093
0.94004
