0.451224
0.0894504
0.217147
0.292576
0.65435
0.595022
0.3719
0.526654
0.148778
0.703919
0.19682
0.106956
0.252932
0.0448292
0.514834
0.072811
0.31535
0.148118
0.381869
0.449443
0.135627
0.0974223
0.0447716
0.184408
0.483536
0.0269205
0.0677599
0.245393
0.318504
0.400251
0.0331259
0.152012
0.107259
0.0748036
0.516605
0.0196833
0.0509299
0.214297
0.406594
0.299643
0.0265958
0.1328
0.199431
0.0616106
0.0903585
0.0413227
0.477879
0.61321
0.0156822
0.311838
0.0154296
0.828665
0.856708
0.101344
0.0379673
0.024549
0.850622
0.0593759
0.00894836
0.841818
0.0111327
0.870196
0.869544
0.871252
0.0283921
0.0466613
0.871006
0.00639996
0.0179484
0.870667
0.0088069
0.0230587
0.871834
0.871809
0.871875
0.871865
0.0396863
0.014331
0.00503291
0.871852
0.00733321
0.871898
0.0196118
0.871897
0.871899
0.871899
0.035392
0.0120192
0.00417194
0.871898
0.00630922
0.0171805
0.8719
0.8719
0.8719
0.8719
0.0326891
0.0104023
0.8719
0.00357643
0.00555309
0.0153636
0.8719
0.8719
0.0312209
0.8719
0.8719
0.8719
0.0031383
0.00920193
0.00497004
0.8719
0.0139488
0.0315085
0.8719
0.8719
0.8719
0.8719
0.00827225
0.00280149
0.00450569
0.8719
0.0128127
0.8719
0.8719
0.8719
0.8719
0.00253394
0.8719
0.00752896
0.00412643
0.8719
0.0118782
0.8719
0.8719
0.8719
0.8719
0.00231592
0.8719
0.00691984
