0.0087787
0.00707954
0.00658833
0.0062048
0.00679436
0.00619535
0.0062054
0.00688777
0.00720556
0.00623465
0.00625438
0.0126803
0.0116957
0.0104215
0.0106328
0.00895665
0.0089265
0.00933549
0.00887624
0.00887624
0.00905626
0.00897675
0.016582
0.0149407
0.0142266
0.0126321
0.0117237
0.0116577
0.0131521
0.0129276
0.013456
0.0124027
0.0117079
0.0204836
0.019229
0.0175488
0.0186044
0.014419
0.0170575
0.0157519
0.0151231
0.0168528
0.0145186
0.0149424
0.0243853
0.0226285
0.0220106
0.0205361
0.0209843
0.0188342
0.01713
0.0192429
0.0177751
0.0172497
0.0177984
0.0282869
0.0262211
0.023865
0.0248723
0.0240322
0.0232919
0.0229733
0.0207369
0.0225999
0.023908
0.0216776
0.0321886
0.0309534
0.0299502
0.0275283
0.0283291
0.0275276
0.0227123
0.0229794
0.0285062
0.0256813
0.0247989
0.0360902
0.0346909
0.0330021
0.0299814
0.0314968
0.0265127
0.0294169
0.0275203
0.0280997
0.0283649
0.0257597
0.0399919
0.0389498
0.036981
0.0354764
0.0367504
0.0311225
0.0336237
0.0293573
0.0279943
0.0300956
0.0334957
0.0438935
0.0425232
0.0409599
0.0406536
0.0367122
0.0366136
0.0354549
0.0342993
0.0372638
0.0343907
0.0351325
