0
0
4.44089e-16
0
0
4.44089e-16
0
0
4.44089e-16
4.44089e-16
4.44089e-16
4.44089e-16
4.44089e-16
0.17718
4.44089e-16
4.44089e-16
0.119033
0.173022
4.44089e-16
4.44089e-16
4.44089e-16
4.44089e-16
4.44089e-16
4.44089e-16
4.44089e-16
4.44089e-16
4.44089e-16
4.44089e-16
4.44089e-16
4.44089e-16
4.44089e-16
4.44089e-16
4.44089e-16
4.44089e-16
4.44089e-16
4.44089e-16
4.44089e-16
4.44089e-16
4.44089e-16
4.44089e-16
4.44089e-16
4.44089e-16
4.44089e-16
4.44089e-16
4.44089e-16
4.44089e-16
4.44089e-16
4.44089e-16
4.44089e-16
4.44089e-16
4.44089e-16
4.44089e-16
4.44089e-16
4.44089e-16
4.44089e-16
4.44089e-16
4.44089e-16
4.44089e-16
4.44089e-16
4.44089e-16
4.44089e-16
4.44089e-16
4.44089e-16
4.44089e-16
4.44089e-16
4.44089e-16
4.44089e-16
4.44089e-16
4.44089e-16
4.44089e-16
4.44089e-16
4.44089e-16
4.44089e-16
4.44089e-16
4.44089e-16
4.44089e-16
4.44089e-16
4.44089e-16
4.44089e-16
4.44089e-16
4.44089e-16
4.44089e-16
4.44089e-16
4.44089e-16
4.44089e-16
4.44089e-16
4.44089e-16
4.44089e-16
4.44089e-16
4.44089e-16
4.44089e-16
4.44089e-16
4.44089e-16
4.44089e-16
4.44089e-16
4.44089e-16
4.44089e-16
4.44089e-16
4.44089e-16
4.44089e-16
4.44089e-16
4.44089e-16
4.44089e-16
4.44089e-16
4.44089e-16
4.44089e-16
4.44089e-16
4.44089e-16
4.44089e-16
4.44089e-16
4.44089e-16
4.44089e-16
4.44089e-16
4.44089e-16
4.44089e-16
4.44089e-16
4.44089e-16
4.44089e-16
4.44089e-16
4.44089e-16
4.44089e-16
4.44089e-16
4.44089e-16
4.44089e-16
4.44089e-16
4.44089e-16
4.44089e-16
4.44089e-16
4.44089e-16
4.44089e-16
4.44089e-16
4.44089e-16
4.44089e-16
4.44089e-16
4.44089e-16
4.44089e-16
4.44089e-16
4.44089e-16
4.44089e-16
4.44089e-16
