0.0487706
0
0
0
0.0487706
0
0
0.0487706
0.0487706
0
0.0292623
0.0126804
0.0292623
0.0292623
0.0292623
0.0283063
0.0292623
0.0175572
0.0292623
0.0234293
0.00587207
0.00975412
0.00975412
0.00487706
0.00975412
0.00975412
0.00975412
0.00975412
0.00975412
0.00975412
0.00975412
0.00487706
0.00487706
0
0.00487706
0
0.00487706
0.00487706
0.00487706
0.00487706
0.00487706
0.00487706
0
0
0
0
0
0
0
0
0
0
0
0
0
0
0
0
0
0
0
0
0
0
0
0
0
0
0
0
0
0
0
0
0
0
0
0
0
0
0
0
0
0
0
0
0
0
0
0
0
0
0
0
0
0
0
0
0
0
0
0
0
0
0
0
0
0
0
0
