0.147476
0.0533033
0.32342
0.0275026
0.179744
0.217304
0.081823
0.255266
0.286349
0.111983
0.0907127
0.0451459
0.106217
0.0303726
0.0614786
0.124323
0.164944
0.0773546
0.153216
0.142456
0.0586387
0.0678503
0.0480509
0.111544
0.0283084
0.0188709
0.0805933
0.0372785
0.0900987
0.102978
0.0210104
0.051076
0.0448229
0.0357311
0.0871816
0.0139648
0.0596199
0.0280269
0.0746817
0.06676
0.042064
0.0166268
0.0291443
0.0502071
0.0351833
0.0230448
0.0700899
0.0652465
0.0112121
0.0552002
0.00986859
0.0249157
0.0298971
0.021031
0.0167476
0.0130708
0.0453721
0.0397981
0.00640182
0.0340806
0.00711193
0.0213525
0.0188536
0.0343543
0.0292564
0.0156528
0.00475934
0.012571
0.00978197
0.0252306
0.00558671
0.0098947
0.0176789
0.0149789
0.0349488
0.0240647
0.0120952
0.00783536
0.00373698
0.0208392
0.00467605
0.0150152
0.00828823
0.0126985
0.0327415
0.010527
0.0205625
0.0064122
0.00309371
0.0177869
0.00410266
0.00727231
0.0126462
0.0387638
0.010608
0.0434203
0.00922793
0.0155618
0.00554045
0.00259535
0.00356588
0.00629665
0.0939978
0.0114992
0.0094923
0.00805784
0.0245465
0.00229065
0.00486539
0.0220926
0.00317234
0.00569727
0.102383
0.00718773
0.00898639
0.0109653
0.0399976
0.0209724
0.00443074
0.00203026
0.00285077
0.167872
0.0052231
0.00645481
0.00948074
0.00788649
0.0636671
0.00186742
0.00396153
0.0117158
0.00265575
0.115413
0.00476868
0.00734403
0.00609506
0.00886373
0.0106785
0.00169754
0.02841
0.00365595
