21.36
21.94
21.36
21.36
21.36
21.36
21.36
21.94
21.94
21.94
21.94
27.22
21.36
21.94
21.36
21.36
21.36
21.36
21.94
21.94
21.36
28.46
21.36
21.94
21.94
21.36
21.94
21.94
24.49
26.97
26.67
21.36
21.94
21.94
28.43
21.36
21.94
21.94
25.67
24.67
24.82
21.94
21.94
21.94
21.36
26.41
21.94
26.63
28.29
24.8
24.97
24.51
26.19
21.94
21.94
27.22
21.94
28.57
21.94
25.32
24.96
21.94
24.61
24.87
27.73
21.94
21.94
21.94
28.13
25.84
21.94
24.67
24.5
21.94
25.34
21.94
28.12
21.94
26.4
28
21.94
24.51
25.7
21.94
24.97
28.45
21.94
26.78
21.94
28.04
21.94
24.7
26.01
21.94
25.24
28.37
21.94
27.26
21.94
28.06
21.94
26.4
25.57
24.87
21.94
21.94
28.46
27.63
21.94
27.53
21.94
25.72
26.75
25.1
21.94
21.94
28.44
21.94
27.7
27.72
21.97
25.61
26
26.94
21.97
28.5
21.97
21.97
28.11
27.6
22.02
25.7
27.2
26.39
22.02
22.02
28.25
22.02
28.07
27.71
22.1
25.87
27.61
26.78
22.1
22.1
28.33
28.3
22.1
27.44
22.15
22.15
26.14
27.65
28.43
22.15
26.76
28.58
22.15
27.54
22.19
22.19
27.77
26.4
28.51
27
28.51
22.19
27.26
22.19
22.24
26.58
22.24
27.95
28.26
27.24
28.62
26.95
22.24
22.24
22.28
26.75
28.13
22.28
28.21
27.44
28.46
22.28
26.61
22.28
22.33
26.92
28.07
22.33
28.4
22.33
28.21
27.62
26.46
22.33
22.41
27.06
28.32
22.41
22.41
28.47
28.25
27.62
22.41
22.41
