0.00206819
0.000814262
0.00125663
0.00163049
0.0031489
0.00258346
0.00250719
0.0028856
0.00103699
0.00413688
0.00333274
0.0025836
0.00322043
0.000958088
0.00540996
0.00161493
0.00392538
0.00198902
0.00475227
0.00475303
0.00368816
0.00380661
0.00253084
0.00474747
0.00764782
0.00129184
0.00280973
0.00477606
0.00630504
0.00408708
0.00241584
0.00465324
0.00459317
0.00370793
0.00698116
0.00187485
0.00278756
0.00519422
0.00617695
0.00652334
0.00259806
0.00685498
0.00795384
0.00438595
0.00483392
0.00532618
0.00561684
0.00656434
0.00213995
0.00524126
0.00318571
0.00687721
0.00952328
0.00502363
0.0033992
0.00291544
0.0073357
0.00408853
0.00167821
0.00627079
0.001971
0.00770296
0.00545372
0.00662039
0.00375476
0.00443756
0.00784641
0.00137404
0.0032271
0.00625724
0.0024421
0.00398061
0.00516661
0.00523337
0.00946585
0.00748524
0.00400286
0.0036003
0.00131376
0.00632861
0.00221044
0.00589369
0.00364095
0.00521435
0.00722703
0.00789115
0.0039925
0.00195586
0.00109574
0.0058191
0.00172446
0.00351166
0.00533365
0.00779483
0.00526922
0.00699034
0.00491122
0.00224817
0.00691134
0.00132125
0.00154128
0.00318936
0.00712585
0.00468205
0.00316182
0.00323819
0.00816829
0.00491349
0.000962683
0.00275
0.00183252
0.00696149
0.00275755
0.00336058
0.00426547
0.00455222
0.00763444
0.00532306
0.00161342
0.000997741
0.00155394
0.0073282
0.00228827
0.00371039
0.00254382
0.00518657
0.00578863
0.00094879
0.00656344
0.00203915
0.00139617
0.00692303
0.00274914
0.00323239
0.00328469
0.00391385
0.00491119
0.000817748
0.00633149
0.00163371
