6.63004e-16
5.93736e-16
5.35474e-16
7.77156e-16
9.99201e-16
2.12108e-16
1.33227e-15
4.44089e-16
2.22045e-16
8.88178e-16
7.77156e-16
0.0448463
6.66134e-16
0.0491851
1.44329e-15
0.0392451
4.44089e-16
9.99201e-16
4.44089e-16
8.88178e-16
4.44089e-16
4.44089e-16
1.33227e-15
4.44089e-16
0.214455
0.153843
4.44089e-16
0
4.44089e-16
4.44089e-16
0.682804
0.570667
0.554949
0.597169
4.44089e-16
0.640625
4.44089e-16
0.633088
4.44089e-16
4.44089e-16
0.650726
0.781258
0.709418
4.44089e-16
0.657951
0.718801
4.44089e-16
4.44089e-16
0.848987
4.44089e-16
0.789546
0.650726
4.44089e-16
0.701456
0.665939
4.44089e-16
0.728133
4.44089e-16
0.908361
4.44089e-16
0.811669
4.44089e-16
0.644342
4.44089e-16
4.44089e-16
0.6
0.883403
0.664915
0.664
4.44089e-16
0.753442
0.74846
4.44089e-16
0.650726
4.44089e-16
4.44089e-16
0.687386
0.664
0.905439
4.44089e-16
0.696
4.44089e-16
0.701456
0.672666
4.44089e-16
0.640625
4.44089e-16
0.708958
0.891614
4.44089e-16
0.696
0.753612
4.44089e-16
4.44089e-16
0.677297
4.44089e-16
0.640625
4.44089e-16
0.736973
0.883403
0.781258
0.7584
4.44089e-16
4.44089e-16
0.685582
0.715454
4.44089e-16
0.907083
0.745338
4.44089e-16
0.804738
0.766911
4.44089e-16
0.680643
0.6816
4.44089e-16
4.44089e-16
4.44089e-16
0.664
0.898276
0.732249
4.44089e-16
0.664915
0.649519
4.44089e-16
0.6816
4.44089e-16
0.841738
0.736973
4.44089e-16
0.763224
4.44089e-16
0.724047
0.662396
0.705319
4.44089e-16
4.44089e-16
0.898276
4.44089e-16
0.745338
