0.23844
0.109766
0.422593
0.0700145
0.260125
0.312018
0.371958
0.147686
0.384114
0.183797
0.217424
0.113953
0.276331
0.0714174
0.420704
0.150012
0.318926
0.19339
0.411185
0.341367
0.226294
0.275644
0.191496
0.446638
0.110428
0.0756259
0.321302
0.151844
0.334581
0.402122
0.115072
0.280036
0.236343
0.204599
0.432406
0.074869
0.313718
0.159698
0.398774
0.355547
0.295153
0.118757
0.199242
0.328456
0.245673
0.162025
0.422222
0.379608
0.0796486
0.362158
0.131317
0.28222
0.327261
0.193612
0.244805
0.16358
0.391284
0.34813
0.0838979
0.343683
0.131513
0.283922
0.268615
0.342636
0.327861
0.235806
0.214391
0.0839874
0.168307
0.279847
0.132516
0.205866
0.254025
0.233602
0.297815
0.29183
0.216974
0.16964
0.0904657
0.259989
0.12245
0.20375
0.182147
0.200518
0.24118
0.177959
0.240242
0.145762
0.237772
0.0922293
0.117294
0.134518
0.176313
0.181817
0.161653
0.181887
0.149792
0.184498
0.127233
0.0863697
0.0847279
0.102352
0.121728
0.113518
0.118392
0.102198
0.120059
0.0672348
0.0928177
0.123435
0.0367785
0.0389955
0.0417282
0.0370045
0.0386439
0.0401581
0.0400265
0.0355191
0.0412136
0.0323793
0
0
0
0
0
0
0
0
0
0
0
0
0
0
0
0
0
0
0
0
