0.0356888
0.0114088
0.0228745
0.0591066
0.0161933
0.0107779
0.0104673
0.0402941
0.0537684
0.0351546
0.0459618
0.0192859
0.0281296
0.00796502
0.0547715
0.0198125
0.0528889
0.015596
0.0649231
0.0407478
0.0167969
0.0518428
0.0304287
0.0740994
0.0304133
0.0133761
0.03956
0.0316699
0.0308421
0.0361027
0.0182317
0.0234696
0.0525134
0.0775579
0.0165149
0.0111318
0.0319896
0.0274331
0.0616111
0.0851559
0.0434932
0.0216081
0.0293478
0.0680381
0.0293627
0.0404737
0.103915
0.0650408
0.0174205
0.0314743
0.0332911
0.0519926
0.0745866
0.0680806
0.0823423
0.0432545
0.0206081
0.0910172
0.0225557
0.0841463
0.0211191
0.0876202
0.0764754
0.0798087
0.126871
0.0648749
0.0174562
0.0343899
0.040751
0.0882241
0.0188518
0.0383736
0.0754747
0.0726377
0.106659
0.0969364
0.0485025
0.0263971
0.0255381
0.105632
0.0220787
0.103239
0.0184458
0.0492601
0.118893
0.0610605
0.112391
0.0276601
0.0846377
0.0160162
0.0392794
0.0441248
0.107305
0.144124
0.180019
0.104297
0.0640605
0.138932
0.0228171
0.0175902
0.0269074
0.0515889
0.180518
0.138819
0.0577346
0.0966844
0.164576
0.0186334
0.0345307
0.151464
0.0487974
0.0912489
0.217316
0.118687
0.195714
0.136571
0.142801
0.216185
0.0488582
0.0196563
0.0336239
0.222626
0.119297
0.199374
0.130069
0.14876
0.146186
0.237746
0.0225768
0.0181602
0.0256662
0.22188
0.101002
0.177678
0.137678
0.221379
0.214326
0.00991506
0.244537
0.0527933
