22.227
22.18
22.21
22.147
22.218
22.172
22.152
22.177
22.122
22.196
22.295
22.291
22.295
22.292
22.291
22.293
22.295
22.293
22.296
22.291
22.29
22.29
22.294
22.29
22.291
22.296
22.297
22.29
22.297
22.293
22.294
22.29
22.297
22.293
22.291
22.292
22.295
22.295
22.294
22.295
22.295
22.295
22.296
22.297
22.291
22.289
22.295
22.295
22.293
22.293
22.295
22.292
22.294
22.295
22.29
22.295
22.287
22.293
22.296
22.294
22.291
22.288
22.294
22.292
22.293
22.295
22.293
22.293
22.29
22.292
22.287
22.293
22.294
22.296
22.295
22.294
22.292
22.29
22.292
22.291
22.292
22.294
22.29
22.287
22.293
22.299
22.293
22.29
22.296
22.294
22.297
22.289
22.291
22.295
22.291
22.291
22.292
22.295
22.292
22.291
22.293
22.289
22.289
22.295
22.291
22.295
22.293
22.295
22.293
22.292
22.294
22.294
22.293
22.289
22.296
22.292
22.295
22.293
22.297
22.294
22.295
22.295
22.293
22.295
22.293
22.29
22.289
22.292
22.287
22.298
22.291
22.292
22.297
22.297
22.294
22.294
22.293
22.294
22.292
22.294
