0.388889
0.148889
0.0688889
0.468889
0.548889
0.228889
0.788889
0.628889
0.308889
0.708889
0.638889
0.314821
0.718889
0.451731
0.798889
0.215914
0.888889
0.558889
0.888889
0.878889
0.888889
0.888889
0.808889
0.888889
0.648889
0.568889
0.888889
0.728889
0.888889
0.888889
0.888889
0.888889
0.888889
0.888889
0.888889
0.818889
0.888889
0.888889
0.888889
0.888889
0.888889
0.888889
0.888889
0.888889
0.888889
0.888889
0.888889
0.888889
0.888889
0.888889
0.888889
0.888889
0.888889
0.888889
0.888889
0.888889
0.888889
0.888889
0.888889
0.888889
0.888889
0.888889
0.888889
0.888889
0.888889
0.888889
0.888889
0.888889
0.888889
0.888889
0.888889
0.888889
0.888889
0.888889
0.888889
0.888889
0.888889
0.888889
0.888889
0.888889
0.888889
0.888889
0.888889
0.888889
0.888889
0.888889
0.888889
0.888889
0.888889
0.888889
0.888889
0.888889
0.888889
0.888889
0.888889
0.888889
0.888889
0.888889
0.888889
0.888889
0.888889
0.888889
0.888889
0.888889
0.888889
0.888889
0.888889
0.888889
0.888889
0.888889
0.888889
0.888889
0.888889
0.888889
0.888889
0.888889
0.888889
0.888889
0.888889
0.888889
0.888889
0.888889
0.888889
0.888889
0.888889
0.888889
0.888889
0.888889
0.888889
0.888889
0.888889
0.888889
0.888889
0.888889
0.888889
0.888889
0.888889
0.888889
0.888889
0.888889
