0
0
0
0
0
0
0
0
0
0
0.0268612
0.0283441
0.0237592
0
0
0
0
0
0
0
0.0275676
0.0277131
0.0245229
0
0.0294947
0.0304762
0.0249792
0
0
0
0.0305349
0.0283054
0.0245274
0
0.026262
0.028587
0
0
0.0271576
0
0.0255795
0.0172939
0
0.0293595
0.0305006
0.0267433
0
0
0.0287538
0
0.0288541
0
0
0
0
0.0270047
0.0276413
0.0293151
0.0295372
0
0.0313464
0.0244238
0
0
0
0.0288418
0
0.024668
0.0343572
0
0.045917
0.0246049
0
0
0
0.0308011
0
0.0250878
0
0.0695089
0.0765437
0.0259891
0
0
0
0
0.0179178
0
0.0482439
0.0706343
0.0857015
0.0805821
0
0
0
0.0639701
0
0.0771626
0.0880568
0
0.0838025
0
0.0962896
0.085503
0
0
0
0
0.0869977
0.0732921
0.0903458
0
0.0953872
0.11206
0
0
0
0.0955545
0
0.0766268
0.11289
0
0.134617
0
0
0
0.046047
0.0946042
0.106403
0
0.106068
0.126622
0
0
0
0
0
0.111836
0.0795046
0
