21.55
21.36
21.36
21.57
21.63
21.43
21.82
21.7
21.48
21.74
21.42
21.01
21.46
21.15
21.52
20.93
21.69
21.28
21.69
21.7
21.32
21.44
21.2
21.07
21.71
20.98
21.61
21.12
21.66
21.7
20.95
21.61
21.37
21.32
21.73
20.86
21.63
21.08
21.76
21.84
21.73
21.51
21.57
21.81
21.56
21.56
21.79
21.79
22.41
21.8
21.92
22.41
22.13
22.19
22.01
22.15
22.2
21.97
21.9
21.96
22.03
22.06
22.12
22.1
22.01
22.98
22.26
23.31
23.82
22.02
22.63
22.27
22.18
22.33
22.13
22.34
22.68
22.14
24.32
22.22
22.44
22.38
22.48
22.35
22.54
22.52
22.36
23.42
23.51
22.38
23.5
22.8
22.76
22.71
22.87
22.72
22.94
22.5
22.53
23.14
23.54
24.36
22.56
22.68
22.85
24.98
22.65
23.58
24.02
22.66
23.33
23.33
23.34
24.7
22.66
23.31
23.33
22.94
24.61
24.43
23.26
22.77
22.83
22.83
22.56
22.67
23.11
23.41
22.88
22.75
23.33
22.51
22.64
22.83
22.64
22.92
22.7
23.14
22.72
22.94
