0.101049
0.110322
0.100295
0.0978979
0.0947576
0.0996544
0.127574
0.0955563
0.0944669
0.110381
1.39366
0.114612
0.100494
0.0905539
0.0947576
0.110793
0.119933
2.69268
0.114939
0.11694
3.49379
0.090967
2.448
0.108609
1.61271
3.18121
0.083666
1.19416
0.0931397
0.107233
1.81294
0.126428
5.62341
3.84371
0.083666
1.41673
0.113119
2.39949
0.104933
0.106672
0.0923634
2.79401
4.15195
0.0861626
0.101681
2.88821
0.104014
0.108972
1.5374
0.111283
5.07571
0.304539
0.311609
0.305187
0.311851
0.306196
5.56623
0.292294
3.68104
0.318867
4.91276
0.453955
0.437579
0.421493
0.395589
0.430371
5.53195
0.444945
0.384545
0.449287
0.550324
0.50369
0.543039
0.485465
0.489746
0.499716
0.525913
0.477824
0.439567
0.518937
0.555878
0.526247
0.5929
0.555276
0.531484
0.602245
0.576562
0.552568
0.505684
0.539032
0.605755
0.620513
0.529841
0.611944
0.574804
0.591341
0.526513
0.510156
0.633791
0.593451
0.591502
0.602276
0.637824
0.64228
0.581893
0.518282
0.56345
0.634306
0.610111
0.620853
0.631578
0.614566
0.591063
0.626415
0.561693
0.564053
0.623782
0.613413
0.620081
0.631103
0.607029
0.631331
0.630378
0.619725
0.61561
0.592709
0.640577
0.619789
0.623297
0.583143
0.676381
0.55546
0.63359
0.653618
0.598775
0.598896
0.640046
0.591459
0.634631
0.634259
