0.639062
0.639062
0.639062
0.168523
0.639062
0.168523
0.168523
0.639062
0.168523
0.639062
0.643117
0.639062
0.569649
0.639062
1.09105
0.639062
0.842674
1.05148
0.781601
0.861162
0.756637
1.06306
0.606712
0.751266
0.72698
0.620403
0.460543
1.62923
1.08448
1.66325
0.38223
0.439204
0.486724
0.614898
1.05906
0.424735
0.785111
0.765506
1.3366
0.768115
0.58
0.579655
0.402989
0.907524
0.564712
0.848292
0.70746
1
0.33541
0.557136
0.683813
1.39585
0.6063
1.09311
3.39619
0.84788
0.578273
0.626817
0.523546
1.16516
0.600417
0.414246
0.51
0.532541
0.941063
0.578705
0.942338
2.41704
1.64451
0.496085
2.5807
0.429418
0.692892
0.51614
0.49558
0.599667
0.716659
0.490816
1.9152
1.10223
0.734575
0.555788
1.10223
0.50448
0.538145
0.46
0.52811
1.05076
1.95397
0.961301
0.926769
0.462169
0.443283
0.51
0.613514
1.34
0.443283
1.52565
0.741889
2.47661
3.14244
2.6744
1.10797
0.790949
1.51199
1.04408
0.695414
3.59779
0.59
2.49407
1.21676
1.01015
1.75957
0.764264
1.4353
1.33477
0.788923
2.20601
2.9353
3.2739
1.31989
0.837914
2.4201
0.395095
1.14263
1.90843
0.747596
1.47652
2.01209
2.804
0.994435
0.479166
1.03388
0.80181
1.04881
0.4005
0.805978
2.95743
0.387814
1.79767
