0.0499733
0.02409
0.0202404
0.0534983
0.0692969
0.0335221
0.107459
0.0740922
0.0447938
0.07133
0.0528202
0.0248174
0.0669824
0.0302487
0.0767184
0.0168402
0.0807893
0.0334731
0.0801109
0.07021
0.0546267
0.039583
0.0412068
0.0831698
0.0217031
0.0175243
0.0743188
0.0323484
0.0877873
0.080039
0.0235193
0.0520844
0.0489683
0.0368677
0.0825762
0.0189023
0.0701305
0.0341547
0.0805415
0.0824688
0.0568374
0.0279717
0.0426698
0.0645732
0.0489337
0.0344381
0.0786323
0.0761038
0.0159862
0.0738111
0.0360567
0.0585259
0.0624636
0.0429834
0.04964
0.0840834
0.0437805
0.0906464
0.02047
0.0638783
0.0295918
0.0999155
0.072917
0.114285
0.0893877
0.0704092
0.0194392
0.0591373
0.0468516
0.0966434
0.034869
0.071844
0.107074
0.104387
0.198531
0.132229
0.0692086
0.0507283
0.0290781
0.124067
0.0971942
0.346051
0.243743
0.324102
0.416361
0.325242
0.421297
0.244648
0.0519433
0.40658
0.109983
0.105275
0.221224
0.261596
0.188792
0.280019
0.162338
0.193793
0.147914
0.0883001
0.143922
0.169131
0.204237
0.177088
0.100599
0.159644
0.226617
0.103734
0.170534
0.20149
0.210317
0.150375
0.382878
0.190552
0.176587
0.182592
0.259468
0.240133
0.139532
0.21005
0.14
0.34
0.18
0.16
0.24
0.12
0.3
0.19
0.16
0.25
0.15
0.26
0.14
0.18
0.19
0.29
0.34
0.17
0.25
0.15
