0
0
0
0
0.888889
0.888889
0.888889
0
0
0.888889
0.554185
0
0.888889
0.888889
0
0
0.888889
0.221961
0.888889
0.888889
0.771053
0.888889
0.560402
0.888889
0.231018
0.108115
0.888889
0.440127
0.888889
0.888889
0.450713
0.888889
0.812989
0.676287
0.888889
0.344246
0.888889
0.56129
0.888889
0.888889
0.888889
0.564654
0.776676
0.888889
0.888889
0.670489
0.888889
0.888889
0.547523
0.888889
0.782192
0.888889
0.888889
0.888889
0.888889
0.888889
0.808868
0.888889
0.764609
0.888889
0.827999
0.888889
0.888889
0.888889
0.888889
0.888889
0.794959
0.888889
0.888889
0.888889
0.888889
0.888889
0.888889
0.888889
0.888889
0.888889
0.888889
0.888889
0.888889
0.888889
0.888889
0.888889
0.888889
0.888889
0.888889
0.888889
0.888889
0.888889
0.888889
0.888889
0.888889
0.888889
0.888889
0.888889
0.888889
0.888889
0.888889
0.888889
0.888889
0.888889
0.888889
0.888889
0.888889
0.888889
0.888889
0.888889
0.888889
0.888889
0.888889
0.888889
0.888889
0.888889
0.888889
0.888889
0.888889
0.888889
0.888889
0.888889
0.888889
0.888889
0.888889
0.888889
0.888889
0.888889
0.888889
0.888889
0.888889
0.888889
0.888889
0.888889
0.888889
0.888889
0.888889
0.888889
0.888889
0.888889
0.888889
0.888889
0.888889
0.888889
