1.15271e-15
3.70097e-16
4.78331e-16
8.06346e-16
1.1333e-15
4.27832e-16
7.41443e-16
9.27551e-16
3.92719e-16
1.55827e-15
2.25111e-16
1.41363e-16
3.54446e-16
8.80556e-17
1.05319e-15
7.25239e-17
3.18501e-16
1.91111e-16
4.1082e-16
5.73943e-16
2.25573e-16
7.5618e-17
4.30547e-17
1.0145e-16
7.00167e-16
4.54815e-17
8.02275e-17
2.41074e-16
5.60608e-16
3.51347e-16
4.98539e-17
3.02599e-16
1.50815e-16
1.28022e-16
8.95916e-16
3.50311e-17
3.68285e-17
3.90339e-16
8.66579e-16
1.2337e-15
2.61155e-17
2.37971e-16
2.75144e-16
1.11828e-16
1.23839e-16
6.37548e-17
2.21033e-13
8.47195e-16
1.6908e-17
3.828e-15
2.47914e-17
9.21151e-16
2.47644e-16
5.05609e-16
4.9432e-17
4.75378e-17
7.11843e-16
5.65594e-17
1.87334e-17
1.49241e-15
4.89426e-18
1.9984e-15
1.11022e-15
2.22045e-16
5.29247e-17
1.10055e-16
1.66533e-15
1.07009e-17
2.7907e-17
4.44089e-16
1.29106e-17
1.09933e-17
4.44089e-16
8.88178e-16
6.66134e-16
6.66134e-16
7.86884e-17
2.09399e-17
6.11598e-18
4.44089e-16
1.16521e-17
5.55112e-16
3.75871e-17
1.11022e-16
1.11022e-15
5.55112e-16
8.5179e-17
1.20285e-17
5.16645e-18
5.55112e-16
6.09009e-18
3.19679e-17
6.66134e-16
0
4.44089e-16
0
7.16546e-15
1.32794e-17
6.66134e-16
7.77681e-18
1.23162e-17
3.77453e-17
1.11022e-15
0
3.15924e-12
6.66134e-16
7.77156e-16
9.99201e-16
4.30066e-18
1.09618e-17
1.03783e-17
1.11022e-15
1.57459e-17
6.5504e-09
7.77156e-16
1.77636e-15
1.55431e-15
1.11022e-15
1.32545e-17
5.31432e-18
5.10492e-18
1.55431e-15
1.64451e-17
1.11022e-15
1.11022e-15
6.66134e-16
1.77636e-15
4.34136e-18
9.99201e-16
9.5591e-18
7.5749e-18
1.11022e-15
3.70115e-17
1.11022e-15
1.33227e-15
1.44329e-15
8.88178e-16
5.19006e-18
1.55431e-15
1.32244e-17
