0
0
0
0
0.0322222
0.232222
0
0.0888889
0
0.143333
0.0988889
0
0.162222
0.234444
0
0
0.397778
0.0255556
0.336667
0.284444
0.306667
0.364444
0.264444
0.127778
0.478889
0.0422222
0.401111
0.2
0.415556
0.451111
0.335556
0.458889
0.441111
0.412167
0.551111
0.292222
0.507778
0.378889
0.544444
0.524444
0.546667
0.46
0.506667
0.565556
0.537778
0.476667
0.617778
0.593333
0.441111
0.587778
0.653333
0.703333
0.683333
0.676667
0.676667
0.717778
0.642222
0.713333
0.613958
0.711111
0.692222
0.770738
0.733158
0.784134
0.776667
0.763333
0.653038
0.7
0.661111
0.780816
0.668889
0.747778
0.74711
0.733401
0.786667
0.8
0.75
0.746667
0.638594
0.763333
0.734444
0.828889
0.817778
0.817778
0.824444
0.82
0.848889
0.79
0.644344
0.835556
0.515556
0.675556
0.764444
0.728889
0.693333
0.755556
0.64
0.737778
0.675556
0.533333
0.491279
0.622222
0.731647
0.740382
0.707755
0.631111
0.770559
0.518159
0.672009
0.693333
0.56881
0.676783
0.707416
0.677546
0.716551
0.716033
0.728889
0.728889
0.629822
0.565194
0.675556
0.773333
0.666667
0.711111
0.773333
0.693333
0.764444
0.462222
0.657778
0.791111
0.693333
0.862222
0.702222
0.737778
0.728889
0.777151
0.711111
0.497778
0.782222
0.631111
