21.68
21.36
21.18
21.44
21.56
21.06
21.1
21.27
21.64
21.51
21.37
21.09
21.45
20.99
21.53
21.18
21.66
21.29
21.63
21.59
21.36
21.45
21.29
21.69
21.05
20.93
21.52
21.15
21.6
21.66
21.04
21.48
21.37
21.74
21.25
20.89
21.54
21.16
21.7
21.64
21.5
21.02
21.28
21.6
21.42
21.16
21.82
21.79
20.87
21.71
20.97
22.08
22.28
21.72
21.98
22.4
21.19
22.37
20.89
22.33
21.04
22.64
22.57
22.83
22.82
22.34
20.93
22.2
21.81
22.66
21.13
22.44
22.99
22.79
23.15
23
22.72
22.11
21.01
23
21.15
23.27
22.71
23.11
23.22
22.86
23.28
22.22
23.26
21.08
21.24
22.96
23.34
23.36
23.45
23.5
23.11
23.51
22.4
21.18
21.29
23.04
23.63
23.56
23.61
23.4
23.65
21.26
22.5
23.72
21.36
23.28
23.77
23.63
23.81
23.75
23.81
23.87
22.54
21.3
21.39
23.9
23.5
23.85
23.88
23.99
23.96
24.01
22.58
21.36
21.44
24
23.8
24.14
24.03
24.25
24.13
21.4
24.06
22.68
