0.130372
0.0209588
0.00145534
0.174322
0.253954
0.221673
0.054978
0.324014
0.0996157
0.309483
0.240372
0.122805
0.282713
0.293508
0.172245
0.0734691
0.361924
0.21444
0.347883
0.337288
0.211877
0.232069
0.210067
0.281533
0.152022
0.104439
0.253182
0.182223
0.255379
0.258261
0.101451
0.128192
0.124308
0.122444
0.144942
0.0875904
0.134792
0.114615
0.140619
0.135191
3.20924e-45
2.97732e-45
3.30169e-45
2.53089e-45
3.67194e-45
3.14997e-45
3.8202e-45
3.57424e-45
3.81532e-45
2.75475e-45
3.39199e-45
3.51673e-45
3.07911e-45
3.16867e-45
3.95249e-45
3.25576e-45
3.19842e-45
3.80466e-45
2.90593e-45
2.96158e-45
2.94168e-45
3.54226e-45
3.18433e-45
4.45707e-45
3.24191e-45
4.53687e-45
2.64225e-45
2.97999e-45
2.89539e-45
3.26575e-45
2.20793e-45
3.74428e-45
3.14272e-45
3.66137e-45
3.88763e-45
3.93156e-45
3.81543e-45
3.54455e-45
3.5171e-45
2.77979e-45
2.17491e-45
3.20486e-45
3.02298e-45
3.2431e-45
3.51811e-45
4.02033e-45
4.11217e-45
3.88925e-45
4.14328e-45
3.40412e-45
3.78775e-45
3.70488e-45
3.30339e-45
2.9218e-45
3.51975e-45
3.52333e-45
3.32744e-45
3.34717e-45
3.03554e-45
3.08909e-45
4.00225e-45
4.22212e-45
2.74043e-45
3.29931e-45
3.72523e-45
2.74968e-45
2.83987e-45
4.26409e-45
3.56429e-45
2.4255e-45
3.46651e-45
3.03626e-45
3.00869e-45
3.92394e-45
3.31187e-45
2.69814e-45
3.90467e-45
3.17063e-45
3.98462e-45
3.06723e-45
3.18651e-45
3.60336e-45
3.39258e-45
3.95148e-45
3.78724e-45
3.85767e-45
3.15117e-45
2.86838e-45
3.26132e-45
3.09326e-45
3.97034e-45
2.92327e-45
3.64254e-45
3.20579e-45
3.21602e-45
2.7356e-45
3.86441e-45
3.17204e-45
3.60723e-45
3.67785e-45
