0.372022
0.622896
0.218174
0.678602
0.315595
0.27
0.2498
0.524976
0.214709
0.438634
0.518073
0.492849
0.504381
0.485798
0.504381
0.49558
0.460869
0.506063
0.504381
0.504381
0.49558
0.49558
0.49558
0.49558
0.49558
0.49558
0.49558
0.49558
0.49558
0.49558
0.49558
0.49558
0.49558
0.49558
0.49558
0.49558
0.49558
0.49558
0.49558
0.49558
0.49558
0.49558
0.49558
0.49558
0.49558
0.49558
0.49558
0.49558
0.49558
0.49558
0.49558
0.49558
0.49558
0.49558
0.49558
0.49558
0.49558
0.49558
0.49558
0.49558
0.49558
0.49558
0.49558
0.49558
0.49558
0.49558
0.49558
0.49558
0.49558
0.49558
0.49558
0.49558
0.49558
0.49558
0.49558
0.49558
0.49558
0.49558
0.49558
0.49558
0.49558
0.49558
0.49558
0.49558
0.49558
0.49558
0.49558
0.49558
0.49558
0.49558
0.49558
0.49558
0.49558
0.49558
0.49558
0.49558
0.49558
0.49558
0.49558
0.49558
0.49558
0.49558
0.49558
0.49558
0.49558
0.49558
0.49558
0.49558
0.49558
0.49558
0.49558
0.49558
0.49558
0.49558
0.49558
0.49558
0.49558
0.49558
0.49558
0.49558
0.49558
0.49558
0.49558
0.49558
0.49558
0.49558
0.49558
0.49558
0.49558
0.49558
0.49558
0.49558
0.49558
0.49558
0.49558
0.49558
0.49558
0.49558
0.49558
0.49558
