0.00324326
0.00255289
0.00222628
0.00365116
0.0080196
0.0102647
0.00400548
0.00221077
0.00387998
0.00961819
0.00648748
0.00611161
0.006339
0.00399803
0.0109793
0.00264123
0.0158253
0.00941067
0.00771201
0.00973889
0.00689458
0.0084544
0.00564892
0.0117702
0.00290355
0.00458336
0.0133185
0.00903435
0.00834806
0.0210629
0.00594729
0.0102332
0.014865
0.0101085
0.0187587
0.00354218
0.0135635
0.00756253
0.012044
0.0164626
0.00931949
0.00560126
0.00827634
0.0127311
0.00800471
0.00865553
0.0186216
0.0138816
0.00352621
0.0205377
0.0045377
0.0140233
0.00853854
0.0124305
0.0127343
0.02148
0.00533123
0.0224434
0.00224612
0.0120495
0.00361715
0.0135857
0.00700294
0.0153025
0.020109
0.00980587
0.00257617
0.0115822
0.00390548
0.00973543
0.004662
0.00827712
0.0182387
0.0195958
0.0139422
0.0152666
0.00617662
0.00685051
0.00324006
0.0131136
0.00214741
0.0193858
0.007716
0.00918368
0.0170125
0.0109294
0.0258514
0.00829613
0.00219133
0.0068783
0.00456828
0.00873946
0.0104608
0.0120244
0.0117664
0.0154389
0.00845667
0.00728974
0.00285365
0.000976699
0.00315701
0.00702066
0.0145262
0.00711209
0.00804845
0.010756
0.00921889
0.00294629
0.00410019
0.013715
0.00330809
0.00499414
0.00876415
0.00904532
0.0091564
0.00777775
0.0143344
0.014476
0.00466214
0.00268338
0.00444158
0.0171555
0.00407212
0.00943309
0.0072396
0.0130608
0.0197277
0.00176294
0.00981554
0.00490275
0.00302812
0.0174697
0.00816475
0.00775388
0.00820295
0.00904144
0.00989298
0.00217539
0.0217917
0.0037751
