0.115134
0.214413
0.283715
0.0247305
0.00121132
0.321822
0.114566
0.0537322
0.207399
0.283993
0.15428
0.0399219
0.201973
0.00416531
0.255086
0.0782946
0.344022
0.136454
0.312587
0.284626
0.186227
0.231449
0.133391
0.37693
0.0643597
0.0177474
0.261013
0.104323
0.312517
0.34704
0.0606421
0.247905
0.210074
0.135584
0.38422
0.0252426
0.279016
0.125298
0.3454
0.349111
0.258363
0.0880506
0.165974
0.299107
0.235521
0.12232
0.394802
0.329393
0.0433512
0.341639
0.11776
0.312552
0.26901
0.197576
0.25866
0.346736
0.169115
0.374368
0.0517043
0.34412
0.139169
0.287481
0.278031
0.338365
0.308747
0.243288
0.0866692
0.223237
0.161375
0.325986
0.126182
0.17903
0.29992
0.271291
0.338518
0.287919
0.229589
0.179058
0.108182
0.251088
0.131531
0.213329
0.176766
0.21414
0.239894
0.199655
0.256641
0.17855
0.233418
0.111373
0.129865
0.171952
0.177554
0.17567
0.193551
0.183366
0.162133
0.194257
0.158367
0.0906007
0.0939378
0.0912636
0.12046
0.120406
0.127397
0.118468
0.125578
0.0812696
0.0994543
0.126553
0.0363841
0.0363893
0.03973
0.0390995
0.0377838
0.0376382
0.0386725
0.0350044
0.0384501
0.0315517
0
0
0
0
0
0
0
0
0
0
0
0
0
0
0
0
0
0
0
0
