0.0852291
0.056356
0.0623779
0.0876584
0.107121
0.0754983
0.0858545
0.0870115
0.0560714
0.0888313
2.99483
2.31836
2.20894
2.70285
1.86007
1.87323
2.16145
2.04199
1.7072
1.961
1.64463
1.81381
2.75173
2.08742
2.06275
2.38161
2.34628
1.68378
1.93689
1.98871
0.427012
1.43794
0.373549
1.45686
0.449729
1.19908
1.73403
2.01879
0.336238
0.430307
0.751029
0.763413
0.711508
0.58414
0.770114
0.524262
0.743959
0.742431
0.824628
1.01247
0.769532
1.04576
0.959176
0.545024
0.636002
0.884364
0.823021
0.847511
0.774371
0.551597
0.736138
0.604463
0.603801
1.09008
1.14589
0.621785
0.669271
0.752585
0.603278
0.882884
1.00772
0.535891
0.567436
0.680943
0.56542
0.776105
0.533663
0.867974
1.29016
0.680429
1.08116
1.19185
0.881074
0.680684
0.678447
0.707816
0.494469
1.16555
1.24423
0.677611
0.653644
0.925248
0.914275
0.663544
0.69026
0.888335
0.891462
0.952144
0.527488
0.614736
0.942199
1.22584
0.642223
0.696488
0.615028
0.689414
0.614007
0.72483
1.0073
1.05783
0.744691
0.77748
0.818703
0.622749
1.48138
0.859927
0.744776
0.687153
1.07042
0.693366
0.862714
0.616619
0.507184
1.00373
0.910035
0.674592
0.986541
0.806605
0.68447
0.526394
0.684482
0.631645
0.851828
0.607947
0.650557
0.642946
0.60352
1.06389
1.45653
1.12615
