22.172
22.232
22.209
22.148
22.156
22.144
22.166
22.171
22.209
22.154
21.978
21.94
21.972
22.008
22.146
21.942
21.938
21.953
22.084
22.043
21.902
21.958
21.853
22.173
21.78
21.772
21.806
22.006
22.07
22.148
21.739
21.998
21.925
21.873
22.22
21.703
22.042
21.812
22.168
22.126
22.014
22.112
21.772
21.887
21.816
21.92
22.218
22.237
21.704
22.179
21.816
22.206
22.225
22.015
22.291
22.138
21.883
22.267
21.725
22.246
21.953
22.308
22.284
22.372
22.245
22.353
22.21
21.81
22.111
22.323
22.124
22.271
22.307
22.319
22.403
22.292
22.385
22.226
21.898
22.369
22.232
22.306
22.271
22.29
22.321
22.319
22.276
22.268
22.095
22.33
22.275
22.279
22.29
22.292
22.282
22.288
22.291
22.275
22.288
22.254
22.296
22.293
22.292
22.295
22.291
22.291
22.294
22.288
22.295
22.29
22.294
22.29
22.294
22.292
22.289
22.289
22.298
22.291
22.293
22.292
22.292
22.29
22.293
22.291
22.292
22.286
22.29
22.293
22.293
22.293
22.295
22.289
22.291
22.295
22.295
22.293
22.29
22.295
22.29
22.294
