21.877
22.024
22.039
22.112
22.193
21.782
21.943
21.867
22.107
21.937
21.818
21.794
21.895
21.972
22.133
21.825
21.705
21.792
22.082
22.034
21.848
21.891
21.79
22.226
21.678
21.669
21.741
21.983
22.083
22.019
21.681
21.936
21.848
21.809
22.337
21.637
21.973
21.739
22.151
21.998
21.942
21.69
21.997
21.793
21.827
21.733
22.324
22.368
21.665
22.111
21.71
22.14
22.403
21.927
22.069
21.811
22.532
22.595
21.673
22.588
21.808
22.722
22.734
22.747
22.412
22.709
22.204
21.723
21.98
22.731
21.991
22.655
22.716
22.748
22.787
22.754
22.751
22.326
21.831
22.727
22.389
22.556
22.661
22.579
22.552
22.537
22.588
22.559
22.002
22.61
22.295
22.293
22.292
22.294
22.298
22.294
22.295
22.295
22.293
22.291
22.291
22.294
22.292
22.293
22.29
22.291
22.285
22.293
22.29
22.294
22.29
22.296
22.298
22.3
22.295
22.293
22.29
22.292
22.294
22.296
22.293
22.288
22.294
22.289
22.296
22.291
22.291
22.291
22.295
22.292
22.298
22.29
22.294
22.292
22.292
22.296
22.292
22.295
22.293
22.294
