21.687
21.868
21.725
21.943
22.003
21.851
21.732
21.809
21.834
21.936
22.155
21.717
22.223
21.675
22.332
21.789
22.666
22.043
22.606
22.488
22.686
23.056
22.444
23.41
21.772
21.622
23.142
22.063
23.21
23.438
21.757
23.64
23.345
23.802
22.964
21.653
23.567
22.235
23.728
23.81
24.392
21.775
23.593
24.241
24.004
22.146
24.143
24.205
21.728
24.161
24.748
25.025
25.072
25.875
25.324
24.77
26.12
24.856
21.992
25.165
26.231
25.418
25.171
25.259
25.103
25.696
25.865
25.97
26.23
25.329
26.499
26.103
25.288
25.616
25.287
25.474
25.802
26.388
26.716
25.573
26.561
25.633
26.067
25.795
25.578
26.094
25.55
26.311
25.646
25.965
26.66
26.183
25.911
25.982
25.719
25.84
26.083
25.784
26.681
26.346
27.06
26.203
25.951
26.122
26.082
25.903
25.835
26.962
26.431
26.079
26.803
26.574
26.002
26.322
26.12
25.786
26.107
26.037
26.553
26.6
27.069
26.014
26.707
26.368
26.069
26.219
25.918
27.133
26.095
26.603
26.998
25.988
26.742
26.44
26.396
26.273
26.329
26.838
26.217
26.61
