0.196735
0.196735
0
0.196735
0
0
0
0
0.196735
0
0.196735
0
0.393469
0.196735
0
0
0
0
0
0
0
0
0
0
0
0.393469
0
0
0.196735
0.196735
0
0.196735
0
0
0
0
0
0
0.196735
0.196735
0
0
0
0.196735
0
0.196735
0
0
0
0
0
0
0.196735
0
0
0.196735
0
0
0.196735
0
0
0
0.388103
0
0.393469
0.196735
0.196735
0
0
0
0
0
0
0
0
0
0
0.196735
0
0
0.393469
0.196735
0
0
0
0
0
0
0
0
0
0
0
0
0
0
0
0
0
0
0
0
0.393469
0
0
0
0
0
0
0
0
0
0
0
0
0
0
0
0
0
0
0
0
0
0
0
0
0
0
0
0
0
0
0
0
0
0.393469
0
0
0
0
0
0
0
0
0
0
0
0
0
0
0
0
0
0
0
0
0
0
0
0
0
0
0
0
0
0
0
0
0
0
0
0
0
0
0
0
0
0
0
0
0
0
0
0
0
0
0
0
0
0
0
0
0
0
0
0
0
0
0
0
0
0
0
0
0
0
0
0
0
0
0
0
0
0
0
0
0
0
0
