0.639062
0.855862
0.639062
0.493559
1.99251
0.686731
0.639062
0.917824
0.930376
0.965453
0.62
1.69944
0.639062
3.07903
0.822435
2.12323
0.639062
1.95489
1.0854
3.10168
0.639062
3.31873
1.16658
1.08669
2.40832
0.639062
2.05292
2.4699
4.36033
3.40969
0.803741
0.639062
2.74124
0.872009
1.05399
0.639062
3.82373
1.1493
3.57672
3.97856
0.639062
1.93445
4.47218
4.08074
3.25029
1.39657
4.65579
3.76841
2.83803
2.26619
4.28674
3.73504
1.20482
5.0064
4.1169
3.82993
4.05227
0.899389
4.01343
3.12947
3.52028
2.72215
4.33854
3.84375
3.35118
3.3345
4.97036
4.11705
3.73583
3.56439
4.77435
4.34829
3.98122
5.11962
3.6483
2.39491
3.17326
5.23153
4.85864
3.30787
4.5016
5.13074
5.12817
4.65026
3.41385
5.07291
4.20333
4.22754
3.18699
4.71572
4.49499
4.61394
4.56181
4.6885
5.06178
4.72796
5.0602
5.23851
4.71827
4.39359
4.08896
4.18349
5.04449
5.31659
5.22146
3.79183
3.65398
4.99296
4.67337
5.12368
