0.133099
0.16802
0.196209
0.201017
0.23001
0.251125
0.319655
0.216987
0.295085
0.209548
0.387078
0.529205
0.206957
0.223765
0.187261
0.222775
0.192022
0.195556
0.0622222
0.228929
0.230897
0.230579
0.253538
0.294172
0.236255
0.229987
0.233826
0.331744
0.235301
0.335625
0.236822
0.390626
0.307812
0.23911
0.25037
0.233807
0.239915
0.314973
0.340563
0.282612
0.351412
0.238142
0.39431
0.245289
0.236639
0.311174
0.242364
0.236581
0.339697
0.255083
0.349179
0.240697
0.303229
0.273147
0.239972
0.244337
0.353469
0.398353
0.29949
0.240077
0.298895
0.24992
0.313377
0.295576
0.244081
0.245037
0.241055
0.326037
0.269433
0.317258
0.241983
0.364007
0.248956
0.289112
0.244116
0.244755
0.300733
0.307653
0.317039
0.266161
0.244428
0.366652
0.318924
0.248396
0.249773
0.280463
0.314434
0.245286
0.354974
0.264306
0.295033
0.329955
0.247423
0.248084
0.30847
0.359164
0.273918
0.288332
0.313419
0.263785
0.248342
0.250752
0.289428
0.343404
0.339983
0.273556
0.303392
0.261494
0.308095
0.251973
0.309341
0.281212
0.337588
0.310034
0.271258
0.295419
0.263848
0.338436
0.303596
0.28029
0.326008
0.268881
0.36164
0.308106
0.291459
0.299359
0.276913
0.296353
0.330211
0.285478
0.302288
0.303205
0.31142
0.28994
0.296374
0.300761
0.32396
0.30466
0.306376
0.305484
