10
20
30
40
50
60
70
10
80
100
120
20
90
110
30
130
140
40
10
50
60
70
80
20
30
100
10
40
50
60
20
10
30
10
20
10
10
40
30
20
10
10
20
10
30
20
90
30
50
50
80
50
20
20
70
110
40
30
40
20
90
60
140
120
100
60
70
130
30
150
30
160
170
40
40
200
50
180
80
30
190
60
110
50
60
50
60
70
40
40
90
40
80
100
50
50
80
70
120
140
130
150
160
60
100
110
90
70
60
80
170
60
120
180
70
90
100
130
110
80
200
90
70
190
160
140
150
100
120
80
70
110
130
90
100
80
70
170
120
180
110
90
150
140
80
100
130
160
90
190
120
200
110
100
90
140
170
150
100
120
110
130
180
160
110
140
130
120
150
190
200
170
110
160
120
180
140
130
150
120
190
170
140
130
200
160
180
150
130
140
170
190
160
150
200
180
140
160
150
170
190
180
200
150
160
170
190
180
160
200
170
190
180
170
200
190
180
200
190
200
