10
20
20
50
10
10
10
20
30
20
40
10
60
10
10
20
20
20
20
30
20
50
30
10
10
10
10
40
70
80
90
30
20
20
100
110
40
30
60
50
120
30
30
40
50
130
70
60
30
40
140
80
30
40
30
160
150
90
50
100
70
30
60
40
180
170
50
40
80
110
60
40
190
70
50
200
40
90
120
60
50
40
80
100
70
130
50
110
60
140
90
50
70
50
80
150
60
100
70
120
160
60
90
80
70
60
170
110
130
180
60
100
80
70
90
140
120
190
80
150
70
110
100
200
90
70
130
80
160
80
120
90
100
110
140
170
80
180
90
150
100
130
120
110
90
160
190
100
140
110
130
90
120
200
100
150
170
110
180
120
100
140
160
130
110
190
150
120
170
130
140
110
200
160
120
180
150
130
140
120
190
170
160
130
150
140
180
200
130
170
160
140
150
190
180
140
200
160
170
150
190
180
150
160
170
200
190
160
180
170
200
190
180
170
200
180
190
200
190
200
