10
20
20
50
10
10
10
20
60
30
30
20
40
10
10
10
20
20
20
20
20
50
30
10
80
10
10
10
70
90
40
30
100
110
40
20
30
20
60
50
120
30
30
40
130
50
70
60
140
30
40
80
160
30
40
150
50
90
30
180
170
100
70
60
40
30
50
80
190
40
110
200
60
40
70
50
120
40
90
60
50
40
80
100
130
70
50
60
90
110
80
140
50
70
50
150
60
100
160
120
70
60
90
80
170
70
110
60
130
180
100
60
80
70
90
140
120
190
150
80
70
200
110
100
90
130
160
70
80
120
80
90
110
100
140
170
80
180
90
150
130
100
120
110
90
160
190
140
100
110
130
120
200
90
150
100
170
110
180
120
140
100
160
130
110
150
190
120
170
140
130
110
200
160
180
120
150
130
140
120
190
170
160
130
150
140
180
200
130
170
160
140
190
150
180
140
200
160
170
150
190
180
150
160
170
200
190
160
180
170
200
190
180
170
200
180
190
200
190
200
