0.352704
0.352704
0.18868
0.457821
0.352704
0.648383
0.649307
0.352704
0.166132
0.81878
0.845518
0.905539
0.352704
0.945569
0.402492
1.00324
1.05171
0.352704
0.185472
0.588982
0.352704
0.732735
0.185472
0.352704
0.410974
0.690579
0.671491
0.352704
0.824621
0.553534
0.352704
0.185472
0.796304
0.372022
0.791454
0.700286
0.791454
0.185472
0.641561
0.571402
0.819085
0.374299
0.179165
0.786193
0.67
0.725879
0.571402
0.381576
0.722496
0.646529
0.179165
1.01607
0.791454
0.179165
0.67
0.381576
0.756373
0.564269
0.179165
0.717565
0.639453
0.688767
0.381576
0.654905
0.786193
0.564269
0.976524
0.744648
0.60696
0.381576
0.551453
0.69
0.654905
0.7687
0.381576
0.684178
0.722496
0.942391
0.608358
0.53
0.661513
0.69
0.756373
0.53
0.952943
0.621611
0.661513
0.722496
0.941063
0.756373
0.685274
0.661513
0.621611
0.924175
0.722496
0.936429
0.756373
0.621611
0.685274
0.722496
0.924175
0.756373
0.930591
0.678896
0.717565
0.922822
0.691375
0.921358
0.922822
0.905594
