3.33067e-16
3.33067e-16
3.33067e-16
3.33067e-16
3.33067e-16
3.33067e-16
3.33067e-16
3.33067e-16
3.33067e-16
3.33067e-16
4.47545e-17
3.04047e-17
1.96262e-17
7.02167e-17
8.82086e-17
5.41056e-17
0
1.71995e-16
5.55112e-17
1.28981e-15
5.55112e-17
1.4425e-12
2.8181e-09
7.49914e-17
5.55112e-17
2.3222e-17
2.77556e-17
9.03656e-17
3.7238e-17
5.88785e-17
4.02217e-17
2.63313e-17
2.77556e-17
1.40159e-16
5.55112e-17
1.96262e-17
2.3222e-17
4.02217e-17
2.77556e-17
6.91108e-17
0
6.32925e-17
1.20025e-16
3.7238e-17
3.7238e-17
2.77556e-17
2.77556e-17
6.64107e-17
6.50926e-17
1.96262e-17
4.29988e-17
8.11584e-17
2.05841e-17
6.50926e-17
3.92523e-17
3.04047e-17
8.77708e-18
4.38854e-17
1.64087e-16
1.04222e-16
0
0
2.63313e-17
1.31656e-17
2.77556e-17
2.63313e-17
1.31656e-17
2.77556e-17
6.68443e-17
9.81308e-18
2.77556e-17
2.77556e-17
1.24127e-17
1.22251e-16
0
1.45551e-17
1.75542e-17
1.44222e-16
1.20025e-16
1.80944e-16
1.57744e-16
6.49445e-17
2.77556e-17
7.07631e-17
1.8619e-17
8.90777e-17
2.3222e-17
0
4.29988e-17
2.77556e-17
7.73928e-17
2.77556e-17
0
1.13933e-16
9.77375e-17
4.56071e-17
1.38778e-17
0
3.74957e-17
1.64204e-17
8.3613e-17
0
1.96262e-17
0
1.38778e-17
7.60118e-18
9.34048e-17
3.13405e-17
1.38778e-17
4.88687e-17
