0
0.0334455
0.564535
0
0.738957
0.798384
0.874494
0
0.906476
0.0284697
0.924463
0.96303
0
1
0.522714
1
1
1
0.0284697
1
0.680239
0
1
1
1
0.770289
1
1
1
0
1
0.80578
0.495004
0.853699
0.0153665
0.870777
0
0.673433
0.894244
0.894968
0
0.0034863
0.755245
0.90877
0.495004
0.933998
0
0.941218
0.799781
0.948857
0.0034863
0.951537
0.666778
0.833693
0
0.956892
0.495004
0.943103
0.858377
0.969473
0.755245
0.971148
0.864105
1
0.0034863
1
0.893921
0.666778
0.495004
0.798295
0.896313
0.0034863
0.813885
0.90009
0.75773
0.914565
0.846788
0.924405
0.666778
0.0034863
0.495004
0.925207
0.862031
0.792783
0.941124
0.943571
0.870847
0.0034863
0.754148
0.946226
0.82663
0.5
0.888809
0.948198
0.95853
0.666778
0.899675
0.849382
0.95986
0.792254
0.913786
0.504996
0.853828
0.912745
0.666778
0.734179
0.827182
0.918884
0.861515
0.933315
0.504996
0.888727
0.916763
0.826931
0.78631
0.94186
0.896606
0.749138
0.666778
0.934931
0.859964
0.900427
0.938524
0.818516
0.945584
0.910787
0.855995
0.78174
0.669939
0.913307
0.826931
0.742456
0.863061
0.918884
0.933821
0.888809
0.805726
0.853859
0.93269
0.898243
0.781868
0.92335
0.733238
0.867182
0.939831
0.826931
0.901361
0.934457
0.869203
0.91913
0.806914
0.856749
0.910305
0.782706
0.889646
0.918884
0.870951
0.900056
0.828276
0.933315
0.900427
0.932391
0.79834
0.869203
0.851619
0.923792
0.910787
0.889646
0.938086
0.912745
0.828276
0.865423
0.898023
0.912098
0.928891
0.863338
0.900427
0.850502
0.932857
0.91211
0.89689
0.93015
0.868951
0.916381
0.92335
0.879063
0.907782
0.86598
0.904491
0.918884
0.896535
0.887411
0.933821
0.930351
0.908593
0.883582
0.916763
0.920104
0.906308
0.92018
0.898037
0.923534
0.910113
0.932351
0.931307
0.911921
0.913058
0.916012
0.933315
0.929332
