0.112272
0.112272
0.112272
0.112272
0.112272
0.112272
0.112272
0.112272
0.112272
0.266196
0.112272
0.854234
0.879738
0.0961197
0.880757
0.880796
0.880797
0.880797
0.0755173
0.880797
0.0604276
0.880797
0.880797
0.081556
0.0446874
0.880714
0.0395287
0.880794
0.0357232
0.880797
0.0307255
0.880797
0.027657
0.880797
0.0298961
0.0257473
0.880797
0.880797
0.022518
0.0206985
0.0214989
0.0257868
0.0202525
0.0185843
0.0168075
0.0227238
0.0176847
0.0173192
0.0158242
0.0142866
0.0163464
0.0203473
0.0156009
0.0125053
0.0150745
0.0184464
0.0126927
0.0128919
0.0111721
0.0106821
0.0101326
0.0131689
0.0102705
0.00929672
0.0109191
0.00927105
0.00860835
0.0117128
0.00859777
0.00822074
0.00949493
0.0105616
0.00866055
0.00740544
0.00742931
0.00675237
0.00841544
0.00656282
0.00722551
0.00621629
0.0075074
0.00589234
0.00756731
0.00622634
0.00535673
0.00624856
0.00663818
0.00548733
0.00491812
0.00537416
0.00491673
0.00595808
0.00551526
0.00446176
0.00472866
0.00473671
0.0040898
0.00494332
0.00423106
0.0041628
0.00383483
0.00424078
0.00351128
0.00372093
0.00372351
0.00336943
0.00332562
0.00308267
0.00300938
0.00275156
