0.21
0.166132
0.144568
0.186815
0.21
0.216564
0.205183
0.205183
0.205183
0.179165
0.21
0.205183
0.205183
0.205183
0.205183
0.179165
0.205183
0.205183
0.21
0.22561
0.179165
0.26
0.21
0.228035
0.215639
0.205183
0.195959
0.205183
0.21
0.22561
0.205183
0.205183
0.26
0.205183
0.21
0.215639
0.205183
0.195959
0.205183
0.242693
0.205183
0.21
0.228035
0.248193
0.195959
0.205183
0.215639
0.21
0.26
0.201246
0.205183
0.26
0.21
0.195959
0.205183
0.248193
0.215639
0.205183
0.242693
0.205183
0.26
0.228035
0.195959
0.205183
0.216564
0.248193
0.215639
0.26
0.205183
0.195959
0.201246
0.242693
0.26
0.205183
0.215639
0.248193
0.195959
0.228035
0.205183
0.26
0.205183
0.228035
0.215639
0.26
0.216564
0.248193
0.26
0.205183
0.242693
0.215639
0.26
0.205183
0.26
0.248193
0.228035
0.201246
0.26
0.205183
0.228035
0.26
0.248193
0.26
0.216564
0.26
0.205183
0.26
0.242693
0.205183
0.26
0.228035
0.26
0.201246
0.26
0.228035
0.26
0.242693
0.216564
0.26
0.242693
0.216564
0.26
0.205183
0.26
0.228035
0.26
0.228035
0.26
0.242693
0.216564
0.242693
0.216564
0.26
0.228035
0.242693
0.228035
0.242693
0.216564
0.242693
0.228035
0.228035
