0.0555404
1.4248e-46
0.0227523
5.83858e-46
6.6234e-46
3.23512e-46
0.0183457
3.98977e-46
6.31336e-47
2.36516e-46
3.27037e-46
3.02394e-46
0.0123527
3.20379e-46
7.30662e-47
3.28315e-46
0.00984903
1.09519e-46
3.952e-47
1.56187e-46
0.00788432
8.21209e-47
4.42217e-47
1.78649e-47
7.98916e-47
0.00714209
1.40383e-46
6.30092e-48
2.38702e-46
1.94113e-46
9.84159e-48
0.00673454
2.92254e-47
4.93356e-48
3.21401e-47
0.0063384
3.07453e-47
1.5957e-48
3.36149e-47
3.20817e-47
0.00528388
5.75633e-48
1.713e-47
3.02923e-47
2.77455e-47
1.85502e-47
3.67875e-47
3.50721e-47
3.48991e-47
0
4.0164e-47
2.00822e-47
1.00769e-47
0
2.85029e-48
9.5047e-48
2.98192e-48
6.55061e-48
2.85897e-47
1.22649e-47
5.0521e-47
0
5.97099e-48
2.98064e-48
0
6.48233e-47
9.95866e-48
3.15143e-47
2.77804e-48
9.68721e-48
7.93657e-50
1.27467e-47
4.76618e-48
1.96563e-49
3.91806e-48
3.05198e-48
1.03948e-47
5.40791e-48
8.71049e-49
6.56578e-48
2.73859e-47
3.89959e-48
1.25101e-47
2.23985e-48
0
4.10074e-48
6.02618e-48
1.46357e-47
2.07235e-47
1.19823e-47
3.02952e-47
5.47674e-48
0
1.83063e-47
0
5.06823e-48
3.85359e-48
0
3.12451e-50
0
4.71167e-48
1.51065e-48
0
0
2.40698e-48
1.47602e-47
6.14886e-48
1.0715e-47
2.11465e-49
0
