22.19
22.218
22.266
22.5
22.842
23.133
22.285
23.275
32.668
23.491
23.549
23.829
22.291
23.867
22.538
23.902
22.297
22.95
34.036
23.122
22.298
23.427
35.434
36.75
23.548
22.297
23.726
22.911
23.79
23.966
36.208
22.299
23.187
36.061
24.077
22.298
23.18
36.877
35.938
23.524
22.3
36.62
23.669
23.178
23.841
36.823
23.982
23.273
36.665
36.576
24.063
23.546
36.964
36.608
23.764
36.389
36.892
37.293
23.948
23.348
23.962
37.291
36.317
36.81
23.583
23.928
36.488
23.737
35.949
37.165
23.777
35.909
36.776
23.642
23.971
37.19
23.943
23.659
36.394
36.906
37.048
23.8
36.894
23.835
36.98
35.621
36.867
23.621
24.043
35.22
23.858
36.698
36.37
23.937
34.977
24.001
36.555
23.685
36.481
35.939
23.925
35.735
24.009
35.202
35.465
23.927
24.056
36.584
35.508
24.12
