1.11022e-15
1.11022e-16
7.77156e-16
1.11022e-15
0
1.18005e-44
1.13569e-44
1.06795e-44
1.06599e-44
1.11022e-16
1.11022e-15
1.032e-44
1.15198e-44
1.14938e-44
1.08859e-44
1.14786e-44
1.1421e-44
1.11022e-15
1.13753e-44
9.9171e-45
1.38778e-16
1.02259e-44
1.11022e-15
1.15465e-44
1.05869e-44
1.0776e-44
1.06033e-44
1.11022e-15
1.05281e-44
1.0693e-44
1.14664e-44
1.13521e-44
1.11022e-15
1.07427e-44
1.07048e-44
1.08371e-44
1.06728e-44
1.0554e-44
1.07643e-44
1.1771e-44
1.1104e-44
1.11022e-15
1.02655e-44
1.08398e-44
9.58386e-45
1.11022e-15
1.13021e-44
1.09346e-44
1.07399e-44
1.03874e-44
1.11022e-15
1.07841e-44
1.03703e-44
1.07986e-44
1.04975e-44
1.06185e-44
1.04311e-44
1.09548e-44
1.11231e-44
1.04136e-44
1.00766e-44
1.08588e-44
1.0759e-44
1.06562e-44
1.0527e-44
1.05868e-44
1.0152e-44
1.03834e-44
1.08193e-44
9.8922e-45
1.0564e-44
1.1039e-44
1.09614e-44
1.06523e-44
1.00832e-44
1.03619e-44
1.01119e-44
1.08933e-44
9.63211e-45
1.09141e-44
1.11453e-44
1.05971e-44
1.01783e-44
1.06939e-44
1.11846e-44
1.09817e-44
9.86904e-45
1.08462e-44
1.0293e-44
1.10332e-44
1.06338e-44
1.09971e-44
1.07834e-44
1.10325e-44
1.13641e-44
1.06807e-44
1.1482e-44
1.12852e-44
1.07645e-44
1.09811e-44
1.10555e-44
1.05472e-44
1.10917e-44
1.10125e-44
1.04248e-44
9.87131e-45
1.09033e-44
1.08682e-44
1.03509e-44
9.65724e-45
9.89344e-45
1.07622e-44
1.07335e-44
1.09607e-44
1.07542e-44
1.00989e-44
9.82326e-45
1.1341e-44
9.95708e-45
1.06463e-44
1.06259e-44
1.12738e-44
1.08449e-44
1.07371e-44
1.08484e-44
1.07759e-44
1.01891e-44
1.16633e-44
1.04439e-44
1.08126e-44
1.04639e-44
1.05711e-44
1.0074e-44
1.06759e-44
1.11866e-44
1.15321e-44
1.01927e-44
1.10724e-44
1.09997e-44
1.09559e-44
