0.0121532
0.0146431
0.0115846
0.0216222
0.00648595
0.0121903
0.0149347
0.00254925
0.0528507
0.00552704
0.00836773
0.0153813
0.00356484
0.17467
0.020595
0.0055671
0.237591
0.0030059
0.0183653
0.00264527
0
0.0108923
0
0.0021213
0.00841129
0.00243872
0.00486712
0.00383837
0.0166718
0.00144026
0.00661404
0.0016711
0.00274537
0.0282142
0.00444659
0.00897139
0.00739909
0.014209
0.00389788
0.0398771
0.0961891
0.00213257
0.00414052
0.10671
0.00276219
0.188625
0.00646262
0.00408135
0.0010962
0.0235769
0.0043447
0.0440853
0.00273007
0.00429307
0.0126408
0.00317799
0.00565619
0.00396961
0.00329242
0.00498838
0.00186753
0.00240659
0.00672862
0.00660272
0.00506603
0.00425851
0.00320639
0.00210615
0.00474953
0.00297085
0.0247689
0.00337292
0.00258896
0.0055642
0.00137037
0.00401317
0.0478547
0.00195016
0.00175717
0.00163383
0.0409729
0.00403375
0.00282481
0.00377197
0.00229967
0.00167931
0.000557791
0.0139527
0.0238378
0.00201764
0.00138962
0.00174813
0.0018855
0.0396995
0.00292073
0.0259746
0.000902845
0.00253188
0.0389512
0.00203817
0.0112475
0.00146243
0.00303856
0.0120498
0.00214356
0.00283026
0.00388386
0.00259745
0.00129249
0.00265503
0.00118926
0.00182612
0.038903
0.00133121
0.0032459
0.0011068
0.00250817
0.0107183
0.000791424
0.00110583
0.00202911
0.000799246
0.00218253
0.000999622
0.000960356
0.00153474
0.00267367
0.00190672
0.00202817
0.00123492
0.00308109
0.00436172
0.00107467
0.000997839
0.000809931
0.00112974
0.00193173
0.000804246
0.00205512
0.00153683
