21.36
21.36
20.93
21.36
21.58
21.36
21.58
21.36
21.58
21.58
21.58
21.58
21.36
21.58
21.58
21.36
21.58
21.58
21.58
21.58
21.36
21.58
21.58
21.36
21.58
21.58
21.36
21.58
21.58
21.58
21.58
21.58
21.58
21.58
21.58
21.58
21.58
21.58
21.58
21.58
21.58
21.58
21.58
21.58
21.58
21.58
21.58
21.58
21.58
21.58
21.58
21.58
21.58
21.58
21.58
21.58
21.58
21.58
21.58
21.58
21.58
21.58
21.58
21.58
21.58
21.58
21.58
21.58
21.58
21.58
21.58
21.58
21.58
21.58
21.58
21.58
21.58
21.58
21.58
21.58
21.58
21.58
21.58
21.58
21.58
21.58
21.58
21.58
21.58
21.58
21.58
21.58
21.58
21.58
21.58
21.58
21.58
21.58
21.58
21.58
21.58
21.58
21.58
21.58
21.58
21.58
21.58
21.58
21.58
21.58
21.58
21.58
21.58
21.58
21.58
21.58
21.58
21.58
21.58
21.58
21.58
21.58
21.58
21.58
21.58
21.58
21.58
21.58
21.58
21.58
21.58
21.58
21.58
21.58
21.58
21.58
21.58
21.58
21.58
21.58
