0.151111
0.748889
0.8
0.764444
0.182105
0.773333
0.826667
0.755556
0.768636
0.85654
0.208276
0.774909
0.715929
0.711899
0.771957
0.878947
0.650091
0.73882
0.236154
0.852632
0.882069
0.843158
0.240408
0.862105
0.932151
0.791324
0.924019
0.756129
0.233051
0.856549
0.797477
0.735817
0.868966
0.827517
0.244348
0.930173
0.575134
0.939341
0.524854
0.882596
0.743899
0.238101
0.884693
0.874358
0.949624
0.648433
0.959727
0.240899
0.839526
0.740476
0.642265
0.892371
0.247273
0.956854
0.744738
0.906333
0.937503
0.575991
0.758671
0.39542
0.920816
0.597543
0.962141
0.796713
0.782917
0.872751
0.97169
0.856387
0.538199
0.966337
0.691425
0.634103
0.933898
0.432683
0.975026
0.874557
0.969876
0.625428
0.44744
0.888754
0.703802
0.666313
0.953953
0.955942
0.368221
0.849367
0.67233
0.556332
0.514313
0.980232
0.832543
0.37158
0.918228
0.903587
0.671487
0.384083
0.556685
0.615818
0.33759
0.738068
0.799732
0.466377
0.490433
0.943533
0.406335
0.599174
0.652857
0.286583
0.606262
0.22025
0.936391
0.63127
0.42971
0.538127
0.42392
0.661147
0.369192
0.651687
0.297601
0.25465
0.422967
0.493434
0.304871
0.370086
0.550772
0.239089
0.340802
0.302428
0.301792
0.381893
0.437458
0.552582
0.268691
0.263044
0.233639
0.350977
0.481701
0.290082
0.234787
0.402978
