0.639062
0.639062
0.32619
0.404475
0.639062
0.317017
0.639062
0.903604
0.328786
0.67
0.47634
0.639062
2.39658
0.757694
1.23305
0.639062
0.757364
1.19954
0.648383
0.462709
0.639062
2.78189
0.639062
0.553624
0.349428
2.63484
0.639062
0.567891
0.639062
0.537122
0.621611
1.49161
2.00402
0.35623
2.88832
0.575239
0.493964
0.350571
1.30878
2.92609
0.931075
0.919184
0.966488
0.984937
2.1844
1.53766
0.523832
1.48849
0.31241
1.03711
1.81243
3.01828
1.42144
1.28254
2.27605
0.416653
1.85159
1.18157
0.575847
1.01882
1.70247
1.29232
1.75639
0.911537
1.62607
0.807713
1.17427
1.98081
0.496488
1.77339
2.11492
2.95391
0.705975
2.38455
0.52811
2.59478
2.14021
1.22817
1.90305
1.26337
2.27939
2.18092
3.58392
1.40727
2.17304
3.97361
2.26276
2.61536
3.39
1.56847
1.0519
1.77778
2.37447
1.93918
1.91885
1.49452
1.56601
1.73781
1.46017
2.16758
2.64766
2.14758
2.53172
2.43658
2.6676
2.87228
3.35412
2.98913
3.20974
2.33497
