0
0
0
0.279707
0
0
0
0
0
0.140096
0.458258
0
0.458258
0.3
0.458258
0.246249
0.458258
0
0.5
0.0996675
0.489898
0.3
0.458258
0
0
0
0.308058
0
0.489898
0
0.489898
0
0.3
0.458258
0.11015
0.458258
0
0.458258
0.3
0.458258
0.458258
0.0901829
0.489898
0.4
0.489898
0.489898
0.489898
0.326924
0.147641
0.5
0.3
0.4
0.363758
0.489898
0.146866
0.3
0.458258
0.458258
0.4
0.4
0
0.458258
0.316488
0.3
0
0.5
0.458258
0.0996675
0.4
0.489898
0.3
0.386231
0
0.3
0.489898
0.4
0
0.363685
0.458258
0
0.3
0.489898
0.4
0.489898
0.458258
0.313788
0.458258
0.3
0.3
0.4
0.4
0.458258
0.458258
0.4
0.458258
0.4
0.3
0.489898
0.4
0.4
0.4
0.489898
0.3
0.4
0
0
0.3
0.4
0.458258
0
0.4
0.3
0.3
0.3
0.458258
0.458258
0.4
0.458258
0
0
0.3
0.4
0
0
0
0
0
0.3
0.4
0.3
0.4
0
0
0.3
0.3
0
0
0
0
0.3
