0.424264
0.391024
0.723948
0.369459
0.856796
1.23454
0.445084
0.382623
1.17644
1.18663
0.441475
0.344093
1.33477
0.369459
0.577581
0.70852
0.448999
0.426146
0.954411
0.520481
0.635295
0.369459
0.407554
0.359026
0.369459
1.15169
2.57272
0.364555
0.358329
0.783645
0.669627
0.578705
0.553534
0.358329
1.08793
0.848764
4.0848
0.842615
1.16966
0.65146
1.20868
0.369459
0.68
1.33495
3.97824
0.60407
0.369459
3.22453
0.960417
0.460869
0.628013
2.64464
1.32121
1.37335
0.865101
2.52468
0.44317
0.681469
0.995791
4.64117
0.755579
1.18895
1.24081
1.53574
3.57603
0.658483
0.994786
0.531131
0.552178
0.588558
0.734847
1.00305
1.31381
1.21988
1.11987
3.496
0.896047
1.39628
0.750733
0.950999
0.649307
1.3164
0.576628
0.567891
0.795047
0.585235
0.640625
3.45566
1.13649
1.19084
0.628411
0.9998
2.08156
1.0735
0.63726
0.531883
1.6273
0.571752
1.04135
1.07685
1.93714
0.929731
0.467868
1.32121
1.10946
0.433128
1.19269
1.08517
1.59189
1.12268
1.39517
1.15191
2.79721
1.2311
1.20004
1.20271
1.3513
1.3403
1.95471
1.26238
1.13331
1.333
1.32442
0.923093
1.83698
0.754718
1.44208
0.84
1.19704
1.98484
1.26791
1.4213
0.841962
0.986357
0.959375
1.40289
1.66301
0.848764
1.74516
0.663325
