0.5
0.556082
0.5
0.617517
0.5
0.642391
0.523188
0.5
0.525347
0.403985
0.284782
0.16558
0.0463766
0.5
0.550568
0
0
0.5
0.516369
0.574219
0.5
0.523188
0.403985
0.512087
0.532172
0.5
0.284782
0.5
0.16558
0.546452
0.50958
0.5
0.0463766
0.523586
0
0.523188
0
0.507935
0.403985
0.533792
0.284782
0.518616
0.16558
0.506772
0.523188
0.0463766
0.526552
0.515376
0
0.403985
0.505906
0
0.284782
0.505237
0.523188
0.513096
0.16558
0.521866
0.0463766
0.504703
0.403985
0
0.511405
0.523188
0.284782
0.518586
0
0.16558
0.403985
0.510101
0.0463766
0.516161
0.523188
0.284782
0.509064
0
0.16558
0
0.403985
0.514296
0.520341
0.0463766
0.284782
0
0.512817
0.403985
0.517972
0.16558
0
0.284782
0.0463766
0.403985
0.516097
0
0.16558
0
0.284782
0.403985
0.0463766
0.16558
0
0.284782
0
0.0463766
0.16558
0
0.0463766
0
0
0
