21.36
22.51
23.18
21.36
23.58
23.85
24.44
21.36
24.82
23.22
25.09
25.32
25.48
21.36
25.45
23.89
25.56
25.69
25.8
23.62
24.2
21.36
24.48
21.36
25.15
24.21
23.91
25.54
21.36
25.62
24.6
25.83
21.36
26
24.87
24.07
24.5
26.15
26.28
21.36
25.55
26.4
26.5
24.24
24.88
25.75
21.36
24.73
26.01
25.16
26.22
24.39
26.41
25.65
25.12
24.89
26.57
24.51
26.69
26.02
26.8
25.39
26.3
26.91
25.06
24.63
25.29
26.52
25.86
26.69
24.74
26.87
25.56
26.25
25.17
25.44
26.98
26.52
26.88
26.03
25.3
26.75
26.98
25.53
25.56
26.42
26.92
25.4
26.87
26.18
26.7
26.99
25.5
25.66
26.92
27.09
26.57
27.19
26.89
26.31
25.62
25.78
26.87
27.04
27.16
26.71
26.87
26.42
27.26
25.89
27.04
26.98
27.35
27.17
26.82
26.99
26.53
27.31
27.16
26.89
27.4
26.94
27.52
27.31
27.11
27.42
26.99
27.26
27.53
27.21
27.41
27.64
27.54
27.36
27.65
27.52
27.77
27.64
27.77
27.87
