21.941
21.985
21.99
22.01
22.009
22.012
22.017
22.026
21.599
22.007
22.009
21.699
21.669
21.656
21.7
21.67
21.645
21.653
21.68
21.699
21.713
21.692
21.754
21.755
21.736
21.806
21.813
21.843
21.738
21.859
21.766
21.886
21.733
21.933
21.934
21.814
21.969
22.79
21.869
21.737
21.806
21.948
21.992
21.796
21.766
22.031
21.906
22.073
22.104
21.983
22.137
21.881
21.927
21.8
22.142
22.066
22.169
22.192
21.8
22.109
22.21
22.026
22.222
21.94
22.167
22.232
22.012
22.242
22.252
21.871
22.196
22.111
22.218
21.898
22.176
22.114
22.245
22
22.091
22.254
22.206
22.261
22.192
22.049
22.27
22.24
22.274
22.183
22.263
22.273
22.228
22.138
22.273
22.284
22.096
22.283
22.281
22.281
22.243
22.286
22.276
22.194
22.288
22.127
22.286
22.221
22.28
22.289
22.284
22.29
22.292
22.208
22.294
22.286
22.292
22.282
22.287
22.289
22.288
22.296
22.283
22.299
22.268
22.293
22.284
22.296
22.293
22.297
22.287
22.296
22.295
22.287
22.298
22.291
22.299
22.297
22.295
22.296
22.298
22.299
22.293
22.298
22.299
22.293
22.299
22.295
22.291
22.299
22.287
22.299
22.296
22.298
22.3
22.296
22.299
22.296
22.299
22.3
22.297
22.299
22.298
22.3
22.299
22.298
22.299
22.296
22.295
22.298
22.299
22.293
22.297
22.3
22.299
22.297
22.3
22.3
22.3
22.299
22.298
22.298
22.3
22.3
22.298
22.3
22.3
22.296
22.296
22.3
22.299
22.298
22.3
22.3
22.299
22.296
22.3
22.299
22.298
22.3
22.3
22.3
22.3
22.3
22.3
22.3
22.299
22.3
22.298
22.299
22.3
22.298
