0.0462373
0.105087
0.138314
0.0180448
0.203578
0.275345
0.765743
0.0126455
0.818439
0.0464254
0.731038
0.766293
0.634174
0.00931382
0.713446
0.0611954
0.73987
0.678214
0.73987
0.0320448
0.0574139
0.00689191
0.073349
0.550691
0.0253692
0.0047958
0.749807
0.0169419
0.802404
0.00465942
0.0217588
0.792888
0.836842
0.0250774
0.0127385
0.00425354
0.0146468
0.819194
0.73987
0.0858
0.810333
0.00361503
0.819141
0.0122315
0.010101
0.264449
0.00289029
0.0094271
0.324119
0.00938655
0.448548
0.00777674
0.574249
0.0083322
0.00753995
0.00644129
0.608941
0.66193
0.00911947
0.00618625
0.714253
0.00692423
0.059762
0.705264
0.00607266
0.0054149
0.00599397
0.111496
0.00501506
0.180075
0.00384154
0.205952
0.00511383
0.00418929
0.00479611
0.00492454
0.27604
0.0119607
0.27582
0.00280743
0.00411001
0.345357
0.0121578
0.0031017
0.00293883
0.00251605
0.0122003
0.00292838
0.011789
0.00197729
0.00226693
0.0111686
0.0023967
0.00198017
0.00159503
0.00219748
0.00188206
0.0193332
0.00140338
0.00146671
0.00217029
0.00195342
0.00113104
0.00161892
0.00131819
0.00142359
0.00103902
0.00121117
0.00131046
0.00179702
0.00114889
0.000672444
0.00987973
0.000843159
0.0009183
0.000850111
0.00083573
0.000879147
0.000666128
0.000900412
0.00086017
0.000675238
0.000752314
0.000633863
0.000622497
0.000583746
0.000608153
0.00051437
0.000492315
0.000492217
0.000576566
0.000440742
0.000366597
0.000415971
0.000418116
0.000369437
0.000354185
0.000356011
0.000341172
0.000291653
