0
0.00565706
0.0217325
0.0285925
0.032747
0.0355872
0.0379249
0.0395825
0.0416225
0.0427606
0.00243615
0.020659
0.0414927
0.0448279
0.0363074
0.0692187
0.0637356
0.0652826
0.0637087
0.0614876
0.0616297
0.0491744
0.0617301
0.0588808
0.0579825
0.0697289
0.0559441
0.0578059
0.0760515
0.0706508
0.0771425
0.0697987
0.0604956
0.0796635
0.0642444
0.0557922
0.0752922
0.0654477
0.0820469
0.0522923
0.050849
0.080613
0.0479351
0.0844896
0.0664084
0.0445466
0.0795462
0.0418346
0.0717667
0.0648166
0.0887112
0.0675954
0.081426
0.0580193
0.087065
0.0690948
0.0829588
0.0536381
0.0475256
0.0708833
0.0825265
0.0697871
0.0449963
0.0894371
0.0899007
0.0421943
0.063756
0.0398659
0.0836143
0.0568622
0.0840944
0.0516693
0.0916561
0.0907451
0.0732436
0.0487804
0.0846091
0.0445719
0.0645401
0.0848303
0.0421144
0.0918436
0.0921849
0.086135
0.0585697
0.0397918
0.0734685
0.0531719
0.0914162
0.0841299
0.0482339
0.0645072
0.0933905
0.0443563
0.0588384
0.0748473
0.0924196
0.0418746
0.084895
0.0943903
0.0525062
0.0394083
0.0652425
0.0492243
0.074726
0.058426
0.0949155
0.0451048
0.0861013
0.0416952
0.0654763
0.053689
0.0390591
0.0739645
0.0489198
0.0856788
0.0580485
0.0446718
0.0659814
0.0524296
0.0412874
0.073932
0.0485621
0.0394969
0.0593456
0.0651978
0.0446701
0.0528689
0.0414457
0.0581094
0.0483864
0.0386661
0.0455855
0.0532013
0.0415586
0.0485595
0.0391661
0.0443787
0.0416324
0.0390712
