3.33067e-16
3.33067e-16
3.33067e-16
3.33067e-16
3.33067e-16
3.33067e-16
3.33067e-16
3.33067e-16
3.33067e-16
3.33067e-16
1.75542e-17
1.15445e-16
0
1.44252e-12
1.75542e-17
0
0
1.11022e-16
0
1.13085e-16
1.11022e-16
1.00074e-16
2.22045e-16
1.11022e-16
1.11022e-16
1.77614e-16
1.11022e-16
9.81308e-18
6.11253e-17
3.97399e-17
1.68488e-16
5.46322e-07
5.3027e-17
9.17405e-17
2.22045e-16
0
1.58231e-17
1.64204e-17
6.86565e-17
2.22045e-16
1.11022e-16
7.60118e-18
1.11022e-16
6.93889e-18
1.38778e-17
1.11022e-16
6.93889e-18
0
1.76226e-17
2.04079e-17
3.73026e-17
2.91929e-17
6.1557e-17
3.72542e-17
4.59227e-17
4.7823e-17
3.46945e-18
3.82899e-17
1.27003e-17
1.77248e-17
4.22076e-17
2.67845e-17
1.92421e-16
6.58281e-18
3.34221e-17
3.01615e-15
1.09714e-18
4.79727e-14
1.75542e-17
2.66098e-17
6.93889e-18
1.73472e-18
9.62732e-18
1.45551e-17
1.55158e-17
1.38886e-17
6.93889e-18
1.05519e-17
9.87422e-18
1.35708e-17
3.09248e-17
1.6747e-17
1.75542e-17
3.59887e-17
1.43154e-17
3.6799e-18
2.91929e-17
4.1051e-18
2.19701e-17
2.68574e-17
4.42269e-18
8.7255e-18
3.65199e-17
9.66243e-18
8.65625e-18
1.07076e-17
6.10859e-18
1.73732e-17
1.20685e-17
2.11323e-17
7.25687e-19
8.67362e-19
5.51304e-18
9.41797e-18
1.24248e-17
9.3095e-18
1.39211e-17
6.71856e-19
1.34371e-18
4.38854e-18
7.11025e-18
1.0802e-17
3.02956e-18
1.06371e-17
3.46945e-18
8.40938e-18
1.0215e-17
2.82393e-18
4.67089e-18
1.57564e-18
3.69011e-18
0
5.90189e-18
7.0358e-18
5.60104e-18
1.11144e-17
3.6799e-18
3.85952e-18
2.75311e-18
7.03045e-18
6.71856e-19
5.31148e-19
4.33681e-19
4.63044e-18
5.48568e-19
3.92954e-18
4.64261e-18
4.33681e-19
5.65451e-19
1.46428e-18
