22.019
22.897
22.895
22.06
22.847
22.868
22.89
22.866
22.95
22.879
22.072
22.875
22.815
22.846
22.852
22.09
22.888
22.946
22.886
22.09
22.869
22.922
22.858
22.936
22.937
22.11
22.959
22.891
22.873
22.87
22.894
22.907
22.108
22.939
22.923
22.953
22.951
22.104
22.87
22.898
22.931
22.915
22.096
22.857
22.855
22.964
22.938
22.11
22.947
22.897
22.932
22.958
22.971
22.915
22.987
22.971
22.893
22.997
22.895
22.937
22.906
22.958
22.849
22.901
22.889
22.923
22.909
22.959
22.884
22.97
22.916
22.944
23.002
22.899
22.916
22.933
22.9
22.986
22.943
22.917
22.958
22.931
22.927
22.977
22.895
22.966
22.959
22.991
22.943
22.954
22.934
22.992
22.943
23.011
22.882
22.925
23.009
22.96
22.971
22.962
22.916
22.931
22.908
22.979
22.938
23.007
22.931
22.892
22.935
22.97
