22.202
22.209
22.515
22.251
22.872
23.041
23.322
23.592
22.264
23.742
22.278
23.697
23.886
24.139
22.554
22.281
22.896
22.284
23.174
22.294
23.238
22.5
23.515
22.286
23.611
22.295
22.897
23.696
24.027
24.078
23.162
22.296
22.52
22.295
23.382
22.299
23.64
22.876
22.297
23.765
22.489
22.3
23.233
23.891
23.959
22.297
23.342
22.3
24.085
22.985
22.532
23.469
22.3
23.087
23.713
22.945
23.947
22.549
23.336
22.297
23.934
23.173
24.075
23.575
22.513
22.3
22.908
23.792
23.379
23.845
22.552
23.558
23.201
22.932
24.046
23.964
23.629
22.546
23.38
23.209
23.883
22.93
23.5
23.97
23.41
23.954
22.925
23.731
23.096
23.79
23.575
23.378
23.881
23.162
23.699
24.014
23.583
23.812
23.441
23.942
23.777
23.559
24.051
23.774
23.712
23.877
24.044
23.824
23.933
24.142
