0.388889
0.638889
0.888889
0.447368
0.361667
0.257778
0.231111
0.465517
0.177778
0.697368
0.222222
0.195556
0.284444
0.474359
0.195556
0.947368
0.222222
0.248889
0.222222
0.715517
0.387368
0.479592
0.236842
0.227368
0.483051
0.965517
0.724359
0.312632
0.208421
0.485507
0.513276
0.350526
0.255789
0.337931
0.487342
0.729592
0.974359
0.341053
0.303158
0.337931
0.331579
0.488764
0.293684
0.528205
0.733051
0.463448
0.489899
0.979592
0.26069
0.409231
0.26069
0.735507
0.405517
0.311795
0.540102
0.983051
0.289655
0.395862
0.360513
0.737342
0.29931
0.342857
0.38
0.289655
0.985507
0.572881
0.738764
0.409231
0.362449
0.38
0.739899
0.38
0.442373
0.303673
0.987342
0.597391
0.38
0.382041
0.360513
0.403051
0.988764
0.321538
0.48
0.443478
0.658734
0.442373
0.391837
0.989899
0.421224
0.473043
0.452203
0.43102
0.62264
0.543038
0.403051
0.450612
0.404058
0.411429
0.481695
0.40481
0.66101
0.563596
0.551884
0.403051
0.422712
0.43443
0.453333
0.494382
0.452203
0.534545
0.463188
0.444304
0.462034
0.463188
0.385618
0.513418
0.603838
0.374493
0.43443
0.603146
0.374493
0.554343
0.404058
0.552911
0.50427
0.552911
0.475152
0.484494
0.464051
0.564242
0.573483
0.523291
0.484494
0.544444
0.563596
0.544444
0.563596
0.544444
0.534545
0.415758
