0.0185717
0.0162192
0.007098
0.00320192
0.00150847
0.000798189
0.000389371
0.000191526
9.33916e-05
4.66967e-05
2.26354e-05
0.0185717
0.0163263
0.00688914
0.003334
0.00162659
0.000779447
0.000440586
0.00018914
9.38132e-05
4.59902e-05
2.25489e-05
0.0185717
0.0161156
0.00678996
0.00325141
0.00148187
0.000763416
0.000380952
0.000189734
9.36391e-05
4.73967e-05
2.25389e-05
0.0185717
0.0161459
0.00652662
0.002936
0.001574
0.000762022
0.000384998
0.000189368
9.45386e-05
4.59436e-05
2.25514e-05
0.0185717
0.0160603
0.0068583
0.00307987
0.00148824
0.000753372
0.000381538
0.000192902
9.60015e-05
4.58572e-05
2.25359e-05
0.0185717
0.0163173
0.00691251
0.00322616
0.00150638
0.000754413
0.000402983
0.000189988
9.98677e-05
5.46919e-05
2.274e-05
0.0185717
0.0161642
0.00725393
0.00302043
0.00156539
0.000753435
0.000380906
0.000189281
0.000116261
4.58683e-05
2.68969e-05
0.0185717
0.0167596
0.00729662
0.00296267
0.00150172
0.000769543
0.000418195
0.000190919
9.40546e-05
4.63626e-05
2.25383e-05
0.0185717
0.0164901
0.00665057
0.0029863
0.00165132
0.000803846
0.00046743
0.000189414
9.33967e-05
4.5871e-05
2.25354e-05
0.0185717
0.0161937
0.00661302
0.00314214
0.00149054
0.000755216
0.000395182
0.000192468
9.88162e-05
4.60816e-05
2.25353e-05
0.0185717
0.0164988
0.00685364
0.00305223
0.00151607
0.000754903
0.000384106
0.000191002
9.36925e-05
5.10183e-05
2.36851e-05
0.0185717
0.0165997
0.00678713
0.00321271
0.00155683
0.000753429
0.000381809
0.000220764
9.32971e-05
4.5919e-05
2.26056e-05
0.0185717
0.0162548
0.00660499
0.00331986
0.00154008
0.000783992
0.000398936
0.000189382
9.41591e-05
4.58936e-05
2.25393e-05
0.0185717
0.016356
0.00660842
0.00309609
0.00148345
0.000802382
0.000399626
0.000189287
9.39721e-05
4.59199e-05
2.39177e-05
0.0185717
0.016493
0.00659001
0.00320456
0.00153893
0.000883395
0.000385676
0.000194728
9.33977e-05
4.61285e-05
2.25438e-05
0.0185717
0.0161553
0.00671612
0.00323742
0.00152917
0.000782952
0.00045918
0.000189304
9.42531e-05
4.71681e-05
2.26878e-05
0.0185717
0.0161261
0.00674571
0.00295494
0.00147795
0.000809827
0.000389063
0.000189135
9.44881e-05
4.59207e-05
2.26117e-05
0.0185717
0.0162189
0.00640947
0.00325186
0.00152277
0.000901973
0.000380196
0.00019224
9.86954e-05
4.63141e-05
2.49319e-05
0.0185717
0.0164857
0.00698184
0.00296868
0.00149742
0.000756501
0.000388812
0.00019571
0.000107635
4.58594e-05
2.25354e-05
0.0185717
0.0163439
0.00671353
0.00318788
0.00157333
0.000780585
0.000381253
0.000198095
9.3962e-05
4.5865e-05
2.58867e-05
