10
20
20
50
10
10
10
20
30
20
40
10
10
60
10
20
20
20
20
20
50
30
30
10
10
10
10
40
70
80
90
30
20
20
40
30
60
50
100
110
30
30
40
120
50
70
130
60
40
30
80
30
40
140
30
150
90
50
160
100
70
30
40
60
50
180
170
40
80
110
60
40
50
70
40
90
120
190
200
50
40
60
80
50
100
70
130
60
90
50
140
70
110
50
80
60
150
100
120
70
60
160
80
90
70
60
110
130
170
60
180
100
80
70
90
140
120
70
80
190
150
110
100
90
200
70
80
130
160
120
90
80
100
110
140
170
80
90
180
100
150
130
120
110
90
160
100
140
190
130
110
90
120
200
100
150
170
110
180
120
100
140
130
160
110
150
190
120
130
170
140
110
200
160
120
180
150
130
140
120
190
170
160
130
150
140
180
200
130
170
160
140
150
190
180
140
200
160
170
150
190
180
150
160
170
200
190
160
180
170
200
190
180
170
200
180
190
200
190
200
