0.0254278
0.147254
0.0131673
0.818604
0.00709374
0.739044
0.766258
0.0052962
0.0195913
0.73106
0.748677
0.69583
0.00432664
0.669406
0.0701473
0.616558
0.678214
0.00395499
0.00918499
0.25794
0.00295814
0.471454
0.00443971
0.548836
0.00630518
0.00278632
0.635528
0.00278729
0.783928
0.00555104
0.00283396
0.00211255
0.679235
0.00284645
0.784119
0.00416091
0.766602
0.00210243
0.0303609
0.00238554
0.0383589
0.00187647
0.00146103
0.0389234
0.00212627
0.0643408
0.00161517
0.00120647
0.0912211
0.00178816
0.000939934
0.11706
0.00150822
0.000804251
0.00107708
0.000913626
0.0014187
0.00112138
0.000665641
0.00122243
0.00098443
0.0013489
0.000576335
0.000729763
0.000775499
0.000750221
0.00120771
0.000774776
0.000547771
0.000472571
0.000679725
0.000666214
0.00047795
0.000493096
0.000433255
0.000628957
0.000526887
0.000577238
0.000424551
0.000434335
0.000342256
0.000362964
0.000361789
0.000403313
0.000302123
0.000390407
0.00028402
0.00040421
0.000347472
0.000316488
0.000303701
0.000271983
0.000242337
0.000301175
0.000257664
0.000213206
0.000235041
0.000176192
0.000229401
0.00019827
0.000170929
0.000157807
0.000198175
0.000150111
0.000150102
0.000156983
0.000132645
0.00013907
0.00013237
0.000101082
