0
0
0.61
0.6
0
0.53
0
0.63
0.79
0.67
0.51
0
0.49
0.4
0.7
0
0.33
0.59
0.79
0.55
0
0.42
0
0.79
0.6
0.58
0
0.31
0
0.38
0.29
0.7
0.24
0.38
0.27
0.31
0.44
0.53
0.52
0.2
0.15
0.35
0.6
0.27
0.31
0.19
0.26
0.14
0.13
0.45
0.31
0.34
0.09
0.47
0.12
0.26
0.27
0.12
0.34
0.24
0.3
0.25
0.07
0.22
0.09
0.13
0.23
0.16
0.15
0.28
0.08
0.15
0.1
0.07
0.22
0.08
0.22
0.1
0.2
0.08
0.16
0.15
0.05
0.07
0.13
0.11
0.15
0.21
0.08
0.07
0.14
0.12
0.11
0.11
0.11
0.1
0.03
0.02
0.13
0.14
0.04
0.04
0.07
0.11
0.15
0.07
0.07
0.06
0.04
0.02
