0.314775
0
0.314775
0.188798
0.133725
0
0.314775
0
0
0.314775
0
0
0
0
0
0
0
0.314775
0
0
0
0
0
0
0
0.314775
0
0.314775
0
0
0
0
0.314775
0
0.314775
0
0
0
0
0
0.314775
0
0
0
0
0.314775
0
0
0.314775
0
0
0
0
0
0
0.314775
0
0
0
0.314775
0
0
0
0
0.314775
0.314775
0
0
0
0
0
0
0
0
0
0
0.314775
0.314775
0
0
0
0
0
0
0
0
0.314775
0
0
0.314775
0
0
0
0
0
0
0
0
0
0
0
0
0
0
0
0
0
0
0
0
0
0
0
0
0
0
0
0
0
0
0
0
0
0
0
0
0
0
0
0
0
0
0
0
0
0
0
0
0
0
0
0
0
0
0
0
0
0
0
0
0
0
0
0
0
0
0
0
0
0
0
0
0
0
0
0
0
0
0
0
0
0
0
0
0
0
0
0
0
0
0
0
0
0
0
0
0
0
0
0
0
0
0
0
0
0
0
0
0
0
0
0
0
0
0
0
0
0
0
0
0
0
0
0
0
0
0
0
0
0
