22.014
21.975
22.019
22.022
22.066
22.117
22.099
22.118
22.204
22.064
22.07
22.211
22.268
22.262
22.02
22.333
22.422
22.419
22.083
22.432
22.028
22.439
22.045
22.502
22.485
21.974
22.507
22.589
22.58
22.095
22.101
22.012
22.052
22.174
22.048
22.093
22.183
22.057
22.209
22.312
22.021
22.269
22.052
22.099
22.019
22.302
22.006
22.362
22.49
22.105
22.138
22.488
22.065
22.041
22.515
22.122
22.046
22.51
22.558
22.109
22.547
22
22.185
22.59
22.247
22.118
22.039
21.995
22.041
22.267
22.017
22.289
22.128
22.325
22.031
22.041
22.066
22.382
22.397
22.014
22.217
22.399
22.018
21.999
22.449
22.049
22.198
22.417
22.092
22.065
22.239
22.573
22.524
21.998
22.07
22.32
22.556
22.118
22.069
22.016
22.34
22.135
22.36
22.053
22.418
22.039
22.081
22.21
22.055
22.446
22.335
22.411
22.131
22.5
22.068
22.061
22.311
22.434
21.989
22.195
22.374
22.578
22.026
22.112
22.544
22.338
22.2
22.389
22.049
22.113
22.22
22.083
22.485
22.038
22.438
22.294
22.169
22.473
22.145
22.303
22.514
22.148
22.032
22.568
22.408
22.039
22.119
22.533
22.346
22.242
22.408
22.12
22.178
22.261
22.04
22.473
22.192
22.306
22.477
22.131
22.495
22.404
22.192
22.06
22.566
22.157
22.356
22.531
22.25
22.401
22.214
22.11
22.337
22.457
22.417
22.294
22.229
22.153
22.43
22.399
22.277
22.509
22.385
22.459
22.207
22.395
22.468
22.175
22.316
22.524
22.451
22.351
22.261
22.519
22.348
22.285
22.441
22.462
22.33
22.545
22.383
22.528
22.45
22.515
22.522
22.514
22.469
22.425
22.472
22.526
