22.225
22.216
22.206
22.196
22.257
22.211
22.201
22.198
22.207
22.247
22.272
22.204
22.216
22.213
22.262
22.208
22.242
22.222
22.287
22.256
22.283
22.278
22.273
22.342
22.325
22.262
22.438
22.478
22.511
22.252
22.295
22.284
22.262
22.257
22.293
22.298
22.248
22.277
22.259
22.258
22.278
22.259
22.298
22.295
22.285
22.271
22.28
22.281
22.299
22.307
22.28
22.292
22.323
22.299
22.368
22.281
22.288
22.395
22.3
22.467
22.482
22.286
22.285
22.546
22.275
22.299
22.287
22.296
22.297
22.276
22.296
22.278
22.283
22.29
22.29
22.297
22.295
22.298
22.321
22.298
22.289
22.34
22.289
22.3
22.3
22.37
22.293
22.392
22.293
22.294
22.289
22.427
22.509
22.299
22.299
22.296
22.547
22.29
22.299
22.297
22.3
22.293
22.304
22.299
22.329
22.296
22.295
22.292
22.298
22.346
22.292
22.374
22.292
22.297
22.403
22.3
22.294
22.446
22.298
22.296
22.297
22.299
22.479
22.296
22.52
22.309
22.298
22.324
22.3
22.297
22.299
22.296
22.35
22.299
22.394
22.298
22.299
22.433
22.299
22.301
22.465
22.299
22.297
22.513
22.311
22.3
22.3
22.529
22.32
22.299
22.3
22.297
22.346
22.299
22.3
22.369
22.297
22.302
22.412
22.298
22.453
22.313
22.298
22.3
22.509
22.299
22.32
22.574
22.3
22.36
22.3
22.298
22.299
22.38
22.393
22.305
22.299
22.3
22.464
22.313
22.298
22.485
22.346
22.478
22.3
22.3
22.374
22.299
22.313
22.444
22.467
22.312
22.301
22.484
22.354
22.3
22.506
22.388
22.305
22.409
22.31
22.472
22.346
22.508
22.514
22.379
22.444
22.456
22.478
22.526
