0.0243853
0.023968
0.0212073
0.0207142
0.0208176
0.0224995
0.0224993
0.018229
0.020358
0.0229709
0.0184894
0.0243853
0.0231813
0.0220749
0.0194006
0.0201284
0.0189381
0.0204496
0.0170697
0.0199108
0.020899
0.0205351
0.0243853
0.0226405
0.0218826
0.0231127
0.0193853
0.0181963
0.0172756
0.0210237
0.0184533
0.0195294
0.0174128
0.0243853
0.0228182
0.0212006
0.0213064
0.0193074
0.0177973
0.0183376
0.0184787
0.0197896
0.0175267
0.0173248
0.0243853
0.0231966
0.0198605
0.0221689
0.0177977
0.0201946
0.0189277
0.0170697
0.0193521
0.0174334
0.0185407
0.0243853
0.023155
0.0220857
0.018988
0.020761
0.0178102
0.0171709
0.0180337
0.0178231
0.0173718
0.0182186
0.0243853
0.0223496
0.0225298
0.0190011
0.0172959
0.0179177
0.0183478
0.020007
0.0172914
0.017328
0.0190982
0.0243853
0.0228735
0.021845
0.0217762
0.0203049
0.0194502
0.0171453
0.0216079
0.0190242
0.0206476
0.0197552
0.0243853
0.0239779
0.0229038
0.0175146
0.0186954
0.0226688
0.018673
0.0195834
0.0170697
0.0172699
0.0185459
0.0243853
0.0229665
0.0215277
0.0200437
0.019241
0.0189308
0.0180621
0.0195758
0.0170697
0.0192537
0.0174843
0.0243853
0.0221319
0.0213864
0.0176877
0.0195289
0.0186768
0.0200544
0.0189998
0.0170697
0.0172332
0.0181962
0.0243853
0.0225221
0.0203049
0.0187007
0.01915
0.0189475
0.0202135
0.0170697
0.0170697
0.0209397
0.0191098
0.0243853
0.0230444
0.0227555
0.0227208
0.0203188
0.0183981
0.017116
0.0182632
0.0192118
0.0193796
0.019356
0.0243853
0.0231409
0.0222262
0.0206947
0.0198307
0.0193316
0.0190973
0.0170697
0.0170697
0.0192895
0.0171413
0.0243853
0.022262
0.0217295
0.0189213
0.0196647
0.0181942
0.0192788
0.0174422
0.018071
0.0171893
0.0173294
0.0243853
0.0225759
0.0217763
0.0175445
0.0173938
0.0189683
0.0182471
0.0175722
0.0170697
0.0171818
0.0171323
0.0243853
0.0231525
0.0222475
0.0209256
0.0201785
0.0196569
0.018118
0.0170697
0.0191009
0.0171752
0.0212702
0.0243853
0.0229597
0.0214483
0.0216476
0.0189332
0.0184946
0.0206342
0.020414
0.017201
0.0171693
0.0182286
0.0243853
0.0232627
0.019287
0.0191263
0.0235169
0.0195451
0.0171013
0.0189417
0.0193868
0.0186465
0.0171223
0.0243853
0.0227955
0.0219548
0.0204095
0.0210067
0.0188366
0.0189906
0.0194583
0.0189317
0.0174792
0.0171197
