0.0190325
0.0190325
0.0190325
0.0190325
0.0190325
0.0190325
0.0190325
0.0190325
0.0230589
0.0190325
0.0190325
0.0190325
0.0190325
0.0190325
0.0190325
0
0.0177829
0
0
0.0270853
0
0.00905403
0.0075649
0
0.00841744
0.0140342
0.0069533
0.0115991
0
0.00429178
0
0
0
0
0.0153783
0.0182182
0
0
0
0
0
0
0.0240308
0
0
0
0.00758905
0
0
0
0
0.0265299
0
0
0
0
0
0
0
0
0
0
0
0
0
0
0
0
0
0
0.0190325
0.0190325
0
0.0190325
0.0190325
0
0.0190325
0
0.0190325
0
0
0
0
0
0
0
0
0
0
0
0
0
0
0
0
0
0
0.0158708
0
0
0
0
0.0166032
0.0070402
0
0
0
0
0
0
0
0
0
0
0
0
0
0
0.0131334
0
0.0117466
0.0198146
0
0
0
0
0
0.00854867
0
0.00441332
0
0
0
0
0.0121709
0
0.0106325
0
0
0
0
0
0
0
0
0
0.00774239
0
0
0
0
0
0
0
0
0
0
0
0.0135665
0
0
0
0
0
0
0
0
0
0
0.00395867
0
0
0
0
0
0
0
0
0
0
0
0
0
0
0
0
0
0
0
0
0
0
0
0
0
0
0
0
0
0
0
0
0
0
0
0
0
0
0
0
0
0
0
0
0
0
0
0
0
0
