0.181428
1.82636
2.21995
0.126238
0.387794
0.486098
0.484433
0.107196
0.425131
2.12878
0.351675
0.487987
0.65959
0.0828191
0.469394
2.32589
0.445471
0.449195
0.316447
2.11898
0.329697
0.0742698
0.539144
0.487602
0.0720833
1.96821
1.72181
0.638448
0.45723
0.0673498
1.36473
0.574905
0.648206
0.641448
0.0741552
2.41154
2.11525
0.565752
0.517953
0.630666
0.652897
0.067082
0.986255
0.326771
1.60532
0.378286
0.06245
2.18715
0.720486
0.745721
0.646804
2.10565
0.580948
0.844171
1.50727
1.54147
0.661522
0.654592
0.712777
2.56983
0.48618
0.510192
0.587792
0.588758
1.91358
0.356229
2.11457
0.541674
0.51536
0.700984
1.96175
0.909182
0.724787
0.570378
1.98036
1.35896
0.560245
0.876719
0.631455
0.956336
1.67876
1.096
0.631921
0.782674
0.406275
0.83827
1.08698
1.67497
0.784625
0.994812
0.855381
1.08773
0.433104
1.06635
0.90692
0.934458
0.63979
0.641775
0.850941
1.18666
0.55546
0.82388
0.638636
0.73675
1.04333
0.738826
0.633811
0.681671
0.968607
1.11047
0.692026
0.705266
0.769734
0.802782
0.649075
1.05943
1.07797
0.795892
0.652653
0.866992
0.867919
1.04484
1.03762
0.719808
0.745074
0.886749
0.972638
1.21482
0.914997
0.836407
0.888372
0.94731
1.51987
0.71014
1.56498
1.27446
0.918161
0.700214
0.741755
1.21858
