0
0
0
0
0
0
0.145984
0
0.159819
0
0.350065
0
4.44089e-16
4.44089e-16
4.44089e-16
0.0598758
4.44089e-16
0
4.44089e-16
0
4.44089e-16
0.248252
4.44089e-16
0
0.246701
0
0.0963862
0
0.343026
0
0.309721
0
0.192953
0.374141
0
0.305931
0.0928574
0.296469
0.235592
0.398145
0
4.44089e-16
0.225998
4.44089e-16
0.101088
4.44089e-16
0.262063
0.0875281
0
0.249399
0.204549
0.226966
0.0841412
0.0743049
0
0.279472
0.212867
0.253931
0.136968
0.250989
0
0.136972
0.0664734
0.233331
0.22395
0.176366
0.322869
0
0.155507
0.160424
0.189681
0.0659706
0.141386
0.197382
0.14759
0.155338
0.16653
0.0674397
0.096683
0.181183
0.184371
0.146562
0.109274
0.147531
0.210686
0.0606792
0.150086
0.123664
0.216067
0.104006
0.0563394
0.1295
0.0516254
0.156822
0.140492
0.14034
0.10426
0.12469
0.153765
0.138434
0.0774822
0.0958675
0.102014
0.144475
0.0896215
0.071991
0.0906054
0.0411083
0.0283136
0.159557
0.0695214
0.0400204
0.141434
0.0562178
0.109328
0.0476732
0.0702962
0.0956468
0.0519352
0.120905
0.129123
0.058036
0.100881
0.105441
0.0631773
0.0864734
0.0398631
0.0712597
0.0999918
0.0446019
0.120269
0.0908993
0.0844883
0.0756031
0.149917
0.0832526
0.142109
0.091061
0.086894
0.111199
