0.166667
0.322222
0.4
0.577778
0.215789
0.6
0.714063
0.777778
0.8
0.415789
0.227586
0.855556
0.888889
0.855327
0.888889
0.521053
0.888889
0.888889
0.253846
0.605263
0.417241
0.631579
0.210204
0.757895
0.527586
0.812501
0.374359
0.847368
0.242373
0.575862
0.878947
0.891118
0.631034
0.894737
0.231884
0.525641
0.894737
0.410204
0.894737
0.765517
0.894737
0.240506
0.831034
0.607692
0.420339
0.858621
0.502041
0.22809
0.661538
0.882759
0.894671
0.244444
0.779106
0.410145
0.896552
0.606122
0.535593
0.912919
0.830769
0.931034
0.657143
0.41519
0.869231
0.931034
0.879487
0.586441
0.507246
0.767143
0.897436
0.430337
0.905128
0.832653
0.671186
0.923077
0.536709
0.420202
0.597101
0.863265
0.922821
0.777966
0.925641
0.883673
0.537079
0.656522
0.897959
0.612658
0.830508
0.916327
0.864407
0.532323
0.776812
0.920408
0.644304
0.597753
0.889831
0.927704
0.833333
0.938776
0.901695
0.76962
0.60202
0.868116
0.915254
0.661798
0.926561
0.831646
0.890768
0.932203
0.777528
0.658586
0.901449
0.933898
0.867089
0.91634
0.832584
0.886013
0.927302
0.774988
0.907395
0.929563
0.867416
0.941196
0.836364
0.914715
0.893258
0.924177
0.870707
0.907865
0.934573
0.916854
0.936646
0.889899
0.925843
0.906061
0.932474
0.915732
0.939326
0.928283
0.932904
0.938991
