0.639062
4.45785
0.639062
0.421426
0.639062
0.437721
0.45
0.639062
0.504381
2.14467
0.526878
0.639062
0.544885
0.515364
0.552811
0.459239
0.529623
0.639062
0.555338
2.12106
0.559375
0.503984
0.560357
0.639062
0.49558
0.639062
0.508822
2.54904
0.529623
0.639062
0.531413
0.639062
0.509902
0.545527
2.9904
0.549636
0.509902
0.556776
0.527352
0.595399
0.581034
2.67656
0.540833
0.56921
0.532541
0.56921
0.546352
0.51
3.09032
0.56116
0.538888
0.59127
0.544885
0.53066
3.28
0.582151
0.546352
0.584893
0.574108
0.573498
2.84789
0.541202
0.518073
0.586515
0.56921
0.550364
0.595735
2.66045
0.59127
0.586856
0.573498
0.544151
0.54626
0.595399
0.531413
0.584893
0.574108
0.538516
0.59127
0.583181
0.599667
0.598749
0.529245
0.599667
0.54626
0.538516
0.59127
0.611228
0.583181
0.581034
0.586515
0.560357
0.555338
0.612291
0.611228
0.617171
0.584893
0.545527
0.617171
0.582151
0.612291
0.567098
0.584893
0.595315
0.595735
0.62
0.583181
0.59127
0.576975
0.637495
0.595315
0.574108
0.65307
0.611228
0.632535
0.606712
0.612291
0.628411
0.612291
0.62
0.629285
0.598665
0.628411
0.62578
0.615549
0.62578
0.612291
0.637495
0.64195
0.622013
0.617171
0.654523
0.654523
0.637495
0.63914
0.62578
0.632535
0.654523
0.632535
0.632535
