0.0159278
0.00380329
0.00187613
0.00156231
0.00113257
0.000578664
0.00109987
0.00124533
0.000674409
0.0012026
0.0129001
0.0154044
0.0228211
0.0114497
0.0038744
0.0243746
0.0326062
0.0277218
0.00853839
0.0113619
0.0275992
0.00385634
0.00973277
0.0244293
0.0233519
0.0106928
0.0251539
0.00377912
0.0127139
0.00231925
0.00897902
0.00869959
0.00166605
0.00458885
0.00999288
0.00189091
0.00760075
0.00191907
0.00836267
0.00716776
0.00413001
0.00473394
0.00680041
0.00339272
0.00316413
0.00821516
0.00303623
0.00775604
0.00313701
0.00613681
0.00326285
0.00108535
0.00200147
0.00413462
0.00212587
0.00111135
0.00353621
0.00322427
0.0049637
0.00425298
0.00155137
0.00125772
0.00376963
0.00287318
0.00320022
0.0031612
0.00273977
0.00266626
0.00454273
0.00268275
0.00110082
0.00217947
0.00369651
0.00361362
0.00378585
0.00233047
0.00157565
0.00329692
0.00180563
0.00290199
0.00356498
0.00259219
0.000893896
0.00184187
0.00162358
0.0016985
0.00285133
0.00261004
0.00130958
0.00170077
0.0016114
0.00242164
0.00106889
0.00148539
0.00132446
0.00160915
0.00282752
0.00133035
0.000814384
0.00271556
0.00159922
0.00194638
0.00194136
0.00167348
0.0015082
0.00246333
0.0015078
0.00128295
0.00137441
0.000807306
0.00144329
0.00307945
0.00177482
0.00111673
0.00186785
0.00117859
0.00214195
0.00156935
0.00170199
0.000914328
0.00103259
0.0013497
0.00109807
0.00105592
0.00119387
0.00172744
0.00213375
0.000862076
0.00135437
0.00107821
0.000925928
0.000829401
0.000743173
0.000648875
0.000899042
0.000848814
0.000479508
0.00110466
0.00176464
0.000802447
