0.00347056
0.0466195
0.0146765
0.0658282
0.027527
0.0749319
0.0398201
0.0792292
0.0491975
0.0568085
0.0787887
0.0830455
0.0975285
0.112786
0.086052
0.115267
0.0651168
0.106486
0.0872081
0.0847108
0.0728225
0.0347292
0.0891727
4.02923e-45
0.0712136
3.0215e-45
0.0891557
0.0752958
0.0782256
0.0777801
0.0900904
0.09879
0.0827987
0.0833504
0.103926
0.103425
0.0832748
0.0837146
0.0974625
0.0856813
0.075042
0.0332713
0.0927087
3.46879e-45
0.0854978
4.47869e-45
0.086545
0.0989639
0.088086
0.101052
0.0883992
0.101314
0.0894914
0.0888744
0.0907775
0.095227
0.0941241
0.091286
0.0746957
0.0982237
0.0318955
0.0906979
0.0914555
4.12093e-45
0.0909739
0.0931825
0.0999365
3.41721e-45
0.102605
0.0950676
0.0922596
0.0936638
0.0925874
0.0917615
0.0978624
0.0731876
0.0937639
0.0326303
0.0992245
0.0973604
4.73041e-45
0.0928271
0.0942613
0.100092
4.3418e-45
0.0945162
0.10015
0.0942393
0.0979812
0.0941751
0.0730071
0.101005
0.0934442
0.0323176
0.100345
0.0984989
4.25257e-45
0.0943258
0.0982523
4.05935e-45
0.0924554
0.0945835
0.0999821
0.0723462
0.0994413
0.0323579
0.101636
0.0959021
0.0978416
3.13168e-45
0.0914019
0.0993013
3.39159e-45
0.0990525
0.0717346
0.0983765
0.0999148
0.0329629
0.0998094
0.0913558
4.23106e-45
0.098204
0.0717234
4.88619e-45
0.0997124
0.0326562
0.100071
0.0926024
4.06914e-45
0.100483
0.0718688
5.28497e-45
0.0322886
0.0915834
4.90769e-45
0.0726417
5.40681e-45
0.0321618
3.91895e-45
4.7188e-45
