21.36
21.36
21.36
21.36
21.36
21.36
21.36
21.36
25.61
21.36
24.69
24.54
21.36
24.79
25.22
21.36
21.36
25.64
21.36
26.09
26.48
21.36
26.77
21.36
27.21
27.47
21.36
27.71
21.36
28.09
28.18
21.36
21.36
28.42
25.84
28.43
21.36
24.76
24.47
21.36
21.36
21.36
24.59
24.93
21.36
21.36
25.26
25.63
21.36
25.79
25.85
26.27
21.36
21.36
26.5
24.83
26.77
21.36
27.11
24.53
21.36
27.26
27.5
24.49
27.54
21.36
21.36
21.36
27.71
24.87
25.83
25.17
24.83
21.36
25.51
21.36
21.36
25.68
21.36
24.63
26.01
21.36
26.33
25.88
24.49
26.58
21.36
24.85
21.36
26.78
24.87
27.02
25.05
21.36
27.19
27.42
25.58
24.57
21.36
25.88
27.56
25.68
24.49
21.36
26
21.36
24.91
21.36
24.82
26.35
26.53
25.05
25.88
24.57
26.78
21.36
21.36
26.77
25.32
26.99
24.5
25.68
24.86
27.25
21.36
27.55
25.88
24.81
25.89
21.36
26.21
24.57
25.05
26.4
24.9
26.77
24.5
25.34
21.36
26.76
25.89
25.68
27
24.81
24.57
25.82
27.15
27.34
25.05
26.16
24.88
24.5
25.89
26.44
25.39
26.66
24.81
24.57
25.67
26.76
24.87
25.9
25.05
26.98
24.49
27.15
26.19
25.43
27.32
24.5
26.4
24.81
25.67
26.58
25.05
26.75
25.84
24.49
26.94
25.95
25.43
27.19
24.81
26.33
27.31
25.67
26.46
25.05
25.79
26.75
25.33
25.95
26.82
27.1
26.2
25.67
27.22
26.53
25.72
26.75
25.98
26.85
26.22
27.06
27.24
26.54
26.75
26.78
27.06
27.24
