21.36
21.36
21.28
22.18
21.36
22.25
21.36
24.06
21.32
22.56
23.38
21.36
23.21
23.38
23
21.36
23.62
23.68
21.3
23.03
21.36
22.74
21.36
21.39
22.77
23.76
21.36
22.76
21.36
23.14
23.35
21.35
24.39
23.22
25.38
22.64
24.43
21.27
23.84
24.54
23.78
22.66
21.28
23.89
24.3
22.42
22
23.55
22.91
21.3
26.68
24.1
23.02
21.29
23.9
22.14
24.37
24.45
21.23
23.4
24.19
23.63
24.86
24.95
23.11
23.54
23.95
22.97
23.02
23.23
24.24
23.57
22.99
23.13
22.4
24.68
25.44
23.99
23.92
24.41
22.52
24.19
23.84
24.33
24.03
23.5
23.65
23.6
25.1
24.6
23.52
24.44
25.31
24.69
25.8
25.21
24.46
24.02
24.14
23.07
23.69
25.02
24.29
25.27
23.54
24.99
25.84
23.73
24.65
25.79
