0
0
0
0
0
0
0
0
0.3
0
0.3
0.3
0.458258
0
0.3
0.341647
0.4
0.458258
0.3
0
0
0
0
0
0
0.320711
0.0901829
0.4
0
0.4
0
0.458258
0
0.489898
0
0.0996675
0.251364
0.458258
0.489898
0
0.3
0.489898
0.4
0
0
0.458258
0
0.234348
0.5
0
0.4
0.0901829
0.458258
0.5
0
0.246249
0.489898
0.174181
0.458258
0.458258
0.458258
0
0.458258
0.4
0.246249
0.147641
0.489898
0.5
0.3
0.458258
0.15784
0.4
0.3
0.489898
0.393644
0.458258
0.4
0.458258
0.458258
0.5
0
0.489898
0.458258
0
0.4
0.489898
0.458258
0.246136
0.458258
0.5
0.4
0.3
0.4
0.3
0.489898
0.458258
0.489898
0.489898
0.4
0.5
0.489898
0.4
0.489898
0.4
0.458258
0.489898
0.489898
0.5
0.4
0.4
0.4
0.5
0.4
0.5
0.489898
0.489898
0.489898
0.3
0.3
0.458258
0.4
0.4
0.489898
0.458258
0.458258
0.3
0.4
0.458258
0.458258
0.489898
0.4
0.489898
0.3
0.3
0.3
0.3
0.4
0.4
0.4
0.4
