0.688889
0.888889
0.888889
0.888889
0.747368
0.888889
0.888889
0.888889
0.888889
0.947368
0.765517
0.888889
0.888889
0.888889
0.888889
0.947368
0.888889
0.888889
0.774359
0.947368
0.965517
0.947368
0.779592
0.947368
0.965517
0.947368
0.974359
0.947368
0.783051
0.965517
0.947368
0.947368
0.965517
0.947368
0.785507
0.974359
0.947368
0.979592
0.947368
0.965517
0.947368
0.965517
0.974359
0.787342
0.983051
0.965517
0.979592
0.788764
0.974359
0.965517
0.965517
0.974359
0.789899
0.985507
0.965517
0.979592
0.983051
0.965517
0.974359
0.965517
0.979592
0.974359
0.965517
0.987342
0.974359
0.983051
0.985507
0.979592
0.974359
0.988764
0.974359
0.979592
0.983051
0.974359
0.987342
0.985507
0.989899
0.979592
0.974359
0.983051
0.974359
0.979592
0.988764
0.985507
0.979592
0.983051
0.987342
0.979592
0.983051
0.985507
0.989899
0.979592
0.987342
0.988764
0.983051
0.979592
0.985507
0.979592
0.983051
0.987342
0.989899
0.985507
0.983051
0.988764
0.983051
0.987342
0.985507
0.983051
0.988764
0.985507
0.989899
0.983051
0.987342
0.985507
0.988764
0.987342
0.985507
0.989899
0.987342
0.985507
0.988764
0.985507
0.989899
0.987342
0.988764
0.987342
0.989899
0.988764
0.987342
0.988764
0.987342
0.989899
0.988764
0.989899
0.988764
0.989899
0.988764
0.989899
0.989899
0.989899
