10
20
20
50
10
10
10
20
60
30
30
20
40
10
10
10
10
20
70
20
20
20
90
20
50
30
80
10
10
10
40
120
30
100
110
40
20
30
60
20
50
130
70
30
30
40
50
140
40
160
150
80
60
180
30
170
90
40
30
50
30
100
70
190
30
60
40
200
40
50
80
110
70
120
60
40
90
50
40
80
100
130
60
40
50
70
50
140
60
90
110
150
70
80
50
60
160
50
100
120
70
60
80
90
170
130
180
70
110
60
60
100
80
190
70
140
90
120
150
200
80
110
70
100
90
160
130
70
80
120
80
110
170
100
90
140
180
80
150
90
130
100
120
110
90
160
190
140
100
200
110
90
130
120
150
170
100
180
110
120
140
160
100
130
110
190
150
120
170
140
130
200
110
160
180
120
150
130
140
190
170
120
160
130
150
200
180
140
130
170
160
190
140
150
180
200
140
170
150
160
190
180
150
160
170
200
190
160
180
170
200
190
180
170
200
180
190
200
190
200
