0.0605053
0.074846
0.0780413
0.0734657
0.0428794
0.071627
0.116493
0.186589
0.305896
0.0379173
0.025991
0.326909
0.552762
0.650633
0.766339
0.0387418
0.793832
0.831539
0.017667
0.0394387
0.0280315
0.0363632
0.0167697
0.0415956
0.0203543
0.0500082
0.0240633
0.0893238
0.0110885
0.0175807
0.0323966
0.189058
0.0249412
0.196603
0.00950276
0.0170585
0.211293
0.0168519
0.22661
0.0256229
0.264489
0.026627
0.0134824
0.00929675
0.0128347
0.026293
0.0148758
0.00937596
0.0165647
0.0448636
0.107493
0.0200448
0.00762905
0.0102327
0.0871748
0.01482
0.0118462
0.0471593
0.0216412
0.18557
0.0135863
0.0192502
0.201193
0.00887757
0.0304289
0.0161242
0.00910685
0.0172248
0.0558843
0.00788943
0.0252848
0.0137184
0.00962352
0.107655
0.00997144
0.0127543
0.00691198
0.0136583
0.101199
0.0125505
0.0666278
0.0180532
0.00978193
0.0106461
0.0366529
0.0120512
0.0108606
0.0231136
0.011066
0.00934085
0.00677523
0.0598095
0.0100925
0.00903087
0.0152243
0.0218306
0.0122645
0.113917
0.0204187
0.00974429
0.00757039
0.00965583
0.0164553
0.00751524
0.0203515
0.00785345
0.0106059
0.0656863
0.00818672
0.0181979
0.00785237
0.0672448
0.0081455
0.0239456
0.00708571
0.0118817
0.0110216
0.00676306
0.00907932
0.0388091
0.0065937
0.0144084
0.0087521
0.013906
0.00736779
0.0289222
0.00751976
0.00906427
0.0121708
0.0112351
0.053199
0.00723511
0.0130346
0.00745484
0.0350432
0.00889018
0.00752553
0.00576887
0.0147348
0.0322395
