0.00977435
0.00231527
0.000650111
0.000294004
0.00256493
0.000299566
0.000221546
0.0197002
0.000621107
0.000144333
0.000168539
0.012572
0.0169226
0.00801613
0.0014747
0.0133404
0.0130563
0.004795
0.000818511
0.0114386
0.00163189
0.00848708
0.011202
0.00215696
0.00120991
0.00126208
0
0.000329662
0.000647345
0.000367659
0.000409484
0.000284537
0.000289981
0.000146038
0.00145351
0.00302344
0
0.00528154
0.000185449
0.000636735
0.00696724
0.00446761
4.88337e-06
0.000760156
0.000126025
0
0.000856307
0.00115633
1.93243e-05
0.000253629
0.000294157
1.8374e-05
0.000273822
0.00140888
0.000414502
0.00250565
0.000390104
0.00125484
0.00015744
0.00239604
9.7621e-05
8.8864e-05
6.40281e-05
0
0.000270786
0.000241427
0.000204583
0.0034499
0.000997837
0
0
0
8.93561e-05
0.00103075
6.32962e-05
0.00060689
0.000302366
0
0.000177603
0.000125889
3.92575e-05
0
0.000340509
6.25432e-06
0
5.30577e-06
0
0.000116425
0
1.21288e-05
0
5.47496e-05
8.08073e-05
0
0
0.000145952
0.000220839
1.16179e-05
0.000184797
3.10012e-05
0
0
0.000269459
0
0.000265354
0.000242837
0.000230277
0.000193611
0.000257402
0.000179298
