0.144693
0.0682569
0.0541849
0.0467333
0.039128
0.0381576
0.04005
0.0401373
0.130384
0.0455522
0.0420833
0.1603
1.65562
0.0842081
3.43447
3.44776
4.10464
4.04531
0.0842852
3.98497
0.0461628
4.10592
4.04414
0.0530189
0.046594
0.0596322
0.0515655
0.0563826
0.0286182
0.0533292
0.0392938
0.0622495
0.0346987
0.060531
0.0271293
0.0460869
0.0598247
0.0606218
0.0431161
0.03
0.0237487
2.4869e-14
0.05
0.0469042
0.0346987
0.00994987
0.0170587
0.046
0.0217945
0.0336303
0.0471593
0.014
0.0431161
0.0291719
0.0195959
2.4869e-14
0.0255147
0.0195959
0.0319218
0.0237487
0.0375633
0.0170587
0.0170587
0.0384187
0.00994987
0.0343366
0.0286182
0.00994987
0.0217945
0.031289
0.00994987
2.4869e-14
0.0170587
0.0364829
0.0217945
0.03
2.4869e-14
0.0237487
0.0195959
0.0255147
0.0237487
0.0237487
2.4869e-14
0.014
0.03
0.014
0.00994987
0.014
0.0255147
2.4869e-14
0.00994987
0.00994987
0.00994987
0.0170587
0.00994987
0.00994987
2.4869e-14
2.4869e-14
2.4869e-14
2.4869e-14
0.014
0.014
0.00994987
0.014
2.4869e-14
2.4869e-14
0.00994987
0.00994987
0.00994987
0.00994987
