0.380797
0.380797
0.504739
0.528827
0.380797
0.546795
0.568998
0.380797
0.48159
0.597395
0.631746
0.670207
0.380797
0.709596
0.480393
0.746447
0.778311
0.380797
0.47469
0.470056
0.380797
0.4604
0.471377
0.45302
0.466491
0.380797
0.448084
0.380797
0.445489
0.449041
0.380797
0.469432
0.445117
0.459918
0.446904
0.432172
0.45085
0.468152
0.417393
0.439301
0.404754
0.456089
0.467246
0.394015
0.419395
0.384915
0.433688
0.453583
0.377224
0.401691
0.466571
0.370757
0.386204
0.466049
0.412124
0.451816
0.372663
0.43004
0.465633
0.360777
0.392877
0.350286
0.450502
0.407433
0.375945
0.427478
0.340979
0.361039
0.387239
0.449488
0.42558
0.347849
0.404157
0.36944
0.448681
0.336106
0.353736
0.325584
0.383323
0.424119
0.40174
0.339805
0.364949
0.327368
0.422958
0.380446
0.399883
0.348724
0.316192
0.361663
0.334319
0.398412
0.378242
0.321446
0.345073
0.309868
0.359154
0.3765
0.330339
0.342294
0.317169
0.357176
0.305319
0.32732
0.340109
0.313934
0.324952
0.301891
0.311403
0.299215
