0
0.00617762
0.0206926
0.0279335
0.0328863
0.0368506
0.0386681
0.0396967
0.0684958
0.0413524
0.0414698
0.0605741
0.0595928
0.0570359
0.0592458
0.176696
0.601534
0.675174
0.650672
0.0428299
0.642115
0.0495688
0.712467
0.587294
0.571539
0.0342412
0.549614
0.0399696
0.0281256
0.0317953
0.0184952
0.0134808
0.034698
0.0249215
0.0116742
0.009875
0.0253272
0.0296307
0.0201592
0.00847238
0.00785529
0.0120284
0.00734547
0.0191746
0.0268324
0.00682573
0.021355
0.00640719
0.00881415
0.00702654
0.0150143
0.024454
0.0183508
0.00592676
0.0157003
0.00892747
0.0217757
0.00526802
0.00457749
0.00645283
0.0160836
0.0204199
0.00418439
0.0124977
0.0134628
0.00376046
0.0050725
0.00346285
0.00724236
0.00430213
0.0144873
0.00370591
0.0105613
0.0116235
0.00514873
0.00333516
0.0129642
0.00300789
0.00414524
0.00619437
0.00270439
0.0105137
0.00939101
0.0119794
0.00340719
0.00243335
0.00433222
0.0029607
0.00942613
0.00531316
0.00258245
0.00340046
0.00829641
0.002333
0.00288167
0.00378491
0.00866095
0.00209877
0.00467268
0.00754578
0.00251046
0.00191087
0.00290151
0.0021971
0.00335754
0.00245218
0.00682179
0.00194074
0.0041913
0.00176074
0.00258558
0.00215452
0.00158523
0.00294675
0.00184974
0.003842
0.0021797
0.0016269
0.00234896
0.0018647
0.00148754
0.00274393
0.00163548
0.0013929
0.00196452
0.00213189
0.00143417
0.00166634
0.00131656
0.00179828
0.00145539
0.00119016
0.00129114
0.00149976
0.00117343
0.00131053
0.00106901
0.00116246
0.00106236
0.000973284
