0.0316678
0.0211041
0.00878086
0.0316678
0.00358572
0.0019422
0.0316678
0.00088248
0.000455976
0.0209702
0.0316678
0.0316678
0.000261614
0.000106629
5.52622e-05
0.0316678
0.00824153
3.10347e-05
0.0207802
0.0316678
0.00375547
0.0207321
0.0206409
0.0316678
0.00809769
0.00180018
0.0316678
0.00104116
0.0206272
0.00380949
0.000447042
0.00820829
0.0316678
0.00022775
0.000107358
0.00818997
5.23063e-05
0.0037692
2.56324e-05
0.00181255
0.020518
0.00182417
0.00404269
0.000900961
0.000924201
0.00837868
0.00044787
0.00178669
0.0207367
0.000220067
0.000455235
0.0207971
0.00010659
0.000217174
0.00845548
5.24765e-05
2.90112e-05
0.000909553
0.00377244
0.000112442
5.23503e-05
0.0211194
2.56567e-05
0.000438735
0.0084219
0.00177713
0.00409008
0.00869041
0.000218928
0.000891656
0.000107764
0.00873666
0.00369976
0.00182113
0.00364161
6.08356e-05
0.000502441
2.56343e-05
0.0018572
0.000896596
0.00403758
0.000237842
0.00186742
0.000106484
0.000468796
0.00087975
0.000895176
5.26231e-05
0.00180898
0.000220922
2.58305e-05
0.0004509
0.000439149
0.000108238
0.000903657
0.000220195
5.26976e-05
0.00021704
2.56332e-05
0.000107851
0.000442992
0.000106842
5.26087e-05
0.000216802
5.22237e-05
3.09038e-05
2.56335e-05
0.000106742
5.22868e-05
2.56383e-05
