0.00811291
0.00422661
0.00255492
0.00171008
0.00165257
0.00122325
0.00117203
0.00100198
0.000984143
0.000822621
0.0152935
0.0241763
0.0234601
0.00848742
0.0192866
0.0216291
0.0264497
0.0211718
0.00850662
0.0237673
0.0066534
0.023219
0.0270337
0.00945348
0.0054921
0.00935655
0.00705582
0.00781425
0.00429754
0.00834276
0.005047
0.00728803
0.00531756
0.00639104
0.0031176
0.00522387
0.00668226
0.00517317
0.00440866
0.00410957
0.00378797
0.0029333
0.00428527
0.00425952
0.00422346
0.00224565
0.00260864
0.00365666
0.00364528
0.00322405
0.00395759
0.0021931
0.00366174
0.00274022
0.00237096
0.00186952
0.00377431
0.00297512
0.00268455
0.00209821
0.00277783
0.00215816
0.00307965
0.00361739
0.0021862
0.00227758
0.00289312
0.00191621
0.00246873
0.0022142
0.00209649
0.00170446
0.00211987
0.00241136
0.00249412
0.00259393
0.00198544
0.00227382
0.00242139
0.00175274
0.00175269
0.00238668
0.00158367
0.00182666
0.00164065
0.0012531
0.00173392
0.0017789
0.00152311
0.00122267
0.00142009
0.00202591
0.0016407
0.00165109
0.00193202
0.00117398
0.00132663
0.00120933
0.00138756
0.00143573
0.00152859
0.00113841
0.000907447
0.00116738
0.00117291
0.00125694
0.000944844
0.00121274
0.000858676
0.000910623
