0.00252359
0.0477129
0.0873587
0.11611
0.0656329
0.0898661
3.16831e-45
0.0743971
3.93554e-45
0.107613
3.59075e-45
0.0801572
2.92197e-45
3.82683e-45
3.85614e-45
3.95747e-45
3.84755e-45
0.0827451
3.58752e-45
0.0663321
2.99828e-45
4.04763e-45
3.62864e-45
0.0851646
5.06454e-45
0.0874574
4.44801e-45
4.56654e-45
4.25801e-45
0.0886022
3.39701e-45
0.0888209
2.93141e-45
4.26949e-45
5.26504e-45
4.12597e-45
4.8626e-45
4.41994e-45
4.07843e-45
4.03173e-45
4.65945e-45
4.81628e-45
3.53246e-45
3.79489e-45
4.52015e-45
4.12525e-45
3.2833e-45
3.69709e-45
4.50649e-45
4.66006e-45
4.97244e-45
4.66918e-45
4.63128e-45
3.95709e-45
3.74294e-45
3.91729e-45
5.74699e-45
4.50197e-45
4.83652e-45
4.58946e-45
4.76819e-45
4.13561e-45
3.56874e-45
3.61228e-45
4.04275e-45
3.97463e-45
4.36135e-45
5.11187e-45
4.19879e-45
5.05309e-45
4.41215e-45
4.93183e-45
3.9179e-45
3.80488e-45
3.49704e-45
4.61211e-45
4.20559e-45
4.87545e-45
5.63093e-45
3.53555e-45
4.39395e-45
4.10505e-45
5.19497e-45
4.20664e-45
4.2636e-45
6.18684e-45
4.35172e-45
3.30054e-45
4.77976e-45
4.77702e-45
3.84679e-45
4.8564e-45
4.02848e-45
4.39587e-45
4.75772e-45
3.46979e-45
5.48453e-45
4.96573e-45
4.01588e-45
3.52393e-45
4.97139e-45
4.2251e-45
4.5083e-45
4.71506e-45
4.6522e-45
4.02821e-45
3.95492e-45
3.63155e-45
4.01119e-45
5.3464e-45
3.58331e-45
5.69562e-45
5.26105e-45
3.48367e-45
4.69737e-45
3.89237e-45
4.79083e-45
3.23438e-45
4.19467e-45
4.09893e-45
5.06742e-45
5.26133e-45
5.06523e-45
4.24744e-45
4.38045e-45
3.89563e-45
4.26492e-45
6.5548e-45
4.95782e-45
4.83097e-45
5.44743e-45
4.96621e-45
4.49078e-45
4.5304e-45
4.07849e-45
5.11174e-45
5.18984e-45
4.91681e-45
4.98963e-45
4.24631e-45
