0.639062
0.639062
0.639062
0.639062
0.639062
0.639062
0.639062
0.459239
0.639062
0.639062
0.36606
0.639062
0.31241
0.256905
0.459239
0.286531
0.390512
0.486724
0.49558
0.384187
0.49558
0.459239
0.49558
0.49558
0.49558
0.31241
0.49558
0.459239
0.266271
0.384187
0.286531
0.407922
0.459239
0.31241
0.485798
0.49558
0.384187
0.468615
0.25318
0.49558
0.49558
0.297321
0.49558
0.326956
0.468615
0.49558
0.384187
0.49558
0.405093
0.492849
0.25318
0.468615
0.384187
0.49558
0.326956
0.297321
0.468615
0.49558
0.49558
0.405093
0.384187
0.49558
0.468615
0.25318
0.326956
0.49558
0.492849
0.49558
0.297321
0.49558
0.384187
0.49558
0.245764
0.326956
0.405093
0.49558
0.384187
0.49558
0.492849
0.297321
0.49558
0.326956
0.245764
0.384187
0.49558
0.49558
0.405093
0.49558
0.326956
0.297321
0.49558
0.492849
0.245764
0.49558
0.49558
0.405093
0.326956
0.49558
0.297321
0.245764
0.49558
0.49558
0.492849
0.49558
0.405093
0.49558
0.245764
0.49558
0.297321
0.49558
0.492849
0.49558
0.49558
0.405093
0.49558
0.297321
0.49558
0.49558
0.492849
0.49558
0.49558
0.405093
0.49558
0.49558
0.49558
0.492849
0.49558
0.49558
0.49558
0.49558
0.49558
0.49558
0.49558
0.49558
0.49558
0.49558
0.49558
0.49558
0.49558
0.49558
