3.33067e-16
4.378e-16
3.96429e-16
4.71747e-16
3.50205e-16
6.2036e-16
7.10022e-16
3.28784e-16
1.10605e-15
4.17627e-16
0
7.77156e-16
3.37661e-16
1.36877e-16
1.12017e-15
5.8329e-16
1.11022e-16
2.37079e-16
7.78701e-16
3.37661e-16
7.32074e-16
1.05839e-15
6.88249e-16
3.37661e-16
5.49953e-16
5.23397e-16
4.54819e-16
3.74031e-16
4.19945e-16
8.88751e-16
3.85393e-16
4.6444e-16
2.5841e-16
3.17919e-16
4.35188e-16
6.66134e-16
5.62391e-16
8.53049e-16
5.85478e-16
4.59269e-16
4.938e-16
5.1694e-16
6.08575e-16
6.45984e-16
4.35824e-16
3.8834e-16
3.35096e-16
6.65046e-16
8.49883e-16
7.40465e-16
7.1925e-16
4.11682e-17
8.16278e-16
5.07646e-16
2.31954e-16
2.19251e-16
5.98595e-16
1.70917e-16
5.29106e-16
1.63263e-16
7.06105e-16
1.00904e-15
2.04489e-16
8.55808e-16
1.78673e-16
3.47909e-16
9.32191e-17
6.66134e-16
5.33369e-16
1.0354e-15
2.17771e-16
2.78885e-16
9.80758e-16
4.99939e-16
6.09562e-16
3.83911e-16
3.69055e-16
8.43203e-16
5.41881e-16
3.6801e-16
4.70864e-16
4.66195e-16
8.46013e-16
4.87646e-16
4.26823e-16
5.57217e-16
8.09074e-16
7.41713e-16
1.97045e-16
7.32011e-16
9.46949e-17
6.35257e-16
1.54237e-16
4.73702e-16
2.68757e-16
9.33842e-16
3.84432e-16
2.92686e-16
3.88578e-16
5.18992e-16
3.98715e-16
8.50336e-16
8.35789e-16
4.93394e-17
5.81332e-16
1.30658e-16
7.75767e-16
7.35057e-16
4.74125e-16
4.83393e-16
4.42003e-16
1.01146e-16
2.77556e-16
1.30303e-16
4.83425e-16
5.3648e-16
5.25365e-16
4.24433e-16
1.11022e-17
5.41027e-16
3.03794e-16
4.22067e-16
2.06439e-16
6.79847e-16
3.10763e-16
2.84247e-16
3.95066e-16
1.36314e-16
4.02791e-16
4.17442e-16
3.98638e-16
6.77577e-16
3.07724e-16
2.53231e-16
5.28465e-16
2.8716e-16
4.04623e-16
5.27181e-16
1.83607e-16
1.85859e-16
