0.17095
0.0564269
0.0527162
0.0469042
0.044
0.0409268
0.0353695
0.038092
0.04005
0.0364829
0.206213
0.200846
0.236863
0.118743
0.238619
0.184185
0.110905
0.134086
0.137565
0.101366
0.0973396
0.11269
0.125455
0.169266
0.0776144
0.140979
0.110865
0.126787
0.0800687
0.115758
0.167389
0.074054
0.104551
0.066
0.0766485
0.139896
0.0698212
0.0734847
0.139208
0.148523
0.0691303
0.0876983
0.0557136
0.0481248
0.143192
0.0785111
0.10301
0.0353695
0.134298
0.111803
0.0640234
0.050705
0.047697
0.0685493
0.106635
0.0620564
0.144347
0.1249
0.0590847
0.120079
0.0282843
0.0976678
0.141421
0.0495076
0.110793
0.103808
0.0346987
0.0815843
0.0900222
0.0547357
0.106846
0.0980612
0.137386
0.014
0.0719097
0.051923
0.124499
0.0264386
0.124354
0.12687
0.0271293
2.13163e-14
0.0944669
0.0992522
0.0496387
0.0701712
0.115978
0.0244949
0.0291719
0.108972
2.13163e-14
0.0961457
0.07494
0.0466476
0.0331512
0.0504381
0.0237487
0.141266
2.13163e-14
0.0170587
0.0453762
0.062442
0.0217945
2.13163e-14
0.056
0.0443959
2.13163e-14
0.014
0.0407308
0.014
