0.0172122
0.0103488
0.686386
0.668044
0.00619921
0.667875
0.735795
0.00439145
0.630816
0.627321
0.684734
0.72136
0.00361865
0.73897
0.60464
0.647689
0.550826
0.00406991
0.607638
0.652304
0.0023417
0.523017
0.650838
0.00201982
0.62966
0.524416
0.580021
0.00201345
0.625113
0.462005
0.00231278
0.692951
0.580564
0.579634
0.648444
0.5829
0.579598
0.52926
0.584414
0.606261
0.606349
0.653075
0.695727
0.554573
0.555192
0.724871
0.605162
0.559649
0.629813
0.556159
0.609833
0.422941
0.528101
0.559787
0.582074
0.612529
0.58252
0.559315
0.635593
0.425951
0.530866
0.42561
0.714489
0.556923
0.606412
0.383792
0.673204
0.581783
0.698482
0.558422
0.66035
0.556421
0.63656
0.556893
0.55994
0.584043
0.584672
0.382781
0.609934
0.635008
0.656868
0.675028
0.795845
0.614307
0.76562
0.678778
0.73505
0.63666
0.586247
0.714246
0.560972
0.500058
0.610294
0.696262
0.634241
0.586164
0.699507
0.501804
0.335542
0.610678
0.631942
0.610746
0.633834
0.589378
0.657944
0.715147
0.61125
0.500038
0.561336
0.473332
