0.388889
0.412033
0.447368
0.433075
0.452671
0.465517
0.471268
0.540649
0.458322
0.571014
0.474359
0.465056
0.359098
0.25314
0.468224
0.479592
0.147182
0.0412237
0.472692
3.92176e-45
3.58771e-45
0.477341
0.483051
0.485857
0.485507
0.479166
0.515994
0.479693
0.542449
0.487342
0.495652
0.485107
0.488764
0.382723
0.483837
0.269794
0.490629
0.484503
0.489899
0.156865
0.0439357
0.509859
3.45405e-45
0.486577
0.488909
4.01928e-45
0.526196
0.487663
0.505147
0.488522
0.492994
0.390055
0.274962
0.489753
0.491164
0.507113
0.489975
0.15987
0.518921
0.0447774
0.494407
4.874e-45
0.491101
0.509773
0.491237
4.29877e-45
0.492657
0.393627
0.50556
0.492
0.27748
0.492346
0.495345
0.514803
0.161334
0.493719
0.0451875
0.512511
0.493205
0.504562
3.76793e-45
0.395741
6.04065e-45
0.496014
0.494512
0.512156
0.278971
0.493891
0.1622
0.503868
0.514321
0.495128
0.496515
0.0454302
0.397138
4.15269e-45
0.510311
0.495619
5.52835e-45
0.279956
0.503357
0.496904
0.515606
0.162773
0.508952
0.0455906
0.398131
0.502965
0.497215
4.52738e-45
0.280655
0.513741
4.41098e-45
0.50791
0.16318
0.398872
0.502655
0.0457045
0.512131
0.281178
3.94937e-45
0.507084
3.76578e-45
0.163484
0.399446
0.0457896
0.510858
0.281583
3.99303e-45
0.399905
0.163719
4.62446e-45
0.0458555
0.281906
4.39113e-45
0.163907
4.59251e-45
0.0459082
4.84928e-45
4.28916e-45
