0.231517
0.465725
0.627774
0.231517
0.616117
0.618142
0.65307
0.231517
0.637887
0.618789
0.621691
0.629603
0.641872
0.231517
0.630952
0.750733
0.642262
0.720347
0.719722
0.691665
0.768375
0.231517
0.793473
0.822435
0.883403
0.231517
0.790253
0.839285
0.763937
0.231517
0.965194
0.753923
0.760855
1.02255
0.231517
0.79278
1.03053
0.761315
0.748398
0.894707
0.748398
0.231517
0.756902
1.13759
0.965609
0.856796
0.231517
0.995791
0.813695
1.2339
0.806784
0.941063
0.795047
1.12677
1.60838
1.45702
0.809012
0.80895
0.926067
0.89
0.80895
1.79357
0.865794
0.797245
1.11288
1.55978
0.895321
0.854166
1.2373
0.833307
1.08701
0.93835
1.70707
1.12343
1.05873
1.51753
1.95297
1.03484
1.97558
1.33177
1.41067
1.98837
1.97798
1.57747
1.46154
2.07065
2.00562
1.37219
2.02941
2.70178
2.07029
2.05728
1.47652
1.41563
2.09294
2.07483
2.75783
2.08761
2.10247
3.60806
1.37408
1.40004
2.76884
2.12358
2.14476
3.32146
2.80079
3.51403
2.17062
1.35351
2.82717
2.9082
2.18367
2.8593
3.64978
2.92371
2.58619
2.88659
2.94387
3.47183
2.90842
3.96309
2.93741
2.9722
3.0528
3.0044
3.80354
3.06307
3.01563
3.0817
3.81948
3.05125
3.10839
3.8398
3.52613
3.8568
3.54408
3.88846
3.6312
3.66607
