0.0201163
0.00931241
0.0238305
0.00650862
0.00473624
0.0270906
0.0264833
0.0040605
0.0262358
0.0105078
0.00318255
0.0348545
0.0338995
0.00266851
0.0340943
0.0252871
0.0114906
0.00226625
4.49926e-46
0.00614904
5.7073e-46
0.00211857
0.0120947
0.00218007
0.0117334
0.00503547
0.00571628
0.0117521
0.013862
0.00424269
0.012842
0.00701025
0.0124261
0.00536732
1.56679e-46
0.00578457
0.00358749
1.36147e-46
0.00800894
0.00527885
0.0041442
0.00845245
0.00289453
0.00796002
0.00611147
0.00540778
0.00255279
0.00328308
0.00454881
3.12636e-47
0.00520405
7.21301e-48
0.00171119
0.00533523
0.00311441
0.00519747
0.0036739
0.00214488
0.00574772
0.00506098
0.00368811
0.00209244
0.00296178
9.91564e-48
0.00339848
0.0045777
2.11623e-47
0.00247252
0.00413116
0.00298425
0.00218723
0.00280477
0.00429912
0.00207198
0.00312964
8.34633e-48
0.00358195
0.00219321
0.00282065
1.48572e-47
0.00263276
0.00351248
0.00329874
0.0020128
2.12822e-48
0.0028877
0.0024608
0.0033551
5.42421e-48
0.00256433
0.00270789
0.0021339
0.00248804
6.07331e-48
0.00258759
0.00248973
9.45984e-48
0.00220815
0.00243984
0.00205651
5.30189e-48
0.00194414
5.48956e-48
0.00225894
0.00212425
3.95425e-48
0.00215715
5.12719e-48
0
1.83765e-47
