21.62
21.62
21.64
21.62
21.65
21.77
22.37
21.62
22.81
21.61
23
23.27
23.49
21.62
23.66
21.63
23.84
23.97
24.1
21.61
21.64
21.62
21.72
22.33
21.62
21.62
21.61
22.61
22.91
21.62
21.64
23.16
23.22
21.71
21.62
21.61
21.62
23.36
23.54
22.29
23.67
21.62
23.79
21.64
21.61
22.58
21.62
21.62
22.87
21.71
22.96
21.61
23.14
22.28
21.64
21.62
23.32
23.45
22.56
21.61
23.58
21.71
22.84
23.52
21.62
21.64
21.61
22.94
22.28
23.13
21.61
23.28
21.71
22.56
21.62
21.64
23.41
22.84
23.36
22.26
21.62
23.48
22.93
21.71
21.64
22.55
23.1
21.62
23.27
22.26
22.84
23.41
21.64
21.71
22.91
23.35
22.55
23.46
23.1
22.26
21.64
21.71
22.83
23.24
23.37
22.55
22.9
22.26
23.32
21.71
23.09
22.83
23.44
23.23
22.55
22.9
22.26
23.21
23.09
22.82
23.32
22.55
23.43
23.22
22.9
23.2
22.82
23.09
23.32
22.9
23.22
23.43
23.2
23.08
23.32
23.22
23.4
23.2
23.3
23.4
