0
4.44089e-16
0
4.44089e-16
4.44089e-16
4.44089e-16
0
4.44089e-16
0.331512
4.44089e-16
4.44089e-16
4.44089e-16
0
4.44089e-16
4.44089e-16
4.44089e-16
0
4.44089e-16
0.263558
4.44089e-16
0
4.44089e-16
0.208973
0.0911197
4.44089e-16
0
4.44089e-16
4.44089e-16
4.44089e-16
4.44089e-16
0.16287
0
4.44089e-16
0.209662
4.44089e-16
0
4.44089e-16
0.0791405
0.192316
4.44089e-16
0
0.0286768
4.44089e-16
4.44089e-16
4.44089e-16
0.153462
4.44089e-16
4.44089e-16
0.0895837
0.164853
4.44089e-16
4.44089e-16
0.114337
0.0406683
4.44089e-16
0.1506
0.0262294
0.0265206
4.44089e-16
4.44089e-16
4.44089e-16
0.0403694
0.168045
0.0478852
4.44089e-16
4.44089e-16
0.121662
4.44089e-16
0.035579
0.0447734
4.44089e-16
0.0858578
0.0509614
4.44089e-16
4.44089e-16
0.0379739
4.44089e-16
4.44089e-16
0.101557
0.109549
0.10133
4.44089e-16
0.0110229
4.44089e-16
0.0601154
0.0990107
0.045941
4.44089e-16
4.44089e-16
0.0398115
4.44089e-16
0.121579
0.0276855
4.44089e-16
0.0201318
4.44089e-16
0.0298934
4.44089e-16
0.0374843
0.031795
4.44089e-16
0.11767
4.44089e-16
0.0253619
0.0398252
4.44089e-16
4.44089e-16
0.0803947
0.0273209
4.44089e-16
