21.94
21.94
21.94
21.94
21.94
21.94
22.41
22.7
23
21.94
21.94
23.29
23.46
23.6
23.72
21.94
23.85
23.95
21.94
21.94
21.94
21.94
21.94
22.41
21.94
22.7
21.94
23
21.94
21.94
23.29
23.46
21.94
23.6
21.94
21.94
23.72
21.94
23.85
22.41
23.95
21.94
22.7
21.94
21.94
23
21.94
21.94
21.94
23.29
23.46
21.94
22.41
21.94
23.6
21.94
21.94
23.72
22.7
23.85
21.94
21.94
23
23.95
23.29
21.94
21.94
22.41
23.46
21.94
23.6
22.7
21.94
23.72
21.94
21.94
21.94
23
23.85
22.41
23.95
23.29
21.94
21.94
23.46
21.94
22.7
23.6
23
21.94
22.41
23.72
21.94
21.94
23.29
23.85
22.7
23.95
23.46
22.41
21.94
23
23.6
21.94
23.72
22.7
23.29
23.85
22.41
21.94
23.46
23.95
23
23.6
22.7
23.29
23.72
22.41
23.46
23.85
23
23.95
22.7
23.6
23.29
23.72
23
23.46
23.85
23.6
23.95
23.29
23.72
23.46
23.85
23.6
23.95
23.72
23.85
23.95
