0.07613
0.07613
0.07613
0.07613
0.07613
0.07613
0.0479452
0.07613
0.07613
0.07613
0.0551503
0.0473898
0.07613
0.07613
0.0742717
0.0644224
0.07613
0.0398924
0.0441918
0.07613
0.047245
0.0419593
0.0299897
0.07613
0.0369732
0.0260167
0.0496881
0
0.0384443
0.0161469
0
0
0
0.0147909
0
0
0.034793
0
0
0
0
0
0
0.0573231
0
0.0491357
0
0
0
0.0633011
0
0.0346621
0.00147111
0
0.0651366
0
0.015215
0.0647829
0
0.00585386
0.0563696
0
0
0
0
0.07613
0.0748002
0
0
0.040806
0
0
0.0561886
0
0.0105802
0.00867471
0
0
0.063877
0.07613
0.0533762
0.0308571
0
0
0
0.07613
0
0.07613
0
0.0505332
0
0.0464736
0
0.07613
0.0325807
0.07613
0
0.0359331
0
0
0.00819404
0
0
0.009551
0
0.0581328
0.0512879
0
0
0.0469264
0
0.00814548
0
0.0323368
0
0.0299504
0
0
0
0.0559742
0.0759276
0
0
0
0
0
0.00486411
0
0
0.0471763
0.0698028
0
0.00410237
0
0
0
0
0
0
0
0
0.0120077
0
0
0.0125516
0.0137065
0
0
0.00412104
0.0143109
0
0
0
0.0264592
0.0484382
0
0
0
0.036044
0
0
0
0.0514142
0
0
0
0
0
0
0.0323716
0.0567612
0.001757
0
0
0
0
0.00881603
0.0182065
0
0
0
0.049021
0.00949706
0
0
0
0
0
0
0
0
0
0
0
0
0
0
0
0
0
0
0
0
0
0
0
0
0
0
0
0
0
0
0
0
0
0
0
0
0
