0.100255
0.679444
1.05056
0.0667158
0.832233
0.985517
1.61184
2.10605
0.987609
1.033
0.0431161
2.06656
2.58457
1.29995
1.09458
0.0346987
1.4201
1.08959
2.90562
0.0195959
1.73742
1.18376
3.31513
1.0033
2.19225
0.0217945
2.82236
2.79752
3.73151
1.68608
3.13973
0.0195959
1.47676
1.15134
2.24946
2.4869e-14
3.85947
3.20042
1.3055
3.36854
1.87945
0.00994987
3.82205
3.61712
4.11575
2.69574
1.45244
2.4869e-14
2.66692
3.55483
3.17404
3.82846
1.8605
3.86074
3.47549
4.05551
3.8877
3.29589
2.6903
2.22573
3.69377
3.6667
3.24072
3.91043
3.46373
2.08831
4.15149
3.75175
3.23932
4.10296
3.73353
4.08105
3.82297
4.0467
4.14536
3.39565
3.74399
3.4902
3.5203
4.20308
3.62077
4.23354
4.19386
3.97029
3.62311
3.64901
3.6708
3.70981
3.66443
4.17858
3.97015
3.39573
3.95375
3.81817
3.70185
3.57519
3.80998
3.71366
3.36655
3.90288
3.58379
3.89968
3.39353
4.23469
3.80463
3.80246
3.5232
3.88659
3.99375
3.54063
