10
20
20
50
10
40
10
60
10
20
30
90
30
80
20
70
10
10
10
10
20
20
20
20
50
20
110
20
30
100
10
10
120
10
40
50
30
130
60
140
40
30
150
20
160
170
70
30
180
30
40
50
80
190
40
60
90
30
200
40
30
50
70
100
30
60
80
30
40
110
50
40
120
70
90
60
50
40
130
40
100
60
80
50
40
70
140
50
90
60
150
110
50
70
80
160
50
60
120
100
170
90
70
180
80
60
130
110
70
60
190
100
60
140
80
200
90
70
150
120
110
80
70
160
100
90
130
70
80
120
110
140
170
80
100
90
180
150
130
80
90
100
120
110
190
160
90
140
200
100
130
110
90
120
170
150
100
180
110
140
120
160
130
100
190
110
150
120
170
200
140
130
110
180
160
120
150
130
140
190
170
120
160
130
200
150
180
140
130
170
190
160
140
150
180
200
140
170
160
150
190
180
150
160
170
200
190
180
160
170
200
190
180
170
200
180
190
200
190
200
