0.140936
0.238598
0.225895
0.196988
0.126585
3.40888e-45
3.38657e-45
0.211412
3.68225e-45
0.199566
4.29873e-45
2.73337e-45
3.52636e-45
0.224412
3.63032e-45
2.8554e-45
3.44532e-45
3.68721e-45
3.88445e-45
0.0929174
3.71207e-45
0.22789
3.20046e-45
0.235436
3.82458e-45
4.02039e-45
3.37682e-45
3.46606e-45
0.237283
3.43786e-45
4.38242e-45
3.85122e-45
0.236357
4.54417e-45
3.36821e-45
4.74922e-45
3.90116e-45
4.45929e-45
3.76198e-45
0.238904
4.33232e-45
3.69553e-45
3.22041e-45
4.79421e-45
4.56861e-45
4.41525e-45
0.238091
3.79966e-45
3.83676e-45
3.47273e-45
5.03119e-45
4.61037e-45
3.16309e-45
4.51901e-45
4.38034e-45
4.66146e-45
3.38107e-45
5.19002e-45
4.95695e-45
4.47738e-45
3.87801e-45
4.38069e-45
4.40499e-45
4.91301e-45
3.72825e-45
4.07542e-45
2.75413e-45
3.82451e-45
4.69972e-45
5.24447e-45
3.94092e-45
5.77135e-45
4.69465e-45
4.26496e-45
3.83108e-45
4.4816e-45
4.54977e-45
5.01891e-45
4.73418e-45
4.61118e-45
4.73607e-45
4.41438e-45
4.0878e-45
4.87257e-45
4.18634e-45
5.19228e-45
3.68194e-45
4.78912e-45
4.98055e-45
4.35372e-45
4.56639e-45
3.89464e-45
3.88963e-45
5.26041e-45
4.85966e-45
4.2297e-45
4.58467e-45
3.75656e-45
3.99652e-45
4.33896e-45
3.84049e-45
4.63702e-45
4.51553e-45
4.50476e-45
4.12284e-45
5.09673e-45
4.91353e-45
3.93028e-45
3.77735e-45
4.83481e-45
4.17643e-45
3.96755e-45
4.90358e-45
4.49467e-45
4.24778e-45
3.62098e-45
3.89287e-45
4.75458e-45
3.57364e-45
4.72298e-45
4.44361e-45
4.13858e-45
5.19336e-45
5.26718e-45
4.84574e-45
4.52357e-45
4.23215e-45
4.4323e-45
4.11706e-45
4.2267e-45
4.58789e-45
4.75259e-45
4.66494e-45
4.18851e-45
4.90359e-45
4.57919e-45
4.1191e-45
3.94037e-45
4.76359e-45
4.46941e-45
