0.0899275
0.107445
0.171509
0.81499
0.0375704
1
1
1
1
0.0478605
0.0107665
1
1
1
1
0.0234367
1
1
0.0209442
0.783016
0.029114
1
0.0130132
1
0.0310318
1
0.0314851
1
0.0189748
0.620011
1
1
1
1
0.00723647
0.062658
1
0.0227659
1
1
1
0.9
0.769438
0.00612176
0.0169694
1
0.0860558
0.00757697
1
1
1
1
0.0123032
0.0154266
1
0.615103
0.0480142
1
1
1
1
1
1
0.0165995
1
0.766872
0.0910007
1
1
0.0232589
1
1
1
1
0.0514548
0.766173
0.0232791
1
1
1
1
1
0.0497301
1
1
1
0.75737
1
1
0.900002
0.0102685
1
1
0.757987
0.900001
1
1
1
1
1
0.680905
1
1
1
1
1
1
1
1
1
1
1
1
1
1
1
1
1
1
0.900001
1
1
1
1
1
1
1
1
1
1
0.900001
1
1
1
1
0.9
1
1
0.900002
1
