0.0506926
0.18
0.0247254
0.19
0.2
0.2
0.15
0.01713
0.22
0.2
0.21
0.12
0.13
0.0130861
0.16
0.11
0.17
0.0115713
0.23
0.18
0.00753739
0.1
0.2
0.14
0.18
0.14
0.0068768
0.1
0.16
0.18
0.2
0.16
0.00579301
0.12
0.15
0.19
0.00661182
0.17
0.11
0.09
0.00457012
0.1
0.19
0.12
0.11
0.11
0.16
0.17
0.11
0.14
0.15
0.12
0.09
0.09
0.07
0.13
0.11
0.11
0.15
0.08
0.09
0.17
0.13
0.1
0.15
0.15
0.18
0.16
0.14
0.2
0.1
0.08
0.09
0.15
0.16
0.15
0.15
0.13
0.14
0.12
0.08
0.1
0.08
0.18
0.06
0.15
0.11
0.16
0.11
0.13
0.16
0.18
0.17
0.1
0.1
0.1
0.11
0.16
0.07
0.09
0.08
0.19
0.08
0.13
0.11
0.17
0.12
0.1
0.13
0.08
