0.649322
0.724069
0.766057
0.649322
0.80806
0.840063
0.878541
0.649322
0.880702
0.676774
0.880793
0.880797
0.880797
0.649322
0.880797
0.704541
0.880797
0.880797
0.880797
0.633834
0.755809
0.649322
0.805767
0.876305
0.648704
0.649322
0.880604
0.595691
0.88079
0.649322
0.704522
0.880797
0.880797
0.770671
0.561768
0.649322
0.597879
0.880797
0.880797
0.874045
0.880797
0.649322
0.880797
0.653358
0.531464
0.880506
0.649322
0.551772
0.880786
0.733693
0.880797
0.504259
0.880797
0.871759
0.602405
0.510181
0.880797
0.880797
0.880408
0.479721
0.880797
0.693921
0.880782
0.880797
0.47287
0.552372
0.457491
0.880797
0.869445
0.880797
0.43727
0.880797
0.650502
0.88031
0.439534
0.504362
0.880797
0.880778
0.880797
0.867102
0.409818
0.880797
0.880796
0.602743
0.459538
0.880212
0.880797
0.383345
0.880797
0.864727
0.880774
0.880797
0.55052
0.418782
0.880796
0.880797
0.880114
0.880797
0.880797
0.862317
0.382505
0.49509
0.88077
0.880797
0.880797
0.880016
0.880796
0.859871
0.880797
0.43971
0.880797
0.880767
0.880797
0.880797
0.879917
0.880796
0.857386
0.880797
0.880797
0.880763
0.880797
0.879818
0.880797
0.880797
0.880796
0.880797
0.880759
0.880797
0.880797
0.880797
0.880796
0.880797
0.880797
0.880797
0.880797
0.880797
0.880797
0.880797
0.880797
0.880797
