0.0888889
0.147368
0.165517
0.111022
0.174359
0.128926
0.179592
0.143799
0.183051
0.156613
0.185507
0.157848
0.196803
0.187342
0.228717
0.25746
0.188764
0.285373
0.166292
0.25314
0.189899
0.172383
0.147182
0.0412237
3.57294e-45
0.173232
3.90971e-45
0.179464
0.179115
0.177907
0.196602
0.209033
0.183655
0.182434
0.218888
0.227167
0.183569
0.186254
0.234378
0.186425
0.156865
0.0439357
0.197447
3.95034e-45
0.186928
0.186921
0.188392
3.72295e-45
0.205194
0.211177
0.189756
0.189862
0.216077
0.189137
0.189591
0.197989
0.220244
0.191001
0.15987
0.20362
0.0447774
0.190711
0.191836
0.19191
4.55762e-45
0.191353
0.20792
3.67004e-45
0.198348
0.211406
0.191887
0.214343
0.193214
0.192605
0.202771
0.161334
0.192798
0.0451875
0.206129
0.1986
4.72839e-45
0.19354
0.194194
0.208836
0.193525
4.61366e-45
0.202243
0.211105
0.194265
0.198786
0.1622
0.204997
0.194927
0.0454302
0.20721
0.201883
3.82482e-45
0.194844
0.198929
0.195496
0.20906
5.52653e-45
0.204217
0.162773
0.201622
0.206089
0.0455906
0.195949
0.199042
4.38318e-45
0.20765
0.203648
3.67556e-45
0.201424
0.16318
0.199133
0.20527
0.0457045
0.203214
0.20662
4.09572e-45
0.201269
0.163484
5.02574e-45
0.204645
0.202872
0.0457896
0.205835
3.80723e-45
0.204152
0.163719
4.72171e-45
0.0458555
0.205216
4.31684e-45
0.163907
3.61798e-45
0.0459082
5.23131e-45
5.75596e-45
