22.023
22.056
22.239
24.138
22.067
21.866
22.095
24.786
22.146
25.048
22.272
22.473
22.095
22.53
23.071
22.592
22.095
22.494
21.933
24.433
22.092
25.541
22.112
21.852
22.741
26.979
22.11
22.88
22.101
23.313
24.448
21.852
25.451
22.482
24.752
25.062
24.529
21.812
25.064
22.735
26.491
22.631
21.841
25.666
24.335
26.079
22.413
24.189
22.935
21.777
24.884
23.869
25.082
21.822
24.252
22.252
26.32
22.752
21.806
27.446
25.31
22.237
28.154
24.179
24.853
22.516
27.529
25.902
25.08
22.196
22.634
25.888
24.167
27.08
22.209
26.707
25.867
27.523
23.791
22.625
23.274
26.215
24.786
22.341
26.712
23.49
23.205
26.538
27.855
25.444
26.688
23.289
23.099
26.023
26.237
27.314
25.914
24
27.03
24.987
28.46
24.584
25.322
26.68
26.135
27.489
27.045
27.914
27.567
27.967
