22.13
22.19
22.41
22.442
22.203
22.355
22.469
22.212
22.745
22.39
22.322
22.416
22.226
22.342
22.62
22.473
22.408
22.229
22.876
22.611
22.238
22.702
22.959
22.237
22.927
22.708
22.787
22.249
22.683
22.804
22.252
22.984
22.636
22.814
22.679
22.837
22.795
22.947
22.785
22.963
22.818
22.97
23.172
22.752
22.848
22.941
22.87
23.087
22.865
22.842
23.079
22.696
22.827
23.345
22.944
23.166
22.998
22.946
23.324
22.969
23.005
22.847
23.345
22.908
23.077
22.902
22.985
23.014
23.101
23.325
23.265
22.938
23.163
23.11
23.328
22.962
23.115
22.884
23.236
23.251
23.27
23.37
23.451
23.216
23.396
23.266
23.448
23.322
23.024
23.317
23.173
23.177
23.447
23.444
23.296
23.134
23.347
23.377
22.955
23.04
23.141
23.361
23.248
23.345
23.41
23.373
23.674
23.151
23.385
23.296
