0
0.775174
0
0.888889
0
0.888889
0.888889
0
0.888889
0.89487
0.888889
0.888889
0
0.888889
0.888889
0.947368
0.888889
0
0.888889
0.859659
0.888889
0.947368
0.888889
0
0.947368
0
0.965517
0.728672
0.947368
0
0.947368
0
0.965517
0.947368
0.667918
0.947368
0.974359
0.947368
0.965517
0.947368
0.947368
0.617605
0.965517
0.947368
0.974359
0.947368
0.965517
0.979592
0.586882
0.965517
0.974359
0.965517
0.983051
0.979592
0.556078
0.965517
0.974359
0.965517
0.974359
0.965517
0.48863
0.979592
0.985507
0.965517
0.974359
0.983051
0.965517
0.274538
0.974359
0.979592
0.974359
0.987342
0.983051
0.979592
0.985507
0.974359
0.974359
0.988764
0.979592
0.983051
0.974359
0.979592
0.985507
0.974359
0.987342
0.989899
0.983051
0.979592
0.979592
0.985507
0.983051
0.988764
0.987342
0.979592
0.983051
0.979592
0.985507
0.989899
0.979592
0.987342
0.983051
0.988764
0.985507
0.983051
0.987342
0.983051
0.985507
0.988764
0.989899
0.983051
0.985507
0.987342
0.983051
0.988764
0.985507
0.989899
0.987342
0.985507
0.988764
0.987342
0.985507
0.989899
0.987342
0.985507
0.988764
0.987342
0.989899
0.988764
0.987342
0.989899
0.988764
0.987342
0.988764
0.989899
0.988764
0.989899
0.988764
0.989899
0.989899
0.989899
