22.021
22.29
22.628
22.052
22.727
22.77
22.817
22.836
22.326
22.868
22.07
22.835
22.924
22.831
22.554
22.087
22.718
22.267
22.704
22.099
22.777
22.576
22.872
22.272
22.831
22.108
22.658
22.847
22.879
22.887
22.78
22.104
22.488
22.194
22.78
22.824
22.116
22.629
22.206
22.865
22.531
22.119
22.687
22.81
22.861
22.757
22.27
22.11
22.837
22.613
22.576
22.804
22.729
22.301
22.869
22.707
22.833
22.53
22.747
22.203
22.882
22.682
22.863
22.847
22.549
22.276
22.696
22.835
22.744
22.892
22.554
22.807
22.718
22.644
22.862
22.886
22.808
22.531
22.848
22.808
22.664
22.591
22.729
22.811
22.666
22.857
22.856
22.673
22.693
22.799
22.817
22.691
22.823
22.612
22.803
22.823
22.745
22.803
22.715
22.874
22.799
22.736
22.802
22.756
22.814
22.834
22.861
22.828
22.822
22.83
