0.0674346
0.0867623
0.242361
0.0627267
0.0298855
0
0
0
0
0.0395681
0.0121704
0
0
0
0
0.0197942
0
0
0.0102671
0.0279272
0.0242379
0
0.0110816
0
0.0178499
0
0.0172431
0
0.0127382
0.310642
0
0
0
0
0.00626272
0.109931
0
0.0252347
0
0
0
0.3
0.0140868
0.00612935
0.026647
0
0.153839
0.00584747
0
0
0
0
0.0134936
0.0098683
0
0.30778
0.118212
0
0
0
0
0
0
0.0286161
0
0.019126
0.160664
0
0
0.0328476
0
0
0
0
0.119371
0.0133702
0.0347083
0
0
0
0
0
0.126012
0
0
0
0.0127091
0
0
0.299993
0.00995841
0
0
0.00937722
0.299996
0
0
0
0
0
0.226885
0
0
0
0
0
0
0
0
0
0
0
0
0
0
0
0
0
0
0.299996
0
0
0
0
0
0
0
0
0
0
0.299998
0
0
0
0
0.299999
0
0
0.299993
0
