0.0517477
0.0266655
0.0258874
0.0295916
0.0118554
0.0379697
0.0346728
0.0756248
0.0118856
0.00812774
0.0905525
0.059292
0.0498188
0.0145136
0.0733064
0.0160588
0.0534864
0.0130239
0.0224861
0
0.00625177
0
0.0271641
0.00472395
0.0199487
0.013906
0.0116011
0.0286541
0.0057
0.0128362
0.00588457
0.0180807
0.0074155
0.019838
0.00394239
0.0104802
0.0223198
0.00590709
0.00900502
0.0166956
0.0190742
0.0271932
0.00491008
0
0.00443913
0
0.0207284
0.00380768
0.00792642
0.0182174
0.00673749
0.0311267
0.00291561
0.0112364
0.00617878
0.014617
0.00456525
0.0191768
0.0128506
0.00959475
0.00634183
0.00426083
0
0.00520802
0.0119175
0.0121625
0
0.0150872
0.00394719
0.00728523
0.0166955
0.00630462
0.00780792
0.00607039
0.00960634
0.00609718
0.00922303
0.012024
0.00555621
0.00682042
0
0.00719946
0
0.00333855
0.00504468
0.00732622
0.00552448
0.00747441
0.00923174
0.0069193
0.0126026
0.00517722
0.0122707
0.00783795
0.00568297
0
0.00223477
0.00534238
0
0.00752689
0.00572911
0.00296693
0.00434448
0.0114995
0.0063345
0.00929327
0.00493032
0.00339058
0.00391552
0
0.00633184
0.00191093
0
0.00471318
0.004223
0.00384119
0.00573507
0.0064969
0.00344277
0.00210816
0
0.00396649
0.0100082
0
0.0042574
0.00342282
0.00570147
0.00435182
0
0.00274037
0.00202653
0
0.00513305
0.00709202
0
0.004516
0
0.00524062
0
0
