21.36
21.36
21.36
25.61
21.36
24.57
25.64
21.36
28.43
21.36
28.07
21.36
23
23.29
23.46
25.84
23.6
21.36
23.72
21.36
23.85
24.51
23.95
21.36
25.26
21.36
25.79
21.36
27.71
21.36
28.57
21.36
24.51
28.26
21.36
31.19
25.83
31.02
25.17
30.54
21.36
23.72
27.56
23.85
24.51
23.95
28.48
25.88
21.36
31.51
25.05
31.45
25.88
24.51
21.36
31.3
27.55
31.16
28.52
30.75
21.36
25.05
25.88
30.86
31.57
24.45
30.86
21.36
30.62
27.34
30.51
25.89
25.05
28.61
24.58
30.62
30.61
25.89
31.4
27.32
30.57
30.58
25.05
24.51
30.24
25.89
31.38
30.31
30.14
27.31
30.88
24.65
25.05
29.75
30.58
29.96
31.42
24.57
29.97
27.22
30.27
25.05
30.88
30.05
31.47
29.79
30.52
27.24
25.05
29.43
30.25
30.87
29.72
31.48
30.03
27.24
30.51
29.79
30.86
30.26
29.4
31.46
30.01
29.68
30.48
29.75
30.86
30.1
29.38
30.48
29.81
29.67
29.85
29.36
29.36
30.02
29.28
29.7
29.39
28.94
