0.551456
0.576027
0.591067
0.602964
0.601416
0.609239
0.631045
0.61895
0.649382
0.620397
0.667854
0.686378
0.704126
0.626737
0.720268
0.629487
0.734248
0.745853
0.755151
0.634151
0.634401
0.631346
0.63703
0.638809
0.634393
0.641348
0.640849
0.637588
0.637375
0.636557
0.644502
0.638926
0.642293
0.645421
0.638173
0.644812
0.647116
0.647343
0.653891
0.640371
0.661734
0.639425
0.670655
0.649401
0.647432
0.632071
0.640425
0.650526
0.624499
0.649473
0.618438
0.649292
0.613969
0.641016
0.652294
0.652779
0.611002
0.609413
0.629173
0.650681
0.60908
0.65186
0.617922
0.609896
0.654379
0.654204
0.651757
0.608056
0.641365
0.599665
0.652617
0.592655
0.653434
0.627405
0.655573
0.655558
0.586897
0.613967
0.582264
0.641584
0.656499
0.578645
0.601858
0.654549
0.65657
0.626218
0.591173
0.657237
0.581819
0.641733
0.611334
0.573665
0.657353
0.655381
0.597753
0.566578
0.625366
0.560443
0.585574
0.641841
0.657978
0.656026
0.609458
0.574708
0.565021
0.624726
0.594838
0.641923
0.55638
0.65654
0.581612
0.608053
0.548668
0.569693
0.624227
0.592662
0.641988
0.558948
0.578663
0.606963
0.549244
0.623828
0.540461
0.565971
0.590977
0.554455
0.606092
0.576384
0.54398
0.589633
0.563101
0.534427
0.550997
0.574569
0.539939
0.56082
0.529807
0.548255
0.536742
0.526159
