1.11022e-15
4.44089e-16
4.44089e-16
4.44089e-16
1.11022e-15
4.44089e-16
4.44089e-16
4.44089e-16
4.44089e-16
4.44089e-16
1.11022e-15
4.44089e-16
4.44089e-16
4.44089e-16
4.44089e-16
4.44089e-16
4.44089e-16
4.44089e-16
1.11022e-15
4.44089e-16
4.44089e-16
4.44089e-16
1.11022e-15
4.44089e-16
4.44089e-16
4.44089e-16
4.44089e-16
4.44089e-16
1.11022e-15
4.44089e-16
4.44089e-16
4.44089e-16
4.44089e-16
4.44089e-16
1.11022e-15
4.44089e-16
4.44089e-16
4.44089e-16
4.44089e-16
4.44089e-16
4.44089e-16
4.44089e-16
4.44089e-16
1.11022e-15
4.44089e-16
4.44089e-16
4.44089e-16
1.11022e-15
4.44089e-16
4.44089e-16
4.44089e-16
4.44089e-16
4.44089e-16
1.11022e-15
4.44089e-16
4.44089e-16
4.44089e-16
4.44089e-16
4.44089e-16
4.44089e-16
4.44089e-16
4.44089e-16
4.44089e-16
4.44089e-16
4.44089e-16
4.44089e-16
4.44089e-16
4.44089e-16
4.44089e-16
4.44089e-16
4.44089e-16
4.44089e-16
4.44089e-16
4.44089e-16
4.44089e-16
4.44089e-16
4.44089e-16
4.44089e-16
4.44089e-16
4.44089e-16
4.44089e-16
4.44089e-16
4.44089e-16
4.44089e-16
4.44089e-16
4.44089e-16
4.44089e-16
4.44089e-16
4.44089e-16
4.44089e-16
4.44089e-16
4.44089e-16
4.44089e-16
4.44089e-16
4.44089e-16
4.44089e-16
4.44089e-16
4.44089e-16
4.44089e-16
4.44089e-16
4.44089e-16
4.44089e-16
4.44089e-16
4.44089e-16
4.44089e-16
4.44089e-16
4.44089e-16
4.44089e-16
4.44089e-16
4.44089e-16
4.44089e-16
4.44089e-16
4.44089e-16
4.44089e-16
4.44089e-16
4.44089e-16
4.44089e-16
4.44089e-16
4.44089e-16
4.44089e-16
4.44089e-16
4.44089e-16
4.44089e-16
4.44089e-16
4.44089e-16
4.44089e-16
4.44089e-16
4.44089e-16
4.44089e-16
4.44089e-16
4.44089e-16
4.44089e-16
4.44089e-16
4.44089e-16
4.44089e-16
4.44089e-16
4.44089e-16
4.44089e-16
4.44089e-16
4.44089e-16
