0.557834
0.545199
0.55528
0.553572
0.544064
0.550664
0.583098
0.561375
0.550853
0.553439
0.557855
0.517446
0.463748
0.489003
0.490771
0.516245
0.492013
0.486119
0.493763
0.507897
0.471653
0.489806
0.312036
0.308769
0.300783
0.281576
0.325603
0.37906
0.32204
0.353524
0.304579
0.332427
0.386477
0.185423
0.204875
0.233914
0.228456
0.166247
0.189537
0.208702
0.16662
0.208556
0.26453
0.276016
0.0872657
0.129312
0.111386
0.115608
0.120125
0.13409
0.0937707
0.156635
0.172562
0.156523
0.0295135
0.0415192
0.0121556
0.199764
0.0300646
0.0548818
0.0221383
0.0398284
0.0611161
0.0433363
0.0124451
0.123341
0.00861322
0.0110135
0.135807
0.0108637
0.0156522
0.0101664
0.0521951
0.0235832
0.0372887
0.013922
0.0109833
0.0481539
0.0147773
0.0207735
0.0458602
0.0317557
0.041673
0.128004
0.00813545
0.022211
0.00628296
0.0108626
0.012835
0.0429446
0.0103506
0.0210168
0.00622873
0.00727001
0.0104667
0.014827
0.0952482
0.0216824
0.0182249
0.0204568
0.0131665
0.0254091
0.00858169
0.00520185
0.0132473
0.0458641
0.00641831
0.00914367
0.0099855
0.0343867
0.00864054
0.021651
0.00550356
0.0055639
0.00815967
0.00636793
0.00130338
0.0169056
0.0658747
0.00676209
0.00200777
0.019386
0.0124728
0.0734574
0.00942723
0.00765281
0.0130692
0.0263536
0.00653457
0.0168446
0.0167903
0.00379507
0.00743709
0.0166807
0.103185
0.00474695
0.00452857
0.0130594
0.016796
0.0393813
0.00607966
0.00167863
0.0311515
0.00659474
0.00892704
0.00330671
0.0108103
0.0951663
0.00858561
0.0385794
0.0216004
0.0779644
0.0406437
0.0281959
