0.110863
0.11266
0.118013
0.132089
0.134033
0.134188
0.118288
0.126028
0.11113
0.118814
0.131263
0.160053
0.133145
0.128343
0.125433
0.149615
0.12757
0.1261
0.134612
0.147733
0.133606
0.140833
0.149392
0.161129
0.163565
0.1744
0.147076
0.14325
0.171302
0.15336
0.166944
0.163452
0.152243
0.20097
0.17036
0.195639
0.175024
0.192084
0.16867
0.184532
0.203986
0.162939
0.227836
0.238285
0.217496
0.223601
0.192091
0.214716
0.246068
0.210155
0.250385
0.263215
0.258003
0.227663
0.229501
0.222897
0.286404
0.221732
0.238133
0.249566
0.27548
0.288904
0.238774
0.250483
0.189688
0.187122
0.344016
0.19594
0.196925
0.35013
0.215381
0.2126
0.236229
0.209981
0.278947
0.176852
0.152952
0.307201
0.182727
0.189518
0.261971
0.270699
0.200518
0.302073
0.145103
0.158915
0.183302
0.156488
0.191576
0.275683
0.119562
0.216912
0.18891
0.186401
0.175037
0.246893
0.152644
0.124816
0.356167
0.144381
0.146311
0.209308
0.169595
0.122659
0.150757
0.233938
0.121197
0.191062
0.135731
0.154825
0.340048
0.155653
0.1707
0.163838
0.17213
0.17561
0.209811
0.297087
0.195119
0.117598
0.124559
0.120169
0.169467
0.31809
0.130907
0.141468
0.147418
0.168596
0.123602
0.281315
0.165071
0.143796
0.164983
0.136931
0.316057
0.120749
0.121405
0.140878
0.157789
0.253263
0.1165
0.136584
0.202779
0.180745
0.108502
0.160164
0.143398
0.318422
0.17569
0.173439
0.168441
0.267241
0.200775
0.274157
