1.73472e-18
1.73472e-18
1.73472e-18
1.73472e-18
1.73472e-18
1.73472e-18
1.73472e-18
1.73472e-18
1.73472e-18
1.73472e-18
1.73472e-18
0.004
0.004
0.004
1.73472e-18
0.004
1.73472e-18
0.004
0.003
0.00458258
1.73472e-18
1.73472e-18
0.00458258
0.005
0.005
0.00489898
0.00489898
0.00489898
0.00458258
0.00489898
0.00458258
0.00489898
0.00489898
0.004
0.004
0.003
0.00458258
0.005
0
0.00458258
0.004
0.00489898
0.003
0.003
0.003
0.003
0.00458258
0
0
0
0.003
0.003
0.004
0
0.00458258
0
0.005
0
0
0
0
0
0
0
0
0
0
0
0
0.00489898
0.004
0
0
0
0
0
0
0
0
0
0
0
0
0.004
0
0.003
0
0
0
0
0.003
0
0
0
0
0
0
0
0.003
0
0
0
0
0
0
0
0
0.003
0
0
0.00489898
0
0
0
0
0
0.003
0
0
0
0
0
0
0.00458258
0
0
0
0
0
0.003
0
0
0
0
0
0.004
0
0
0
0.003
0
0
0
0
0
0
0
0.00458258
0.004
0
0.003
0.00458258
0.004
0.004
