0.502504
0.477126
0.646147
0.420365
0.506274
0.504937
0.502189
0.50151
0.593791
0.624574
0.504275
0.947114
0.879576
0.736851
0.743224
0.792341
0.704704
0.863573
0.887496
0.890351
0.847114
0.772967
0.510894
0.562636
0.637822
0.607251
0.570159
0.592129
0.604708
0.57932
0.54076
0.662926
0.703761
0.309687
0.344951
0.286516
0.383732
0.412033
0.314783
0.461072
0.423619
0.366052
0.324454
0.241371
0.232865
0.30139
0.220391
0.222188
0.320288
0.231101
0.223658
0.329995
0.289933
0.0376278
0.563251
0.0281116
0.372889
0.0403097
0.0305509
0.0314219
0.0395351
0.159614
0.0555903
0.0428459
0.0425354
0.0483433
0.0173058
0.0203758
0.0560949
0.142515
0.0396993
0.0421532
0.115867
0.0510159
0.0343996
0.0957398
0.0702443
0.0147922
0.0436371
0.0579484
0.0327376
0.0657636
0.0432348
0.220183
0.059725
0.0371194
0.0254294
0.0537066
0.0825098
0.00402883
0.0240891
0.139969
0.0318811
0.0720486
0.047178
0.143065
0.0463377
0.0424036
0.241805
0.013244
0.0746089
0.0251263
0.0606941
0.0633499
0.0414184
0.00821673
0.0568695
0.0311935
0.0493679
0.052335
0.134128
0.0469523
0.00994824
0.00793364
0.0252998
0.0668874
0.0406616
0.0291638
0.0869246
0.0683467
0.0318663
0.0338702
0.0324291
0.158986
0.0351775
0.0569504
0.0384891
0.0351078
0.0410869
0.0400209
0.0417086
0.0245537
0.0294383
0.0482333
0.0333613
0.0187801
0.0183344
0.0540854
0.0196464
0.115246
0.0392377
0.0614314
0.030566
0.0831293
0.0238385
0.0993247
0.0242723
0.115525
0.0390612
0.057336
0.11882
0.132237
0.03378
0.0547138
