0.01
0.01
0.01
0.01
0.01
0.01
0.01
0.01
0.01
0.01
0.01
0.0092
0.0087
0.0084
0.0085
0.0084
0.0086
0.0091
0.0089
0.009
0.0091
0.0098
0.007
0.0053
0.0068
0.0063
0.0063
0.0061
0.0062
0.0063
0.0081
0.007
0.0081
0.0048
0.0053
0.0057
0.0053
0.0056
0.0052
0.0058
0.0066
0.0076
0.0056
0.0057
0.0048
0.0079
0.006
0.0057
0.0056
0.006
0.0066
0.005
0.0058
0.0054
0.0071
0.0053
0.008
0.0057
0.0065
0.0056
0.0051
0.0063
0.0057
0.0068
0.0058
0.0043
0.0065
0.0059
0.0052
0.006
0.0066
0.005
0.0078
0.0054
0.0051
0.0047
0.0055
0.0053
0.007
0.0062
0.0061
0.0055
0.0058
0.0058
0.008
0.0069
0.0056
0.0055
0.0048
0.0059
0.0059
0.0056
0.0071
0.0057
0.0067
0.005
0.0061
0.0051
0.0081
0.0052
0.0056
0.0057
0.0051
0.0052
0.0053
0.0061
0.0072
0.0068
0.0048
0.0055
0.0061
0.007
0.0046
0.0061
0.0059
0.005
0.0073
0.006
0.0057
0.0058
0.0066
0.0062
0.0056
0.008
0.0051
0.0059
0.0051
0.0055
0.0055
0.0069
0.0065
0.0058
0.0058
0.0059
0.0051
0.0057
0.0062
0.006
0.0074
0.0064
0.0058
0.0056
0.0064
0.0047
0.0064
0.0056
0.0056
0.0079
0.0056
0.0062
0.0072
0.0074
0.0076
0.0075
