0.259923
0.237226
0.214235
0.247134
0.229774
0.234078
0.200945
0.362456
0.296405
0.285831
0.260419
0.280627
0.248435
0.289088
0.215858
0.183982
0.276016
0.181001
0.250192
0.208699
0.252147
0.264566
0.186653
0.188682
0.294923
0.213949
0.134311
0.258921
0.215372
0.212544
0.195474
0.228545
0.153478
0.150241
0.17756
0.178576
0.234767
0.331841
0.247068
0.256324
0.152591
0.209248
0.188661
0.230826
0.186275
0.200786
0.313433
0.21402
0.250858
0.110059
0.250132
0.201083
0.227491
0.0705377
0.155691
0.0676477
0.14651
0.032008
0.0474939
0.0696102
0.0417789
0.0659149
0.0649994
0.0823345
0.0411507
0.0141995
0.115631
0.0345172
0.02405
0.0968537
0.043075
0.0126962
0.0443777
0.0182657
0.0452832
0.00112144
0
0.00113309
0.0851013
0
0.0062232
0.0211896
0.0164255
0.0836098
0
0
0.0102814
0.000689609
0.0087978
0.0114139
0
0.00179468
0.00322231
0
0
0.137895
0
0.00869742
0.123297
0.0103996
0
0.00896218
0.0077684
0
0
0.0109977
0.0174153
0.106784
0.00303528
0.00569565
0.0898198
0
0.012779
0.00674718
0.00259758
0
0.0222832
0.00656082
0
0.0174305
0.00517468
0
0
0.0110648
0.0055721
0
0
0.00485794
0
0.107712
0.00448813
0.00320802
0
0
0.0165282
0.108236
0
0
0.0108738
0
0
0.0135216
0.00070638
0.000785903
0.00315664
0.00815605
0.0131668
0.115307
0.00331442
0.00918157
0.00193595
0.105002
0
0.0124412
