0.0449917
0.170328
0.0953032
0.0274231
0.364055
0.147945
0.115629
0.00253203
0.0653375
0.374028
0.212736
0.814599
0.600518
0.806106
0.779149
0.648898
0.831804
0.675806
0.687683
0.834732
0.597977
0.595732
0.837506
0.893771
0.867248
0.822926
0.806058
0.799953
0.934437
0.811653
0.753756
0.799775
0.851477
0.644658
0.612437
0.621664
0.69536
0.738756
0.693714
0.733684
0.634215
0.664579
0.712148
0.533841
0.506332
0.691124
0.5263
0.597097
0.58882
0.478212
0.439013
0.378868
0.611909
0.491204
0.18865
0.167665
0.706668
0.166193
0.197432
0.197377
0.264574
0.25867
0.265714
0.274369
0.0864066
0.0805792
0.245428
0.0813292
0.0962209
0.382023
0.0893448
0.0932273
0.0830116
0.109626
0.179264
0.0145521
0
0.212013
0.000291081
0
0.101383
0.176771
0.00100576
0.0104755
3.45908e-05
0.0778691
0.00652618
0
0.0152936
0.00565506
0.00201337
0
0
0.00181171
0.000510805
0
0.00676471
0.00305048
0
0.0166844
0
0.0152109
0
0
0.114947
0.0046328
0.0029264
0.000160427
0
0
0.0782197
0.00177853
0.0356244
0.0253428
0.00226407
0.0082704
0
0
0.00104801
0.00819775
0.00272332
0.0105995
0.104092
0.00758619
0.0257318
0.0251475
0
0.0199861
0.0049421
0.0103941
0.0118038
0.00228034
0.0101396
0.00606514
0.0100058
0.0147912
0
0.0199644
0
0.00858102
0.0115006
0
0.073118
0
0.0142932
0.0111635
0.0147106
0.0805591
0
0.00342468
0.00363206
0
0.00425963
0
