0.105767
0.083099
0.124145
0.122735
0.131327
0.128078
0.0590639
0.0932051
0.103262
0.102339
0.135373
0.163131
0.0761008
0.184282
0.0705957
0.348105
0.103288
0.102766
0.0895498
0.115978
0.34765
0.271421
0.491488
0.485325
0.507467
0.516327
0.581831
0.460433
0.539225
0.411669
0.550441
0.44533
0.436725
0.4297
0.499446
0.468392
0.569982
0.521305
0.442952
0.465934
0.565717
0.490754
0.53463
0.58385
0.417195
0.46452
0.406605
0.449301
0.429946
0.358318
0.451629
0.516142
0.440698
0.478099
0.120254
0.101917
0.531085
0.13761
0.139735
0.0859308
0.0745421
0.0875538
0.0987271
0.100218
0.0608984
0.299031
0.0822147
0.12291
0.515903
0.0811712
0.135878
0.0604424
0.104717
0.133991
0.12986
0.119744
0.119047
0.0976611
0.0912578
0.0504313
0.13655
0.0808786
0.284883
0.289755
0.106063
0.112812
0.103723
0.121143
0.095788
0.10502
0.113288
0.109343
0.0975942
0.0977084
0.0976581
0.0981701
0.11381
0.332283
0.101398
0.17184
0.109253
0.135617
0.12621
0.0545753
0.109312
0.073748
0.0881742
0.120339
0.12862
0.0950751
0.112514
0.103907
0.105572
0.0598144
0.100736
0.126077
0.0956054
0.239646
0.0856179
0.0973355
0.0833755
0.138958
0.130459
0.162236
0.112754
0.112641
0.0884018
0.122865
0.104229
0.345984
0.129751
0.0754062
0.133429
0.116447
0.101523
0.0957552
0.15261
0.125596
0.0873692
0.110172
0.0785986
0.130337
0.087062
0.0994499
0.0682159
0.1244
0.0825622
0.0993738
0.132203
0.125847
0.128759
0.288578
0.115638
0.0740351
