0.0086
0.0086
0.0081
0.0086
0.0085
0.0092
0.0078
0.0089
0.0085
0.0084
0.0085
0.0026
0.0026
0.0028
0.0032
0.0026
0.0032
0.0033
0.0033
0.0034
0.0035
0.0032
0.001
0.0004
0.0006
0.0011
0.0005
0.0009
0.0002
0.0015
0.0006
0.002
0.0031
0.0002
0.0002
0.0005
0.0004
0.0005
0.0005
0.0007
0.0003
0.0015
0.0003
0.0002
0.0001
0.0002
0.0021
0.0002
0.0002
0
0
0.0003
0.0003
0
0.0009
0.0001
0.0017
0
0
0
0
0.0003
0.0001
0.0003
0
0
0.0003
0.0001
0
0.0007
0.0004
0
0.0002
0
0
0
0
0
0.0004
0.0001
0.0001
0
0
0.0009
0.0001
0.0001
0
0.0001
0
0
0.0005
0
0.0001
0
0
0.0002
0
0
0.0011
0
0
0
0.0001
0
0
0.0001
0
0.0007
0
0
0.0012
0.0001
0
0
0.0001
0
0.0005
0.0001
0
0.0002
0
0
0
0.0009
0
0
0
0
0.0001
0.0005
0.0001
0
0.0001
0
0
0.0008
0
0
0
0.0004
0
0
0.0002
0.0002
0
0
0
0.0015
0.0002
0
0.0002
0.001
0.0002
0.0005
