0.104768
0.100413
0.118561
0.121627
0.137418
0.124557
0.127507
0.132328
0.101725
0.172089
0.166346
0.161317
0.132944
0.10572
0.156646
0.113257
0.116391
0.095
0.122739
0.123581
0.0804143
0.109226
0.204647
0.16592
0.201118
0.179562
0.216183
0.194658
0.155984
0.177649
0.250446
0.215016
0.209648
0.326465
0.320706
0.305689
0.361995
0.328474
0.286332
0.322125
0.27006
0.310601
0.192273
0.334072
0.452796
0.408052
0.397888
0.422224
0.501701
0.438765
0.393931
0.487758
0.417204
0.477354
0.393965
0.434467
0.462219
0.422818
0.434687
0.320647
0.416544
0.450857
0.431369
0.457503
0.33256
0.344007
0.48094
0.416768
0.458771
0.448316
0.413037
0.442087
0.391564
0.394436
0.404473
0.430715
0.430017
0.494369
0.369326
0.408281
0.377037
0.475987
0.403051
0.488843
0.429428
0.395153
0.411345
0.386295
0.401089
0.409136
0.521261
0.443835
0.448467
0.382828
0.451233
0.414158
0.434635
0.423647
0.388776
0.407592
0.481355
0.420428
0.4412
0.410743
0.360193
0.371155
0.395814
0.411902
0.402622
0.441265
0.505558
0.480491
0.474459
0.380263
0.4594
0.343454
0.350365
0.384693
0.427219
0.456205
0.378498
0.42909
0.42175
0.482053
0.507955
0.354134
0.354837
0.464169
0.406102
0.485268
0.417356
0.386948
0.426
0.409124
0.464164
0.380931
0.432346
0.431182
0.477161
0.404953
0.468132
0.385817
0.429167
0.472649
0.389415
0.381756
0.44272
0.388924
0.431636
0.414331
0.390532
0.52567
0.419562
0.388869
