0.809694
0.902809
0.876114
0.850958
0.867267
0.910198
0.898073
0.911185
0.855477
0.831059
0.839244
0.793653
0.858139
0.859214
0.851044
0.859111
0.893018
0.794634
0.929468
0.962287
0.838477
0.892255
0.818046
0.840504
0.792133
0.939426
0.847467
0.917648
0.808365
0.848003
0.849587
0.770552
0.764466
0.694006
0.597077
0.62632
0.568225
0.694734
0.741947
0.716362
0.686528
0.822044
0.693153
0.529042
0.775119
0.490493
0.601369
0.527401
0.537561
0.527089
0.527725
0.469557
0.412536
0.522307
0.150219
0.158136
0.0969942
0.488717
0.177203
0.191429
0.3324
0.156021
0.139713
0.187167
0.0940292
0.351111
0.103573
0.19133
0.467768
0.0957724
0.107032
0.0892337
0.114297
0.0948433
0.175197
0
0.0113932
0.248769
0.00739463
0.00646926
0.0107995
0.0734001
0.0113242
0.00636709
0.087794
0.0048441
0
0.00192206
0.00705293
0.000964997
0.00386606
0
0.000993409
0.000375857
0
0.122786
0.273115
0.00782753
0.0179536
0.010471
0
0
0.0118594
0.0043726
0.00896404
0.00151742
0
0.00234309
0.00496983
0
0.129559
0
0
0.000381914
0.00582752
0
0
0.189752
0
0.00393332
0
0.00479072
0.00641308
0.159349
0.0015527
0
0
0.0137141
0.0889819
0.008142
0
0.0110154
0
0.0228891
0.183734
0
0
0.00709267
0
0.0900916
0.0189003
0.0119232
0
0.000525025
0
0
0
0.192087
0.00372685
0.0112509
0
0.00191945
0
0.00707003
