0.11462
0.114725
0.113172
0.137366
0.116746
0.109077
0.118687
0.111385
0.110068
0.0950829
0.120202
0.11397
0.11871
0.12032
0.109835
0.123814
0.168784
0.114474
0.116015
0.101354
0.119369
0.110714
0.457527
0.454437
0.485914
0.518443
0.483793
0.465623
0.463227
0.418854
0.455702
0.462646
0.470842
0.48309
0.483802
0.469908
0.477479
0.489045
0.479146
0.484638
0.462912
0.520434
0.500694
0.504996
0.374488
0.37872
0.415712
0.468794
0.390061
0.426238
0.455688
0.454011
0.405247
0.41344
0.230092
0.188337
0.514759
0.233879
0.23447
0.282811
0.286574
0.289938
0.263141
0.330389
0.164148
0.385415
0.17011
0.203697
0.412503
0.264925
0.149335
0.109575
0.231818
0.116825
0.250097
0.118777
0.129342
0.303034
0.113721
0.226463
0.164693
0.220833
0.22903
0.378932
0.134459
0.17391
0.137066
0.139954
0.120794
0.301576
0.187179
0.174706
0.116037
0.151606
0.112104
0.228544
0.154187
0.390987
0.126518
0.180719
0.11753
0.211384
0.110905
0.14636
0.281971
0.117157
0.151366
0.245097
0.155372
0.113022
0.390962
0.143568
0.145971
0.14283
0.111313
0.146272
0.164472
0.118761
0.259516
0.148781
0.122285
0.17404
0.182784
0.346826
0.156594
0.157671
0.11183
0.124266
0.17877
0.245406
0.206934
0.180365
0.158385
0.117112
0.347286
0.127818
0.14289
0.121899
0.153808
0.268203
0.114097
0.108605
0.203602
0.119075
0.120336
0.109673
0.112277
0.287607
0.308794
0.112274
0.215494
0.342612
0.308718
0.292094
