0.766907
0.769468
0.737209
0.744277
0.74769
0.774669
0.743791
0.739827
0.745864
0.727524
0.766904
0.698162
0.691054
0.687426
0.670869
0.704852
0.667334
0.685941
0.649916
0.708911
0.690769
0.692697
0.483354
0.486324
0.52071
0.449838
0.48174
0.495041
0.536354
0.485578
0.528976
0.553215
0.559719
0.292013
0.287899
0.29063
0.266021
0.279892
0.298531
0.295145
0.31837
0.310584
0.38747
0.155957
0.178504
0.411803
0.146409
0.164946
0.148698
0.188203
0.215773
0.273846
0.236837
0.176133
0.050196
0.0669959
0.331116
0.07133
0.0484551
0.0610464
0.0696121
0.0668217
0.0651095
0.0735664
0.0480782
0.0433945
0.157304
0.0430359
0.0521306
0.199747
0.0525808
0.0564613
0.0389805
0.031756
0.082602
0.0346374
0.0390095
0.0866735
0.0475223
0.0373182
0.063239
0.133557
0.0490183
0.0460024
0.0423854
0.0356389
0.037213
0.0352127
0.042558
0.0719135
0.0432991
0.0412355
0.0483154
0.0414122
0.0437069
0.0654132
0.0458846
0.0410701
0.141634
0.030537
0.0589697
0.0380716
0.0525715
0.0401319
0.0567559
0.0296011
0.0481502
0.0471046
0.0468583
0.0472969
0.140215
0.0429054
0.0434822
0.0438082
0.0371115
0.0379051
0.054374
0.0794119
0.0421559
0.0448433
0.0508956
0.0514154
0.101906
0.0246045
0.0383157
0.0460113
0.03883
0.0400386
0.0375599
0.0781569
0.0286837
0.0420083
0.0485746
0.0429926
0.103303
0.0387602
0.0394665
0.0375363
0.0444251
0.0542061
0.0398706
0.0473102
0.0809798
0.0399567
0.0456175
0.0485182
0.0461424
0.191071
0.0379585
0.0407779
0.0499334
0.0876394
0.06062
0.0852439
