0.648894
0.636797
0.65717
0.653192
0.636402
0.667084
0.651308
0.660561
0.634175
0.659695
0.650881
0.580808
0.638487
0.612098
0.62813
0.613488
0.599858
0.626768
0.628058
0.637534
0.598861
0.622573
0.453667
0.446802
0.434562
0.420598
0.440202
0.457819
0.397566
0.473537
0.444219
0.462599
0.509797
0.304333
0.332088
0.262859
0.332563
0.234283
0.332573
0.273631
0.284279
0.314674
0.317832
0.429978
0.202444
0.185447
0.21393
0.183715
0.191515
0.200028
0.228839
0.243161
0.273259
0.176842
0.109643
0.09613
0.30541
0.102862
0.0836527
0.0643342
0.0691662
0.0977655
0.0950695
0.117779
0.0621936
0.131857
0.0555608
0.0706495
0.194523
0.0760132
0.0542033
0.0533681
0.0793156
0.0735721
0.0837212
0.0646157
0.0564057
0.183034
0.051044
0.0449852
0.070703
0.0420101
0.0973551
0.211763
0.0443571
0.0587075
0.0575044
0.0605962
0.052353
0.101366
0.0412344
0.0451649
0.0530059
0.0414336
0.0453096
0.0725908
0.165543
0.0292248
0.0430025
0.0517701
0.0512339
0.0411528
0.0411902
0.0457009
0.049419
0.0725669
0.106656
0.0421014
0.0421084
0.170473
0.0362714
0.0502444
0.05507
0.0440609
0.0467941
0.0426941
0.0540856
0.0716487
0.0865589
0.0473584
0.0449094
0.0640612
0.0426029
0.140361
0.0550535
0.0428174
0.0600076
0.100805
0.0493432
0.044507
0.0568296
0.0401141
0.0568917
0.0451679
0.048978
0.187305
0.0424406
0.0543152
0.0489294
0.121198
0.0475594
0.0410403
0.0550193
0.0518544
0.0415715
0.0399301
0.0371747
0.0437064
0.105011
0.0582919
0.0610874
0.141847
0.103876
0.108846
