0.673395
0.584552
0.660795
0.626016
0.699682
0.626473
0.684933
0.718388
0.639799
0.632667
0.625077
0.638889
0.637107
0.62894
0.642107
0.651752
0.696766
0.59633
0.695481
0.697183
0.671121
0.728682
0.579752
0.580745
0.58178
0.579203
0.61193
0.60926
0.601517
0.641808
0.565847
0.642087
0.5904
0.544069
0.517809
0.516489
0.504854
0.549729
0.502089
0.494374
0.55176
0.5561
0.405698
0.558785
0.397449
0.385328
0.417501
0.472978
0.406264
0.477383
0.403301
0.420407
0.389014
0.374427
0.187195
0.197671
0.43856
0.156802
0.202751
0.153794
0.25809
0.173138
0.192082
0.239567
0.13931
0.25332
0.15898
0.0917748
0.403266
0.106261
0.0879757
0.156506
0.107216
0.116562
0.201354
0.0666361
0.0640394
0.1305
0.0902132
0.105228
0.141099
0.0815588
0.252531
0.105697
0.0692938
0.0634151
0.096641
0.0482134
0.0306571
0.170001
0.0538867
0.0992077
0.0239732
0.0935632
0.126656
0.0508599
0.158981
0.0836136
0.0162211
0.0638817
0.0199875
0.0409559
0.0529102
0.039766
0.0701238
0.0452592
0.0656619
0.0594105
0.00830396
0.267248
0.0763265
0.0452413
0.0324837
0.0559096
0.0253309
0.0412496
0.061602
0.0585309
0.0906053
0.03452
0.0547661
0.0860512
0.0272653
0.284418
0.0327091
0.0221587
0.0268773
0.133812
0.0528966
0.0675898
0.0455076
0.0420083
0.0317092
0.0477362
0.0165444
0.0237557
0.0599842
0.0566652
0.0392091
0.00821725
0.138775
0.144159
0.0557519
0.0750762
0.0347145
0.0663156
0.0524348
0.0437554
0.0603876
0.0674735
0.0468765
0.139754
0.044922
0.111127
