0.0096
0.0098
0.0098
0.0091
0.0099
0.01
0.01
0.0098
0.0098
0.0098
0.0099
0.0038
0.0044
0.0029
0.0028
0.0047
0.0044
0.0038
0.003
0.0039
0.0046
0.0045
0.001
0.0005
0.0009
0.0012
0.0007
0.0005
0.0009
0.002
0.0005
0.0014
0.0025
0.0002
0
0.0002
0.0004
0.0001
0.0006
0.0005
0.0001
0.0005
0.0012
0
0.0017
0
0.0001
0.0001
0
0.0003
0.0003
0.0005
0.0003
0
0
0
0
0.0011
0
0
0
0.0001
0
0.0002
0
0.0005
0
0
0.0007
0
0
0
0
0
0.0002
0
0
0.0003
0
0
0
0
0.0001
0
0.0009
0
0
0
0
0.0005
0
0
0
0
0
0.0002
0.0007
0
0
0
0
0
0
0
0
0.0005
0
0.0002
0
0
0.0006
0
0
0
0
0
0
0.0001
0.0003
0
0
0.0001
0
0.0003
0
0
0
0
0.0003
0
0.0001
0
0
0
0.0008
0
0
0
0
0.0004
0
0
0
0
0
0
0
0
0.0007
0.0003
0.0001
0.0004
0.0005
0.0008
