0.501576
0.47771
0.504762
0.501651
0.491218
0.522751
0.506114
0.508712
0.483136
0.50083
0.502927
0.416106
0.484326
0.451526
0.474471
0.463197
0.440282
0.46946
0.468847
0.480745
0.437423
0.453644
0.301405
0.294121
0.28033
0.267501
0.292654
0.305171
0.245743
0.316933
0.294616
0.31113
0.3448
0.184776
0.198543
0.143148
0.190171
0.122482
0.205276
0.155845
0.158437
0.18874
0.200866
0.282131
0.0993721
0.0928935
0.10539
0.0865535
0.100518
0.113015
0.129964
0.13443
0.153646
0.0945053
0.0476075
0.042651
0.185866
0.0405859
0.0296537
0.0174154
0.0245826
0.0435743
0.0411425
0.059712
0.0175222
0.0701345
0.0129022
0.0281918
0.119931
0.0215371
0.0096985
0.0153483
0.035261
0.0230903
0.0363371
0.0196317
0.0132519
0.113806
0.0119561
0.00678864
0.0241947
0.00962669
0.0459549
0.150388
0.00641471
0.0122301
0.0138626
0.0176266
0.00814975
0.0492219
0.0059692
0.0085516
0.0202471
0.00604467
0.00864114
0.0301178
0.105778
0.00439474
0.00722966
0.00757116
0.00875547
0.00749011
0.00568147
0.00857324
0.00796431
0.0266676
0.0626246
0.00413371
0.00483202
0.1056
0.00390119
0.0128019
0.012613
0.00704737
0.00462233
0.0111609
0.00979394
0.0251694
0.0388356
0.00904861
0.00335059
0.0161474
0.00501416
0.0894955
0.0167977
0.0110487
0.0146524
0.0516743
0.00731903
0.00852201
0.0241216
0.005953
0.0154222
0.00242552
0.0110924
0.121204
0.00617777
0.0192822
0.0135338
0.0689355
0.0103286
0.00701074
0.0156776
0.00801421
0.00291901
0.00466091
0.00587118
0.00667707
0.0609583
0.0224232
0.0227999
0.0797727
0.0542574
0.0552271
