0.121706
0.121359
0.146381
0.129241
0.128471
0.124104
0.114481
0.10886
0.138968
0.116309
0.117615
0.143574
0.174296
0.145833
0.128928
0.157595
0.145293
0.128373
0.137821
0.159497
0.158392
0.161489
0.195464
0.197206
0.213242
0.235389
0.203757
0.21602
0.184015
0.218717
0.208752
0.24185
0.26767
0.300622
0.291238
0.284545
0.28258
0.274402
0.262086
0.277827
0.302833
0.296687
0.311725
0.308089
0.388794
0.371645
0.348358
0.326443
0.380622
0.351135
0.369573
0.349436
0.355054
0.366264
0.391961
0.416808
0.415586
0.395646
0.408393
0.411296
0.380742
0.394059
0.296601
0.412301
0.366062
0.396664
0.38698
0.37835
0.381923
0.497838
0.407143
0.410362
0.389094
0.417006
0.441047
0.359621
0.365122
0.428901
0.365562
0.333382
0.426263
0.401531
0.502098
0.420847
0.408088
0.326062
0.234259
0.357517
0.395692
0.480012
0.362591
0.413171
0.3723
0.378622
0.431706
0.480228
0.412593
0.350032
0.485452
0.352635
0.414407
0.433133
0.406289
0.442168
0.39853
0.475146
0.356977
0.396973
0.365136
0.431441
0.484834
0.427149
0.424636
0.381789
0.408559
0.336851
0.453643
0.446523
0.414137
0.401878
0.376033
0.39717
0.24466
0.449141
0.381155
0.358417
0.372686
0.401415
0.426355
0.456606
0.442666
0.375598
0.43203
0.392595
0.496915
0.343797
0.367337
0.413097
0.361999
0.438194
0.431705
0.391472
0.41238
0.412808
0.388368
0.365225
0.347471
0.505109
0.363359
0.490233
0.427437
0.501459
0.401063
0.471089
