0.978984
1.00027
0.988423
0.985538
1.00558
1.01337
0.992006
0.989254
0.99624
0.993778
1.00927
0.984104
0.999206
0.99195
1.00321
0.969237
0.967836
0.995933
1.00823
0.987439
1.03346
0.986834
0.60128
0.705248
0.71475
0.664399
0.626488
0.650898
0.708724
0.716644
0.621221
0.69451
0.823801
0.380271
0.415303
0.31364
0.356263
0.319134
0.37995
0.330416
0.317492
0.456891
0.512325
0.465197
0.220556
0.182366
0.163177
0.193037
0.196139
0.192797
0.224107
0.327942
0.280101
0.303354
0.107137
0.0611869
0.495674
0.0868316
0.0690046
0.0921909
0.102652
0.118178
0.0870548
0.126665
0.0507952
0.133886
0.0635591
0.0587859
0.282014
0.0817427
0.0804993
0.0821573
0.0710808
0.0466959
0.059035
0.0998733
0.0562985
0.132681
0.0384879
0.0727666
0.0641035
0.0756293
0.0744626
0.233825
0.0573105
0.0443708
0.0583487
0.037304
0.0689078
0.144099
0.0510312
0.0641939
0.0446838
0.046145
0.051108
0.0730625
0.0491786
0.133129
0.0411544
0.0390864
0.0657879
0.0541377
0.0598163
0.0436402
0.126172
0.096634
0.0614175
0.0558368
0.0480357
0.0631341
0.225867
0.0516075
0.0585366
0.0454128
0.0692063
0.0353059
0.0684977
0.122132
0.119611
0.0477655
0.0398225
0.046035
0.0515523
0.120091
0.0436828
0.0425054
0.0525622
0.0313488
0.0547609
0.0975902
0.0535615
0.0428568
0.0516015
0.0513063
0.143228
0.0354622
0.0486277
0.0369569
0.0442342
0.116199
0.0360601
0.0455068
0.0695353
0.0379072
0.0402826
0.0579444
0.0348174
0.143279
0.0330691
0.112013
0.078271
0.187805
0.046651
0.110919
