6.93889e-18
6.93889e-18
6.93889e-18
6.93889e-18
6.93889e-18
6.93889e-18
6.93889e-18
6.93889e-18
6.93889e-18
6.93889e-18
6.93889e-18
0.00453762
0.00458258
0.00462493
0.00491833
0.00458258
0.00466476
0.00420833
0.00438634
0.00491833
0.0048
0.00407308
0.00498397
0.00498397
0.004996
0.00470213
0.00499099
0.00497494
0.00496387
0.00491833
0.0047697
0.00453762
0.00466476
0.00489898
0.00485386
0.00495076
0.0048
0.00489898
0.00493559
0.00462493
0.00497494
0.00433013
0.00495076
0.00497494
0.004996
0.00466476
0.00482804
0.00498397
0.00497494
0.00473709
0.00493559
0.00489898
0.00491833
0.0048
0.00443959
0.00496387
0.00448999
0.00499099
0.00495076
0.00495076
0.00448999
0.00485386
0.00491833
0.00499099
0.00485386
0.00496387
0.00420833
0.00489898
0.00495076
0.00491833
0.00453762
0.00384187
0.00493559
0.00499099
0.00489898
0.004999
0.00462493
0.00489898
0.004
0.00496387
0.00497494
0.00496387
0.00498397
0.00482804
0.00466476
0.004
0.00493559
0.00498397
0.00497494
0.004996
0.0048775
0.00495076
0.00493559
0.00466476
0.00470213
0.00491833
0.00493559
0.00499099
0.00466476
0.00499099
0.00493559
0.00495076
0.005
0.00489898
0.00498397
0.004996
0.0047697
0.00433013
0.00493559
0.004999
0.00473709
0.004996
0.00420833
0.005
0.00499099
0.00499099
0.00458258
0.00489898
0.00495076
0.00485386
0.004996
0.00497494
0.00491833
0.00407308
0.00495076
0.00495076
0.00495076
0.00491833
0.00498397
0.00458258
0.00448999
0.00499099
0.00489898
0.00497494
0.00495076
0.004996
0.00493559
0.004996
0.0047697
0.00433013
0.00498397
0.00482804
0.004996
0.00489898
0.0048
0.00498397
0.00407308
0.00493559
0.00482804
0.00495076
0.00420833
0.00392301
0.00448999
0.00414246
