0.648015
0.603061
0.654939
0.704089
0.713338
0.650445
0.6413
0.647628
0.676724
0.7313
0.618054
0.475143
0.47491
0.398178
0.455985
0.46266
0.500254
0.447484
0.424981
0.514914
0.44416
0.617903
0.224561
0.220517
0.208793
0.23827
0.186466
0.26337
0.211076
0.316119
0.191903
0.186192
0.307939
0.204435
0.228395
0.192547
0.213708
0.198478
0.229089
0.20855
0.254691
0.231242
0.203959
0.338486
0.179106
0.199996
0.204258
0.232577
0.238061
0.175562
0.241599
0.199036
0.190685
0.22245
0.20301
0.197186
0.243769
0.202404
0.178058
0.199477
0.195876
0.204175
0.206968
0.234026
0.244091
0.192746
0.212964
0.195189
0.162769
0.198359
0.19066
0.212598
0.157663
0.203613
0.220613
0.187766
0.209796
0.171473
0.214581
0.187841
0.205001
0.170492
0.313497
0.192773
0.215866
0.221306
0.198657
0.229186
0.190673
0.212966
0.221787
0.200082
0.181083
0.234425
0.196143
0.173969
0.225517
0.193458
0.183229
0.186799
0.233654
0.20628
0.226306
0.206591
0.235144
0.248187
0.209652
0.217578
0.201295
0.211955
0.172284
0.204819
0.169752
0.214621
0.190731
0.172176
0.201358
0.201955
0.213286
0.166189
0.19732
0.180824
0.201791
0.261043
0.194063
0.216271
0.177627
0.204739
0.198431
0.17234
0.193176
0.204416
0.188959
0.164699
0.218664
0.237489
0.171983
0.229835
0.198645
0.201841
0.194681
0.217823
0.268937
0.192081
0.188404
0.173936
0.163469
0.186843
0.204706
0.202706
0.179962
0.285676
0.176009
0.168508
