0.161303
0.141344
0.124115
0.131698
0.129289
0.164638
0.119749
0.157457
0.151126
0.132654
0.15651
0.188944
0.195495
0.181521
0.171406
0.156294
0.176421
0.178521
0.176131
0.195925
0.16383
0.206948
0.255584
0.243806
0.220746
0.24377
0.252882
0.243046
0.237834
0.248735
0.268664
0.265939
0.269421
0.339835
0.325442
0.323912
0.342572
0.306458
0.32979
0.358374
0.318321
0.295504
0.323174
0.45372
0.372919
0.334039
0.43263
0.440843
0.48559
0.387018
0.407007
0.462439
0.40983
0.409898
0.415128
0.432495
0.45083
0.446902
0.422519
0.466044
0.440339
0.444664
0.428945
0.523851
0.444762
0.370591
0.451348
0.455176
0.413191
0.421091
0.527615
0.433633
0.500271
0.450489
0.415514
0.474911
0.407158
0.357016
0.476229
0.472944
0.458759
0.426357
0.499402
0.380139
0.485305
0.446764
0.463675
0.407319
0.375242
0.382336
0.442301
0.462643
0.464126
0.487996
0.455292
0.497762
0.435854
0.463417
0.517897
0.478355
0.474675
0.436387
0.425761
0.457145
0.419768
0.415469
0.451271
0.454199
0.467509
0.412327
0.471059
0.409798
0.536545
0.390414
0.433047
0.456361
0.469148
0.34752
0.434837
0.451756
0.455129
0.556344
0.495952
0.512335
0.434269
0.430271
0.399051
0.404725
0.428322
0.514313
0.504329
0.457807
0.437559
0.462025
0.458323
0.474854
0.429377
0.390494
0.499284
0.47238
0.362389
0.49748
0.452269
0.443257
0.460307
0.377192
0.454769
0.529351
0.457432
0.471566
0.479039
0.528661
0.496736
0.511931
