0.500606
0.499774
0.500449
0.515293
0.492046
0.504744
0.488685
0.489145
0.503931
0.510922
0.484644
0.382829
0.409819
0.392708
0.409428
0.363077
0.358365
0.4004
0.390178
0.436321
0.390572
0.441156
0.250191
0.195126
0.222589
0.211781
0.225814
0.192335
0.250123
0.263379
0.2149
0.285608
0.264331
0.127518
0.110558
0.175726
0.0953625
0.198614
0.136393
0.172286
0.151221
0.202651
0.137909
0.0981865
0.129568
0.108925
0.21972
0.0857526
0.158136
0.151353
0.119458
0.126986
0.133606
0.119192
0.14345
0.0989896
0.197988
0.13746
0.0991307
0.116339
0.152982
0.124048
0.131827
0.15741
0.118524
0.118031
0.169117
0.137122
0.110831
0.207224
0.158158
0.137888
0.0980487
0.142937
0.154978
0.161237
0.0845936
0.107309
0.128508
0.0921746
0.0943391
0.0952424
0.122093
0.206814
0.0894705
0.166641
0.0932541
0.0996167
0.0975717
0.121594
0.170815
0.0724781
0.167417
0.076607
0.0950913
0.126928
0.133853
0.106968
0.198699
0.149627
0.0804814
0.152285
0.0897347
0.157186
0.158711
0.0860172
0.0515072
0.211649
0.111746
0.110834
0.173774
0.118478
0.0967175
0.0994181
0.072166
0.142928
0.168723
0.127545
0.147116
0.0844655
0.114588
0.0990347
0.0883283
0.212497
0.124555
0.108144
0.103562
0.108277
0.118058
0.191183
0.144594
0.116279
0.0977748
0.1329
0.148866
0.143456
0.0794429
0.176838
0.077055
0.144774
0.146276
0.0891143
0.0919422
0.151431
0.105369
0.127998
0.0869585
0.180322
0.183217
0.109838
0.193416
0.160167
0.178463
0.1813
