1.02716
1.01324
1.04637
1.00431
1.08549
1.05558
0.970377
1.06306
1.03204
0.967682
1.04011
0.96987
0.9773
1.00054
0.993315
0.925627
0.999093
0.936627
0.908528
1.00559
0.974662
0.815302
0.563855
0.602913
0.603568
0.654852
0.582682
0.613292
0.595623
0.499156
0.588229
0.669751
0.751117
0.323196
0.358436
0.305002
0.295946
0.291176
0.310201
0.322362
0.514539
0.345515
0.477845
0.548325
0.249499
0.246759
0.218878
0.202184
0.229657
0.240672
0.372569
0.333424
0.305843
0.211982
0.0382109
0.105124
0.484698
0.0196511
0.014401
0.0806002
0.0789879
0.0372286
0.0574343
0.0272949
0.0333778
0.305842
0.0308908
0.0254188
0.29515
0.0701916
0.176371
0.0304356
0.0590947
0.0335283
0.0709991
0.0348132
0.0364254
0.0671875
0.0793507
0.00982144
0.0348003
0.0359218
0.0220048
0.400415
0.0163199
0.061726
0.0298075
0.0585228
0.0783259
0.170068
0.038068
0.0236434
0.0721821
0.0305845
0.0294407
0.0377651
0.016473
0.0064671
0.0582731
0.0494879
0.0274237
0.0295079
0.0552764
0.0567314
0.117008
0.0417723
0.0222359
0.0644548
0.0329512
0.0141504
0.17988
0.0592791
0.0465855
0.0380861
0.0422422
0.0776195
0.0416727
0.0363342
0.0605575
0.0417833
0.027902
0.0483013
0.0469295
0.219162
0.0817152
0.00740625
0.0017253
0.0474402
0.0396256
0.0436954
0.0340938
0.0708407
0.0350527
0.0659757
0.111018
0.0281037
0.0493992
0.0191923
0.0232971
0.035779
0.0206333
0.0417898
0.0625991
0.0114307
0.0840577
0.0432852
0.0367161
0.102043
0.014413
0.238732
0.0198858
0.0467717
0.103187
0.0515595
