0.470335
0.468258
0.46497
0.458298
0.472733
0.45543
0.460036
0.45759
0.473567
0.454197
0.467312
0.479865
0.472202
0.460873
0.491932
0.457366
0.458495
0.472317
0.486786
0.484566
0.495091
0.466931
0.391742
0.337295
0.365877
0.379251
0.343965
0.368534
0.359174
0.39495
0.382238
0.415432
0.435643
0.262199
0.229264
0.247773
0.257872
0.248193
0.253133
0.251454
0.253215
0.323375
0.222688
0.166069
0.195279
0.192215
0.349256
0.185204
0.191087
0.179205
0.141395
0.208441
0.18832
0.062726
0.23979
0.0749976
0.28438
0.0763949
0.0810623
0.0648195
0.0721682
0.116379
0.100767
0.121781
0.0478093
0.0539788
0.124583
0.0704056
0.0682974
0.206064
0.105668
0.0610695
0.0610715
0.0610142
0.0566498
0.04069
0.0449786
0.0536936
0.108283
0.064127
0.0724959
0.0457025
0.0767134
0.152755
0.0726001
0.0647318
0.0396158
0.0501794
0.0538641
0.0581921
0.12708
0.0608385
0.0445075
0.0492822
0.0517879
0.0894944
0.0391673
0.0559974
0.164245
0.0395706
0.0481837
0.0492897
0.0468919
0.0339626
0.0511626
0.0510444
0.0589749
0.133154
0.0464802
0.0464193
0.158138
0.0517246
0.0380694
0.0514611
0.0569403
0.0521192
0.114041
0.0565956
0.0410386
0.0789363
0.0508577
0.0532129
0.0430412
0.0949845
0.0505496
0.0476677
0.056677
0.0516845
0.0564688
0.0844767
0.0847008
0.0442835
0.055953
0.0363984
0.0373128
0.128437
0.0485106
0.0557184
0.0465953
0.106779
0.0523975
0.0497732
0.0509938
0.0587644
0.0471177
0.0250164
0.0472128
0.173775
0.035466
0.0415243
0.0482684
0.129727
0.0719369
0.1266
