0.0846707
0.0781831
0.0832681
0.0795588
0.0761011
0.0779216
0.083138
0.0801972
0.0703859
0.071228
0.0817616
0.074685
0.0670187
0.061584
0.0686265
0.0552918
0.078489
0.048079
0.0704398
0.0841229
0.0511738
0.0634413
0.0464296
0.0547379
0.0403931
0.0522295
0.0705717
0.0599323
0.0472278
0.0541182
0.0579846
0.0505652
0.0444809
0.0403014
0.0308934
0.0502686
0.0562884
0.050896
0.0495993
0.0738511
0.0593262
0.0434357
0.0377463
0.0362472
0.0403716
0.0562685
0.0579127
0.0325884
0.036167
0.0386998
0.073143
0.0488363
0.0746767
0.0124575
0.0404243
0.0056012
0.0692862
0.0249219
0.0178216
0.0205768
0.00935583
0.0268333
0.0134878
0.0433112
0.00592443
0.00948266
0.0335344
0.0138433
0.00471659
0.0362311
0.00675489
0.0637776
0.015767
0.00348841
0.017996
0.00205282
0.00708639
0.00197398
0.0255392
0.00621076
0.0169614
0.00865732
0.00874758
0.0309546
0.00459747
0.0188363
0.00550403
0.00353923
0.00729344
0.00295034
0.0117985
0.00370459
0.0260913
0.0073958
0.00325889
0.0317801
0.00462576
0.0114627
0.0330176
0.00424148
0.00490435
0.0100319
0.00658186
0.00506704
0.00853012
0.0135619
0.00920721
0.0355261
0.00299106
0.00315747
0.043341
0.00563969
0.00285957
0.00422786
0.00715339
0.00759556
0.0390892
0.00377171
0.00542349
0.0135108
0.00578328
0.00407809
0.00672031
0.049594
0.00479361
0.00950807
0.00186869
0.00317751
0.00675381
0.0172122
0.0130754
0.00422602
0.00652612
0.00472559
0.00257026
0.00624107
0.00334777
0.0571703
0.00295733
0.0141465
0.00308364
0.00659822
0.00640002
0.00210818
0.00866948
0.0073617
0.00432469
0.0891092
0.0137783
0.0114328
0.0389655
0.0381883
0.0474116
0.0723587
