0.0999899
0.106392
0.12251
0.111199
0.17506
0.0838534
0.155005
0.103042
0.151095
0.135388
0.119848
0.12959
0.135676
0.170616
0.183728
0.131945
0.186854
0.188471
0.0763883
0.140613
0.141326
0.199377
0.300761
0.255013
0.255282
0.308895
0.407101
0.322531
0.306493
0.369198
0.311323
0.34102
0.146581
0.353666
0.338799
0.336484
0.291694
0.278059
0.295808
0.278224
0.28736
0.365895
0.331881
0.203398
0.294911
0.347192
0.266985
0.311999
0.379121
0.263503
0.300979
0.314381
0.330722
0.302533
0.313637
0.311151
0.358228
0.351925
0.359649
0.236851
0.353655
0.313408
0.289988
0.31152
0.353191
0.385035
0.335865
0.372473
0.319366
0.291804
0.391705
0.326602
0.334365
0.295001
0.256345
0.3088
0.386025
0.422008
0.310512
0.272324
0.300357
0.297233
0.332059
0.344595
0.311588
0.272421
0.334063
0.345528
0.309029
0.384675
0.254195
0.329703
0.247824
0.278542
0.36894
0.298517
0.294295
0.30329
0.310957
0.253583
0.295791
0.328649
0.298198
0.3443
0.321198
0.331076
0.294582
0.367391
0.362313
0.274354
0.449361
0.270891
0.265779
0.269592
0.325124
0.378356
0.299684
0.303062
0.226612
0.387012
0.35313
0.336771
0.25796
0.42242
0.275208
0.269718
0.315146
0.289974
0.343145
0.33126
0.363683
0.339812
0.309766
0.213062
0.2951
0.273538
0.31789
0.311672
0.344946
0.349874
0.302509
0.337955
0.388187
0.317736
0.338894
0.330378
0.313638
0.443306
0.354932
0.340394
0.384646
0.361033
0.278507
0.338953
