0.100046
0.104959
0.0905382
0.08959
0.0774964
0.116675
0.0896741
0.116938
0.126667
0.118398
0.10213
0.184545
0.102726
0.134273
0.0665108
0.121581
0.144808
0.096394
0.0830291
0.101422
0.107919
0.105928
0.461058
0.395331
0.344016
0.14127
0.431447
0.391089
0.0696412
0.465594
0.0711934
0.2911
0.374274
0.439856
0.44917
0.430574
0.499091
0.534537
0.471753
0.508555
0.414589
0.273128
0.402365
0.514163
0.430379
0.404101
0.495097
0.500057
0.566969
0.375252
0.585825
0.731361
0.551379
0.244629
0.382581
0.270381
0.611788
0.293131
0.301763
0.16782
0.436043
0.142619
0.334073
0.379348
0.342929
0.308805
0.403006
0.384067
0.295585
0.29265
0.503084
0.442654
0.518531
0.331186
0.330861
0.118999
0.0928742
0.302178
0.458345
0.129844
0.0728712
0.078718
0.101293
0.324452
0.129573
0.347216
0.120836
0.110751
0.155302
0.147789
0.122094
0.328005
0.0695439
0.121923
0.121866
0.0916675
0.0977124
0.137435
0.645117
0.112384
0.0682291
0.0998664
0.162721
0.0750959
0.0973582
0.113227
0.086452
0.372337
0.1225
0.0988717
0.555947
0.299096
0.0948802
0.125252
0.0343777
0.117621
0.379522
0.151191
0.039993
0.0931645
0.131781
0.113506
0.104106
0.576295
0.171505
0.11224
0.119697
0.134664
0.100366
0.413644
0.301224
0.100513
0.216841
0.0941607
0.114471
0.16787
0.120036
0.417802
0.0846164
0.535313
0.0947913
0.147539
0.122432
0.0858482
0.0596728
0.144141
0.140822
0.395965
0.0891656
0.0826124
0.288422
0.415132
0.375386
0.413395
