0.117587
0.10526
0.111565
0.115619
0.111691
0.116087
0.111241
0.103927
0.108736
0.11363
0.106477
0.137736
0.134117
0.141093
0.176643
0.184679
0.169725
0.152465
0.147506
0.143708
0.168809
0.194187
0.193016
0.212554
0.196752
0.20652
0.210662
0.209857
0.238315
0.239088
0.26573
0.269324
0.297029
0.250158
0.244074
0.241966
0.242327
0.284739
0.248797
0.258851
0.307404
0.293589
0.346926
0.230532
0.199619
0.34517
0.223338
0.232216
0.266062
0.247176
0.295322
0.322375
0.310299
0.244842
0.123375
0.138911
0.377752
0.155363
0.142369
0.147575
0.164072
0.17695
0.115822
0.277919
0.119212
0.104721
0.240906
0.119736
0.112074
0.382345
0.137113
0.190618
0.128935
0.11374
0.197421
0.11192
0.103622
0.266071
0.119242
0.127022
0.119614
0.318735
0.125746
0.123799
0.104004
0.154192
0.122373
0.132483
0.107258
0.2257
0.113202
0.125106
0.135972
0.0946134
0.11299
0.20532
0.115612
0.127898
0.37765
0.115372
0.135997
0.117445
0.120421
0.123752
0.172622
0.131854
0.125317
0.144545
0.118177
0.100355
0.364641
0.168372
0.11005
0.123635
0.10736
0.128578
0.189914
0.241142
0.113373
0.122894
0.129523
0.124402
0.3612
0.0984718
0.111515
0.103111
0.116842
0.16024
0.111717
0.226149
0.228988
0.118262
0.099111
0.120434
0.109792
0.306744
0.115004
0.109168
0.109919
0.223083
0.12416
0.121551
0.213792
0.124351
0.111972
0.124025
0.356426
0.108035
0.111262
0.257036
0.159942
0.344549
0.242801
0.303307
