0.631892
0.660614
0.607151
0.640354
0.599834
0.633629
0.617889
0.722195
0.664508
0.661383
0.628932
0.526842
0.619059
0.545973
0.621249
0.629531
0.617517
0.670662
0.619431
0.585323
0.502878
0.580905
0.420221
0.370605
0.420363
0.416896
0.370934
0.410417
0.462747
0.470412
0.500243
0.509057
0.537533
0.291308
0.307977
0.232718
0.375619
0.299671
0.270924
0.254542
0.301929
0.300697
0.268834
0.482666
0.143037
0.159729
0.194448
0.209938
0.148878
0.18147
0.184135
0.364463
0.24154
0.210793
0.0696933
0.0614219
0.381098
0.0955509
0.0394875
0.0605393
0.044446
0.0966082
0.0793564
0.110893
0.0543014
0.12107
0.0422383
0.0591635
0.194406
0.0779163
0.0661508
0.042839
0.0191724
0.0746645
0.11131
0.0259199
0.034712
0.190441
0.0184989
0.0216369
0.0375611
0.0319474
0.068324
0.159855
0.0374753
0.0381429
0.0416526
0.0844619
0.031111
0.0484657
0.0266415
0.0610548
0.0428489
0.0155547
0.0418318
0.067267
0.131413
0.0338124
0.0385891
0.0486469
0.0203975
0.0346551
0.0524458
0.0374894
0.0152362
0.0712144
0.0368076
0.0729287
0.0266974
0.0746114
0.0293662
0.0220952
0.0227698
0.0523334
0.0293237
0.0494813
0.0421901
0.0478968
0.128434
0.0590823
0.0573221
0.0190493
0.0367479
0.228861
0.0651518
0.021234
0.0363506
0.0273019
0.0392104
0.0615132
0.0701499
0.0152217
0.0495027
0.0447576
0.223048
0.0470501
0.0520482
0.0526218
0.0409086
0.0621937
0.0456133
0.0423162
0.00783667
0.0625235
0.0325575
0.0218133
0.0475571
0.0373124
0.169275
0.0529468
0.0451764
0.213777
0.0300212
0.0553375
