0.184511
0.151711
0.0990604
0.181381
0.196077
0.130075
0.185766
0.138023
0.101072
0.0903085
0.222792
0.112819
0.117484
0.0922066
0.136566
0.169106
0.150165
0.0926745
0.091976
0.151804
0.20806
0.159537
0.125005
0.10533
0.143302
0.185146
0.133576
0.15984
0.143031
0.157559
0.156636
0.238308
0.232589
0.245892
0.225725
0.213522
0.174596
0.288895
0.199165
0.279931
0.264852
0.3463
0.185841
0.203802
0.198446
0.32733
0.17893
0.18357
0.151837
0.214751
0.193271
0.180255
0.223663
0.128402
0.269742
0.0952528
0.26291
0.102365
0.0839985
0.179658
0.182843
0.153501
0.0787015
0.172235
0.0877641
0.109024
0.292252
0.107746
0.115416
0.0738236
0.323239
0.134919
0.113102
0.105609
0.077085
0.127719
0.075031
0.109932
0.131946
0.0901598
0.0971259
0.134509
0.073401
0.411509
0.118929
0.065652
0.108441
0.0612405
0.0655434
0.102019
0.108649
0.103649
0.149327
0.142887
0.1181
0.117487
0.146243
0.12811
0.13948
0.106302
0.0831222
0.13245
0.122146
0.123027
0.0906035
0.313405
0.159317
0.268156
0.112711
0.101636
0.416376
0.122103
0.149545
0.121032
0.135613
0.114448
0.181334
0.10586
0.0725744
0.0866818
0.151848
0.0840686
0.121118
0.415977
0.0945659
0.153528
0.0616543
0.0817392
0.106482
0.340671
0.0869879
0.121845
0.128648
0.114812
0.11186
0.115858
0.0857023
0.356884
0.130849
0.0783438
0.106881
0.122168
0.169496
0.129574
0.0431816
0.121733
0.0849259
0.470637
0.0502382
0.140801
0.176827
0.400174
0.190935
0.237267
