0.0743541
0.108048
0.0891494
0.0700014
0.0998698
0.120006
0.0515866
0.0917293
0.090906
0.0761817
0.115173
0.078053
0.113362
0.0931296
0.0999949
0.101803
0.100587
0.122489
0.164242
0.1076
0.16642
0.131804
0.157809
0.155769
0.201387
0.167793
0.193479
0.251413
0.241357
0.177539
0.173239
0.232975
0.262957
0.276928
0.282286
0.320113
0.25152
0.262867
0.31724
0.29513
0.238672
0.345968
0.30722
0.307665
0.400842
0.391533
0.365625
0.382641
0.360803
0.44691
0.38666
0.43017
0.447596
0.41046
0.400403
0.402585
0.366251
0.373084
0.340609
0.347992
0.397953
0.400276
0.333006
0.398356
0.407645
0.425733
0.353299
0.427632
0.421593
0.368103
0.380013
0.375802
0.387488
0.362616
0.410736
0.406491
0.398423
0.361222
0.417366
0.368665
0.431808
0.408541
0.434131
0.401579
0.448884
0.398465
0.36777
0.435341
0.411428
0.387002
0.427448
0.405857
0.360646
0.360372
0.396329
0.328582
0.408142
0.426901
0.408947
0.443942
0.387108
0.418473
0.404017
0.323934
0.391074
0.400972
0.38548
0.414765
0.298272
0.405313
0.414265
0.378794
0.357634
0.349102
0.391238
0.376392
0.420576
0.383389
0.352493
0.379959
0.31096
0.389542
0.381927
0.459454
0.328924
0.389341
0.41778
0.33477
0.34221
0.447308
0.360824
0.343768
0.382665
0.39311
0.447092
0.428044
0.457037
0.34484
0.441505
0.370206
0.418325
0.330589
0.396108
0.351365
0.439183
0.385167
0.384772
0.301258
0.392061
0.38938
0.332527
0.346258
0.426908
0.473122
