0.12392
0.177385
0.130766
0.145495
0.0921082
0.10201
0.099661
0.131962
0.108523
0.101859
0.1025
0.159531
0.0979794
0.138592
0.124835
0.14578
0.141621
0.0944386
0.0830958
0.122491
0.125268
0.147689
0.0738506
0.120906
0.104665
0.139537
0.0645194
0.17019
0.118624
0.124327
0.375144
0.142979
0.186778
0.0885083
0.119564
0.143466
0.178727
0.137583
0.169473
0.20848
0.195499
0.211038
0.273248
0.163948
0.317257
0.23724
0.176253
0.187677
0.177696
0.192981
0.244204
0.235114
0.265997
0.193265
0.236323
0.218123
0.386435
0.22979
0.290022
0.225104
0.276692
0.300602
0.256347
0.175669
0.153784
0.133055
0.365416
0.20036
0.124714
0.313638
0.168811
0.140907
0.21153
0.135822
0.206983
0.0917746
0.106607
0.27294
0.141183
0.135556
0.124
0.186329
0.151947
0.0688189
0.137986
0.129399
0.102292
0.116967
0.058498
0.230758
0.107761
0.115291
0.11422
0.0484021
0.0983351
0.362979
0.120346
0.121252
0.339913
0.0695324
0.132141
0.173478
0.0875337
0.106999
0.320673
0.303327
0.150894
0.110273
0.106553
0.0980953
0.438676
0.0824756
0.132239
0.124064
0.106282
0.130033
0.0847715
0.12889
0.112088
0.0828705
0.120777
0.127991
0.127149
0.157042
0.0869184
0.0998668
0.108796
0.109258
0.116677
0.123967
0.14199
0.126939
0.107223
0.386788
0.118536
0.100555
0.107828
0.107127
0.0985833
0.372803
0.146003
0.139945
0.0902859
0.0843423
0.111203
0.106406
0.0682684
0.36355
0.0881875
0.306219
0.138397
0.40152
0.288875
0.271063
