0.114771
0.114712
0.103362
0.118808
0.115191
0.120267
0.132222
0.11058
0.119877
0.102092
0.125616
0.155742
0.141013
0.14372
0.134931
0.180618
0.158753
0.171312
0.147277
0.175349
0.148302
0.193807
0.220273
0.233442
0.217022
0.209129
0.201833
0.192597
0.238432
0.267369
0.191982
0.257141
0.266361
0.22489
0.239896
0.224484
0.288656
0.216228
0.203546
0.270517
0.253222
0.307287
0.312085
0.22786
0.319333
0.248745
0.222198
0.234425
0.230819
0.246691
0.252768
0.314369
0.28654
0.264973
0.170567
0.124443
0.11984
0.36693
0.135524
0.132193
0.20088
0.198286
0.111842
0.216644
0.120946
0.288555
0.113921
0.130483
0.379263
0.123214
0.132347
0.161777
0.11125
0.125583
0.158183
0.114206
0.106504
0.162128
0.117698
0.105128
0.151761
0.11955
0.168882
0.113157
0.341175
0.132014
0.109217
0.09973
0.123906
0.259122
0.104139
0.127922
0.112301
0.118469
0.109457
0.133009
0.294624
0.13256
0.127763
0.127877
0.126398
0.101209
0.114262
0.109956
0.112539
0.177476
0.117242
0.145645
0.10331
0.10837
0.293239
0.115165
0.119346
0.102808
0.11649
0.0938305
0.126261
0.159299
0.177861
0.133536
0.112696
0.121786
0.104542
0.241397
0.126736
0.12596
0.111625
0.0913121
0.15718
0.128932
0.111252
0.110131
0.109015
0.120196
0.200197
0.124109
0.110834
0.110411
0.115096
0.255334
0.100515
0.112241
0.207442
0.119841
0.119794
0.118348
0.121377
0.285388
0.105961
0.172431
0.117124
0.266896
0.169665
0.240898
