0.593154
0.617616
0.608486
0.574884
0.599535
0.597995
0.59157
0.574756
0.604878
0.605552
0.595776
0.605614
0.591443
0.554631
0.595425
0.582299
0.578441
0.585683
0.589709
0.564159
0.611619
0.607605
0.545366
0.521188
0.531787
0.494168
0.522223
0.511221
0.532042
0.520059
0.503214
0.537995
0.534391
0.480025
0.402409
0.416676
0.463116
0.485443
0.430511
0.463758
0.420918
0.528681
0.439742
0.351908
0.290796
0.462011
0.345224
0.355763
0.381404
0.379481
0.377591
0.370069
0.371888
0.154333
0.421733
0.134138
0.467535
0.161271
0.187236
0.150611
0.146844
0.187844
0.134043
0.21519
0.126005
0.121518
0.185104
0.179142
0.155867
0.163739
0.27234
0.164049
0.268656
0.217588
0.164453
0.18208
0.159508
0.121695
0.21338
0.189549
0.216264
0.198535
0.197636
0.125144
0.24739
0.239546
0.242545
0.177061
0.139157
0.146975
0.147273
0.213884
0.224558
0.280791
0.167095
0.215908
0.18367
0.207586
0.290398
0.235205
0.241625
0.190202
0.16
0.178877
0.180908
0.117998
0.200673
0.168854
0.205531
0.164563
0.198086
0.129372
0.367404
0.158564
0.16704
0.174967
0.234875
0.0796594
0.15724
0.141493
0.152532
0.243704
0.225815
0.274266
0.152179
0.170753
0.114938
0.167819
0.165399
0.316401
0.230991
0.198486
0.156249
0.184843
0.126759
0.193108
0.168968
0.106632
0.279966
0.215515
0.0947611
0.237988
0.206902
0.177789
0.217585
0.12636
0.185142
0.285328
0.177978
0.179934
0.207019
0.252347
0.227599
0.279363
