0.841434
0.802287
0.851958
0.775998
0.819331
0.812115
0.84532
0.717162
0.838918
0.692669
0.884753
1.06017
0.950949
0.952163
1.03751
1.01561
0.960849
0.968199
1.02626
0.947768
0.888841
0.99417
0.581916
0.630607
0.60479
0.62041
0.582022
0.58843
0.513502
0.631551
0.627007
0.505074
0.629377
0.334849
0.329331
0.362349
0.286136
0.430254
0.344801
0.327734
0.303824
0.477798
0.334175
0.274516
0.212714
0.691949
0.222125
0.241885
0.251555
0.253248
0.246576
0.335062
0.227317
0.0977254
0.311266
0.0540143
0.256534
0.024646
0.0208188
0.0507604
0.0489314
0.1409
0.0447774
0.03388
0.0513531
0.03538
0.139388
0.0425718
0.0276317
0.244319
0.0348995
0.0263435
0.0486587
0.0421355
0.0681682
0.0238931
0.0434686
0.0608364
0.0283098
0.0773746
0.0343341
0.0340953
0.113412
0.0194234
0.0520545
0.032989
0.0451563
0.0515239
0.0219913
0.0257088
0.0802113
0.0374294
0.0421391
0.0375736
0.0313255
0.0366188
0.05848
0.0278183
0.0485595
0.0412964
0.0799034
0.0308097
0.0529867
0.0315121
0.0761625
0.0438044
0.0420205
0.0347414
0.0209246
0.0653411
0.269536
0.127609
0.0384755
0.0137627
0.0638942
0.010572
0.179243
0.0378284
0.0121762
0.0607712
0.0411443
0.0206803
0.302152
0.0455494
0.027157
0.0457615
0.0503639
0.0425712
0.0391221
0.0300454
0.0372659
0.037583
0.0588983
0.0400851
0.22977
0.0735648
0.0444548
0.0267159
0.0264609
0.0150272
0.0125068
0.0701458
0.0629507
0.0218868
0.0209819
0.00975082
0.0476085
0.0682937
0.083707
0.0217556
0.131248
0.244625
0.0228642
0.188699
