0.786396
0.784828
0.782143
0.784624
0.824244
0.736149
0.790414
0.721303
0.741958
0.729433
0.772176
0.722353
0.765881
0.768575
0.65987
0.696212
0.765267
0.738698
0.686654
0.701004
0.773595
0.784575
0.6612
0.658907
0.648022
0.652301
0.685646
0.697783
0.652144
0.677823
0.625871
0.760869
0.642205
0.536264
0.596731
0.567321
0.606731
0.550581
0.552287
0.496619
0.555204
0.515234
0.482759
0.489908
0.563603
0.401602
0.463755
0.468071
0.463723
0.455974
0.455584
0.467246
0.414485
0.445737
0.168282
0.202636
0.496683
0.16868
0.171906
0.167636
0.217556
0.142899
0.145693
0.193765
0.074213
0.105051
0.317351
0.099736
0.0834572
0.286387
0.0681511
0.0723503
0.114581
0.0691525
0.116145
0.0360916
0.0371541
0.142465
0.0631271
0.0542242
0.0767093
0.0703355
0.0518593
0.0157115
0.0856006
0.0308289
0.0248888
0.0352857
0.0161678
0.150493
0.0399931
0.0426742
0.0446653
0.0208247
0.0665382
0.143436
0.0445344
0.0445317
0.228438
0.0269973
0.0582686
0.0595605
0.0280235
0.0175629
0.140428
0.174663
0.040738
0.0479757
0.0239809
0.0926955
0.295951
0.0393009
0.0642525
0.0732488
0.0290505
0.0388857
0.0457316
0.108903
0.0246304
0.0436983
0.0374432
0.0569116
0.0485057
0.0909705
0.029218
0.0217399
0.00941837
0.063118
0.0425249
0.0346835
0.0152963
0.0713375
0.034931
0.133493
0.038546
0.0508104
0.0140626
0.0308816
0.0268965
0.177417
0.0546442
0.0726539
0.0391241
0.0303181
0.0496859
0.0370665
0.00373059
0.126529
0.0196415
0.119301
0.0628952
0.213045
0.145631
0.163554
