0.235482
0.234333
0.242235
0.250109
0.232134
0.227188
0.227668
0.248254
0.248784
0.232602
0.244317
0.248605
0.19438
0.222602
0.251594
0.224791
0.239188
0.21099
0.263154
0.20067
0.198222
0.23172
0.204746
0.159679
0.183673
0.208573
0.20965
0.203974
0.193709
0.190122
0.185173
0.173471
0.197845
0.131939
0.146801
0.127735
0.1146
0.135022
0.119608
0.181295
0.12284
0.166834
0.130973
0.0587683
0.0931034
0.204504
0.066201
0.0393109
0.0741228
0.0515388
0.0644779
0.0906045
0.113704
0.0119321
0.116627
0.0160022
0.132535
0.0142351
0.0131269
0.0359112
0.0228824
0.0213017
0.0215346
0.0752519
0.00785431
0.00467213
0.0964753
0.00406795
0.00581647
0.0188161
0.0077928
0.0129795
0.112847
0.00588077
0.00478255
0.00346178
0.0101375
0.00686068
0.0698134
0.00694334
0.00635996
0.0037674
0.00416032
0.0874316
0.00311141
0.0414872
0.00600836
0.00596088
0.000655215
0.00359116
0.00693086
0.035728
0.00350754
0.00232542
0.00670214
0.0122287
0.00559327
0.00291252
0.0935102
0.00343103
0.00484667
0.00735663
0.0103676
0.00444918
0.00644314
0.0170909
0.00549178
0.0528036
0.0027877
0.00570388
0.0457334
0.00331827
0.00484143
0.00395917
0.00519749
0.00681212
0.0497478
0.0053898
0.00229638
0.0225076
0.00476595
0.010967
0.00913952
0.0685883
0.00808396
0.00733637
0.00512689
0.00371056
0.00730664
0.0328103
0.00935084
0.006602
0.0022848
0.00541599
0.00624904
0.00854715
0.00560781
0.074767
0.00752698
0.0390417
0.00559122
0.00428769
0.0139105
0.0139076
0.00651054
0.00905483
0.00262756
0.0474717
0.0240382
0.00286678
0.0308359
0.0809596
0.0278444
0.0569607
