0.338774
0.334961
0.387177
0.404606
0.384945
0.334485
0.266224
0.333438
0.425111
0.296173
0.325983
0.373743
0.327335
0.354496
0.384189
0.313886
0.399947
0.345697
0.351239
0.362835
0.237468
0.347591
0.270642
0.281524
0.226037
0.271503
0.234951
0.229033
0.257892
0.132625
0.233661
0.19006
0.352617
0.116586
0.0960915
0.13322
0.144606
0.192513
0.152489
0.164452
0.118459
0.131167
0.189768
0.126295
0.307697
0.0484511
0.0947579
0.0924995
0.0446604
0.103986
0.0943794
0.144767
0.104081
0.107881
0.012963
0
0.153334
0.0333162
0
0
0.0176416
0.0408653
0.0224757
0.0324155
0.00430352
0
0.0558422
0.00208077
0.000953591
0.0998216
0.0271037
0
0
0
0.00377083
0.00392221
0
0.00624342
0.00861311
0.000716161
0
0.111567
0
0.0112499
0.00255221
0
0.00156924
0.0165808
0.00312888
0.0752968
0.00109046
6.2261e-05
0
0.00219186
0.00871006
0.0174858
0.021613
0.00641705
0.0738717
0
0.00354885
0
0.00529191
0.00427087
0.0128365
0
0.00789849
0.00366851
0.011576
0.0111921
0.000199366
0.0047023
0.0118565
0.00366098
0.0126245
0.00894162
0.00341494
0.00958282
0.00242307
0
0.00966956
0.00544608
0.00773289
0.0042132
0.00905753
0
0.00166494
0
0.00123968
0
0
0.0120705
0.0169612
0.00328965
0.0666652
0.00446245
0.010401
0.0012535
0.00073165
0.0155741
0
0.0056435
0.00558333
0.00696487
0.000272039
0
0.0657521
0
0.00336226
0
0.0981484
0.000277009
0.108829
0.00377709
