0.01
0.01
0.01
0.01
0.01
0.01
0.01
0.01
0.01
0.01
0.01
0.0099
0.01
0.0096
0.0097
0.01
0.0099
0.0098
0.0097
0.0098
0.0097
0.0099
0.0076
0.0066
0.0078
0.0067
0.0075
0.0067
0.008
0.007
0.0084
0.0083
0.0093
0.0041
0.0045
0.0033
0.0037
0.0046
0.0038
0.004
0.0057
0.0068
0.0038
0.0025
0.0025
0.0076
0.0024
0.0021
0.0017
0.0028
0.0016
0.0052
0.0025
0.0008
0.0059
0.0012
0.0075
0.001
0.0002
0.0007
0.0009
0.0012
0.0006
0.0019
0.0003
0.0005
0.0032
0.0002
0.0005
0.0055
0.0008
0.0007
0.0004
0.0014
0.0003
0.0002
0.0003
0.0003
0.0033
0.0001
0.0004
0.0001
0.0045
0.0002
0.0003
0.0009
0
0.0003
0.0001
0.0025
0.0001
0.0003
0
0
0.0002
0.0014
0.0001
0.0041
0.0001
0
0.0001
0.0005
0.0002
0.0001
0.0001
0.0017
0.0005
0.0002
0
0
0.0049
0.0005
0.0003
0
0.0001
0.0001
0.0022
0.0001
0.0007
0
0.0001
0.0004
0.0039
0
0
0.0001
0
0.0001
0
0.0018
0.0009
0
0.0005
0.0001
0.0044
0.0001
0.0001
0
0
0.0018
0
0
0.0007
0.0001
0.0001
0.0002
0.0044
0
0.0009
0.0012
0.0005
0.0036
0.002
0.0037
