0.151126
0.12715
0.132286
0.169135
0.123866
0.12904
0.156113
0.137551
0.147005
0.144533
0.151467
0.186903
0.161176
0.205697
0.194223
0.143099
0.174213
0.177705
0.191469
0.189238
0.183706
0.170042
0.159919
0.210814
0.164276
0.223775
0.200691
0.182565
0.185698
0.195516
0.160352
0.169989
0.181932
0.180714
0.172084
0.179664
0.158344
0.19229
0.185111
0.158841
0.168732
0.148421
0.162234
0.154894
0.15999
0.161299
0.187007
0.160519
0.176633
0.151305
0.172768
0.176452
0.202267
0.0818996
0.158129
0.0793803
0.178729
0.0813829
0.0692156
0.0900707
0.107693
0.116571
0.084115
0.107221
0.0368458
0.0456142
0.134703
0.0722173
0.0317614
0.123186
0.0269804
0.0476239
0.0575343
0.0320317
0.0480721
0.031131
0.0321338
0.0354311
0.0591495
0.0152433
0.0298669
0.0228884
0.0214142
0.119236
0.0200415
0.0663198
0.0288089
0.00591817
0.0303664
0.0171995
0.0328794
0.0788458
0.0303677
0.0250717
0.0137742
0.0343754
0.0115207
0.0264088
0.0906405
0.0117203
0.0155324
0.0354926
0.0204645
0.0164876
0.0324752
0.030229
0.0261468
0.0763173
0.0123089
0.0109097
0.0851243
0.0137962
0.0179591
0.00570225
0.0146956
0.0171245
0.0543013
0.0177428
0.0482816
0.00956042
0.0250972
0.0167528
0.00713576
0.0972843
0.0216747
0.0108487
0.00929248
0.0265385
0.0157864
0.0580822
0.0450677
0.0137319
0.0122999
0.0114549
0.0170753
0.0558648
0.00706499
0.00910603
0.0170599
0.0410647
0.00912018
0.00939249
0.0431634
0.0221338
0.015995
0.00668646
0.00692275
0.0874878
0.0225145
0.0247847
0.0137223
0.103635
0.0474356
0.0604601
