0.0099
0.0099
0.0099
0.01
0.0098
0.0097
0.0098
0.01
0.0094
0.0098
0.01
0.0072
0.007
0.0076
0.0083
0.0076
0.0076
0.0085
0.0084
0.0072
0.0083
0.0076
0.0036
0.0035
0.0029
0.0034
0.0037
0.0039
0.0032
0.004
0.0029
0.0048
0.005
0.0018
0.0016
0.0019
0.0012
0.0023
0.0013
0.0013
0.0022
0.0016
0.0034
0.0015
0.0033
0.0009
0.0008
0.0007
0.0005
0.0013
0.0016
0.0018
0.0016
0.0009
0
0.0003
0.0029
0
0
0.0001
0
0.0002
0.0001
0.0007
0
0
0.001
0
0
0.0011
0.0001
0.0001
0
0
0
0
0
0.0005
0
0
0.0002
0.0009
0
0
0
0.0001
0
0
0
0.0004
0
0
0
0
0
0.0003
0
0
0.0008
0
0
0
0
0
0
0.0001
0
0
0
0
0.001
0.0001
0
0
0
0
0
0.0004
0
0
0
0
0.0007
0
0
0
0
0
0
0.0003
0.0002
0
0
0
0.0007
0
0
0
0
0.0001
0
0
0.0002
0
0.0001
0
0.0004
0
0.0003
0
0.0005
0.0012
0.0001
0.001
