0.00427083
0.00392301
0.00433013
0.004
0.00433013
0.00420833
0.00407308
0.0031289
0.00427083
0.00366606
0.004
0.00458258
0.00420833
0.00473709
0.00433013
0.0048
0.00438634
0.00453762
0.00438634
0.00384187
0.0048775
0.00489898
0.00255147
0.00336303
0.0031289
0.00271293
0.00286182
0.00271293
0.0031289
0.00286182
0.00336303
0.00336303
0.004
0.00237487
0.00255147
0.00217945
0.0014
0.00170587
0.00195959
0.00255147
0.00237487
0.000994987
0.003
0.00336303
0.0014
0.000994987
0.00195959
0.000994987
0.0014
0.0014
0.00255147
0.00255147
0.00255147
0.0014
0
0
0.00286182
0
0.000994987
0.0014
0.000994987
0.00195959
0
0.0014
0
0
0.00271293
0
0
0.00324962
0
0
0.0014
0
0
0
0
0.000994987
0
0
0.0014
0.00255147
0
0.0014
0.0014
0
0
0
0.000994987
0.00286182
0
0.000994987
0
0
0.000994987
0.00170587
0
0.0014
0.00195959
0
0
0
0.000994987
0
0
0.00170587
0
0
0.000994987
0
0.00271293
0.000994987
0
0
0
0
0.00217945
0.000994987
0
0
0
0.0014
0
0.00324962
0
0
0
0
0
0.0014
0.000994987
0
0
0
0.00286182
0
0
0.000994987
0
0.00217945
0.000994987
0
0.000994987
0
0
0
0
0.0031289
0
0.00237487
0.000994987
0.00217945
0.000994987
0.00195959
