0.212783
0.255871
0.22837
0.243803
0.193973
0.261073
0.20044
0.229004
0.244766
0.312164
0.274214
0.216121
0.297226
0.283837
0.337304
0.252313
0.30061
0.318066
0.334335
0.284779
0.230096
0.29417
0.178004
0.174476
0.159856
0.179098
0.202272
0.178232
0.2112
0.194393
0.21752
0.125092
0.208757
0.106004
0.153961
0.105838
0.116567
0.0698421
0.0819248
0.159715
0.188286
0.120411
0.166788
0.0949264
0.0430485
0.101768
0.0814548
0.0943113
0.0464411
0.0878457
0.0595773
0.101672
0.0762247
0.096319
0.0320055
0.0267422
0.099641
0.016145
0.0190157
0
0.0116804
0.00376252
0.016605
0.0841231
0.0173124
0.0146819
0.0641751
0.0136706
0.00699602
0.194225
0.0118708
0.00148163
0.0388025
0.00202819
0.000417636
0.00165638
0.000975345
0.077322
0
0.0125114
0
0.0921053
0.00523914
0.0202719
0.00882303
0.000670699
0.00823198
0.00744073
0.0115521
0.000685722
0.00116129
0.00890411
0
0.0118123
0
0.0112853
0.0106913
0
0.0485307
0
0.0108789
0
0
0
0.00080636
0
0.00816999
0
0
0.00651586
0.036087
0.00166595
0.00123991
0
0.0108211
0
0.00367686
0.00199929
0.000432762
0.0049033
0.000738727
0.0228102
0
0.224922
0
0.000557516
0.00695333
0
0.000550468
0
0.0932571
0.00877222
0
0.018502
0.112772
0.0120876
0.0187679
0.0120532
0
0.0822402
0
0.00417891
0
0.0059469
0.00171009
0.00125163
0
0.0839936
0.00378929
0
0.00765079
0.17735
0.00536347
0.0919925
