0.00496481
0.00540219
0.00176838
0.00410455
0.0041732
0.002933
0.00158698
0.00582943
0.00485098
0.00446969
0.00392265
0.00391704
0.00388518
0.0131284
0.0036687
0.0142359
0.00886337
0.00300607
0.00777355
0.00676966
0.00481588
0.00742115
0.0593266
0.0383358
0.0411631
0.0211236
0.0316651
0.0601817
0.0366497
0.0273962
0.0362226
0.0162257
0.006032
0.0577511
0.055601
0.0588305
0.0929024
0.058168
0.027457
0.0891583
0.0607842
0.0599065
0.0637994
0.0547451
0.0559814
0.0306643
0.116056
0.0538254
0.112619
0.0526479
0.0975424
0.0713921
0.0969115
0.0649991
0.0291486
0.04401
0.0441177
0.038076
0.0399563
0.0211431
0.0314929
0.0119614
0.0217814
0.0713234
0.0217208
0.0162166
0.0195876
0.0371371
0.0324143
0.036516
0.0392933
0.0223175
0.0546113
0.0257887
0.0137156
0.00498221
0.0235307
0.00469545
0.0331902
0.0122236
0.0373355
0.0130596
0.0102457
0.0532168
0.0185876
0.041511
0.010272
0.0176901
0.01047
0.0343412
0.0116182
0.0169094
0.0210962
0.00591946
0.0394288
0.00905896
0.0302616
0.00225512
0.040841
0.00740654
0.0230778
0.0316212
0.00555921
0.00580292
0.00205167
0.0308466
0.0217484
0.0373352
0.0117667
0.00602159
0.0359514
0.0166906
0.0130901
0.0198394
0.00527867
0.00811042
0.0315912
0.00453825
0.00730715
0.0282357
0.0217156
0.0200909
0.011558
0.101623
0.0032398
0.00316999
0.00325331
0.00345753
0.00724369
0.0287324
0.033841
0.0165687
0.0134211
0.0104184
0.0047125
0.00593692
0.00222891
0.0368179
0.00448955
0.0236707
0.0065064
0.0020579
0.0339018
0.0125622
0.00569362
0.0075133
0.00492356
0.087713
0.00816587
0.00514176
0.0511973
0.0289436
0.0403579
0.0550454
