0.0711079
0.0866893
0.0371097
0.102257
0.0916868
0.100078
0.0724581
0.0576112
0.0968231
0.0841534
0.0958374
0.0891411
0.0318084
0.0673334
0.109207
0.0799284
0.0384471
0.0583482
0.114257
0.0509074
0.0348683
0.153003
0.106159
0.104206
0.0833902
0.108534
0.10077
0.0476825
0.019412
0.0767289
0.113504
0.0124383
0.0427006
0.0875853
0.0506659
0.0599844
0.034584
0.0918176
0.0616608
0.0279862
0.026789
0.0479325
0.0328857
0.0936299
0.103739
0.0773884
0.0721724
0.0838517
0.0258129
0.0492757
0.0587959
0.0340475
0.0440099
0.00721933
0.0335164
0.0195311
0.0361345
0.0121154
0.00692701
0.0371505
0.0301578
0.00995265
0.0572811
0.0163962
0.0170262
0.0334695
0.00963254
0.0264441
0.0316244
0.0631481
0.0843993
0.0636051
0.0090954
0.0224716
0
0.0247877
0
0
0.00384544
0.0152407
0.00268681
0.0078148
0
0.189838
0.00404184
0.0121297
0.0181387
0
0
0.0112827
0.119473
0.0234815
0.00580485
0.0110196
0.0357215
0
0.00466099
0.00937656
0.0396164
0.00222108
0
0
0.013529
0
0
0.0140527
0
0.0124057
0.0112976
0.00661092
0.148797
0
0
0.011562
0.0124913
0.00335696
0.134589
0
0.00524281
0.00816138
0.0069959
0
0.010403
0.0957721
0
0.00903524
0
0.0123651
0
0.10043
0.00230552
0.0145221
0.0324892
0.00203247
0
0.0024927
0
0
0.0052903
0.0640189
0
0.0172125
0
0
0.00666793
0
0
0.0690646
0.00134723
0.00164534
0.081404
0.119876
0.002863
0.00303907
