0.092051
0.112644
0.101361
0.119303
0.0699954
0.151527
0.139086
0.110019
0.120321
0.103382
0.119916
0.411718
0.408917
0.391237
0.366424
0.428065
0.354856
0.458524
0.137311
0.418464
0.277779
0.341741
0.480064
0.54832
0.503585
0.376077
0.451737
0.475431
0.451613
0.49619
0.529969
0.437544
0.14766
0.250168
0.341102
0.288021
0.308437
0.381365
0.322914
0.316172
0.404637
0.650465
0.39921
0.289556
0.302593
0.669989
0.327123
0.2975
0.265115
0.306783
0.309801
0.323819
0.355916
0.0509942
0.311267
0.0704953
0.403261
0.0863341
0.106011
0.271084
0.0903885
0.075775
0.123292
0.118673
0.122837
0.0976919
0.422663
0.126694
0.0854352
0.3069
0.242046
0.0999278
0.51888
0.0971592
0.0982392
0.0968151
0.120386
0.115412
0.307341
0.175947
0.123223
0.167923
0.140649
0.588863
0.127004
0.11363
0.131824
0.0838994
0.0928324
0.0830241
0.0922919
0.133148
0.110884
0.101861
0.0553761
0.0935641
0.0797354
0.10764
0.479419
0.122729
0.109883
0.135927
0.133495
0.111123
0.114532
0.15352
0.0977492
0.435584
0.130514
0.106003
0.446876
0.105348
0.111144
0.0693578
0.108635
0.103573
0.0913452
0.151959
0.126944
0.277645
0.0679653
0.117711
0.0940471
0.541858
0.116709
0.0826795
0.0790695
0.067773
0.12456
0.223372
0.0714403
0.113414
0.0892527
0.084679
0.0892974
0.0979768
0.10214
0.592715
0.121928
0.39005
0.134685
0.0952848
0.0743395
0.255658
0.0883637
0.0872812
0.0657612
0.398828
0.291282
0.099841
0.400688
0.330848
0.352818
0.347124
