0.117997
0.126098
0.112401
0.109825
0.122543
0.11356
0.100407
0.104003
0.110672
0.126059
0.111961
0.147746
0.148058
0.152926
0.159318
0.148529
0.160226
0.162601
0.153617
0.169508
0.169246
0.161769
0.237706
0.200798
0.202658
0.207512
0.192819
0.205446
0.22585
0.23708
0.206938
0.21645
0.20544
0.285628
0.269538
0.299956
0.273344
0.257737
0.302588
0.275772
0.314872
0.291525
0.324326
0.329784
0.351589
0.331364
0.363611
0.364348
0.364808
0.359695
0.364289
0.401905
0.411455
0.369065
0.387213
0.42993
0.369227
0.365762
0.388479
0.354702
0.317848
0.440967
0.328958
0.404761
0.396785
0.477924
0.392638
0.391701
0.504948
0.380562
0.407119
0.336432
0.42996
0.369414
0.448437
0.396757
0.382619
0.450038
0.409974
0.440672
0.336183
0.403078
0.397908
0.48793
0.340744
0.366395
0.369792
0.343652
0.386056
0.438741
0.335767
0.397756
0.340071
0.32902
0.444838
0.373968
0.351804
0.371283
0.462553
0.32913
0.391283
0.396954
0.360916
0.367327
0.373006
0.48081
0.361679
0.407748
0.322571
0.299878
0.49091
0.441894
0.383559
0.415351
0.43602
0.373051
0.393725
0.441835
0.410776
0.355111
0.341379
0.424744
0.347093
0.441842
0.35283
0.363847
0.359605
0.411107
0.316277
0.427796
0.434859
0.361073
0.405211
0.40516
0.4203
0.397519
0.397841
0.442939
0.376554
0.455641
0.357117
0.353782
0.41967
0.374163
0.397467
0.356369
0.371682
0.457758
0.425309
0.408515
0.419661
0.478815
0.48318
0.457611
