0.0602078
0.117035
0.122287
0.152259
0.092203
0.0838783
0.130311
0.116609
0.0836726
0.100246
0.11761
0.108154
0.128332
0.0959499
0.12311
0.0965454
0.0977884
0.115122
0.0998343
0.0858281
0.0989591
0.136185
0.123179
0.135124
0.110631
0.113432
0.112463
0.112258
0.172121
0.3908
0.105177
0.312679
0.262503
0.416935
0.425414
0.395189
0.4228
0.445012
0.479438
0.394816
0.416196
0.124728
0.427726
0.496741
0.326587
0.500505
0.461335
0.473015
0.490835
0.514621
0.484429
0.454509
0.480736
0.518677
0.368782
0.363234
0.335096
0.506764
0.414087
0.472683
0.510534
0.400614
0.359051
0.443815
0.312992
0.567256
0.385622
0.441285
0.439107
0.360191
0.350684
0.320492
0.398516
0.351861
0.363182
0.0835693
0.122904
0.427253
0.108467
0.138922
0.145017
0.262442
0.121655
0.132017
0.325884
0.113052
0.106045
0.098574
0.141633
0.0935533
0.136381
0.10595
0.14143
0.0885031
0.102434
0.389765
0.473907
0.13237
0.112095
0.110281
0.0729406
0.0840416
0.114393
0.129061
0.0852927
0.0975703
0.0607487
0.118117
0.0963583
0.0801046
0.391613
0.0880128
0.0660094
0.102097
0.110965
0.0640541
0.0987252
0.440903
0.0909597
0.0939689
0.0897188
0.117075
0.160125
0.404836
0.067195
0.11399
0.0820707
0.12408
0.31523
0.139179
0.039157
0.105046
0.0773409
0.125574
0.41532
0.0985494
0.118482
0.10364
0.109856
0.337924
0.152241
0.161493
0.104627
0.106154
0.0997506
0.0950987
0.114648
0.422965
0.107173
0.123719
0.0600734
0.115081
0.10412
0.121101
