0.0336063
0.0688803
0.0440708
0.049292
0.0345209
0.0353134
0.0626525
0.0226262
0.0376108
0.0408182
0.0300958
0.0535208
0.0216683
0.02335
0.043354
0.0765469
0.0428703
0.0371688
0.0462312
0.0445628
0.0303961
0.0628512
0.227293
0.239474
0.213387
0.24536
0.21965
0.213243
0.175843
0.177599
0.212516
0.0985044
0.214874
0.320215
0.324986
0.314813
0.30909
0.202887
0.295716
0.300521
0.35673
0.255396
0.345262
0.335744
0.36104
0.336936
0.287562
0.34468
0.301184
0.298185
0.134353
0.370676
0.318701
0.0945861
0.492605
0.146076
0.38782
0.136305
0.150211
0.160729
0.154199
0.238295
0.1159
0.223101
0.160052
0.141566
0.27489
0.157169
0.139662
0.132653
0.335809
0.118573
0.297856
0.183171
0.143426
0.0498305
0.0346053
0.0315619
0.175877
0.0232597
0.0699012
0.0152052
0.0338578
0.184199
0.0502672
0.0428875
0.0289654
0.0221657
0.0560223
0.0399114
0.0236384
0.115928
0.0497196
0.0371057
0.0637637
0.0230732
0.0474283
0.0463084
0.228046
0.0218714
0.0358122
0.0593658
0.0521967
0.00145315
0.0291074
0.0493028
0.0559203
0.230351
0.0343034
0.0538663
0.118665
0.130045
0.0416154
0.0188217
0.0236179
0.0538211
0.153619
0.0559763
0.049473
0.0305818
0.0909047
0.0430388
0.0671771
0.238183
0.0541926
0.0707766
0.0726975
0.0352776
0.0659488
0.0342548
0.0455822
0.0542788
0.00848622
0.038752
0.0375243
0.0549683
0.0632798
0
0.0567598
0.224995
0.0348182
0.0446968
0.0364934
0.0600179
0.0175279
0.0432792
0.0546426
0.0709327
0.0339299
0.013431
0.0653754
0.0543303
0.022372
0.0470914
