0.182519
0.205227
0.188777
0.197106
0.185121
0.202657
0.206949
0.206153
0.219447
0.19798
0.18824
0.237453
0.201765
0.230105
0.226927
0.208237
0.206886
0.234211
0.221493
0.187765
0.215707
0.205667
0.21063
0.176957
0.171566
0.210353
0.195964
0.266637
0.199584
0.260931
0.217676
0.234543
0.256657
0.200936
0.179102
0.174388
0.209528
0.20981
0.166777
0.264517
0.159826
0.283137
0.25237
0.142542
0.110953
0.21704
0.0869552
0.121038
0.107318
0.156659
0.147251
0.101747
0.163014
0.18841
0.218125
0.142204
0.286733
0.151635
0.153339
0.100028
0.193316
0.150959
0.213824
0.172704
0.134632
0.215475
0.226619
0.125268
0.137527
0.119089
0.171563
0.269393
0.159025
0.148319
0.12371
0.125254
0.166135
0.114431
0.230841
0.13708
0.152468
0.153244
0.123815
0.193645
0.176396
0.251211
0.133095
0.11739
0.175297
0.106023
0.13809
0.123714
0.144885
0.263534
0.180616
0.175562
0.184568
0.165343
0.228653
0.12526
0.146005
0.145877
0.177639
0.146303
0.129152
0.128187
0.165043
0.198705
0.110953
0.11887
0.173748
0.132919
0.150958
0.12279
0.117012
0.155226
0.236625
0.163971
0.163755
0.191555
0.124508
0.148485
0.116559
0.211498
0.0866991
0.105028
0.117161
0.120979
0.168174
0.165161
0.155075
0.112968
0.175825
0.195519
0.115681
0.146381
0.173199
0.152063
0.193415
0.231387
0.163678
0.178281
0.136575
0.172256
0.210267
0.175124
0.276671
0.162643
0.188728
0.178958
0.247813
0.265421
0.231844
0.241457
