6.93889e-18
6.93889e-18
0.00170587
0.00217945
0.0014
0.000994987
0.000994987
0.00170587
0.00170587
0.0014
0.00170587
0.000994987
0.00170587
0.000994987
0.000994987
0.00195959
0.00170587
0.00170587
0.00237487
0.0014
0.00170587
0.0014
0.00458258
0.00453762
0.00466476
0.00491833
0.00466476
0.00462493
0.00470213
0.00414246
0.00420833
0.00473709
0.00470213
0.00448999
0.00433013
0.00462493
0.00470213
0.0047697
0.00466476
0.00448999
0.00453762
0.00495076
0.00497494
0.00491833
0.00366606
0.00346987
0.004
0.00438634
0.00375633
0.00407308
0.00433013
0.00438634
0.00375633
0.00366606
0.00195959
0.0014
0.00485386
0.00217945
0.00195959
0.00237487
0.00217945
0.00255147
0.00237487
0.00286182
0.000994987
0.00346987
0.0014
0.00170587
0.00392301
0.00195959
0.000994987
0
0.00217945
0
0.00217945
0
0
0.00286182
0
0.00195959
0.0014
0.00170587
0.00195959
0.00346987
0.000994987
0.0014
0.000994987
0.000994987
0
0.00286182
0.0014
0.000994987
0
0.000994987
0
0.00195959
0.000994987
0.00375633
0
0.0014
0
0.00170587
0
0.000994987
0.00255147
0
0.000994987
0.00217945
0.000994987
0
0.00346987
0.000994987
0.000994987
0.000994987
0
0.000994987
0.000994987
0
0.00217945
0.000994987
0
0.0014
0.0014
0.00324962
0.000994987
0.000994987
0
0
0.0014
0.00217945
0.00170587
0.0014
0.000994987
0
0.00324962
0
0.000994987
0
0.000994987
0.00237487
0
0
0.00170587
0
0
0
0
0.00286182
0.00286182
0
0.00170587
0.00324962
0.00271293
0.00271293
