0.00844813
0.0159085
0.0380325
0.012075
0.00503122
0.0011235
0.00599908
0
0
0
0.0316172
0.116955
0.109895
0.0252394
0.0940757
0.0187369
0.0207908
0.0363233
0.0884424
0.0234626
0.00550674
0.121121
0.217376
0.319166
0.233472
0.179532
0.472254
0.270831
0.324314
0.401294
0.250088
0.235027
0.0180106
0.335607
0.443031
0.318875
0.42113
0.440218
0.174079
0.358193
0.387588
0.145349
0.42021
0.373798
0.431723
0.258177
0.112866
0.343759
0.268205
0.30498
0.346751
0.188955
0.197271
0.18518
0.375148
0.180627
0.364668
0.187565
0.0925138
0.338167
0.176762
0.218655
0.0810402
0.00181983
0.0932561
0.091562
0.350541
0.106288
0.0960661
0.0912933
0.00194787
0.0846451
0.195759
0.106424
0.0626565
0
0.0116347
0.00780763
0.00803071
0.00129937
0.000473879
0
0.00470282
0.262454
0.00430677
0.081087
0
0.0220878
0
0.0189934
0.00499039
0
0.174335
0
0.0103512
0.00389799
0.000270684
0.00418253
0.159812
0.013064
0.00990245
0
0.00342664
0
0.000840348
0.0172071
0
0
0.00807236
0
0
0.00439166
0
0
0
0.00423978
0.00577804
0.00431246
0
0.00561661
0.000775267
0.00109718
0.0206273
0.166144
0.0102914
0
0.00350234
0
0.00197315
0
0
0.00127347
0
0
0
0
0.0016513
0.0751074
0
0
0.0152545
0
0.00322834
0
0
0.00389929
0.035312
0
0
0.00212503
0.000386884
0.0075217
0.0129788
0.0768212
