0.738954
0.754093
0.738727
0.749275
0.741127
0.766432
0.654817
0.685957
0.761249
0.690481
0.723498
0.563679
0.492874
0.599197
0.640473
0.65828
0.607932
0.620402
0.504355
0.580944
0.536193
0.576078
0.305972
0.327484
0.293971
0.330084
0.350448
0.303347
0.32174
0.368694
0.275799
0.367969
0.477764
0.137154
0.142394
0.129974
0.141219
0.13807
0.152172
0.206362
0.160663
0.260138
0.177711
0.105116
0.223693
0.0873485
0.0933453
0.134448
0.0650695
0.084726
0.0995443
0.213037
0.0664695
0.115815
0.0152132
0.0132723
0
0.318442
0
0
0.0745813
0.0128521
0.00722309
0.000887007
0
0.0145296
0.0240701
0
0.121892
0.00227209
0
0.0192756
0
0.000844089
0
0
0
0.0959083
0
0
0.00617607
0.00704416
0.0115788
0.171959
0.00515165
0
0
0.00465745
0.00277773
0.0277127
0.0141729
0
0
0.0129174
0.00231091
0.00205935
0.017444
0.000169573
0
0.0120317
0.00670843
0
0.0102138
0
0.0047248
0
0.00809217
0.00119439
0.00786935
0.0103616
0.268242
0
0.00711216
0
0.00262594
0.00572823
0.0217101
0.00108828
0.115786
0
0.0230869
0.00601459
0
0.0877336
0
0.00764567
0
0
0
0.00649477
0.00419031
0
3.76252e-05
0.00208202
0.167351
0.00738847
0.00593566
0.0066885
0.000309891
0.0259985
0.0105816
0
0
0.00472314
0.00740167
0.00488235
0.0116011
0.000814997
0.169306
0
0
0.091134
0.0204453
0.0958957
