0.805667
0.808733
0.799786
0.79166
0.8043
0.814119
0.783939
0.8025
0.796117
0.793513
0.793782
0.78343
0.778874
0.799083
0.783993
0.7777
0.776281
0.772194
0.798455
0.761864
0.76351
0.793182
0.665099
0.680198
0.695836
0.680202
0.640272
0.631249
0.647565
0.68213
0.633332
0.682097
0.702115
0.523382
0.531667
0.533199
0.528202
0.521459
0.549359
0.507603
0.484377
0.539985
0.485918
0.636263
0.351117
0.390559
0.36717
0.359365
0.442168
0.397558
0.364481
0.440617
0.457549
0.316012
0.197921
0.193013
0.499203
0.158573
0.179259
0.176755
0.116372
0.208368
0.150844
0.24361
0.208611
0.303801
0.186654
0.193809
0.378663
0.171295
0.197299
0.140703
0.252699
0.162299
0.286844
0.168757
0.186819
0.253259
0.219143
0.222199
0.145804
0.208157
0.205485
0.351566
0.131681
0.181782
0.159883
0.136913
0.207497
0.224728
0.119511
0.191322
0.135112
0.133307
0.265403
0.194267
0.146746
0.17422
0.31424
0.127644
0.17805
0.192981
0.175625
0.169912
0.176781
0.3178
0.169097
0.200673
0.124417
0.105987
0.323956
0.258175
0.174408
0.222862
0.239268
0.177674
0.181293
0.260433
0.209717
0.153348
0.138793
0.198612
0.153319
0.231658
0.161596
0.161949
0.152313
0.20786
0.108577
0.24044
0.216123
0.149911
0.214717
0.20675
0.249407
0.194768
0.188529
0.261051
0.151525
0.259739
0.137489
0.135298
0.206305
0.186552
0.174961
0.157757
0.161958
0.276973
0.242683
0.195745
0.199347
0.319936
0.295053
0.261594
