0.678887
0.734669
0.669027
0.77045
0.69993
0.649883
0.680779
0.728586
0.739102
0.752306
0.751942
0.465979
0.470266
0.468999
0.427045
0.399162
0.457246
0.420433
0.476152
0.471203
0.435564
0.4803
0.220351
0.241003
0.225203
0.240005
0.216438
0.227714
0.198104
0.312851
0.244439
0.253799
0.574004
0.231474
0.186196
0.234134
0.221871
0.252894
0.240899
0.212461
0.266816
0.226593
0.255868
0.295837
0.190199
0.244593
0.210574
0.272725
0.208317
0.222803
0.191399
0.31013
0.217252
0.19896
0.219438
0.220881
0.323407
0.186363
0.233406
0.238571
0.200833
0.215623
0.201136
0.215652
0.258834
0.243068
0.222946
0.238693
0.226771
0.324968
0.210364
0.232483
0.197363
0.166429
0.24597
0.190041
0.193943
0.2106
0.226398
0.218743
0.234315
0.232404
0.231352
0.217769
0.254621
0.186069
0.262487
0.247276
0.217469
0.219317
0.22322
0.232939
0.199426
0.214382
0.213461
0.22172
0.239473
0.194879
0.220871
0.204949
0.221926
0.206604
0.189998
0.215652
0.203869
0.212817
0.222476
0.237368
0.226187
0.230232
0.198819
0.2207
0.220019
0.218865
0.246613
0.209936
0.251756
0.239662
0.229471
0.21594
0.246559
0.222508
0.20074
0.299426
0.205875
0.217369
0.265197
0.18716
0.226673
0.247629
0.174811
0.244894
0.228855
0.212005
0.392959
0.2412
0.199424
0.218309
0.162451
0.340238
0.18111
0.223197
0.182771
0.229728
0.223795
0.238494
0.204279
0.306022
0.332039
0.251165
0.317349
0.417139
0.31572
0.314421
