0.0992332
0.0714475
0.0918087
0.105304
0.13916
0.0747151
0.125914
0.0805088
0.0539703
0.100024
0.109217
0.128115
0.185688
0.144846
0.163767
0.264094
0.0910851
0.0745824
0.0939886
0.0980351
0.0844836
0.472243
0.52369
0.488152
0.454729
0.557125
0.500082
0.508346
0.497253
0.562807
0.524142
0.500029
0.50449
0.459909
0.491174
0.486399
0.484138
0.452384
0.43116
0.49922
0.548726
0.513214
0.43706
0.523005
0.459055
0.439377
0.412636
0.375905
0.396009
0.416997
0.449036
0.457194
0.465815
0.431344
0.102486
0.120586
0.561624
0.0767802
0.082745
0.129787
0.117864
0.0730647
0.0674972
0.0943346
0.0989354
0.479694
0.105385
0.0835126
0.46075
0.153625
0.34829
0.100562
0.125923
0.112606
0.0962733
0.144181
0.10676
0.121528
0.101008
0.0650525
0.105861
0.0725953
0.116974
0.527767
0.131855
0.110705
0.0577584
0.133578
0.064177
0.311643
0.095665
0.0980018
0.133611
0.140021
0.109863
0.117799
0.0998741
0.0894174
0.134268
0.131972
0.078405
0.109701
0.0657734
0.110934
0.318533
0.130957
0.108946
0.120111
0.110975
0.0773998
0.310037
0.111221
0.119697
0.122713
0.0984339
0.133726
0.110584
0.130824
0.117797
0.14525
0.0918092
0.146769
0.137305
0.393524
0.146368
0.0709851
0.096241
0.0799059
0.0922113
0.131264
0.106898
0.115394
0.108937
0.0942712
0.308877
0.112708
0.114643
0.0775534
0.100624
0.0977997
0.112708
0.0973734
0.124173
0.118124
0.0912385
0.0964122
0.137265
0.31167
0.0574011
0.453571
0.0595648
0.0757886
0.122757
0.133531
