0.90762
0.877635
0.914063
0.895061
0.899603
0.910503
0.918129
0.904551
0.898957
0.907965
0.905819
0.744685
0.743714
0.762871
0.738462
0.781957
0.752509
0.756102
0.73054
0.743951
0.755006
0.76087
0.509219
0.468014
0.51954
0.517288
0.532709
0.493933
0.490697
0.526599
0.484007
0.566487
0.577179
0.232018
0.276278
0.269703
0.339792
0.251406
0.256183
0.308787
0.271202
0.323779
0.359323
0.168884
0.42587
0.163457
0.186911
0.17862
0.15343
0.173336
0.175383
0.328477
0.241364
0.20309
0.0792555
0.0499994
0.0479131
0.426288
0.0672538
0.0699793
0.10609
0.0826431
0.0517365
0.102735
0.0412746
0.160739
0.0436286
0.0476938
0.247707
0.0489997
0.0449208
0.0690364
0.0477598
0.0461848
0.0569712
0.0495318
0.0338596
0.0677791
0.0455533
0.0467623
0.047191
0.0479771
0.0600518
0.0402179
0.179666
0.0523841
0.0389294
0.0462322
0.0499393
0.113834
0.0484171
0.045207
0.0546963
0.0409347
0.0409727
0.0619395
0.151377
0.048556
0.0375603
0.0535107
0.0345687
0.0519008
0.0423589
0.0484704
0.0518875
0.0720331
0.0453385
0.0452586
0.0258553
0.0366673
0.131849
0.0416224
0.0402797
0.0389112
0.0405207
0.0409346
0.0406591
0.0601145
0.0580254
0.0391979
0.0486643
0.049464
0.0452543
0.0868672
0.0463081
0.0348805
0.042953
0.0310795
0.0462171
0.0468059
0.0438231
0.0376686
0.0435327
0.0446742
0.0683231
0.0538213
0.0395271
0.0399317
0.045235
0.0915946
0.039772
0.0384489
0.0611259
0.045242
0.0341069
0.0481016
0.0396027
0.103298
0.0399291
0.0628509
0.0418231
0.0986239
0.0547029
0.0931541
