0.01
0.01
0.01
0.01
0.01
0.01
0.01
0.01
0.01
0.01
0.01
0.01
0.01
0.01
0.01
0.01
0.01
0.0099
0.01
0.01
0.01
0.01
0.01
0.01
0.0099
0.0099
0.0099
0.0099
0.0099
0.01
0.0099
0.0098
0.01
0.0095
0.0094
0.0094
0.0094
0.0095
0.0092
0.0095
0.0095
0.0098
0.0097
0.0072
0.0081
0.0093
0.0075
0.0078
0.008
0.0081
0.0087
0.0079
0.0083
0.002
0.0088
0.0026
0.0085
0.0028
0.0026
0.003
0.0028
0.0037
0.0027
0.0044
0.0012
0.001
0.0055
0.0015
0.0007
0.0023
0.0019
0.0013
0.0058
0.0012
0.0015
0.0002
0.0005
0.0008
0.0037
0.0003
0.0014
0.0004
0.0013
0.0061
0.0012
0.0017
0.0006
0.0002
0.0003
0.0008
0.0018
0.0021
0.0009
0.0004
0.0006
0.0014
0.0002
0.0006
0.0044
0.0003
0.0011
0.0005
0.0007
0.0006
0.0003
0.0013
0.0005
0.0027
0.0004
0.0004
0.0041
0.0008
0.0007
0.0004
0.0003
0.0003
0.0025
0.0006
0
0.0012
0.0003
0.0007
0.0003
0.0039
0.0004
0.0004
0.0001
0.0003
0.0002
0.0015
0.001
0.0002
0.0004
0
0.0004
0
0.0001
0.0025
0
0.0018
0.0002
0
0.0009
0.0008
0.0001
0.0002
0.0001
0.0036
0.001
0.0008
0.0026
0.0027
0.0018
0.0035
