0
0
0
0
0
0
0
0
0
0
0
0
0
0
0
0
0
0
0
0
0
0
0
0
0
0
0
0
0
0
0
0
0
0.237487
0.170587
0.0994987
0
0
0
0
0
0
0
0
0.324962
0.237487
0.271293
0.0994987
0
0
0.0994987
0
0.195959
0.170587
0.0994987
0.433013
0.470213
0.407308
0.448999
0.414246
0.366606
0.375633
0.438634
0.414246
0.324962
0.4
0.499099
0.5
0.48775
0.491833
0.414246
0.433013
0.462493
0.482804
0.48
0.443959
0.470213
0.495076
0.496387
0.489898
0.4999
0.495076
0.497494
0.47697
0.472656
0.497477
0.497494
0.491833
0.482804
0.495076
0.5
0.489898
0.493559
0.495076
0.4996
0.499099
0.498397
0.497494
0.493559
0.499099
0.489898
0.47697
0.4996
0.499099
0.453762
0.485386
0.453762
0.497494
0.489898
0.482804
0.462493
0.458258
0.489898
0.499099
0.466476
0.495076
0.493409
0.48775
0.490142
0.489898
0.4999
0.48
0.48775
0.497494
0.48775
0.499099
0.482804
0.48775
0.5
0.496387
0.4999
0.493559
0.466476
0.491833
0.491833
0.493559
0.495076
0.485386
0.48775
0.493559
0.495076
0.497477
0.493268
0.462493
0.448999
0.420833
0.470213
0.497494
0.4996
0.448999
0.473709
0.47697
0.499099
0.499099
