8.157
8.157
8.157
8.157
8.157
8.157
8.157
8.157
8.157
8.157
8.157
8.171
8.156
8.141
8.141
8.142
8.141
8.144
8.14
8.148
8.152
8.139
8.284
8.309
8.292
8.253
8.25
8.25
8.25
8.25
8.247
8.272
8.256
8.43
8.386
8.398
8.343
8.341
8.346
8.338
8.343
8.376
8.351
8.351
8.67
8.6
8.473
8.578
8.476
8.476
8.47
8.492
8.489
8.504
8.547
10.023
9.895
9.256
9.683
9.274
9.247
9.244
9.314
9.297
9.335
9.424
10.723
10.845
10.224
10.618
10.228
10.248
10.226
10.297
10.337
10.266
10.475
11.084
10.952
10.798
10.81
10.812
10.81
10.813
10.806
10.807
10.811
10.797
10.957
10.96
10.977
10.99
10.993
10.996
10.99
10.987
10.993
10.99
10.964
11.033
11.043
11.096
11.115
11.118
11.118
11.117
11.117
11.116
11.113
11.111
10.768
11.145
11.167
11.177
11.176
11.177
11.167
11.173
11.177
11.176
11.17
10.81
10.508
11.049
10.544
11.049
11.057
10.996
10.453
10.987
10.461
10.717
9.067
9.638
8.18
8.759
8.18
8.18
8.754
8.18
8.18
8.18
8.18
9.657
9.261
8.467
8.18
8.18
8.18
8.18
8.18
8.18
8.18
8.18
