21.696
21.736
21.727
21.701
21.728
21.716
21.731
21.723
21.725
21.753
21.735
21.819
21.834
21.821
21.828
21.845
21.846
21.824
21.829
21.832
21.84
21.831
21.86
21.85
21.851
21.847
21.841
21.845
21.86
21.843
21.859
21.856
21.854
21.909
21.892
21.884
21.894
21.875
21.889
21.871
21.894
21.867
21.871
21.877
21.907
21.908
21.922
21.925
21.885
21.897
21.919
21.886
21.915
21.9
21.896
22.067
22.097
22.044
22.099
22.023
22.036
22.104
22.042
22.042
21.998
22.004
22.242
22.225
22.229
22.194
22.184
22.182
22.152
22.22
22.263
22.188
22.114
22.375
22.441
22.334
22.404
22.313
22.406
22.27
22.306
22.333
22.386
22.391
22.571
22.596
22.501
22.397
22.52
22.589
22.503
22.523
22.525
22.493
22.485
22.777
22.78
22.681
22.726
22.573
22.737
22.665
22.643
22.651
22.602
22.593
22.868
22.795
22.747
22.735
22.749
22.691
22.642
22.685
22.786
22.72
22.677
22.942
22.997
22.863
22.739
22.8
22.949
22.747
22.787
22.727
22.86
22.817
23.097
22.961
22.961
22.805
22.84
22.857
22.863
22.928
22.848
22.898
22.797
23.098
23.035
22.953
23.025
22.907
22.983
22.935
22.927
22.987
22.906
22.932
