0.176703
0.17573
0.175625
0.17573
0.177102
0.177102
0.176703
0.177102
0.177102
0.178112
0.177102
1.35769
0.497108
0.495646
0.920196
0.498687
0.498687
0.498687
0.489642
0.499203
0.536851
0.512103
0.498618
0.498618
0.498618
0.498618
0.498618
0.498618
0.498618
0.498618
0.498618
0.498618
0.498618
0.498618
0.498618
0.498618
0.498618
0.498618
0.498618
0.498618
0.498618
0.498618
0.498618
0.498618
0.498618
0.498618
0.498618
0.498618
0.498618
0.498618
0.498618
0.498618
0.498618
0.498618
0.498618
0.498618
0.498618
0.498618
0.498618
0.498618
0.498618
0.498618
0.498618
0.498618
0.498618
0.498618
0.498618
0.498618
0.498618
0.498618
0.498618
0.498618
0.498618
0.498618
0.498618
0.498618
0.498618
0.498618
0.498618
0.498618
0.498618
0.498618
0.498618
0.498618
0.498618
0.498618
0.498618
0.498618
0.498618
0.498618
0.498618
0.498618
0.498618
0.498618
0.498618
0.498618
0.498618
0.498618
0.498618
0.498618
0.498618
0.498618
0.498618
0.498618
0.498618
0.498618
0.498618
0.498618
0.498618
0.498618
0.498618
0.498618
0.498618
0.498618
0.498618
0.498618
0.498618
0.498618
0.498618
0.498618
0.498618
0.498618
0.498618
0.498618
0.498618
0.498618
0.498618
0.498618
0.498618
0.498618
0.498618
0.498618
0.498618
0.498618
0.498618
0.498618
0.498618
0.498618
0.498618
0.498618
0.498618
0.498618
0.498618
0.498618
0.498618
0.498618
0.498618
0.498618
0.498618
0.498618
0.498618
0.498618
0.498618
0.498618
