21.36
21.36
21.36
21.36
21.36
21.36
21.36
21.36
21.36
21.36
21.36
21.94
21.58
21.58
21.58
21.58
21.58
21.58
21.58
21.58
21.58
21.58
21.58
21.58
21.58
21.58
21.58
21.58
21.58
21.58
21.58
21.58
21.58
21.58
21.58
21.58
21.58
21.58
21.58
21.58
21.58
21.58
21.58
21.58
21.58
21.58
21.58
21.58
21.58
21.58
21.58
21.58
21.58
21.58
21.58
21.58
21.58
21.58
21.58
21.58
21.58
21.58
21.58
21.58
21.58
21.58
21.58
21.58
21.58
21.58
21.58
21.58
21.58
21.58
21.58
21.58
21.58
21.58
21.58
21.58
21.58
21.58
21.58
21.58
21.58
21.58
21.58
21.58
21.58
21.58
21.58
21.58
21.58
21.58
21.58
21.58
21.58
21.58
21.58
21.58
21.58
21.58
21.58
21.58
21.58
21.58
21.58
21.58
21.58
21.58
21.58
21.58
21.58
21.58
21.58
21.58
21.58
21.58
21.58
21.58
21.58
21.58
21.58
21.58
21.58
21.58
21.58
21.58
21.58
21.58
21.58
21.58
21.58
21.58
21.58
21.58
21.58
21.58
21.58
21.58
21.58
21.58
21.58
21.58
21.58
21.58
21.58
21.58
21.58
21.58
21.58
21.58
21.58
21.58
