0.380797
0.380797
0.380797
0.380797
0.380797
0.380797
0.380797
0.380797
0.380797
0.380797
0.380797
0.560141
0.52214
0.424225
0.420259
0.424994
0.419166
0.454757
0.436703
0.43769
0.489263
0.432326
0.689595
0.746486
0.692977
0.479549
0.481067
0.480002
0.487264
0.601547
0.538766
0.62627
0.496532
0.717027
0.80384
0.810074
0.655999
0.640335
0.655524
0.676393
0.647411
0.767966
0.732279
0.664825
0.800361
0.809979
0.759288
0.818573
0.768191
0.766339
0.758532
0.798376
0.772519
0.810413
0.828008
0.809487
0.81424
0.860942
0.825784
0.857408
0.860297
0.860135
0.85538
0.845464
0.836573
0.832656
0.729726
0.816029
0.867467
0.824231
0.863263
0.858302
0.865793
0.843288
0.837368
0.851009
0.83429
0.730551
0.818819
0.74326
0.866991
0.861891
0.867018
0.857527
0.83704
0.845102
0.849775
0.832789
0.650131
0.819102
0.826626
0.870622
0.865371
0.838949
0.866717
0.855366
0.842711
0.848137
0.834619
0.811401
0.818759
0.826284
0.872168
0.861314
0.865506
0.837972
0.842382
0.855286
0.848719
0.833468
0.650792
0.6533
0.825279
0.870445
0.861529
0.869472
0.837328
0.841763
0.856872
0.84957
0.83247
0.813406
0.736697
0.871091
0.825948
0.862242
0.865187
0.838324
0.843462
0.853464
0.834429
0.847089
0.652297
0.572578
0.868979
0.743888
0.861441
0.865544
0.838694
0.844101
0.855341
0.833473
0.847931
0.570739
0.736028
0.82762
0.866417
0.859726
0.840473
0.863871
0.838115
0.851382
0.833768
0.847436
