0.380797
0.380797
0.380797
0.380797
0.380797
0.380797
0.380797
0.380797
0.380797
0.380797
0.380797
0.435572
0.443814
0.396566
0.421702
0.40207
0.405561
0.402287
0.3996
0.403199
0.404527
0.399198
0.450466
0.514059
0.548151
0.465998
0.482897
0.459353
0.459492
0.460337
0.459377
0.456736
0.527357
0.374053
0.388932
0.449829
0.585917
0.580459
0.587682
0.602256
0.603243
0.570754
0.60139
0.596964
0.371485
0.372886
0.38332
0.616571
0.547645
0.713266
0.712305
0.662207
0.427218
0.681642
0.688484
0.315774
0.372964
0.381441
0.380705
0.380502
0.774565
0.41423
0.380636
0.689284
0.455925
0.603446
0.323661
0.365552
0.380793
0.369362
0.380782
0.532085
0.625699
0.380811
0.380784
0.432477
0.394256
0.346525
0.342717
0.380796
0.37318
0.457314
0.380795
0.380796
0.606095
0.380796
0.380804
0.425436
0.26275
0.354141
0.380797
0.373181
0.376989
0.524894
0.44026
0.380797
0.403662
0.380797
0.380798
0.274174
0.350333
0.380797
0.357949
0.41274
0.376989
0.380797
0.436377
0.380797
0.380797
0.380798
0.258942
0.323678
0.365565
0.380797
0.380797
0.406799
0.436444
0.380797
0.380797
0.38543
0.380797
0.312254
0.277982
0.346525
0.380797
0.390204
0.373181
0.413694
0.380797
0.380797
0.390171
0.380797
0.251326
0.31987
0.346525
0.380797
0.398173
0.394576
0.380797
0.376989
0.380797
0.380797
0.380797
0.304638
0.304638
0.380797
0.350333
0.380798
0.390192
0.380797
0.380797
0.380797
0.380797
0.385521
