0.639062
0.639062
0.639062
0.639062
0.639062
0.639062
0.639062
0.639062
0.639062
0.639062
0.639062
0.915915
0.958332
2.15258
1.43192
0.787972
1.21491
2.15567
2.34094
2.39351
1.61447
2.55869
2.10675
1.9892
1.43976
2.58959
2.05436
2.30651
2.04012
2.47475
2.02643
1.81
2.41008
1.69083
2.50647
2.33814
2.36432
1.04995
2.26707
2.13544
2.13825
2.11057
2.32327
2.48604
2.80045
2.79328
2.2941
2.15009
1.67797
2.25231
2.81823
2.84401
2.43113
2.28333
2.96978
2.08221
2.12906
2.32183
1.85677
2.21542
2.60261
2.40666
2.20672
2.17258
2.33589
2.2953
2.04411
2.4031
2.74554
2.31752
2.55595
3.30335
2.70276
3.05097
2.17184
2.59546
2.31905
2.44336
2.58884
2.71383
2.26382
2.77245
2.60233
2.14394
3.12698
2.54794
2.79215
2.71369
2.14383
2.41752
2.37268
2.33626
2.59584
3.00273
3.2733
2.39082
3.27122
2.32172
3.23742
2.16933
2.50338
2.51732
2.95515
2.5943
3.23927
2.95642
2.54576
2.61985
3.0171
2.89981
2.12153
2.21666
2.41207
2.42134
2.97496
2.32218
3.00666
2.44998
2.66526
2.89206
3.02728
2.20454
2.21215
2.33882
2.65247
2.71698
2.37579
2.57364
2.83866
2.27728
2.88298
2.63949
2.24802
2.4908
2.26541
2.81178
3.10195
3.03275
2.87821
2.6706
3.10187
3.07272
2.76624
2.48709
2.4996
2.96722
2.57566
2.83734
2.82248
2.59887
2.87696
2.64454
2.79134
2.95269
