0.214476
0.214476
0.214476
0.215474
0.214476
0.213
0.214476
0.214476
0.214476
0.214476
0.214476
0.153951
0.151608
0.178056
0.149987
0.163511
0.147309
0.148607
0.177564
0.149198
0.159063
0.148529
0.127106
0.182877
0.150602
0.140982
0.118106
0.111306
0.143164
0.119181
0.112805
0.155464
0.152237
0.333234
0.298498
0.287334
0.27368
0.234401
0.227059
0.271671
0.224457
0.236178
0.264424
0.205643
0.437229
0.332319
0.29986
0.341637
0.375313
0.346635
0.282163
0.341432
0.316356
0.317074
0.327355
0.447599
0.388453
0.502319
0.586301
0.441413
0.447978
0.384062
0.423962
0.543011
0.471852
0.475672
0.494413
0.730198
0.440465
0.505459
0.516915
0.545623
0.463081
0.473393
0.496794
0.459705
0.548995
0.424312
0.546078
1.00327
0.838723
0.582337
0.573691
0.498944
0.697588
0.63212
0.44862
0.470833
0.924955
1.0799
0.6993
0.742307
0.540929
0.601506
0.526708
0.563812
0.58936
0.82273
0.935364
1.3289
1.34478
0.537763
1.03136
0.475417
0.486637
0.887245
1.23263
0.665244
0.715319
0.888304
1.32672
2.09722
0.734613
1.93037
0.844659
0.772554
0.628714
0.672325
0.779074
0.370113
1.12862
2.36551
2.70791
0.743193
1.77788
0.663026
0.95834
1.62697
0.617255
0.730674
1.63703
1.66069
10.0924
1.63669
1.04536
2.1639
1.23908
1.13724
0.918732
1.4911
1.03009
1.86905
1.27708
7.96485
5.1687
4.74982
1.00473
1.1088
1.0206
1.49349
2.88117
2.07375
1.7423
1.18609
