0
0
0
0
0
0
0
0
0
0
0
0.328763
0.331438
0.522742
0.169565
0.434448
0.429097
0.608328
0.697324
0.611027
0.174247
0.521538
0.4301
0.431438
0.174916
0.541806
0.542809
0.544966
0.454086
0.728818
0.455386
0.445151
0.454086
0.175585
0.176589
0.0898543
0.55786
0.280061
0.376366
0.493687
0.379016
0.758788
0.367559
0.471597
0.262559
0.356171
0.358863
0.46633
0.371906
0.474856
0.569151
0.657382
0.366555
0.662089
0.566734
0.177592
0.0886288
0.373523
0.451171
0.18495
0.570324
0.57883
0.457191
0.283946
0.471943
0.757298
0.175585
0.176589
0.281256
0.362893
0.462483
0.483347
0.570633
0.564518
0.275022
0.584928
0.382778
0.356573
0.265886
0.279366
0.0901599
0.287014
0.572585
0.565877
0.49336
0.480601
0.107143
0.676112
0.264119
0.352843
0.381931
0.452154
0.092203
0.415016
0.395332
0.298654
0.475476
0.378513
0.472024
0.35009
0.265217
0.468566
0.362532
0.187285
0.225176
0.106623
0.319089
0.10064
0.380973
0.304715
0.525311
0.357604
0.270903
0.372575
0.366505
0.77057
0.571725
0.184899
0.283186
0.382749
0.47663
0.439952
0.442621
0.27255
0.563695
0.307021
0.368751
0.39836
0.372145
0.393499
0.291713
0.302472
0.352184
0.267862
0.180452
0.385787
0.292352
0.120866
0.277606
0.278934
0.386686
0.31066
0.382706
0.438753
0.446298
0.271375
0.560764
0.0993016
0.381682
0.276135
0.185858
0.569311
0.283993
0.194042
