0.0509387
0.0655701
0.0568363
0.0559838
0.0611473
0.0587342
0.0518724
0.0553298
0.056468
0.037785
0.050886
0.58938
0.654843
0.13002
0.122695
0.128276
0.125988
0.34931
0.127768
0.15367
0.13139
0.127902
0.00505569
0.00639609
0.0052259
0.00519519
0.0059127
0.00556776
0.00524976
0.00538424
0.00537029
0.00589491
0.00574108
0.00537029
0.00518073
0.00538424
0.00555968
0.00519615
0.00572276
0.00533948
0.00555968
0.00556417
0.00535164
0.00495076
0.00535164
0.00574108
0.00588558
0.00550999
0.0053768
0.00530943
0.00538145
0.00573672
0.00518073
0.00538424
0.00514879
0.00543691
0.00533948
0.00556417
0.00555968
0.00535164
0.00537029
0.00482804
0.00556687
0.0053619
0.0051923
0.00538145
0.004999
0.00482804
0.00567362
0.00574456
0.00554527
0.004999
0.00573672
0.00519519
0.00573672
0.0047697
0.0051923
0.00517204
0.00574369
0.00537029
0.00556776
0.00509902
0.00550999
0.0052915
0.00549454
0.0053619
0.00538424
0.00555338
0.00527162
0.00517204
0.00535164
0.00511762
0.00571314
0.00573672
0.0051614
0.0059127
0.00466476
0.00556776
0.00591523
0.00519519
0.0052915
0.00556687
0.00685274
0.00532541
0.00554527
0.00535164
0.0051923
0.00497494
0.00538424
0.00554527
0.0048775
0.00573672
0.00608194
0.00554527
0.00573672
0.00533948
0.00553534
0.00608194
0.00524976
0.0053768
0.00552359
0.00483632
0.0050309
0.00552359
0.0053619
0.00514879
0.00591608
0.00574108
0.00570175
0.00550999
0.00530943
0.00622495
0.00547723
0.00458258
0.00517204
0.00537029
0.00509902
0.00587452
0.0051342
0.00556687
0.00574108
0.0053619
0.00497494
0.0053768
0.00493559
0.00587452
0.00538424
0.0051614
0.00590847
0.0059127
0.00530943
0.00514879
0.00538424
0.0059127
