0.00236149
0.00271514
0.00228921
0.0024112
0.00318388
0.00232892
0.00229819
0.00358492
0.00247861
0.00287284
0.00229348
0.019806
0.0169132
0.015789
0.0102836
0.0117236
0.0139723
0.0106648
0.00993374
0.00922781
0.0105298
0.0106902
0.0352353
0.0279843
0.0193426
0.0250415
0.0190139
0.0190811
0.0181818
0.017077
0.0176013
0.0239848
0.0155079
0.0472929
0.0451005
0.0337084
0.0253414
0.0270946
0.0223095
0.0209078
0.0204519
0.0281701
0.0226992
0.0204093
0.0549991
0.0564577
0.0282526
0.0385483
0.0314666
0.0261904
0.0287208
0.0259256
0.0283428
0.0362544
0.0206037
0.0813488
0.0832856
0.0444009
0.0650158
0.0450768
0.0359134
0.0388792
0.0377917
0.0440846
0.0416396
0.0346794
0.0943996
0.0896337
0.0477584
0.0760142
0.0434511
0.0502421
0.0505396
0.0355008
0.036055
0.0688537
0.0372032
0.124643
0.115477
0.0502155
0.0890779
0.0374089
0.0696162
0.034586
0.0476034
0.0563657
0.0382938
0.0391571
0.126854
0.108673
0.042574
0.0850657
0.0640047
0.0354684
0.0386842
0.0318671
0.0521526
0.0306527
0.0336035
0.137298
0.11667
0.081092
0.0387534
0.0750055
0.0258822
0.0338896
0.0217495
0.0534217
0.0314273
0.029321
0.124979
0.108659
0.0920088
0.0399007
0.016845
0.063286
0.017327
0.0585699
0.025709
0.0229527
0.0259864
0.114841
0.0982819
0.0859161
0.0366941
0.0144077
0.0645991
0.0111252
0.0294756
0.0496157
0.0195387
0.0185448
0.0844179
0.0847372
0.0522456
0.00728056
1.14827e-44
1.09736e-44
0.0227523
0.0364188
0.00577671
0.00417052
1.01041e-44
0.0686222
0.0643811
1.01749e-44
1.10651e-44
0.0376381
1.06702e-44
0.000605172
0.0068916
1.06291e-44
1.0617e-44
1.06604e-44
