22.261
22.258
22.252
22.256
22.249
22.262
22.262
22.254
22.253
22.258
22.27
29.833
29.28
29.134
29.308
29.376
29.159
29.18
29.593
29.291
29.646
29.855
27.873
28.141
28.93
29.505
28.038
29.793
29.515
29.147
30.181
28.043
29.776
24.139
24.056
23.778
23.999
24.191
24.181
23.66
23.901
23.913
24.093
23.896
25.108
24.936
24.759
24.746
24.506
24.842
24.461
24.468
25.066
24.892
24.991
24.926
24.792
24.685
24.702
24.344
24.804
24.626
24.816
24.593
24.891
24.455
25.1
24.544
24.815
24.88
24.561
24.356
24.73
24.375
24.699
24.508
24.941
24.71
24.915
24.666
25.024
24.562
24.533
24.742
25.19
24.595
24.688
24.552
24.472
24.651
24.765
24.901
24.963
25.048
24.302
24.804
24.622
24.662
24.77
24.745
24.964
24.82
24.484
24.442
24.642
24.592
24.815
24.957
24.216
24.727
25.307
24.788
25.032
25.154
24.566
24.835
24.394
24.515
24.584
24.485
24.574
25.051
24.535
24.667
24.552
24.33
24.603
24.422
24.847
24.626
24.346
24.584
25.125
25.148
24.956
24.359
24.447
24.615
24.818
24.754
24.88
24.649
24.488
24.94
24.896
24.544
24.778
24.335
24.648
24.884
24.571
24.464
24.564
24.661
