4.11682e-16
4.11682e-16
4.11682e-16
4.11682e-16
4.11682e-16
4.11682e-16
4.11682e-16
4.11682e-16
4.11682e-16
4.11682e-16
4.11682e-16
0.0146729
0.00864761
0.00402913
0.00985331
0.00780591
0.000999819
0.0063995
0.00175669
0.00205136
0.00145285
0.00166086
0.0251086
0.0114458
0.0140613
0.00568943
0.00969108
0.00265034
0.000277228
0.00572367
0.000562837
0.00438094
0.0118393
0.0235308
0.0264317
0.0193545
0.00887527
0.00644159
0.00578119
0.00250411
0.00285691
0.0162145
0.00433694
0.00609235
0.0284435
0.0236407
0.020793
0.00679261
0.0101144
0.00492607
0.0043188
0.0114317
0.0209075
0.00391217
0.000300859
0.0439399
0.0244502
0.0101912
0.0313803
0.0196333
0.00228116
0.00505189
0.0141993
0.00518192
0.00428821
0.00622371
0.0544482
0.0469049
0.0214918
0.0347088
0.0204643
0.00600772
0.00291444
0.00978698
0.0175788
0.00258028
0.00806013
0.0468795
0.0498079
0.0171467
0.0288004
0.00767706
0.012598
0.0203431
0.00123167
0.0442945
0.0100306
0.0077514
0.0760646
0.043493
0.0252086
0.0531609
0.0316659
0.00596015
0.00596015
0.0119203
0.00596015
0.0217634
0.00596015
0.0659429
0.0924914
0.0256771
0.0509096
5.55112e-17
0.0474422
0.0178407
5.55112e-17
0.0376198
0.00715218
5.55112e-17
0.062316
0.0660988
0.0576093
0.0262397
0.054575
0.0111256
2.77556e-17
0.0299566
0.0166884
2.77556e-17
0.0149783
0.085755
0.0741404
0.0379396
0.012715
0.00953623
0.0686634
0.00953623
0.0305829
0.0222512
6.93889e-18
6.93889e-18
0.0588458
0.0548967
0.0531045
0
0
0
0.0103369
0.0103369
0
0
0
0.0524198
0.00304389
0
0
0
0
0
0
0
0
0
