0.0553534
0.0555338
0.0518073
0.0554527
0.0530943
0.0537029
0.0556417
0.0507839
0.052915
0.053619
0.0563826
0.0530943
0.0438634
0.048775
0.0505569
0.0462493
0.0510979
0.0443959
0.0483632
0.0487442
0.0507839
0.0482804
0.0538424
0.0577148
0.053619
0.0567803
0.0507839
0.0583095
0.0523355
0.0606218
0.0556776
0.053619
0.0554527
0.0407308
0.0447214
0.0437721
0.0427083
0.04
0.0346987
0.0462493
0.0417013
0.0392301
0.0384187
0.0460869
0.0310483
0.0172916
0.03
0.0198997
0.0286182
0.0286182
0.0255147
0.0241661
0.0349142
0.0244131
0.0170587
0.11241
0.102347
0.081111
0.0932684
0.08747
0.0897274
0.08544
0.0953939
0.107196
0.0944246
0.0934398
0.148926
0.145203
0.106447
0.147902
0.130445
0.112321
0.11389
0.122683
0.12685
0.12278
0.118979
0.183074
0.182568
0.154156
0.154997
0.165321
0.174539
0.18629
0.158884
0.162308
0.153555
0.174929
0.199126
0.242014
0.232506
0.255155
0.253494
0.221414
0.244743
0.217752
0.252212
0.221937
0.220624
0.272397
0.314954
0.28579
0.0221585
0.209609
2.4869e-14
0.00994987
2.4869e-14
0.0988484
2.4869e-14
2.4869e-14
0.318471
0.231799
0.111978
2.4869e-14
2.4869e-14
2.4869e-14
2.4869e-14
0.0298496
2.4869e-14
2.4869e-14
2.4869e-14
0.241518
0.079599
0.0298496
2.4869e-14
2.4869e-14
2.4869e-14
2.4869e-14
2.4869e-14
2.4869e-14
2.4869e-14
2.4869e-14
0.0198997
2.4869e-14
2.4869e-14
2.4869e-14
2.4869e-14
2.4869e-14
2.4869e-14
2.4869e-14
2.4869e-14
2.4869e-14
2.4869e-14
2.4869e-14
2.4869e-14
2.4869e-14
2.4869e-14
2.4869e-14
2.4869e-14
2.4869e-14
2.4869e-14
2.4869e-14
2.4869e-14
2.4869e-14
