0
0
0
0
0
0
0
0
0
0
0
0.4999
0.4996
0.466476
0.499099
0.470213
0.473709
0.438634
0.458258
0.47697
0.470213
0.458258
0.493559
0.4999
0.499099
0.485386
0.4999
0.462493
0.453762
0.470213
0.420833
0.4999
0.499099
0.489898
0.48
0.497494
0.48
0.497494
0.48
0.48
0.485386
0.485386
0.4996
0.491833
0.497494
0.496387
0.4999
0.493559
0.496387
0.48775
0.462493
0.462493
0.4996
0.485386
0.489898
0.48775
0.495076
0.470213
0.48775
0.5
0.471335
0.48
0.470213
0.4996
0.482804
0.497453
0.495076
0.4999
0.497494
0.4999
0.48804
0.479658
0.497494
0.490277
0.499099
0.480201
0.494681
0.493559
0.47697
0.491164
0.490536
0.483182
0.497912
0.483313
0.495175
0.497027
0.485822
0.49486
0.496387
0.485386
0.496168
0.4996
0.5
0.494428
0.477449
0.484501
0.491407
0.493298
0.488141
0.498397
0.493349
0.497326
0.488392
0.49636
0.4827
0.489412
0.479108
0.493704
0.485437
0.483575
0.496387
0.497494
0.498397
0.498006
0.483008
0.4996
0.480345
0.4999
0.497077
0.489876
0.472188
0.498119
0.484213
0.492065
0.478468
0.475058
0.492327
0.486068
0.487841
0.493691
0.486648
0.480062
0.49524
0.490194
0.495055
0.442953
0.466495
0.474668
0.470744
0.469554
0.453524
0.451593
0.486843
0.473709
0.484951
0.494908
0.4996
0.496207
0.498112
0.489898
0.494889
0.498567
0.484319
0.496803
