0.5
0.5
0.5
0.5
0.5
0.5
0.5
0.5
0.5
0.5
0.5
0.468176
0.465914
0.494256
0.496676
0.496903
0.496928
0.474096
0.491516
0.478639
0.487726
0.493579
0.455794
0.448963
0.452127
0.493102
0.496819
0.491496
0.496553
0.482111
0.484252
0.463519
0.49048
0.426997
0.448456
0.456502
0.497148
0.493979
0.49127
0.488796
0.496095
0.463965
0.475307
0.489168
0.42485
0.456304
0.497275
0.442847
0.492204
0.492538
0.496014
0.476048
0.485951
0.467882
0.458818
0.387738
0.416202
0.505998
0.440722
0.500142
0.501093
0.503287
0.49219
0.477277
0.472728
0.445479
0.420865
0.410766
0.516871
0.435498
0.508837
0.502914
0.513069
0.480899
0.471486
0.497313
0.447006
0.293409
0.364354
0.410049
0.496331
0.487303
0.494856
0.480777
0.444427
0.457542
0.47184
0.423499
0.264864
0.318095
0.350986
0.403985
0.401999
0.393055
0.403985
0.405972
0.401999
0.403985
0.390743
0.314209
0.337493
0.299087
0.284782
0.280014
0.280014
0.27763
0.282398
0.282398
0.287167
0.287167
0.257895
0.198956
0.16558
0.16558
0.168361
0.16558
0.187831
0.182268
0.16558
0.16558
0.171142
0.127565
0.104715
0.0463766
0.0816037
0.0463766
0.0495554
0.0559129
0.0371013
0.0400191
0.04028
0.041739
0.05325
0.0565651
0
0.0140434
0
0
0.0104674
0
0
0
0
0.0788163
0.0145772
0.00463766
0
0
0
0
0
0
0
0
