0.000573854
0.000628489
0.000625454
0.000605747
0.000546892
0.000722082
0.000549425
0.000691761
0.000611557
0.000570526
0.000671108
0.104417
0.089215
0.0165682
0.00421446
0.0119054
0.0041721
0.0777719
0.028114
0.0455123
0.0535566
0.0192763
1.05826e-44
1.06161e-44
1.06933e-44
1.11877e-44
9.90813e-45
1.02187e-44
1.00734e-44
1.10768e-44
1.09247e-44
1.05296e-44
1.08252e-44
1.09863e-44
1.08665e-44
1.14371e-44
1.11242e-44
1.02436e-44
1.04747e-44
1.05982e-44
1.12406e-44
1.04345e-44
1.03904e-44
1.09875e-44
1.06895e-44
1.10408e-44
1.08244e-44
1.03344e-44
1.13235e-44
1.01005e-44
1.12898e-44
1.15214e-44
1.13681e-44
1.03893e-44
1.08783e-44
1.15917e-44
1.11358e-44
1.06612e-44
1.02246e-44
1.033e-44
1.03656e-44
1.0294e-44
1.13569e-44
1.12322e-44
1.11978e-44
1.1185e-44
1.04944e-44
9.56077e-45
1.06931e-44
1.09338e-44
1.08842e-44
1.13796e-44
1.02723e-44
1.16173e-44
1.08157e-44
1.10312e-44
1.0496e-44
1.00391e-44
1.08198e-44
1.02257e-44
1.01112e-44
1.08193e-44
1.04952e-44
9.89187e-45
1.16458e-44
1.09483e-44
1.04013e-44
1.08023e-44
1.10834e-44
1.16522e-44
9.91207e-45
1.113e-44
1.11645e-44
1.16923e-44
1.0367e-44
1.05617e-44
1.001e-44
1.06767e-44
1.13732e-44
1.05881e-44
1.01918e-44
1.06782e-44
1.08108e-44
1.07202e-44
1.02101e-44
1.09631e-44
1.07655e-44
1.17489e-44
1.04806e-44
1.02371e-44
1.09225e-44
1.01804e-44
1.04684e-44
9.93179e-45
1.12128e-44
1.06512e-44
1.07764e-44
1.09867e-44
1.0707e-44
1.12694e-44
1.11359e-44
1.06157e-44
1.05201e-44
1.09936e-44
1.09358e-44
1.11263e-44
1.17344e-44
1.13654e-44
1.07205e-44
1.04523e-44
1.07459e-44
1.04201e-44
1.12593e-44
1.02534e-44
1.0622e-44
1.01512e-44
1.11543e-44
1.10707e-44
1.09262e-44
1.08087e-44
1.15211e-44
1.12452e-44
9.90964e-45
1.0394e-44
1.06955e-44
1.01645e-44
1.07111e-44
9.86886e-45
1.12525e-44
1.07446e-44
1.00798e-44
1.03984e-44
1.09362e-44
1.09603e-44
