8.32667e-16
8.32667e-16
8.32667e-16
8.32667e-16
8.32667e-16
8.32667e-16
8.32667e-16
8.32667e-16
8.32667e-16
8.32667e-16
8.32667e-16
0.0262915
0.0236659
0.0197081
0.0200089
0.0174531
0.0214053
0.0219613
0.0194729
0.0186657
0.0205318
0.0202915
0.0393061
0.0325214
0.0302288
0.0225068
0.0241776
0.0234159
0.0221259
0.0244239
0.0278268
0.0231006
0.021
0.0460814
0.0392516
0.0395877
0.0258106
0.0303016
0.0286836
0.02583
0.0278388
0.0309273
0.0355
0.0267056
0.0539743
0.0466714
0.0302508
0.0431676
0.0324962
0.0315013
0.0353569
0.0325986
0.031289
0.0411758
0.048277
0.0862529
0.0688186
0.044797
0.073209
0.0430968
0.0446813
0.0448801
0.0499956
0.0335725
0.0608799
0.0643981
0.150546
0.132887
0.0963068
0.0600333
0.0566039
0.0658103
0.0629603
0.074458
0.06245
0.065238
0.0861162
0.253666
0.19619
0.113725
1.51516e-15
1.31598e-15
2.17629e-15
1.26828e-15
0.0663325
2.05391e-15
1.04591e-15
1.70646e-15
0.285657
0.289713
1.34264e-15
0.193355
1.31598e-15
1.72353e-15
0.0663325
1.58085e-15
1.34264e-15
1.34264e-15
0.0933333
0.363819
0.363731
1.76242e-15
0.378397
1.31598e-15
1.04591e-15
0.128546
0.161443
0.102352
0.130767
0.229783
0.431123
0.45322
0.377634
0.0696491
0.0696491
1.58085e-15
0.233462
0.164065
0.098
0.119411
0.269053
0.472203
0.443166
0.079599
0.432162
0.112
6.66134e-16
0.256125
0.266075
0.13647
0.368782
0.174356
0.475053
0.468235
0.288
0.448922
0.282
0.26985
0.31276
0.389588
0.339464
0.414348
0.326697
0.483908
0.471628
0.478644
0.312321
0.326599
0.366288
0.325167
0.405298
0.462781
0.343366
0.350539
