0
0
0
0
0
0
0
0
0
0
0
0.489898
0.489898
0.489898
0.4
0.5
0.5
0.458258
0.4
0.458258
0.4
0.489898
0.5
0.5
0.4
0.489898
0.489898
0.489898
0.5
0.4
0.5
0.5
0.5
0.4
0.4
0.3
0.489898
0.458258
0.489898
0.480594
0.489898
0.4
0.489898
0.5
0.458258
0.489898
0.489898
0.5
0.489898
0.5
0.489898
0.458258
0.489898
0.458258
0.489898
0.4
0.3
0.489898
0.5
0.4
0.489898
0.46796
0.5
0.458258
0.5
0.4
0.4
0.4
0.458258
0.489898
0.5
0.483453
0.489898
0.489898
0.458258
0.466828
0.48318
0.477079
0.458258
0.458258
0.3
0.458258
0.47518
0.474404
0.481975
0.489275
0.296117
0.436598
0.458258
0.489898
0.480678
0.5
0.3
0.450896
0.478176
0.44893
0.5
0.480678
0.5
0.489898
0.458258
0.5
0.489898
0.395899
0.37897
0.298595
0.430315
0.295919
0.489898
0.442834
0.489898
0.489898
0.458258
0.489898
0.489898
0.37498
0.489898
0.398261
0.458258
0.48448
0.489314
0.5
0.5
0.452317
0.479725
0.436155
0.489898
0.473142
0.489898
0.467497
0.448814
0.441927
0.489898
0.453891
0.4
0.466221
0.451735
0.289457
0.458258
0.458258
0.481869
0.432824
0.486393
0.5
0.488057
0.458258
0.489898
0.296657
0.489898
0.458258
0.4
0.482794
0.458258
0.39528
