3.38573e-16
3.38573e-16
3.38573e-16
3.38573e-16
3.38573e-16
3.38573e-16
3.38573e-16
3.38573e-16
3.38573e-16
3.38573e-16
3.38573e-16
0.00299131
0.00320863
0.000978737
0.00225745
0.00138289
0.000237177
0.00119281
0.000425072
0.000493766
0.000694473
0.000413165
0.00912549
0.00409136
0.00329351
0.00167406
0.00571342
0.000498767
0.000841943
0.00174884
0.000567607
0.00343867
0.000749334
0.00725407
0.00823125
0.00646512
0.00222175
0.00244871
0.00257694
0.000713191
0.000238233
0.00453098
0.000826767
0.00123908
0.0103881
0.0116101
0.00289456
0.00737579
0.00399
0.00091595
0.00220218
0.00141179
0.00453902
0.00170689
0.00186089
0.0153987
0.0172818
0.00298104
0.0115381
0.00100587
0.00346263
0.00503975
0.000780062
0.00975138
0.0016895
0.00321616
0.0141834
0.0119126
0.00413056
0.0121032
0.00253977
0.00565041
0.00882495
0.00120058
0.0088835
0.00341216
0.00214385
0.0215818
0.0215224
0.0046876
0.0161072
0.000847593
0.010283
0.00205832
0.00600198
0.00888304
0.0020575
0.00265471
0.0264855
0.0200163
0.00589668
0.0178211
0.013336
0.0029604
0.00131448
0.00608564
0.0116042
0.0050082
0.00284944
0.0315093
0.0255554
0.0152622
0.00728699
0.0240469
0.000954652
0.00407248
0.000585768
0.00814297
0.00976204
0.00145143
0.0215628
0.0272002
0.0284415
0.0117774
0.00112115
0.0144197
0.00208476
0.0142304
0.00415595
0.00202194
0.00429491
0.0250324
0.018889
0.0144294
0.00874004
0.00171326
0.0224634
0.00241678
0.00774694
0.0134958
0.00246379
0.00201105
0.032069
0.014633
0.0174925
0.00732435
0.000387368
0.00306846
0.01214
0.010124
0.00538056
0.00580926
0.00495355
0.0180452
0.0188024
0.00855942
0.027402
0.00041989
0.0019053
0.00625851
0.017923
0.0216869
0.00455181
0.0026165
