2.48253e-15
3.36014e-15
2.69444e-15
3.97826e-15
3.89212e-15
3.37661e-15
3.22538e-15
3.87784e-15
3.51785e-15
3.65025e-15
3.22538e-15
0.0244284
0.00485422
0.0215891
0.00147012
0.00184504
0.003334
0.0225545
0.00911841
0.0176052
0.0117079
0.00655879
0.0161864
0.0123629
0.00388345
0.0183589
0.000991249
0.0049594
0.00246331
0.0139988
0.00930725
0.020083
0.00718385
0.012867
0.0119806
0.0181623
0.00452181
0.00941045
0.0148109
0.0191785
0.00733109
0.0199574
0.0206889
0.013229
0.0178593
0.0170215
0.0238398
0.0117834
0.0149139
0.0273222
0.0318403
0.013047
0.0325569
0.0287204
0.0283736
0.00139758
0.00187501
0.0118151
0.0207026
0.0509483
0.0175746
0.0167392
0.0566578
0.0608711
0.0556277
0.0497944
0.000239883
0.000293831
0.0268004
0.000449648
0.0586731
0.0673873
0.0280041
0.0820008
0.0823543
0.0545296
0.00492111
1.34046e-05
7.85103e-05
0.0336351
0.000130241
0.0781291
0.0536374
0.0848679
0.00125781
0.0695668
0.0975926
0.000210944
1.24723e-05
1.14623e-05
0.0523284
2.67606e-05
0.0895417
0.0715384
0.0001655
0.101845
0.0399803
0.0680286
3.74187e-05
0.0876382
4.88823e-06
0.0803528
5.184e-06
0.1018
0.0862916
2.59743e-05
7.72556e-05
0.0953586
0.0613529
6.93315e-06
0.0876382
8.08928e-07
1.36623e-06
0.0961591
0.0878806
0.103908
3.63786e-06
1.0788e-05
0.0601264
5.15412e-05
1.89892e-06
1.69138e-07
1.48016e-07
0.0942478
2.70142e-07
0.102248
0.0708645
5.89458e-07
4.35009e-06
0.0445398
0.0206193
2.63323e-07
0.0876382
3.19186e-08
0.104478
5.30985e-08
0.08152
0.0986507
1.01501e-07
1.74729e-07
0.0212659
7.29375e-08
0.020028
0.0876382
5.26244e-09
0.103493
7.80712e-09
0.0508433
0.0996062
2.78694e-08
1.98545e-08
0.0359411
1.15445e-08
1.37323e-06
