8.8752
8.8789
8.8756
8.8719
8.8723
8.8749
8.8738
8.8735
8.8782
8.8758
8.8743
8.8722
8.8672
8.8627
8.8733
8.8695
8.8718
8.8708
8.8692
8.8649
8.8681
8.8768
8.8799
8.9052
8.8999
8.9008
8.8962
8.8911
8.9
8.8908
8.9033
8.8838
8.9111
8.9275
8.9354
8.917
8.9397
8.9407
8.9157
8.9442
8.9367
8.9409
8.9514
8.9428
8.9573
8.9866
8.986
8.979
8.9749
8.9679
8.9822
8.9779
8.95
9.0101
8.9714
9.1737
9.1753
9.2321
9.209
9.1797
9.1926
9.2228
9.1931
9.225
9.2064
9.1994
9.3248
9.3209
9.309
9.342
9.3274
9.3205
9.3477
9.3463
9.3449
9.3162
9.3501
9.3945
9.3901
9.3966
9.4381
9.4006
9.3909
9.4149
9.4052
9.3959
9.4129
9.3918
9.4327
9.4223
9.4156
9.4314
9.4688
9.3972
9.4282
9.4351
9.4333
9.4476
9.455
9.4846
9.4565
9.4348
9.4563
9.4857
9.4967
9.4561
9.4543
9.4777
9.4667
9.4405
9.4505
9.4329
9.4615
9.4954
9.4805
9.4804
9.4833
9.4763
9.4886
9.473
9.4597
9.4694
9.4755
9.493
9.4843
9.4853
9.5171
9.4855
9.4892
9.4848
9.4665
9.507
9.5044
9.4843
9.5344
9.4994
9.501
9.5282
9.4977
9.501
9.4771
9.5072
9.5064
9.5028
9.5016
9.4826
9.5307
9.4697
9.4981
9.5048
9.5434
9.5172
9.5141
9.5179
