0.397022
0.401967
0.391899
0.401216
0.401286
0.392407
0.396029
0.396402
0.400434
0.400397
0.391578
0.407558
0.407704
0.40581
0.390933
0.403028
0.39456
0.400843
0.400103
0.399343
0.405006
0.390067
0.431845
0.38188
0.412031
0.417764
0.376153
0.421772
0.390043
0.390887
0.394806
0.398336
0.405187
0.408371
0.400149
0.373629
0.400761
0.417367
0.399526
0.382203
0.408065
0.400634
0.417875
0.419396
0.41947
0.373058
0.407778
0.425846
0.390154
0.418574
0.405883
0.392617
0.427812
0.405224
0.413172
0.439805
0.491152
0.434687
0.313809
0.383297
0.44277
0.432628
0.442693
0.398256
0.405756
0.428841
0.394982
0.485087
0.382039
0.516017
0.416158
0.45571
0.440839
0.389521
0.46419
0.423656
0.426416
0.381874
0.487092
0.539277
0.350129
0.462012
0.42582
0.446072
0.436095
0.495566
0.446663
0.384545
0.372235
0.41214
0.462744
0.376319
0.424691
0.494292
0.477795
0.441641
0.390597
0.377323
0.394652
0.42952
0.540262
0.500047
0.561476
0.583539
0.513958
0.456687
0.418427
0.302779
0.585372
0.431186
0.604928
0.699704
0.613409
0.464577
0.526172
0.462239
0.408994
0.439925
0.420017
0.53143
0.557924
0.42321
0.637428
0.402044
0.560168
0.483425
0.37887
0.505356
0.522005
0.420375
0.53297
0.438399
0.589972
0.559952
0.662857
0.66373
0.518045
0.576531
0.603201
0.515601
0.553733
0.607519
0.431848
0.558751
0.708322
0.324811
0.321797
0.468028
0.583592
0.466339
0.316904
0.469744
0.597372
0.532503
