8.535
8.535
8.535
8.535
8.534
8.535
8.535
8.535
8.534
8.535
8.535
8.794
8.794
8.794
8.794
8.794
8.794
8.794
8.794
8.794
8.794
8.794
8.794
8.794
8.794
8.794
8.794
8.794
8.794
8.794
8.794
8.794
8.794
8.794
8.794
8.794
8.794
8.794
8.794
8.794
8.794
8.794
8.794
8.794
8.794
8.794
8.794
8.794
8.794
8.794
8.794
8.794
8.794
8.794
8.794
8.794
8.794
8.794
8.794
8.794
8.794
8.794
8.794
8.794
8.794
8.794
8.794
8.794
8.794
8.794
8.794
8.794
8.794
8.794
8.794
8.794
8.794
8.794
8.794
8.794
8.794
8.794
8.794
8.794
8.794
8.794
8.794
8.794
8.794
8.794
8.794
8.794
8.794
8.794
8.794
8.794
8.794
8.794
8.794
8.794
8.794
8.794
8.794
8.794
8.794
8.794
8.794
8.794
8.794
8.794
8.794
8.794
8.794
8.794
8.794
8.794
8.794
8.794
8.794
8.794
8.794
8.794
8.794
8.794
8.794
8.794
8.794
8.794
8.794
8.794
8.794
8.794
8.794
8.794
8.794
8.794
8.794
8.794
8.794
8.794
8.794
8.794
8.794
8.794
8.794
8.794
8.794
8.794
8.794
8.794
8.794
8.794
8.794
8.794
