1.94289e-16
1.94289e-16
1.94289e-16
1.94289e-16
1.94289e-16
1.94289e-16
1.94289e-16
1.94289e-16
1.94289e-16
1.94289e-16
1.94289e-16
0.400586
0.371643
0.310755
0.344275
0.334019
0.320887
0.341422
0.320342
0.331465
0.384838
0.324268
0.458258
0.427083
0.438634
0.491833
0.499099
0.491833
0.484061
0.453762
0.495076
0.433013
0.497494
0.335885
0.403887
0.34641
0.258177
0.242831
0.289515
0.260201
0.286476
0.310996
0.324037
0.269942
0.357071
0.286182
0.366606
0.346987
0.392301
0.407308
0.3
0.346987
0.271293
0.336303
0.31289
0.414246
0.286182
0.346987
0.346987
0.336303
0.271293
0.346987
0.357071
0.324962
0.31289
0.31289
0.357071
0.31289
0.336303
0.366606
0.271293
0.357071
0.336303
0.324962
0.271293
0.346987
0.357071
0.346987
0.324962
0.336303
0.336303
0.31289
0.286182
0.346987
0.31289
0.31289
0.357071
0.384187
0.366606
0.414246
0.286182
0.286182
0.31289
0.366606
0.357071
0.31289
0.31289
0.375633
0.324962
0.324962
0.346987
0.346987
0.357071
0.357071
0.3
0.357071
0.346987
0.31289
0.336303
0.336303
0.31289
0.407308
0.271293
0.366606
0.286182
0.31289
0.31289
0.286182
0.336303
0.346987
0.286182
0.286182
0.31289
0.346987
0.366606
0.375633
0.375633
0.31289
0.217945
0.414246
0.324962
0.357071
0.366606
0.392301
0.392301
0.375633
0.357071
0.346987
0.3
0.346987
0.375633
0.271293
0.366606
0.346987
0.336303
0.3
0.271293
0.4
0.336303
0.357071
0.3
0.324962
0.324962
0.366606
