0.796355
0.801472
0.798127
0.802241
0.797759
0.800067
0.800535
0.805017
0.798261
0.799532
0.801405
0.936388
0.939431
0.944983
0.959766
0.96097
0.960301
0.96107
0.955886
0.958227
0.951438
0.95913
0.935652
0.940602
0.945652
0.960288
0.960569
0.959933
0.960435
0.955472
0.952007
0.958629
0.959264
0.936054
0.939599
0.944482
0.960736
0.960301
0.9599
0.957759
0.960669
0.954615
0.952007
0.959925
0.936789
0.939565
0.961204
0.945686
0.959933
0.960497
0.961237
0.957826
0.959565
0.954883
0.952375
0.936154
0.939298
0.960936
0.945652
0.96
0.960268
0.960668
0.958127
0.958829
0.955418
0.951171
0.936756
0.940134
0.945383
0.961134
0.959766
0.960301
0.960734
0.955084
0.959331
0.958127
0.951037
0.936288
0.938428
0.945349
0.960903
0.960468
0.959967
0.960166
0.95535
0.957891
0.959497
0.951403
0.935719
0.938963
0.960502
0.945719
0.960031
0.959799
0.955619
0.959796
0.958124
0.959464
0.951003
0.936455
0.939463
0.959866
0.946589
0.960702
0.960067
0.955918
0.958094
0.9599
0.959129
0.952241
0.938194
0.939766
0.945518
0.9601
0.9603
0.960569
0.955819
0.958161
0.959898
0.959329
0.951338
0.935049
0.941036
0.960499
0.946087
0.9603
0.960601
0.955786
0.95709
0.960067
0.951973
0.959331
0.936221
0.939029
0.960535
0.946353
0.960201
0.9602
0.957826
0.955284
0.960199
0.952308
0.958997
0.935819
0.939967
0.946488
0.960735
0.961338
0.957492
0.960669
0.955383
0.951806
0.959899
0.959196
