0.164268
0.183586
0.189132
0.178042
0.186054
0.174195
0.188518
0.183224
0.169337
0.210454
0.198179
0.0879716
0.0982039
0.0941223
0.10008
0.107121
0.102391
0.101114
0.0972574
0.0988737
0.10583
0.085668
0.0916515
0.0842615
0.0877439
0.0921466
0.0775822
0.0804674
0.108628
0.0863192
0.103049
0.0972831
0.09531
0.121733
0.111964
0.102684
0.112978
0.107121
0.116529
0.100295
0.10938
0.0860872
0.100295
0.0881533
0.107009
0.117201
0.148041
0.134443
0.113468
0.119545
0.130916
0.110472
0.12278
0.11225
0.109471
0.261172
0.284765
0.290283
0.300498
0.276353
0.286538
0.298302
0.266526
0.275383
0.250591
0.259584
0.387345
0.360104
0.397063
0.40195
0.412728
0.400095
0.354818
0.376298
0.402158
0.406271
0.357776
0.411187
0.442062
0.448379
0.451424
0.431661
0.415167
0.421307
0.425163
0.401012
0.407436
0.43315
0.458104
0.474957
0.466582
0.433695
0.408656
0.434717
0.428592
0.427985
0.427873
0.438464
0.417223
0.569887
0.518266
0.454025
0.497719
0.424936
0.458837
0.460082
0.442776
0.457929
0.427313
0.440512
0.585642
0.528843
0.486714
0.464624
0.475919
0.477932
0.42946
0.420089
0.443175
0.464973
0.464727
0.693135
0.613263
0.507869
0.484953
0.42
0.466582
0.443949
0.471944
0.458444
0.432204
0.434294
0.721451
0.714408
0.563541
0.497066
0.48
0.447718
0.523766
0.494789
0.449551
0.407426
0.488355
0.826073
0.807759
0.494865
0.67296
0.442098
0.417625
0.551249
0.496559
0.433741
0.479546
0.45208
