0
0
0
0
0
0
0
0
0
0
0
0
0
0
0
0
0
0
0
0
0
0
0
0
0
0
0
0
0
0
0
0
0
0
0
0
0
0
0
0
0
0
0
0
0
0
0
0
0
0
0
0
0
0
0
0.170587
0.195959
0.0994987
0.14
0
0
0
0
0.0994987
0.0994987
0
0.392301
0.366606
0.0994987
0.195959
0
0.195959
0.170587
0.0994987
0.14
0.14
0.195959
0.407308
0.438634
0.271293
0.384187
0.286182
0.324962
0.195959
0.237487
0.3
0.271293
0.255147
0.462493
0.470213
0.384187
0.427083
0.324962
0.427083
0.375633
0.407308
0.336303
0.324962
0.392301
0.420833
0.458258
0.433013
0.366606
0.366606
0.271293
0.324962
0.195959
0.31289
0.255147
0.255147
0.47697
0.438634
0.448999
0.427083
0.392301
0.489898
0.438634
0.427083
0.4
0.4
0.366606
0.4996
0.453762
0.470213
0.324962
0.366606
0.458258
0.357071
0.392301
0.366606
0.357071
0.336303
0.47697
0.443959
0.462493
0.31289
0.346987
0.255147
0.392301
0.4
0.346987
0.357071
0.286182
0.4996
0.5
0.420833
0.466476
0.499099
0.438634
0.470213
0.498397
0.420833
0.453762
0.466476
