0.010023
0.0120151
0.0110978
0.0155479
0.0117935
0.0110499
0.011324
0.008734
0.0166574
0.0157595
0.0160032
0.0131137
0.0139133
0.0105554
0.00673347
0.0096094
0.0126505
0.012795
0.0101337
0.00793381
0.0175804
0.0165661
0.01142
0.00556924
0.0172161
0.01189
0.0217259
0.0091315
0.0173908
0.0117718
0.00824721
0.0150536
0.0109976
0.0210484
0.0130153
0.0107986
0.0196408
0.0172332
0.00946638
0.016913
0.00586044
0.00870592
0.0130769
0.0126771
0.00931434
0.0108559
0.0170609
0.00899203
0.0143752
0.0152557
0.0169122
0.00908808
0.012028
0.0101755
0.0137081
0.0169202
0.0136234
0.0115829
0.0138472
0.0133315
0.0171633
0.0139048
0.0189436
0.00622563
0.00602903
0.0174312
0.0094365
0.0113132
0.0210466
0.0103928
0.00904156
0.00448608
0.0113956
0.0098224
0.0173897
0.0159123
0.0108608
0.010871
0.012782
0.0144232
0.0121292
0.0186003
0.00814981
0.00799474
0.0107403
0.0151327
0.0112242
0.0109471
0.0146631
0.018883
0.0119332
0.011598
0.00972053
0.00519226
0.0177374
0.0162371
0.0135684
0.0204185
0.0124769
0.0149383
0.0132469
0.00971293
0.0153946
0.0127616
0.00984748
0.015686
0.0125148
0.0146182
0.0133412
0.011128
0.0130413
0.0143262
0.0102237
0.0108722
0.0158199
0.0176405
0.00914215
0.0151864
0.0107249
0.0115416
0.0102709
