22.25
22.234
22.235
22.246
22.245
22.235
22.248
22.24
22.246
22.236
22.246
22.445
22.347
22.3
22.3
22.3
22.3
22.3
22.3
22.3
22.3
22.3
22.3
22.3
22.3
22.3
22.3
22.3
22.3
22.3
22.3
22.3
22.3
22.3
22.3
22.3
22.3
22.3
22.3
22.3
22.3
22.3
22.3
22.3
22.3
22.3
22.3
22.3
22.3
22.3
22.3
22.3
22.3
22.3
22.3
22.3
22.3
22.3
22.3
22.3
22.3
22.3
22.3
22.3
22.3
22.3
22.3
22.3
22.3
22.3
22.3
22.3
22.3
22.3
22.3
22.3
22.3
22.3
22.3
22.3
22.3
22.3
22.3
22.3
22.3
22.3
22.3
22.3
22.3
22.3
22.3
22.3
22.3
22.3
22.3
22.3
22.3
22.3
22.3
22.3
22.3
22.3
22.3
22.3
22.3
22.3
22.3
22.3
22.3
22.3
22.3
22.3
22.3
22.3
22.3
22.3
22.3
22.3
22.3
22.3
22.3
22.3
22.3
22.3
22.3
22.3
22.3
22.3
22.3
22.3
22.3
22.3
22.3
22.3
22.3
22.3
22.3
22.3
22.3
22.3
22.3
22.3
22.3
22.3
22.3
22.3
22.3
22.3
22.3
22.3
22.3
22.3
22.3
22.3
