22.135
22.13
22.132
22.125
22.127
22.127
22.124
22.129
22.136
22.133
22.127
22.023
22.022
22.007
22.008
22.01
22.014
22.012
22.01
22.007
22.019
22.003
21.99
21.99
21.979
21.971
21.975
21.965
21.978
21.973
21.975
21.972
21.981
22.02
22.016
22.009
22
22.006
21.987
21.998
22.002
22.022
21.996
21.998
22.05
22.048
22.033
22.041
22.022
22.03
22.023
22.024
22.043
22.023
22.031
22.261
22.271
22.143
22.229
22.184
22.161
22.144
22.17
22.146
22.142
22.147
22.458
22.432
22.267
22.376
22.242
22.231
22.233
22.246
22.303
22.259
22.231
22.673
22.553
22.294
22.473
22.263
22.247
22.311
22.242
22.387
22.286
22.271
22.898
22.701
22.243
22.493
22.419
22.234
22.226
22.268
22.255
22.352
22.247
23.017
22.716
22.217
22.522
22.206
22.353
22.234
22.188
22.372
22.204
22.212
23.075
22.879
22.555
22.185
22.356
22.139
22.179
22.261
22.165
22.15
22.149
23.467
23.056
22.581
22.161
22.112
22.328
22.109
22.216
22.135
22.122
22.104
23.767
23.169
22.645
22.134
22.091
22.107
22.208
22.321
22.133
22.124
22.119
24.168
23.599
22.128
22.714
22.103
22.101
22.156
22.283
22.121
22.108
22.101
