0.248873
0.245972
0.246489
0.246208
0.246764
0.245914
0.246609
0.247017
0.245198
0.246991
0.245636
0.250377
0.248662
0.25223
0.249572
0.248881
0.247343
0.250271
0.24681
0.24884
0.249371
0.246137
0.25398
0.256259
0.251161
0.254713
0.250225
0.249702
0.256815
0.259195
0.247945
0.259311
0.256194
0.261498
0.258803
0.259066
0.251408
0.251319
0.258622
0.266208
0.257898
0.261389
0.260617
0.262548
0.283399
0.283396
0.269165
0.273257
0.265613
0.268667
0.262279
0.261583
0.271085
0.271321
0.267506
0.277146
0.3057
0.310221
0.298778
0.310813
0.283848
0.308616
0.306809
0.326332
0.307799
0.291748
0.319434
0.334888
0.29302
0.314186
0.311257
0.29062
0.317505
0.300596
0.320934
0.300159
0.323219
0.355375
0.339179
0.309916
0.32206
0.27382
0.354127
0.292423
0.250834
0.386295
0.274847
0.322163
0.249096
0.340418
0.275982
0.310946
0.310816
0.274025
0.240148
0.321394
0.297899
0.325063
0.287293
0.305435
0.260408
0.225116
0.276973
0.310958
0.273598
0.281514
0.263862
0.218121
0.266002
0.319799
0.199532
0.248099
0.267177
0.289161
0.309164
0.252496
0.26321
0.227255
0.281308
0.244089
0.313868
0.235663
0.253306
0.270074
0.235054
0.270614
0.300085
0.285526
0.274264
0.226463
0.28605
0.298458
0.216133
0.229857
0.215471
0.20983
0.250713
0.241966
0.274293
0.230824
0.195481
0.229982
0.262768
0.208332
0.206468
0.22935
0.248698
0.212364
0.223712
0.246194
0.200007
0.193219
0.194389
0.261281
