0.652763
0.652763
0.652763
0.652763
0.652763
0.652763
0.652763
0.652763
0.652763
0.652763
0.652763
0.422966
0.436005
0.45
0.479687
0.479687
0.479687
0.49558
0.49558
0.49558
0.479687
0.479687
0.353412
0.307246
0.390384
0.348712
0.365513
0.38223
0.38223
0.38223
0.353412
0.377359
0.377359
0.313847
0.22
0.332415
0.307409
0.32187
0.286531
0.309192
0.309192
0.309192
0.32311
0.25318
0.267582
0.310644
0.253772
0.228254
0.269258
0.263818
0.254755
0.275862
0.253772
0.254755
0.263818
0.362767
0.358329
0.331059
0.346987
0.328634
0.324962
0.303974
0.323883
0.322645
0.32619
0.324962
0.402616
0.351568
0.417253
0.452106
0.417732
0.402989
0.419047
0.403113
0.442719
0.417253
0.401995
0.337046
0.518073
0.48949
0.546717
0.48
0.48949
0.493559
0.48
0.48
0.438178
0.492443
0.474974
0.643117
0.525452
0.434626
0.518073
0.51225
0.518073
0.523927
0.51342
0.523927
0.523927
0.685274
0.517301
0.523927
0.497594
0.485798
0.485798
0.504381
0.485798
0.49558
0.518073
0.497594
0.444522
0.67
0.586856
0.494874
0.49558
0.492849
0.506063
0.485798
0.49558
0.492849
0.49558
0.69606
0.498498
0.391024
0.49558
0.523927
0.488774
0.523927
0.49558
0.49558
0.523927
0.523927
0.556417
0.697137
0.49558
0.486724
0.49558
0.49558
0.521153
0.51614
0.485798
0.486724
0.49558
1.13402
0.493964
0.504381
0.492849
0.518073
0.518073
0.504381
0.492849
0.504381
0.504381
0.523927
