21.792
21.789
21.788
21.762
21.821
21.831
21.767
21.79
21.798
21.833
21.818
21.906
21.903
21.875
21.889
21.895
21.912
21.892
21.891
21.913
21.895
21.898
22.297
22.306
22.36
22.317
22.305
22.437
22.31
22.341
22.32
22.338
22.339
22.579
22.494
22.469
22.489
22.456
22.393
22.454
22.52
22.432
22.448
22.479
23.107
22.884
22.634
22.441
22.498
22.496
22.466
22.486
22.59
22.489
22.455
25.641
25.704
25.449
25.36
25.869
25.21
24.867
25.239
25.131
24.639
24.957
23.231
23.352
22.964
23.158
23.32
23.337
23.329
23.294
22.973
23.632
23.642
24.468
24.052
25.122
25.322
25.818
24.756
25.481
25.4
25.178
25.57
26.308
24.648
24.193
24.625
24.885
24.361
26.956
26.057
26.063
26.563
26.473
24.946
27.536
27.691
28.3
31.371
28.949
33.241
31.207
32.86
30.004
32.398
32.96
24.513
24.393
25.687
26.414
28.703
26.033
28.562
26.071
27.258
28.038
28.444
24.485
24.664
24.799
26.137
26.297
25.295
26.58
25.661
25.685
26.24
27.357
25.588
25.876
25.824
26.293
28.213
29.048
26.484
26.301
28.398
27.776
27.696
26.153
26.165
28.263
26.724
28.334
28.1
27.812
27.317
26.954
29.258
28.138
