0.2
0.2
0.2
0.2
0.2
0.2
0.2
0.2
0.2
0.2
0.2
0.0155852
0.02035
0.0265102
0.107766
0.105382
0.104786
0.106872
0.0744566
0.10457
0.050133
0.104329
0
0
1.54752e-48
4.39876e-49
1.46677e-49
0
0
0
1.65677e-48
0
0
4.95797e-49
0
0
0
2.93192e-48
0
3.56901e-48
5.26086e-49
5.34911e-49
0
2.13148e-48
0
0
0
0
0
0
7.38972e-49
0
0
0
0
0
0
6.83871e-49
1.36945e-48
1.57174e-48
6.30123e-49
0
0
0
3.08609e-48
0
0
0
0
0
1.21475e-48
0
8.74962e-49
0
0
7.57953e-49
6.12872e-50
2.43752e-49
1.86128e-48
0
0
6.75179e-49
1.29005e-49
0
0
1.91543e-48
0
0
0
0
7.39349e-49
1.35329e-48
0
0
0
0
0
0
8.03785e-50
0
0
0
0
7.23185e-49
1.86833e-48
0
2.27084e-48
0
0
8.53675e-50
3.33887e-49
4.90475e-50
0
0
3.13356e-48
1.33739e-48
1.20712e-49
0
0
2.12747e-48
0
6.12229e-49
0
0
0
0
0
0
0
0
1.27297e-49
2.78342e-49
0
6.23582e-49
0
0
0
2.05561e-48
0
0
0
0
0
0
0
0
0
2.99287e-48
0
2.67329e-48
9.01237e-49
0
0
0
