8.7269
8.7314
8.7259
8.7279
8.7293
8.735
8.7286
8.7276
8.7383
8.7302
8.7372
23.3073
20.9277
17.9279
13.5223
13.4729
13.2304
13.4648
14.8847
14.1384
16.112
14.0154
50.7711
50.2482
55.4045
21.6316
21.2951
22.8364
20.4917
31.3949
26.6927
40.5558
24.2201
51.6378
45.3434
53.4803
33.7219
37.1334
41.8707
47.0332
38.1446
50.8715
57.2648
43.3719
48.7764
48.8966
52.3359
49.8021
51.2685
53.782
48.7123
52.7934
50.9661
50.9336
48.5611
31.8664
31.0663
54.0382
33.4801
55.2807
54.8064
58.8183
49.5108
50.58
43.6731
35.5591
24.2209
24.7508
24.796
40.48
39.7846
38.4241
42.4238
32.2945
37.3887
37.5494
26.3554
22.8133
24.5258
23.426
34.7695
32.9304
33.0951
32.6688
26.827
29.4408
30.4652
24.8005
22.7362
22.4305
29.6111
22.0723
29.9359
31.2084
24.4779
29.7835
26.2514
27.584
22.7224
20.3186
20.9135
28.2665
21.2227
27.7769
22.9296
28.5053
24.0983
26.8194
25.6926
22.1154
20.6077
20.3657
27.4889
20.8538
26.8237
26.1704
22.3327
24.7219
25.7071
25.3548
21.0083
19.8766
20.4063
26.1141
20.1489
26.1364
26.0575
22.455
22.9658
25.1738
21.3103
25.0717
19.7456
19.829
25.1447
20.159
25.3287
25.155
22.8586
21.758
24.7933
20.8932
24.0433
19.1732
19.6062
19.9873
24.5703
25.448
22.5829
24.5325
22.2405
24.5457
20.5839
23.476
