0.00126896
0.00103684
0.00109622
0.00137405
0.00106885
0.00144272
0.00107005
0.00104106
0.00116642
0.0010053
0.00122738
0.263859
0.212638
0.0964627
0.163016
0.113978
0.141043
0.0713965
0.0939316
0.0782251
0.0889918
0.0846046
0.391191
0.383204
0.220396
0.211185
0.340274
0.159919
0.168677
0.201158
0.142845
0.30758
0.180281
0.412974
0.422831
0.402315
0.323727
0.363594
0.268042
0.244998
0.259098
0.382457
0.255794
0.265358
0.426563
0.425513
0.37806
0.424422
0.376498
0.297731
0.367153
0.311646
0.401193
0.334674
0.331321
0.435699
0.436477
0.432596
0.432823
0.426169
0.423113
0.430756
0.430958
0.436092
0.430885
0.430986
0.420381
0.420338
0.432951
0.43507
0.43706
0.43574
0.440118
0.4385
0.432861
0.439398
0.439293
0.422871
0.435863
0.434368
0.439187
0.439594
0.42026
0.439593
0.437285
0.425655
0.438465
0.440618
0.439102
0.429275
0.43348
0.411237
0.435887
0.432842
0.440535
0.436005
0.438594
0.441011
0.440271
0.422859
0.437216
0.411323
0.429756
0.437423
0.43969
0.440521
0.43995
0.420414
0.439947
0.438647
0.407008
0.43163
0.435128
0.423242
0.439254
0.425648
0.43962
0.433575
0.437952
0.438337
0.439726
0.427414
0.420267
0.395505
0.440952
0.440315
0.414288
0.439784
0.437464
0.436606
0.440357
0.438834
0.39974
0.422921
0.425189
0.434512
0.435964
0.439185
0.431541
0.42727
0.439362
0.439864
0.434885
0.417304
0.413638
0.431652
0.417635
0.435258
0.429583
0.440487
0.431529
0.429384
0.440416
0.439663
