0.8
0.8
0.8
0.8
0.8
0.8
0.8
0.8
0.8
0.8
0.8
0.818943
0.819311
0.820107
0.82006
0.8201
0.820067
0.819846
0.81998
0.819973
0.819739
0.820033
0.818736
0.819151
0.819605
0.82006
0.82006
0.82002
0.820074
0.8199
0.820007
0.819753
0.82008
0.819284
0.819338
0.819605
0.82006
0.820067
0.820054
0.819913
0.820054
0.819732
0.819973
0.820054
0.818622
0.819311
0.82006
0.819452
0.820033
0.82004
0.820067
0.820087
0.820074
0.819779
0.819833
0.818569
0.819171
0.82008
0.819833
0.82002
0.8201
0.82008
0.81994
0.820047
0.82002
0.820007
0.818977
0.819538
0.82006
0.819391
0.82006
0.820027
0.82006
0.81996
0.819967
0.820094
0.819826
0.818535
0.819251
0.819378
0.82006
0.82006
0.820047
0.82004
0.819846
0.81998
0.819926
0.820054
0.818649
0.819191
0.820087
0.819672
0.82004
0.820087
0.82008
0.820114
0.82012
0.820067
0.819759
0.818288
0.819197
0.819512
0.820054
0.820033
0.82006
0.819833
0.820033
0.820047
0.82
0.819686
0.818435
0.818977
0.819719
0.820067
0.820074
0.820054
0.819846
0.819993
0.819993
0.82012
0.819839
0.818301
0.819666
0.820054
0.819512
0.820067
0.820047
0.819973
0.820147
0.820033
0.819973
0.82002
0.818957
0.819378
0.819706
0.820067
0.820047
0.820074
0.819819
0.820047
0.820013
0.819826
0.819973
0.818482
0.818896
0.819525
0.82006
0.820047
0.82002
0.820047
0.820027
0.820047
0.819799
0.819926
