0.289333
0.27619
0.273652
0.280411
0.280233
0.258989
0.260264
0.263424
0.272507
0.277233
0.258224
0.275424
0.272306
0.268775
0.28019
0.290889
0.259309
0.267992
0.27696
0.288018
0.297765
0.261575
0.253122
0.279163
0.281936
0.264289
0.24935
0.248708
0.266248
0.274086
0.284086
0.271964
0.291577
0.270802
0.273885
0.246087
0.291571
0.289778
0.270676
0.263309
0.266537
0.265327
0.293324
0.258907
0.295456
0.277953
0.286235
0.268437
0.266272
0.269916
0.283692
0.264547
0.283255
0.28662
0.238485
0.28788
0.273574
0.277246
0.26653
0.271967
0.247918
0.274166
0.278757
0.284628
0.271045
0.275199
0.25896
0.262678
0.300784
0.248165
0.264543
0.289725
0.276567
0.266616
0.270561
0.269619
0.2983
0.273796
0.259632
0.29703
0.243272
0.267494
0.252542
0.28894
0.271329
0.283895
0.275973
0.285891
0.28244
0.255115
0.265481
0.286737
0.281004
0.277207
0.257257
0.27505
0.292946
0.283697
0.267074
0.269428
0.278183
0.288458
0.283635
0.289828
0.278344
0.276066
0.273012
0.271594
0.268128
0.272029
0.255258
0.262597
0.268664
0.25152
0.269371
0.271123
0.265802
0.279374
0.272784
0.265967
0.26721
