0.0213439
0.0238183
0.0218183
0.0217097
0.02033
0.0199447
0.0235194
0.0209676
0.0263886
0.0220463
0.0210514
1.19023
0.99623
0.393017
0.448248
0.392675
0.351921
0.822214
0.465311
0.589566
0.501029
0.346376
2.93292
2.38356
1.51777
0.772176
0.617525
0.745374
0.70639
0.913439
0.812964
1.26867
0.809218
28.4843
22.7964
9.9411
0.744523
1.02911
0.914257
2.18296
0.701652
6.23815
2.85642
1.17447
35.2739
34.3455
0.829613
32.1909
3.1193
1.16645
7.10303
7.58505
5.13229
14.2346
17.8608
18.912
21.6013
22.3776
17.2635
26.2537
21.9084
20.363
30.6779
31.6872
35.654
28.0619
14.9277
11.4538
35.8785
11.4161
36.1227
36.5513
36.6656
26.9246
20.3999
32.3301
14.1604
10.393
7.32476
11.9179
26.3081
28.4385
27.2432
24.5816
14.2432
14.0033
20.0567
13.2569
7.55878
6.01355
7.39265
19.0885
17.7263
9.46136
15.6391
14.2619
12.999
13.5085
6.71667
8.21994
7.05203
5.17093
15.0113
13.3767
12.7933
7.79942
8.43838
11.6488
10.8589
6.54066
4.40763
4.7438
5.26168
13.8809
10.9918
11.5649
6.75088
8.23165
11.9569
10.1167
4.66738
3.37234
3.25422
9.05338
2.19074
10.9182
8.1202
5.60941
7.12373
9.59484
5.32145
8.38342
2.60251
2.27533
2.33662
7.49072
8.39099
9.10573
4.98173
5.74913
8.79551
2.99665
6.85703
1.65872
2.17377
2.77289
8.49064
7.5036
5.95597
7.51792
4.29758
8.18952
2.45031
7.29149
