1.48952e-16
1.48952e-16
1.48952e-16
1.48952e-16
1.48952e-16
1.48952e-16
1.48952e-16
1.48952e-16
1.48952e-16
1.48952e-16
1.48952e-16
0.00683354
0.00392601
0.00133662
0.00486803
0.00130964
9.34602e-05
0.00246517
0.000620143
0.000644514
0.000775621
0.00110555
0.0130011
0.00626417
0.00323507
0.00483931
0.00539065
0.000819727
0.001732
0.00146926
0.000318483
0.00686028
0.00180307
0.0163781
0.00724102
0.0131703
0.00358408
0.00556928
0.00316621
0.00112732
0.00124473
0.00784167
0.00162034
0.00251943
0.0166673
0.0160617
0.00468448
0.0110999
0.00726167
0.00190499
0.00313621
0.00193535
0.0106602
0.00446616
0.00228942
0.0259648
0.032122
0.0077863
0.0167239
0.00690887
0
0.00615561
0
0.0135097
0.00238406
0.00238406
0.0273014
0.0298007
0.0141043
0.0340512
0.00533092
0.00476812
0.00892033
1.11022e-16
0.0199821
0.00715218
1.11022e-16
0.0824178
0.0313473
0.0100521
0.0434977
0
0.0313473
0.00476812
0.0124134
0.0185351
0.00635749
0.00476812
0.0717422
0.0597338
0.0158937
0.0424246
0.0330058
0.00596015
0.00596015
0.0213976
0.0217634
0.0106988
0.00596015
0.0700767
0.0516301
0.0546256
0.0166884
0.0320742
5.55112e-17
0.0116795
0.00715218
0.0370105
0.00953623
0.0109251
0.0542908
0.101854
0.0737989
0.0330273
2.77556e-17
0.0482555
0.0083442
0.025492
0.0124388
0.0111256
0.0083442
0.0882355
0.0914616
0.0727653
0.031946
0.0171181
0.0385534
6.93889e-18
6.93889e-18
0.0399824
6.93889e-18
0.012715
0.0581284
0.0795138
0.0280228
0
0
0
0
0.0137825
0
0
0
0.0466721
0.0253437
0
0
0
0
0
0
0
0
0
