0.0518748
0.0496387
0.0550999
0.0532541
0.0493559
0.0527162
0.0524976
0.0503885
0.0556417
0.053619
0.0538424
2.83238
2.69575
2.33384
2.37788
2.57949
2.54424
2.68218
2.40718
2.77726
2.38251
2.44402
2.49838
2.42763
2.54318
2.2011
2.30112
2.86691
2.53277
2.09019
2.38206
2.57921
2.77823
1.92854
1.50659
1.57714
1.56978
2.53876
2.36783
1.65097
1.92831
2.12452
0.594484
2.00742
2.54937
3.0295
2.33994
2.26609
2.43202
2.69982
2.49137
2.9731
2.39006
1.30918
1.66325
2.42908
2.54478
2.22795
2.61079
1.42209
2.34209
2.73123
1.08659
2.90115
2.81958
1.82242
2.2685
2.63589
2.39617
2.8708
2.57264
2.91502
2.5073
1.68935
1.99764
1.50899
2.74201
2.33523
2.07228
2.58087
2.40073
2.50334
2.22855
1.55428
2.34352
1.9792
2.80515
1.81922
2.33147
1.9863
2.18424
3.00271
2.30811
2.03722
2.61491
2.05846
1.816
2.47473
1.548
2.70868
2.16232
2.42111
2.24224
2.45314
1.99977
1.87193
1.72095
2.00939
2.40235
2.3727
2.4384
2.74805
2.20473
2.53617
1.77856
2.37213
2.07768
3.22209
1.36403
1.80381
1.60082
2.65669
2.44317
2.80754
2.42407
2.51841
2.36338
2.80309
2.70078
3.58851
2.23776
2.62956
2.6708
2.40005
2.05629
1.69071
2.80662
2.21093
2.56642
2.30145
2.03485
2.12336
1.70003
3.42038
2.05177
2.24385
3.20232
2.18867
2.89756
3.39267
2.28126
1.77672
3.23572
3.25035
