0.226674
0.226674
0.226674
0.226674
0.226674
0.226674
0.226674
0.226674
0.226674
0.226674
0.226674
0.207663
0.240377
0.213345
0.249361
0.246992
0.24912
0.22858
0.247176
0.231173
0.227906
0.244998
0.0870862
0.106344
0.0349428
0.0970773
0.0337639
0.0361801
0.034
0.0381576
0.0572364
0.0417133
0.0325576
0.165
0.183913
0.160527
0.117852
0.119063
0.126574
0.117541
0.127421
0.117852
0.115135
0.126258
0.275755
0.226133
0.241942
0.216111
0.209907
0.215926
0.208185
0.215139
0.2001
0.263304
0.221678
0.413638
0.482531
0.401085
0.417767
0.408374
0.415692
0.409122
0.412394
0.408031
0.397497
0.40723
0.510044
0.540149
0.463108
0.473562
0.454075
0.466716
0.462013
0.51222
0.458127
0.446605
0.465141
0.396819
0.537517
0.485671
0.527033
0.482676
0.485355
0.50369
0.504099
0.474389
0.493446
0.547073
0.686874
0.484231
0.493138
0.654942
0.507883
0.503417
0.580621
0.498499
0.461363
0.495496
0.488722
0.740222
0.822961
0.495806
0.501055
0.501822
0.480109
0.447924
0.548151
0.456381
0.462927
0.266813
1.23532
0.645988
0.644981
0.496114
0.473582
0.507899
0.624747
0.448803
0.511802
0.563188
0.672773
1.31528
0.649849
0.508276
0.730466
0.508823
0.499064
0.599157
0.540574
0.535354
0.483228
0.520547
0.791733
0.675693
0.493811
0.627631
0.4988
0.488123
0.506044
0.626035
0.505889
0.515379
0.485679
0.953889
0.786936
0.499849
0.857972
0.515714
0.650484
0.468595
0.500621
0.569119
0.534798
0.517541
