0.397724
0.395944
0.395938
0.396396
0.397236
0.397793
0.396977
0.395543
0.39664
0.39711
0.39295
0.12564
0.110273
0.0864113
0.0952292
0.0913016
0.0830237
0.100821
0.0853838
0.0860559
0.0830348
0.086556
4.76748e-45
3.34053e-45
4.68779e-45
5.69482e-45
3.58208e-45
4.16971e-45
4.69056e-45
5.13481e-45
4.83394e-45
4.52809e-45
4.74969e-45
4.61253e-45
4.90858e-45
3.99131e-45
3.06731e-45
5.32676e-45
5.12561e-45
4.03122e-45
5.0512e-45
4.54899e-45
4.92192e-45
4.12112e-45
4.06451e-45
4.34449e-45
4.68482e-45
4.73876e-45
4.31972e-45
4.54033e-45
4.99585e-45
4.55938e-45
4.73252e-45
3.33477e-45
5.28383e-45
5.44149e-45
6.10499e-45
5.00407e-45
3.82052e-45
4.99502e-45
4.76118e-45
4.49458e-45
4.09817e-45
5.36132e-45
4.78556e-45
4.32478e-45
4.35597e-45
4.56296e-45
3.45242e-45
4.31747e-45
4.29517e-45
4.70549e-45
4.47287e-45
5.14566e-45
5.74302e-45
5.14653e-45
6.42633e-45
5.09383e-45
3.46105e-45
5.18324e-45
4.37794e-45
5.02126e-45
5.28534e-45
4.23348e-45
4.04431e-45
4.3904e-45
3.75423e-45
3.56663e-45
4.0418e-45
4.53184e-45
4.04038e-45
5.35838e-45
4.59705e-45
3.82525e-45
5.19358e-45
4.91786e-45
4.5003e-45
5.47458e-45
5.14271e-45
4.76844e-45
4.56581e-45
4.88565e-45
4.86498e-45
5.41068e-45
4.60754e-45
4.67115e-45
5.61756e-45
3.91723e-45
3.79696e-45
4.43443e-45
4.71536e-45
4.76333e-45
5.08412e-45
4.23604e-45
5.81987e-45
4.19748e-45
4.8862e-45
4.92082e-45
4.69005e-45
4.82989e-45
5.10766e-45
5.54929e-45
4.80237e-45
4.20253e-45
5.61638e-45
5.41765e-45
4.80909e-45
3.53778e-45
3.51831e-45
4.78337e-45
4.45337e-45
4.54953e-45
4.86694e-45
4.15637e-45
3.9108e-45
4.41181e-45
4.55901e-45
3.87942e-45
4.43259e-45
4.54406e-45
4.8135e-45
5.15162e-45
4.31657e-45
4.41867e-45
4.71424e-45
3.66113e-45
3.79959e-45
5.76886e-45
4.95085e-45
4.93752e-45
4.05705e-45
4.83103e-45
5.00624e-45
4.37988e-45
