8.6455
8.6446
8.6504
8.6473
8.6482
8.6482
8.6461
8.6426
8.6501
8.6458
8.647
8.493
8.4897
8.4608
8.421
8.4331
8.4257
8.4231
8.4322
8.4231
8.453
8.4123
8.8106
8.7662
8.689
8.5489
8.533
8.5518
8.5251
8.5814
8.6275
8.5643
8.5566
9.1698
9.1252
9.001
8.6926
8.6926
8.7285
8.748
8.6958
8.8003
8.8607
8.7271
9.5834
9.4766
8.874
9.2707
8.8973
8.8658
8.8567
8.9367
8.9155
9.0158
9.1207
11.2092
10.9151
9.4965
10.3691
9.4766
9.4977
9.4774
9.6535
9.5526
9.7484
9.9758
13.1728
12.5029
11.4141
9.9591
10.0339
10.0087
10.0233
10.3935
10.1133
10.2111
10.8107
15.8856
14.6014
12.8577
10.4513
10.4698
10.4759
10.3566
11.0491
10.7856
10.6028
11.7221
20.4227
17.7153
10.8765
14.4242
10.9228
10.896
11.8476
11.0084
11.4383
11.142
12.5705
28.5227
22.3356
11.3486
16.4646
11.4115
12.5214
11.1883
11.9131
11.5561
11.6903
14.0758
45.3147
31.5852
11.7354
19.7232
11.9153
11.8241
13.6631
12.6032
12.024
12.1664
15.6434
53.4335
51.4716
12.6118
25.5858
12.4332
12.271
15
13.6596
12.7589
17.9111
13.0361
44.2654
51.8717
12.9748
34.4368
13.4678
12.955
14.8873
17.0309
13.5568
21.287
13.5854
24.7159
36.6234
50.301
13.9646
13.9328
16.1519
13.9938
18.9382
26.4138
14.3621
14.8287
