0.0393111
0.0389055
0.0358748
0.0372638
0.0351697
0.0312692
0.0461628
0.0392014
0.0386911
0.0381674
0.0365371
2.44087
2.64764
1.89295
2.24676
2.02237
2.16141
1.9925
1.89009
2.07522
2.06626
1.70038
1.1119
0.934267
0.967297
0.800038
0.916848
0.872516
1.03935
1.28326
1.35982
1.25259
1.09432
1.27144
0.944507
1.09455
0.853551
0.536416
0.544682
0.76491
0.721497
0.913218
0.795636
0.896019
0.971012
1.00819
0.955513
0.862068
0.541779
0.610723
0.940442
0.58611
0.80928
0.778171
0.757847
1.1626
1.24531
1.00563
1.00673
0.775352
0.704389
0.643803
0.614557
0.590216
0.617539
1.06037
0.817766
1.24552
0.685838
1.048
0.784781
0.680864
0.671349
1.0539
0.753794
0.678949
1.35307
0.999481
1.4185
1.189
0.910116
0.722822
0.807746
0.905886
0.607313
0.821291
0.634212
1.2489
0.928577
1.09395
0.826994
1.15613
0.644347
0.59114
0.70647
0.623035
0.578061
0.859361
0.880445
1.06349
1.08947
0.948917
0.760657
0.737576
0.691677
0.643727
0.583026
0.880393
1.25761
0.94584
0.931547
0.80386
0.946749
0.935692
1.10632
0.506341
0.805286
0.764102
0.891378
0.695936
0.811958
0.8706
1.11339
0.474432
0.766458
0.590616
0.831868
0.730748
0.901059
0.793404
0.889363
0.823003
1.08964
0.910658
0.943054
0.72497
0.843745
0.92727
0.866064
0.856736
0.796905
1.15943
0.675827
0.980188
0.961529
0.928993
0.760606
0.595254
0.741319
0.765109
1.12353
0.711914
0.929303
0.621053
