0.796656
0.796656
0.796656
0.796656
0.796656
0.796656
0.796656
0.796656
0.796656
0.796656
0.796656
0.164463
0.15453
0.112652
0.108
0.112884
0.106515
0.120474
0.104733
0.105327
0.107109
0.106218
4.87835e-45
4.19356e-45
4.5817e-45
4.99805e-45
3.65502e-45
4.87604e-45
4.11661e-45
3.94563e-45
4.67774e-45
5.05651e-45
4.65671e-45
4.376e-45
3.9609e-45
3.7674e-45
4.06914e-45
3.65627e-45
6.13173e-45
4.05491e-45
4.26057e-45
4.42288e-45
3.25395e-45
5.02301e-45
4.5177e-45
5.16643e-45
4.01314e-45
4.20863e-45
4.34418e-45
4.80472e-45
5.20464e-45
4.80475e-45
4.84098e-45
5.43903e-45
5.39644e-45
5.12256e-45
4.81237e-45
4.5424e-45
4.04382e-45
5.83612e-45
4.83941e-45
4.52074e-45
4.97177e-45
4.46149e-45
4.81967e-45
6.06747e-45
3.99336e-45
4.94428e-45
3.45546e-45
4.02459e-45
4.43777e-45
4.91722e-45
5.22643e-45
4.90848e-45
4.71781e-45
5.04898e-45
4.29051e-45
5.15621e-45
4.40319e-45
4.91628e-45
3.87971e-45
4.08802e-45
4.84167e-45
5.16114e-45
5.40754e-45
3.94498e-45
5.11405e-45
4.73891e-45
4.03123e-45
4.37871e-45
3.76299e-45
3.39784e-45
5.20939e-45
4.68431e-45
5.19606e-45
4.30084e-45
3.58727e-45
4.39078e-45
5.30484e-45
4.47065e-45
4.14588e-45
4.79146e-45
4.17309e-45
4.84465e-45
4.25094e-45
4.96954e-45
4.18677e-45
3.92328e-45
4.29059e-45
4.3129e-45
4.68076e-45
4.38785e-45
3.30339e-45
4.38215e-45
4.54574e-45
3.94515e-45
4.59742e-45
4.17551e-45
4.85059e-45
5.53977e-45
4.42803e-45
5.28871e-45
5.76222e-45
5.27309e-45
5.59979e-45
4.97239e-45
4.52688e-45
4.2683e-45
4.13127e-45
3.65383e-45
5.90374e-45
4.39213e-45
3.81276e-45
4.40635e-45
4.51033e-45
4.77876e-45
5.60784e-45
3.95658e-45
4.81172e-45
4.46591e-45
4.3938e-45
5.76083e-45
5.23454e-45
3.69514e-45
4.99337e-45
6.35102e-45
4.66783e-45
4.32833e-45
5.39728e-45
3.77283e-45
4.73682e-45
3.88962e-45
4.83207e-45
3.73758e-45
