0
0
0
0
0
0
0
0
0
0
0
0
0
0
0
0
0
0
0
0
0
0
0.20491
0.218688
0.222567
0.227311
0.233409
0.25146
0.240818
0.254135
0.225175
0.255032
0.246417
0.396244
0.416463
0.432519
0.457026
0.461664
0.462694
0.464743
0.464353
0.463359
0.444948
0.464751
0.490931
0.522181
0.540354
0.557584
0.556934
0.558769
0.55819
0.557227
0.552303
0.55813
0.558458
0.608309
0.608508
0.693074
0.658782
0.717354
0.644578
0.666581
0.714318
0.65173
0.690643
0.674313
0.648734
0.661824
0.773702
0.708145
0.748489
0.740771
0.756082
0.7648
0.759996
0.74031
0.765357
0.607606
0.649939
0.767964
0.713005
0.785483
0.802358
0.798089
0.776591
0.80978
0.771838
0.810464
0.55171
0.657932
0.84998
0.70675
0.785588
0.817531
0.808619
0.835016
0.861869
0.828994
0.85312
0.634916
0.702689
0.846112
0.776257
0.840081
0.849584
0.866328
0.859195
0.840948
0.859267
0.824775
0.58583
0.721127
0.778843
0.888251
0.817632
0.901587
0.900543
0.853969
0.900319
0.901297
0.901016
0.719395
0.703276
0.787865
0.88886
0.90293
0.844465
0.902326
0.862685
0.901056
0.902489
0.902466
0.594733
0.635398
0.780034
0.879804
0.906059
0.905884
0.837039
0.881832
0.903699
0.894586
0.905514
0.501505
0.601056
0.693254
0.754344
0.889365
0.870601
0.748668
0.802092
0.868356
0.888331
0.871425
