8.9055
8.9056
8.9061
8.9063
8.9053
8.9055
8.9052
8.9045
8.9056
8.9054
8.9056
15.2013
15.1105
14.928
14.0843
14.0765
14.1389
14.1589
14.555
14.3125
14.7406
14.3657
16.0884
15.896
15.6125
14.7904
14.8339
14.6572
14.8827
15.1607
15.4576
14.8847
15.0186
16.3854
16.3933
16.0744
15.3698
15.314
15.3809
15.5821
15.2431
15.8028
15.8185
15.1322
16.509
16.5021
15.5883
16.489
15.6003
15.4383
15.5085
15.9134
15.6953
15.9781
16.0797
17.0855
17.1525
16.1037
17.0411
16.2727
16.2666
16.1473
16.5219
16.3079
16.7366
16.7946
17.5746
17.5843
17.323
16.6204
16.7702
16.6607
16.4328
17.1707
16.7823
16.6369
17.2466
17.8977
17.95
17.6503
17.0439
16.8226
17.1752
16.866
17.1147
16.965
16.7648
17.5286
18.3989
18.2232
17.216
18.0568
16.7429
17.3922
17.3842
17.1012
16.9064
17.1088
17.6933
18.4328
18.1484
17.5003
18.2082
17.2237
17.3926
17.6106
17.6718
17.353
17.4556
17.9368
18.4635
18.1469
18.2764
17.6297
17.4968
17.3629
17.6496
17.6318
17.3557
17.4021
18.1629
18.4735
18.2099
17.4118
18.3827
17.3897
17.4577
17.7785
17.7643
17.8549
18.2878
17.847
18.621
18.8843
17.8058
18.2817
17.9744
17.5584
17.9942
17.9082
17.4731
18.2976
18.0977
18.9387
18.8765
18.8865
17.7442
17.8675
18.1017
18.0583
17.9361
18.3788
17.8827
17.7955
