0.38259
0.383064
0.383093
0.382069
0.383152
0.381545
0.382606
0.382666
0.383178
0.381973
0.381814
0.403267
0.406146
0.41048
0.411925
0.410713
0.411484
0.410462
0.412927
0.412608
0.410169
0.410296
0.418925
0.423342
0.422599
0.428938
0.425759
0.426887
0.432417
0.430466
0.429679
0.431986
0.426713
0.425663
0.421932
0.426623
0.442852
0.443669
0.441269
0.437389
0.443934
0.437113
0.438846
0.438895
0.427436
0.42036
0.446456
0.429323
0.445672
0.444074
0.450769
0.450707
0.445288
0.442796
0.444037
0.418728
0.437338
0.460785
0.434818
0.458629
0.453347
0.458271
0.463777
0.449623
0.454975
0.43723
0.457541
0.440413
0.468086
0.455657
0.458236
0.465864
0.466729
0.461472
0.463615
0.45386
0.443592
0.451213
0.460265
0.451433
0.467531
0.468846
0.472201
0.46985
0.460449
0.463797
0.473298
0.462844
0.45187
0.461589
0.471508
0.488776
0.464
0.473013
0.474442
0.460594
0.458121
0.457993
0.459395
0.455907
0.47088
0.451976
0.47077
0.47479
0.478742
0.481783
0.469039
0.481721
0.490672
0.45122
0.429977
0.491348
0.450852
0.488077
0.481423
0.473115
0.482496
0.480211
0.489489
0.482066
0.480473
0.507428
0.483317
0.488446
0.489946
0.489322
0.473141
0.47824
0.490526
0.490186
0.48876
0.490131
0.511971
0.505395
0.520638
0.492277
0.495294
0.499088
0.512766
0.508311
0.501487
0.489476
0.492082
0.516989
0.540876
0.528984
0.516473
0.504397
0.50692
0.504594
0.519544
0.51338
0.513077
0.523468
