0.363402
0.363402
0.363402
0.363402
0.363402
0.363402
0.363402
0.363402
0.363402
0.363402
0.363402
0.526118
0.49398
0.497337
0.494291
0.498687
0.498687
0.495031
0.493422
0.497378
0.490587
0.489593
0.498618
0.498618
0.498618
0.498618
0.498618
0.498618
0.498618
0.498618
0.498618
0.498618
0.498618
0.498618
0.498618
0.498618
0.498618
0.498618
0.498618
0.498618
0.498618
0.498618
0.498618
0.498618
0.498618
0.498618
0.498618
0.498618
0.498618
0.498618
0.498618
0.498618
0.498618
0.498618
0.498618
0.498618
0.498618
0.498618
0.498618
0.498618
0.498618
0.498618
0.498618
0.498618
0.498618
0.498618
0.498618
0.498618
0.498618
0.498618
0.498618
0.498618
0.498618
0.498618
0.498618
0.498618
0.498618
0.498618
0.498618
0.498618
0.498618
0.498618
0.498618
0.498618
0.498618
0.498618
0.498618
0.498618
0.498618
0.498618
0.498618
0.498618
0.498618
0.498618
0.498618
0.498618
0.498618
0.498618
0.498618
0.498618
0.498618
0.498618
0.498618
0.498618
0.498618
0.498618
0.498618
0.498618
0.498618
0.498618
0.498618
0.498618
0.498618
0.498618
0.498618
0.498618
0.498618
0.498618
0.498618
0.498618
0.498618
0.498618
0.498618
0.498618
0.498618
0.498618
0.498618
0.498618
0.498618
0.498618
0.498618
0.498618
0.498618
0.498618
0.498618
0.498618
0.498618
0.498618
0.498618
0.498618
0.498618
0.498618
0.498618
0.498618
0.498618
0.498618
0.498618
0.498618
0.498618
0.498618
0.498618
0.498618
0.498618
0.498618
