22.3
22.3
22.3
22.3
22.3
22.3
22.3
22.3
22.3
22.3
22.3
22.3
22.3
22.3
22.3
22.3
22.3
22.3
22.3
22.3
22.3
22.3
22.3
22.3
22.3
22.3
22.3
22.3
22.3
22.3
22.3
22.3
22.3
22.3
22.3
22.3
22.3
22.3
22.3
22.3
22.3
22.3
22.3
22.3
22.3
22.301
22.3
22.3
22.3
22.3
22.3
22.301
22.3
22.3
22.301
22.508
22.536
22.534
22.539
22.533
22.536
22.55
22.494
22.528
22.54
22.539
22.83
22.86
22.942
22.842
22.918
22.847
22.913
22.848
22.909
22.969
22.945
23.115
23.127
23.188
23.176
23.21
23.159
23.185
23.212
23.121
23.206
23.101
23.26
23.428
23.377
23.282
23.367
23.392
23.378
23.432
23.37
23.297
23.49
23.516
23.53
23.521
23.553
23.468
23.573
23.548
23.527
23.613
23.5
23.496
23.639
23.65
23.676
23.625
23.717
23.59
23.608
23.671
23.69
23.715
23.745
23.699
23.836
23.772
23.785
23.743
23.856
23.811
23.834
23.873
23.817
23.808
23.764
23.856
23.961
23.884
23.982
23.934
23.874
23.969
23.998
23.975
23.835
24.022
23.968
24.037
24.094
24.119
24.077
24.025
23.956
23.987
24.09
23.911
