0.21
0.21
0.21
0.21
0.21
0.21
0.21
0.21
0.21
0.21
0.21
2.94287
1.01632
3.18354
2.08413
2.22387
1.57242
2.00759
1.27499
1.31286
1.79711
1.58647
1.03421
1.60736
1.74241
2.36305
4.4569
1.62188
3.80459
1.98416
4.38297
1.25682
1.07406
3.94767
1.23628
1.55692
3.7929
4.88677
4.40986
3.59833
4.84108
3.36341
3.27385
4.60213
3.72383
3.57441
4.52682
3.89514
4.15384
4.10596
4.13121
3.29782
4.08064
4.4531
4.43143
2.49481
3.31935
3.90559
3.33131
3.63979
4.04791
4.06345
3.90123
4.2859
4.17354
3.50485
3.64115
3.13032
3.99344
4.29581
3.71074
2.98938
3.75687
3.77578
3.9335
2.83436
4.19429
3.31091
2.49922
3.87563
4.09586
3.45659
2.58851
4.11174
3.91205
4.31625
3.95899
4.19644
3.31898
3.8178
4.44861
3.42259
3.08474
3.21708
4.05211
4.13033
1.78337
3.82758
4.02587
3.93803
4.12127
3.32549
3.63017
3.73257
4.0048
4.20114
3.66464
4.10084
4.57314
3.92586
3.99751
3.34283
4.01449
3.94507
4.46933
3.59394
3.51847
4.44928
4.48482
3.30286
3.50508
4.20201
3.93376
4.23473
3.96435
3.91254
3.37089
4.06326
3.07142
4.10444
2.93307
4.37058
4.0665
2.74133
4.155
3.76903
2.57529
3.99199
4.11292
4.18522
3.59334
2.52151
4.02815
3.97
4.40949
4.18191
3.89216
3.03605
4.53706
3.99401
4.31139
3.7726
3.77062
3.83719
