0.380797
0.380797
0.380797
0.380797
0.380797
0.380797
0.380797
0.380797
0.380797
0.380797
0.380797
0.399893
0.40491
0.420179
0.404201
0.417677
0.427953
0.414034
0.426262
0.424856
0.427522
0.423609
0.408604
0.408097
0.418655
0.437596
0.433546
0.446731
0.448557
0.442714
0.448663
0.444458
0.424954
0.391519
0.410994
0.419394
0.445693
0.447411
0.44929
0.457276
0.457243
0.455787
0.43438
0.451091
0.398865
0.403352
0.4195
0.447309
0.43724
0.461187
0.461852
0.453058
0.431153
0.458614
0.453382
0.343348
0.365828
0.441278
0.398013
0.422067
0.453464
0.440736
0.415449
0.448831
0.442469
0.450303
0.408827
0.38534
0.42649
0.407481
0.420377
0.435737
0.439816
0.430625
0.415442
0.435516
0.430877
0.376764
0.403299
0.413473
0.358172
0.423643
0.414664
0.407364
0.427731
0.407253
0.42137
0.421992
0.373314
0.396368
0.406212
0.392526
0.41334
0.415713
0.414444
0.406079
0.413363
0.407156
0.408176
0.378843
0.423817
0.394525
0.391091
0.40858
0.419037
0.396541
0.411932
0.395256
0.40409
0.410137
0.382376
0.40966
0.421457
0.386293
0.422299
0.406625
0.407704
0.403745
0.393335
0.402013
0.401581
0.445991
0.464564
0.409069
0.405644
0.402425
0.397843
0.405175
0.401806
0.402515
0.397475
0.400269
0.487258
0.460286
0.445027
0.400155
0.405618
0.407585
0.415889
0.414801
0.408872
0.401485
0.406202
0.475521
0.475401
0.403291
0.451057
0.413397
0.408977
0.443284
0.40359
0.416779
0.406413
0.412333
