0.112272
0.112272
0.112272
0.112272
0.112272
0.112272
0.112272
0.112272
0.112272
0.112272
0.112272
0.281979
0.202732
0.157743
0.147187
0.139831
0.14142
0.141227
0.133778
0.141007
0.135955
0.139975
0.474994
0.320693
0.263655
0.143228
0.142031
0.153758
0.145522
0.207189
0.370643
0.224507
0.13869
0.288277
0.378531
0.360119
0.27802
0.270021
0.243073
0.510876
0.281992
0.527637
0.449146
0.31035
0.228336
0.231401
0.539285
0.308021
0.450668
0.543973
0.568614
0.300743
0.262271
0.278005
0.598782
0.463666
0.470037
0.849135
0.079352
0.831433
0.841391
0.845736
0.730738
0.822867
0.568625
0.241716
0.233606
0.234396
0.398757
0.858587
0.849495
0.854563
0.754478
0.733311
0.745724
0.574237
0.242768
0.155596
0.157396
0.477585
0.860523
0.846263
0.838755
0.855301
0.570281
0.576021
0.826546
0.564894
0.386422
0.314278
0.859558
0.400302
0.843511
0.85482
0.570202
0.837402
0.821144
0.827881
0.322503
0.154826
0.392591
0.858127
0.239821
0.842149
0.489075
0.849826
0.657693
0.83497
0.743262
0.484526
0.156368
0.155597
0.857177
0.319419
0.759258
0.853569
0.408325
0.573691
0.838236
0.663269
0.485297
0.544332
0.392591
0.852476
0.398502
0.842461
0.850577
0.407756
0.574876
0.835803
0.4039
0.829084
0.233395
0.315049
0.847987
0.399788
0.842047
0.845238
0.740102
0.408675
0.666901
0.646752
0.662235
0.156111
0.314792
0.159966
0.843388
0.849774
0.819117
0.850674
0.326616
0.324045
0.836058
0.828127
