8.535
8.535
8.535
8.535
8.535
8.535
8.535
8.535
8.534
8.535
8.535
8.549
8.55
8.549
8.55
8.55
8.55
8.549
8.55
8.55
8.55
8.55
8.572
8.587
8.572
8.576
8.577
8.578
8.577
8.578
8.574
8.576
8.576
8.669
8.673
8.644
8.677
8.68
8.682
8.67
8.668
8.68
8.682
8.677
8.765
8.753
8.794
8.791
8.794
8.788
8.794
8.793
8.794
8.782
8.779
8.794
8.794
8.794
8.794
8.794
8.794
8.794
8.794
8.794
8.794
8.794
8.794
8.794
8.794
8.794
8.794
8.794
8.794
8.794
8.794
8.794
8.794
8.794
8.794
8.794
8.794
8.794
8.794
8.794
8.794
8.794
8.794
8.794
8.794
8.794
8.794
8.794
8.794
8.794
8.794
8.794
8.794
8.794
8.794
8.794
8.794
8.794
8.794
8.794
8.794
8.794
8.794
8.794
8.794
8.794
8.794
8.794
8.794
8.794
8.794
8.794
8.794
8.794
8.794
8.794
8.794
8.794
8.794
8.794
8.794
8.794
8.794
8.794
8.794
8.794
8.794
8.794
8.794
8.794
8.794
8.794
8.794
8.794
8.794
8.794
8.794
8.794
8.794
8.794
8.794
8.794
8.794
8.794
8.794
8.794
8.794
8.794
8.794
8.794
