0.358329
0.358329
0.358329
0.358329
0.358329
0.358329
0.358329
0.358329
0.358329
0.358329
0.358329
0.277308
0.272213
0.276405
0.269072
0.276405
0.276405
0.272213
0.276405
0.276405
0.276405
0.276405
0.257099
0.22383
0.231517
0.232379
0.232379
0.246779
0.246779
0.246779
0.246779
0.246779
0.23
0.210713
0.186815
0.234307
0.228254
0.215407
0.206155
0.215407
0.215407
0.192094
0.228254
0.215407
0.17
0.141774
0.161555
0.192094
0.181384
0.205913
0.205183
0.192094
0.175784
0.20025
0.203961
0.311288
0.337787
0.394968
0.344238
0.381576
0.402492
0.385876
0.341321
0.398623
0.402492
0.396106
0.608358
0.621611
0.596322
0.616523
0.576194
0.572364
0.588982
0.588218
0.582752
0.582752
0.588982
0.612291
0.79975
0.848764
0.704344
0.853522
0.66453
0.85
0.853522
0.699214
0.853522
0.853522
0.907744
0.795299
0.920923
0.932148
1.01311
0.84947
0.857963
0.955458
0.857963
0.957549
0.862786
0.888594
0.944934
0.49558
0.654217
0.49558
0.672309
0.49558
0.49558
0.49558
0.49558
0.49558
0.49558
0.49558
0.49558
0.49558
0.49558
0.49558
0.49558
0.49558
0.49558
0.49558
0.49558
0.49558
0.49558
0.49558
0.49558
0.49558
0.49558
0.49558
0.49558
0.49558
0.49558
0.49558
0.49558
0.49558
0.49558
0.49558
0.49558
0.49558
0.49558
0.49558
0.49558
0.49558
0.49558
0.49558
0.49558
0.49558
0.49558
0.49558
0.49558
0.49558
0.49558
0.49558
0.49558
0.49558
