0.5
0.5
0.5
0.5
0.5
0.5
0.5
0.5
0.5
0.5
0.5
0.44425
0.44525
0.451083
0.463083
0.462
0.46575
0.463083
0.457167
0.460583
0.455333
0.458583
0.418167
0.4225
0.424667
0.457
0.461
0.455167
0.462667
0.440833
0.436333
0.447167
0.453
0.408
0.41075
0.41375
0.45525
0.45075
0.4485
0.44625
0.455
0.434
0.4265
0.44575
0.403
0.404667
0.447333
0.407667
0.445333
0.445667
0.452333
0.435333
0.439
0.423667
0.410667
0.412667
0.425333
0.447997
0.419333
0.426
0.43534
0.442
0.417333
0.428
0.41267
0.424667
0.349
0.375
0.375
0.386
0.386
0.387
0.394
0.384
0.39
0.388
0.372
0.44
0.46
0.485
0.5
0.5
0.5
0.5
0.495
0.5
0.5
0.5
0.43
0.425
0.5
0.47
0.5
0.5
0.495
0.5
0.5
0.5
0.49
0.385
0.37
0.5
0.385
0.5
0.5
0.48
0.465
0.485
0.475
0.445
0.355
0.3
0.375
0.495
0.495
0.5
0.45
0.475
0.49
0.485
0.425
0.27
0.34
0.495
0.34
0.49
0.5
0.455
0.44
0.485
0.385
0.475
0.23
0.265
0.32
0.235
0.36
0.37
0.34
0.315
0.31
0.28
0.345
0.23
0.215
0.22
0.35
0.3
0.335
0.305
0.28
0.25
0.3
0.315
