0.0219952
0.0185645
0.0224802
0.0232058
0.0218403
0.0242114
0.0251682
0.0234459
0.0188478
0.0242041
0.0199186
0.0603573
0.061115
0.0577833
0.0658194
0.0640391
0.0505422
0.0557606
0.0617819
0.054457
0.051913
0.0563138
0.103536
0.105556
0.0959464
0.0944047
0.106544
0.0850814
0.101188
0.0921049
0.100561
0.104406
0.104444
0.131913
0.141945
0.126369
0.123326
0.104367
0.119444
0.107945
0.112342
0.11564
0.124715
0.117399
0.158478
0.163409
0.137894
0.145316
0.151812
0.122581
0.146766
0.147461
0.127728
0.130988
0.148481
0.242414
0.232021
0.238928
0.269619
0.231994
0.218538
0.235719
0.224219
0.213666
0.236682
0.236069
0.378837
0.412648
0.282189
0.307259
0.287229
0.33243
0.306273
0.289634
0.333048
0.308093
0.369805
0.548815
0.482034
0.403734
0.311686
0.320162
0.342832
0.34518
0.396947
0.375926
0.392093
0.46632
0.618557
0.657669
0.527874
0.371488
0.384033
0.440557
0.349566
0.399696
0.404444
0.394848
0.53533
0.857784
0.784011
0.597279
0.356641
0.411797
0.37531
0.535063
0.395151
0.372525
0.424034
0.47412
1.09537
0.891986
0.643073
0.421638
0.390598
0.432309
0.48218
0.409131
0.359378
0.371286
0.594809
1.16748
1.20056
0.42187
0.72114
0.412469
0.323856
0.626512
0.502856
0.31869
0.691525
0.462927
1.19329
1.53777
0.365455
0.991545
0.444371
0.425348
0.605226
0.500514
0.412304
0.751951
0.368454
1.29461
1.00342
0.982889
0.375825
0.43049
0.570192
0.422944
0.7443
0.427861
0.722732
0.498265
