0.0242887
0.00698837
0.0121384
0.00354224
0.0105952
0.0192719
0.0128803
0.017566
0.0178753
0.00785314
0.0153872
0.0142745
0.0123258
0.0115012
0.00975936
0.0204851
0.00749648
0.0191152
0.0151489
0.0128419
0.0246256
0.0126252
0.0132011
0.00921212
0.0177096
0.0118616
0.0210907
0.0107123
0.00632723
0.011586
0.0166923
0.0119971
0.0178798
0.00968106
0.0148728
0.0151332
0.0129491
0.00612772
0.00878833
0.0135744
0.0182622
0.0110415
0.0117161
0.0125418
0.0135052
0.0214752
0.0115245
0.0160363
0.00831291
0.0183585
0.0166421
0.0213724
0.0121447
0.00424839
0.00970979
0.00738705
0.0213233
0.0120441
0.00699324
0.0186015
0.0099029
0.00660735
0.0057362
0.0141894
0.00840173
0.0230379
0.01919
0.00784061
0.0183722
0.0159054
0.0158874
0.011626
0.0122848
0.00475509
0.0120552
0.0208717
0.0104997
0.0177887
0.00849497
0.0116057
0.0181222
0.0217091
0.0115169
0.0109037
0.0113842
0.00888246
0.0118319
0.00872889
0.018239
0.0134959
0.0158511
0.00451619
0.0214546
0.012779
0.0183506
0.0209818
0.0207079
0.0172811
0.006792
0.0135874
0.0211475
0.0215484
0.0203546
0.0180755
0.00937303
0.0103278
0.0094133
0.0159099
0.00980825
0.0149545
0.00817414
0.0187385
0.0124163
0.011647
0.0120723
0.00967116
0.0114902
0.00917308
0.0171436
0.0152459
0.00811857
