4.11682e-16
4.11682e-16
4.11682e-16
4.11682e-16
4.11682e-16
4.11682e-16
4.11682e-16
4.11682e-16
4.11682e-16
4.11682e-16
4.11682e-16
0.102762
0.0752635
0.0739635
0.0230835
0.0520447
1.38778e-17
0.00894022
0.0160482
0.0376953
0.0352607
0.00894022
0
0
0
0
0
0
0
0
0
0
0
0
0
0
0
0
0
0
0
0
0
0
0
0
0
0
0
0
0
0
0
0
0
0
0
0
0
0
0
0
0
0
0
0
0
0
0
0
0
0
0
0
0
0
0
0
0
0
0
0
0
0
0
0
0
0
0
0
0
0
0
0
0
0
0
0
0
0
0
0
0
0
0
0
0
0
0
0
0
0
0
0
0
0
0
0
0
0
0
0
0
0
0
0
0
0
0
0
0
0
0
0
0
0
0
0
0
0
0
0
0
0
0
0
0
0
0
0
0
0
0
0
