0.112272
0.112272
0.112272
0.112272
0.112272
0.112272
0.112272
0.112272
0.112272
0.112272
0.112272
0.156662
0.156487
0.157728
0.159305
0.1596
0.1593
0.159418
0.159691
0.158548
0.158735
0.159164
0.187091
0.185773
0.183013
0.1859
0.185738
0.18551
0.185579
0.187416
0.186749
0.185345
0.185903
0.189238
0.197138
0.199355
0.197742
0.197013
0.197351
0.196479
0.197288
0.197013
0.198064
0.197562
0.211711
0.210934
0.201476
0.205712
0.201728
0.200667
0.201775
0.20063
0.201083
0.2003
0.201199
0.201159
0.199978
0.193414
0.202814
0.192598
0.194021
0.193044
0.195302
0.193163
0.19281
0.194953
0.199117
0.194837
0.194601
0.17886
0.179149
0.179832
0.178224
0.182182
0.18145
0.181429
0.18522
0.186414
0.198381
0.179281
0.166301
0.167436
0.165582
0.166989
0.165733
0.169072
0.16812
0.176003
0.205692
0.16126
0.156043
0.173485
0.158302
0.15694
0.15946
0.158885
0.158935
0.161285
0.164163
0.236916
0.216101
0.148462
0.176328
0.15065
0.146473
0.148869
0.147458
0.148784
0.148899
0.1686
0.25416
0.251573
0.143798
0.188674
0.14332
0.14282
0.149202
0.143894
0.143998
0.145771
0.166628
0.292117
0.272682
0.139905
0.203182
0.138498
0.13836
0.152526
0.144303
0.137546
0.166818
0.142975
0.323989
0.261832
0.135648
0.19386
0.135897
0.135021
0.142136
0.161952
0.137587
0.155022
0.137312
0.326665
0.361512
0.207469
0.134108
0.133601
0.138516
0.134038
0.159286
0.1646
0.136079
0.138959
