0.0260144
0.0263201
0.0271662
0.0267163
0.0291237
0.0294515
0.0297676
0.0264575
0.0268498
0.0290412
0.0318239
1.09697
0.961094
1.15285
1.03752
1.05613
1.03209
0.995405
1.10218
0.954104
1.37086
1.07589
1.14685
1.2763
1.02987
0.962558
1.21888
1.24051
1.02283
0.915818
1.12648
1.02752
1.07828
1.00833
1.28092
1.20078
1.14033
1.16106
1.2203
1.06549
1.08215
0.726904
1.26555
0.949251
1.35152
1.12392
1.3295
1.18172
1.24477
0.844818
1.05164
0.731329
0.973502
0.784119
0.966097
1.23222
1.07523
1.06374
1.33538
1.32052
1.2947
1.10238
1.09971
1.15408
1.09609
1.2953
1.05652
1.42518
1.17673
1.11407
1.18047
0.86437
1.05221
0.958967
0.908258
1.32602
1.04473
1.35424
1.24762
1.4771
0.80388
1.07477
1.22066
1.30588
1.024
0.993531
1.0021
1.34426
1.23011
1.48467
1.15868
1.4819
0.741585
1.16884
1.13868
0.797655
0.937425
0.950464
1.15595
1.31186
1.25476
0.949399
1.12005
1.39602
1.15743
0.858338
0.990983
0.848981
1.06036
1.06836
1.20967
1.36081
1.00201
1.09224
0.963739
1.14857
0.8949
1.18201
1.07125
0.835434
1.06527
1.11414
1.35745
1.13789
1.28099
1.07074
1.01114
1.03376
0.920142
0.98201
1.3032
0.931079
1.22101
1.05521
0.86129
1.42898
1.14622
0.977083
0.94806
1.10108
0.825966
1.32361
1.25684
1.13242
1.17248
1.08402
1.35219
0.976452
1.2936
0.990673
1.2191
1.03666
1.02431
1.10967
