0.382533
0.382617
0.382324
0.382475
0.382284
0.382556
0.382504
0.382194
0.382458
0.382398
0.38275
0.479578
0.48727
0.483728
0.481286
0.487687
0.484545
0.481968
0.483971
0.484207
0.483964
0.483545
0.516128
0.559497
0.571456
0.558432
0.558304
0.561292
0.557299
0.566441
0.567715
0.577357
0.560497
0.455032
0.479768
0.571478
0.649729
0.650696
0.641251
0.625583
0.65065
0.597218
0.631422
0.639886
0.414152
0.419165
0.706201
0.454379
0.696227
0.696293
0.701317
0.653876
0.689382
0.607414
0.525916
0.38486
0.390034
0.649168
0.391515
0.51935
0.585078
0.618086
0.459323
0.418519
0.399347
0.395418
0.379135
0.383748
0.409366
0.387908
0.399451
0.397373
0.401513
0.39041
0.388749
0.39391
0.387882
0.386155
0.385545
0.385558
0.387742
0.388309
0.387821
0.388594
0.386928
0.388322
0.387486
0.386415
0.374309
0.378773
0.385285
0.385623
0.386323
0.3855
0.386256
0.386046
0.386166
0.386967
0.385903
0.374165
0.370033
0.384805
0.385389
0.3847
0.385216
0.386123
0.385831
0.384761
0.385106
0.386317
0.362192
0.370545
0.378289
0.384705
0.384985
0.385079
0.385851
0.385074
0.384779
0.385986
0.385874
0.366399
0.377541
0.385342
0.378355
0.385308
0.384832
0.385584
0.386097
0.384794
0.385942
0.385676
0.339206
0.378175
0.386081
0.384743
0.385351
0.384968
0.38532
0.385675
0.38476
0.382161
0.386191
0.366855
0.366875
0.385421
0.385014
0.385032
0.385617
0.385037
0.386278
0.384983
0.385731
0.384898
