0.5
0.5
0.5
0.5
0.5
0.5
0.5
0.5
0.5
0.5
0.5
0.458333
0.458333
0.450833
0.475833
0.471667
0.476667
0.4675
0.468333
0.475
0.4725
0.475833
0.44
0.451667
0.443333
0.471667
0.483333
0.475
0.476308
0.448333
0.44
0.461667
0.445999
0.48
0.485
0.4825
0.495
0.4975
0.49
0.47
0.485
0.475
0.4675
0.4725
0.601501
0.567674
0.498308
0.496667
0.503237
0.501125
0.5
0.48736
0.495878
0.483333
0.469989
0.601501
0.601501
0.526554
0.601501
0.523238
0.533221
0.533221
0.523905
0.517334
0.560794
0.591512
0.601501
0.601501
0.601501
0.601501
0.601501
0.5812
0.601501
0.561243
0.601501
0.591449
0.601501
0.601501
0.601501
0.601501
0.601501
0.591295
0.591226
0.601501
0.580996
0.601501
0.601501
0.601501
0.601501
0.601501
0.601501
0.601501
0.601501
0.601501
0.591226
0.601501
0.601501
0.601501
0.601501
0.601501
0.601501
0.601501
0.601501
0.601501
0.601501
0.601501
0.601501
0.591453
0.601501
0.601501
0.601501
0.601501
0.601501
0.601501
0.601501
0.601501
0.591295
0.601501
0.601501
0.601501
0.601501
0.601501
0.601501
0.601501
0.601501
0.601501
0.601501
0.601501
0.601501
0.601501
0.601501
0.601501
0.601501
0.601501
0.601501
0.601501
0.601501
0.601501
0.601501
0.601501
0.601501
0.601501
0.601501
0.601501
0.601501
0.601501
0.601501
0.591104
0.601501
0.601501
0.601501
0.601501
0.601501
0.601501
