0.277366
0.250186
0.257782
0.271342
0.274347
0.280636
0.265694
0.250333
0.280194
0.277569
0.2794
0.277957
0.264731
0.274549
0.257781
0.2671
0.262359
0.272424
0.274291
0.245695
0.287645
0.27415
0.257501
0.250154
0.296639
0.276068
0.26224
0.280445
0.260543
0.284951
0.269214
0.278739
0.244339
0.289529
0.267207
0.270543
0.290084
0.278091
0.274911
0.282273
0.247978
0.272912
0.27714
0.276974
0.266085
0.280362
0.278449
0.2592
0.266668
0.267356
0.283971
0.260154
0.277884
0.270654
0.285424
0.292912
0.268075
0.268966
0.284733
0.269407
0.286549
0.257743
0.29893
0.271833
0.27091
0.286264
0.269232
0.266575
0.27707
0.286681
0.272981
0.241082
0.2832
0.261728
0.274151
0.278616
0.280512
0.282814
0.257954
0.278537
0.265138
0.279776
0.271254
0.25679
0.257299
0.271667
0.244681
0.262979
0.297797
0.290907
0.255487
0.281798
0.283657
0.248867
0.310055
0.274339
0.261082
0.304615
0.277099
0.276994
0.274488
0.280064
0.273088
0.279425
0.271151
0.275859
0.265063
0.290896
0.274355
0.282557
0.269002
0.302547
0.279445
0.264658
0.294285
0.267758
0.245913
0.259497
0.252376
0.284402
0.26306
