0
0
0
0
0
0
0
0
0
0
0
0.874343
0.884794
0.90085
0.929253
0.92186
0.913638
0.951596
0.950017
0.942198
0.947072
0.935976
0.874802
0.885133
0.923985
0.932844
0.900989
0.955355
0.942314
0.957991
0.959694
0.913832
0.950402
0.874268
0.884782
0.902646
0.93816
0.928679
0.946323
0.962476
0.964882
0.918273
0.959677
0.954506
0.875936
0.885913
0.902789
0.938373
0.927955
0.945981
0.966469
0.964476
0.918825
0.955982
0.961881
0.877538
0.887917
0.940628
0.905251
0.932276
0.970987
0.949274
0.969436
0.921538
0.96453
0.96026
0.87663
0.888579
0.941204
0.907155
0.9517
0.968535
0.93121
0.970325
0.921402
0.960338
0.963706
0.877827
0.88951
0.939435
0.907508
0.968737
0.921622
0.970907
0.950703
0.93106
0.957726
0.9647
0.878437
0.887254
0.942142
0.906052
0.921441
0.971058
0.968315
0.949209
0.964715
0.933008
0.958929
0.877279
0.88808
0.906174
0.940982
0.922194
0.97008
0.95091
0.970771
0.933821
0.96019
0.965279
0.875678
0.888256
0.907858
0.942728
0.96953
0.921905
0.972402
0.934643
0.951869
0.95932
0.966136
0.877905
0.888207
0.906921
0.942369
0.96871
0.922629
0.972323
0.950827
0.932258
0.96729
0.960249
0.877001
0.889113
0.907176
0.943362
0.973139
0.970794
0.933484
0.923978
0.951059
0.96031
0.96574
0.87602
0.888411
0.941816
0.9056
0.968774
0.971448
0.932088
0.951194
0.922136
0.959295
0.964659
