8.8442
8.8463
8.845
8.8464
8.8455
8.8483
8.8461
8.8468
8.8458
8.8383
8.841
11.1228
11.0807
11.1678
11.1555
11.2089
11.1823
11.1821
11.1711
11.1895
11.125
11.2017
8.9053
8.9053
8.9044
8.9056
8.9056
8.9057
8.9053
8.9062
8.9053
8.9057
8.9048
8.9057
8.9066
8.9054
8.9062
8.9059
8.9054
8.9052
8.9049
8.9057
8.9054
8.9053
8.9061
8.9047
8.9053
8.9057
8.9052
8.9055
8.9049
8.9054
8.9058
8.9055
8.905
8.906
8.9059
8.905
8.9053
8.9057
8.9055
8.905
8.9054
8.9059
8.9051
8.9058
8.9048
8.905
8.9046
8.9045
8.904
8.9054
8.9054
8.9059
8.9063
8.9048
8.9058
8.9057
8.9063
8.9055
8.9048
8.9046
8.9059
8.9052
8.9053
8.9057
8.9062
8.9054
8.9053
8.9054
8.9052
8.9053
8.906
8.9059
8.9046
8.9049
8.906
8.9049
8.9047
8.9053
8.9044
8.9056
8.9061
8.9043
8.9049
8.9061
8.9046
8.9058
8.9062
8.906
8.9048
8.9056
8.9049
8.9059
8.9047
8.9065
8.9057
8.9062
8.9051
8.9042
8.905
8.9052
8.9054
8.9059
8.905
8.9055
8.9054
8.9049
8.9063
8.9048
8.9049
8.9058
8.905
8.9054
8.9059
8.9056
8.9059
8.9055
8.9061
8.9054
8.9052
8.9062
8.9055
8.9043
8.9041
8.9062
8.9052
8.9052
8.905
8.9054
8.9057
8.9051
8.9055
8.9059
