0.269451
0.256714
0.26715
0.263432
0.283463
0.261077
0.269852
0.258829
0.263129
0.303909
0.28267
0.263108
0.270865
0.268334
0.260141
0.284812
0.296315
0.279451
0.272671
0.264694
0.290672
0.281412
0.270983
0.242549
0.269918
0.282758
0.286532
0.251727
0.250014
0.301228
0.292409
0.272589
0.282728
0.249416
0.251578
0.242326
0.286506
0.271099
0.288014
0.278473
0.258297
0.280297
0.271254
0.269603
0.289383
0.275233
0.271139
0.292912
0.249937
0.276315
0.251776
0.268226
0.256378
0.270009
0.289485
0.274045
0.276679
0.277401
0.276651
0.277801
0.271927
0.249527
0.257749
0.263301
0.278248
0.269141
0.27298
0.271376
0.260912
0.243797
0.284499
0.26565
0.284566
0.272621
0.267766
0.262967
0.26799
0.272735
0.268052
0.274611
0.250275
0.264278
0.272731
0.255396
0.274478
0.252593
0.291726
0.275017
0.267766
0.26755
0.274155
0.282047
0.278866
0.271557
0.273251
0.280121
0.262448
0.263382
0.273353
0.252657
0.264716
0.255407
0.257298
0.284324
0.270237
0.291607
0.277519
0.258288
0.274463
0.267881
0.258076
0.284687
0.279434
0.29083
0.277738
0.28399
0.268697
0.27825
0.2918
0.273473
0.274964
