0.395599
0.396472
0.395092
0.396314
0.397522
0.395939
0.396695
0.398284
0.398833
0.396047
0.396976
0.361646
0.339354
0.341497
0.324336
0.343167
0.364329
0.353899
0.340141
0.337933
0.32493
0.350221
0.25722
0.274682
0.232901
0.304553
0.246737
0.289905
0.296068
0.330096
0.339338
0.372335
0.321402
0.248047
0.31593
0.257792
0.22471
0.206921
0.226117
0.266074
0.225975
0.244285
0.231895
0.246362
0.329055
0.20258
0.200108
0.223533
0.208383
0.258935
0.171896
0.239741
0.153313
0.263729
0.201554
0.2102
0.174988
0.209381
0.195558
0.275145
0.23034
0.181588
0.220947
0.188014
0.220432
0.162711
0.164574
0.230285
0.247449
0.233741
0.182008
0.229086
0.151689
0.143987
0.191803
0.162855
0.253579
0.219253
0.175288
0.256898
0.270171
0.22052
0.21644
0.192011
0.238976
0.217283
0.172627
0.201246
0.237653
0.285877
0.247746
0.195672
0.153512
0.141012
0.143375
0.210902
0.199146
0.182001
0.115111
0.210297
0.248633
0.186476
0.200243
0.188302
0.105616
0.265418
0.201109
0.182072
0.229623
0.268594
0.228706
0.193701
0.213817
0.161985
0.134328
0.300908
0.115256
0.228734
0.227494
0.220577
0.191747
0.22862
0.212166
0.270173
0.247678
0.182318
0.22064
0.178777
0.198687
0.190924
0.229876
0.153409
0.238159
0.156359
0.247793
0.176911
0.172837
0.230456
0.265415
0.216264
0.2388
0.172925
0.220673
0.237719
0.239169
0.180976
0.230596
0.242092
0.22082
0.17087
0.188056
0.248754
0.287255
0.17215
