0.231517
0.231517
0.231517
0.231517
0.231517
0.231517
0.231517
0.231517
0.231517
0.231517
0.231517
0.814187
0.565332
0.711969
0.922171
0.689928
0.709154
0.717565
0.717565
0.719444
0.717565
0.701142
0.867179
0.78924
0.934024
0.910824
0.950842
0.94
0.938136
0.94
0.938136
1.00319
0.926337
0.723948
0.818291
0.858196
1.01272
0.834566
1.00941
1.02078
1.00344
0.810925
1.00344
1.02572
0.694262
0.697496
0.93086
0.836899
0.921954
0.867237
1.0028
0.8743
0.833067
0.867237
0.838809
0.72
0.756902
0.861684
0.885946
0.831865
0.851411
0.875443
0.851411
0.804984
0.851411
0.851176
0.805295
0.811419
0.767854
0.842674
0.806288
0.822435
0.786384
0.818291
0.814616
0.815843
0.818291
0.951262
0.86741
0.808764
0.839107
0.800999
0.800999
0.911921
0.821949
0.780769
0.787972
0.78867
0.915642
1.03851
0.808764
0.7245
0.777239
0.792528
0.778717
0.755248
0.806784
0.796492
0.778717
0.711969
0.783326
0.745386
0.772593
0.758683
0.78032
0.776917
0.781025
0.783645
0.78032
0.78032
0.744312
0.80895
0.768115
0.774597
0.78543
0.827103
0.790949
0.70859
0.778524
0.804301
0.784602
0.851117
0.780064
0.68
0.78543
0.770454
0.752064
0.790949
0.781089
0.772334
0.815107
0.795047
0.831925
0.829216
0.762955
0.776144
0.790949
0.790949
0.819085
0.825591
0.765506
0.788416
0.784602
0.65643
0.772593
0.776466
0.7687
0.782879
0.782879
0.762955
0.833367
0.756902
0.779744
0.782879
