0.00195312
0.5
1
0.25
0.000976562
0.00390625
0.125
0.015625
0.0078125
0.0625
0.03125
0.00195312
0.5
1
0.25
0.000976562
0.00390625
0.00195312
0.125
0.5
0.015625
0.0078125
1
0.0625
0.25
0.03125
0.000976562
0.00195312
0.00390625
0.125
0.5
1
0.25
0.015625
0.0078125
0.0625
0.03125
0.125
0.000976562
0.00195312
0.00390625
0.5
1
0.25
0.125
0.015625
0.0078125
0.0625
0.03125
0.000976562
0.00195312
0.5
0.00390625
1
0.125
0.25
0.0078125
0.015625
0.0625
0.03125
0.000976562
0.00195312
0.00390625
0.5
0.125
1
0.25
0.0078125
0.015625
0.0625
0.03125
0.125
0.00195312
0.000976562
0.00390625
0.5
1
0.25
0.0078125
0.015625
0.125
0.0625
0.03125
0.000976562
0.00195312
0.00390625
0.5
1
0.25
0.125
0.0078125
0.015625
0.0625
0.03125
0.000976562
0.00195312
0.5
0.00390625
0.125
0.25
1
0.0078125
0.015625
0.0625
0.5
0.03125
0.000976562
0.00195312
0.00390625
0.25
0.015625
1
0.0625
0.0078125
0.03125
0.00390625
0.000976562
0.015625
0.0625
0.03125
0.0078125
