1.11022e-15
1.11022e-15
1.11022e-15
1.11022e-15
1.11022e-15
1.11022e-15
1.11022e-15
1.11022e-15
1.11022e-15
1.11022e-15
1.11022e-15
0.0997798
0.0897365
0.075701
0.0311642
0.0436631
0.0066034
0.0470248
0.0122546
0.0078789
0.0199353
0.00593027
1.10475e-44
1.06347e-44
1.11069e-44
1.05049e-44
1.07119e-44
1.06308e-44
1.10234e-44
9.79242e-45
1.02149e-44
1.15495e-44
1.04346e-44
1.11458e-44
1.12001e-44
1.03515e-44
1.06421e-44
1.01238e-44
1.07241e-44
1.05439e-44
1.08229e-44
1.03535e-44
9.85943e-45
9.71683e-45
1.11947e-44
1.04513e-44
1.10441e-44
1.10186e-44
1.04486e-44
1.09957e-44
1.05264e-44
1.15029e-44
1.07298e-44
1.06383e-44
1.09598e-44
1.1753e-44
1.03228e-44
1.03253e-44
1.06884e-44
1.04701e-44
1.08347e-44
1.09489e-44
1.05645e-44
1.04341e-44
1.08334e-44
1.10227e-44
1.07756e-44
1.09205e-44
1.00793e-44
1.04677e-44
1.07562e-44
1.09118e-44
1.063e-44
1.05497e-44
1.05037e-44
1.08442e-44
1.05508e-44
1.11451e-44
1.04206e-44
1.03082e-44
1.04403e-44
1.07033e-44
1.10118e-44
1.09414e-44
1.04041e-44
1.0952e-44
1.19243e-44
1.04699e-44
9.86085e-45
1.10456e-44
1.05228e-44
1.05832e-44
1.13229e-44
1.07192e-44
1.09251e-44
1.03451e-44
1.03993e-44
1.07988e-44
1.10042e-44
1.01882e-44
9.93768e-45
1.09452e-44
1.09432e-44
1.17459e-44
1.11931e-44
1.10287e-44
1.01134e-44
1.08965e-44
1.01558e-44
1.04787e-44
1.11022e-44
1.06698e-44
1.069e-44
1.06932e-44
1.1176e-44
1.04249e-44
1.03574e-44
1.02853e-44
9.31425e-45
1.10086e-44
1.02598e-44
1.03301e-44
1.04314e-44
1.03995e-44
9.60892e-45
1.09642e-44
1.09314e-44
1.05976e-44
1.10179e-44
1.04498e-44
1.25677e-44
1.07068e-44
1.04043e-44
1.069e-44
1.06535e-44
1.07293e-44
1.14131e-44
1.06779e-44
1.06873e-44
1.07558e-44
1.01821e-44
1.10346e-44
9.12451e-45
1.03862e-44
1.1322e-44
1.13718e-44
1.08626e-44
1.01381e-44
1.12876e-44
1.0516e-44
1.15494e-44
1.04838e-44
1.00929e-44
1.03537e-44
