8.535
8.535
8.535
8.535
8.535
8.535
8.535
8.535
8.535
8.535
8.535
12.642
12.81
12.463
12.912
12.591
13.048
13.256
12.941
12.631
12.45
12.707
12.93
14.078
13.48
12.628
13.077
13.454
12.743
13.091
13.184
13.019
13.76
14.62
14.307
14.325
14.352
12.926
13.42
13.404
13.453
13.858
13.48
13.714
14.53
14.43
13.317
14.504
13.934
13.956
13.774
13.492
13.973
14.74
14.707
14.143
13.672
13.515
14.006
14.291
13.638
13.906
13.84
13.884
13.974
13.611
14.922
14.542
14.434
12.555
13.225
13.818
12.904
14.151
13.156
13.324
13.817
13.96
14.297
14.213
13.044
13.815
13.777
13.142
14.107
14.988
13.538
14.056
14.507
14.446
13.339
14.867
13.349
13.92
14.179
13.556
13.824
13.787
14.121
15.461
14.464
13.707
14.882
12.577
13.747
13.927
14.002
10.771
13.854
14.427
14.848
14.877
14.657
13.88
13.608
13.649
14.115
14.387
14.108
14.101
14.566
15.052
14.803
13.868
14.995
14.424
14.804
14.933
14.623
14.759
14.359
13.909
14.84
15.456
13.011
15.031
13.84
14.534
14.957
14.387
14.151
15.01
14.212
14.74
15.41
14.242
14.073
14.55
14.106
12.674
15.173
14.421
13.63
14.425
