0.649322
0.649322
0.649322
0.649322
0.649322
0.649322
0.649322
0.649322
0.649322
0.649322
0.649322
0.664609
0.654437
0.633292
0.637721
0.632519
0.646073
0.633557
0.632698
0.631375
0.630312
0.629541
0.736507
0.742931
0.678359
0.690923
0.714285
0.681923
0.681955
0.680804
0.682801
0.690692
0.680615
0.76701
0.770204
0.770248
0.738612
0.738247
0.74308
0.748095
0.747788
0.745821
0.747966
0.745658
0.756212
0.776934
0.762616
0.792283
0.751143
0.792845
0.773676
0.792677
0.756011
0.784188
0.773358
0.652127
0.653454
0.778319
0.684451
0.790379
0.841714
0.772006
0.840107
0.738622
0.840026
0.828079
0.649563
0.649645
0.753046
0.649791
0.815199
0.76947
0.703823
0.850028
0.651734
0.814246
0.848882
0.649341
0.649344
0.677958
0.649438
0.853371
0.851645
0.649445
0.753772
0.651502
0.810627
0.851759
0.649323
0.649334
0.649576
0.649338
0.649344
0.85678
0.856686
0.665809
0.649361
0.731713
0.794823
0.649322
0.649322
0.649324
0.649363
0.649325
0.776756
0.649574
0.811742
0.649329
0.731758
0.713915
0.649322
0.649322
0.649322
0.64933
0.733879
0.649323
0.797078
0.649324
0.649354
0.711585
0.649405
0.649322
0.649322
0.649322
0.649323
0.753567
0.649322
0.79762
0.649326
0.649322
0.649397
0.671874
0.649322
0.649322
0.649322
0.649322
0.77782
0.756344
0.649322
0.649322
0.649322
0.649329
0.649341
0.649322
0.649322
0.649322
0.649322
0.692241
0.756691
0.649322
0.649322
0.649322
0.649323
0.691961
