0.0194368
0.0196619
0.0186148
0.0181945
0.0197714
0.0206155
0.0174459
0.017793
0.0184008
0.0185825
0.0201851
0.18016
0.183858
0.163059
0.167164
0.175382
0.169547
0.178032
0.174406
0.161553
0.174082
0.169168
0.168466
0.159586
0.1549
0.160904
0.167841
0.158047
0.141704
0.167519
0.154914
0.154434
0.172797
0.158768
0.157806
0.160923
0.160685
0.166688
0.16903
0.160225
0.151616
0.164906
0.157208
0.168101
0.18354
0.156315
0.145446
0.154676
0.162717
0.165891
0.145698
0.151417
0.167483
0.169358
0.153376
0.166048
0.15932
0.173292
0.151297
0.15673
0.155416
0.141615
0.148305
0.175559
0.159993
0.1722
0.147582
0.168746
0.158913
0.155906
0.159354
0.156803
0.173352
0.163087
0.157264
0.163849
0.168108
0.173723
0.152506
0.138783
0.156831
0.15633
0.16809
0.147802
0.154659
0.154837
0.1524
0.162054
0.140274
0.1499
0.166087
0.172418
0.1619
0.154742
0.154434
0.141924
0.146765
0.153948
0.145799
0.170228
0.178462
0.150897
0.142741
0.155168
0.152254
0.16171
0.159324
0.167332
0.165356
0.170227
0.154616
0.158488
0.159339
0.155489
0.165224
0.16139
0.15266
0.166695
0.164879
0.162274
0.170247
0.172874
0.174228
0.156089
0.168844
0.154823
0.146986
0.162856
0.170996
0.173853
0.158984
0.163053
0.13727
0.170059
0.168741
0.150348
0.171
0.157387
0.16948
0.159832
0.177189
0.163998
0.158317
0.163016
0.164222
0.166063
0.154645
0.143875
0.151957
0.127878
0.172853
0.158126
0.167621
0.171394
