0.248467
0.240788
0.236761
0.228377
0.247909
0.262562
0.236666
0.262107
0.241238
0.259636
0.241404
0.185375
0.193109
0.179652
0.177705
0.20267
0.212735
0.197828
0.190838
0.20912
0.203654
0.202475
0.168793
0.191217
0.184932
0.179474
0.185135
0.730021
0.147309
0.277883
0.284253
0.203853
0.358579
0.416244
0.254488
0.215729
0.357462
0.162678
0.152483
0.264734
0.503786
0.153545
0.369183
0.405535
0.496438
0.4372
0.345607
0.242526
0.321241
0.275652
0.271006
0.235381
0.357351
0.171985
0.223327
1.61982
1.44699
2.60417
1.72279
2.38511
3.29574
2.32564
3.20312
1.72608
2.26927
2.38949
0.193233
0.870228
1.12761
0.205027
2.27161
2.40868
1.97976
2.38218
0.377586
2.89064
2.77561
2.22665
1.3751
4.05119
3.94483
4.74713
3.46423
4.56738
4.28206
3.76079
4.63153
5.0112
3.13118
1.76115
2.97803
3.33965
2.15958
5.41578
5.0027
4.9022
5.3423
5.3706
3.44454
3.04557
3.11651
4.15326
4.9543
4.49954
4.77598
5.45088
4.85456
5.03784
4.87373
4.94417
2.08991
2.28115
3.74667
4.55438
5.88147
4.33398
5.67822
3.995
5.34725
5.58682
5.68894
1.70173
2.08962
2.35934
4.14236
4.67098
3.41767
4.7279
4.25509
4.02376
4.90304
5.2687
2.64833
2.78299
2.90097
3.75077
5.38638
5.66989
3.90527
3.71837
5.55728
5.32517
5.21611
2.08583
2.44959
4.88949
3.42447
5.05168
5.07344
4.50247
4.00952
3.85895
5.54309
5.13416
