4.26425e-15
4.26425e-15
4.26425e-15
4.26425e-15
4.26425e-15
4.26425e-15
4.26425e-15
4.26425e-15
4.26425e-15
4.26425e-15
4.26425e-15
0.0712952
0.0839904
0.00823112
0.00241161
0.00631753
0.00520476
0.0483216
0.020726
0.0265486
0.034959
0.0188452
0.248692
0.0310623
0.0477092
0.0051393
0.00345773
0.00491973
0.0112205
0.0424637
0.0270081
0.04766
0.016709
0.258656
0.00915129
0.0782812
0.0361162
0.0082897
0.0458612
0.0295017
0.0234787
0.0736741
0.0274549
0.033148
0.0102271
0.00309837
0.000717513
0.00648337
0.074525
0.0866114
0.001844
0.129202
0.0794181
0.11533
0.0145635
0.000558726
0.000473036
0.129111
0.000470451
0.126212
0.194657
0.196601
0.00169237
0.00201167
0.00119173
0.000651903
0.264233
1.57113e-05
0.204972
2.97867e-05
0.177742
6.90811e-05
0.217747
7.60534e-05
2.96906e-05
6.46228e-05
3.64938e-05
0.264239
1.50653e-06
0.264239
0.223044
1.51455e-05
0.180714
2.06187e-06
9.05264e-07
2.81391e-06
1.92917e-06
9.64366e-07
0.352319
1.68304e-08
3.77361e-08
0.224297
0.13517
9.45852e-08
0.210247
2.22404e-06
1.20488e-07
8.50653e-08
5.19744e-08
1.52315e-09
1.05573e-09
1.46486e-09
0.227231
3.27202e-09
3.54392e-07
1.35194e-09
5.60484e-09
2.49113e-09
2.0319e-09
1.06441e-09
0.352319
0.352319
5.75319e-11
0.186377
2.18051e-08
0.140891
1.36717e-10
1.44907e-10
1.11532e-10
9.46817e-11
7.1698e-11
8.78162e-13
0.264239
0.136414
2.42531e-12
2.19317e-08
6.15354e-09
1.69415e-12
3.98119e-12
2.48462e-12
1.29361e-12
3.75681e-12
0.352319
0.403632
6.36051e-08
0.264239
9.09579e-10
5.44742e-08
1.89466e-13
8.87998e-14
1.52046e-13
4.21825e-14
8.60064e-14
0.403632
0.264239
1.37417e-15
5.79899e-09
4.26552e-11
4.12967e-15
3.16209e-10
4.98891e-15
3.73949e-15
4.77267e-15
2.54578e-15
