0.8
0.8
0.8
0.8
0.8
0.8
0.8
0.8
0.8
0.8
0.8
0.165015
0.155049
0.11303
0.108362
0.113263
0.106872
0.120878
0.105084
0.10568
0.107468
0.106574
0
0
1.43173e-48
2.27675e-49
0
0
0
4.22596e-49
0
2.37339e-48
0
0
0
0
1.55161e-49
0
4.30823e-49
6.62576e-48
0
0
0
0
0
0
0
0
0
0
7.19303e-49
0
0
1.13784e-48
1.2363e-48
3.24098e-48
0
0
0
2.89568e-48
0
0
5.07417e-49
0
1.26477e-48
3.54562e-49
0
0
0
2.54152e-48
8.51424e-49
0
0
0
1.84878e-48
3.81838e-49
0
0
0
0
1.98357e-48
2.00865e-49
0
0
2.52511e-49
2.15855e-49
0
2.43042e-49
0
0
2.96219e-48
0
0
1.22903e-48
6.50515e-49
0
0
0
0
0
0
0
2.96175e-49
0
2.71212e-48
0
0
8.00532e-49
0
0
5.14026e-50
3.73125e-48
0
0
0
0
0
0
0
0
0
0
0
0
0
7.50637e-49
2.86816e-49
0
0
1.20568e-48
6.59492e-48
0
4.68566e-50
0
0
0
0
0
4.78093e-48
0
0
0
0
0
0
0
0
0
0
0
0
2.20308e-48
0
0
