0.000948816
0.000270912
0.000317259
0.000615188
0.000276734
0.000591828
0.00043136
0.000345119
0.000683054
0.000194215
0.00120379
0.0282619
0.0134294
0.00917356
0.0184007
0.0106829
0.00321324
0.018201
0.00612898
0.00275695
0.00340131
0.00685613
0.0818121
0.0387136
0.0523059
0.0392597
0.0260965
0.0231673
0.0103154
0.0257218
0.0277787
0.0273002
0.0417053
0.140326
0.0851852
0.0637682
0.0522087
0.0526773
0.023113
0.0469018
0.0290516
0.0264459
0.0873531
0.0447854
0.0619147
0.0937633
0.11199
0.0659572
0.0877619
0.0605085
0.0521316
0.0612895
0.0688041
0.0815277
0.0477291
0.266508
0.183934
0.188947
0.131739
0.14574
0.139043
0.142366
0.11286
0.178123
0.0633707
0.191514
0.238911
0.234568
0.160963
0.201579
0.141642
0.171767
0.216763
0.194755
0.209224
0.182223
0.255342
0.285269
0.407094
0.196571
0.317913
0.137229
0.23132
0.23106
0.237142
0.263716
0.283125
0.193827
0.362738
0.373414
0.24827
0.207833
0.303351
0.262344
0.242131
0.184877
0.199174
0.320479
0.269997
0.313992
0.420574
0.204693
0.349071
0.206267
0.270011
0.24071
0.274217
0.369896
0.284446
0.263077
0.400572
0.361846
0.443298
0.25806
0.187578
0.234793
0.288616
0.268144
0.299567
0.27065
0.247846
0.433415
0.419685
0.375504
0.29709
0.189918
0.310497
0.287578
0.276862
0.328898
0.246121
0.294923
0.437881
0.360128
0.453216
0.310335
0.258087
0.282161
0.322766
0.336539
0.348701
0.376162
0.13389
0.416719
0.200308
0.399588
0.347781
0.33556
0.409909
0.395746
0.365893
0.277363
0.272209
0.396924
