8.8622
8.8563
8.8578
8.8549
8.8574
8.8534
8.8548
8.8603
8.8614
8.8595
8.8612
8.9032
8.9007
8.8994
8.894
8.8987
8.8902
8.894
8.9009
8.8968
8.8943
8.8948
8.9365
8.9249
8.9338
8.929
8.9234
8.9361
8.9392
8.9271
8.9254
8.9259
8.9421
9.0643
9.0175
9.0241
8.9603
8.9668
8.9818
8.9815
8.9823
8.9941
8.9953
8.9792
9.2291
9.2287
9.0761
9.2101
9.0636
9.076
9.0803
9.0734
9.104
9.096
9.1293
9.9111
9.9254
9.6538
9.8681
9.7167
9.7113
9.7114
9.72
9.7231
9.7604
9.7762
10.4499
10.4143
10.3776
10.4407
10.3612
10.3875
10.3889
10.4364
10.3812
10.3917
10.4018
10.7166
10.8169
10.8155
10.8527
10.8507
10.8373
10.843
10.8464
10.8537
10.8569
10.8531
10.9683
10.9811
11.0491
11.0038
11.0245
11.0217
11.0116
11.0039
11.0463
11.0182
11.0262
11.0912
11.1077
11.1455
11.1473
11.161
11.1322
11.1338
11.1164
11.1427
11.1444
11.1269
11.0682
11.0348
11.1743
11.2199
11.248
11.2055
11.194
11.2267
11.2059
11.1959
11.2049
10.707
10.9114
11.0581
10.6394
11.0466
11.063
10.7029
10.9684
11.0374
10.7268
11.0514
10.029
9.647
8.9045
9.338
8.906
8.9057
8.9044
9.0634
8.9054
9.2539
8.9268
9.5425
9.2769
8.9929
8.9054
8.9055
8.9052
8.9064
8.9047
8.9421
8.9056
8.9046
