0.000630178
0.000848623
0.000758442
0.000742447
0.000638978
0.000751174
0.000656121
0.000587927
0.000837734
0.000609477
0.000544097
0.014474
0.0127633
0.00573261
0.00981781
0.00640638
0.00403565
0.00753308
0.00436825
0.00417716
0.00513145
0.0053641
0.0278805
0.0269642
0.0245358
0.010412
0.013457
0.00947674
0.00833041
0.00958416
0.00928925
0.00876942
0.0176633
0.0448536
0.0384272
0.0313225
0.0193829
0.0180591
0.0140061
0.0130249
0.0134513
0.0239015
0.0149874
0.015691
0.0547744
0.0472416
0.0431263
0.0240543
0.0252143
0.0172075
0.0190471
0.0196474
0.0310375
0.0168245
0.019905
0.0953168
0.0847019
0.0333249
0.0680953
0.0418626
0.0248846
0.0314906
0.0443215
0.0286294
0.0307376
0.0319946
0.110782
0.107676
0.0459487
0.0855669
0.0485476
0.0359604
0.0363733
0.042152
0.060163
0.0348016
0.0391442
0.12066
0.124872
0.0511932
0.0909734
0.038437
0.0421813
0.0631148
0.0391939
0.0699975
0.0398956
0.0444387
0.150716
0.133173
0.0549931
0.111044
0.0869626
0.0442044
0.0435497
0.0521303
0.0485923
0.0643068
0.0526244
0.182989
0.177183
0.0661338
0.136145
0.0542024
0.0861534
0.0543669
0.0493185
0.0724254
0.0451043
0.048279
0.214971
0.193214
0.155734
0.0721438
0.111015
0.0566159
0.0493011
0.0812231
0.057244
0.0558342
0.0647628
0.265778
0.244815
0.184451
0.0806188
0.0575687
0.129858
0.0634306
0.0934211
0.070117
0.0639841
0.0602227
0.296261
0.270501
0.199636
0.0825888
0.0548969
0.0582317
0.0976343
0.131285
0.0852442
0.0749465
0.0644362
0.306063
0.309573
0.0983166
0.214536
0.070517
0.0703381
0.130159
0.162793
0.0776668
0.0886098
0.0689355
