7.961
7.961
7.961
7.961
7.961
7.961
7.961
7.961
7.961
7.961
7.961
7.961
7.961
7.961
7.961
7.961
7.961
7.961
7.961
7.961
7.961
7.961
11.251
10.846
10.862
3.826
11.123
2.413
9.796
5.03
9.747
9.423
6.965
10.761
10.927
10.963
9.332
9.709
10.519
10.907
9.574
11.148
11.125
10.747
10.921
11.203
9.27
10.852
13.631
9.015
9.677
10.988
10.992
10.921
10.735
11.124
10.951
4.995
10.844
3.164
12.722
7.305
10.476
8.128
9.494
10.607
11.125
11.098
5.145
10.8
7.326
2.122
2.182
9.4
6.813
5.729
10.696
11.146
10.994
10.986
3.383
0
0
7.48
0
8.99
3.503
10.824
12.86
14.607
1.236
12.925
0
0
5.352
1.772
0
0
13.695
11.282
11.126
11.148
1.136
1.117
0
10.085
6.405
3.356
3.519
11.291
13.954
10.622
1.049
11.713
0
0
3.666
2.681
1.126
0
12.757
13.895
13.288
0
10.264
0
0
5.53
4.272
0
9.815
0
10.287
12.536
8.028
0
0
6.147
0
8.939
0
6.87
0
13.436
11.151
11.896
0
0
5.803
0
5.72
0
6.475
0
