0.00271169
0.00250515
0.00245143
0.00284194
0.00281697
0.00249687
0.002256
0.00297425
0.0028568
0.00279699
0.00272124
0.00375076
0.00181172
0.00309289
0.0022734
0.00277912
0.00269215
0.00128829
0.00306103
0.00282549
0.00247853
0.00454923
0.00177523
0.0022825
0.00615749
0.0023112
0.00275254
0.00220418
0.00219117
0.00169616
0.0021079
0.00329947
0.00414611
0.00136494
0.00394275
0.0012261
0.00280214
0.00192785
0.00309035
0.00261095
0.00323129
0.00224107
0.00242514
0.00369078
0.00280924
0.00270875
0.00161445
0.00303159
0.0027799
0.00222901
0.00212844
0.00203836
0.00126324
0.00422411
0.0024557
0.00364017
0.00161444
0.00472539
0.00413684
0.00253344
0.000686816
0.00440871
0.0030453
0.00332631
0.0015358
0.00339347
0.00382659
0.00288904
0.00383881
0.00249197
0.0020604
0.00142822
0.00392787
0.00137792
0.00100018
0.00366066
0.000961079
0.00138128
0.00289202
0.00239599
0.00154692
0.00123515
0.00186757
0.00613145
0.00522778
0.00123352
0.00243193
0.00370367
0.00323556
0.0021642
0.00312308
0.00210461
0.000516504
0.000865827
0.00628881
0.00543635
0.000958673
0.00227315
0.00174167
0.00358782
0.00118118
0.000494426
0.00401841
0.0015025
0.00335006
0.00130753
0.00459779
0.00236061
0.0035405
0.00185108
0.00223532
0.00251221
0.00246158
0.00129588
0.00415598
0.00668498
0.00525652
0.00736274
0.00332019
0.00106029
0.0039098
0.00429081
0.0027848
0.00177378
0.00390971
0.000761886
0.000907304
0.00408159
0.00310785
0.00235201
0.00304195
0.0013935
0.00268316
0.00227505
0.00324619
0.00244525
0.00415978
0.00323644
0.00196591
0.00232823
0.00491155
0.0059074
0.00538705
0.00270081
0.00255221
0.00564523
0.00273035
0.00217662
0.000668833
0.00293332
0.003957
0.00636646
0.00360986
0.00509953
