0.00128237
0.0018367
0.00141209
0.00127355
0.00169859
0.00207702
0.00124539
0.0016476
0.00140977
0.00248047
0.00157675
0.0210795
0.0195009
0.0164762
0.00903917
0.0102571
0.00559557
0.00626326
0.0069307
0.0116151
0.00806696
0.00702054
0.0380983
0.0312237
0.0272984
0.01708
0.015592
0.0124654
0.0160178
0.0121564
0.0108073
0.0180606
0.0116071
0.05247
0.0437914
0.0353277
0.0208161
0.0238465
0.0143333
0.016055
0.0155051
0.0269336
0.0152873
0.0160495
0.053971
0.0566108
0.0456823
0.021845
0.0286091
0.0189726
0.021436
0.0173984
0.0322937
0.0211895
0.0176534
0.088153
0.0836319
0.0378344
0.0742732
0.0299414
0.0338581
0.0289613
0.0516979
0.0292839
0.0296874
0.0291726
0.0995847
0.0871005
0.0416859
0.0828585
0.0506043
0.033283
0.0341311
0.0389906
0.0638714
0.0370624
0.0361773
0.122207
0.105867
0.0475778
0.0853368
0.0368248
0.03016
0.0363101
0.0539093
0.0686283
0.0377412
0.0363155
0.135448
0.112274
0.0429465
0.0794473
0.07206
0.0287553
0.0340599
0.035333
0.0318943
0.048726
0.0327402
0.135463
0.123324
0.0357996
0.0921359
0.0646621
0.0256157
0.031499
0.0283452
0.0562638
0.0262296
0.0293524
0.124629
0.110471
0.0906204
0.0418537
0.0183121
0.072611
0.0148148
0.0584498
0.0341873
0.0196883
0.0308278
0.100902
0.109279
0.0714733
0.0329476
0.0126171
0.0633858
0.00903968
0.0272345
0.0479405
0.0178931
0.023304
0.0711646
0.0620484
0.0594265
0.0103801
1.05151e-44
1.00771e-44
0.0218515
0.031524
0.0080746
0.00333779
1.06421e-44
0.0662297
0.0677266
1.10111e-44
0.037028
1.01893e-44
9.61082e-45
5.44059e-05
1.15538e-44
0.0161498
1.10377e-44
1.09522e-44
