0.000691396
0.00106955
0.000894717
0.00169124
0.00116255
0.00173742
0.00134231
0.000897642
0.000802367
0.000866737
0.000991688
0.000372035
0.000894112
0.00110487
0.00100588
0.00242797
0.00074054
0.00307927
0.00103374
0.00183201
0.00217357
0.00174614
0.00407806
0.000400146
0.00179232
0.00104503
0.00134581
0.00439164
0.000906722
0.00193944
0.00478435
0.000236685
0.00238001
0.00375804
0.00295475
0
0.00470634
0.0012557
0.000154796
0.00322145
0.000381878
0.00839375
0.00181719
0.00106484
0.00443604
0.000651789
0.00211843
0
0.00102918
0.000358878
0
0.00195495
0.00577039
0.0019154
0.000431213
0.000141612
0.00705544
0.00170728
0.00373729
0.00178122
0.00524037
0
0.00858146
0
0.00256386
0.00149948
0.000239064
0
0
0.0125103
0.00756761
0.0101786
0.00708086
0.0104583
0.00715634
0
0
0.00384542
0.0071315
0.000519246
0.00566232
0.00177392
0
0.00951302
0.00257668
0
0.00644386
0.0101108
0
0
0.00734558
0.00816764
0.00107131
0.00755956
0.00086168
0.00398882
0
0.00572986
0.00820345
0
0.00420159
0
0.00488479
0.00304412
0
0.0133932
0
0.00369238
0.00292871
0.00481228
0.00430861
0
0.00624755
0
0
0.00758075
0
0.00173425
0.00263853
0
0.00732446
0
0
0
0.0019862
0
0
0.00592403
0.00220971
0.00398962
0.0025453
0.00727949
0
0.00563655
0
0.00567664
0
0.00840735
0
0
0
0.00269247
0
0.00650343
0.00387316
0
0
0
0.000335199
0.0147147
0
0
0
0.0200883
