0.595385
0.599322
0.60748
0.605554
0.598163
0.606152
0.605362
0.604195
0.602331
0.595381
0.602306
0.812933
0.774764
0.730373
0.798451
0.656319
0.729424
0.728183
0.753412
0.728843
0.77128
0.781368
0.924119
0.931824
0.94099
0.94573
0.944905
0.944253
0.943897
0.943706
0.943712
0.943601
0.944852
0.933035
0.93858
0.944821
0.966535
0.966867
0.963091
0.961747
0.967402
0.957703
0.952707
0.963129
0.934553
0.937364
0.967984
0.94686
0.965914
0.963898
0.966981
0.962877
0.959952
0.956972
0.951069
0.935094
0.936437
0.965436
0.945468
0.966211
0.967507
0.967305
0.96298
0.96446
0.959188
0.950655
0.931968
0.937145
0.965935
0.946438
0.967239
0.966937
0.966136
0.956523
0.962642
0.964444
0.953848
0.933693
0.938739
0.944411
0.967196
0.966176
0.967017
0.958239
0.965617
0.964302
0.964659
0.951781
0.933466
0.937329
0.965545
0.946915
0.963205
0.965097
0.957596
0.96358
0.96459
0.966064
0.952625
0.934797
0.937849
0.946414
0.965957
0.966624
0.965668
0.958308
0.961439
0.966398
0.964282
0.952979
0.935546
0.937654
0.966382
0.945559
0.965497
0.96314
0.957904
0.960109
0.961244
0.964313
0.952008
0.930361
0.939218
0.966954
0.945231
0.963319
0.966967
0.955777
0.961219
0.965297
0.954836
0.964186
0.929956
0.940126
0.945512
0.96448
0.9665
0.962693
0.966779
0.957907
0.963037
0.952767
0.964395
0.93528
0.938127
0.948025
0.961873
0.966444
0.962738
0.964835
0.958372
0.965088
0.954459
0.96284
