8.6477
8.6487
8.6523
8.6457
8.6461
8.6474
8.651
8.6479
8.6533
8.6476
8.6438
8.6036
8.5769
8.6131
8.5833
8.5861
8.5745
8.599
8.5685
8.5922
8.607
8.6048
8.6939
8.6825
8.6439
8.6619
8.6476
8.621
8.6584
8.6902
8.6485
8.6494
8.632
8.7981
8.8089
8.7863
8.7619
8.7188
8.7525
8.77
8.7374
8.7367
8.7366
8.718
8.978
9.0096
8.9497
8.8552
8.8584
8.9001
8.851
8.8825
8.8846
8.8692
8.8526
9.8498
9.7933
9.59
9.7904
9.5694
9.6066
9.5541
9.5651
9.5795
9.6281
9.6196
10.659
10.6484
10.177
10.5677
10.1926
10.1786
10.1947
10.2453
10.2459
10.3234
10.4354
11.5864
11.508
10.8
11.3456
10.7312
10.7549
10.79
10.9018
10.8438
10.8417
11.0615
12.3304
12.1028
11.289
11.9684
11.2788
11.3065
11.4982
11.3666
11.3559
11.3105
11.7249
13.0772
12.9227
11.7712
12.627
11.8031
11.8057
12.1118
11.9027
11.7956
11.8728
12.288
13.6058
13.5871
13.2427
12.2604
12.2823
12.289
12.5156
12.4305
12.3586
12.3648
12.8716
14.2236
14.0553
12.7725
13.6725
12.7865
12.794
13.096
12.924
12.8232
12.8589
13.4295
14.5757
14.4309
13.2125
14.2798
13.2557
13.182
13.5382
13.3853
13.2688
13.8823
13.3123
14.63
14.6551
13.6176
14.7032
13.6244
13.8033
13.63
14.0698
13.6598
14.3353
13.7073
