0.000699422
0.000769529
0.000561537
0.000638533
0.00086523
0.000631905
0.000648357
0.000726711
0.000578161
0.000537601
0.000761818
0.00534212
0.00159591
0.00480522
0.00171567
0.00155315
0.00469766
0.0015646
0.0024959
0.00328907
0.00237969
0.00205957
0.0106157
0.00829806
0.00228364
0.0074527
0.00215045
0.00237857
0.002418
0.00418193
0.00322936
0.00554434
0.00304054
0.0127267
0.0110752
0.00933654
0.00241428
0.00195481
0.00290852
0.00479864
0.00740652
0.00527947
0.00202967
0.00305339
0.0157176
0.0140641
0.00213396
0.0132191
0.00274083
0.00304534
0.00250639
0.00480175
0.00604247
0.00371893
0.00715209
0.0328987
0.0291629
0.00158937
0.0202004
0.00260555
0.0028376
0.00158937
0.00515689
0.00794686
0.00873597
0.01534
0.0434083
0.0332069
0.00166884
0.0284141
0.00446016
0.00568562
0.00291986
0.0115442
0.00742032
0.014611
0.0227109
0.0542391
0.05626
0.0402158
0.00158141
0.00628556
0.00692609
0.00498567
0.021044
0.0154095
0.0109378
0.0322216
0.0749903
0.0622752
0.0530193
0.00389315
0.00839137
0.0279019
0.00397343
0.00972476
0.0179905
0.0145993
0.0412472
0.0845598
0.0713128
0.00337157
0.0604908
0.00787461
0.00528272
0.0314696
0.0249633
0.0119179
0.0171321
0.0468975
0.105186
0.0895935
0.0691626
0.00480949
0.0104071
0.00679027
0.0337731
0.0254069
0.0129387
0.0168614
0.0522548
0.100251
0.0709196
0.00632562
0.0609232
0.00710078
0.00948843
0.0378274
0.0263361
0.0148521
0.0457416
0.024086
0.0727226
0.0453786
0.0371463
1.07789e-44
9.94851e-45
9.70663e-45
0.0101383
0.00342836
1.11205e-44
0.0203559
1.03453e-44
0.0458628
0.0255459
0.00651683
1.06416e-44
1.03925e-44
1.14027e-44
1.09214e-44
1.06694e-44
1.03511e-44
0.00465489
1.11899e-44
