0.000329705
0.000493941
0.000480412
0.000588395
0.00071525
0.000421344
0.000637397
0.000293694
0.000464661
0.000672847
0.0010367
0.366782
0.34445
0.315513
0.303518
0.326435
0.324637
0.187385
0.310571
0.254563
0.229428
0.389687
0.447566
0.499919
0.436907
0.399062
0.374094
0.309435
0.251308
0.31603
0.327054
0.319627
0.43616
0.399505
0.464335
0.452798
0.328017
0.327872
0.410551
0.400438
0.40739
0.425136
0.00132564
0.0013136
0.000651232
0.000789365
0.000839839
0.000895357
0.178062
0.00191235
0.00096664
0.000849365
0.000976688
0.00109925
0.000679666
0.000498081
0.000606996
0.188032
0.000785604
0.000341566
0.000795567
0.00120128
0.000437155
0.000358455
0.000838895
0.000843503
0.000675525
0.00115767
0.000926944
0.000779534
0.000848349
0.00081338
0.187349
0.00151953
0.0011486
0.000493074
0.000763508
0.000829321
0.00109946
0.000371488
0.179731
0.000811943
0.000467253
0.000877852
0.000442865
0.00110487
0.000795186
0.000656437
0.000839833
0.000833339
0.000664272
0.000836145
0.000819575
0.000668698
0.17981
0.000592019
0.182584
0.000897818
0.000469258
0.00058423
0.000279335
0.187765
0.187906
0.00113204
0.000450359
0.00172274
0.000346291
0.000490731
0.00108217
0.00107101
0.0012349
0.00064629
0.000329135
0.00102572
0.177876
0.000532457
0.000550908
0.00123107
0.00115987
0.000769942
0.000926469
0.179772
0.000697623
0.0007434
0.000904595
0.00123127
0.000585952
0.000389718
0.1702
0.000733609
0.000251653
0.000289468
0.00161239
0.000901929
0.000450115
0.000380648
0.000549464
0.000439144
0.00100217
0.000425547
0.000880173
0.00168157
0.00124264
0.000850906
0.000747408
0.00126222
0.179023
0.000891211
0.000755602
0.000973735
0.00171323
0.000363683
0.000781035
0.000686461
