0.502386
0.501642
0.501666
0.501333
0.501502
0.502263
0.501354
0.5016
0.501838
0.501632
0.501267
0.500643
0.501824
0.500861
0.501536
0.502761
0.501205
0.502411
0.502097
0.501192
0.502314
0.501268
0.501302
0.501533
0.502319
0.501384
0.501207
0.501826
0.501546
0.50201
0.504534
0.501766
0.501654
0.501406
0.501402
0.501112
0.502016
0.501075
0.501941
0.502564
0.502732
0.501377
0.502151
0.501442
0.501345
0.502229
0.502444
0.501641
0.503624
0.501174
0.501463
0.501435
0.501533
0.502572
0.501938
0.501728
0.501759
0.50106
0.501616
0.502533
0.502357
0.501459
0.50126
0.503402
0.502288
0.50147
0.501438
0.501565
0.501454
0.501501
0.502113
0.501718
0.502748
0.50129
0.501185
0.501657
0.5011
0.501688
0.502333
0.50154
0.501551
0.503148
0.501731
0.501969
0.501871
0.50223
0.502495
0.502724
0.50223
0.501713
0.50309
0.502264
0.502887
0.503133
0.501491
0.500897
0.501824
0.501305
0.501311
0.501569
0.501871
0.502503
0.502151
0.501598
0.502045
0.503587
0.501513
0.502319
0.501787
0.501393
0.501202
0.502027
0.501682
0.501506
0.502545
0.501808
0.501381
0.502731
0.501194
0.501567
0.501727
0.501808
0.501194
0.501398
0.502759
0.501895
0.501216
0.501067
0.502438
0.502697
0.502166
0.501469
0.501192
0.501755
0.501387
0.501716
0.502028
0.50108
0.501582
0.501456
0.502439
0.503359
0.502371
0.502324
0.501985
0.50128
0.502247
0.501759
0.5012
0.501124
0.501422
0.501439
0.502986
0.502525
