0.0244694
0.0244712
0.0324629
0.0309469
0.0289959
0.0293046
0.0274552
0.0216619
0.0318903
0.0259299
0.0259808
0.0533948
0.064799
0.0523389
0.0526023
0.0651413
0.0647496
0.0572135
0.0606066
0.0597276
0.0592537
0.0576863
0.108405
0.0870607
0.0703633
0.0633229
0.0610492
0.0681818
0.0636002
0.0717359
0.0713495
0.0725294
0.0698315
0.138362
0.119829
0.10922
0.0849896
0.0817266
0.086283
0.076642
0.0769439
0.0899606
0.087135
0.0860151
0.198511
0.153129
0.108194
0.132772
0.104679
0.09397
0.0868453
0.11789
0.109393
0.124941
0.136786
0.27797
0.260781
0.223488
0.224731
0.182769
0.198433
0.172601
0.194095
0.201983
0.215911
0.214528
0.464278
0.47029
0.364873
0.288843
0.325287
0.386711
0.281961
0.32582
0.311525
0.32485
0.376532
0.856527
0.741779
0.645994
0.490295
0.452455
0.439184
0.405478
0.489461
0.443153
0.475201
0.590746
1.44105
1.22733
0.623143
1.12357
0.610626
0.601081
0.739711
0.719782
0.707671
0.617921
0.69917
3.30192
1.95904
0.786889
1.41314
0.911612
1.01286
0.723526
0.859524
0.900782
0.852398
1.27969
10.2358
4.80873
1.01377
2.54293
1.10692
1.12497
1.4215
1.11998
1.02543
1.20247
1.7367
31.683
16.3109
1.41724
4.56685
1.47399
1.29852
2.43738
1.50806
1.31078
2.54809
1.46811
40.5952
35.4936
1.56571
9.97371
1.67492
1.63351
2.11463
2.80084
1.98594
4.02337
1.75621
37.4426
40.7635
21.0431
1.91019
2.0841
2.92095
2.2592
4.61218
10.8596
2.14571
3.38373
