0.000221329
0.00028197
0.000270305
0.000285217
0.000265816
0.000319616
0.000211448
0.00030689
0.000332908
0.000354791
0.000292236
0.256547
0.192469
0.152305
0.069551
0.0440497
0.0324931
0.0281384
0.0244493
0.0247126
0.0887426
0.0317738
0.370517
0.360716
0.187571
0.304941
0.224559
0.110976
0.157721
0.181369
0.0924533
0.290578
0.0961837
0.375313
0.39103
0.369123
0.295335
0.278984
0.290768
0.216139
0.249143
0.290969
0.209815
0.300606
0.395574
0.37041
0.286855
0.372051
0.293703
0.280766
0.293707
0.277534
0.344135
0.22585
0.203722
0.344424
0.329757
0.334288
0.363781
0.337058
0.381867
0.339357
0.355657
0.379809
0.38598
0.381587
0.386274
0.330839
0.390634
0.345472
0.364769
0.403344
0.352111
0.415429
0.275473
0.3892
0.384105
0.36505
0.390932
0.338693
0.338302
0.394291
0.345873
0.358705
0.399072
0.358048
0.406832
0.352373
0.390904
0.331024
0.364618
0.386237
0.375476
0.413536
0.386306
0.391142
0.365232
0.375764
0.358526
0.275627
0.35203
0.345416
0.330835
0.416592
0.381231
0.352195
0.351812
0.352384
0.33081
0.395431
0.345758
0.345558
0.338403
0.364843
0.352359
0.407314
0.365098
0.39477
0.381351
0.385952
0.364569
0.370817
0.305653
0.285962
0.296308
0.375979
0.314926
0.38077
0.345565
0.352639
0.370594
0.399134
0.364718
0.370823
0.338446
0.386152
0.399342
0.425253
0.322626
0.376177
0.36488
0.364725
0.364915
0.352484
0.364977
0.23914
0.370486
0.370784
0.407191
0.395714
0.345675
0.305575
0.330748
0.364502
