8.382
8.382
8.382
8.382
8.382
8.382
8.382
8.382
8.382
8.382
8.382
8.348
8.344
8.341
8.343
8.344
8.343
8.346
8.338
8.344
8.332
8.343
8.521
8.509
8.508
8.538
8.534
8.538
8.535
8.534
8.532
8.537
8.536
8.619
8.644
8.66
8.68
8.68
8.676
8.678
8.696
8.679
8.684
8.679
8.768
8.773
8.794
8.77
8.788
8.791
8.794
8.785
8.794
8.794
8.79
8.794
8.794
8.794
8.794
8.794
8.794
8.794
8.794
8.794
8.794
8.794
8.794
8.794
8.794
8.794
8.794
8.794
8.794
8.794
8.794
8.794
8.794
8.794
8.794
8.794
8.794
8.794
8.794
8.794
8.794
8.794
8.794
8.794
8.794
8.794
8.794
8.794
8.794
8.794
8.794
8.794
8.794
8.794
8.794
8.794
8.794
8.794
8.794
8.794
8.794
8.794
8.794
8.794
8.794
8.794
8.794
8.794
8.794
8.794
8.794
8.794
8.794
8.794
8.794
8.794
8.794
8.794
8.794
8.794
8.794
8.794
8.794
8.794
8.794
8.794
8.794
8.794
8.794
8.794
8.794
8.794
8.794
8.794
8.794
8.794
8.794
8.794
8.794
8.794
8.794
8.794
8.794
8.794
8.794
8.794
8.794
8.794
8.794
8.794
