0.496656
0.496656
0.496656
0.496656
0.496656
0.496656
0.496656
0.496656
0.496656
0.496656
0.496656
0.511023
0.528292
0.514557
0.524183
0.511625
0.517533
0.529705
0.531692
0.529119
0.520385
0.525328
0.579309
0.555647
0.54927
0.536536
0.550619
0.565586
0.5492
0.559968
0.566568
0.544348
0.558349
0.632366
0.635493
0.625708
0.589746
0.597719
0.579414
0.591614
0.595619
0.598946
0.583978
0.583119
0.606722
0.609657
0.624353
0.537506
0.563107
0.527862
0.539102
0.539529
0.57039
0.534643
0.535547
0.608958
0.609259
0.59585
0.609508
0.585854
0.547105
0.553257
0.551808
0.610913
0.546905
0.560317
0.611551
0.611378
0.613895
0.612008
0.611425
0.611295
0.612625
0.612012
0.612057
0.612036
0.611298
0.614435
0.614997
0.614646
0.614409
0.614252
0.614863
0.614245
0.614459
0.61466
0.6143
0.614282
0.617517
0.617113
0.618423
0.616951
0.616986
0.617148
0.617113
0.61734
0.61714
0.617327
0.617158
0.617252
0.619223
0.619458
0.619791
0.619595
0.619823
0.621534
0.619878
0.620919
0.619713
0.619922
0.620316
0.62158
0.622653
0.622387
0.622609
0.621265
0.622482
0.622651
0.624239
0.622438
0.622553
0.624553
0.624234
0.624643
0.625098
0.625145
0.624244
0.625217
0.62509
0.625574
0.625285
0.625217
0.628079
0.626318
0.628015
0.628083
0.627842
0.627915
0.627758
0.627367
0.627766
0.627842
0.627842
0.626777
0.629244
0.630558
0.630346
0.630557
0.630467
0.629951
0.630634
0.629694
0.630463
0.630377
