0.0255147
0.0366606
0.031289
0.0366606
0.03
0.0366606
0.0375633
0.0384187
0.0324962
0.0286182
0.0324962
2.81849
2.95128
2.10095
3.05815
2.4808
2.3411
3.02061
2.4093
2.54462
2.31227
2.59345
3.29642
2.72137
2.69127
2.91697
2.55125
2.48599
2.37866
2.15986
2.61353
2.37769
2.87176
1.33368
1.25815
2.03271
1.84722
2.64193
4.35624
3.47623
3.26397
2.2613
2.63082
2.4212
2.50528
2.20202
2.0773
2.21002
2.21151
1.94072
1.94479
1.8247
1.69649
2.10932
1.76838
2.29242
2.29472
2.5727
2.01335
1.80402
1.94944
2.34588
2.06947
1.88784
1.6546
2.09764
2.56327
2.0295
2.24005
1.98699
1.66125
2.15488
1.96913
2.00718
1.60234
2.27867
2.64581
2.34441
2.22955
1.84578
2.34206
1.93892
1.67071
1.98146
1.62917
2.27957
1.93474
1.68847
2.28614
1.83004
2.51593
2.45295
1.8236
1.99775
2.3719
2.25182
2.20523
2.2542
1.99854
2.46215
1.80213
1.6455
2.30195
1.98844
1.87845
1.72856
2.43573
2.02727
2.02349
2.42007
1.62865
2.10311
1.97477
1.99519
1.33788
2.20708
2.13464
1.90065
1.98542
2.42965
2.12606
2.25925
2.60495
1.87007
2.09679
2.09194
2.41296
2.06893
1.88783
2.18602
2.18106
2.09478
2.05437
2.25068
1.5686
2.06029
1.69692
2.8653
2.3223
1.66141
2.29107
1.84472
2.08367
2.17239
1.839
2.16756
1.9634
2.4949
1.95768
1.91356
1.90466
2.2757
2.21564
1.98744
