8.535
8.535
8.535
8.535
8.535
8.535
8.535
8.535
8.535
8.535
8.535
11.532
11.688
11.746
11.585
12.102
11.663
11.672
12.399
11.643
11.881
11.184
12.754
12.469
12.719
12.677
12.963
12.12
12.838
12.181
12.342
12.564
12.635
12.928
14.162
13.395
12.249
12.364
12.478
12.492
13.062
12.901
12.747
12.564
13.807
12.781
12.198
13.018
13.783
12.067
13.276
13.923
12.895
13.065
13.317
14.693
13.847
13.143
13.937
12.763
12.926
13.991
13.554
13.54
13.629
14.348
14.274
15.473
14.093
13.541
15.197
15.357
15.198
15.549
14.2
14.465
14.216
16.405
15.122
14.088
14.953
15.231
16.118
14.23
15.489
15.027
14.947
16.534
14.757
14.303
13.427
15.253
13.002
14.418
13.401
13.092
13.354
13.91
13.945
15.141
15.557
15.87
14.521
14.433
13.995
15.356
15.309
14.7
14.065
14.635
14.573
14.774
13.56
14.64
13.647
13.556
14.26
13.82
13.751
13.788
14.383
14.271
14.514
12.99
13.517
14.367
13.324
13.781
14.007
14.266
14.791
13.803
15.221
14.194
14.522
13.748
14.052
13.941
13.93
14.403
14.111
13.572
13.58
14.707
14.688
14.707
14.813
13.816
14.036
13.926
14.747
13.481
13.84
13.515
