21.62
21.62
21.62
21.62
21.62
21.62
21.62
21.62
21.62
21.62
21.62
23.39
23.68
23.41
23.34
23.4
23.41
23.41
23.41
23.42
23.41
23.42
24.4
24.29
24.06
24.12
24.13
24.08
24.07
24.08
24.07
24.06
24.07
25.03
24.92
24.55
24.58
24.95
24.61
24.6
24.61
24.82
24.61
24.63
25.5
25.55
25.25
25.46
25.3
25.23
24.92
25.24
25.2
25.23
25.22
25.74
25.91
25.85
25.99
25.8
25.89
25.84
25.89
25.8
25.89
25.85
26.05
26.24
26.18
26.07
26.17
26.14
26.14
26.18
26.22
26.18
26.18
26.21
26.24
26.37
26.27
26.38
26.38
26.38
26.38
26.38
26.41
26.4
26.44
26.65
26.57
26.39
26.47
26.57
26.56
26.54
26.49
26.56
26.56
26.61
26.68
26.58
26.69
26.72
26.71
26.72
26.7
26.67
26.71
26.71
26.6
26.64
26.8
26.8
26.81
26.87
26.82
26.83
26.83
26.81
26.82
26.86
26.75
27.04
26.91
26.92
26.88
26.92
26.93
26.95
26.94
26.93
26.87
26.98
26.97
27.04
27.02
27.02
27.01
26.98
27
27.02
27.02
26.89
27.11
27.09
27.01
27.11
27.11
27.13
27.05
27.11
27.1
27.11
