21.94
21.94
21.94
21.94
21.94
21.94
21.94
21.94
21.94
21.94
21.94
23.52
23.65
23.66
23.63
23.67
23.67
23.67
23.62
23.68
23.68
23.68
24.15
24.23
24.19
24.25
24.23
24.25
24.27
24.26
24.27
24.26
24.26
24.58
24.56
24.62
24.64
24.63
24.65
24.65
24.64
24.61
24.65
24.65
24.82
24.83
24.92
24.87
24.92
24.91
24.92
24.92
24.91
24.9
24.91
25.49
25.53
25.57
25.56
25.56
25.59
25.59
25.59
25.4
25.6
25.6
25.64
25.74
25.79
25.74
25.8
25.78
25.79
25.8
25.8
25.8
25.76
25.99
26.01
26.05
25.99
26.04
26.05
26.04
26.05
26.02
26.05
26.05
26.11
26.27
26.27
26.25
26.28
26.24
26.27
26.28
26.24
26.28
26.28
26.31
26.3
26.4
26.46
26.46
26.45
26.44
26.42
26.45
26.45
26.46
26.47
26.59
26.57
26.58
26.59
26.58
26.59
26.59
26.59
26.59
26.59
26.56
26.64
26.7
26.7
26.71
26.69
26.71
26.72
26.72
26.72
26.72
26.75
26.78
26.79
26.85
26.85
26.85
26.82
26.83
26.84
26.82
26.85
26.84
26.89
26.92
26.94
26.87
26.95
26.91
26.89
26.96
26.93
26.94
