0.377851
0.377851
0.377851
0.377851
0.377851
0.377851
0.377851
0.377851
0.377851
0.377851
0.377851
0.594637
0.529337
0.430192
0.510087
0.436067
0.418285
0.473565
0.420136
0.417444
0.415281
0.4281
0.765385
0.755113
0.651259
0.507122
0.56892
0.49327
0.478494
0.512282
0.482861
0.484714
0.609798
0.796924
0.797918
0.80396
0.723252
0.692429
0.676436
0.633004
0.634554
0.788394
0.634183
0.642711
0.798758
0.806501
0.816594
0.789617
0.812703
0.756848
0.756322
0.778561
0.819257
0.759025
0.764946
0.806942
0.812293
0.843816
0.824335
0.834771
0.858053
0.848806
0.829635
0.857412
0.85527
0.856642
0.728245
0.73224
0.839477
0.823126
0.835537
0.861506
0.864064
0.848642
0.829201
0.859467
0.857638
0.726733
0.814859
0.839197
0.822722
0.86354
0.847155
0.833589
0.866177
0.830002
0.854787
0.86246
0.80863
0.652959
0.839265
0.739907
0.829497
0.866188
0.864645
0.844239
0.86224
0.83534
0.855719
0.728696
0.73388
0.841035
0.740402
0.862498
0.831188
0.845334
0.866203
0.836577
0.854708
0.857333
0.647097
0.73321
0.740401
0.841468
0.830025
0.865585
0.86673
0.835226
0.845081
0.857337
0.853839
0.729531
0.733879
0.824674
0.839002
0.86528
0.830145
0.866824
0.834567
0.847269
0.860149
0.852288
0.731203
0.814808
0.823002
0.839115
0.862379
0.865383
0.83487
0.830527
0.844156
0.851307
0.857028
0.729531
0.733377
0.839614
0.742575
0.864569
0.86607
0.833791
0.832327
0.845584
0.84803
0.8561
