0.295502
0.29334
0.295565
0.295701
0.296635
0.295243
0.296891
0.295811
0.294826
0.295829
0.29595
0.335219
0.332868
0.333645
0.333319
0.337212
0.334725
0.335461
0.333329
0.334184
0.334145
0.337992
0.34991
0.348948
0.34994
0.350191
0.349432
0.35171
0.347453
0.35109
0.349062
0.351164
0.350397
0.354161
0.356721
0.357192
0.35521
0.352376
0.351571
0.350796
0.352952
0.355326
0.353868
0.356047
0.349245
0.366997
0.351808
0.350895
0.356275
0.352143
0.350194
0.349978
0.347773
0.350404
0.351194
0.322058
0.330091
0.320738
0.332796
0.322172
0.324444
0.323825
0.320721
0.314086
0.330015
0.317681
0.305073
0.309512
0.301168
0.291188
0.295858
0.295054
0.294647
0.297777
0.283039
0.287632
0.297611
0.29916
0.320374
0.277568
0.284639
0.265952
0.273006
0.280358
0.277079
0.28394
0.265742
0.260806
0.30332
0.300383
0.277232
0.288279
0.272672
0.262886
0.255523
0.249967
0.265929
0.264007
0.26804
0.304708
0.285209
0.275766
0.240421
0.251355
0.241105
0.241167
0.242858
0.248728
0.231866
0.243232
0.274152
0.258881
0.288
0.217338
0.239223
0.257508
0.232867
0.250738
0.228852
0.243349
0.226657
0.288956
0.32141
0.274373
0.225446
0.230789
0.22063
0.210018
0.229438
0.238916
0.22481
0.228344
0.285045
0.290795
0.27304
0.224451
0.227462
0.208687
0.24175
0.24444
0.221532
0.21936
0.2253
0.311254
0.288865
0.214252
0.266389
0.215279
0.206072
0.216844
0.244967
0.229592
0.194861
0.22729
