8.6969
8.7148
8.7182
8.7031
8.71
8.7087
8.7018
8.7061
8.7115
8.6891
8.708
11.7274
11.2325
11.0536
11.201
11.1822
11.1893
11.1881
11.1664
11.1922
11.0655
11.1776
8.9054
8.9057
8.9051
8.9051
8.9049
8.9057
8.9051
8.9052
8.9065
8.906
8.9045
8.9053
8.9046
8.9047
8.9066
8.9046
8.9058
8.905
8.9055
8.9053
8.9056
8.906
8.9057
8.906
8.9059
8.9067
8.9047
8.9053
8.9057
8.9054
8.9056
8.9047
8.9049
8.9068
8.9054
8.9052
8.9055
8.9052
8.9051
8.9051
8.905
8.9049
8.9051
8.9053
8.9049
8.9051
8.9047
8.9056
8.9054
8.9053
8.9046
8.9054
8.9055
8.9057
8.9046
8.9047
8.9056
8.9056
8.9062
8.9062
8.9044
8.9055
8.9053
8.9054
8.9052
8.9058
8.9055
8.9046
8.905
8.9056
8.9059
8.9055
8.9054
8.9054
8.9059
8.9059
8.9061
8.9044
8.9057
8.9062
8.9058
8.9062
8.9055
8.9058
8.9052
8.9063
8.9053
8.9055
8.9049
8.9054
8.9061
8.9058
8.9057
8.9061
8.9062
8.9056
8.9054
8.906
8.9045
8.905
8.9052
8.9056
8.9063
8.9055
8.9056
8.9057
8.9057
8.9055
8.905
8.9053
8.905
8.905
8.9046
8.9053
8.9058
8.9051
8.9058
8.9056
8.9063
8.9057
8.9059
8.9055
8.9054
8.9061
8.9045
8.9056
8.9055
8.9061
8.9064
8.905
8.9051
8.9043
