8.9047
8.9053
8.9055
8.9055
8.9062
8.9056
8.9067
8.9056
8.9053
8.905
8.9047
10.5542
10.6115
10.6582
10.6223
10.6487
10.6561
10.6271
10.6288
10.6569
10.6735
10.6458
11.2985
11.3269
11.3833
11.3892
11.3892
11.3978
11.4034
11.3883
11.383
11.4108
11.3943
11.7111
11.7517
11.7715
11.7952
11.8127
11.8056
11.8086
11.7874
11.8119
11.8146
11.8285
12.025
12.0573
12.1167
12.0761
12.1216
12.1012
12.1126
12.0916
12.1004
12.1003
12.0819
12.7182
12.7708
12.808
12.8019
12.8061
12.7898
12.8136
12.7978
12.7991
12.8169
12.8025
13.1432
13.1783
13.2071
13.1933
13.212
13.2297
13.2076
13.1988
13.241
13.2174
13.1834
13.4195
13.4374
13.4929
13.53
13.5043
13.5137
13.5008
13.5041
13.5047
13.4959
13.4723
13.6596
13.6582
13.6852
13.7395
13.7191
13.703
13.7206
13.7305
13.7222
13.7291
13.7298
13.8216
13.8739
13.8955
13.9159
13.9232
13.9272
13.9215
13.9239
13.9178
13.9197
13.8982
14.0218
14.044
14.0392
14.0776
14.0709
14.0906
14.0655
14.0574
14.0848
14.0775
14.0613
14.0823
14.1603
14.2063
14.1987
14.2025
14.2078
14.1769
14.1997
14.1994
14.1908
14.2006
14.2616
14.2686
14.3083
14.3193
14.2922
14.3217
14.302
14.3217
14.3171
14.3069
14.3027
14.3326
14.3824
14.3832
14.4324
14.4497
14.4232
14.4191
14.4162
14.4321
14.4044
14.4321
