0.28202
0.27024
0.272507
0.290568
0.289101
0.296466
0.296061
0.29261
0.2599
0.275009
0.301318
0.262879
0.27326
0.269726
0.296154
0.265166
0.25089
0.292851
0.27401
0.261288
0.272839
0.247351
0.27885
0.272361
0.27135
0.26276
0.267428
0.275658
0.274553
0.283595
0.23929
0.282339
0.251877
0.287938
0.273621
0.282478
0.272367
0.269527
0.266459
0.257443
0.287079
0.262704
0.268308
0.262252
0.279635
0.25391
0.284525
0.276131
0.275865
0.303777
0.288818
0.279734
0.279529
0.285616
0.267976
0.253212
0.258976
0.279936
0.274079
0.27694
0.269629
0.26645
0.281812
0.275969
0.270158
0.246716
0.266137
0.269469
0.249244
0.261005
0.269802
0.251841
0.266599
0.281349
0.294163
0.262993
0.260797
0.261128
0.277807
0.273936
0.262282
0.26664
0.256491
0.283433
0.264778
0.27291
0.279624
0.271516
0.271824
0.279272
0.267956
0.283495
0.276945
0.274838
0.262607
0.259703
0.294696
0.271445
0.277436
0.289964
0.251041
0.257544
0.251786
0.263703
0.294298
0.265208
0.272976
0.298425
0.251455
0.287072
0.249342
0.273664
0.266421
0.280192
0.282342
0.273345
0.275577
0.275608
0.286114
0.272369
0.278151
