22.013
22.013
22.012
22.013
22.013
22.009
22.009
22.014
22.017
22.015
22.008
23.652
23.605
23.454
23.462
23.414
23.639
23.457
23.54
23.581
23.48
23.599
24.834
24.508
24.442
24.361
24.522
24.279
24.361
24.222
24.288
24.408
24.294
25.21
25.062
25.022
24.903
24.784
25.102
24.885
24.983
25.028
25.046
24.94
25.445
25.468
25.317
25.311
25.379
25.488
25.387
25.334
25.527
25.341
25.583
26.155
26.11
26.03
25.985
26.153
26.049
26.38
26.027
26.081
26.385
26.176
26.098
26.328
26.477
26.334
26.675
26.492
26.382
26.296
26.287
26.547
26.328
26.332
26.559
26.538
26.575
26.661
26.716
26.709
26.668
26.587
26.536
26.82
26.534
26.551
26.79
26.74
26.74
26.831
26.768
26.687
26.729
26.642
26.868
26.965
26.787
26.845
26.735
26.746
26.954
26.874
26.952
26.933
26.901
26.732
26.806
26.91
27.104
26.863
27.042
27.034
26.97
27.156
27.111
26.951
27.146
26.846
27.158
27.142
27.24
27.057
27.039
27.247
26.947
27.028
27.176
27.145
27.148
27.157
27.067
27.143
27.243
27.232
27.097
27.025
27.144
27.105
26.97
26.949
27.245
27.287
27.197
27.249
27.329
27.248
27.328
27.277
27.091
26.976
