0.177102
0.177102
0.177102
0.177102
0.177102
0.177102
0.176703
0.177102
0.177102
0.177102
0.177102
0.502057
0.498774
0.845639
0.498687
0.50249
1.06287
0.498687
0.490988
0.496705
0.494511
0.501782
0.498618
0.498618
0.498618
0.498618
0.498618
0.498618
0.498618
0.498618
0.498618
0.498618
0.498618
0.498618
0.498618
0.498618
0.498618
0.498618
0.498618
0.498618
0.498618
0.498618
0.498618
0.498618
0.498618
0.498618
0.498618
0.498618
0.498618
0.498618
0.498618
0.498618
0.498618
0.498618
0.498618
0.498618
0.498618
0.498618
0.498618
0.498618
0.498618
0.498618
0.498618
0.498618
0.498618
0.498618
0.498618
0.498618
0.498618
0.498618
0.498618
0.498618
0.498618
0.498618
0.498618
0.498618
0.498618
0.498618
0.498618
0.498618
0.498618
0.498618
0.498618
0.498618
0.498618
0.498618
0.498618
0.498618
0.498618
0.498618
0.498618
0.498618
0.498618
0.498618
0.498618
0.498618
0.498618
0.498618
0.498618
0.498618
0.498618
0.498618
0.498618
0.498618
0.498618
0.498618
0.498618
0.498618
0.498618
0.498618
0.498618
0.498618
0.498618
0.498618
0.498618
0.498618
0.498618
0.498618
0.498618
0.498618
0.498618
0.498618
0.498618
0.498618
0.498618
0.498618
0.498618
0.498618
0.498618
0.498618
0.498618
0.498618
0.498618
0.498618
0.498618
0.498618
0.498618
0.498618
0.498618
0.498618
0.498618
0.498618
0.498618
0.498618
0.498618
0.498618
0.498618
0.498618
0.498618
0.498618
0.498618
0.498618
0.498618
0.498618
