0.231354
0.217947
0.214572
0.249004
0.235055
0.231021
0.249342
0.253362
0.252141
0.238176
0.247332
0.833091
0.870694
0.795476
0.889365
0.769943
0.697989
0.817665
0.8482
0.821775
0.792727
0.916219
0.668546
0.74386
0.555133
0.538741
0.597523
0.554594
0.569169
0.518499
0.593931
0.516147
0.523283
0.617397
0.526111
0.513042
0.401569
0.393773
0.433937
0.464932
0.38313
0.416523
0.445555
0.39416
0.469926
0.463366
0.256439
0.40746
0.328557
0.268186
0.359936
0.365787
0.295917
0.361863
0.40005
1.90819
1.47789
3.3534
1.71518
3.75616
3.58504
3.28939
2.74614
3.16454
2.94861
3.35393
0.189379
0.191855
0.253765
0.279737
0.274985
0.242925
0.247921
0.227964
0.950651
0.213829
0.214088
0.517699
0.543755
0.414904
0.38007
0.361653
0.355806
0.399254
0.418182
1.41297
0.369818
0.556849
0.501651
0.722057
0.581214
0.593813
0.629817
0.510933
0.643354
0.600774
0.685643
0.460323
0.843969
2.64207
3.31716
3.85095
2.62752
4.08401
3.44834
2.9721
3.59469
3.82919
3.45961
1.59382
0.369836
0.427596
0.620622
0.551774
0.531031
0.570833
0.487689
0.611508
0.622984
0.557698
0.529317
0.336295
0.542344
0.753699
0.359662
0.737944
0.713909
0.734278
0.530533
0.712763
0.580168
1.58482
1.01612
1.2281
1.37875
1.0787
1.25612
1.47396
1.22279
1.44808
1.54463
1.41573
1.25243
0.229099
0.480589
0.207542
0.363051
0.416591
0.538656
0.369538
0.301779
0.312315
0.347819
0.308344
