0.047697
0.0458258
0.0466476
0.0433013
0.0486929
0.0443959
0.0427083
0.0453762
0.048
0.0470213
0.046594
0.0486929
0.0501597
0.0406325
0.0365513
0.0412311
0.04005
0.040694
0.043589
0.0406325
0.0440341
0.0359305
0.05
0.0412311
0.0495883
0.0475289
0.0517204
0.0497494
0.0481248
0.0526403
0.0455522
0.053066
0.0462493
0.0509902
0.0628013
0.0491833
0.0489898
0.0465188
0.050309
0.0423792
0.0468615
0.046
0.0564269
0.0565332
0.0655744
0.0670522
0.0491019
0.0530943
0.0592959
0.0538516
0.0526403
0.0531413
0.0636475
0.0563116
0.0542125
0.121569
0.140211
0.0972163
0.123527
0.103653
0.0978724
0.0863944
0.0921954
0.078
0.0789683
0.0865506
0.188245
0.192291
0.120876
0.191896
0.114175
0.114625
0.116666
0.124435
0.159031
0.126566
0.130916
0.262623
0.225147
0.146164
0.220388
0.140467
0.132254
0.149596
0.135041
0.195272
0.140727
0.132887
0.337929
0.326954
0.152483
0.269909
0.209616
0.136543
0.12298
0.152237
0.173997
0.191562
0.160907
0.409159
0.356011
0.167961
0.275891
0.155448
0.235989
0.188266
0.157658
0.274255
0.17431
0.164487
0.492418
0.472291
0.366436
0.173421
0.288901
0.115668
0.171636
0.262639
0.118638
0.132288
0.133787
0.56001
0.551057
0.454246
0.148926
0.0919565
0.315937
0.0708449
0.225264
0.128355
0.116258
0.0811419
0.815114
0.704087
0.535047
0.120183
0.0402368
0.0863192
0.240699
0.333855
0.147007
0.121754
0.0902164
0.801484
0.92666
0.0980612
0.570968
0.0262869
0.0172916
0.151208
0.303663
0.101287
0.0416653
0.0360416
