0.168523
0.168523
0.168523
0.168523
0.168523
0.168523
0.168523
0.168523
0.168523
0.168523
0.168523
0.98387
0.978213
1.13155
0.932738
1.64988
0.663626
1.42299
1.39871
0.882553
0.975705
1.27519
1.19419
1.67991
1.67
0.866256
1.26905
1.1741
0.978008
1.11485
0.838153
0.853464
1.27063
1.57356
1.37626
1.53899
1.63414
0.718331
1.35558
1.136
1.93742
1.80014
0.936216
1.4293
1.63695
1.33585
1.04599
1.96682
0.818291
1.41407
0.876413
1.76411
1.98406
1.59778
1.7968
2.06097
2.17578
1.97292
1.6811
0.980051
1.15689
1.58569
2.04658
1.65602
1.48192
1.38043
1.67896
0.713022
1.83358
2.36947
1.49666
1.40588
1.66841
2.23643
1.11754
1.5171
1.41365
1.59966
1.74367
1.6857
0.875443
1.37201
1.61753
2.82602
2.41959
2.11104
1.02059
1.69104
2.11943
1.44416
1.65106
1.71117
1.61186
2.21633
1.25304
2.199
1.75957
1.23871
1.94268
1.51592
1.61645
1.22246
2.72743
2.12
2.21948
1.61025
2.33172
1.46506
1.67812
1.39889
1.28701
1.34495
1.60549
1.5678
1.21692
1.52394
2.13953
1.83957
1.52056
1.6483
1.1732
1.37044
1.72522
1.53626
1.07187
2.06497
1.01119
1.9804
1.18444
1.63658
1.89127
1.31609
1.90434
1.99862
1.66988
1.76307
1.26
1.08945
1.69988
1.3327
2.4669
2.04069
1.11642
1.22229
1.20187
1.10313
1.35337
1.28359
1.02196
1.35366
1.27122
1.79246
1.54519
1.62631
