0.168523
0.168523
0.168523
0.168523
0.168523
0.168523
0.168523
0.168523
0.168523
0.168523
0.168523
0.168523
0.168523
0.168523
0.168523
0.168523
0.168523
0.168523
0.168523
0.168523
0.168523
0.168523
0.168523
0.168523
0.168523
0.168523
0.168523
0.168523
0.168523
0.168523
0.168523
0.168523
0.168523
0.168523
0.168523
0.168523
0.168523
0.168523
0.168523
0.168523
0.168523
0.168523
0.168523
0.168523
0.168523
0.168523
0.168523
0.168523
0.168523
0.168523
0.168523
0.168523
0.168523
0.168523
0.168523
0.282135
0.24
0.286531
0.334813
0.300666
0.326956
0.309839
0.326956
0.34641
0.337787
0.326956
0.436921
0.410974
0.413401
0.394462
0.422966
0.414729
0.430813
0.414729
0.414729
0.414729
0.43
0.396989
0.485386
0.414729
0.397618
0.453872
0.428486
0.453872
0.453431
0.475395
0.444522
0.408534
0.452659
0.454423
0.436005
0.474236
0.436921
0.438292
0.421426
0.436921
0.444522
0.436921
0.451221
0.357211
0.434166
0.450444
0.436348
0.405093
0.436348
0.458694
0.443283
0.436348
0.436348
0.436348
0.41
0.535164
0.483735
0.450444
0.444972
0.481248
0.444972
0.459239
0.458258
0.444972
0.444972
0.478435
0.461411
0.451221
0.460543
0.442832
0.475815
0.451221
0.463033
0.442267
0.452106
0.451221
0.53376
0.390512
0.487442
0.451221
0.45
0.45
0.453982
0.445421
0.465188
0.45
0.465188
0.377359
0.424735
0.451221
0.45
0.492037
0.45
0.457821
0.454313
0.436348
0.463033
0.45
