8.8458
8.8516
8.8445
8.844
8.8443
8.8413
8.8418
8.8422
8.8522
8.8437
8.8401
10.0015
10.2095
10.057
9.9509
9.9931
9.9235
10.0199
10.0015
9.9903
10.0879
9.8325
10.9903
11.1274
10.9251
10.9279
10.7756
10.666
10.8225
10.799
10.7376
10.8941
10.7446
12.0528
12.1301
11.8104
11.5484
11.133
11.2713
11.267
11.2457
11.5463
11.7672
11.2707
13.0773
12.4991
11.7506
12.6235
11.853
11.8534
11.97
12.0341
11.9694
12.2211
12.1882
14.9231
14.6368
12.9846
14.0662
13.0269
13.2102
13.4692
13.576
13.5312
13.7543
13.7814
14.5746
15.1643
13.3871
14.6603
13.6766
13.8934
13.7055
14.0008
13.6399
13.4034
13.773
14.2829
14.376
13.9398
13.2762
13.6573
13.6571
13.5596
13.5883
13.7626
13.5566
13.6283
14.0677
14.4825
14.3618
14.5978
14.1815
14.2675
14.0262
14.093
14.1327
14.3605
14.4596
13.5069
13.3366
13.5746
12.4243
12.0128
12.4074
12.7323
12.7349
12.2995
12.5792
13.1183
13.5326
13.1839
12.8459
13.1727
12.7688
12.7065
12.9297
12.9461
12.4063
12.7415
13.5059
13.8583
13.8247
13.5554
13.9956
13.581
13.4255
12.8724
13.5605
14.0517
13.2202
13.9085
14.0339
14.6413
14.2097
14.2553
14.3537
14.3203
14.3058
14.1162
14.5248
14.189
14.5961
14.1044
14.151
14.4975
15.3349
15.1243
15.4325
15.2737
14.7377
15.8081
14.3471
15.6579
