0.5
0.5
0.5
0.5
0.5
0.5
0.5
0.5
0.5
0.5
0.5
0.197532
0.133426
0.12942
0.10717
0.112666
0.106276
0.104786
0.106872
0.111275
0.10568
0.108064
1.01583e-48
0
0
0
0
0
3.27373e-48
0
0
2.90298e-49
2.05903e-48
4.86876e-48
0
0
0
3.00286e-48
0
0
4.78811e-49
0
0
0
0
0
0
0
0
0
0
0
0
1.91267e-48
1.43053e-49
0
0
0
0
0
0
6.55083e-49
0
3.34782e-49
0
7.36046e-49
0
0
0
0
0
0
0
0
3.16465e-49
0
1.83127e-48
0
0
0
0
0
0
0
0
5.43674e-49
7.80292e-48
0
3.96784e-49
2.55097e-48
0
0
2.82144e-48
0
0
0
0
0
0
0
0
2.2608e-48
0
0
1.04967e-48
4.31755e-48
0
0
0
4.98991e-49
0
1.29753e-48
4.70014e-48
0
0
0
0
0
0
0
2.09846e-49
4.59119e-49
0
1.03688e-48
3.44479e-48
0
0
0
0
0
0
0
1.04506e-48
0
8.39006e-49
0
0
0
3.49706e-50
0
0
0
0
0
0
0
0
0
1.54574e-48
0
3.97767e-48
0
0
0
