0.2
0.2
0.2
0.2
0.2
0.2
0.2
0.2
0.2
0.2
0.2
0.147471
0.155917
0.160015
0.176346
0.183094
0.191053
0.193804
0.194884
0.194825
0.174371
0.187866
0.123346
0.117004
0.173201
0.144029
0.164342
0.190136
0.180471
0.1839
0.191048
0.160741
0.192116
0.0770995
0.0996886
0.106233
0.165269
0.162714
0.189505
0.17524
0.187207
0.190392
0.179269
0.149722
0.0805947
0.0795501
0.158856
0.0877879
0.163565
0.188373
0.189597
0.1638
0.13159
0.18554
0.174912
0.0668731
0.0424612
0.146431
0.068491
0.134027
0.19029
0.156604
0.184753
0.176931
0.113221
0.179658
0.0467149
0.0394118
0.135877
0.0235064
0.116983
0.194287
0.160761
0.192773
0.0824525
0.181682
0.168718
0.0199778
0.0497421
0.143657
0.0372147
0.18944
0.155344
0.10827
0.195941
0.188403
0.173365
0.0754197
0.00361611
0.0171847
0.121928
0.0489229
0.193299
0.195956
0.0816613
0.173974
0.0972504
0.179024
0.186621
0.0128712
0.0218289
0.13352
0.026
0.19716
0.149307
0.0577112
0.200966
0.0986167
0.17276
0.187908
0.027362
0.0123278
0.0501083
0.114769
0.0488528
0.16558
0.0800063
0.163459
0.128851
0.146682
0.159217
0.015298
0.0081378
0.0372286
0.0654491
0.0463766
0.0719766
0.0463766
0.0675651
0.0431979
0.0495554
0.0463766
0.0209313
0
0.0196086
0
0
0
0.00344563
0
0
0
0
0.00410628
0.00545677
0
0
0
0
0
0
0
0
0
