0.00068281
0.000710743
0.000501108
0.000757581
0.000566942
0.000656319
0.000681748
0.000724025
0.000602231
0.000654877
0.000620784
0.000641672
0.000724748
0.000480208
0.000275943
0.000527805
0.000857788
0.000500521
0.000622653
0.000831883
0.000871427
0.000210098
0.000234499
0.000295628
0.000564879
0.000291679
0.00120551
0.000184673
0.000505206
0.000606549
0.000728687
0.000551754
0.000508597
0.00140414
0.00142706
0.00191009
0.000793066
0.000945448
0.000484013
0.000653206
0.000488989
0.000103083
0.0006271
0.00089044
0
0.000641131
0.000719896
0.000809234
0.000421935
0.000645349
0.00097358
0.000736615
6.06781e-05
0.000780139
0.00116797
0.000860888
0.000938671
0.000130388
0
0.00196041
0.000171387
0.000213954
0.00036538
0.000763692
0.00023706
0.000615375
7.83549e-05
0.00147315
2.62991e-05
0
0.00289485
3.30229e-05
0.000487724
0.00110584
0.000402541
0.000312099
0.000171225
0
0
0.000394353
0
1.39934e-06
0.00158777
0
0.000240643
0.000453669
0.00140359
0.000251919
0.000283849
0.000317008
0
0.00160464
0.000244824
0.000369897
0.000146971
7.59553e-05
0.00023081
0.000651951
0.000630607
0.000605121
0.000343614
5.29808e-05
0.00210164
0.000242727
0.000784769
0.000578233
0.000215067
0.00201955
0.0014352
0.000644477
0.000518816
0.000497904
0.000574514
0.000303999
1.66135e-05
0.000833723
0.00117159
0.000746469
0.000673413
0.000585472
0.000400604
0.000410606
0.000747187
0.000710166
0.00140128
0.0034066
0.000636437
0.000457834
7.67021e-05
0.000387464
0.00119112
5.35645e-05
0.000968308
0.000886584
0.000407607
0.000484233
0.0022106
0.00220962
0.0005347
0.000193642
0.000514286
0.00048859
0.0012083
0.000931485
0.000676532
0.00036136
0.00213726
0.0045845
0.000908287
0.000563826
0.00015972
0.000494951
0.00121391
7.26376e-05
