0.255149
0.283794
0.288466
0.271574
0.266924
0.270412
0.273735
0.250773
0.26446
0.272678
0.258191
0.276036
0.282007
0.274051
0.266725
0.281248
0.256174
0.277392
0.274699
0.257716
0.256556
0.260844
0.243557
0.271993
0.258725
0.277454
0.266249
0.311228
0.257734
0.29776
0.281789
0.259875
0.275153
0.264164
0.277332
0.275589
0.269628
0.283496
0.267357
0.283543
0.25887
0.272369
0.270155
0.2491
0.270715
0.262479
0.263926
0.276917
0.272497
0.259693
0.280944
0.271966
0.277617
0.286957
0.244773
0.255463
0.258535
0.284592
0.259339
0.266944
0.288288
0.29879
0.269974
0.272677
0.265606
0.233927
0.277903
0.269338
0.288989
0.292224
0.276754
0.276374
0.287405
0.274424
0.243995
0.275722
0.282112
0.29068
0.268364
0.274773
0.277461
0.285175
0.264605
0.276837
0.267904
0.2633
0.257866
0.277607
0.24701
0.248378
0.27897
0.273387
0.271835
0.281708
0.253903
0.284756
0.275742
0.279577
0.286863
0.272238
0.274865
0.26275
0.295062
0.261469
0.26801
0.26293
0.279829
0.292209
0.309974
0.27665
0.269007
0.2763
0.265616
0.265491
0.268007
0.249712
0.287315
0.274219
0.274654
0.26724
0.28672
