0.000271032
0.000423196
0.00022626
0.00035
0.000304436
0.000292034
0.000321483
0.000243487
0.000215751
0.000234468
0.000377478
0.0166665
0.0142822
0.0105818
0.00600278
0.00467443
0.00290422
0.00194678
0.00191759
0.00257652
0.00818889
0.00357909
0.0314693
0.0320507
0.0104319
0.0214315
0.01246
0.00543185
0.00781418
0.00639049
0.00447286
0.0193514
0.00392134
0.0439795
0.0403264
0.0361177
0.0154857
0.0215345
0.0119285
0.00699413
0.00746979
0.0074038
0.0107882
0.0227214
0.0647335
0.0552657
0.0189399
0.0457427
0.021513
0.00990159
0.00962637
0.0137656
0.0351807
0.00947707
0.0115338
0.0915031
0.0860721
0.02819
0.0642676
0.0352338
0.0133265
0.0222364
0.0150201
0.0447401
0.0183604
0.0158318
0.115602
0.101154
0.0315069
0.0717918
0.0416131
0.0172026
0.0202323
0.0182339
0.0456651
0.0171237
0.0216759
0.12894
0.115306
0.0319754
0.0961496
0.0163322
0.0238921
0.042751
0.0195395
0.0193983
0.0263495
0.0592793
0.150783
0.11764
0.0337363
0.0823092
0.020251
0.0682673
0.0195418
0.0290324
0.0445362
0.0258396
0.0222457
0.207155
0.142597
0.040233
0.0951529
0.0245345
0.0640883
0.0316879
0.0227063
0.0540081
0.0266304
0.0274272
0.228501
0.187578
0.122485
0.0406922
0.0730345
0.0236528
0.0582659
0.0207023
0.0372291
0.0336739
0.0262468
0.268908
0.215513
0.134196
0.0527315
0.0267465
0.0913893
0.0234061
0.0686009
0.0510137
0.0342265
0.0292994
0.296984
0.271007
0.192716
0.067147
0.0311943
0.029459
0.132333
0.0872131
0.0533537
0.0359956
0.0358096
0.299861
0.283026
0.0792842
0.232571
0.0357625
0.0368998
0.123388
0.145469
0.0604227
0.0449044
0.0404574
