0.058515
0.0319218
0.0455631
0.0477074
0.0601997
0.0523355
0.0676461
0.0481248
0.054
0.0462493
0.058515
0.0842615
0.101247
0.0949684
0.0705053
0.0905759
0.0905759
0.0894651
0.0941063
0.10002
0.088651
0.0839702
0.127354
0.132529
0.10018
0.143844
0.133158
0.11694
0.134149
0.127059
0.1253
0.123171
0.112942
0.14988
0.123171
0.158906
0.169953
0.171511
0.173205
0.161155
0.149332
0.164253
0.171651
0.168392
0.128573
0.148792
0.194926
0.167105
0.16808
0.174273
0.184326
0.199309
0.169738
0.182253
0.177978
0.279542
0.291909
0.293932
0.282664
0.293673
0.303552
0.295085
0.298159
0.301503
0.288463
0.290041
0.383003
0.384046
0.38413
0.354258
0.377391
0.386537
0.378284
0.374412
0.374875
0.342454
0.37102
0.38033
0.408533
0.398571
0.403886
0.401791
0.368489
0.396863
0.377889
0.402075
0.399023
0.409745
0.391428
0.356958
0.348316
0.398872
0.324794
0.369014
0.363318
0.310509
0.414362
0.379473
0.381728
0.296648
0.264081
0.200539
2.4869e-14
0.0738647
2.4869e-14
2.4869e-14
2.4869e-14
0.0990152
2.4869e-14
2.4869e-14
0.157162
0.0633956
0.0895489
2.4869e-14
2.4869e-14
0.0596992
2.4869e-14
2.4869e-14
2.4869e-14
2.4869e-14
2.4869e-14
0.0604235
0.0604235
2.4869e-14
2.4869e-14
2.4869e-14
2.4869e-14
2.4869e-14
2.4869e-14
2.4869e-14
2.4869e-14
2.4869e-14
2.4869e-14
2.4869e-14
2.4869e-14
2.4869e-14
2.4869e-14
2.4869e-14
2.4869e-14
2.4869e-14
2.4869e-14
2.4869e-14
2.4869e-14
2.4869e-14
2.4869e-14
2.4869e-14
2.4869e-14
2.4869e-14
2.4869e-14
2.4869e-14
2.4869e-14
2.4869e-14
2.4869e-14
2.4869e-14
