0.649322
0.649322
0.649322
0.649322
0.649322
0.649322
0.649322
0.649322
0.649322
0.649322
0.649322
0.648469
0.649381
0.657202
0.653745
0.656582
0.659662
0.654302
0.659123
0.659339
0.658095
0.658509
0.649591
0.648354
0.658775
0.661382
0.653708
0.663132
0.662261
0.661241
0.663491
0.657685
0.662117
0.644697
0.645281
0.650386
0.659793
0.655571
0.661457
0.66396
0.664309
0.653594
0.662896
0.662209
0.641953
0.64221
0.657033
0.646916
0.654313
0.663045
0.660266
0.661754
0.650264
0.66082
0.662612
0.642769
0.633543
0.648201
0.64274
0.654234
0.645201
0.650925
0.653182
0.64237
0.653681
0.653335
0.635324
0.61897
0.636788
0.642015
0.64391
0.641049
0.637905
0.645577
0.633893
0.64393
0.642565
0.644206
0.631708
0.630281
0.635313
0.637813
0.640507
0.637282
0.629193
0.625579
0.636029
0.637459
0.642922
0.636153
0.627431
0.623568
0.623807
0.633049
0.633579
0.63149
0.623687
0.631567
0.631637
0.642695
0.648122
0.643734
0.628424
0.634598
0.631873
0.626913
0.632245
0.629528
0.632306
0.631486
0.658132
0.650753
0.65456
0.629924
0.631556
0.647049
0.63224
0.63142
0.630016
0.630946
0.63106
0.669798
0.668391
0.663163
0.632431
0.633539
0.650235
0.633849
0.63206
0.632327
0.632908
0.633104
0.681036
0.689288
0.662566
0.635209
0.638731
0.639074
0.632233
0.646359
0.634962
0.634988
0.637412
0.69265
0.688465
0.641712
0.67069
0.643767
0.6432
0.643534
0.644296
0.649813
0.641418
0.642301
