21.36
21.36
21.36
21.36
21.36
21.36
21.36
21.36
21.36
21.36
21.36
27.91
28.53
26.9
28.02
26.82
26.59
26.28
28.01
27.18
27.27
27.34
27.47
27.11
26.73
26.82
26.68
26.69
26.21
26.9
26.44
26.42
26.69
26.39
26.49
25.85
26.21
27.22
27.14
26.84
26.24
26.36
26.36
25.99
26.57
26.41
27.04
27.06
26.64
26.79
26.74
27.49
27.08
27.5
27.39
27.19
27.64
28.41
27.83
28.06
28.87
27.61
27.74
28.12
28.91
27.44
27.71
28.87
29.37
27.78
29.63
29.74
29.89
29.68
29.34
29.52
29.64
29.41
29.02
30.15
29.33
30.65
29.22
30
29.81
30.23
30.97
29.88
30.62
28.69
29.4
28.8
29.18
30.02
30.61
29.87
29.78
29.61
30.29
29.43
28.76
30.11
29.63
29.45
30.08
30.56
30.44
30.82
31.11
30.82
29.71
29.41
28.96
30.65
29.72
30.12
30.44
30.96
30.53
31.17
29.56
29.72
30.05
30.5
30.26
30.51
29.9
30.31
30.9
30.73
30.15
31.16
30.38
29.24
29.18
30.87
30.71
30.85
31.15
31.03
31.22
30.79
30.78
30.04
29.77
30.63
30.7
30.25
30.99
30.72
31.26
30.57
31.07
30.93
