0.160401
0.160519
0.16213
0.161255
0.16085
0.160228
0.161587
0.161675
0.161395
0.160675
0.160678
0.248206
0.219764
0.151023
0.186821
0.166247
0.139256
0.16765
0.147672
0.141206
0.14901
0.140495
0.278118
0.296583
0.231667
0.18842
0.145633
0.124018
0.134052
0.135585
0.123073
0.129828
0.215034
0.275137
0.264744
0.239635
0.252213
0.211756
0.173502
0.143833
0.141442
0.229337
0.146181
0.16985
0.252845
0.174661
0.238079
0.280165
0.312103
0.237874
0.213971
0.266166
0.261521
0.233716
0.213888
0.20901
0.274214
0.277568
0.277994
0.275697
0.387519
0.293699
0.217201
0.305035
0.346265
0.418895
0.217753
0.251174
0.287235
0.239124
0.284849
0.409467
0.368149
0.372205
0.250187
0.300736
0.357975
0.210076
0.243456
0.320775
0.247675
0.342811
0.380682
0.236514
0.359895
0.249994
0.324689
0.358952
0.194992
0.235784
0.337041
0.271375
0.234246
0.309584
0.28422
0.248327
0.342322
0.21219
0.35737
0.178761
0.212207
0.246498
0.223603
0.359589
0.23441
0.322938
0.443936
0.268881
0.308021
0.350527
0.210683
0.251682
0.207481
0.255146
0.226407
0.351103
0.301487
0.269048
0.348055
0.417253
0.323975
0.202455
0.259878
0.263366
0.287336
0.376383
0.258849
0.368138
0.309927
0.347557
0.383817
0.31618
0.178839
0.236056
0.223752
0.246609
0.334667
0.301314
0.236242
0.194127
0.289765
0.407613
0.350306
0.194809
0.196955
0.213636
0.255603
0.359457
0.351642
0.252872
0.218508
0.273161
0.3076
0.359258
