0.796656
0.796656
0.796656
0.796656
0.796656
0.796656
0.796656
0.796656
0.796656
0.796656
0.796656
0.798634
0.798078
0.797875
0.798198
0.797834
0.798128
0.798075
0.798093
0.798065
0.79796
0.798094
0.799487
0.801479
0.800551
0.802355
0.80044
0.800357
0.800424
0.80045
0.800517
0.800962
0.800559
0.802907
0.803947
0.804515
0.803213
0.804731
0.803309
0.803294
0.803308
0.803171
0.803469
0.80363
0.809891
0.808402
0.807103
0.809281
0.80788
0.806791
0.807183
0.806826
0.807039
0.807388
0.806654
0.770863
0.770189
0.760473
0.762989
0.762688
0.759047
0.760077
0.759047
0.760746
0.758809
0.759601
0.663527
0.665548
0.641787
0.649509
0.640124
0.64155
0.644876
0.640124
0.64452
0.641074
0.639886
0.553278
0.547892
0.522231
0.537596
0.520963
0.525715
0.521439
0.521755
0.525557
0.522072
0.520963
0.444612
0.427385
0.403624
0.427781
0.413327
0.40204
0.402832
0.403822
0.413129
0.403822
0.403228
0.331114
0.327788
0.297611
0.281692
0.282404
0.284305
0.282642
0.28383
0.28977
0.283592
0.284543
0.217167
0.209154
0.18806
0.17251
0.165303
0.175005
0.165026
0.169738
0.163917
0.166966
0.165857
0.132748
0.0870854
0.0768434
0.0540224
0.0462215
0.0462215
0.0614131
0.0432508
0.053955
0.0457593
0.0465383
0.0431757
0.0308833
0.0175216
4.17219e-45
5.89723e-45
3.9887e-45
0.00242988
0.00658982
4.33125e-45
6.06813e-45
4.27639e-45
0.0255507
0.00680083
3.92808e-45
0.00363152
5.09194e-45
4.20247e-45
4.50491e-45
3.46748e-45
4.92031e-45
4.30045e-45
4.26957e-45
