0.5
0.5
0.5
0.5
0.5
0.5
0.5
0.5
0.5
0.5
0.5
0.502678
0.501132
0.500755
0.501024
0.500885
0.501539
0.5009
0.500952
0.500284
0.502067
0.501009
0.501749
0.504126
0.500933
0.503426
0.50312
0.503514
0.50332
0.501961
0.503828
0.501994
0.502829
0.503268
0.5121
0.508359
0.505955
0.50585
0.506062
0.505734
0.50594
0.50655
0.502915
0.505981
0.51254
0.508574
0.509058
0.508342
0.509419
0.508348
0.508773
0.509269
0.507637
0.508336
0.505763
0.532731
0.543822
0.522845
0.530557
0.523613
0.522914
0.523044
0.523826
0.525638
0.525355
0.529094
0.546153
0.54804
0.537679
0.544757
0.538263
0.540482
0.538003
0.541883
0.541981
0.539808
0.539769
0.514164
0.513329
0.511121
0.515204
0.515196
0.515466
0.515902
0.513148
0.513123
0.51701
0.515876
0.439421
0.430903
0.403588
0.416167
0.404184
0.408151
0.402793
0.403787
0.406568
0.402595
0.40787
0.321033
0.313254
0.303376
0.284782
0.285021
0.285736
0.288359
0.286213
0.284544
0.285736
0.296941
0.228476
0.196201
0.184784
0.165023
0.166414
0.166692
0.171699
0.169474
0.163633
0.164745
0.172546
0.125074
0.0992066
0.0460587
0.0731409
0.0476481
0.0460587
0.0503216
0.0503892
0.0492375
0.0653921
0.0494095
0.0505771
0.0250119
4.37004e-45
0.0214097
5.35855e-45
4.90267e-45
0.000689127
0.00242499
4.93577e-45
0.00487607
4.3061e-45
0.0162294
0.00708934
0.00232003
5.18467e-45
4.45152e-45
4.89847e-45
5.24662e-45
3.67655e-45
4.88131e-45
6.64232e-05
5.00004e-45
