0.0589049
0.0525299
0.0569121
0.0656088
0.0584212
0.059439
0.0555071
0.0576281
0.050463
0.0575409
0.0518825
0.152007
0.173646
0.135521
0.177302
0.185794
0.177986
0.172783
0.183654
0.183636
0.176705
0.200077
0.240679
0.227689
0.226734
0.247237
0.275262
0.243164
0.25185
0.248019
0.242254
0.255238
0.253659
0.274341
0.27639
0.284399
0.265833
0.288171
0.282968
0.254618
0.304617
0.283047
0.298868
0.30208
0.304448
0.28682
0.288187
0.302794
0.298562
0.280002
0.319931
0.29431
0.280822
0.310477
0.28812
0.263141
0.24471
0.237897
0.256064
0.273833
0.231008
0.247485
0.272108
0.28141
0.247641
0.255927
0.23858
0.214987
0.230971
0.208764
0.198535
0.220456
0.239818
0.227011
0.228045
0.208625
0.223944
0.230553
0.209517
0.224236
0.199363
0.195464
0.181178
0.208786
0.193583
0.230196
0.207058
0.208444
0.183128
0.19238
0.20014
0.189723
0.185717
0.185291
0.16999
0.167788
0.191877
0.193689
0.193402
0.185207
0.191627
0.192063
0.184779
0.174883
0.17263
0.191935
0.184398
0.178149
0.172722
0.180985
0.193704
0.187579
0.170986
0.183847
0.180318
0.210624
0.168691
0.18682
0.188464
0.173317
0.212672
0.1683
0.173509
0.161604
0.176768
0.184794
0.173887
0.177135
0.184462
0.17299
0.19621
0.185557
0.191442
0.173357
0.18192
0.161533
0.184447
0.163049
0.168448
0.183486
0.1698
0.165142
0.17476
0.188826
0.187682
0.1565
0.172188
0.175392
0.180137
0.174569
0.181151
0.168813
0.174849
0.163411
