0
0
0
0
0
0
0
0
0
0
0
0.876581
0.887233
0.903136
0.944865
0.94755
0.947405
0.945159
0.92681
0.930444
0.915835
0.938564
0.876888
0.887411
0.903464
0.94965
0.946464
0.946085
0.95282
0.930616
0.916095
0.939181
0.942825
0.875424
0.889455
0.905474
0.948805
0.949931
0.946627
0.937002
0.954235
0.929395
0.918715
0.944971
0.877832
0.886802
0.952255
0.907795
0.945169
0.946789
0.951807
0.941343
0.945764
0.931801
0.920799
0.877527
0.888458
0.951419
0.905017
0.952427
0.951432
0.955525
0.937615
0.946038
0.930328
0.923325
0.874973
0.887947
0.904691
0.951236
0.954882
0.942992
0.955288
0.933038
0.942514
0.937914
0.920396
0.878048
0.890702
0.906798
0.950428
0.950803
0.95259
0.945261
0.928709
0.941566
0.940989
0.923311
0.8823
0.887201
0.953958
0.908451
0.950296
0.95453
0.930095
0.945362
0.942956
0.945622
0.919151
0.873771
0.890164
0.953308
0.90714
0.950333
0.956272
0.934085
0.93512
0.951299
0.943639
0.923762
0.879198
0.890163
0.906843
0.949284
0.955338
0.953743
0.931519
0.941087
0.949057
0.943821
0.915928
0.877781
0.891529
0.949845
0.907521
0.957628
0.951165
0.929875
0.941746
0.950059
0.919219
0.944107
0.87684
0.887865
0.952141
0.90755
0.956422
0.951756
0.942115
0.931856
0.946163
0.919887
0.943793
0.877489
0.886237
0.90881
0.952796
0.954511
0.9405
0.952821
0.933216
0.9153
0.952449
0.944192
