8.34
8.34
8.34
8.34
8.34
8.34
8.34
8.34
8.34
8.339
8.34
23.132
20.947
17.365
13.367
13.337
13.365
13.227
15.017
14.608
16.135
13.614
59.167
52.257
52.052
20.484
19.827
23.529
20.803
33.034
40.267
26.498
23.089
48.744
67.999
45.445
37.315
33.787
56.33
67.567
32.993
50.265
53.537
43.2
61.86
51.059
50.799
38.899
54.744
47.561
57.548
52.165
46.195
38.226
60.035
32.579
34.58
56.2
28.86
69.451
55.209
54.399
63.389
60.15
41.8
36.88
29.254
23.235
24.166
49.049
41.276
37.636
36.068
33.058
37.711
32.497
31.505
24.384
23.735
23.032
37.37
29.294
36.385
38.225
25.558
29.951
31.47
24.495
20.972
20.959
32.315
23.501
29.381
29.042
23.913
28.885
28.804
29.187
22.048
21.058
24.012
28.084
20.564
27.701
24.119
29.33
24.951
27.771
27.745
21.318
19.877
20.413
26.711
19.856
25.485
24.311
23.411
22.401
27.273
24.788
21.033
19.946
19.75
28.333
19.842
27.036
25.52
22.524
23.165
24.05
20.32
23.904
18.916
21.289
25.206
19.751
23.455
23.721
21.338
22.087
24.995
21.11
26.55
19.147
19.819
19.999
23.808
25.061
22.695
24.987
21.944
21.161
24.651
23.233
