22.3
22.3
22.3
22.3
22.3
22.3
22.3
22.3
22.3
22.3
22.3
27.345
27.215
27.925
31.598
30.133
28.538
36.4
36.16
35.028
35.925
33.923
28.435
28.825
32.681
34.922
29.989
36.984
36.284
36.982
36.98
31.408
36.698
33.096
33.035
33.777
35.999
35.489
36.659
36.971
37.069
34.696
36.957
36.746
32.32
32.174
33.436
36.43
35.27
36.779
37.228
37.134
34.891
37.088
37.172
34.378
34.509
36.525
35.009
36.079
37.037
36.665
37.074
35.731
36.971
36.972
34.677
34.631
36.171
35.118
36.476
36.768
35.97
36.874
35.523
36.646
36.763
35.297
35.17
36.163
35.535
36.837
35.76
36.887
36.551
36.043
36.583
36.683
34.734
35.072
36.027
35.25
35.414
36.829
36.618
36.437
36.691
35.763
36.496
34.976
35.135
35.299
36.199
35.831
36.932
36.513
36.858
36.124
36.608
36.797
35.095
35.085
35.407
35.953
36.58
35.383
36.623
36.049
36.379
36.513
36.523
35.027
35.405
35.626
36.199
36.688
35.704
36.772
36.446
35.85
36.571
36.579
34.851
35.084
35.593
36.12
36.825
36.727
35.901
35.862
36.367
36.418
36.7
35.019
35.03
36.035
35.167
36.63
36.811
35.842
36.332
35.697
36.483
36.709
