0.2
0.2
0.2
0.2
0.2
0.2
0.2
0.2
0.2
0.2
0.2
0.120917
0.125833
0.17325
0.143833
0.16525
0.15575
0.191583
0.183333
0.190583
0.188583
0.178833
0.046
0.057
0.0731667
0.1175
0.109
0.129358
0.123429
0.132596
0.135871
0.128494
0.1035
0.024
0.04225
0.0583688
0.068
0.07275
0.0825
0.0855
0.08425
0.0895
0.0565
0.06575
0.0216667
0.03
0.0266667
0.0553333
0.0523333
0.0716667
0.0603333
0.0553333
0.0418583
0.072
0.066
0.00666667
0.008
0.0246667
0.014
0.016
0.0546667
0.0406667
0.0246667
0.046
0.036
0.0486667
0.01
0.012
0.016
0.006
0.014
0.0375749
0.048
0.027
0.008
0.037
0.034
0.0113333
0.00933333
0.0233333
0.01
0.04
0.0213333
0.0153333
0.0413333
0.00733333
0.032
0.0433333
0.03
0.00833333
0.00833333
0.014
0.00733333
0.0330061
0.0329378
0.0176371
0.025
0.0127824
0.0159917
0.012
0.008
0.00514987
0.002
0.028
0.008
0.008
0.044
0.01
0.018
0.0259001
0.036
0.028
0.026
0.016
0.016
0.024
0.030886
0.024
0.016
0.024
0.0109949
0.032
0.022
0.014
0.0127333
0.0255686
0.0186001
0.0295813
0.026
0.0126001
0.0174671
0.0299339
0.022
0.022
0.016
0.014
0.0283775
0.0163592
0.016
0.026
0.0128933
0.012
0.018
0.026
0.036
0.012
0.018
0.0169115
0.0184177
0.022
0.016
0.0124177
0.0127686
0.0105683
