8.533
8.534
8.533
8.533
8.535
8.533
8.532
8.534
8.532
8.534
8.534
11.049
11.008
11.076
11.161
11.151
11.163
11.162
11.054
11.157
11.151
11.157
8.18
8.18
8.18
8.18
8.18
8.18
8.18
8.18
8.18
8.18
8.18
8.18
8.18
8.18
8.18
8.18
8.18
8.18
8.18
8.18
8.18
8.18
8.18
8.18
8.18
8.18
8.18
8.18
8.18
8.18
8.18
8.18
8.18
8.18
8.18
8.18
8.18
8.18
8.18
8.18
8.18
8.18
8.18
8.18
8.18
8.18
8.18
8.18
8.18
8.18
8.18
8.18
8.18
8.18
8.18
8.18
8.18
8.18
8.18
8.18
8.18
8.18
8.18
8.18
8.18
8.18
8.18
8.18
8.18
8.18
8.18
8.18
8.18
8.18
8.18
8.18
8.18
8.18
8.18
8.18
8.18
8.18
8.18
8.18
8.18
8.18
8.18
8.18
8.18
8.18
8.18
8.18
8.18
8.18
8.18
8.18
8.18
8.18
8.18
8.18
8.18
8.18
8.18
8.18
8.18
8.18
8.18
8.18
8.18
8.18
8.18
8.18
8.18
8.18
8.18
8.18
8.18
8.18
8.18
8.18
8.18
8.18
8.18
8.18
8.18
8.18
8.18
8.18
8.18
8.18
8.18
8.18
