0.800846
0.800723
0.800592
0.800699
0.800707
0.800555
0.800609
0.80076
0.800582
0.800668
0.800676
0.80085
0.800792
0.800669
0.800764
0.800712
0.800751
0.80075
0.800751
0.800531
0.800775
0.800766
0.800784
0.800712
0.800676
0.800737
0.80068
0.800721
0.80075
0.800588
0.800698
0.800681
0.800779
0.800708
0.800643
0.800852
0.800667
0.800607
0.800722
0.800708
0.800723
0.800727
0.800742
0.800753
0.800801
0.800694
0.800785
0.800666
0.800821
0.800738
0.80067
0.800709
0.800733
0.80076
0.800812
0.800758
0.800689
0.800655
0.800702
0.800699
0.800761
0.800715
0.800748
0.800824
0.800762
0.800763
0.800758
0.800716
0.800777
0.800709
0.8006
0.80064
0.800801
0.800823
0.800792
0.800825
0.800662
0.800666
0.800738
0.80069
0.800781
0.800673
0.80072
0.80073
0.800651
0.800737
0.800708
0.800654
0.800839
0.80065
0.800687
0.800623
0.800713
0.800737
0.800711
0.800678
0.800887
0.800795
0.800667
0.800662
0.800629
0.800721
0.800666
0.800761
0.800818
0.800748
0.800804
0.800742
0.800729
0.800735
0.80068
0.800792
0.800637
0.800708
0.80063
0.800698
0.800773
0.800877
0.800738
0.800766
0.800568
0.800741
0.800827
0.800662
0.800764
0.800749
0.800751
0.800816
0.800744
0.800765
0.800784
0.800822
0.80086
0.800725
0.80092
0.800656
0.800682
0.800803
0.800636
0.800804
0.800905
0.800778
0.800681
0.80063
0.800645
0.800658
0.800777
0.800646
0.800638
0.800674
0.80077
0.800745
0.800689
0.800756
