22.3
22.3
22.3
22.3
22.3
22.3
22.3
22.3
22.3
22.3
22.3
24.879
24.743
24.54
24.91
24.751
24.397
24.524
24.506
24.551
24.852
24.465
24.709
24.624
24.269
24.573
24.467
26.218
25.207
26.582
26.556
24.46
25.626
24.621
24.6
24.486
25.635
24.679
26.707
28.308
28.459
24.415
28.753
27.308
24.754
24.714
24.62
26.382
24.867
27.502
29.722
30.121
24.592
28.446
29.368
27.153
27.121
29.024
27.501
27.636
33.289
30.703
32.849
27.487
32.56
31.759
25.158
25.256
28.631
25.563
30.35
26.96
32.609
33.418
26.269
30.908
31.915
26.271
26.348
28.038
26.192
34.054
26.615
34.576
29.275
27.167
31.936
33.078
26.422
26.293
29.064
26.99
27.273
35.206
34.193
30.252
34.04
27.766
32.727
28.632
28.808
28.737
31.925
29.221
35.767
34.166
35.899
30.503
34.956
35.961
26.971
26.921
28.303
32.792
36.14
29.219
36.399
31.093
34.853
36.064
36.239
26.989
27.026
27.518
32.283
36.615
28.605
36.724
34.262
29.748
35.762
36.348
28.374
28.624
29.137
34.099
36.867
36.709
32.288
30.724
35.667
36.577
36.794
29.155
29.374
32.86
29.588
36.645
36.8
31.697
34.451
30.074
35.967
36.423
