8.535
8.535
8.534
8.535
8.535
8.535
8.534
8.535
8.535
8.535
8.535
8.657
8.649
8.65
8.647
8.651
8.65
8.636
8.656
8.658
8.649
8.652
8.86
8.814
8.874
8.835
8.887
8.88
8.884
8.889
8.885
8.876
8.882
9.143
9.165
9.168
9.178
9.167
9.174
9.15
9.173
9.165
9.195
9.183
9.422
9.376
9.423
9.449
9.428
9.457
9.455
9.487
9.435
9.414
9.459
10.154
10.185
10.199
10.164
10.198
10.198
10.195
10.189
10.201
10.181
10.202
10.496
10.427
10.559
10.528
10.562
10.557
10.552
10.556
10.556
10.56
10.545
10.686
10.802
10.81
10.776
10.81
10.809
10.81
10.795
10.808
10.814
10.792
10.876
10.988
10.99
10.943
10.99
10.994
10.984
10.988
10.987
10.99
10.986
11.055
11.095
11.115
11.112
11.113
11.115
11.11
11.115
11.121
11.112
11.111
11.078
11.113
11.153
11.177
11.177
11.177
11.173
11.175
11.173
11.176
11.161
10.507
10.766
11.049
10.818
11.049
11.049
10.708
11.05
11.057
11.037
10.79
9.612
9.652
8.18
9.371
8.18
8.18
8.46
8.18
8.18
8.18
8.18
9.273
8.467
8.18
8.466
8.18
8.18
8.18
8.18
8.18
8.18
8.18
