0.639062
0.639062
0.639062
0.639062
0.639062
0.639062
0.639062
0.639062
0.639062
0.639062
0.639062
0.854927
0.954987
1.35163
1.5174
0.669627
0.963795
1.8767
2.81263
2.64235
2.62114
1.83967
1.98215
0.909725
1.82891
2.18927
1.55563
2.61389
2.04404
1.76511
2.47217
2.24475
1.87232
0.865794
0.962497
1.0375
0.646607
0.864928
1.16486
2.48807
2.79945
2.17807
0.791265
2.53553
0.758683
0.74
0.668132
1.89391
1.81945
2.00062
2.38036
1.23227
1.00419
2.34572
2.50288
1.70179
1.68926
2.27121
2.24731
1.85095
1.9891
2.34359
2.25311
2.39967
2.26371
2.42767
2.22081
2.57597
2.30946
2.23134
2.09402
2.32123
2.15592
2.16058
2.17936
2.12546
2.44859
2.91378
2.5459
2.12464
2.45359
2.64728
2.40418
2.32474
2.57286
2.58527
2.37464
2.69844
2.64592
1.79343
2.46311
2.30219
2.37253
2.56429
2.6319
2.23347
2.90172
2.42107
2.32886
2.11566
2.25264
2.37992
2.20474
2.28694
2.85902
2.18028
3.00093
2.2722
2.58691
2.95567
2.23911
2.27192
2.28388
2.47095
2.30584
2.76407
2.58126
2.16102
2.65526
2.55413
2.7731
2.29
2.11398
2.38546
2.26274
2.51476
2.25255
2.2795
2.19372
2.33547
2.35476
2.58157
2.10817
2.35553
2.33985
2.32465
3.02351
2.95635
2.36349
2.3208
2.53409
2.55125
2.91788
2.13026
2.27455
2.20384
2.10155
2.89593
2.74
2.31474
2.12134
2.30757
2.87778
3.0391
