0.112272
0.112272
0.112272
0.112272
0.112272
0.112272
0.112272
0.112272
0.112272
0.112272
0.112272
0.00125716
0.027362
0.0274165
0.114521
0.118928
0.124305
0.119469
0.0666585
0.0875503
0.0336984
0.101217
0.0468352
0.0198323
0.0188264
0.109714
0.121902
0.112289
0.118641
0.0219477
0.0102594
0.0823247
0.076139
0.028401
0.0492853
0.0307257
0.20066
0.134363
0.110854
0.0510709
0.207707
0.0581332
0.0418103
0.0615534
0.0323177
0.0328945
0.29358
0.0365613
0.01229
0.00659005
0.341455
0.0183913
0
0.0220608
0.0681312
0.0667091
0.0664002
0.37486
0.0112262
0.102411
0.10618
0.107197
0.0938588
0.105489
0.0762112
0.0331994
0.0336282
0.0336496
0.0561254
0.245308
0.112043
0.249737
0.100854
0.100743
0.100891
0.0784498
0.033671
0.0224532
0.0224536
0.0673617
0.178217
0.112267
0.11226
0.112267
0.0785779
0.0785845
0.112242
0.0785889
0.0561361
0.0449089
0.112272
0.056136
0.112272
0.112272
0.0785906
0.112272
0.112272
0.112272
0.0449089
0.0224545
0.0561361
0.112272
0.0336817
0.112272
0.0673634
0.112272
0.0898178
0.112272
0.101045
0.0673634
0.0224545
0.0224545
0.112272
0.0449089
0.101045
0.112272
0.0561361
0.0785906
0.112272
0.0898178
0.0673634
0.0785906
0.0561361
0.112272
0.0561361
0.112272
0.112272
0.0561361
0.0785906
0.112272
0.0561361
0.112272
0.0336817
0.0449089
0.112272
0.0561361
0.112272
0.112272
0.101045
0.0561361
0.0898178
0.0898178
0.0898178
0.0224545
0.0449089
0.0224545
0.112272
0.112272
0.112272
0.112272
0.0449089
0.0449089
0.112272
0.112272
