0
0
0
0
0
0
0
0
0
0
0
0
0
0
0
0
0
0
0
0
0
0
0.122408
0.137124
0.144482
0.145819
0.146154
0.150502
0.148161
0.144482
0.140468
0.148495
0.145151
0.29097
0.34214
0.350502
0.368896
0.367224
0.372241
0.373579
0.372241
0.365217
0.358528
0.368896
0.399666
0.461873
0.478261
0.394314
0.443478
0.497993
0.495635
0.497659
0.483278
0.499331
0.501003
0.512375
0.526421
0.622742
0.677592
0.553846
0.555853
0.6301
0.620067
0.555518
0.697659
0.697993
0.287291
0.441472
0.617057
0.526087
0.539114
0.232107
0.771015
0.619732
0.533779
0.616722
0.386622
0.30301
0.307692
0.486288
0.31505
0.49097
0.569565
0.72709
0.490635
0.48796
0.399666
0.409365
0.234783
0.239465
0.502676
0.162876
0.495318
0.166555
0.671063
0.504448
0.337458
0.58495
0.503696
0.317391
0.487291
0.603631
0.502007
0.253846
0.603344
0.691527
0.693143
0.683612
0.778877
0.604348
0.324415
0.247157
0.420401
0.434114
0.426421
0.346823
0.609283
0.518077
0.521455
0.607153
0.433779
0.330435
0.334783
0.42709
0.526756
0.704348
0.430769
0.617133
0.350836
0.438462
0.79353
0.704682
0.41806
0.254515
0.60704
0.630769
0.725671
0.543497
0.529431
0.357525
0.541359
0.542475
0.632232
0.168227
0.340468
0.347157
0.35805
0.633633
0.63383
0.264214
0.447157
0
0.363528
0.631163
