4.15407e-16
4.00297e-16
3.68219e-16
2.71948e-16
4.29988e-16
4.44089e-16
4.0943e-16
4.18364e-16
1.92296e-16
5.08768e-16
4.44089e-16
0.0245188
0.0263627
0.00920054
0.0209999
0.0141123
0.0184978
0.00156877
0.00261576
0.00270049
0.00756358
0.00437945
0.0152294
0.0149127
0.00990017
0.0131446
0.0184203
0.00283121
0.00473804
0.00655246
0.00187164
0.0192717
0.00654956
0.0115627
0.0122943
0.0166124
0.0180596
0.0216466
0.016028
0.00318336
0.00621165
0.0204519
0.0109077
0.0135569
0.0173625
0.0168341
0.0303775
0.0209324
0.031063
0.0131473
0.0271392
0.0220757
0.0229905
0.0270414
0.0173845
0.00167597
0.00223791
0.0663981
0.0291342
0.0586337
0.00143936
0.0573209
0.017066
0.0539634
0.0288613
0.0384316
0.000168702
0.000196094
0.0841158
0.000449265
0.0481149
0.0819899
0.0582157
0.0246035
0.00465154
0.0667172
0.053351
3.42946e-05
4.59738e-05
0.0653246
0.000136095
0.0593356
0.0434716
0.00019529
0.0969867
0.000935319
0.0866383
0.075974
0.0876385
1.79244e-05
0.0347445
3.14012e-05
4.74861e-05
0.0401028
0.0618877
0.0874541
0.000107968
0.100615
0.080303
3.55219e-06
4.00195e-06
5.39902e-06
0.000255431
1.02598e-05
0.0819047
0.0594161
0.0747433
1.97174e-05
0.0899442
0.103727
3.33685e-07
1.07406e-06
8.78022e-07
6.26648e-06
0.105128
1.48507e-06
0.0912565
3.07159e-06
0.0205974
0.0920492
0.053435
1.47037e-07
1.79949e-07
2.51261e-07
9.71817e-07
0.102725
2.9744e-07
0.103617
1.06439e-05
6.23077e-07
0.0415198
0.0833017
3.31706e-08
2.83004e-08
5.34411e-08
1.54347e-07
0.105002
0.0931076
5.27296e-06
6.41197e-08
1.57712e-06
0.0208591
0.0689728
5.81727e-09
6.47389e-09
3.04991e-08
8.16015e-09
0.0980856
0.104871
1.09935e-06
2.0129e-08
1.0103e-08
0.020825
0.0695611
