0.11417
0.114844
0.113232
0.114067
0.114082
0.114106
0.113159
0.115112
0.11415
0.113308
0.114778
0.121756
0.0909983
0.0886773
0.157226
0.152745
0.156614
0.15892
0.134025
0.147901
0.0975098
0.171785
0.124073
0.117523
0.0733645
0.232369
0.202824
0.228287
0.249093
0.127298
0.122962
0.215471
0.170972
0.107092
0.116152
0.100214
0.267344
0.245338
0.125499
0.111211
0.257516
0.131935
0.105262
0.0722813
0.103543
0.0982874
0.172459
0.0510095
0.153026
0.27932
0.184221
0.0902234
0.0855266
0.112231
0.0899743
0.105425
0.094381
0.123452
0.105588
0.122918
0.125846
0.110491
0.119738
0.122808
0.117372
0.107476
0.0691362
0.0923186
0.103745
0.11738
0.116139
0.11573
0.11727
0.0951012
0.105295
0.118087
0.0942349
0.107635
0.0821486
0.103997
0.11637
0.117018
0.11751
0.114949
0.103924
0.116932
0.115469
0.0934429
0.0699956
0.0922948
0.116369
0.0928859
0.118542
0.114769
0.106238
0.117468
0.115747
0.114702
0.103858
0.0714037
0.117746
0.116892
0.0935495
0.114631
0.116494
0.114744
0.116774
0.118123
0.105088
0.10542
0.103994
0.105503
0.120265
0.10519
0.115925
0.116794
0.106873
0.115354
0.118265
0.114958
0.0925173
0.0817845
0.0680762
0.115848
0.0831512
0.117448
0.114906
0.104721
0.1152
0.104106
0.118599
0.115112
0.0944076
0.0930519
0.117989
0.0921925
0.114734
0.116167
0.115095
0.119742
0.116425
0.0931739
0.117296
0.0621956
0.0925538
0.0937297
0.116963
0.114855
0.116655
0.117564
0.117518
0.116335
0.104707
0.118291
