0.750516
0.750004
0.74931
0.749046
0.749473
0.749409
0.74996
0.749371
0.748964
0.751149
0.750621
0.165645
0.14687
0.121208
0.107468
0.10866
0.105382
0.105978
0.110282
0.10568
0.107435
0.108958
3.79254e-45
4.21083e-45
5.11607e-45
4.03132e-45
4.75514e-45
4.78055e-45
5.32424e-45
3.44204e-45
4.69315e-45
5.52097e-45
5.02774e-45
4.35826e-45
4.41205e-45
4.7614e-45
5.43866e-45
4.82515e-45
4.9115e-45
5.21442e-45
4.95976e-45
5.26959e-45
4.97829e-45
4.83316e-45
4.73197e-45
4.37018e-45
4.48075e-45
4.44441e-45
4.72663e-45
4.04577e-45
4.26978e-45
4.74045e-45
3.96703e-45
4.27352e-45
5.06742e-45
4.87958e-45
4.56503e-45
3.97343e-45
3.77824e-45
4.72827e-45
3.9744e-45
5.56439e-45
4.62052e-45
4.57542e-45
4.57291e-45
4.58623e-45
4.79347e-45
4.53419e-45
4.49733e-45
5.00622e-45
4.36827e-45
4.66519e-45
4.22074e-45
4.77938e-45
5.31827e-45
4.8428e-45
4.04697e-45
4.61742e-45
4.25767e-45
6.26659e-45
3.67001e-45
4.19695e-45
5.37178e-45
5.04074e-45
4.06867e-45
4.45495e-45
4.36831e-45
4.33907e-45
4.78286e-45
4.41548e-45
4.50039e-45
3.75528e-45
4.82351e-45
5.04086e-45
3.4488e-45
5.38219e-45
5.08981e-45
4.9378e-45
3.93496e-45
4.45603e-45
4.09804e-45
4.81623e-45
4.9395e-45
4.00861e-45
5.22341e-45
5.75694e-45
4.55308e-45
3.56489e-45
4.67585e-45
5.89853e-45
4.81494e-45
3.81444e-45
5.34415e-45
4.59126e-45
4.75801e-45
4.12417e-45
4.49287e-45
4.18365e-45
5.49437e-45
4.6454e-45
5.26929e-45
5.30762e-45
4.31224e-45
4.94109e-45
4.67715e-45
3.9517e-45
4.35515e-45
4.45923e-45
4.65793e-45
4.69098e-45
5.01392e-45
4.86718e-45
4.92068e-45
6.19376e-45
4.59375e-45
5.14093e-45
4.22836e-45
4.33764e-45
5.24946e-45
5.81313e-45
4.98265e-45
4.3969e-45
3.83773e-45
4.66224e-45
5.12594e-45
4.24217e-45
4.99815e-45
4.58022e-45
5.62465e-45
5.13166e-45
3.85521e-45
4.23782e-45
3.56327e-45
4.15491e-45
