4.26389e-16
4.26389e-16
4.26389e-16
4.26389e-16
4.26389e-16
4.26389e-16
4.26389e-16
4.26389e-16
4.26389e-16
4.26389e-16
4.26389e-16
0.0384704
0.0937342
0.0153539
0.0540299
0.0285926
0.00362449
0.019092
0.00432052
0.00229379
0.00849449
0.0133613
0.0293357
0.044689
0.0649292
0.0225102
0.037867
0.00454374
0.00223332
0.0190087
0.010245
0.0102789
0.0763893
0.0087335
0.00918412
0.0386246
0.0488579
0.0457449
0.0489329
0.00803811
0.00111124
0.0598928
0.00521546
0.0124263
0.00561967
0.00481457
0.00888013
0.143485
0.103171
0.00386753
0.00494247
0.0971754
0.0874857
0.00736623
0.0163619
0.000406537
0.000525838
0.00235391
0.000862045
0.000570216
0.129501
0.00124501
0.000404213
0.195337
0.129305
0.20295
0.264235
0.264229
4.49612e-05
1.28591e-05
3.43744e-05
0.132117
0.204719
4.45891e-05
2.56907e-05
0.176876
0.000436341
0.264239
1.10371e-06
2.06819e-06
4.17609e-07
0.208752
1.9237e-06
1.56799e-06
0.226632
7.82597e-07
3.39084e-05
0.179655
4.85546e-08
0.352319
2.08027e-08
0.264239
4.22424e-08
0.222284
0.182966
3.95175e-08
1.88745e-06
4.44535e-08
1.62675e-06
0.264239
0.264239
1.94352e-09
0.264239
0.139221
2.42751e-09
3.37883e-09
0.22691
2.4426e-09
9.75418e-07
1.94226e-09
0.352319
0.264239
0.264239
1.17467e-10
6.56884e-11
0.18365
0.185443
1.08536e-10
6.63466e-11
6.6538e-11
1.56759e-10
0.264239
0.264239
1.9037e-12
5.12325e-12
2.78415e-07
1.29284e-12
0.138724
2.83968e-12
6.41589e-12
1.14242e-08
3.0318e-12
0.264239
4.27459e-14
4.71496e-14
1.19307e-13
4.55637e-11
6.72303e-08
1.54562e-13
6.6764e-14
1.35758e-13
1.98329e-13
1.32548e-13
0.264239
0.264239
3.9301e-15
0.264239
5.74925e-09
9.62115e-09
1.35974e-15
1.8952e-15
2.67941e-15
2.80834e-15
4.391e-15
