4.57757e-16
2.93737e-16
3.33067e-16
3.84593e-16
4.00297e-16
3.68219e-16
5.08768e-16
3.51083e-16
3.14018e-16
3.14018e-16
4.29988e-16
3.47555e-16
3.51083e-16
3.14018e-16
2.93737e-16
3.17919e-16
3.84593e-16
3.51083e-16
2.22045e-16
4.29988e-16
3.14018e-16
3.51083e-16
2.93737e-16
4.15407e-16
3.47555e-16
4.44089e-16
4.15407e-16
3.74854e-16
4.15407e-16
3.14018e-16
3.33067e-16
4.00297e-16
3.84593e-16
3.84593e-16
3.02013e-16
4.15407e-16
3.14018e-16
3.74854e-16
4.15407e-16
4.15407e-16
3.68219e-16
0.033439
3.68219e-16
3.14018e-16
3.33067e-16
2.48253e-16
3.84593e-16
4.29988e-16
3.84593e-16
3.68219e-16
3.51083e-16
3.17919e-16
4.15407e-16
4.57757e-16
3.68219e-16
4.1243e-16
3.51083e-16
3.68219e-16
3.51083e-16
3.68219e-16
2.93737e-16
3.84593e-16
4.57757e-16
3.68219e-16
3.87784e-16
3.84593e-16
0.0422956
2.71948e-16
3.68219e-16
3.33067e-16
4.15407e-16
3.61462e-16
3.84593e-16
0.0230158
2.48253e-16
4.71028e-16
4.57757e-16
4.00297e-16
2.93737e-16
2.48253e-16
3.33067e-16
3.84593e-16
4.15407e-16
0.0495821
0.0181363
0.052653
0.0159241
0.017967
0.0576851
0.00172681
0.0457399
0.0166491
0.0124541
0.000296081
0.039932
0.0278432
3.63306e-05
0.0254349
0.0135073
0.0186414
0.0876384
0.00920461
0.04497
4.92808e-16
0.0876383
0.0134416
0.12331
0.0702446
0.00708643
0.00627975
0.000504563
0.209178
2.62557e-08
0.095167
0.0101309
0.00011862
0.1726
0.0476193
0.0664557
0.005346
3.4671e-05
0.0144516
0.0196248
0.0236796
0.0876387
4.82157e-16
0.00509677
0.0157126
0.0217008
0.0876383
0.000236937
3.70382e-07
0.158862
0.00548449
0.0921035
4.71845e-05
0.00633823
7.86616e-08
0.0498542
1.07924e-08
1.28909e-05
0.00760235
0.0615391
3.12974e-16
0.0481228
0.00321169
2.87824e-06
0.0183621
0.000287982
4.29528e-07
0.00298959
0.102008
0.257074
0.0249917
1.89011e-05
8.49013e-08
2.67069e-15
0.00378789
1.58146e-08
0.0955743
3.43043e-06
0.00386667
0.0577292
6.28867e-07
0.0767598
0.0537089
0.00519073
0.100693
1.29108e-07
0.0359037
8.87703e-13
0.03028
2.05954e-08
0.0846614
0.105704
0.0216591
0.0303369
0.0713008
8.57551e-11
0.0838913
0.000405147
0.0544191
0.0971501
0.0757581
2.85515e-05
0.0807377
6.58813e-09
0.108
0.085304
0.0951319
0.0520633
0.0873537
0.0300064
2.03088e-06
0.105752
0.0948056
0.0894903
0.106852
1.17998e-08
0.10689
0.0935013
0.10746
0.107165
4.4258e-12
0.102657
0.109632
1.79282e-13
0.106577
2.93825e-14
8.90887e-15
