0.5
0.5
0.5
0.5
0.5
0.5
0.5
0.5
0.5
0.5
0.5
0.5
0.5
0.5
0.5
0.5
0.5
0.5
0.5
0.5
0.5
0.5
0.5
0.5
0.5
0.5
0.5
0.5
0.5
0.5
0.5
0.5
0.5
0.5
0.5
0.5
0.5
0.5
0.5
0.5
0.5
0.5
0.5
0.5
0.5
0.5
0.5
0.5
0.5
0.5
0.5
0.5
0.676287
0.5
0.5
0.5
0.5
0.5
0.5
0.5
0.5
0.5
0.5
0.5
0.5
0.5
0.5
0.5
0.5
0.5
0.5
0.5
0.5
0.5
0.5
0.472581
0.5
0.660046
0.5
0.379245
0.5
0.5
0.645518
0.377646
0.360235
0.5
0.5
0.274004
0.661423
0.359084
0.380973
0.694973
0.361702
0.358843
0.696162
0.319617
0.339917
0.56292
0.373338
0.312064
0.686212
0.377061
0.283758
0.892322
0.517673
0.330361
0.290249
0.390673
0.37767
0.955444
0.304423
0.349404
0.511283
0.251421
0.75
0.342163
0.524812
0.348329
0.679725
0.382143
0.358059
0.28308
0.740995
0.578303
0.260938
0.382496
0.442508
0.429929
0.892772
0.290275
0.622961
1
0.280364
0.351666
0.372356
0.463496
0.453704
0.339007
0.711853
0.361418
0.441948
0.621683
0.282993
0.836338
0.362662
0.551375
0.373653
0.302855
0.894766
0.7224
0.470452
0.371268
0.353116
0.665512
0.580772
0.813345
0.321923
0.363552
0.490316
0.718
0.523994
0.82
0.650447
0.402562
0.434013
0.843883
0.392995
0.462825
0.681707
0.404099
0.732083
0.422211
0.86
0.512525
0.402514
0.873916
0.67054
0.750045
0.552149
0.589807
0.82
0.610491
0.803374
0.491038
0.652793
0.423827
0.682882
0.481542
0.83
0.681795
0.734082
0.603483
0.483952
0.779716
0.83
0.736385
0.550901
0.634056
0.77447
0.651647
0.85
0.613909
0.805093
0.82
0.653115
0.75586
0.86
0.794421
0.87
0.85
