0
0
0
0
0
0
0
0
0
0
0
0
0
0
0
0
0
0
0
0
0
0
0
0
0
0
0
0
0
0
0
0
0
0
0
0
0
0
0
0
0
0
0
0
0
0
0
0
0
0
0
0
0
0
0
0
0
0
0
0
0
0
0
0
0
0
0
0
0
0
0
0
0
0
0
0
0
0
0
0
0
0
0
0
0
0
0
0
0
0
0
0
0
0
0
0
0
0
0
0
0
0
0
0
0
0
0
0
0.0148061
0
0
0
0
1
0
0
0
0
0
0
0
0
0.00756483
0
0
0
0
0
0.0162903
0
0
1
0
0
0
0
0
0
0.0236725
0
0
0
0.0161831
0
0
0
0
0
1
0.00839359
0
0
0
0.00899116
0
0.025398
0
0
0
0.0274592
1
0
3.33067e-18
0
0
0.062343
0
0
0.00963105
0
0
0
1
0
0
0.0376992
0.0183033
1.25455e-16
0
0
1
2.55351e-17
0.0558384
0
0.0280036
0
0.00951912
1
4.88498e-17
0.0279143
0.0471405
3.56382e-16
0
0.0186381
1
0.00981808
0.00922468
0.00917551
0.048137
1
0.00976868
0.0475586
0.02909
1
0.00953417
0.0482132
1
2.45715e-14
1
1
