3.55271e-15
3.55271e-15
3.55271e-15
3.55271e-15
3.55271e-15
0.22891
0.22891
0.22891
0.22891
0.22891
0.22891
0.22891
0.22891
0.22891
0.22891
3.55271e-15
3.55271e-15
3.55271e-15
3.55271e-15
3.55271e-15
3.55271e-15
3.55271e-15
3.55271e-15
3.55271e-15
3.55271e-15
3.55271e-15
3.55271e-15
3.55271e-15
3.55271e-15
3.55271e-15
3.55271e-15
3.55271e-15
3.55271e-15
3.55271e-15
3.55271e-15
3.55271e-15
3.55271e-15
3.55271e-15
3.55271e-15
3.55271e-15
3.55271e-15
0.315595
3.55271e-15
3.55271e-15
3.55271e-15
3.55271e-15
3.55271e-15
3.55271e-15
3.55271e-15
3.55271e-15
3.55271e-15
3.55271e-15
3.55271e-15
3.55271e-15
3.55271e-15
3.55271e-15
3.55271e-15
3.55271e-15
3.55271e-15
3.55271e-15
3.55271e-15
3.55271e-15
3.55271e-15
3.55271e-15
3.55271e-15
3.55271e-15
0.352846
3.55271e-15
3.55271e-15
3.55271e-15
3.55271e-15
3.55271e-15
0.510294
3.55271e-15
3.55271e-15
3.55271e-15
3.55271e-15
3.55271e-15
3.55271e-15
3.55271e-15
3.55271e-15
3.55271e-15
3.55271e-15
0.338378
0.56921
0.365513
0.515364
0.66
0.365513
0.794733
0.365513
0.575847
0.67
0.839345
0.375366
0.385876
0.574456
0.724983
0.749933
0.3995
0.681542
0.853288
0.41
0.589576
1.05243
1.01198
0.911921
0.615142
0.707743
0.810247
0.827285
1.03542
0.96623
0.60208
0.736478
0.946626
0.864234
1.01173
0.626418
0.832106
0.898888
0.773563
0.626418
1.05565
0.872296
0.664831
0.840476
1.02903
0.763479
1.04408
0.892468
0.949526
0.792212
0.876413
1.07187
1.04384
1.06508
0.909945
0.820305
0.797496
1.08148
0.881136
1.03349
0.819085
1.08148
1.07313
0.950999
0.89493
1.0141
0.87983
1.11786
1.05717
0.917606
1.14232
1.08646
0.815843
0.936002
1.14495
0.837616
0.962081
0.896437
1.21062
1.11158
1.16
0.950842
1.13684
1.22723
1.10404
0.978826
1.14909
1.18811
0.885946
0.805978
1.28066
1.08277
0.987725
1.20503
1.16795
1.3259
1.13596
0.876584
1.21824
1.20171
1.22474
1.01371
1.16859
1.30092
0.985343
1.29464
1.2131
1.01494
1.0412
0.918477
1.37263
1.16258
1.25379
0.988737
1.11786
1.3596
1.22397
0.955196
1.17987
1.25952
1.30062
1.02806
1.30465
1.38741
1.20399
1.41425
1.42158
