0
0
0
0
0
0
0
0
0
0
0
0
0
0
0
0
0
0
0
0
0.503777
0
0
0
0
0
0
0
0
0
0
0
0
0.50145
0
0
0
0
0
0
0
0
0
0
0
0
0
0
0.501719
0
0.486212
0
0
0
0
0
0
0
0
0
0
0
0
0
0.500998
0
0
0
0
0
0
0
0
0
0
0.501489
0.469524
0.49475
0.501623
0.48034
0.502805
0.502262
0.496573
0.468342
0.474481
0.501984
0.500946
0.471549
0.495996
0.501343
0.481188
0.497148
0.487078
0.501813
0.50017
0.459827
0.503173
0.493684
0.490543
0.501531
0.50022
0.476418
0.501902
0.502131
0.4936
0.502454
0.469915
0.488326
0.502167
0.500643
0.490644
0.502238
0.491836
0.502589
0.483552
0.488548
0.475378
0.506227
0.498576
0.47841
0.502465
0.486222
0.49925
0.494554
0.50105
0.482011
0.490582
0.47715
0.500358
0.503384
0.496675
0.501106
0.502384
0.501763
0.454679
0.488194
0.476695
0.502043
0.49829
0.485359
0.485285
0.492969
0.497759
0.483005
0.467327
0.485309
0.47548
0.494859
0.502674
0.498898
0.464732
0.50349
0.489513
0.48409
0.468197
0.495246
0.505181
0.476423
0.486835
0.48568
0.459946
0.502345
0.477576
0.472654
0.483951
0.493038
0.475472
0.489493
0.48485
0.488526
0.469012
0.486136
0.500854
0.497576
0.504443
0.495877
0.482162
0.485565
0.491776
0.470702
0.501035
0.494628
0.49053
0.499193
0.494329
0.489735
0.477244
0.502586
0.472898
0.466162
0.48637
0.471287
0.491595
0.469257
0.501063
0.463476
0.475805
0.487039
0.473116
0.478641
0.501677
0.508344
0.482773
0.501812
0.48807
0.493423
0.503021
0.488716
0.501287
0.503599
