26.866
26.856
26.867
26.869
26.861
26.863
26.869
26.859
26.861
26.867
26.864
26.869
26.856
26.87
26.867
26.866
26.864
26.864
26.873
26.86
26.865
26.86
26.856
26.867
26.858
26.863
26.87
26.864
26.863
26.866
26.857
26.868
26.862
26.86
26.861
26.868
26.863
26.86
26.869
26.868
26.867
26.856
26.858
26.868
26.865
26.864
26.857
26.863
26.858
26.866
26.858
26.866
30.02
26.866
26.863
26.873
26.86
26.861
26.864
26.868
26.86
26.862
26.869
26.856
26.87
26.858
26.863
26.871
26.867
26.86
26.867
26.868
26.86
26.864
26.86
30.308
26.856
29.601
26.871
30.199
26.856
29.214
26.867
30.074
29.785
26.869
26.864
30.109
29.055
30.227
29.688
29.589
29.106
30.323
28.89
29.584
30.115
29.469
30.141
29.598
28.657
29.902
30.342
28.433
29.101
29.906
29.945
29.424
30.22
28.294
29.417
30.059
28.923
29.612
27.482
29.363
29.125
29.627
28.709
29.364
29.861
29.648
28.763
28.857
29.617
29.148
28.95
29.395
28.284
29.712
28.634
27.66
29.74
29.587
29.33
29.059
29.042
29.711
28.557
29.479
29.303
28.851
29.373
28.294
29.16
29.08
29.283
29.546
27.49
28.7
29.187
29.171
29.347
28.658
28.922
28.288
29.566
29.302
29.295
28.57
28.948
27.553
28.603
29.115
29.459
28.196
29.574
28.945
28.763
29.145
28.702
29.47
27.554
28.906
28.986
28.397
28.708
28.573
29.203
28.959
27.501
28.646
28.203
29.364
28.523
28.793
28.866
29.024
27.457
28.698
28.412
28.935
28.877
28.668
27.561
28.322
28.858
28.486
28.165
28.722
27.517
28.613
28.238
27.556
28.442
28.346
27.546
28.321
27.563
27.52
