1.77636e-14
1.77636e-14
1.77636e-14
1.77636e-14
1.77636e-14
1.77636e-14
1.77636e-14
1.77636e-14
1.77636e-14
1.77636e-14
1.77636e-14
1.77636e-14
1.77636e-14
1.77636e-14
1.77636e-14
1.77636e-14
1.77636e-14
1.77636e-14
1.77636e-14
1.77636e-14
1.77636e-14
1.77636e-14
1.77636e-14
1.77636e-14
1.77636e-14
1.77636e-14
1.77636e-14
1.77636e-14
1.77636e-14
1.77636e-14
1.77636e-14
1.77636e-14
1.77636e-14
1.77636e-14
1.77636e-14
1.77636e-14
1.77636e-14
1.77636e-14
1.77636e-14
1.77636e-14
1.77636e-14
1.77636e-14
1.77636e-14
1.77636e-14
1.77636e-14
1.77636e-14
1.77636e-14
1.77636e-14
1.77636e-14
1.77636e-14
1.77636e-14
1.77636e-14
1.77636e-14
1.77636e-14
1.77636e-14
1.77636e-14
1.77636e-14
1.47339
1.77636e-14
1.77636e-14
1.77636e-14
1.77636e-14
1.77636e-14
1.77636e-14
1.77636e-14
1.77636e-14
1.77636e-14
1.77636e-14
1.77636e-14
1.77636e-14
1.77636e-14
1.77636e-14
1.77636e-14
1.77636e-14
1.34
1.77636e-14
1.08002
1.52409
1.77636e-14
1.77636e-14
1.45668
1.02446
1.30125
1.77636e-14
2.24321
1.77636e-14
1.19894
1.92304
1.40452
1.77636e-14
1.12644
1.99912
1.77636e-14
0.9706
1.80025
1.59877
1.9407
0.981262
0.919702
1.57632
1.91203
1.42223
0.950984
1.74201
0.955833
2.77972
1.81997
1.67525
0.734183
1.42994
1.28313
2.52936
1.05207
1.00424
2.20233
2.20209
0.904254
0.96306
1.61542
0.895352
1.82708
2.0248
1.82548
0.878922
1.21904
1.89603
2.21088
1.50142
2.18401
0.715639
1.64277
2.03335
0.856203
2.4392
0.817344
1.70781
1.47245
2.35905
2.42366
1.33086
2.25597
2.20065
0.949368
2.01374
0.854009
1.80326
2.10002
1.84916
0.753957
1.22726
1.99552
1.9218
4.16119
1.62356
1.87967
1.56223
0.825363
2.01382
2.26903
1.42427
2.3379
3.9156
1.80628
0.660382
2.79946
2.17164
1.82079
2.25367
1.98905
1.56706
2.03745
1.58255
0.596264
2.85166
2.15329
1.54339
2.27751
1.76418
2.44408
1.7674
0.393918
2.51322
2.02328
1.78415
2.38708
2.43727
2.31566
2.20817
0.580251
1.83575
1.75928
2.21042
1.83665
1.91377
0.658115
1.9586
1.68852
2.0079
2.37896
1.66773
0.258215
1.78233
2.05871
0.473966
2.17178
2.06118
0.350428
1.79741
0.644853
0.906287
