0.000460031
0.00046758
0.00043429
0.000467162
0.000347742
0.000509365
0.000517166
0.000445052
0.000567635
0.000514561
0.000514328
0.000431556
0.000479996
0.000539938
0.000430295
0.000447764
0.000502806
0.000447561
0.000453502
0.000514034
0.000493888
0.000440963
0.00051797
0.000586835
0.000604708
0.000506202
0.00042809
0.000477104
0.000456911
0.000497489
0.000442838
0.000408847
0.000528353
0.000534752
0.000416131
0.000430184
0.000456693
0.000431208
0.00051192
0.000498559
0.000529187
0.0260101
0.000495553
0.000420134
0.000469183
0.000590761
0.000487651
0.000492567
0.00053494
0.000495907
0.000474162
0.000496726
0.000429091
0.000517281
0.000413767
0.000430121
0.000525654
0.000501473
0.000535473
0.000454634
0.000419106
0.000467694
0.000412084
0.000426974
0.00047216
0.000387749
0.0330845
0.000447586
0.000594008
0.000519146
0.000451668
0.000420396
0.000383115
0.0152631
0.000476987
0.000418789
0.000410666
0.000486436
0.000539574
0.000400985
0.000519705
0.000453838
0.00048271
0.0351417
0.0168232
0.0401677
0.0136451
0.0175404
0.046367
0.00874924
0.0398596
0.013867
0.00881761
0.00349234
0.0334845
0.034208
0.0021774
0.0219779
0.0104103
0.0169686
0.00254829
0.00797817
0.0266096
0.00209694
0.0028442
0.0428692
0.0876799
0.0433055
0.00804523
0.00856516
0.00532119
0.0878976
0.00218003
0.0707103
0.010306
0.00460473
0.172382
0.029803
0.0591933
0.00512609
0.00321126
0.0113725
0.0294501
0.0572475
0.0032519
0.00491858
0.00216263
0.00869543
0.0169723
0.00288698
0.00550871
0.00288962
0.0882794
0.00589135
0.07283
0.00468671
0.00506662
0.00261282
0.102156
0.00330937
0.00317206
0.00601182
0.0755551
0.00227033
0.0271581
0.00436525
0.00455746
0.0117269
0.0261548
0.00454691
0.00401384
0.0777492
0.0865569
0.00695792
0.00459668
0.00317407
0.00262241
0.00469153
0.00348087
0.0956712
0.0213273
0.00509661
0.036725
0.00438827
0.00803608
0.0764389
0.0213184
0.0853395
0.00474862
0.0300215
0.0145659
0.0355898
0.00482824
0.0114474
0.102159
0.0289594
0.0310114
0.0665897
2.43836e-05
0.10414
0.0212138
0.0480409
0.0861031
0.0451189
0.012798
0.079636
1.053e-06
0.102204
0.0642637
0.0861188
0.0656983
0.102827
0.042722
3.78228e-08
0.0917589
0.0863629
0.101446
0.0986897
1.31924e-09
0.0944151
0.0902285
0.101532
0.101135
4.38777e-11
0.104786
0.102642
1.4875e-12
0.094308
5.21552e-14
2.00037e-15
