0.800815
0.800759
0.80053
0.800702
0.800723
0.800516
0.800686
0.800887
0.800688
0.800606
0.8006
0.800696
0.800684
0.800606
0.800539
0.800671
0.800633
0.800729
0.800631
0.800643
0.800606
0.800697
0.800665
0.800643
0.800658
0.800585
0.80067
0.800616
0.800556
0.800765
0.800719
0.800726
0.800591
0.800579
0.800591
0.800791
0.800601
0.800729
0.80073
0.800704
0.800679
0.800713
0.800717
0.800674
0.800638
0.130707
0.800752
0.800684
0.800745
0.800599
0.800689
0.800619
0.800715
0.800683
0.80076
0.800733
0.800587
0.800718
0.800531
0.80065
0.800598
0.800599
0.800697
0.800646
0.800665
0.800738
0.800547
0.800702
0.800741
0.800609
0.800674
0.80072
0.800561
0.80072
0.800592
0.800634
0.800615
0
0.800744
0
0.800741
0.800651
0.800717
0
0
0
0
0
9.49633e-27
0
0
0
0
1.29028e-27
0
1.55929e-26
1.77071e-26
0
0
0
0
0
0
0
0
0
0
0
0
0
5.67641e-27
8.83756e-28
0
1.00951e-26
0
0
6.30494e-27
7.59039e-27
0
0
0
6.64111e-27
0
0
6.78367e-27
1.07479e-26
0
0
0
0
0
0
9.85974e-27
0
0
0
2.73577e-27
2.00315e-26
0
0
0
2.14284e-26
0
0
0
0
0
0
8.02762e-27
0
0
0
0
7.08603e-27
0
0
0
0
0
0
0
0
0
0
0
5.78954e-27
0
3.43684e-27
0
0
3.26957e-27
4.55651e-27
0
0
0
0
7.93691e-27
4.20885e-27
0
0
2.73106e-27
0
0
1.16232e-28
0
0
0
0
0
0
0
0
1.2497e-26
0
0
1.00815e-26
0
0
0
0
0
6.22791e-27
8.51014e-27
0
0
0
0
0
6.50096e-27
0
