5.32871e-23
5.60845e-23
5.09071e-23
5.43349e-23
4.96743e-23
5.71388e-23
5.33753e-23
5.56971e-23
5.09075e-23
5.49593e-23
5.48977e-23
5.35002e-23
5.07632e-23
5.53117e-23
5.69601e-23
0.00136425
5.53122e-23
5.70932e-23
5.55521e-23
5.41271e-23
5.22898e-23
5.67727e-23
5.64388e-23
5.58453e-23
5.91483e-23
5.50036e-23
0.00190549
5.17788e-23
5.38743e-23
5.6606e-23
5.57839e-23
5.33902e-23
5.54445e-23
5.84783e-23
5.09099e-23
5.88395e-23
5.85089e-23
0.00141025
6.10253e-23
5.45058e-23
6.01827e-23
5.72503e-23
6.05571e-23
5.20642e-23
5.97933e-23
5.42239e-23
5.3114e-23
5.38935e-23
0.0132838
5.52823e-23
5.51823e-23
0.00165762
5.48007e-23
5.68653e-23
4.96909e-23
5.23589e-23
6.06741e-23
5.36267e-23
5.50251e-23
5.25962e-23
5.74087e-23
5.55514e-23
0.00159315
5.72431e-23
5.15891e-23
5.19981e-23
5.87778e-23
5.06642e-23
5.20223e-23
5.32635e-23
5.59016e-23
5.37578e-23
5.38291e-23
5.41124e-23
0.00165
5.51768e-23
5.54046e-23
0.0234659
0.00859183
0.00147354
0.00141761
0.0314591
0.00194451
0.00651625
0.00147018
0.0144792
0.0331659
0.00591292
0.0540512
0.00487034
0.0215848
0.0769099
0.0116724
0.100737
0.00479138
0.0290482
0.116211
0.0107768
0.00370048
0.0176798
0.103653
0.0386384
0.00298212
0.124718
0.00816599
0.00230881
0.132962
0.0466085
0.0180054
0.0119581
0.100056
0.00184773
0.00741181
0.0509451
0.0640057
0.0309119
0.0104016
0.00491585
0.0738812
0.0143371
0.00458824
0.0382005
0.0809194
0.00877718
0.0941409
0.00300635
0.0126454
0.0237476
0.0460398
0.090672
0.00769331
0.00126441
0.056018
0.0445381
0.0334393
0.0106676
0.0189698
0.00565172
0.0139507
0.0525294
0.0405322
0.00433973
0.00899499
0.0768761
0.0262574
0.0172217
0.00165563
0.0409507
0.0699655
0.00649103
0.0277792
0.0131135
0.0273836
0.0519157
0.0205454
0.00519189
0.00749576
0.036339
0.0518813
0.0101404
0.00183901
0.0265833
0.0165378
0.0559297
0.0442999
0.00741778
0.0202224
0.0294061
0.0135205
0.0220749
0.0497404
0.00130863
5.50917e-23
0.0342917
0.047519
0.00929764
0.0159081
0.0235779
0.0113496
0.0343293
0.00181728
0.0229315
0.0132161
0.0165851
5.64726e-23
0.0408064
0.0307887
0.0016336
0.00491231
0.0219839
0.011385
0.0358789
5.18553e-23
0.0245768
4.996e-16
0.0155945
0.00319801
0.0272749
0.0161681
4.996e-16
5.91777e-23
0.00031497
0.0163725
1.11022e-16
5.51781e-23
5.5166e-23
9.71445e-17
5.45795e-23
5.66508e-23
6.11482e-23
