26.9
26.9
26.9
26.9
26.9
26.9
26.9
26.9
26.9
26.9
26.9
26.9
26.9
26.9
26.9
26.9
26.9
26.9
26.9
26.9
26.716
26.9
26.9
26.9
26.9
26.9
26.9
26.9
26.9
26.9
26.9
26.9
26.9
26.9
26.9
26.9
26.9
26.9
26.9
26.9
26.9
26.717
26.9
26.9
26.9
26.9
26.9
26.9
26.9
26.9
26.9
26.9
26.532
26.9
26.9
26.9
26.9
26.9
26.719
26.9
26.9
26.9
26.9
26.9
26.9
26.9
26.9
26.9
26.9
26.9
26.9
26.9
26.9
26.9
26.722
26.85
26.714
26.424
26.722
27.244
26.724
26.409
27.688
26.61
26.71
26.715
29.381
26.388
26.719
30.87
26.869
26.504
26.361
31.676
27.026
31.313
26.334
26.448
30.708
26.657
27.835
26.329
29.73
26.399
29.132
26.331
28.506
26.814
29.025
26.567
26.317
28.865
26.366
28.923
26.333
27.281
29.12
26.498
26.348
26.697
28.875
27.701
26.319
26.456
28.672
27.03
26.577
28.06
26.298
28.888
26.402
28.49
28.208
26.254
27.297
26.533
26.816
27.376
26.351
28.181
27.538
28.447
26.452
26.333
27.026
26.701
27.734
28.76
26.279
26.392
27.232
27.496
27.888
26.573
26.828
26.952
26.346
28.408
27.379
26.483
26.972
26.267
26.671
28.479
27.569
26.386
27.127
27.184
26.545
28.413
26.78
26.9
26.273
27.432
28.09
26.423
26.986
26.621
27.038
28.437
26.271
27.264
26.9
26.475
26.824
27.707
28.504
27.091
26.245
27.154
26.603
27.945
26.9
28.637
26.339
27.118
26.9
27.946
28.529
26.9
26.756
26.9
28.118
27.821
26.9
26.9
28.301
26.9
26.9
26.9
