0.50153
0.501734
0.501408
0.501564
0.502058
0.501429
0.501585
0.501659
0.50143
0.501632
0.501686
0.501454
0.501733
0.501599
0.501874
0.501565
0.501684
0.501781
0.501792
0.501653
0.501738
0.501363
0.501464
0.501505
0.501537
0.501587
0.501556
0.501627
0.501668
0.501979
0.501649
0.501773
0.501679
0.501612
0.501738
0.501697
0.50165
0.502059
0.5018
0.501825
0.501642
0.501729
0.501738
0.501564
0.501772
0.501545
0.501743
0.501603
0.501911
0.501615
0.501815
0.501621
0.503877
0.501692
0.501374
0.50204
0.501555
0.501774
0.501644
0.501646
0.502047
0.501646
0.50176
0.501528
0.501459
0.501726
0.501766
0.50163
0.50148
0.501783
0.501501
0.501726
0.501248
0.501304
0.501878
0.463843
0.501789
0.484554
0.501466
0.37783
0.501703
0.500975
0.501487
0.423455
0.460143
0.501588
0.501983
0.377265
0.504342
0.428456
0.409279
0.395836
0.511699
0.443125
0.486765
0.34364
0.402917
0.441963
0.39297
0.39006
0.507268
0.358389
0.413481
0.518806
0.448412
0.413257
0.363673
0.374434
0.398272
0.525882
0.416946
0.397215
0.459438
0.399225
0.751779
0.385005
0.397714
0.362995
0.485268
0.453561
0.378329
0.415935
0.508267
0.44099
0.403443
0.41733
0.406733
0.340173
0.522048
0.35924
0.452104
1
0.38384
0.375284
0.411554
0.434926
0.417246
0.42427
0.436446
0.420468
0.387098
0.467963
0.390554
0.479666
0.418259
0.434912
0.370494
0.37016
0.83
0.459852
0.423985
0.415463
0.400951
0.452877
0.431039
0.458124
0.421114
0.411759
0.433433
0.478257
0.42445
0.88
0.456736
0.41188
0.393348
0.476438
0.416178
0.429814
0.471159
0.419286
0.4257
0.396068
0.9
0.428763
0.422155
0.490145
0.438343
0.458221
0.427806
0.42997
0.86
0.45185
0.452226
0.427006
0.472922
0.440791
0.441665
0.423621
0.88
0.474639
0.461446
0.462503
0.43566
0.41542
0.96
0.457242
0.401409
0.451352
0.467717
0.450571
0.87
0.427129
0.489157
0.91
0.445961
0.467602
0.91
0.462231
0.91
0.83
