25.95
25.95
25.95
25.95
25.95
25.95
25.95
25.95
25.95
25.95
25.95
25.95
25.95
25.95
25.95
25.95
25.95
25.95
25.95
25.95
25.95
25.95
25.95
25.95
25.95
25.42
25.95
25.95
25.95
25.95
25.95
25.95
25.95
25.95
25.95
25.95
25.95
25.95
25.95
25.95
25.95
25.95
25.95
25.95
25.95
25.95
25.95
25.95
25.42
25.95
25.95
25.95
25.95
25.95
25.95
25.95
25.95
25.68
25.95
25.95
25.95
25.95
25.95
25.95
25.95
25.95
25.95
25.95
25.95
25.95
25.95
25.95
25.95
25.42
26.05
25.42
25.22
26.47
25.42
25.42
27.31
25.24
25.68
25.42
28.03
25.42
25.12
27.91
26.32
25.42
25.52
27.94
25.42
25.07
27.98
28.28
28.1
25.11
25.46
25.87
25.68
28.22
24.95
28.3
25.17
28.32
28.4
25.94
25.01
28.52
25.96
28.03
24.9
24.99
25.64
27.93
24.83
25.97
25.58
24.83
27.91
25.68
27.93
24.71
25.46
25.58
28.56
25.66
27.94
24.99
27.94
28.19
25.5
25.64
26.11
27.98
25.56
25.58
28.03
26.39
25.68
27.95
25.58
25.58
26.48
25.58
28.81
27.9
26.17
25.58
27.91
25.64
28.32
25.52
25.58
27.9
25.54
28.13
25.68
25.52
25.64
28.03
25.58
25.54
29.05
27.99
25.52
25.64
28.44
25.58
25.58
27.93
25.52
25.68
28.27
25.58
25.64
25.58
28.11
29.36
25.54
25.64
28.03
25.58
25.58
28.56
25.68
28.32
25.58
25.64
25.58
28.19
29.26
25.64
25.58
25.64
28.68
25.68
28.4
25.64
25.58
25.7
25.64
25.64
28.81
25.68
25.64
25.7
25.64
25.68
