26.34
26.34
26.34
26.34
26.33
26.34
26.34
26.34
26.34
26.34
26.34
26.34
26.34
26.34
26.34
26.34
26.34
26.34
26.34
26.34
26.34
26.34
26.34
26.33
26.34
26.33
26.34
26.34
26.34
26.34
26.33
26.34
26.34
26.34
26.34
26.34
26.34
26.34
26.34
26.34
26.33
26.34
26.34
26.33
26.34
26.34
26.34
26.34
26.34
26.34
26.34
26.33
30.76
26.33
26.34
26.34
26.34
26.34
26.34
26.34
26.34
26.34
26.34
26.34
26.33
26.34
26.34
26.34
26.34
26.34
26.34
26.34
26.34
26.34
26.34
31.45
26.34
30.11
26.34
32.34
26.34
29.78
26.34
32.6
30.68
26.34
26.34
31.96
29.46
32.17
31.71
30.63
28.87
32.06
30.69
28.56
32.02
30.52
31.56
30.69
28.11
32.44
31.85
28.11
30.14
31.8
32.27
30.69
32.24
27.38
30.66
31.14
29.92
32.17
27.31
32.69
30.61
31.73
29.2
30.69
31.91
31.74
28.76
29.74
31.49
31.74
30.5
31.3
27.86
32.35
29.6
27.44
31.15
31.53
31.61
30.33
30.68
31.75
28.05
30.61
31.69
29.45
31.6
27.78
31.73
31.64
30.47
31.02
27.53
28.75
30.67
31.2
31.57
30.48
30.6
27.73
31.74
31.55
30.69
28.44
30.67
27.56
30.42
31.49
31.31
27.78
30.46
31.72
28.82
30.44
30.61
31.26
27.59
30.68
31.6
27.62
30.63
30.41
30.53
31.68
27.57
30.64
27.97
31.47
29.59
30.63
30.66
30.65
27.59
30.07
28.13
30.67
30.69
29.83
27.57
27.93
30.69
28.9
28.05
30.4
27.55
29.68
28.79
27.57
29.33
27.37
27.56
28.15
27.56
27.54
