0.8
0.8
0.8
0.8
0.8
0.8
0.8
0.8
0.8
0.8
0.8
0.8
0.8
0.8
0.8
0.8
0.8
0.8
0.8
0.8
0.8
0.8
0.8
0.8
0.8
0.8
0.8
0.8
0.8
0.8
0.8
0.8
0.8
0.8
0.8
0.8
0.8
0.8
0.8
0.8
0.8
0.8
0.124218
0.8
0.8
0.8
0.8
0.8
0.8
0.8
0.8
0.8
0.8
0.8
0.8
0.8
0.8
0.8
0.8
0.8
0.8
0.8
0.8
0.8
0.8
0.8
0.8
0.8
0.8
0.8
0.8
0.8
0.8
0.8
0.8
0.8
0
0
0.8
0.8
0.8
0.8
0.8
0
0
0
0
0
0
1.65714e-27
0
2.48171e-26
0
1.25477e-26
0
0
0
0
0
0
9.68694e-27
0
1.20337e-26
2.70346e-27
0
0
0
0
0
1.0141e-26
0
7.42783e-27
0
1.9126e-27
1.6564e-26
3.44524e-27
0
0
0
0
0
2.45582e-27
0
0
0
0
0
0
0
0
5.93337e-27
0
0
0
0
0
0
0
0
0
0
0
2.26293e-26
0
0
1.61369e-27
1.34739e-26
3.10183e-28
0
6.30529e-27
0
3.00482e-26
5.4167e-27
0
1.90708e-27
1.27589e-26
0
0
1.9153e-26
1.73992e-27
0
9.54209e-27
4.18678e-27
0
0
0
0
1.44942e-26
2.17073e-26
0
0
0
0
0
0
0
0
3.43995e-27
0
0
0
0
0
0
0
0
1.59e-27
0
0
9.75834e-27
0
2.3335e-27
3.2262e-26
0
0
0
0
2.08896e-28
0
1.26959e-27
1.69575e-26
4.98891e-27
0
5.7024e-29
0
0
0
2.00075e-26
1.47798e-26
0
