0
0
0
0
0
0
0
0
0
0
0
0
0
0
0
0
0
0
0
0
0
0
0
0
0
0
0
0
0
0
0
0
0
0
0
0
0
0
0
0
0
0
0
0
0
0
0
0
0
0
0
0
0
0
0
0
0
0
0
0
0
0
0
0
0
0
0
0
0
0
0
0
0
0
0
0
0
0
0.3
0
0
0
0
0
0.4
0
0
0.4
0
0
0
0.3
0
0
0.5
4.5809e-10
0.4
0
0
0
0
0.489898
0
0
0
0.3
0.4
0
0
0.458258
0
0
0
0
0
0
0
0
0
0
0.4
0
0.3
0
0
0
1.83852e-05
0
0
0
0
0
0
0
0.0299281
0.3
0
0
0.3
0
0
0.3
0
0
0
0
0
0.3
0.0270856
0
0
0
0
0
0
0
0.119245
0
0
0
0
0
0
0.0288494
0
0.3
0.260297
0
0
0
0
0
0.0251485
0
0
0.192462
0
0
0
0
0.0445484
0
0
0
0
0
0
0
0.0476895
0
0
0
0
0
0.0667951
0
0
0
0
0
0.0698828
0
0
0.0735027
0
0
0.0866558
0
0.0745138
0.092723
