0.382662
0.382843
0.382625
0.382263
0.383026
0.382509
0.382951
0.382605
0.381767
0.382617
0.382954
0.382562
0.382414
0.381624
0.381569
0.382621
0.382299
0.382613
0.382232
0.382569
0.381995
0.383541
0.381849
0.3821
0.382462
0.38315
0.382906
0.383121
0.382194
0.383201
0.383159
0.382336
0.382502
0.382457
0.383009
0.382315
0.382887
0.381776
0.38315
0.382875
0.382456
0.382513
0.382196
0.382255
0.469357
0.382451
0.382844
0.382726
0.382425
0.382195
0.38284
0.382746
0.381835
0.382357
0.382677
0.382091
0.382316
0.382274
0.381679
0.383293
0.382158
0.382852
0.381959
0.383016
0.382814
0.382713
0.383735
0.381991
0.382025
0.382259
0.38241
0.383077
0.382048
0.381578
0.38197
0.38339
0.382407
0.382263
0.382154
0.497032
0.457366
0.382015
0.382192
0.45898
0.436369
0.601007
0.412762
0.399392
0.389713
0.313953
0.554002
0.636201
0.348275
0.29438
0.30786
0.451813
0.242292
0.644577
0.385727
0.686034
0.22662
0.385184
0.39131
0.597963
0.185426
0.308018
0.307977
0.166521
0.5453
0.392733
0.739972
0.521207
0.384116
0.349164
0.389454
0.301834
0.39906
0.75152
0.388709
0.633159
0.166062
0.395572
0.354808
0.722059
0.138628
0.782591
0.346857
0.391867
0.387254
0.11029
0.608206
0.38581
0.389675
0.393739
0.352804
0.778908
0.329827
0.399714
0.385958
0.389873
0.389529
0.105578
0.776081
0.393774
0.390323
0.485816
0.085093
0.389894
0.558042
0.352817
0.397106
0.669801
0.394061
0.395129
0.408043
0.0901315
0.348229
0.393284
0.392936
0.691032
0.070185
0.389907
0.458881
0.395806
0.391065
0.633936
0.39237
0.391399
0.540122
0.405057
0.392827
0.0441853
0.390271
0.393044
0.629263
0.395326
0.459979
0.403215
0.395529
0.391449
0.0326169
0.40406
0.499852
0.394465
0.396965
0.391554
0.39905
0.027804
0.39793
0.417177
0.597028
0.40606
0.395598
0.474182
0.0231529
0.419358
0.40904
0.402326
0.444807
0.0197461
0.392676
0.401689
0.329872
0.0189847
0.40217
0.424592
0.0163595
0.405553
0.0157062
0.0150311
