5.5653e-23
5.11474e-23
5.76159e-23
5.63992e-23
5.0733e-23
5.5697e-23
5.27419e-23
5.49373e-23
5.42635e-23
5.92909e-23
9.99201e-16
5.52524e-23
5.6436e-23
5.30974e-23
5.08301e-23
5.85293e-23
9.99201e-16
5.65231e-23
5.3192e-23
5.27218e-23
5.4481e-23
5.6161e-23
5.52054e-23
5.79102e-23
5.439e-23
5.5211e-23
5.1785e-23
9.99201e-16
5.57463e-23
5.70944e-23
5.52423e-23
5.49471e-23
5.47719e-23
9.99201e-16
5.17386e-23
5.3554e-23
5.4624e-23
5.54289e-23
5.45862e-23
5.56081e-23
5.73406e-23
5.6758e-23
5.49279e-23
5.44502e-23
9.99201e-16
9.99201e-16
5.59149e-23
4.82932e-23
5.66646e-23
5.1179e-23
5.68104e-23
9.99201e-16
5.89647e-23
5.34655e-23
5.82745e-23
5.3729e-23
5.80157e-23
6.05249e-23
9.99201e-16
5.72698e-23
5.26364e-23
5.71584e-23
6.07693e-23
5.94959e-23
5.67071e-23
5.80955e-23
5.34216e-23
5.44604e-23
9.99201e-16
5.71361e-23
5.423e-23
4.66118e-23
5.24047e-23
5.77527e-23
9.99201e-16
5.33827e-23
5.57736e-23
5.47626e-23
9.99201e-16
5.65182e-23
9.99201e-16
5.42128e-23
9.99201e-16
9.99201e-16
9.99201e-16
9.99201e-16
9.99201e-16
9.99201e-16
9.99201e-16
9.99201e-16
9.99201e-16
9.99201e-16
9.99201e-16
9.99201e-16
9.99201e-16
9.99201e-16
9.99201e-16
9.99201e-16
9.99201e-16
9.99201e-16
9.99201e-16
9.99201e-16
9.99201e-16
9.99201e-16
9.99201e-16
9.99201e-16
1.44329e-15
9.99201e-16
9.99201e-16
9.99201e-16
9.99201e-16
9.99201e-16
9.99201e-16
9.99201e-16
9.99201e-16
9.99201e-16
9.99201e-16
9.99201e-16
9.99201e-16
9.99201e-16
9.99201e-16
9.99201e-16
9.99201e-16
9.99201e-16
9.99201e-16
9.99201e-16
9.99201e-16
9.99201e-16
9.99201e-16
5.55112e-16
9.99201e-16
9.99201e-16
9.99201e-16
9.99201e-16
9.99201e-16
9.99201e-16
9.99201e-16
9.99201e-16
9.99201e-16
9.99201e-16
9.99201e-16
9.99201e-16
9.99201e-16
9.99201e-16
9.99201e-16
9.99201e-16
0
9.99201e-16
9.99201e-16
9.99201e-16
9.99201e-16
9.99201e-16
9.99201e-16
9.99201e-16
9.99201e-16
9.99201e-16
9.99201e-16
9.99201e-16
9.99201e-16
9.99201e-16
5.55112e-16
9.99201e-16
9.99201e-16
9.99201e-16
9.99201e-16
9.99201e-16
9.99201e-16
9.99201e-16
9.99201e-16
9.99201e-16
9.99201e-16
5.55112e-16
9.99201e-16
9.99201e-16
9.99201e-16
9.99201e-16
9.99201e-16
9.99201e-16
9.99201e-16
9.99201e-16
1.55431e-15
9.99201e-16
9.99201e-16
9.99201e-16
9.99201e-16
9.99201e-16
9.99201e-16
0
9.99201e-16
9.99201e-16
9.99201e-16
9.99201e-16
9.99201e-16
9.99201e-16
1.66533e-15
9.99201e-16
9.99201e-16
9.99201e-16
9.99201e-16
8.88178e-16
9.99201e-16
9.99201e-16
9.99201e-16
6.66134e-16
9.99201e-16
9.99201e-16
8.88178e-16
9.99201e-16
6.66134e-16
1.11022e-16
