0.975961
0.975961
0.975961
0.975961
0.975961
0.168523
0.168523
0.168523
0.168523
0.168523
0.168523
0.168523
0.168523
0.168523
0.168523
0.975961
0.975961
0.975961
0.975961
0.975961
0.975961
0.975961
0.975961
0.975961
0.975961
0.975961
0.975961
0.975961
0.975961
0.975961
0.975961
0.975961
0.975961
0.975961
0.975961
0.975961
0.975961
0.975961
0.975961
0.975961
0.975961
0.975961
0.09
0.975961
0.975961
0.975961
0.975961
0.975961
0.975961
0.975961
0.975961
0.975961
0.975961
0.975961
0.975961
0.975961
0.975961
0.975961
0.975961
0.975961
0.975961
0.975961
0.975961
0.975961
0.975961
0.975961
0.0806226
0.975961
0.975961
0.975961
0.975961
0.975961
0.975961
0.132665
0.975961
0.975961
0.975961
0.975961
0.975961
0.975961
0.975961
0.975961
0.975961
0.0781025
0.242693
0.0806226
0.12
0.289137
0.0916515
0.439204
0.0806226
0.111355
0.236643
0.4996
0.0916515
0.0806226
0.633719
0.10198
0.26096
0.0916515
1.21062
0.184391
0.111803
0.0916515
1.98494
0.407431
2.04756
0.10198
0.218174
0.316228
0.475815
1.79792
1.76477
0.12
0.21
0.674463
1.08167
0.554617
0.111803
0.276586
1.58354
0.221133
0.111803
0.570614
2.03381
0.324962
0.111803
0.546352
2.09007
0.218174
0.482183
2.17074
0.218174
0.324962
0.467868
1.68772
0.544151
1.44378
0.21
0.975961
2.06662
0.287228
0.497594
0.21
0.572364
0.567539
2.08665
0.287228
1.71956
1.6726
0.508822
0.818596
0.287228
0.511468
1.98252
0.975961
0.303974
0.549181
0.975961
1.60624
2.21576
0.545894
0.772334
2.09103
0.542218
2.03286
0.54626
1.47448
1.48745
0.729383
0.544885
2.16354
0.975961
0.588303
1.94846
1.88799
0.412432
1.63963
0.588303
2.15416
0.975961
0.671491
2.04521
1.56971
0.975961
2.1114
0.630952
2.19228
1.55759
1.96825
1.39284
2.1625
0.975961
1.60984
2.1789
1.97838
0.975961
2.11149
1.98164
2.21892
0.975961
0.975961
2.0663
2.19155
0.975961
0.975961
2.14532
0.975961
0.975961
0.975961
