26.9
26.9
26.9
26.9
26.9
26.9
26.9
26.9
26.9
26.9
26.707
26.9
26.9
26.9
26.9
26.9
26.711
26.9
26.9
26.9
26.9
26.9
26.9
26.9
26.9
26.9
26.9
26.718
26.9
26.9
26.9
26.9
26.9
26.719
26.9
26.9
26.9
26.9
26.9
26.9
26.9
26.9
26.9
26.9
26.72
26.676
26.9
26.9
26.9
26.9
26.9
26.728
26.9
26.9
26.9
26.9
26.9
26.9
26.722
26.9
26.9
26.9
26.9
26.9
26.9
26.9
26.9
26.9
26.714
26.9
26.9
26.9
26.9
26.9
26.717
26.9
26.9
26.9
26.633
26.9
26.692
26.9
26.724
26.808
26.649
26.69
26.8
26.641
27.083
26.64
26.773
26.69
27.139
26.64
27.159
26.675
26.862
26.64
27.267
26.73
26.669
27.387
26.983
26.687
26.634
27.39
26.564
27.408
26.789
27.155
26.744
26.686
27.377
27.366
27.189
26.64
26.988
26.737
27.172
26.808
26.652
27.16
27.318
26.725
26.708
26.841
26.99
27.331
27.077
26.652
26.709
27.255
27.165
27.028
26.844
27.357
26.714
27.067
27.414
27.224
26.77
27.139
26.778
27.086
27.254
27.058
26.715
27.239
26.825
27.347
27.157
27.031
27.271
27.097
27.166
26.831
27.338
27.114
27.211
27.035
26.797
27.126
27.19
27.268
27.21
26.92
27.313
27.105
27.236
27.139
27.259
26.972
27.352
27.098
27.119
27.252
27.232
27.327
27.288
27.238
27.143
27.103
27.229
27.159
27.257
27.227
27.213
27.077
27.202
27.209
27.152
27.186
27.186
27.178
27.225
27.138
27.238
27.154
27.152
27.153
27.29
27.171
27.241
27.143
27.179
27.17
27.17
27.289
27.196
27.233
