0.00256517
0.00247321
0.00221539
0.00257083
0.00255447
0.00310061
0.00294284
0.00184406
0.00266091
0.00340895
0.00242863
0.00197005
0.00242428
0.00216918
0.00298666
0.00222288
0.00253158
0.00226659
0.00217618
0.00298435
0.00287506
0.00319955
0.00285001
0.00239847
0.00202226
0.00259544
0.00252007
0.00279234
0.0021581
0.00208081
0.00225231
0.00283412
0.00281187
0.00221688
0.00225691
0.00289096
0.0031834
0.00265626
0.00274479
0.00257779
0.00271065
0.00244707
0.00254981
0.00277922
0.00254719
0.00244822
0.00312402
0.00284364
0.00286297
0.00245501
0.00313629
0.00206684
0.00214911
0.00241732
0.00271769
0.00262296
0.00343888
0.125481
0.00267202
0.00283831
0.00227754
0.00331306
0.00319867
0.00246437
0.00237224
0.00275961
0.00243639
0.00266692
0.00378105
0.00284111
0.00284721
0.00251924
0.00251509
0.00279201
5.55033e-23
0.00234898
5.63203e-23
0.00293084
5.51992e-23
0.00259327
5.16714e-23
5.57509e-23
5.31172e-23
0.00319814
5.69848e-23
0.00234625
5.42633e-23
5.50699e-23
5.73394e-23
0.00272575
5.22794e-23
6.13658e-23
0.00305401
5.63394e-23
5.76743e-23
5.76665e-23
5.37091e-23
5.68068e-23
5.20508e-23
5.81289e-23
5.66363e-23
5.46483e-23
5.24205e-23
5.14991e-23
5.45334e-23
5.74703e-23
5.66975e-23
5.00651e-23
5.7598e-23
5.67469e-23
5.41382e-23
5.90279e-23
5.26885e-23
5.14696e-23
5.51493e-23
5.64578e-23
5.46677e-23
6.00404e-23
5.70922e-23
5.07458e-23
5.51923e-23
5.54158e-23
5.60998e-23
5.63818e-23
5.5255e-23
5.73437e-23
5.50271e-23
5.15422e-23
5.92802e-23
5.53594e-23
5.3398e-23
5.40877e-23
5.33881e-23
5.43591e-23
5.16937e-23
5.42719e-23
5.5851e-23
5.82906e-23
5.19021e-23
5.55298e-23
5.63125e-23
5.43597e-23
5.39653e-23
5.60222e-23
5.56415e-23
5.39282e-23
5.61895e-23
5.18114e-23
5.52844e-23
4.92795e-23
5.59797e-23
5.43788e-23
5.76443e-23
5.34725e-23
5.95044e-23
5.2986e-23
6.06907e-23
5.83872e-23
5.39486e-23
5.1106e-23
5.49143e-23
5.56643e-23
5.74315e-23
5.52665e-23
5.02569e-23
5.8778e-23
5.74911e-23
5.45308e-23
5.26256e-23
5.05964e-23
5.84232e-23
5.70901e-23
5.54339e-23
5.40257e-23
5.46049e-23
4.85105e-23
5.61735e-23
5.75459e-23
5.58569e-23
5.67055e-23
5.76569e-23
5.47469e-23
5.67334e-23
5.39481e-23
5.7173e-23
5.42108e-23
5.5119e-23
5.6495e-23
5.29797e-23
5.85111e-23
5.56649e-23
5.76162e-23
5.72846e-23
5.49574e-23
5.53565e-23
5.5138e-23
5.64543e-23
5.7037e-23
4.89453e-23
5.45009e-23
4.83598e-23
5.37816e-23
5.40907e-23
5.56012e-23
5.35383e-23
5.77913e-23
5.72058e-23
5.8119e-23
5.69671e-23
5.42231e-23
