0.5
0.5
0.5
0.5
0.5
0.5
0.5
0.5
0.5
0.5
0.5
0.5
0.5
0.5
0.5
0.5
0.5
0.5
0.5
0.5
0.5
0.5
0.5
0.5
0.5
0.5
0.5
0.5
0.5
0.5
0.5
0.5
0.5
0.5
0.5
0.5
0.5
0.5
0.5
0.5
0.5
0.5
0.5
0.5
0.5
0.5
0.5
0.5
0.5
0.5
0.5
0.5
0.613963
0.5
0.5
0.5
0.5
0.5
0.5
0.5
0.5
0.5
0.5
0.5
0.5
0.5
0.5
0.5
0.5
0.5
0.5
0.5
0.5
0.5
0.5
0.5
0.613963
0.613963
0.5
0.613963
0.5
0.5
0.613963
0.613963
0.613963
0.5
0.5
0.613963
0.613963
0.613963
0.613963
0.613963
0.613963
0.613963
0.613963
0.613963
0.613963
0.613963
0.613963
0.613963
0.613963
0.613963
0.613963
0.613963
0.613963
0.613963
0.613963
0.613963
0.613963
0.613963
0.613963
0.613963
0.613963
0.613963
0.75
0.613963
0.613963
0.613963
0.613963
0.613963
0.613963
0.613963
0.613963
0.613963
0.613963
0.613963
0.613963
0.613963
0.613963
0.613963
0.613963
1
0.613963
0.613963
0.613963
0.613963
0.613963
0.613963
0.613963
0.613963
0.613963
0.613963
0.613963
0.613963
0.613963
0.613963
0.613963
0.613963
1
0.613963
0.613963
0.613963
0.613963
0.613963
0.613963
0.613963
0.613963
0.613963
0.613963
0.613963
0.613963
1
0.613963
0.613963
0.613963
0.613963
0.613963
0.613963
0.613963
0.613963
0.613963
0.613963
1
0.613963
0.613963
0.613963
0.613963
0.613963
0.613963
0.613963
1
0.613963
0.613963
0.613963
0.613963
0.613963
0.613963
1
0.613963
0.613963
0.613963
0.613963
0.613963
0.613963
1
0.613963
0.613963
0.613963
0.613963
0.613963
1
0.613963
0.613963
1
0.613963
0.613963
1
0.613963
1
1
