25.95
25.95
25.95
25.95
25.95
25.95
25.95
25.95
25.95
25.95
25.95
25.95
25.95
25.95
25.95
25.95
25.95
26.54
25.95
25.95
25.95
25.95
25.95
25.95
25.95
25.95
25.95
25.95
25.95
25.95
25.95
26.54
25.95
25.95
25.95
25.95
25.95
25.95
25.95
25.95
25.95
25.95
25.95
25.95
25.95
25.95
25.95
26.54
25.95
25.95
30.07
25.95
25.95
25.95
25.95
25.95
25.95
25.95
25.95
25.95
25.95
25.95
25.95
25.95
26.54
25.95
25.95
25.95
25.95
25.95
25.95
25.95
25.95
25.95
25.95
26.54
29.78
29.05
26.54
26.54
30.97
26.54
28.33
31.57
26.54
29.48
26.54
30.65
28.61
29.3
29.02
28.85
29.34
30.54
28.48
31.07
30.07
28.49
30.6
30.54
28.31
30.97
30.4
28.22
29.5
30.06
31.5
30.32
28.19
30.26
30.72
29.04
31.15
28.48
30.11
31.16
29.83
29.96
28.88
30.71
30.36
31.55
28.45
30.53
29.34
30.56
30.01
30.89
28.45
29.95
28.94
28.42
30.42
30.4
31.83
30.35
30.54
30.82
28.74
30.68
30.84
28.92
28.17
30.21
31.38
30.9
31.51
29.4
28.16
30.73
31.41
30.11
30.32
30.81
31.83
29.25
29.57
30.8
31.49
30.08
28.21
30.48
30.5
30.41
29.18
29.97
30.64
31.26
31.07
30.99
32.14
29.94
28.56
30
30.56
31.5
31.5
29.74
29.65
30.14
28.62
29.8
30.4
30.29
31.66
30.01
30.57
28.46
31.75
29.96
30.37
30.66
29.66
30.26
28.8
30.15
31.27
30.42
30.2
29.61
30.03
30.1
29.78
28.96
31.46
30.22
29.61
29.57
29.87
29.49
