0.0466476
0.0448999
0.0448999
0.0448999
0.0453762
0.0453762
0.047697
0.0473709
0.0443959
0.048
0.0433013
0.0462493
0.0414246
0.0427083
0.0443959
0.0443959
0.0453762
0.0448999
0.0438634
0.0462493
0.0462493
0.0443959
0.0453762
0.0443959
0.0443959
0.0453762
0.0485386
0.0443959
0.048
0.0473709
0.0438634
0.0458258
0.0462493
0.0453762
0.0466476
0.0443959
0.0414246
0.0420833
0.0375633
0.0438634
0.0453762
1.27949
0.0489898
0.0420833
0.0453762
0.0438634
0.0420833
0.0427083
0.0438634
0.04
0.0443959
0.0473709
0.0482804
0.0466476
0.0443959
0.0458258
0.0427083
0.0433013
0.0414246
0.0458258
0.0453762
0.0420833
0.0407308
0.0438634
0.0427083
0.0466476
1.75495
0.0466476
0.0473709
0.0466476
0.0453762
0.0458258
0.0473709
1.26347
0.0448999
0.0453762
0.0420833
0.0470213
0.0458258
0.048
0.0443959
0.0414246
0.0473709
1.2283
1.05087
1.26928
1.37494
1.31313
1.05673
0.507199
0.908455
1.57223
1.72801
0.533539
0.743844
1.23383
0.67863
1.26935
1.29942
1.49382
0.887704
2.00277
1.09893
1.6664
0.944489
2.27513
0.963707
0.831625
1.81988
1.75175
0.812312
0.985622
0.99203
0.896837
1.68715
0.489157
0.894396
2.45874
1.29397
1.85053
0.662845
1.28144
2.02852
3.03455
0.858604
1.81726
1.99682
1.8083
1.46027
1.00095
2.12427
0.977333
2.25785
1.43377
2.59501
1.0964
1.97191
1.08223
1.86089
0.980744
0.634032
1.21593
3.14806
2.43989
2.27353
1.94309
0.736128
1.61582
3.39146
0.799727
1.7654
2.78268
4.79623
2.09049
2.88442
0.818196
2.97241
1.5122
0.911397
2.82497
2.67337
2.19712
2.23222
2.37693
1.36094
3.76234
1.57107
2.39604
1.39817
1.97834
3.3681
4.03572
1.37663
1.37265
2.8465
3.96242
1.91396
2.22176
3.18263
3.17067
3.85469
1.58336
2.45421
1.94288
3.43304
3.6365
2.86829
2.71975
1.74558
2.15402
4.06896
2.94417
4.41071
2.78289
2.41524
1.92981
3.1823
2.40055
2.70259
2.28926
3.19165
2.86992
2.38676
2.63899
2.97458
2.67783
2.70087
2.55215
2.74937
2.60588
