1.77636e-14
1.77636e-14
1.77636e-14
1.77636e-14
1.77636e-14
1.77636e-14
1.77636e-14
1.77636e-14
1.77636e-14
1.77636e-14
1.77636e-14
1.77636e-14
1.77636e-14
1.77636e-14
1.77636e-14
1.77636e-14
1.77636e-14
1.77636e-14
1.77636e-14
1.77636e-14
1.77636e-14
1.77636e-14
1.77636e-14
1.77636e-14
1.77636e-14
1.77636e-14
1.77636e-14
1.77636e-14
1.77636e-14
1.77636e-14
1.77636e-14
1.77636e-14
1.77636e-14
1.77636e-14
1.77636e-14
1.77636e-14
1.77636e-14
1.77636e-14
1.77636e-14
1.77636e-14
1.77636e-14
1.77636e-14
1.77636e-14
1.77636e-14
1.77636e-14
1.77636e-14
1.77636e-14
1.77636e-14
1.77636e-14
1.77636e-14
0.687467
1.77636e-14
1.77636e-14
1.77636e-14
1.77636e-14
1.77636e-14
1.77636e-14
1.77636e-14
1.77636e-14
1.77636e-14
1.77636e-14
1.77636e-14
1.77636e-14
1.77636e-14
1.77636e-14
1.77636e-14
1.77636e-14
1.77636e-14
1.77636e-14
1.77636e-14
1.77636e-14
1.77636e-14
1.77636e-14
1.77636e-14
1.77636e-14
1.77636e-14
0.55976
1.1097
1.77636e-14
1.77636e-14
0.452212
1.77636e-14
1.36661
0.400355
1.77636e-14
0.926107
1.77636e-14
1.42418
1.41163
0.140268
0.729863
1.38634
1.03126
0.926464
1.39465
0.634823
0.520177
1.25394
0.902871
1.28215
1.34112
0.43503
0.624199
8.3967
1.18554
0.747713
0.286594
0.737767
0.796288
1.08295
1.07954
1.36431
1.15719
0.583866
1.12653
1.96165
1.08595
1.17624
1.19739
0.979528
0.165708
0.374433
1.20124
1.10514
0.794211
0.586627
0.857911
1.69237
1.86241
0.675118
1.1665
0.229371
0.922629
1.45715
0.412324
3.22352
2.18931
0.495839
1.17255
1.44253
0.405911
1.002
2.69425
1.08891
0.513619
0.723394
1.27191
1.23741
0.0402368
0.986207
1.64775
0.179586
0.292034
2.50318
0.528669
1.71793
0.542493
1.03836
0.450887
0.604917
0.853095
1.66317
0.453972
1.60108
1.27183
1.75123
1.21377
1.48657
0.522933
1.45229
1.74709
1.33764
0.108885
0.401701
0.949363
0.474994
0.5002
1.63996
0.885787
1.00139
0.422966
1.34708
1.51684
1.13895
1.28004
1.31446
0.4
0.954979
0.314236
0.487314
0.98021
1.07602
0.710968
1.19497
0.05
1.0913
1.0939
0.414024
0.884915
0.138025
1.4726
1.33279
0.815384
0.304426
1.18198
0.711812
0.136158
1.12689
0.163374
0.284484
