20
20
20
20
20
20
20
20
20
20
20
20
20
20
20
20
20
20
20
20
26.615
20
20
20
20
20
20
20
20
20
20
20
20
20
20
20
26.62
20
20
20
20
20
20
20
20
20
20
20
20
20
20
20
26.525
26.607
20
20
20
20
20
20
20
20
20
20
20
20
20
20
20
26.622
20
20
20
20
20
26.888
26.622
26.429
26.611
27.221
26.611
26.404
26.614
27.617
26.604
26.611
26.613
29.006
26.376
30.727
26.833
26.512
26.361
32.728
27.047
26.351
35.04
26.445
36.755
26.67
26.346
27.739
37.778
26.334
26.405
38.317
28.252
26.811
38.782
26.309
26.561
39.001
26.376
28.729
26.323
27.261
26.488
29.321
26.344
26.67
30.03
27.557
26.323
26.452
30.709
26.987
26.589
27.803
26.309
31.396
26.401
26.268
32.202
28.006
27.162
26.51
26.784
32.764
26.366
28.3
27.371
26.461
28.425
26.329
26.941
26.68
27.483
28.76
26.265
26.4
27.053
29.022
27.553
26.575
26.794
26.349
29.303
27.665
27.131
26.485
26.861
26.267
26.655
27.765
27.189
26.395
27.888
26.894
26.543
27.269
26.704
28.102
26.27
26.973
27.321
26.439
26.731
26.577
27.387
26.967
26.269
26.768
26.423
27.418
26.568
27.031
26.81
27.022
26.253
26.617
26.45
26.82
27.072
26.632
26.244
26.46
26.831
26.648
26.464
26.838
26.25
26.666
26.467
26.25
26.676
26.491
26.262
26.491
26.252
26.26
