0
0
0
0
0
0
0
0
0
0
0
0
0
0
0
0
0
0
0
0
0
0
0
0
0
0
0
0
0
0
0
0
0
0
0
0
0
0
0
0
0
0
0
0
0
0
0
0
0
0
0
0
0
0
0
0
0
0
0
0
0
0
0
0
0
0
0
0
0
0
0
0
0
0
0
0
0
0
0
0
0
0
0
0
0
0
0
0
0
0
0
0
0
0
0
0
0
0
0
0
0
0
0
0
0
0
0
0
0
0
0
0
0.00632835
0
0
0
0.313922
0
0
0
0
0
0
0
0
0
0
0
0
0
0
0
0
0
1
0
0
0
0
0.00998798
0
0
0
0
0.0140448
0
0
0
1
0
0
0
0
0
0
0
0
0
0
0.00778134
0
0
0
1
0
0
0.0167378
0
0
0.0157817
0
0
1
0
0
0.0493137
0.00868319
0.0167348
0
0
1
0
0
0.0181811
0
0
0.00904382
0
1
0.0090869
0.0365453
0
0
0.0182696
1
0.0179965
0
0.0175356
0
0.0183023
1
0.037453
0.046289
1
0.0359303
0.0546821
1
0.0653788
1
1
