3.33067e-16
3.33067e-16
3.33067e-16
3.33067e-16
3.33067e-16
3.33067e-16
3.33067e-16
3.33067e-16
3.33067e-16
3.33067e-16
3.33067e-16
3.33067e-16
3.33067e-16
3.33067e-16
3.33067e-16
3.33067e-16
3.33067e-16
3.33067e-16
3.33067e-16
3.33067e-16
3.33067e-16
3.33067e-16
3.33067e-16
3.33067e-16
3.33067e-16
3.33067e-16
3.33067e-16
3.33067e-16
3.33067e-16
3.33067e-16
3.33067e-16
3.33067e-16
3.33067e-16
3.33067e-16
3.33067e-16
3.33067e-16
3.33067e-16
3.33067e-16
3.33067e-16
3.33067e-16
3.33067e-16
3.33067e-16
3.33067e-16
3.33067e-16
3.33067e-16
3.33067e-16
3.33067e-16
3.33067e-16
3.33067e-16
3.33067e-16
3.33067e-16
3.33067e-16
3.33067e-16
3.33067e-16
3.33067e-16
3.33067e-16
3.33067e-16
0.123399
3.33067e-16
3.33067e-16
3.33067e-16
3.33067e-16
3.33067e-16
3.33067e-16
3.33067e-16
3.33067e-16
3.33067e-16
3.33067e-16
3.33067e-16
3.33067e-16
3.33067e-16
3.33067e-16
3.33067e-16
3.33067e-16
0.0149593
3.33067e-16
5.37591e-23
3.33067e-16
5.41136e-23
3.33067e-16
5.09205e-23
5.20107e-23
5.4149e-23
3.33067e-16
5.47777e-23
3.33067e-16
5.85864e-23
3.33067e-16
5.6402e-23
5.66121e-23
3.33067e-16
5.3349e-23
6.12557e-23
5.96802e-23
5.5925e-23
5.94735e-23
5.51761e-23
5.72971e-23
5.29021e-23
5.51575e-23
5.25561e-23
5.75913e-23
5.42911e-23
5.55799e-23
6.00918e-23
5.4343e-23
5.65485e-23
5.65674e-23
6.01527e-23
5.61612e-23
5.17639e-23
5.1152e-23
5.5446e-23
5.53808e-23
5.14101e-23
5.47968e-23
5.28394e-23
5.25718e-23
5.68204e-23
5.30188e-23
5.78209e-23
5.57098e-23
5.6887e-23
5.90195e-23
5.60981e-23
5.18927e-23
5.68072e-23
6.01928e-23
5.23379e-23
5.28374e-23
5.84466e-23
5.72594e-23
5.54374e-23
5.57986e-23
5.62887e-23
5.84303e-23
5.41267e-23
5.77227e-23
5.62512e-23
5.57025e-23
5.69644e-23
5.63804e-23
5.94291e-23
5.34417e-23
5.96525e-23
5.84194e-23
5.68917e-23
5.90376e-23
5.49906e-23
5.49534e-23
6.27983e-23
5.89188e-23
5.56201e-23
5.08414e-23
5.59759e-23
5.71733e-23
5.45515e-23
5.51492e-23
5.47044e-23
5.72626e-23
5.05942e-23
5.79877e-23
5.75868e-23
5.14234e-23
5.33893e-23
5.61167e-23
5.64225e-23
5.51871e-23
6.15402e-23
5.59011e-23
5.34733e-23
5.76708e-23
5.37052e-23
5.50581e-23
5.80889e-23
5.31913e-23
5.50083e-23
5.31967e-23
5.47918e-23
5.77591e-23
5.27084e-23
5.41271e-23
5.55444e-23
5.37843e-23
5.89754e-23
5.49595e-23
5.50492e-23
5.70059e-23
5.22107e-23
5.32524e-23
5.49343e-23
5.89401e-23
5.49949e-23
5.85882e-23
5.40412e-23
5.53113e-23
5.43486e-23
5.66718e-23
5.61999e-23
5.36758e-23
5.67795e-23
5.48825e-23
5.61242e-23
5.22834e-23
5.62034e-23
5.53506e-23
5.41271e-23
5.6588e-23
4.92796e-23
5.31536e-23
