0
0
0
0
0
0
0
0
0
0
0
0
0
0
0
0
0
0
0
0
4.11682e-16
0
0
0
0
0
0
0
0
0
0
0
0
4.11682e-16
0
0
0
0
0
0
0
0
0
0
0
0
0
0
4.11682e-16
0
0.0217945
0
0
0
0
0
0
0
0
0
0
0
0
0
4.11682e-16
0
0
0
0
0
0
0
0
0
0
4.11682e-16
0.0478423
0.0191667
4.11682e-16
0.0296859
4.11682e-16
4.11682e-16
0.013836
0.0594944
0.0331348
4.11682e-16
4.11682e-16
0.0137526
0.0125779
0.0137526
0.0156125
0.0115
0.0297572
0.0137526
0.0083795
0.0561701
0.0137526
0.0193649
0.017873
0.0137526
0.00689655
0.0137526
0.0137526
0.00519164
0.0133167
0.0137526
0.0137526
0.0312989
0.0137526
0.00144084
0.0241172
0.0137526
0.0105993
2.53767e-05
0.0137526
0.0137526
0.011
0.0137526
0.00698638
0.0140683
0.0137526
0.0137526
0.00718372
0.0111881
0.0137526
0.0137526
0.0198774
0.0137526
0.00526423
0.0137526
0.011186
3.83333e-05
0.0137526
0.0137526
0.0137526
0.0126198
0.0137526
0.0137526
0.0121232
0.0137526
0.0137526
0.0157647
0.0136676
0.0137526
0.0137526
0.0279863
0.0137526
0.0137526
0.00566461
0.0103749
0.0137526
0.0137526
0.0137526
0.0366728
0.0137526
0.028874
0.0137526
0.0137526
0.0137526
0.0280872
0.0137526
0.0113292
0.0137526
0.0137526
0.0137526
0.00940507
0.0137526
0.0137526
0.0517462
0.0137526
0.0137526
0.0137526
0.0118912
0.0137526
0.0137526
0.0195316
0.0137526
0.0137526
0.0137526
0.0137526
0.0169411
0.0137526
0.0303613
0.0137526
0.0137526
0.0137526
0.0137526
0.0109875
0.0137526
0.0137526
0.049
0.0137526
0.0137526
0.0137526
0.0110583
0.0643843
0.0137526
0.0137526
0.0137526
0.0137526
0.0131614
0.0137526
0.0137526
0.0127977
0.0137526
0.0137526
0.0148959
0.0137526
0.0125616
0.0126951
