2.63898e-37
2.63898e-37
2.63898e-37
2.63898e-37
2.63898e-37
2.63898e-37
2.63898e-37
2.63898e-37
2.63898e-37
2.63898e-37
2.63898e-37
2.63898e-37
2.63898e-37
2.63898e-37
2.63898e-37
2.63898e-37
2.63898e-37
2.63898e-37
2.63898e-37
2.63898e-37
2.63898e-37
2.63898e-37
2.63898e-37
2.63898e-37
2.63898e-37
0.2
2.63898e-37
2.63898e-37
2.63898e-37
2.63898e-37
2.63898e-37
2.63898e-37
2.63898e-37
2.63898e-37
2.63898e-37
2.63898e-37
2.63898e-37
2.63898e-37
2.63898e-37
2.63898e-37
2.63898e-37
2.63898e-37
2.63898e-37
2.63898e-37
2.63898e-37
2.63898e-37
2.63898e-37
2.63898e-37
0.2
2.63898e-37
2.63898e-37
2.63898e-37
2.63898e-37
2.63898e-37
2.63898e-37
2.63898e-37
2.63898e-37
0.19706
2.63898e-37
2.63898e-37
2.63898e-37
2.63898e-37
2.63898e-37
2.63898e-37
2.63898e-37
2.63898e-37
2.63898e-37
2.63898e-37
2.63898e-37
2.63898e-37
2.63898e-37
2.63898e-37
2.63898e-37
0.2
0.202581
0.2
0.211307
0.205284
0.2
0.2
0.245875
0.2107
0.196477
0.2
0.599162
0.2
0.208776
0.600737
0.202621
0.2
0.193387
0.602612
0.2
0.200331
0.604671
0.26618
0.60647
0.20123
0.199852
0.197715
0.104311
0.607701
0.196444
0.609606
0.19322
0.600853
0.611723
0.128958
0.20084
0.610443
0.224833
0.602158
0.197549
0.192441
0.10438
0.604394
0.2
0.234923
0.110083
0.193513
0.605881
0.106082
0.607257
0.195805
0.204714
0.104367
0.602596
0.113496
0.609753
0.200851
0.610601
0.604462
0.218776
0.106161
0.200377
0.613293
0.106399
0.104413
0.605782
0.207911
0.107511
0.607497
0.11126
0.106101
0.201241
0.104308
0.604478
0.610299
0.201157
0.106169
0.61086
0.107486
0.606427
0.104382
0.106104
0.612447
0.107157
0.607712
0.109493
0.104373
0.107761
0.609714
0.106005
0.104332
0.606456
0.611919
0.104398
0.109358
0.607963
0.106034
0.107674
0.612584
0.104366
0.111041
0.609421
0.10603
0.109227
0.107808
0.611562
0.607891
0.106049
0.111018
0.612683
0.107709
0.10946
0.6097
0.112455
0.611048
0.107732
0.111016
0.109321
0.612964
0.60951
0.112731
0.109416
0.111181
0.611149
0.114154
0.61237
0.112757
0.111099
0.116208
0.114529
0.112782
0.612966
0.116111
0.114466
0.117747
0.116149
0.117832
