4.26389e-16
4.26389e-16
4.26389e-16
4.26389e-16
4.26389e-16
4.26389e-16
4.26389e-16
4.26389e-16
4.26389e-16
4.26389e-16
4.26389e-16
4.26389e-16
4.26389e-16
4.26389e-16
4.26389e-16
4.26389e-16
4.26389e-16
4.26389e-16
4.26389e-16
4.26389e-16
4.26389e-16
4.26389e-16
4.26389e-16
4.26389e-16
4.26389e-16
4.26389e-16
4.26389e-16
4.26389e-16
4.26389e-16
4.26389e-16
4.26389e-16
4.26389e-16
4.26389e-16
4.26389e-16
4.26389e-16
4.26389e-16
4.26389e-16
4.26389e-16
4.26389e-16
4.26389e-16
4.26389e-16
4.26389e-16
4.26389e-16
4.26389e-16
0.101158
4.26389e-16
4.26389e-16
4.26389e-16
4.26389e-16
4.26389e-16
4.26389e-16
4.26389e-16
4.26389e-16
4.26389e-16
4.26389e-16
4.26389e-16
4.26389e-16
4.26389e-16
4.26389e-16
4.26389e-16
4.26389e-16
4.26389e-16
4.26389e-16
4.26389e-16
4.26389e-16
4.26389e-16
4.26389e-16
4.26389e-16
4.26389e-16
4.26389e-16
4.26389e-16
4.26389e-16
4.26389e-16
4.26389e-16
4.26389e-16
4.26389e-16
4.26389e-16
4.26389e-16
4.26389e-16
0.229155
0.134954
4.26389e-16
4.26389e-16
0.0133303
0.120551
0.0456676
0.26181
0.109506
0.403546
0.0802918
0.0189502
0.242501
0.403608
0.0497024
0.403632
0.00466797
0.0196941
0.194935
0.403632
0.0835567
0.016443
0.403632
0.000440798
0.177655
0.0103315
0.403632
0.440399
3.77517e-17
0.014268
0.264234
0.0138645
0.0485869
0.403632
0.431501
0.264239
0.0289525
0.000373971
0.0178294
0.264239
0.17372
0.0140696
2.34952e-05
0.264239
0.339222
0.00787795
0.234316
0.403632
0.000563404
0.264239
6.93889e-18
0.149749
0.403632
0.264239
2.34415e-05
0.264239
0.351763
0.0144342
0.000756532
0.403632
0.264239
1.12718e-06
0.0061715
0.341793
1.78929e-05
0.264239
0.275784
2.65135e-17
0.264239
0.00782348
0.352319
0.264239
0.322334
5.85371e-14
6.47256e-10
0.182084
0.00338828
9.1585e-16
2.65979e-08
3.0748e-11
0.329256
8.29191e-17
0.000376342
0.265878
0.264239
0.264239
0.00494903
6.61116e-14
1.85889e-08
0.378424
0.189567
1.89946e-11
3.61389e-17
0.352319
9.74858e-09
0.00386786
0.000474206
0.26978
3.64314e-05
5.00459e-13
5.1979e-11
1.7451e-17
0.000133399
0.00337365
0.221716
5.12768e-15
3.95238e-11
0.112906
2.65021e-17
4.10556e-08
0.277028
0.312379
2.70063e-07
6.19113e-09
0.183029
1.81027e-17
0.00376839
0.00417904
0.171825
0.262058
2.16354e-17
9.27095e-07
0.172214
0.112279
1.8619e-17
2.53888e-05
0.152045
1.64204e-17
0.224125
1.81027e-17
1.91489e-17
