0.2
0.2
0.2
0.2
0.2
0.2
0.2
0.2
0.2
0.2
0.2
0.2
0.2
0.2
0.2
0.2
0.2
0.2
0.2
0.2
0.2
0.2
0.2
0.2
0.2
0.2
0.2
0.2
0.2
0.2
0.2
0.2
0.2
0.2
0.2
0.2
0.2
0.2
0.2
0.2
0.2
0.2
0.2
0.2
0.2
0.2
0.2
0.2
0.2
0.2
0.2
0.2
0.2
0.2
0.2
0.2
0.2
0.596003
0.2
0.2
0.2
0.2
0.2
0.2
0.2
0.2
0.2
0.2
0.2
0.2
0.2
0.2
0.2
0.2
0.596003
0.2
0.596003
0.596003
0.2
0.2
0.596003
0.596003
0.596003
0.2
0.596003
0.2
0.596003
0.596003
0.596003
0.2
0.596003
0.596003
0.2
0.596003
0.596003
0.596003
0.596003
0.596003
0.596003
0.596003
0.596003
0.596003
0.596003
0.596003
0.596003
0.596003
0.596003
0.596003
0.596003
0.596003
0.596003
0.596003
0.596003
0.596003
0.596003
0.596003
0.317938
0.596003
0.596003
0.596003
0.596003
0.596003
0.596003
0.596003
0.596003
0.596003
0.596003
0.596003
0.596003
0.596003
0.596003
0.596003
0.596003
0.596003
0.596003
0.7
0.596003
0.596003
0.596003
0.596003
0.596003
0.596003
0.596003
0.596003
0.596003
0.596003
0.596003
0.596003
0.95
0.596003
0.596003
0.596003
0.596003
0.596003
0.596003
0.596003
0.596003
0.596003
0.596003
0.596003
0.596003
0.596003
0.596003
1
0.596003
0.596003
0.596003
0.596003
0.596003
0.596003
0.596003
0.596003
1
0.596003
0.596003
0.596003
0.596003
0.596003
0.596003
0.596003
1
0.596003
0.596003
0.596003
0.596003
0.596003
0.596003
0.596003
1
0.596003
0.596003
0.596003
0.596003
0.596003
1
0.596003
0.596003
0.596003
0.596003
0.596003
1
0.596003
0.596003
1
0.596003
0.596003
1
0.596003
1
1
