2.71532e-23
2.96607e-23
2.27285e-23
1.89331e-23
2.44045e-23
2.73074e-23
2.15178e-23
2.69914e-23
2.9866e-23
3.05575e-23
2.32236e-23
2.65794e-23
2.84299e-23
2.5283e-23
2.69764e-23
2.37057e-23
2.58745e-23
2.18269e-23
2.45988e-23
2.70766e-23
0.5
2.44522e-23
2.72802e-23
2.38862e-23
1.96707e-23
2.70856e-23
2.26582e-23
2.15357e-23
2.62475e-23
2.24676e-23
2.3794e-23
2.21993e-23
1.85602e-23
2.30049e-23
2.224e-23
0.5
2.80091e-23
2.30266e-23
2.27112e-23
2.21388e-23
2.69583e-23
2.77896e-23
2.53322e-23
2.27536e-23
2.45418e-23
2.32853e-23
2.71242e-23
2.46233e-23
0.5
2.52884e-23
0.516474
2.4097e-23
2.0712e-23
2.43878e-23
2.04916e-23
2.34938e-23
2.19895e-23
2.19167e-23
2.54322e-23
2.74538e-23
2.03861e-23
1.98845e-23
2.33915e-23
2.193e-23
0.5
2.35556e-23
2.24485e-23
2.70007e-23
2.27142e-23
1.95499e-23
2.32918e-23
2.45789e-23
2.58907e-23
2.9849e-23
2.56938e-23
0.5
0.545388
0.509398
0.5
0.556508
0.5
0.5
0.508877
0.585942
0.532626
0.5
0.5
0.696983
0.506809
0.659615
0.540995
0.504922
0.521587
0.807877
0.504628
0.56041
0.721681
0.514701
0.535662
0.669208
0.503799
0.615488
0.687257
0.502898
0.516953
0.593342
0.637303
0.549123
0.591228
0.501713
0.530379
0.626862
0.514274
0.5005
0.726007
0.596214
0.523823
0.740696
0.510479
0.535433
0.670926
0.613079
0.507457
0.521604
0.862215
0.563982
0.529133
0.679245
0.505164
0.816214
0.517945
0.501333
0.780756
0.713748
0.593817
0.528786
0.56326
0.7694
0.513818
0.733294
0.620434
0.519081
0.509
0.767261
0.578037
0.547453
0.666544
0.76804
0.502167
0.515368
0.601417
0.66707
0.656107
0.541378
0.563426
0.511748
0.789271
0.728232
0.610329
0.534525
0.592187
0.503003
0.556135
0.7461
0.66149
0.525277
0.756698
0.608344
0.546505
0.693604
0.580793
0.754036
0.506338
0.610042
0.69194
0.529384
0.590633
0.546911
0.721408
0.665663
0.509677
0.614273
0.547251
0.741116
0.569689
0.661822
0.596889
0.513022
0.640177
0.567068
0.556544
0.627378
0.701189
0.597027
0.516357
0.562358
0.656322
0.586368
0.573925
0.669685
0.519695
0.621167
0.583645
0.523026
0.642994
0.579445
0.526391
0.595201
0.529703
0.533046
