0.5
0.5
0.5
0.5
0.5
0.5
0.5
0.5
0.5
0.5
0.5
0.5
0.5
0.5
0.5
0.5
0.5
0.5
0.5
0.5
0.5
0.5
0.5
0.5
0.5
0.5
0.5
0.5
0.5
0.5
0.5
0.5
0.5
0.5
0.5
0.5
0.5
0.5
0.5
0.5
0.5
0.5
0.5
0.5
0.5
0.5
0.5
0.5
0.5
0.5
0.5
0.5
0.36
0.5
0.5
0.5
0.5
0.5
0.5
0.5
0.5
0.5
0.5
0.5
0.5
0.5
0.5
0.5
0.5
0.5
0.5
0.5
0.5
0.5
0.5
0.25
0.5
0.34
0.5
0.195
0.5
0.5
0.33
0.2
0.185
0.5
0.5
0.145
0.33
0.19
0.195
0.35
0.185
0.19
0.35
0.165
0.18
0.285
0.19
0.165
0.345
0.195
0.15
0.452148
0.266128
0.175
0.15
0.2
0.2
0.487565
0.15
0.185
0.255
0.13
0.75
0.175
0.265
0.18
0.348698
0.195
0.185
0.145
0.382044
0.292256
0.135
0.195
0.225
0.22
0.46315
0.15
0.31843
1
0.145
0.18
0.19
0.235
0.23
0.175
0.360791
0.185
0.225
0.316128
0.145
0.428142
0.186187
0.281128
0.19
0.155
0.86
0.368474
0.24
0.19
0.18
0.348705
0.295
0.420396
0.165
0.185
0.251128
0.376319
0.265
0.82
0.332315
0.205
0.22
0.434447
0.2
0.235
0.35073
0.205
0.37
0.215
0.86
0.26
0.205
0.449584
0.343384
0.385686
0.28
0.301128
0.82
0.313384
0.418332
0.25
0.334617
0.215
0.345
0.245
0.83
0.349558
0.380887
0.306174
0.245
0.401992
0.83
0.373657
0.28343
0.322237
0.399448
0.331187
0.85
0.312346
0.411004
0.82
0.331187
0.3848
0.86
0.40824
0.87
0.85
