2.59065e-23
2.04083e-23
2.54784e-23
2.62317e-23
2.20975e-23
2.45937e-23
2.02427e-23
2.42224e-23
2.21259e-23
1.56178e-23
2.30416e-23
2.51158e-23
2.92484e-23
2.3306e-23
2.07653e-23
2.05875e-23
2.42513e-23
2.16842e-23
2.34119e-23
2.28958e-23
0.750944
2.9956e-23
1.99826e-23
2.47065e-23
2.68259e-23
2.25987e-23
2.18507e-23
2.38599e-23
2.25249e-23
2.6147e-23
1.91767e-23
2.41496e-23
2.94298e-23
2.53473e-23
2.42724e-23
2.51959e-23
0.750042
2.50407e-23
2.6327e-23
2.85467e-23
2.64601e-23
2.26009e-23
3.0667e-23
2.25152e-23
2.25687e-23
2.59716e-23
2.31302e-23
2.23336e-23
1.97085e-23
0.751356
2.51929e-23
0.752951
1.79693e-23
2.03052e-23
2.20715e-23
2.64157e-23
2.34208e-23
2.65276e-23
2.17971e-23
2.3915e-23
2.04121e-23
2.00714e-23
2.93525e-23
2.57249e-23
2.57225e-23
0.748883
2.43582e-23
2.35015e-23
2.37413e-23
2.74202e-23
2.27246e-23
2.42128e-23
2.03873e-23
2.81068e-23
2.54275e-23
0.750059
0.761112
0.749974
0.74899
0.775532
0.750552
0.749056
0.747849
0.782236
0.750613
0.751052
0.750479
0.822903
0.750072
0.882485
0.761485
0.749679
0.753468
0.903989
0.749628
0.767318
0.917174
0.749765
0.756543
0.919481
0.749262
0.792486
0.927782
0.749534
0.751202
0.920238
0.835903
0.761833
0.87077
0.749742
0.753387
0.900403
0.752129
0.854519
0.751155
0.780555
0.750569
0.883087
0.748924
0.756275
0.909531
0.802612
0.749065
0.750829
0.9235
0.779478
0.754053
0.825141
0.749832
0.923864
0.751399
0.749412
0.929949
0.839898
0.795807
0.749328
0.763752
0.946231
0.75143
0.860313
0.81284
0.748371
0.747681
0.878822
0.7796
0.762971
0.814426
0.895434
0.7484
0.749806
0.788995
0.925899
0.841932
0.758206
0.776949
0.749273
0.930802
0.854035
0.810591
0.757005
0.787709
0.74937
0.769587
0.867882
0.827828
0.75184
0.877197
0.796917
0.758192
0.838184
0.780817
0.891119
0.749993
0.80973
0.858842
0.756318
0.784338
0.772286
0.861204
0.81937
0.751222
0.798581
0.764098
0.858516
0.774548
0.823685
0.809367
0.75453
0.835522
0.790828
0.766038
0.811444
0.844815
0.792205
0.757155
0.773936
0.822436
0.799311
0.783675
0.822745
0.758908
0.800012
0.784418
0.76287
0.808628
0.798796
0.764601
0.802814
0.765529
0.773559
