0
0
0
0
0
0
0
0
0
0
0
0
0
0
0
0
0
0
0
0
0
0
0
0
0
0
0
0
0
0
0
0
0
0
0
0
0
0
0
0
0
0
0
0
0
0
0
0
0
0
0.875032
0
0
0
0
0
0
0
0
0
0
0
0
0
0
0
0
0
0
0
0
0
0
0
0
0
0.878471
0.931247
0
0
0.874476
0
0.951839
0.874998
0
0.930621
0
0.87937
0.964685
0.880392
0.930667
0.974916
0.954702
0.879618
0.97952
0.930547
0.87919
0.96542
0.950645
0.878062
0.983946
0.937054
0.876888
0.988024
0.975605
0.880726
0.932827
0.955093
0.991685
0.880441
0.967555
0.977592
0.875501
1
0.933274
0.955027
0.976124
0.93533
0.983612
0.964426
0.931289
0.9531
0.987665
0.982047
0.93283
0.968435
0.974441
0.954907
0.993234
0.929414
0.985762
1
0.932239
0.95158
0.968605
0.981822
0.975001
0.93365
0.989314
0.954521
0.968021
0.983849
0.99152
0.950406
0.973874
0.981053
0.970178
0.957279
1
0.987118
0.971764
0.954984
0.966781
0.984409
0.981714
0.992557
0.952525
0.96808
0.975354
0.989344
1
0.979812
0.98539
0.967407
0.977735
0.99427
0.967421
0.983343
0.989396
0.974702
0.985959
0.967763
1
0.980524
0.974422
0.994175
0.988406
0.986039
0.975977
0.981431
1
0.98625
0.992859
0.977128
0.990122
0.982584
0.985788
1
0.981179
0.989153
0.99279
0.985197
0.980826
0.990817
1
0.993802
0.986527
0.989179
0.99435
1
0.984552
0.990758
0.992897
1
0.989809
0.992489
1
0.993153
1
1
