3.55271e-15
3.55271e-15
3.55271e-15
3.55271e-15
3.55271e-15
3.55271e-15
3.55271e-15
3.55271e-15
3.55271e-15
3.55271e-15
0.241661
3.55271e-15
3.55271e-15
3.55271e-15
3.55271e-15
3.55271e-15
3.55271e-15
3.55271e-15
3.55271e-15
3.55271e-15
3.55271e-15
0.241661
3.55271e-15
3.55271e-15
3.55271e-15
3.55271e-15
3.55271e-15
0.241661
3.55271e-15
3.55271e-15
3.55271e-15
3.55271e-15
3.55271e-15
3.55271e-15
3.55271e-15
3.55271e-15
3.55271e-15
3.55271e-15
0.241661
3.55271e-15
3.55271e-15
3.55271e-15
3.55271e-15
3.55271e-15
0.14
0.241661
3.55271e-15
3.55271e-15
3.55271e-15
3.55271e-15
3.55271e-15
3.55271e-15
3.55271e-15
3.55271e-15
3.55271e-15
3.55271e-15
0.241661
3.55271e-15
3.55271e-15
3.55271e-15
3.55271e-15
3.55271e-15
0.241661
3.55271e-15
3.55271e-15
3.55271e-15
3.55271e-15
3.55271e-15
3.55271e-15
3.55271e-15
0.232594
3.55271e-15
3.55271e-15
3.55271e-15
3.55271e-15
3.55271e-15
3.55271e-15
3.55271e-15
3.55271e-15
0.175784
0.144568
0.241661
0.241661
0.263818
0.141774
0.186815
0.274955
0.156205
0.492443
0.149666
0.264764
0.137477
0.69
0.141774
1.07536
0.308058
0.142829
0.179165
1.28487
0.195192
0.162788
1.23935
0.343657
0.185472
0.142829
1.47746
2.1135
0.142829
0.303974
0.669403
0.205913
0.183303
1.6628
2.31266
0.887975
0.185472
0.511468
0.189737
0.905594
0.290517
0.172047
0.593717
0.935147
0.227156
0.19
0.294788
1.54738
0.361109
0.597411
0.174356
0.223607
1.07373
0.771038
0.473286
1.07406
0.272764
0.198997
0.412311
1.58379
0.795236
0.215407
0.717287
0.283549
0.494065
0.921086
0.357211
0.19
0.71
0.238537
1.41425
0.628967
0.40939
1.32424
0.797245
0.440568
0.254755
1.07313
0.637495
0.951893
0.311288
0.274955
0.461411
0.436463
0.755315
0.765245
0.355106
0.934291
0.547723
0.398623
0.541849
0.773886
0.348712
1.21161
0.675648
0.374299
0.793473
0.531883
0.508822
0.703136
0.971854
0.364005
0.508822
0.666333
0.593633
1.01509
0.914112
0.616766
0.417732
0.896939
0.537494
0.544426
0.781089
0.752596
0.685857
0.502494
0.553624
0.880965
0.84119
0.657267
0.492443
0.94
0.851176
0.728286
0.513809
0.953362
0.833607
0.663023
0.901332
0.764264
0.823165
