2.44741e-23
2.52845e-23
2.06897e-23
2.36276e-23
1.83691e-23
2.16084e-23
2.4363e-23
2.49793e-23
2.03398e-23
2.20549e-23
2.09817e-23
2.31866e-23
2.00788e-23
2.48135e-23
2.67503e-23
0.748378
2.61419e-23
2.33388e-23
2.25978e-23
2.34591e-23
1.9103e-23
2.72532e-23
2.87687e-23
2.43729e-23
2.86435e-23
2.34067e-23
0.751558
2.30208e-23
2.43403e-23
2.27422e-23
2.27486e-23
2.01233e-23
2.41509e-23
3.26063e-23
2.36513e-23
2.38348e-23
2.51308e-23
0.750497
2.77457e-23
2.36301e-23
2.36771e-23
2.4905e-23
2.78567e-23
1.95276e-23
2.37039e-23
2.58197e-23
1.89334e-23
3.04284e-23
0.747601
2.79962e-23
2.34728e-23
0.750825
2.45633e-23
2.24188e-23
2.5867e-23
2.10269e-23
2.63795e-23
2.48115e-23
2.49871e-23
2.14784e-23
2.44914e-23
2.93469e-23
0.749779
2.80394e-23
2.05655e-23
2.71123e-23
2.28233e-23
2.49662e-23
2.15148e-23
2.25631e-23
2.24095e-23
2.85932e-23
2.58125e-23
2.47657e-23
0.74953
1.90242e-23
2.09171e-23
0.741108
0.748899
0.749689
0.75016
0.734387
0.748171
0.745973
0.750318
0.743052
0.728195
0.746962
0.689709
0.744569
0.731119
0.614262
0.740117
0.528911
0.74719
0.723826
0.39341
0.741016
0.746346
0.729881
0.294319
0.676212
0.74638
0.165525
0.740972
0.7457
0.103798
0.614452
0.723211
0.731271
0.0532108
0.746469
0.74072
0.0203345
0.524086
0.674078
0.731241
0.73879
0.403651
0.719238
0.739752
0.609841
0.295151
0.732305
0.187466
0.739319
0.720298
0.670617
0.517031
0.0867395
0.73063
0.737813
0.4044
0.0214489
0.616816
0.72098
0.671708
0.729118
0.0025175
0.287723
0.519241
0.730091
0.720747
0.173089
0.611075
0.672074
0.728997
0.407505
0.0625818
0.719517
0.52262
0.670827
0.0117655
0.286332
0.612407
0.718225
0.00132527
0.406409
0.176218
0.670562
0.719253
0.524106
0.609667
0.0590204
0.289551
0.670466
0.00634372
0.408853
0.610309
0.525477
0.172589
0.671112
2.30785e-23
0.285458
0.0620267
0.609744
0.524635
0.403758
0.00333498
0.167109
0.610149
0.288733
0.525957
0.407288
2.09855e-23
0.0570092
0.166692
0.523815
0.000735683
0.287822
0.406634
0.0489786
2.50558e-23
0.167422
0.405972
0.285392
0.000611949
0.0480051
0.168361
0.287167
2.59526e-23
3.16556e-05
0.0518158
0.168361
2.54759e-23
2.60184e-23
0.0495554
2.39785e-23
2.87095e-23
2.66666e-23
