0
0
0
0
0
0
0
0
0
0
0
0
0
0
0
0
0
0
0
0
0
0
0
0
0
0
0
0
0
0
0
0
0
0
0
0
0
0
0
0
0
0
0
0
0
0
0
0
0
0
0
0
0
0
0
0
0
0
0
0
0
0
0
0
0
0
0
0
0
0
0
0
0
0
0
0
0
0
0
0
0
0
0
0
0
0
0
0
0
0
0
0
0
0
0
0
0
0
0
0
0.0208035
0
0
0.0190963
0
0
0
0
0
0.0233222
0
0
0
1
0
0
0
0
0
0
0
0
0.0326097
0
0
0
0
0
0.0486753
0
0
1
0
0
0
0
0
0
0.0613031
0
0
0.00871978
0.0432449
0
0
0.00888506
0
0
1
0.0341588
0
0
0
0.0176601
0.0175501
0.026128
0
0
0
0.0989818
0
1
0.029118
0
0
0.0474226
0
0
0.0481738
0
0.0282654
0
1
0
0
0.0670092
0.0473268
0.0194191
0
0.0097612
1
6.32827e-17
0.0942089
0
0.134738
0
0.0291528
1
0.00895343
0.0964241
0.105097
0.00948518
5.55112e-18
0.0679591
1
0.115357
0.0192221
0.0781231
0.0385552
0.0193553
1
0.0476711
0.0876172
1
0.0765081
0.0386906
1
0.115654
1
1
