26.54
26.53
26.54
26.54
26.54
26.54
26.54
26.54
26.54
26.54
26.54
26.54
26.54
26.54
26.54
26.54
26.54
26.54
26.54
26.54
26.54
26.54
26.54
26.54
26.54
26.54
26.54
26.54
26.54
26.54
26.54
26.54
26.54
26.54
26.54
26.54
26.54
26.54
26.54
26.54
26.54
26.54
26.54
26.53
26.54
26.54
26.54
26.54
26.96
26.54
26.53
26.54
26.54
26.54
26.54
26.54
26.54
26.54
26.54
26.54
26.54
26.54
26.54
26.54
26.54
26.54
26.54
26.54
26.54
26.54
26.54
26.54
26.54
26.54
26.54
26.54
26.54
25.95
25.95
26.54
26.54
25.95
26.54
25.95
26.54
25.95
25.95
25.95
25.95
25.95
25.95
25.95
25.95
25.95
25.95
25.95
25.95
25.95
25.95
25.95
25.95
25.95
25.95
25.95
25.95
25.95
25.95
25.95
25.95
25.95
25.95
25.95
25.95
25.95
25.95
25.95
25.95
25.95
25.95
25.95
25.95
25.95
25.95
25.95
25.95
25.95
25.95
25.95
25.95
25.95
25.95
25.95
25.95
25.95
25.95
25.95
25.95
25.95
25.95
25.95
25.95
25.95
25.95
25.95
25.95
25.95
25.95
25.95
25.95
25.95
25.95
25.95
25.95
25.95
25.95
25.95
25.95
25.95
25.95
25.95
25.95
25.95
25.95
25.95
25.95
25.95
25.95
25.95
25.95
25.95
25.95
25.95
25.95
25.95
25.95
25.95
25.95
25.95
25.95
25.95
25.95
25.95
25.95
25.95
25.95
25.95
25.95
25.95
25.95
25.95
25.95
25.95
25.95
25.95
25.95
25.95
25.95
25.95
25.95
25.95
25.95
25.95
25.95
25.95
25.95
25.95
25.95
25.95
25.95
25.95
