0
0
0
0
0
0
0
0
0
0
0
0
0
0
0
0
0
0
0
0
0
0
0
0
0
0.2
0
0
0
0
0
0
0
0
0
0
0
0
0
0
0
0
0
0
0
0
0
0
0.2
0
0
0
0
0
0
0
0
0.08
0
0
0
0
0
0
0
0
0
0
0
0
0
0
0
0.2
0.03
0.2
0.131667
0.005
0.2
0.2
0.0366667
0.149167
0.0558333
0.2
0.558002
0.2
0.158125
0.596003
0.03375
0.2
0.0922222
0.596003
0.2
0.1585
0.596003
0.063291
0.596003
0.165139
0.11
0.0533333
0.100999
0.596003
0.168571
0.596003
0.118667
0.596003
0.596003
0.0833042
0.178854
0.596003
0.103125
0.596003
0.182593
0.131111
0.100999
0.596003
0.2
0.1285
0.101499
0.142143
0.596003
0.100999
0.596003
0.152917
0.115833
0.100999
0.596003
0.111499
0.596003
0.174815
0.596003
0.596003
0.152143
0.100999
0.200377
0.596003
0.10468
0.100999
0.596003
0.154375
0.100999
0.596003
0.109583
0.100999
0.173632
0.100999
0.596003
0.596003
0.201157
0.104468
0.596003
0.100999
0.596003
0.100999
0.100999
0.596003
0.105472
0.596003
0.100999
0.100999
0.100999
0.596003
0.100999
0.104332
0.596003
0.596003
0.100999
0.100999
0.596003
0.100999
0.100999
0.596003
0.104366
0.100999
0.596003
0.100999
0.100999
0.100999
0.596003
0.596003
0.106049
0.100999
0.596003
0.100999
0.100999
0.596003
0.100999
0.596003
0.107732
0.100999
0.100999
0.596003
0.596003
0.100999
0.109416
0.100999
0.596003
0.100999
0.596003
0.100999
0.111099
0.100999
0.100999
0.112782
0.596003
0.100999
0.114466
0.100999
0.116149
0.117832
