0.802676
0.802341
0.8
0.788963
0.801338
0.792642
0.804348
0.801338
0.801672
0.807023
0.805017
0.792977
0.798662
0.809699
0.791639
0.813712
0.799666
0.797324
0.80602
0.804013
0.814047
0.794649
0.811037
0.80903
0.78796
0.802676
0.78495
0.797659
0.807023
0.808361
0.809365
0.789632
0.801338
0.799331
0.804682
0.795652
0.801338
0.804682
0.80301
0.797659
0.81204
0.800334
0.81505
0.803679
0.793645
0.797324
0.819064
0.797659
0.792977
0.793311
0.943389
0.807692
0.803344
0.795987
0.80602
0.797993
0.800669
0.798328
0.801003
0.81806
0.792308
0.795987
0.800334
0.80903
0.79699
0.802341
0.804013
0.799331
0.801338
0.799666
0.799331
0.801672
0.803679
0.795652
0.801338
0.795652
0.938329
0.962675
0.800334
0.79699
0.939481
0.803344
0.97291
0.940134
0.795987
0.963347
0.803344
0.940603
0.98032
0.936084
0.961873
0.98372
0.973751
0.936455
0.986622
0.961739
0.935786
0.979264
0.97284
0.940684
0.991105
0.961493
0.936093
0.993118
0.982943
0.935756
0.965817
0.972717
0.995318
0.940108
0.981739
0.987827
0.940083
1
0.960535
0.973413
0.985669
0.964755
0.990301
0.981323
0.962867
0.973073
0.994015
0.988849
0.96609
0.981088
0.984511
0.975371
0.994516
0.966484
0.989632
1
0.963839
0.973874
0.981866
0.987219
0.983855
0.964877
0.994229
0.972565
0.979202
0.991241
0.995652
0.976072
0.984554
0.987512
0.982535
0.972201
1
0.992902
0.982274
0.972565
0.978261
0.990553
0.989881
0.995537
0.974838
0.980537
0.983278
0.994115
1
0.987291
0.992245
0.981167
0.983946
0.995937
0.979599
0.988629
0.993885
0.985267
0.992297
0.980936
1
0.987221
0.985606
0.994314
0.992977
0.99158
0.985219
0.990223
1
0.993466
0.9956
0.982943
0.994881
0.988226
0.991535
1
0.988589
0.992205
0.995637
0.991905
0.9896
0.992964
1
0.995923
0.992226
0.992623
0.995652
1
0.990953
0.994958
0.996528
1
0.993609
0.995572
1
0.996313
1
1
