0.8
0.8
0.8
0.8
0.8
0.8
0.8
0.8
0.8
0.8
0.8
0.8
0.8
0.8
0.8
0.8
0.8
0.8
0.8
0.8
0.8
0.8
0.8
0.8
0.8
0.8
0.8
0.8
0.8
0.8
0.8
0.8
0.8
0.8
0.8
0.8
0.8
0.8
0.8
0.8
0.8
0.8
0.8
0.8
0.819967
0.8
0.8
0.8
0.8
0.8
0.8
0.8
0.8
0.8
0.8
0.8
0.8
0.8
0.8
0.8
0.8
0.8
0.8
0.8
0.8
0.8
0.8
0.8
0.8
0.8
0.8
0.8
0.8
0.8
0.8
0.8
0.8
0.8
0.8
0.8
0.820408
0.83992
0.8
0.820013
0.859645
0.840268
0.819612
0.879659
0.819478
0.900074
0.839445
0.859913
0.820007
0.920642
0.819766
0.84012
0.939619
0.880274
0.819753
0.859967
0.95998
0.819846
0.840127
0.901271
0.980722
0.820221
1
0.820334
0.860809
0.840221
0.881177
0.920522
0.819679
0.82012
0.84004
0.940502
0.859043
0.899652
0.839712
0.880067
0.960876
0.859926
0.839946
0.919452
0.979572
0.899552
0.839472
0.879833
0.859679
1
0.93994
0.839559
0.860522
0.880341
0.839806
0.920234
0.960622
0.899719
0.840187
0.859819
0.980288
0.880649
0.939512
0.900642
0.860094
0.920421
1
0.879786
0.959739
0.859679
0.900656
0.940635
0.859839
0.878883
0.919739
0.980381
0.860495
0.900214
0.880635
0.9601
1
0.919605
0.939706
0.87913
0.899512
0.980321
0.880816
0.920214
0.959766
0.939632
0.900622
1
0.879799
0.919385
0.979559
0.900709
0.960301
0.938749
0.899846
0.919753
1
0.97998
0.938997
0.960428
0.899726
0.919926
0.940455
1
0.919853
0.959625
0.979411
0.93996
0.918482
0.959672
1
0.980114
0.939492
0.960756
0.980194
1
0.939137
0.960241
0.979819
1
0.960274
0.979599
1
0.980134
1
1
