0.605911
0.603226
0.600311
0.58847
0.604962
0.599009
0.598918
0.597057
0.604478
0.597881
0.60172
0.607708
0.602526
0.594991
0.605411
0.597071
0.596575
0.601183
0.595065
0.589245
0.595191
0.597965
0.606844
0.600438
0.599901
0.603788
0.595136
0.599805
0.593446
0.601774
0.60541
0.591671
0.600108
0.601761
0.593034
0.603103
0.605406
0.598146
0.604691
0.606905
0.600222
0.602264
0.600154
0.604214
0.598915
0.609333
0.589017
0.59749
0.598932
0.600264
0.603491
0.607238
0.59844
0.129083
0.594014
0.608731
0.592
0.604789
0.593239
0.600319
0.60034
0.599329
0.59829
0.599298
0.603072
0.587769
0.597296
0.603678
0.59999
0.601029
0.608996
0.607688
0.603642
0.601266
0.590348
2.63898e-37
2.63898e-37
0.601094
2.63898e-37
0.610103
2.63898e-37
2.63898e-37
0.603163
2.63898e-37
0.597372
2.63898e-37
0.607613
2.63898e-37
2.63898e-37
0.589876
2.63898e-37
2.63898e-37
2.63898e-37
2.63898e-37
2.63898e-37
2.63898e-37
2.63898e-37
2.63898e-37
2.63898e-37
2.63898e-37
2.63898e-37
2.63898e-37
2.63898e-37
2.63898e-37
2.63898e-37
2.63898e-37
2.63898e-37
2.63898e-37
2.63898e-37
2.63898e-37
2.63898e-37
2.63898e-37
2.63898e-37
2.63898e-37
2.63898e-37
2.63898e-37
2.63898e-37
2.63898e-37
2.63898e-37
2.63898e-37
2.63898e-37
2.63898e-37
2.63898e-37
2.63898e-37
2.63898e-37
2.63898e-37
2.63898e-37
2.63898e-37
2.63898e-37
2.63898e-37
2.63898e-37
2.63898e-37
2.63898e-37
2.63898e-37
2.63898e-37
2.63898e-37
2.63898e-37
2.63898e-37
2.63898e-37
2.63898e-37
2.63898e-37
2.63898e-37
2.63898e-37
2.63898e-37
2.63898e-37
2.63898e-37
2.63898e-37
2.63898e-37
2.63898e-37
2.63898e-37
2.63898e-37
2.63898e-37
2.63898e-37
2.63898e-37
2.63898e-37
2.63898e-37
2.63898e-37
2.63898e-37
2.63898e-37
2.63898e-37
2.63898e-37
2.63898e-37
2.63898e-37
2.63898e-37
2.63898e-37
2.63898e-37
2.63898e-37
2.63898e-37
2.63898e-37
2.63898e-37
2.63898e-37
2.63898e-37
2.63898e-37
2.63898e-37
2.63898e-37
2.63898e-37
2.63898e-37
2.63898e-37
2.63898e-37
2.63898e-37
2.63898e-37
2.63898e-37
2.63898e-37
2.63898e-37
2.63898e-37
2.63898e-37
2.63898e-37
2.63898e-37
2.63898e-37
2.63898e-37
2.63898e-37
2.63898e-37
2.63898e-37
2.63898e-37
2.63898e-37
2.63898e-37
2.63898e-37
2.63898e-37
2.63898e-37
2.63898e-37
2.63898e-37
2.63898e-37
2.63898e-37
2.63898e-37
2.63898e-37
2.63898e-37
2.63898e-37
2.63898e-37
2.63898e-37
2.63898e-37
