0.114358
0.114195
0.113886
0.114161
0.113209
0.113828
0.11365
0.114482
0.113889
0.115876
0.11366
0.113791
0.114143
0.114263
0.114636
0.114557
0.113222
0.113808
0.113626
0.114423
0.113869
0.113999
0.113757
0.115307
0.113215
0.113272
0.113286
0.114137
0.113795
0.116058
0.113306
0.114171
0.113768
0.114549
0.114518
0.114254
0.114524
0.11417
0.114613
0.114547
0.114683
0.114139
0.113983
0.113703
0.113628
0.114947
0.113804
0.114251
0.115061
0.114187
0.113921
0.114086
0.0663161
0.113807
0.113896
0.114198
0.114605
0.113558
0.114568
0.114537
0.113643
0.113846
0.114543
0.114114
0.113356
0.115101
0.114463
0.11345
0.113152
0.113732
0.114404
0.113604
0.115512
0.114206
0.113363
0.0842677
0.114473
0.125459
0.113731
0.0899537
0.11447
0.147481
0.114824
0.0887481
0.0885119
0.113801
0.11366
0.0717459
0.153307
0.0482122
0.0896323
0.112537
0.0978831
0.069974
0.0608978
0.0781607
0.0925827
0.203459
0.059539
0.104911
0.0475779
0.106561
0.0716106
0.0615389
0.251656
0.059495
0.103457
0.0849297
0.0705241
0.0496796
0.102352
0.058123
0.165641
0.0596299
0.0573441
0.100137
0.126641
0.107928
0.0600126
0.103024
0.0823279
0.0727267
0.0479789
0.253285
0.082961
0.114431
0.0787549
0.0950138
0.0370158
0.094703
0.105354
0.0351723
0.0822517
0.0854084
0.0864089
0.0728251
0.062625
0.0361299
0.0319387
0.0595134
0.102016
0.13118
0.0893308
0.0220238
0.119785
0.114463
0.0577958
0.0465188
0.0258401
0.0239923
0.111018
0.0850916
0.102721
0.0965218
0.0745031
0.0216924
0.112221
0.0621719
0.076054
0.042435
0.091246
0.0211489
0.10218
0.0831946
0.0877434
0.0103971
0.0770604
0.100014
0.0511952
0.0501388
0.0902238
0.100433
0.0120962
0.0605229
0.0953954
0.00878421
0.0952866
0.116978
0.086948
0.0747468
0.00856823
0.102262
0.00797878
0.100552
0.0391242
0.0942199
0.104136
0.0898496
0.00691733
0.0920496
0.0218345
0.102326
0.063463
0.0926415
0.00567589
0.00560386
0.106833
0.0616307
0.0269383
0.0652375
0.00485629
0.0733925
0.0563063
0.00443468
0.091599
0.0140161
0.00390444
0.0385865
0.0036355
0.0032513
