0.501793
0.50154
0.501408
0.501465
0.501495
0.50167
0.501443
0.501874
0.501703
0.501837
0.501711
0.501569
0.501513
0.501774
0.501734
0.50157
0.501217
0.501853
0.50153
0.501394
0.501623
0.501276
0.501445
0.501455
0.501522
0.501688
0.501577
0.501782
0.501903
0.501814
0.502037
0.501592
0.501444
0.501572
0.501357
0.501434
0.501617
0.501694
0.501558
0.501451
0.501697
0.501423
0.501313
0.501435
0.50151
0.501542
0.501864
0.501903
0.501934
0.133215
0.501429
0.501665
0.501894
0.501478
0.501713
0.501774
0.501807
0.501441
0.501619
0.501576
0.501849
0.501634
0.501749
0.501651
0.501711
0.50181
0.501677
0.501755
0.501705
0.501633
0.501652
0.501605
0.501926
0.501823
0.501476
0.50164
0
0
0.501529
0.501608
0
0.501462
1.73261e-26
0
0.501524
0
0.501492
0
0
0
7.61408e-27
0
0
0
1.97666e-26
0
0
0
0
0
0
0
7.23399e-27
0
2.58068e-26
0
0
0
0
0
4.35647e-27
0
2.73428e-27
0
0
1.62334e-28
0
1.92021e-26
1.08341e-26
0
0
0
0
0
1.47894e-27
0
0
0
0
0
0
1.02493e-26
0
0
1.32875e-26
0
1.37873e-26
0
0
1.20571e-26
0
0
0
0
0
0
0
0
2.87304e-27
1.97559e-26
0
0
0
0
1.34443e-26
0
0
0
0
5.42314e-27
0
1.06879e-26
0
1.28626e-27
0
0
0
1.003e-26
2.82004e-26
1.42905e-28
0
2.56973e-26
0
0
0
0
0
0
0
0
7.20824e-27
5.42417e-27
0
0
0
2.70551e-26
0
2.78421e-26
0
0
0
8.49691e-27
0
0
0
0
2.92225e-27
0
8.41701e-27
1.27641e-26
0
1.74176e-28
0
0
2.27788e-26
0
0
0
0
0
