0
0
0
0
0
0
0
0
0
0
0.501771
0
0
0
0
0
0
0
0
0
0
0.502246
0
0
0
0
0
0
0
0.501302
0
0
0
0
0
0
0
0
0.501593
0
0
0
0
0
0.49145
0
0
0
0
0
0.50211
0
0
0
0
0
0
0.501542
0
0
0
0
0
0
0
0
0
0.501853
0
0
0
0
0
0
0.501496
0
0
0
0
0.486466
0.492188
0.50178
0.501312
0.468054
0.500625
0.491017
0.465751
0.501196
0.432163
0.500047
0.486358
0.497534
0.42039
0.499317
0.357241
0.474797
0.499749
0.487184
0.302154
0.48258
0.501558
0.213796
0.453769
0.495101
0.149347
0.501165
0.0974974
0.501159
0.492223
0.44756
0.494881
0.496214
0.0637173
0.0178864
0.438712
0.466693
0.496807
0.495856
0.386589
0.479647
0.500189
0.443667
0.27763
0.49966
0.50166
0.494923
0.16697
0.489109
0.459232
0.502219
0.495452
0.0863718
0.434774
0.46718
0.00867931
0.494396
0.501806
0.488236
0
0.294319
0.454377
0.502304
0.496329
0.475802
0.197102
0.483851
0.502952
0.406965
0.498466
0.0419999
0.473016
0.492459
0.0137825
0.291935
0.485592
0.501538
0
0.406767
0.133724
0.498066
0.502767
0.466221
0.493115
0.0263671
0.284782
0.501195
0.00165759
0.427164
0.493675
0.490074
0.195619
0.503733
0
0.289551
0.497208
0.0665332
0.497042
0.401715
0.00416085
0.19293
0.505361
0.286145
0.497068
0.406717
0
0.068098
0.136176
0.507796
0.00106157
0.285676
0.39935
0.0434588
0
0.168709
0.405972
0.296968
0
0.0511447
0.176396
0.287167
0
0
0.047083
0.168361
0
0
0.0495554
0
0
0
