0.000817818
0.000717032
0.00198092
0.000607104
0.00157831
0.00100538
0.00182953
0.00257668
0.00258476
0.00186718
0.00136248
0.00160578
0.00199072
0.00182906
0.00058831
0.0014279
0.000925353
0.00129607
0.00155704
0.00216895
0.000534031
0.00103933
0.000944306
0.000881494
0.00126976
0.00146751
0.00221647
0.00319731
0.00155472
0.00168103
0.000601717
0.00190439
0.00214306
0.00137475
0.00336058
0.00184278
0.00113666
0.0014793
0.000952878
0.00210101
0.0015968
0.00115607
0.00190629
0.00114073
0.00143957
0.00220345
0.00191009
0.00189748
0.0533174
0.0010113
0.00153992
0.00198498
0.00202264
0.000806194
0.00176884
0.000821798
0.000782456
0.00231023
0.00207122
0.00138087
0.000985896
0.000995567
0.000947463
0.00115919
0.00105044
0.0017869
0.00123658
0.00251785
0.0012111
0.00111661
0.00075483
0.00139965
0.000895811
0.00135695
0.00132802
0.00169485
0.00173222
0
0
0.00122685
0.00135772
0
0.00240488
0
0.00253337
0
0
0
0
0
0
0
0
0
0
0
0
0
0
0
0
0
0
0
0
0
0
0
0
0
0
0
0
0
0
0
0
0
0
0
0
0
0
0
0
0
0
0
0
0
0
0
0
0
0
0
0
0
0
0
0
0
0
0
0
0
0
0
0
0
0
0
0
0
0
0
0
0
0
0
0
0
0
0
0
0
0
0
0
0
0
0
0
0
0
0
0
0
0
0
0
0
0
0
0
0
0
0
0
0
0
0
0
0
0
0
0
0
0
0
0
0
0
0
0
0
0
0
0
0
