1.77636e-14
1.77636e-14
1.77636e-14
1.77636e-14
1.77636e-14
1.77636e-14
1.77636e-14
1.77636e-14
1.77636e-14
1.77636e-14
1.77636e-14
1.77636e-14
1.77636e-14
1.77636e-14
1.77636e-14
1.77636e-14
1.77636e-14
1.77636e-14
1.77636e-14
1.77636e-14
1.77636e-14
1.77636e-14
1.77636e-14
1.77636e-14
1.77636e-14
1.77636e-14
1.77636e-14
1.77636e-14
1.77636e-14
1.77636e-14
1.77636e-14
1.77636e-14
1.77636e-14
1.77636e-14
1.77636e-14
1.77636e-14
1.77636e-14
1.77636e-14
1.77636e-14
1.77636e-14
1.77636e-14
1.77636e-14
1.77636e-14
1.77636e-14
1.77636e-14
1.77636e-14
1.77636e-14
1.77636e-14
1.77636e-14
1.77636e-14
1.77636e-14
1.77636e-14
1.77636e-14
1.77636e-14
1.77636e-14
1.77636e-14
1.77636e-14
0.8077
1.77636e-14
1.77636e-14
1.77636e-14
1.77636e-14
1.77636e-14
1.77636e-14
1.77636e-14
1.77636e-14
1.77636e-14
1.77636e-14
1.77636e-14
1.77636e-14
1.77636e-14
1.77636e-14
1.77636e-14
1.77636e-14
0.541439
1.77636e-14
1.77636e-14
1.77636e-14
0.733083
1.77636e-14
0.727925
1.77636e-14
0.684014
1.77636e-14
0.574644
1.77636e-14
1.77636e-14
0.518174
0.875015
1.77636e-14
0.8128
0.425483
1.77636e-14
1.77636e-14
1.60336
1.06464
0.302223
1.77636e-14
0.93031
1.21015
0.838152
1.26773
1.77636e-14
1.44003
0.876869
0.696345
1.33004
1.27385
1.77636e-14
1.55715
1.20448
0.685933
1.77636e-14
0.952943
1.03144
2.22543
1.77636e-14
1.42351
1.40505
0.82763
0.525619
0.965559
1.99451
0.944637
1.59176
1.24157
0.982598
1.37857
0.400723
1.48023
1.49158
2.40979
1.09482
1.04903
0.239282
1.62724
1.48365
1.33183
0.669504
3.04629
0.992836
2.40069
1.33317
1.14802
1.07617
1.56379
2.23407
1.93379
0.521132
8.16006
0.455649
1.01956
0.781698
1.15338
0.880316
1.53638
1.30965
2.61951
0.75897
1.32512
0.993899
0.574999
1.06598
0.299072
0.749376
2.24418
4.10633
2.35645
2.28848
1.05132
1.06076
2.03476
0.236413
0.809234
2.11686
4.3169
4.04013
0.977024
1.86069
1.98297
0.0638436
0.888876
0.472969
2.26608
2.57514
0.658315
0.775074
0.784461
0.72104
0.837959
1.99889
2.43845
1.91984
1.91239
0.0669029
1.23075
1.88417
0.728376
1.84931
1.71594
0.12627
1.91756
1.73174
0.232413
1.59407
0.783614
0.182962
1.94521
0.151905
1.20091
