25.95
25.95
25.95
25.95
25.95
25.95
25.95
25.95
25.95
25.95
26.54
25.95
25.95
25.95
25.95
25.95
26.54
25.95
25.95
25.95
25.95
25.95
25.95
25.95
26.54
25.95
25.95
25.95
25.95
25.95
25.95
25.95
25.95
26.54
25.95
25.95
25.95
25.95
25.95
26.54
25.95
25.95
25.95
25.95
25.95
26.54
25.95
25.95
26.54
25.95
25.95
25.95
25.95
25.95
25.95
25.95
25.95
26.54
25.95
25.95
25.95
25.95
25.95
26.54
25.95
25.95
25.95
25.95
25.95
25.95
26.54
25.95
25.95
25.95
25.95
25.95
25.95
26.54
26.54
26.54
25.95
25.95
25.95
26.54
26.54
26.54
26.54
26.54
26.7
26.54
26.54
26.54
27.02
26.54
27.3
26.54
26.54
26.54
27.4
26.54
26.54
27.53
26.54
26.78
26.54
27.59
26.54
27.67
26.54
27.1
26.54
26.54
27.71
27.75
27.26
26.54
26.54
26.81
27.37
26.54
26.54
27.13
26.54
27.53
26.54
26.54
26.8
27.63
27.28
26.54
26.54
27.67
27.44
27.07
26.54
27.7
26.54
26.79
27.74
27.51
26.54
27.25
26.54
27.07
27.55
26.84
26.54
27.38
26.54
27.66
27.25
26.82
27.72
27.07
27.49
26.54
27.75
27.42
27.57
26.84
26.54
27.26
27.09
27.64
27.5
26.84
27.74
27.42
27.08
27.28
27.59
26.84
27.78
27.51
27.08
27.67
27.3
27.42
27.69
27.58
27.08
27.3
27.51
27.42
27.77
27.66
27.6
27.3
27.68
27.52
27.41
27.65
27.77
27.56
27.42
27.51
27.7
27.65
27.58
27.51
27.73
27.69
27.65
27.57
27.73
27.7
27.64
27.77
27.7
27.77
