26.9
26.9
26.9
26.9
26.9
26.9
26.9
26.9
26.9
26.9
26.9
26.9
26.9
26.9
26.9
26.9
26.9
26.9
26.9
26.9
26.9
26.9
26.9
26.9
26.9
26.9
26.9
26.9
26.9
26.9
26.9
26.9
26.9
26.9
26.9
26.9
26.9
26.9
26.9
26.9
26.9
26.9
26.9
26.9
26.9
26.9
26.9
26.9
26.9
26.9
26.9
26.9
26.9
26.9
26.9
26.9
26.9
27.189
26.9
26.9
26.9
26.9
26.9
26.9
26.9
26.9
26.9
26.9
26.9
26.9
26.9
26.9
26.9
26.9
29.262
26.9
26.9
26.9
29.617
26.9
29.445
26.9
29.685
26.9
29.472
26.9
26.9
29.464
30.093
26.9
29.934
29.342
26.9
26.9
31.962
30.529
29.419
26.9
29.982
30.721
30.099
31.413
26.9
31.845
30.13
30.048
31.641
30.799
26.9
32.036
31.032
30.064
26.9
30.13
30.655
33.538
26.9
31.032
31.138
30.077
29.865
30.464
32.682
29.819
31.354
30.954
30.201
31.429
29.889
29.905
32.26
33.525
30.524
30.756
36.012
32.11
31.091
30.989
30.158
32.329
30.426
33.763
30.916
30.738
30.784
31.157
33.512
32.762
30.839
35.139
30.072
30.75
30.257
31.155
30.562
32.343
35.432
33.772
30.458
31.769
30.558
30.276
30.674
32.366
30.506
32.826
35.606
33.645
33.219
31.054
30.817
32.943
36.097
30.429
32.99
34.143
33.075
30.932
32.389
32.889
36.982
30.69
30.19
33.113
33.469
30.361
30.569
30.461
37.401
30.868
33.984
33.321
32.786
33.159
38.082
31.831
32.299
30.663
32.662
33.221
38.084
32.643
32.874
38.672
32.207
31.207
38.015
33.029
38.075
38.611
