0
0
0
0
0
0
0
0.25
0.25
0.25
0.25
0.25
0
0
0
0.5
0.5
0.5
0.5
0.5
0
0
0.75
0.75
0.75
0.75
0.75
0
0
0
1
1
1
1
1
2
2
2
2
2
3
3
3
3
3
0.25
4
4
4
4
4
5
5
5
5
5
6
6
6
6
6
7
7
7
7
7
8
8
8
8
8
0.25
9
9
9
9
9
0.5
10
10
10
10
10
0.25
0.75
0.5
0.25
1
0.25
2
0.25
0.5
0.75
3
0.25
4
0.25
0.5
1
5
0.75
0.25
0.5
6
0.25
2
7
0.5
1
0.75
8
3
9
0.5
4
10
0.75
2
0.5
1
5
0.75
0.5
3
6
1
0.5
2
7
0.75
4
8
0.75
1
3
5
2
9
10
0.75
6
1
4
3
0.75
2
7
1
5
8
2
4
3
1
6
9
10
2
1
5
7
3
4
8
2
6
3
5
9
4
2
7
10
3
6
8
4
5
3
7
9
4
6
5
10
8
4
7
6
5
9
8
10
5
7
6
9
8
6
7
10
9
8
7
10
9
8
10
9
10
