1.77636e-14
1.77636e-14
1.77636e-14
1.77636e-14
1.77636e-14
1.77636e-14
1.77636e-14
1.77636e-14
1.77636e-14
1.77636e-14
1.77636e-14
1.77636e-14
1.77636e-14
1.77636e-14
1.77636e-14
1.77636e-14
1.77636e-14
1.77636e-14
1.77636e-14
1.77636e-14
1.77636e-14
1.77636e-14
1.77636e-14
1.77636e-14
1.77636e-14
1.77636e-14
1.77636e-14
1.77636e-14
1.77636e-14
1.77636e-14
1.77636e-14
1.77636e-14
1.77636e-14
1.77636e-14
1.77636e-14
1.77636e-14
1.77636e-14
1.77636e-14
1.77636e-14
1.77636e-14
1.77636e-14
1.77636e-14
1.77636e-14
1.77636e-14
1.77636e-14
1.77636e-14
1.77636e-14
1.77636e-14
1.77636e-14
1.77636e-14
1.77636e-14
1.77636e-14
1.77636e-14
1.77636e-14
1.77636e-14
1.77636e-14
1.77636e-14
1.77636e-14
1.77636e-14
1.77636e-14
1.77636e-14
1.77636e-14
1.77636e-14
1.77636e-14
1.77636e-14
1.77636e-14
1.77636e-14
1.77636e-14
1.77636e-14
1.77636e-14
1.77636e-14
1.77636e-14
1.77636e-14
1.77636e-14
1.77636e-14
1.77636e-14
1.77636e-14
1.77636e-14
1.77636e-14
1.77636e-14
1.77636e-14
1.77636e-14
1.77636e-14
1.77636e-14
1.77636e-14
1.77636e-14
0.0170587
1.77636e-14
0.256328
1.77636e-14
1.77636e-14
1.77636e-14
0.444909
1.77636e-14
0.555172
1.77636e-14
0.00994987
1.77636e-14
0.712289
1.77636e-14
1.77636e-14
0.77167
0.247506
1.77636e-14
1.77636e-14
0.885413
1.77636e-14
0.912541
0.00994987
0.440609
1.77636e-14
1.77636e-14
0.983103
1.03787
0.550567
1.77636e-14
1.77636e-14
0.220298
0.653644
1.77636e-14
1.77636e-14
0.416601
0.788236
1.77636e-14
1.77636e-14
1.77636e-14
0.207229
0.859032
0.510391
1.77636e-14
1.77636e-14
0.886383
0.654511
0.404884
1.77636e-14
0.937177
1.77636e-14
0.205183
1.02497
0.771089
1.77636e-14
0.580961
1.77636e-14
0.404746
0.822664
0.208852
1.77636e-14
0.678005
1.77636e-14
0.874173
0.541231
0.20446
0.990654
0.782132
0.415986
1.77636e-14
1.02109
0.680811
0.87712
0.207063
1.77636e-14
0.554057
0.40955
0.918142
0.72151
0.20692
0.939925
0.650673
0.419948
0.558913
0.867232
0.206504
1.05054
0.773692
0.414348
0.922559
0.552101
0.687938
0.976759
0.85153
0.412189
0.545618
0.749055
0.65075
1.02803
0.913553
0.818657
0.561605
0.949764
0.749973
0.669784
0.920248
1.03205
0.84869
0.663262
0.759302
0.981937
0.869554
0.860509
0.788601
1.01627
0.941621
0.91827
0.861962
1.01108
0.925999
0.925122
1.02435
0.959314
0.983147
