26.54
26.54
26.54
26.53
26.54
26.54
26.54
26.54
26.54
26.54
26.54
26.54
26.54
26.54
26.54
26.54
26.54
26.54
26.54
26.54
26.54
26.54
26.54
26.54
26.54
26.54
26.54
26.54
26.54
26.54
26.54
26.54
26.54
26.54
26.54
26.54
26.54
26.54
26.54
26.54
26.54
26.54
26.54
26.54
26.54
26.54
26.54
26.54
26.54
26.54
26.54
26.54
26.54
26.54
26.54
26.54
26.54
28.37
26.54
26.54
26.54
26.54
26.54
26.54
26.54
26.54
26.54
26.54
26.54
26.54
26.54
26.54
26.54
26.54
28.59
26.54
29.03
31.51
26.54
26.54
31.49
28.76
30.21
26.54
30.47
26.54
28.89
31.11
31.85
26.54
29.54
31.55
26.54
28.89
31.66
31.42
31.37
29.51
30.75
31.32
31.22
31.44
31.63
29.88
29.05
31.48
31.24
31.18
28.32
31.69
31.12
31.44
27.65
29.94
31.36
31.2
28.51
30.89
31.21
31.27
31.45
31.2
31.48
28.12
31.13
31.39
31.39
31.16
31.3
27.46
31.13
31.51
30.15
31.27
31.27
26.87
29.9
31.05
31.93
29.53
30.44
31.54
31.12
31.08
30.2
31.33
31.35
30.35
26.92
30.59
31.54
31.14
30.83
30.86
31.18
31.05
29.08
31.29
31.11
30.27
30.34
31.45
31.07
26.92
31.34
31.38
29.46
31.08
30.99
30.06
30.99
31.59
26.92
30.5
31.27
29.52
30.1
31.1
31.14
31.01
26.92
30.82
30.71
29.22
30.92
31.52
31.14
31.05
26.92
30.23
28.27
31.09
30.98
30.9
26.92
28.25
31.25
29.83
31.32
28.83
26.92
30.92
29.42
26.92
30.51
29.27
26.92
27.7
26.92
26.92
