1.77636e-14
1.77636e-14
1.77636e-14
1.77636e-14
1.77636e-14
1.77636e-14
1.77636e-14
1.77636e-14
1.77636e-14
1.77636e-14
1.77636e-14
1.77636e-14
1.77636e-14
1.77636e-14
1.77636e-14
1.77636e-14
1.77636e-14
1.77636e-14
1.77636e-14
1.77636e-14
1.77636e-14
0.0567362
1.77636e-14
1.77636e-14
1.77636e-14
1.77636e-14
1.77636e-14
1.77636e-14
1.77636e-14
1.77636e-14
1.77636e-14
1.77636e-14
1.77636e-14
1.77636e-14
1.77636e-14
1.77636e-14
1.77636e-14
1.77636e-14
1.77636e-14
1.77636e-14
1.77636e-14
0.0509902
1.77636e-14
1.77636e-14
1.77636e-14
1.77636e-14
1.77636e-14
1.77636e-14
1.77636e-14
1.77636e-14
1.77636e-14
1.77636e-14
1.77636e-14
0.0483322
1.77636e-14
1.77636e-14
1.77636e-14
1.77636e-14
1.77636e-14
1.77636e-14
1.77636e-14
1.77636e-14
1.77636e-14
0.05
1.77636e-14
1.77636e-14
1.77636e-14
1.77636e-14
1.77636e-14
1.77636e-14
1.77636e-14
1.77636e-14
1.77636e-14
1.77636e-14
0.0518748
0.0923905
0.0319218
0.0518748
0.152902
0.051614
0.173159
0.0384187
0.051923
0.0503885
0.0517204
0.288338
0.0499099
0.0364829
0.394517
0.0532541
0.0893252
0.0291719
0.0357071
0.4005
0.135923
0.371128
0.0346987
0.181315
0.034641
0.0567098
0.200627
0.194656
0.0357071
0.430203
0.0282135
0.0286182
0.277849
0.872459
0.0998198
0.0369324
0.873222
0.0357071
0.194103
0.0282843
0.218566
0.0366606
0.182414
0.0376696
0.0172916
0.0695414
0.178267
0.197532
0.0198997
0.32726
0.0241661
0.191507
0.066453
0.222072
0.95268
0.00994987
0.0170587
0.761758
0.183507
0.236652
0.0241661
0.03747
0.382492
0.171534
0.0276405
0.176009
0.179095
0.400919
0.0276405
0.252579
0.0172916
0.184746
0.187083
1.01614
1.77636e-14
0.0237487
0.231084
0.591962
0.178314
0.146898
0.262343
0.371919
0.0271293
0.676213
0.163496
0.120312
0.216758
0.198683
0.0195959
1.02089
0.188624
0.108715
0.635933
0.204497
0.22841
0.71466
0.199927
1.77636e-14
0.0963898
0.164715
1.06164
0.225998
0.181315
0.190168
0.536343
0.964748
0.169304
0.190607
1.77636e-14
0.234256
0.18105
1.04628
0.99965
0.293428
0.267275
0.210656
0.20029
1.77636e-14
1.03414
1.11069
0.177042
0.224134
0.0397995
1.04252
1.06572
1.77636e-14
0.231638
0.263687
1.04789
1.11094
1.77636e-14
1.77636e-14
1.03692
1.77636e-14
1.77636e-14
1.77636e-14
