0.601072
0.599271
0.598502
0.599018
0.600835
0.600826
0.601094
0.601634
0.599643
0.599291
0.601692
0.601713
0.599993
0.600499
0.600608
0.599727
0.598713
0.599804
0.602895
0.599599
0.59981
0.598594
0.599473
0.601356
0.601807
0.599311
0.599236
0.602134
0.601757
0.594998
0.59905
0.600423
0.599437
0.600311
0.600643
0.600103
0.599076
0.601259
0.599576
0.600397
0.600918
0.601196
0.599767
0.598979
0.600567
0.60152
0.598493
0.597354
0.59946
0.601373
0.600468
0.597708
0.602501
0.597981
0.601687
0.599287
0.600617
0.536493
0.600529
0.600265
0.599242
0.598338
0.598288
0.599348
0.601218
0.602138
0.599353
0.600203
0.599686
0.600578
0.599234
0.600292
0.598888
0.599793
0.484998
0.598776
0.477222
0.410189
0.599605
0.338035
0.599255
0.457468
0.364696
0.60177
0.356516
0.600119
0.387291
0.346918
0.380068
0.599776
0.320631
0.42231
0.601174
0.37553
0.384798
0.308374
0.393838
0.416716
0.176248
0.339212
0.308669
0.394252
0.385059
0.335341
0.383378
0.34694
0.33735
0.331704
0.389162
0.374665
0.347925
0.346839
0.307296
0.490075
0.233919
0.30842
0.692006
0.310568
0.225647
0.375535
0.298689
0.292268
0.35669
0.377812
0.473186
0.294368
0.33153
0.373867
0.31792
0.496057
0.308248
0.224177
0.455785
0.284266
0.317953
0.936605
0.414572
0.315173
0.263327
0.561403
0.303791
0.243646
0.462513
0.295435
0.552103
0.316131
0.313573
0.292213
0.735032
0.49467
0.204648
0.334823
0.274567
0.415332
0.334304
0.224156
0.526746
0.21599
0.236184
0.504688
0.392404
0.303981
0.375392
0.61
0.256107
0.254336
0.616404
0.384564
0.354327
0.544281
0.356036
0.323738
0.53
0.354802
0.285382
0.606462
0.414303
0.583987
0.305041
0.444199
0.56
0.502247
0.265773
0.47719
0.505004
0.404829
0.453825
0.345351
0.68
0.554544
0.526006
0.355361
0.463802
0.543932
0.67
0.626255
0.454301
0.52324
0.504307
0.616357
0.67
0.474865
0.665602
0.61
0.485132
0.606093
0.6
0.695435
0.61
0.6
