25.42
25.42
25.42
25.42
25.42
25.42
25.42
25.42
25.42
25.42
25.42
25.42
25.42
25.42
25.42
25.42
25.42
25.42
25.42
25.42
25.42
25.42
25.42
25.42
25.42
25.42
25.42
25.42
25.42
25.42
25.42
25.42
25.42
25.42
25.42
25.42
25.42
25.42
25.42
25.42
25.42
25.42
25.42
25.42
25.42
25.42
25.42
25.42
25.42
25.42
25.42
25.42
25.42
25.42
25.42
25.42
25.42
30.5
25.42
25.42
25.42
25.42
25.42
25.42
25.42
25.42
25.42
25.42
25.42
25.42
25.42
25.42
25.42
25.42
29.92
25.42
31.56
31.04
25.42
25.42
31.56
30.61
30.34
25.42
31.7
25.42
31.01
32.72
31.7
25.42
30.91
32.93
25.42
30.79
32.77
31.14
33.13
30.88
30.62
31.01
32.16
33.21
30.98
33.56
31.04
32.84
33.5
31.3
31.37
36.86
31.77
32.37
31.36
31.23
32.07
32.8
30.69
31.46
32.05
31.4
33.4
32.67
33.51
31.83
31.59
32.54
32.87
31.27
34.79
31.6
33.28
33.44
32.27
32.31
28.76
33.32
32.19
32.5
33.46
32.72
33.27
33.54
31.82
33.03
31.81
32.08
32.75
33.56
28.87
32.03
33.2
33.2
33.54
32.46
32.61
34.47
32.11
33.6
33.53
32.98
32.59
33.49
32.89
28.95
33.42
33.72
32.7
33.37
33.37
32.42
33.03
33.81
29.06
33.04
33.67
32.53
33.58
33.27
33.33
33.2
29.4
33.36
34.41
32.87
33.49
33.66
33.23
32.82
29.6
33.59
32.7
34.34
33.66
32.96
29.81
33.32
32.9
33.2
33.45
33.45
29.93
34.76
32.75
30.03
34.36
33.13
30.07
33.37
30.15
29.77
