0.241661
0.241661
0.241661
0.232594
0.241661
0.241661
0.241661
0.241661
0.241661
0.241661
0.241661
0.241661
0.241661
0.241661
0.241661
0.241661
0.241661
0.241661
0.241661
0.241661
0.241661
0.241661
0.241661
0.241661
0.241661
0.241661
0.241661
0.241661
0.241661
0.241661
0.241661
0.241661
0.241661
0.241661
0.241661
0.241661
0.241661
0.241661
0.241661
0.241661
0.241661
0.241661
0.232594
0.232594
2.09917
0.241661
0.241661
0.241661
0.241661
0.241661
0.241661
0.241661
0.241661
0.241661
0.241661
0.241661
0.241661
0.241661
0.241661
0.241661
0.241661
0.241661
0.232594
0.241661
0.241661
0.241661
0.241661
0.232594
0.241661
0.241661
0.241661
0.241661
0.241661
0.241661
0.241661
0.241661
0.241661
0.241661
0.241661
3.38969
1.94754
0.241661
0.241661
2.80109
2.33152
2.69557
2.80052
3.05465
3.22002
2.49287
2.77244
3.29043
2.78998
2.33172
2.75833
2.80394
2.46495
4.21071
2.62221
4.3098
2.4805
2.69149
2.82871
3.99686
2.47889
2.88965
3.86166
2.24553
3.2665
2.7993
3.39748
3.97034
2.31309
2.30573
3.29272
2.80359
2.82199
3.71919
3.27347
3.79046
3.15133
3.30637
3.65131
4.5208
2.87785
3.7241
3.11771
3.30992
3.29053
2.50711
3.42105
2.95439
3.98477
3.97613
3.28901
3.81282
3.30248
3.92588
2.42619
3.31459
3.98477
2.87821
4.40654
3.30304
3.31121
3.88202
2.52232
3.32175
3.8795
3.31807
3.32579
4.52747
3.25037
3.31548
3.28901
3.22306
3.25037
3.31664
3.32399
4.62434
2.60223
3.93898
3.90088
2.98161
3.31374
4.46866
3.31548
3.95348
4.56387
3.93898
3.98417
2.73049
3.01743
3.97839
4.60961
3.97437
4.60482
4.54292
3.98015
3.97437
2.73439
4.09513
4.48914
4.59217
3.2602
3.95621
3.99545
2.80649
3.97437
3.86328
4.56058
3.95865
3.97437
3.88362
2.76819
4.45049
3.9642
4.65016
4.58638
2.68708
3.98015
4.58486
4.62273
2.79659
4.61811
4.55021
2.72509
4.54719
2.76639
2.78189
