0.454863
0.454863
0.454863
0.454863
0.454863
0.454863
0.454863
0.454863
0.454863
0.454863
0.454863
0.454863
0.454863
0.454863
0.454863
0.454863
0.454863
0.454863
0.454863
0.454863
0.454863
0.454863
0.454863
0.454863
0.454863
0.454863
0.454863
0.454863
0.454863
0.454863
0.454863
0.454863
0.454863
0.454863
0.454863
0.454863
0.454863
0.454863
0.454863
0.454863
0.454863
0.454863
0.454863
0.454863
0.454863
0.454863
0.454863
0.454863
0.454863
0.454863
0.454863
0.454863
2.68554
0.454863
0.454863
0.454863
0.454863
0.454863
0.454863
0.454863
0.454863
0.454863
0.454863
0.454863
0.454863
0.454863
0.454863
0.454863
0.454863
0.454863
0.454863
0.454863
0.454863
0.454863
0.454863
0.454863
1.31168
2.68554
0.454863
1.31168
0.454863
0.454863
2.68554
1.31168
1.31168
0.454863
0.454863
1.31168
2.68554
1.31168
1.31168
2.68554
1.31168
1.31168
2.68554
1.31168
1.31168
1.31168
1.31168
1.31168
2.68554
1.31168
1.31168
2.68554
1.31168
1.31168
1.31168
1.31168
1.31168
2.68554
1.31168
1.31168
1.31168
1.31168
0.398623
1.31168
1.31168
1.31168
1.31168
1.31168
1.31168
1.31168
1.31168
1.31168
1.31168
1.31168
1.31168
1.31168
1.31168
1.31168
1.31168
0.122066
1.31168
1.31168
1.31168
1.31168
1.31168
1.31168
1.31168
1.31168
1.31168
1.31168
1.31168
1.31168
1.31168
1.31168
1.31168
1.31168
0.122066
1.31168
1.31168
1.31168
1.31168
1.31168
1.31168
1.31168
1.31168
1.31168
1.31168
1.31168
1.31168
0.122066
1.31168
1.31168
1.31168
1.31168
1.31168
1.31168
1.31168
1.31168
1.31168
1.31168
0.122066
1.31168
1.31168
1.31168
1.31168
1.31168
1.31168
1.31168
0.122066
1.31168
1.31168
1.31168
1.31168
1.31168
1.31168
0.122066
1.31168
1.31168
1.31168
1.31168
1.31168
1.31168
0.122066
1.31168
1.31168
1.31168
1.31168
1.31168
0.122066
1.31168
1.31168
0.122066
1.31168
1.31168
0.122066
1.31168
0.122066
0.122066
