2.68295e-23
2.51931e-23
2.90062e-23
2.19577e-23
2.73158e-23
2.37277e-23
2.4329e-23
2.31137e-23
2.36865e-23
1.99945e-23
2.30218e-23
2.82948e-23
2.81227e-23
2.51759e-23
2.45947e-23
2.85239e-23
2.30357e-23
2.29711e-23
2.57007e-23
1.93886e-23
2.26827e-23
2.53014e-23
2.35167e-23
2.21221e-23
2.31205e-23
0.2
1.9346e-23
2.95271e-23
2.60193e-23
2.6266e-23
2.17832e-23
2.56869e-23
2.37039e-23
2.48205e-23
2.36638e-23
2.64655e-23
2.07944e-23
2.12624e-23
2.56489e-23
2.07521e-23
2.57407e-23
2.38126e-23
2.20916e-23
2.01538e-23
2.28642e-23
1.63858e-23
2.51389e-23
2.43703e-23
2.25651e-23
2.80692e-23
2.48732e-23
0.2
2.34994e-23
2.63741e-23
2.80589e-23
2.23899e-23
2.4189e-23
0.198281
2.34677e-23
2.50788e-23
2.32906e-23
2.85677e-23
2.41424e-23
2.90297e-23
1.79686e-23
2.37956e-23
1.81654e-23
2.43143e-23
2.46177e-23
2.44313e-23
2.17059e-23
2.68149e-23
2.35705e-23
0.2
0.213647
0.2
0.201688
0.222177
0.2
0.2
0.242045
0.199552
0.197081
0.2
0.304535
0.2
0.199004
0.291692
0.223317
0.2
0.202983
0.218062
0.2
0.200202
0.237405
0.2379
0.276916
0.199503
0.198486
0.214676
0.2776
0.241642
0.200305
0.191408
0.204752
0.315488
0.219833
0.228872
0.199459
0.149153
0.212882
0.288254
0.20024
0.19946
0.268116
0.318843
0.2
0.215359
0.231158
0.199853
0.239983
0.29989
0.235241
0.203014
0.210826
0.273327
0.287605
0.229876
0.249226
0.200924
0.196691
0.317818
0.207004
0.289517
0.186038
0.200333
0.220709
0.262688
0.324453
0.207679
0.297647
0.267112
0.214988
0.281392
0.206748
0.246189
0.322518
0.232907
0.201164
0.211789
0.268672
0.298183
0.314127
0.24133
0.27363
0.231472
0.205785
0.341
0.296517
0.231868
0.283525
0.269434
0.26484
0.201998
0.279834
0.276268
0.224885
0.311881
0.28469
0.253575
0.291885
0.264354
0.205336
0.308633
0.331642
0.236084
0.29891
0.258768
0.307491
0.329281
0.208675
0.275121
0.334646
0.241301
0.283113
0.309532
0.30515
0.30957
0.211013
0.278281
0.264049
0.353679
0.330017
0.295085
0.207225
0.257969
0.381232
0.276828
0.398093
0.259199
0.199084
0.274091
0.252224
0.163345
0.438769
0.237593
0.158358
0.226463
0.144497
0.153172
