0
0
0
0
0
0
0
1.81473e-26
7.34379e-27
3.17966e-27
8.7987e-27
0
0
0
0
0
0
0
0
0
0.2
0
1.3373e-26
0
0
0
0
0
1.33972e-27
0
0
0
0
5.80472e-28
0
0
3.75105e-27
0
1.55502e-26
0
0
0.2
0
0
0
0
0
0
0
0
6.44233e-27
0
0.130825
0
0
0
0
0
0.2
0
2.12541e-27
0
0
0
3.57756e-27
0
0
0
0
0
0
0
0
2.18209e-27
0.2
0.0773545
0.2
0.147934
0.2
0.0529412
0.2
0.159137
0.0399332
0.114599
0.2
0.2
0.0165369
0.167845
0.2
0.0198079
0.0972449
0.136549
0.174727
0.0197406
0.0749537
0.0106318
0.177715
0.148838
0.0079026
0.120612
0.0406899
0.181817
0.00419548
0.155397
0.00359303
0.1864
0.0305687
0.101948
0.00554789
0.129565
0.190769
0.00203985
0.16451
0.0281988
0.200133
0.0757914
0.0199403
0.141672
0.172218
0.120473
0.025099
0.0467568
0.177177
0.152492
0.0170279
0.087117
0.136544
0.0503747
0.183026
0.017864
0.160609
0.0122366
0.0361491
0.200308
0.0805959
0.141487
0.109585
0.0029547
0.169771
0.0300053
0.0675301
0.028966
0.156402
0.180269
0.0947138
0.118899
0.0613595
0.0256987
0.200488
0.166668
0.0758774
0.0118014
0.0543186
0.139486
0.113548
0.000464165
0.176233
0.0480576
0.0767463
0.152586
0.108259
0.20066
0.130075
0.0257954
0.0743444
0.170448
0.0088886
0.105906
0.146184
0.0659578
0.120322
0.000761774
0.201223
0.0937151
0.0521812
0.164008
0.118262
0.141202
0.00475236
0.090851
0.201634
0.113861
5.55156e-27
0.160153
0.140311
0.0481021
0.107365
0.00351265
0.201951
0.138277
0.159283
0.0505419
0
0.128008
0.202207
0.155628
0.000293476
0.0490382
0.150361
0
0.20242
8.50071e-28
0.0483545
0.168361
0
0
0.0495554
0
0
0
