26.886
26.888
26.89
26.892
26.888
26.894
26.894
26.891
26.889
26.886
26.892
26.893
26.892
26.891
26.892
26.887
26.896
26.889
26.892
26.892
26.891
26.89
26.889
26.892
26.893
26.893
26.883
26.891
26.887
26.891
26.892
26.892
26.888
26.893
26.896
26.895
26.89
26.893
26.889
26.892
26.893
26.894
26.894
26.894
27.367
26.894
26.894
26.89
26.896
26.891
26.892
26.891
26.891
26.892
26.896
26.891
26.895
26.892
26.893
26.893
26.889
26.893
26.892
26.889
26.887
26.892
26.889
26.891
26.89
26.894
26.888
26.889
26.897
26.897
26.894
26.895
26.891
26.892
26.894
27.416
27.431
26.893
26.889
27.442
27.398
27.444
27.462
27.489
27.42
27.423
27.434
27.411
27.405
27.467
27.38
27.428
27.478
27.462
27.471
27.514
27.499
27.431
27.422
27.461
27.474
27.464
27.46
27.555
27.486
27.412
27.439
27.461
27.431
27.391
27.419
27.488
27.478
27.45
27.423
27.498
27.531
27.48
27.433
27.497
27.475
27.471
27.443
27.435
27.453
27.501
27.417
27.459
27.445
27.478
27.504
27.467
27.532
27.437
27.443
27.494
27.52
27.495
27.526
27.507
27.482
27.554
27.511
27.453
27.52
27.441
27.426
27.442
27.446
27.493
27.498
27.546
27.423
27.486
27.432
27.555
27.476
27.411
27.429
27.496
27.466
27.484
27.5
27.538
27.508
27.445
27.487
27.479
27.445
27.393
27.496
27.514
27.502
27.461
27.517
27.48
27.498
27.495
27.516
27.505
27.473
27.517
27.504
27.547
27.505
27.471
27.597
27.481
27.412
27.526
27.464
27.441
27.507
27.422
27.561
27.519
27.45
27.505
27.499
27.479
27.512
27.496
27.538
27.474
27.486
27.426
