0.5
0.452419
0.409365
0.370409
0.33516
0.303265
0.274406
0.248293
0.224665
0.203285
0.18394
0.166436
0.150597
0.136266
0.123299
0.111565
0.100948
0.0913419
0.0826496
0.0747844
0.0676678
0.0612283
0.0554017
0.0501295
0.0453591
0.0410426
0.0371369
0.0336028
0.0304051
0.0275117
0.0248936
0.0225247
0.0203812
0.0184416
0.0166867
0.0150987
0.0136619
0.0123618
0.0111854
0.010121
0.00915785
0.00828637
0.00749782
0.00678431
0.00613869
0.00555452
0.00502594
0.00454766
0.00411489
0.00372331
0.00336899
0.00304839
0.0027583
0.00249581
0.0022583
0.0020434
0.00184894
0.00167299
0.00151379
0.00136973
0.00123938
0.00112144
0.0961772
0.182187
0.260012
0.330431
0.394149
0.451804
0.503971
0.551175
0.593886
0.632533
0.667502
0.699143
0.727774
0.753679
0.77712
0.79833
0.817521
0.834886
0.850599
0.864816
0.877681
0.889321
0.899853
0.909384
0.918007
0.92581
0.93287
0.939258
0.945038
0.950269
0.955001
0.959283
0.963158
0.966664
0.969836
0.972707
0.975304
0.977654
0.979781
0.981705
0.983446
0.985021
0.986447
0.987736
0.988903
0.989959
0.990915
0.991779
0.992562
0.99327
0.99391
0.99449
0.995014
0.995488
0.995918
0.996306
0.996658
0.996976
0.997264
0.997524
0.99776
0.997973
0.998166
0.99834
0.998498
0.998641
0.99877
0.998887
0.998993
0.999089
0.999176
0.999254
0.999325
0.999389
0.999448
0.9995
0.999548
0.999591
0.99963
0.999665
0.999697
0.999726
0.999752
0.999775
0.999797
0.999816
0.999834
0.999849
0.999864
0.999877
0.999888
0.999899
0.999909
0.999917
0.999925
0.999932
0.999939
0.999945
0.99995
0.999955
0.999959
0.999963
0.999966
0.99997
0.999972
0.999975
0.999977
0.99998
0.999982
0.999983
0.999985
0.999986
0.999988
0.999989
0.99999
0.999991
0.999992
0.999993
0.999993
0.999994
0.999994
0.999995
0.999995
0.999996
0.999996
0.999997
0.999997
0.999997
0.999998
0.999998
0.999998
0.999998
0.999998
0.999998
0.999999
0.999999
0.999999
0.999999
0.999999
0.999999
0.999999
0.999999
0.999999
0.999999
0.999999
1
1
1
1
1
1
1
1
1
1
1
1
1
1
1
1
1
1
1
1
1
1
1
1
1
1
1
1
1
1
1
1
1
1
1
1
1
1
1
1
1
1
1
1
1
1
1
1
1
1
1
1
1
1
1
1
1
1
1
1
1
1
1
1
1
1
1
1
1
1
1
1
1
1
1
1
1
1
1
1
1
1
1
1
1
1
1
1
1
1
1
1
1
1
1
1
1
1
1
1
1
1
1
1
1
1
1
1
1
1
1
1
1
1
1
1
1
1
1
1
1
1
1
1
1
1
1
1
1
1
1
1
1
1
1
1
1
1
1
1
1
1
1
1
1
1
1
1
1
1
1
1
1
1
1
1
1
1
1
1
1
1
1
1
1
1
1
1
1
1
1
1
1
1
1
1
1
1
1
1
1
1
1
1
1
1
1
1
1
1
1
1
1
1
1
1
1
1
1
1
1
1
1
1
1
1
1
1
1
1
1
1
1
1
1
1
1
1
1
1
1
1
1
1
1
1
1
1
1
1
1
1
1
1
1
1
1
1
1
1
1
1
1
1
1
1
1
1
1
1
1
1
1
1
1
1
1
1
1
1
1
1
1
1
1
1
1
1
1
1
1
1
1
1
1
1
1
1
1
1
1
1
1
1
1
1
1
1
1
1
1
1
1
1
