0.5
0.495025
0.490099
0.485223
0.480395
0.475615
0.470882
0.466197
0.461558
0.456966
0.452419
0.447917
0.44346
0.439048
0.434679
0.430354
0.426072
0.421832
0.417635
0.41348
0.409365
0.405292
0.401259
0.397267
0.393314
0.3894
0.385526
0.38169
0.377892
0.374132
0.370409
0.366723
0.363075
0.359462
0.355885
0.352344
0.348838
0.345367
0.341931
0.338528
0.33516
0.331825
0.328523
0.325255
0.322018
0.318814
0.315642
0.312501
0.309392
0.306313
0.303265
0.300248
0.29726
0.294302
0.291374
0.288475
0.285605
0.282763
0.279949
0.277164
0.274406
0.271675
0.268972
0.266296
0.263646
0.261023
0.258426
0.255854
0.253308
0.250788
0.248293
0.245822
0.243376
0.240954
0.238557
0.236183
0.233833
0.231507
0.229203
0.226922
0.224664
0.222429
0.220216
0.218025
0.215855
0.213707
0.211581
0.209476
0.207391
0.205328
0.203285
0.201262
0.19926
0.197277
0.195314
0.193371
0.191446
0.189542
0.187656
0.185788
0.18394
0.182109
0.180297
0.178503
0.176727
0.174969
0.173228
0.171504
0.169798
0.168108
0.166436
0.164779
0.16314
0.161517
0.15991
0.158318
0.156743
0.155183
0.153639
0.152111
0.150597
0.149099
0.147615
0.146146
0.144692
0.143252
0.141827
0.140416
0.139019
0.137635
0.136266
0.13491
0.133568
0.132239
0.130923
0.12962
0.12833
0.127053
0.125789
0.124538
0.123299
0.122072
0.120857
0.119654
0.118464
0.117285
0.116118
0.114963
0.113819
0.112686
0.111565
0.110455
0.109356
0.108268
0.107191
0.106124
0.105068
0.104023
0.102988
0.101963
0.100949
0.0999443
0.0989499
0.0979654
0.0969908
0.0960258
0.0950705
0.0941246
0.0931883
0.0922612
0.0913434
0.0904348
0.0895352
0.0886446
0.0877629
0.08689
0.0860259
0.0851704
0.0843234
0.083485
0.0826549
0.0818332
0.0810198
0.0802145
0.0794174
0.0786283
0.0778471
0.0770739
0.0763084
0.0755508
0.0748009
0.0740586
0.0733238
0.0725966
0.0718769
0.0711646
0.0704596
0.069762
0.0690716
0.0683884
0.0677123
0.0670434
0.0663816
0.0657268
0.065079
0.0644381
0.0638042
0.0631772
0.062557
0.0619437
0.0613372
0.0607375
0.0601445
0.0595583
0.0589788
0.058406
0.0578399
0.0572805
0.0567278
0.0561817
0.0556422
0.0551094
0.0545833
0.0540637
0.0535507
0.0530444
0.0525447
0.0520516
0.051565
0.0510851
0.0506118
0.050145
0.0496848
0.0492312
0.0487842
0.0483437
0.0479098
0.0474824
0.0470616
0.0466472
0.0462394
0.0458381
0.0454432
0.0450548
0.0446729
0.0442973
0.0439282
0.0435654
0.0432089
0.0428588
0.0425149
0.0421773
0.0418458
0.0415205
0.0412014
0.0408883
0.0405812
0.0402802
0.0399851
0.0396958
0.0394124
0.0391348
0.038863
0.0385968
0.0383362
0.0380812
0.0378318
0.0375877
0.0373491
0.0371158
0.0368878
0.0366649
0.0364473
0.0362347
0.0360271
0.0358245
0.0356268
0.035434
0.0352459
0.0350626
0.0348839
0.0347098
0.0345402
0.0343751
0.0342144
0.0340581
0.0339061
0.0337584
0.0336148
0.0334753
0.03334
0.0332086
0.0330812
0.0329578
0.0328381
0.0327223
0.0326103
0.032502
0.0323973
0.0322963
0.0321988
0.0321048
0.0320143
0.0319273
0.0318436
0.0317633
0.0316862
0.0316124
0.0315419
0.0314745
0.0314103
0.0313491
0.031291
0.031236
0.0311839
0.0311348
0.0310885
0.0310452
0.0310047
0.0309671
0.0309322
0.0309
0.0308706
0.0308438
0.0308197
0.0307982
0.0307793
0.0307629
0.0307491
0.0307378
0.0307289
0.0307225
0.0307185
0.0307169
0.0307176
0.0307207
0.030726
0.0307336
0.0307435
0.0307556
0.0307698
0.0307863
0.0308048
0.0308255
0.0308482
0.030873
0.0308998
0.0309286
0.0309593
0.030992
0.0310267
0.0310632
0.0311015
0.0311417
0.0311837
0.0312274
0.0312729
0.0313201
0.031369
0.0314196
0.0314717
0.0315255
0.0315809
0.0316377
0.0316961
0.031756
0.0318173
0.03188
0.031944
0.0320095
0.0320762
0.0321443
0.0322135
0.032284
0.0323557
0.0324286
0.0325025
0.0325775
0.0326536
0.0327307
0.0328087
0.0328877
0.0329676
0.0330483
0.0331299
0.0332122
0.0332953
0.0333791
0.0334636
0.0335488
0.0336345
0.0337207
0.0338075
0.0338948
0.0339825
0.0340706
0.0341591
0.0342478
0.0343369
0.0344261
0.0345156
0.0346052
0.0346949
0.0347847
0.0348745
0.0349643
0.0350541
0.0351437
0.0352332
0.0353225
0.0354116
0.0355005
0.035589
0.0356771
0.0357649
0.0358522
0.0359391
0.0360254
0.0361112
0.0361964
0.036281
0.0363649
0.036448
0.0365304
0.036612
0.0366928
0.0367727
0.0368517
0.0369297
0.0370068
0.0370828
0.0371578
0.0372317
0.0373044
0.037376
0.0374464
0.0375156
0.0375835
0.0376501
0.0377153
0.0377793
0.0378418
0.0379029
0.0379625
0.0380207
0.0380774
0.0381325
0.0381861
0.0382381
0.0382885
0.0383373
0.0383844
0.0384298
0.0384735
0.0385156
0.0385558
0.0385943
0.0386311
0.038666
0.0386992
0.0387305
0.03876
0.0387876
0.0388134
0.0388372
0.0388592
0.0388793
0.0388975
0.0389137
0.0389281
0.0389405
0.0389509
0.0389595
0.038966
0.0389706
0.0389733
0.038974
0.0389727
0.0389695
0.0389643
0.0389572
0.0389481
0.0389371
0.0389241
0.0389091
0.0388923
0.0388735
0.0388527
0.0388301
0.0388056
0.0387791
0.0387508
0.0387205
0.0386885
0.0386545
0.0386187
0.0385811
0.0385417
0.0385004
0.0384574
0.0384126
0.0383661
0.0383178
0.0382678
0.0382161
0.0381627
0.0381076
0.0380509
0.0379926
0.0379326
0.0378711
0.037808
0.0377433
0.0376772
0.0376095
0.0375404
0.0374698
0.0373977
0.0373243
0.0372495
0.0371733
0.0370958
0.0370169
0.0369368
0.0368554
0.0367728
0.036689
0.0366039
0.0365178
0.0364304
0.036342
0.0362525
0.0361619
0.0360703
0.0359777
0.0358841
0.0357896
0.0356941
0.0355978
0.0355005
0.0354024
0.0353035
0.0352038
0.0351033
0.0350021
0.0349002
0.0347975
0.0346942
0.0345902
0.0344857
0.0343805
0.0342748
0.0341685
0.0340617
0.0339544
0.0338467
0.0337385
0.0336299
0.0335209
0.0334115
0.0333018
0.0331917
0.0330813
0.0329707
0.0328598
0.0327486
0.0326373
0.0325257
0.032414
0.0323022
0.0321902
0.0320781
0.0319659
0.0318536
0.0317413
0.0316289
0.0315166
0.0314043
0.0312919
0.0311797
0.0310675
0.0309554
0.0308433
0.0307314
0.0306197
0.030508
0.0303966
0.0302853
0.0301742
0.0300634
0.0299527
0.0298424
0.0297322
0.0296224
0.0295128
0.0294035
0.0292945
0.0291859
0.0290776
0.0289696
0.028862
0.0287548
0.028648
0.0285415
0.0284355
0.0283299
0.0282247
0.0281199
0.0280156
0.0279118
0.0278084
0.0277054
0.027603
0.0275011
0.0273996
0.0272987
0.0271982
0.0270983
0.0269989
0.0269001
0.0268018
0.026704
0.0266068
0.0265102
0.0264141
0.0263185
0.0262236
0.0261292
0.0260354
0.0259422
0.0258495
0.0257575
0.0256661
0.0255752
0.025485
0.0253953
0.0253063
0.0252179
0.0251301
0.0250428
0.0249563
0.0248703
0.0247849
0.0247002
0.024616
0.0245325
0.0244496
0.0243674
0.0242857
0.0242047
0.0241242
0.0240444
0.0239653
0.0238867
0.0238087
0.0237314
0.0236547
0.0235786
0.023503
0.0234281
0.0233539
0.0232802
0.0232071
0.0231346
0.0230627
0.0229914
0.0229207
0.0228506
0.0227811
0.0227121
0.0226438
0.022576
0.0225088
0.0224422
0.0223761
0.0223106
0.0222457
0.0221813
0.0221175
0.0220542
0.0219915
0.0219293
0.0218677
0.0218066
0.021746
0.021686
0.0216265
0.0215675
0.021509
0.0214511
0.0213936
0.0213366
0.0212802
0.0212242
0.0211688
0.0211138
0.0210593
0.0210053
0.0209518
0.0208987
0.0208461
0.0207939
0.0207423
0.020691
0.0206402
0.0205899
0.02054
0.0204905
0.0204415
0.0203929
0.0203447
0.020297
0.0202496
0.0202027
0.0201561
0.02011
0.0200643
0.0200189
0.019974
0.0199294
0.0198852
0.0198414
0.019798
0.0197549
0.0197122
0.0196699
0.0196279
0.0195863
0.019545
0.0195041
0.0194635
0.0194232
0.0193833
0.0193437
0.0193045
0.0192656
0.0192269
0.0191886
0.0191507
0.019113
0.0190756
0.0190385
0.0190018
0.0189653
0.0189291
0.0188932
0.0188576
0.0188223
0.0187872
0.0187525
0.018718
0.0186837
0.0186498
0.0186161
0.0185827
0.0185495
0.0185166
0.0184839
0.0184515
0.0184193
0.0183874
0.0183557
0.0183242
0.018293
0.0182621
0.0182313
0.0182008
0.0181705
0.0181404
0.0181106
0.0180809
0.0180515
0.0180223
0.0179933
0.0179645
0.017936
0.0179076
0.0178794
0.0178515
0.0178237
0.0177961
0.0177687
0.0177415
0.0177145
0.0176877
0.0176611
0.0176346
0.0176084
0.0175823
0.0175564
0.0175307
0.0175051
0.0174797
0.0174545
0.0174295
0.0174046
0.0173799
0.0173554
0.017331
0.0173068
0.0172827
0.0172588
0.0172351
0.0172115
0.017188
0.0171647
0.0171416
0.0171186
0.0170958
0.0170731
0.0170505
0.0170281
0.0170059
0.0169837
0.0169618
0.0169399
0.0169182
0.0168966
0.0168752
0.0168539
0.0168327
0.0168117
0.0167908
0.01677
0.0167493
0.0167288
0.0167084
0.0166881
0.0166679
0.0166479
0.016628
0.0166082
0.0165885
0.016569
0.0165495
0.0165302
0.016511
0.0164919
0.0164729
0.0164541
0.0164353
0.0164166
0.0163981
0.0163797
0.0163614
0.0163431
0.016325
0.016307
0.0162891
0.0162714
0.0162537
0.0162361
0.0162186
0.0162012
0.0161839
0.0161667
0.0161497
0.0161327
0.0161158
0.016099
0.0160823
0.0160657
0.0160492
0.0160328
0.0160164
0.0160002
0.0159841
0.015968
0.0159521
0.0159362
0.0159204
0.0159048
0.0158892
0.0158737
0.0158582
0.0158429
0.0158277
0.0158125
0.0157974
0.0157824
0.0157675
0.0157527
0.0157379
0.0157233
0.0157087
0.0156942
0.0156798
0.0156655
0.0156512
0.015637
0.0156229
0.0156089
0.015595
0.0155811
0.0155673
0.0155536
0.01554
0.0155264
0.0155129
0.0154995
0.0154862
0.0154729
0.0154597
0.0154466
0.0154336
0.0154206
0.0154077
0.0153949
0.0153821
0.0153695
0.0153568
0.0153443
0.0153318
0.0153194
0.0153071
0.0152948
0.0152826
0.0152705
0.0152584
0.0152464
0.0152345
0.0152226
0.0152108
0.0151991
0.0151874
0.0151758
0.0151643
0.0151528
0.0151414
0.01513
0.0151187
0.0151075
0.0150964
0.0150853
0.0150742
0.0150632
0.0150523
0.0150415
0.0150307
0.0150199
0.0150093
0.0149987
0.0149881
0.0149776
0.0149672
0.0149568
0.0149465
0.0149362
0.014926
0.0149158
0.0149057
0.0148957
0.0148857
0.0148758
0.0148659
0.0148561
0.0148464
0.0148367
0.014827
0.0148174
0.0148079
0.0147984
0.014789
0.0147796
0.0147703
0.014761
0.0147518
0.0147426
0.0147335
0.0147244
0.0147154
0.0147064
0.0146975
0.0146887
0.0146799
0.0146711
0.0146624
0.0146537
0.0146451
0.0146366
0.014628
0.0146196
0.0146112
0.0146028
0.0145945
0.0145862
0.014578
0.0145698
0.0145617
0.0145536
0.0145455
0.0145376
0.0145296
0.0145217
0.0145139
0.014506
0.0144983
0.0144906
0.0144829
0.0144753
0.0144677
0.0144601
0.0144526
0.0144452
0.0144378
0.0144304
0.0144231
0.0144158
0.0144086
0.0144014
0.0143942
0.0143871
0.0143801
0.014373
0.014366
0.0143591
0.0143522
0.0143453
0.0143385
0.0143317
0.014325
0.0143183
0.0143116
0.014305
0.0142984
0.0142919
0.0142854
0.0142789
0.0142725
0.0142661
0.0142597
0.0142534
0.0142471
0.0142409
0.0142347
0.0142285
0.0142224
0.0142163
0.0142103
0.0142042
0.0141983
0.0141923
0.0141864
0.0141805
0.0141747
0.0141689
0.0141631
0.0141574
0.0141517
0.014146
0.0141404
0.0141348
0.0141292
0.0141237
0.0141182
0.0141128
0.0141073
0.014102
0.0140966
0.0140913
0.014086
0.0140807
0.0140755
0.0140703
0.0140651
0.01406
0.0140549
0.0140498
0.0140448
0.0140398
0.0140348
0.0140299
0.0140249
0.0140201
0.0140152
0.0140104
0.0140056
0.0140008
0.0139961
0.0139914
0.0139867
0.0139821
0.0139774
0.0139729
0.0139683
0.0139638
0.0139593
0.0139548
0.0139504
0.0139459
0.0139416
0.0139372
0.0139329
0.0139286
0.0139243
0.01392
0.0139158
0.0139116
0.0139074
0.0139033
0.0138992
0.0138951
0.013891
0.013887
0.013883
0.013879
0.013875
0.0138711
0.0138672
0.0138633
0.0138594
0.0138556
0.0138518
0.013848
0.0138442
0.0138405
0.0138368
0.0138331
0.0138294
0.0138258
0.0138222
0.0138186
0.013815
0.0138114
0.0138079
0.0138044
0.0138009
0.0137975
0.013794
0.0137906
0.0137872
0.0137839
0.0137805
0.0137772
0.0137739
0.0137706
0.0137674
0.0137641
0.0137609
0.0137577
0.0137546
0.0137514
0.0137483
0.0137452
0.0137421
0.013739
0.013736
0.0137329
0.0137299
0.0137269
0.013724
0.013721
0.0137181
0.0137152
0.0137123
0.0137094
0.0137066
0.0137038
0.0137009
0.0136981
0.0136954
0.0136926
0.0136899
0.0136872
0.0136845
0.0136818
0.0136791
0.0136765
0.0136738
0.0136712
0.0136686
0.0136661
0.0136635
0.013661
0.0136585
0.013656
0.0136535
0.013651
0.0136485
0.0136461
0.0136437
0.0136413
0.0136389
0.0136365
0.0136342
0.0136318
0.0136295
0.0136272
0.0136249
0.0136226
0.0136204
0.0136181
0.0136159
0.0136137
0.0136115
0.0136093
0.0136072
0.013605
0.0136029
0.0136008
0.0135987
0.0135966
0.0135945
0.0135924
0.0135904
0.0135883
0.0135863
0.0135843
0.0135823
0.0135804
0.0135784
0.0135764
0.0135745
0.0135726
0.0135707
0.0135688
0.0135669
0.013565
0.0135632
0.0135613
0.0135595
0.0135577
0.0135559
0.0135541
0.0135523
0.0135506
0.0135488
0.0135471
0.0135454
0.0135436
0.0135419
0.0135402
0.0135386
0.0135369
0.0135353
0.0135336
0.013532
0.0135304
0.0135288
0.0135272
0.0135256
0.013524
0.0135225
0.0135209
0.0135194
0.0135178
0.0135163
0.0135148
0.0135133
0.0135118
0.0135104
0.0135089
0.0135075
0.013506
0.0135046
0.0135032
0.0135018
0.0135004
0.013499
0.0134976
0.0134962
0.0134949
0.0134935
0.0134922
0.0134909
0.0134896
0.0134883
0.013487
0.0134857
0.0134844
0.0134831
0.0134819
0.0134806
0.0134794
0.0134781
0.0134769
0.0134757
0.0134745
0.0134733
0.0134721
0.0134709
0.0134698
0.0134686
0.0134675
0.0134663
0.0134652
0.0134641
0.0134629
0.0134618
0.0134607
0.0134596
0.0134586
0.0134575
0.0134564
0.0134554
0.0134543
0.0134533
0.0134522
0.0134512
0.0134502
0.0134492
0.0134482
0.0134472
0.0134462
0.0134452
0.0134442
0.0134433
0.0134423
0.0134414
0.0134404
0.0134395
0.0134386
0.0134376
0.0134367
0.0134358
0.0134349
0.013434
0.0134331
0.0134322
0.0134314
0.0134305
0.0134296
0.0134288
0.0134279
0.0134271
0.0134263
0.0134254
0.0134246
0.0134238
0.013423
0.0134222
0.0134214
0.0134206
0.0134198
0.0134191
0.0134183
0.0134175
0.0134168
0.013416
0.0134153
0.0134145
0.0134138
0.0134131
0.0134124
0.0134116
0.0134109
0.0134102
0.0134095
0.0134088
0.0134081
0.0134075
0.0134068
0.0134061
0.0134054
0.0134048
0.0134041
0.0134035
0.0134028
0.0134022
0.0134016
0.0134009
0.0134003
0.0133997
0.0133991
0.0133985
0.0133978
0.0133972
0.0133967
0.0133961
0.0133955
0.0133949
0.0133943
0.0133937
0.0133932
0.0133926
0.0133921
0.0133915
0.013391
0.0133904
0.0133899
0.0133893
0.0133888
0.0133883
0.0133878
0.0133873
0.0133867
0.0133862
0.0133857
0.0133852
0.0133847
0.0133842
0.0133838
0.0133833
0.0133828
0.0133823
0.0133818
0.0133814
0.0133809
0.0133804
0.01338
0.0133795
0.0133791
0.0133786
0.0133782
0.0133778
0.0133773
0.0133769
0.0133765
0.0133761
0.0133756
0.0133752
0.0133748
0.0133744
0.013374
0.0133736
0.0133732
0.0133728
0.0133724
0.013372
0.0133716
0.0133713
0.0133709
0.0133705
0.0133701
0.0133698
0.0133694
0.013369
0.0133687
0.0133683
0.013368
0.0133676
0.0133673
0.0133669
0.0133666
0.0133663
0.0133659
0.0133656
0.0133653
0.0133649
0.0133646
0.0133643
0.013364
0.0133637
0.0133634
0.0133631
0.0133628
0.0133624
0.0133621
0.0133619
0.0133616
0.0133613
0.013361
0.0133607
0.0133604
0.0133601
0.0133598
0.0133596
0.0133593
0.013359
0.0133588
0.0133585
0.0133582
0.013358
0.0133577
0.0133574
0.0133572
0.0133569
0.0133567
0.0133564
0.0133562
0.0133559
0.0133557
0.0133555
0.0133552
0.013355
0.0133548
0.0133545
0.0133543
0.0133541
0.0133539
0.0133536
0.0133534
0.0133532
0.013353
0.0133528
0.0133526
0.0133523
0.0133521
0.0133519
0.0133517
0.0133515
0.0133513
0.0133511
0.0133509
0.0133507
0.0133506
0.0133504
0.0133502
0.01335
0.0133498
0.0133496
0.0133494
0.0133493
0.0133491
0.0133489
0.0133487
0.0133486
0.0133484
0.0133482
0.013348
0.0133479
0.0133477
0.0133476
0.0133474
0.0133472
0.0133471
0.0133469
0.0133468
0.0133466
0.0133465
0.0133463
0.0133462
0.013346
0.0133459
0.0133457
0.0133456
0.0133454
0.0133453
0.0133452
0.013345
0.0133449
0.0133448
0.0133446
0.0133445
0.0133444
0.0133442
0.0133441
0.013344
0.0133439
0.0133437
0.0133436
0.0133435
0.0133434
0.0133433
0.0133431
0.013343
0.0133429
0.0133428
0.0133427
0.0133426
0.0133425
0.0133424
0.0133422
0.0133421
0.013342
0.0133419
0.0133418
0.0133417
0.0133416
0.0133415
0.0133414
0.0133413
0.0133412
0.0133411
0.013341
0.0133409
0.0133409
0.0133408
0.0133407
0.0133406
0.0133405
0.0133404
0.0133403
0.0133402
0.0133402
0.0133401
0.01334
0.0133399
0.0133398
0.0133398
0.0133397
0.0133396
0.0133395
0.0133394
0.0133394
0.0133393
0.0133392
0.0133392
0.0133391
0.013339
0.0133389
0.0133389
0.0133388
0.0133387
0.0133387
0.0133386
0.0133385
0.0133385
0.0133384
0.0133384
0.0133383
0.0133382
0.0133382
0.0133381
0.0133381
0.013338
0.0133379
0.0133379
0.0133378
0.0133378
0.0133377
0.0133377
0.0133376
0.0133376
0.0133375
0.0133375
0.0133374
0.0133374
0.0133373
0.0133373
0.0133372
0.0133372
0.0133371
0.0133371
0.013337
0.013337
0.0133369
0.0133369
0.0133369
0.0133368
0.0133368
0.0133367
0.0133367
0.0133367
0.0133366
0.0133366
0.0133365
0.0133365
0.0133365
0.0133364
0.0133364
0.0133364
0.0133363
0.0133363
0.0133363
0.0133362
0.0133362
0.0133362
0.0133361
0.0133361
0.0133361
0.013336
0.013336
0.013336
0.013336
0.0133359
0.0133359
0.0133359
0.0133359
0.0133358
0.0133358
0.0133358
0.0133358
0.0133357
0.0133357
0.0133357
0.0133357
0.0133356
0.0133356
0.0133356
0.0133356
0.0133356
0.0133355
0.0133355
0.0133355
0.0133355
0.0133355
0.0133354
0.0133354
0.0133354
0.0133354
0.0133354
0.0133354
0.0133353
0.0133353
0.0133353
0.0133353
0.0133353
0.0133353
0.0133352
0.0133352
0.0133352
0.0133352
0.0133352
0.0133352
0.0133352
0.0133352
0.0133352
0.0133351
0.0133351
0.0133351
0.0133351
0.0133351
0.0133351
0.0133351
0.0133351
0.0133351
0.0133351
0.013335
0.013335
0.013335
0.013335
0.013335
0.013335
0.013335
0.013335
0.013335
0.013335
0.013335
0.013335
0.013335
0.013335
0.013335
0.013335
0.013335
0.013335
0.013335
0.013335
0.013335
0.0133349
0.0133349
0.0133349
0.0133349
0.0133349
0.0133349
0.0133349
0.0133349
0.0133349
0.0133349
0.0133349
0.0133349
0.0133349
0.0133349
0.0133349
0.0133349
0.0133349
0.0133349
0.0133349
0.0133349
0.0133349
0.013335
0.013335
0.013335
0.013335
0.013335
0.013335
0.013335
0.013335
0.013335
0.013335
0.013335
0.013335
0.013335
0.013335
0.013335
0.013335
0.013335
0.013335
0.013335
0.013335
0.013335
0.013335
0.013335
0.0133351
0.0133351
0.0133351
0.0133351
0.0133351
0.0133351
0.0133351
0.0133351
0.0133351
0.0133351
0.0133351
0.0133351
0.0133351
0.0133351
0.0133352
0.0133352
0.0133352
0.0133352
0.0133352
0.0133352
0.0133352
0.0133352
0.0133352
0.0133352
0.0133352
0.0133352
0.0133353
0.0133353
0.0133353
0.0133353
0.0133353
0.0133353
0.0133353
0.0133353
0.0133353
0.0133353
0.0133354
0.0133354
0.0133354
0.0133354
0.0133354
0.0133354
0.0133354
0.0133354
0.0133354
0.0133355
0.0133355
0.0133355
0.0133355
0.0133355
0.0133355
0.0133355
0.0133355
0.0133356
0.0133356
0.0133356
0.0133356
0.0133356
0.0133356
0.0133356
0.0133356
0.0133357
0.0133357
0.0133357
0.0133357
0.0133357
0.0133357
0.0133357
0.0133357
0.0133358
0.0133358
0.0133358
0.0133358
0.0133358
0.0133358
0.0133358
0.0133359
0.0133359
0.0133359
0.0133359
0.0133359
0.0133359
0.0133359
0.0133359
0.013336
0.013336
0.013336
0.013336
0.013336
0.013336
0.013336
0.0133361
0.0133361
0.0133361
0.0133361
0.0133361
0.0133361
0.0133362
0.0133362
0.0133362
0.0133362
0.0133362
0.0133362
0.0133362
0.0133363
0.0133363
0.0133363
0.0133363
0.0133363
0.0133363
0.0133364
0.0133364
0.0133364
0.0133364
0.0133364
0.0133364
0.0133364
0.0133365
0.0133365
0.0133365
0.0133365
0.0133365
0.0133365
0.0133366
0.0133366
0.0133366
0.0133366
0.0133366
0.0133366
0.0133366
0.0133367
0.0133367
0.0133367
0.0133367
0.0133367
0.0133367
0.0133368
0.0133368
0.0133368
0.0133368
0.0133368
0.0133368
0.0133369
0.0133369
0.0133369
0.0133369
0.0133369
0.0133369
0.013337
0.013337
0.013337
0.013337
0.013337
0.013337
0.0133371
0.0133371
0.0133371
0.0133371
0.0133371
0.0133371
0.0133372
0.0133372
0.0133372
0.0133372
0.0133372
0.0133372
0.0133373
0.0133373
0.0133373
0.0133373
0.0133373
0.0133373
0.0133374
0.0133374
0.0133374
0.0133374
0.0133374
0.0133374
0.0133375
0.0133375
0.0133375
0.0133375
0.0133375
0.0133375
0.0133376
0.0133376
0.0133376
0.0133376
0.0133376
0.0133376
0.0133377
0.0133377
0.0133377
0.0133377
0.0133377
0.0133377
0.0133378
0.0133378
0.0133378
0.0133378
0.0133378
0.0133378
0.0133379
0.0133379
0.0133379
0.0133379
0.0133379
0.0133379
0.013338
0.013338
0.013338
0.013338
0.013338
0.013338
0.0133381
0.0133381
0.0133381
0.0133381
0.0133381
0.0133381
0.0133382
0.0133382
0.0133382
0.0133382
0.0133382
0.0133382
0.0133383
0.0133383
0.0133383
0.0133383
0.0133383
0.0133383
0.0133384
0.0133384
0.0133384
0.0133384
0.0133384
0.0133384
0.0133385
0.0133385
0.0133385
0.0133385
0.0133385
0.0133385
0.0133386
0.0133386
0.0133386
0.0133386
0.0133386
0.0133386
0.0133387
0.0133387
0.0133387
0.0133387
0.0133387
0.0133387
0.0133388
0.0133388
0.0133388
0.0133388
0.0133388
0.0133388
0.0133389
0.0133389
0.0133389
0.0133389
0.0133389
0.0133389
0.013339
0.013339
0.013339
0.013339
0.013339
0.013339
0.013339
0.0133391
0.0133391
0.0133391
0.0133391
0.0133391
0.0133391
0.0133392
0.0133392
0.0133392
0.0133392
0.0133392
0.0133392
0.0133393
0.0133393
0.0133393
0.0133393
0.0133393
0.0133393
0.0133393
0.0133394
0.0133394
0.0133394
0.0133394
0.0133394
0.0133394
0.0133395
0.0133395
0.0133395
0.0133395
0.0133395
0.0133395
0.0133395
0.0133396
0.0133396
0.0133396
0.0133396
0.0133396
0.0133396
0.0133397
0.0133397
0.0133397
0.0133397
0.0133397
0.0133397
0.0133397
0.0133398
0.0133398
0.0133398
0.0133398
0.0133398
0.0133398
0.0133398
0.0133399
0.0133399
0.0133399
0.0133399
0.0133399
0.0133399
0.01334
0.01334
0.01334
0.01334
0.01334
0.01334
0.01334
0.0133401
0.0133401
0.0133401
0.0133401
0.0133401
0.0133401
0.0133401
0.0133402
0.0133402
0.0133402
0.0133402
0.0133402
0.0133402
0.0133402
0.0133403
0.0133403
0.0133403
0.0133403
0.0133403
0.0133403
0.0133403
0.0133403
0.0133404
0.0133404
0.0133404
0.0133404
0.0133404
0.0133404
0.0133404
0.0133405
0.0133405
0.0133405
0.0133405
0.0133405
0.0133405
0.0133405
0.0133406
0.0133406
0.0133406
0.0133406
0.0133406
0.0133406
0.0133406
0.0133406
0.0133407
0.0133407
0.0133407
0.0133407
0.0133407
0.0133407
0.0133407
0.0133408
0.0133408
0.0133408
0.0133408
0.0133408
0.0133408
0.0133408
0.0133408
0.0133409
0.0133409
0.0133409
0.0133409
0.0133409
0.0133409
0.0133409
0.0133409
0.013341
0.013341
0.013341
0.013341
0.013341
0.013341
0.013341
0.013341
0.0133411
0.0133411
0.0133411
0.0133411
0.0133411
0.0133411
0.0133411
0.0133411
0.0133411
0.0133412
0.0133412
0.0133412
0.0133412
0.0133412
0.0133412
0.0133412
0.0133412
0.0133413
0.0133413
0.0133413
0.0133413
0.0133413
0.0133413
0.0133413
0.0133413
0.0133413
0.0133414
0.0133414
0.0133414
0.0133414
0.0133414
0.0133414
0.0133414
0.0133414
0.0133414
0.0133415
0.0133415
0.0133415
0.0133415
0.0133415
0.0133415
0.0133415
0.0133415
0.0133415
0.0133416
0.0133416
0.0133416
0.0133416
0.0133416
0.0133416
0.0133416
0.0133416
0.0133416
0.0133417
0.0133417
0.0133417
0.0133417
0.0133417
0.0133417
0.0133417
0.0133417
0.0133417
0.0133418
0.0133418
0.0133418
0.0133418
0.0133418
0.0133418
0.0133418
0.0133418
0.0133418
0.0133418
0.0133419
0.0133419
0.0133419
0.0133419
0.0133419
0.0133419
0.0133419
0.0133419
0.0133419
0.0133419
0.013342
0.013342
0.013342
0.013342
0.013342
0.013342
0.013342
0.013342
0.013342
0.013342
0.013342
0.0133421
0.0133421
0.0133421
0.0133421
0.0133421
0.0133421
0.0133421
0.0133421
0.0133421
0.0133421
0.0133421
0.0133422
0.0133422
0.0133422
0.0133422
0.0133422
0.0133422
0.0133422
0.0133422
0.0133422
0.0133422
0.0133422
0.0133423
0.0133423
0.0133423
0.0133423
0.0133423
0.0133423
0.0133423
0.0133423
0.0133423
0.0133423
0.0133423
0.0133424
0.0133424
0.0133424
0.0133424
0.0133424
0.0133424
0.0133424
0.0133424
0.0133424
0.0133424
0.0133424
0.0133424
0.0133425
0.0133425
0.0133425
0.0133425
0.0133425
0.0133425
0.0133425
0.0133425
0.0133425
0.0133425
0.0133425
0.0133425
0.0133425
0.0133426
0.0133426
0.0133426
0.0133426
0.0133426
0.0133426
0.0133426
0.0133426
0.0133426
0.0133426
0.0133426
0.0133426
0.0133426
0.0133427
0.0133427
0.0133427
0.0133427
0.0133427
0.0133427
0.0133427
0.0133427
0.0133427
0.0133427
0.0133427
0.0133427
0.0133427
0.0133427
0.0133428
0.0133428
0.0133428
0.0133428
0.0133428
0.0133428
0.0133428
0.0133428
0.0133428
0.0133428
0.0133428
0.0133428
0.0133428
0.0133428
0.0133429
0.0133429
0.0133429
0.0133429
0.0133429
0.0133429
0.0133429
0.0133429
0.0133429
0.0133429
0.0133429
0.0133429
0.0133429
0.0133429
0.0133429
0.013343
0.013343
0.013343
0.013343
0.013343
0.013343
0.013343
0.013343
0.013343
0.013343
0.013343
0.013343
0.013343
0.013343
0.013343
0.013343
0.0133431
0.0133431
0.0133431
0.0133431
0.0133431
0.0133431
0.0133431
0.0133431
0.0133431
0.0133431
0.0133431
0.0133431
0.0133431
0.0133431
0.0133431
0.0133431
0.0133431
0.0133432
0.0133432
0.0133432
0.0133432
0.0133432
0.0133432
0.0133432
0.0133432
0.0133432
0.0133432
0.0133432
0.0133432
0.0133432
0.0133432
0.0133432
0.0133432
0.0133432
0.0133432
0.0133433
0.0133433
0.0133433
0.0133433
0.0133433
0.0133433
0.0133433
0.0133433
0.0133433
0.0133433
0.0133433
0.0133433
0.0133433
0.0133433
0.0133433
0.0133433
0.0133433
0.0133433
0.0133433
0.0133433
0.0133434
0.0133434
0.0133434
0.0133434
0.0133434
0.0133434
0.0133434
0.0133434
0.0133434
0.0133434
0.0133434
0.0133434
0.0133434
0.0133434
0.0133434
0.0133434
0.0133434
0.0133434
0.0133434
0.0133434
0.0133434
0.0133435
0.0133435
0.0133435
0.0133435
0.0133435
0.0133435
0.0133435
0.0133435
0.0133435
0.0133435
0.0133435
0.0133435
0.0133435
0.0133435
0.0133435
0.0133435
0.0133435
0.0133435
0.0133435
0.0133435
0.0133435
0.0133435
0.0133435
0.0133435
0.0133436
0.0133436
0.0133436
0.0133436
0.0133436
0.0133436
0.0133436
0.0133436
0.0133436
0.0133436
0.0133436
0.0133436
0.0133436
0.0133436
0.0133436
0.0133436
0.0133436
0.0133436
0.0133436
0.0133436
0.0133436
0.0133436
0.0133436
0.0133436
0.0133436
0.0133437
0.0133437
0.0133437
0.0133437
0.0133437
0.0133437
0.0133437
0.0133437
0.0133437
0.0133437
0.0133437
0.0133437
0.0133437
0.0133437
0.0133437
0.0133437
0.0133437
0.0133437
0.0133437
0.0133437
0.0133437
0.0133437
0.0133437
0.0133437
0.0133437
0.0133437
0.0133437
0.0133437
0.0133437
0.0133438
0.0133438
0.0133438
0.0133438
0.0133438
0.0133438
0.0133438
0.0133438
0.0133438
0.0133438
0.0133438
0.0133438
0.0133438
0.0133438
0.0133438
0.0133438
0.0133438
0.0133438
0.0133438
0.0133438
0.0133438
0.0133438
0.0133438
0.0133438
0.0133438
0.0133438
0.0133438
0.0133438
0.0133438
0.0133438
0.0133438
0.0133438
0.0133438
0.0133439
0.0133439
0.0133439
0.0133439
0.0133439
0.0133439
0.0133439
0.0133439
0.0133439
0.0133439
0.0133439
0.0133439
0.0133439
0.0133439
0.0133439
0.0133439
0.0133439
0.0133439
0.0133439
0.0133439
0.0133439
0.0133439
0.0133439
0.0133439
0.0133439
0.0133439
0.0133439
0.0133439
0.0133439
0.0133439
0.0133439
0.0133439
0.0133439
0.0133439
0.0133439
0.0133439
0.0133439
0.0133439
0.013344
0.013344
0.013344
0.013344
0.013344
0.013344
0.013344
0.013344
0.013344
0.013344
0.013344
0.013344
0.013344
0.013344
0.013344
0.013344
0.013344
0.013344
0.013344
0.013344
0.013344
0.013344
0.013344
0.013344
0.013344
0.013344
0.013344
0.013344
0.013344
0.013344
0.013344
0.013344
0.013344
0.013344
0.013344
0.013344
0.013344
0.013344
0.013344
0.013344
0.013344
0.013344
0.013344
0.013344
0.013344
0.013344
0.0133441
0.0133441
0.0133441
0.0133441
0.0133441
0.0133441
0.0133441
0.0133441
0.0133441
0.0133441
0.0133441
0.0133441
0.0133441
0.0133441
0.0133441
0.0133441
0.0133441
0.0133441
0.0133441
0.0133441
0.0133441
0.0133441
0.0133441
0.0133441
0.0133441
0.0133441
0.0133441
0.0133441
0.0133441
0.0133441
0.0133441
0.0133441
0.0133441
0.0133441
0.0133441
0.0133441
0.0133441
0.0133441
0.0133441
0.0133441
0.0133441
0.0133441
0.0133441
0.0133441
0.0133441
0.0133441
0.0133441
0.0133441
0.0133441
0.0133441
0.0133441
0.0133441
0.0133441
0.0133441
0.0133441
0.0133441
0.0133441
0.0133441
0.0133442
0.0133442
0.0133442
0.0133442
0.0133442
0.0133442
0.0133442
0.0133442
0.0133442
0.0133442
0.0133442
0.0133442
0.0133442
0.0133442
0.0133442
0.0133442
0.0133442
0.0133442
0.0133442
0.0133442
0.0133442
0.0133442
0.0133442
0.0133442
0.0133442
0.0133442
0.0133442
0.0133442
0.0133442
0.0133442
0.0133442
0.0133442
0.0133442
0.0133442
0.0133442
0.0133442
0.0133442
0.0133442
0.0133442
0.0133442
0.0133442
0.0133442
0.0133442
0.0133442
0.0133442
0.0133442
0.0133442
0.0133442
0.0133442
0.0133442
0.0133442
0.0133442
0.0133442
0.0133442
0.0133442
0.0133442
0.0133442
0.0133442
0.0133442
0.0133442
0.0133442
0.0133442
0.0133442
0.0133442
0.0133442
0.0133442
0.0133442
0.0133442
0.0133442
0.0133442
0.0133442
0.0133442
0.0133442
0.0133442
0.0133442
0.0133442
0.0133442
0.0133442
0.0133442
0.0133442
0.0133443
0.0133443
0.0133443
0.0133443
0.0133443
0.0133443
0.0133443
0.0133443
0.0133443
0.0133443
0.0133443
0.0133443
0.0133443
0.0133443
0.0133443
0.0133443
0.0133443
0.0133443
0.0133443
0.0133443
0.0133443
0.0133443
0.0133443
0.0133443
0.0133443
0.0133443
0.0133443
0.0133443
0.0133443
0.0133443
0.0133443
0.0133443
0.0133443
0.0133443
0.0133443
0.0133443
0.0133443
0.0133443
0.0133443
0.0133443
0.0133443
0.0133443
0.0133443
0.0133443
0.0133443
0.0133443
0.0133443
0.0133443
0.0133443
0.0133443
0.0133443
0.0133443
0.0133443
0.0133443
0.0133443
0.0133443
0.0133443
0.0133443
0.0133443
0.0133443
0.0133443
0.0133443
0.0133443
0.0133443
0.0133443
0.0133443
0.0133443
0.0133443
0.0133443
0.0133443
0.0133443
0.0133443
0.0133443
0.0133443
0.0133443
0.0133443
0.0133443
0.0133443
0.0133443
0.0133443
0.0133443
0.0133443
0.0133443
0.0133443
0.0133443
0.0133443
0.0133443
0.0133443
0.0133443
0.0133443
0.0133443
0.0133443
0.0133443
0.0133443
0.0133443
0.0133443
0.0133443
0.0133443
0.0133443
0.0133443
0.0133443
0.0133443
0.0133443
0.0133443
0.0133443
0.0133443
0.0133443
0.0133443
0.0133443
0.0133443
0.0133443
0.0133443
0.0133443
0.0133443
0.0133443
0.0133443
0.0133443
0.0133443
0.0133443
0.0133443
0.0133443
0.0133443
0.0133443
0.0133443
0.0133443
0.0133443
0.0133443
0.0133443
0.0133443
0.0133443
0.0133444
0.0133444
0.0133444
0.0133444
0.0133444
0.0133444
0.0133444
0.0133444
0.0133444
0.0133444
0.0133444
0.0133444
0.0133444
0.0133444
0.0133444
0.0133444
0.0133444
0.0133444
0.0133444
0.0133444
0.0133444
0.0133444
0.0133444
0.0133444
0.0133444
0.0133444
0.0133444
0.0133444
0.0133444
0.0133444
0.0133444
0.0133444
0.0133444
0.0133444
0.0133444
0.0133444
0.0133444
0.0133444
0.0133444
0.0133444
0.0133444
0.0133444
0.0133444
0.0133444
0.0133444
0.0133444
0.0133444
0.0133444
0.0133444
0.0133444
0.0133444
0.0133444
0.0133444
0.0133444
0.0133444
0.0133444
0.0133444
0.0133444
0.0133444
0.0133444
0.0133444
0.0133444
0.0133444
0.0133444
0.0133444
0.0133444
0.0133444
0.0133444
0.0133444
0.0133444
0.0133444
0.0133444
0.0133444
0.0133444
0.0133444
0.0133444
0.0133444
0.0133444
0.0133444
0.0133444
0.0133444
0.0133444
0.0133444
0.0133444
0.0133444
0.0133444
0.0133444
0.0133444
0.0133444
0.0133444
0.0133444
0.0133444
0.0133444
0.0133444
0.0133444
0.0133444
0.0133444
0.0133444
0.0133444
0.0133444
0.0133444
0.0133444
0.0133444
0.0133444
0.0133444
0.0133444
0.0133444
0.0133444
0.0133444
0.0133444
0.0133444
0.0133444
0.0133444
0.0133444
0.0133444
0.0133444
0.0133444
0.0133444
0.0133444
0.0133444
0.0133444
0.0133444
0.0133444
0.0133444
0.0133444
0.0133444
0.0133444
0.0133444
0.0133444
0.0133444
0.0133444
0.0133444
0.0133444
0.0133444
0.0133444
0.0133444
0.0133444
0.0133444
0.0133444
0.0133444
0.0133444
0.0133444
0.0133444
0.0133444
0.0133444
0.0133444
0.0133444
0.0133444
0.0133444
0.0133444
0.0133444
0.0133444
0.0133444
0.0133444
0.0133444
0.0133444
0.0133444
0.0133444
0.0133444
0.0133444
0.0133444
0.0133444
0.0133444
0.0133444
0.0133444
0.0133444
0.0133444
0.0133444
0.0133444
0.0133444
0.0133444
0.0133444
0.0133444
0.0133444
0.0133444
0.0133444
0.0133444
0.0133444
0.0133444
0.0133444
0.0133444
0.0133444
0.0133444
0.0133444
0.0133444
0.0133444
0.0133444
0.0133444
0.0133444
0.0133444
0.0133444
0.0133444
0.0133444
0.0133444
0.0133444
0.0133444
0.0133444
0.0133444
0.0133444
0.0133444
0.0133444
0.0133444
0.0133444
0.0133444
0.0133444
0.0133444
0.0133444
0.0133444
0.0133444
0.0133444
0.0133444
0.0133444
0.0133444
0.0133444
0.0133444
0.0133444
0.0133444
0.0133444
0.0133444
0.0133444
0.0133444
0.0133444
0.0133444
0.0133444
0.0133444
0.0133444
0.0133444
0.0133444
0.0133444
0.0133444
0.0133444
0.0133444
0.0133444
0.0133444
0.0133444
0.0133444
0.0133444
0.0133444
0.0133444
0.0133444
0.0133444
0.0133444
0.0133444
0.0133444
0.0133444
0.0133444
0.0133444
0.0133444
0.0133444
0.0133444
0.0133444
0.0133444
0.0133444
0.0133444
0.0133444
0.0133444
0.0133444
0.0133444
0.0133444
0.0133444
0.0133444
0.0133444
0.0133444
0.0133444
0.0133444
0.0133444
0.0133444
0.0133444
0.0133444
0.0133444
0.0133444
0.0133444
0.0133444
0.0133444
0.0133444
0.0133444
0.0133444
0.0133444
0.0133444
0.0133444
0.0133444
0.0133444
0.0133444
0.0133444
0.0133444
0.0133444
0.0133444
0.0133444
0.0133444
0.0133444
0.0133444
0.0133444
0.0133444
0.0133444
0.0133444
0.0133444
0.0133444
0.0133444
0.0133444
0.0133444
0.0133444
0.0133444
0.0133444
0.0133444
0.0133444
0.0133444
0.0133444
0.0133444
0.0133444
0.0133444
0.0133444
0.0133444
0.0133444
0.0133444
0.0133444
0.0133444
0.0133444
0.0133444
0.0133444
0.0133444
0.0133444
0.0133444
0.0133444
0.0133444
0.0133444
0.0133444
0.0133444
0.0133444
0.0133444
0.0133444
0.0133444
0.0133444
0.0133444
0.0133444
0.0133444
0.0133444
0.0133444
0.0133444
0.0133444
0.0133444
0.0133444
0.0133444
0.0133444
0.0133444
0.0133444
0.0133444
0.0133444
0.0133444
0.0133444
0.0133444
0.0133444
0.0133444
0.0133444
0.0133444
0.0133444
0.0133444
0.0133444
0.0133444
0.0133444
0.0133444
0.0133444
0.0133444
0.0133444
0.0133444
0.0133444
0.0133444
0.0133444
0.0133444
0.0133444
0.0133444
0.0133444
0.0133444
0.0133444
0.0133444
0.0133444
0.0133444
0.0133444
0.0133444
0.0133444
0.0133444
0.0133444
0.0133444
0.0133444
0.0133444
0.0133444
0.0133444
0.0133444
0.0133444
0.0133444
0.0133444
0.0133444
0.0133444
0.0133444
0.0133444
0.0133444
0.0133444
0.0133444
0.0133444
0.0133444
0.0133444
0.0133444
0.0133444
0.0133444
0.0133444
0.0133444
0.0133444
0.0133444
0.0133444
0.0133444
0.0133444
0.0133444
0.0133444
0.0133444
0.0133444
0.0133444
0.0133444
0.0133444
0.0133444
0.0133444
0.0133444
0.0133444
0.0133444
0.0133444
0.0133444
0.0133444
0.0133444
0.0133444
0.0133444
0.0133444
0.0133444
0.0133444
0.0133444
0.0133444
0.0133444
0.0133444
0.0133444
0.0133444
0.0133444
0.0133444
0.0133444
0.0133444
0.0133444
0.0133444
0.0133444
0.0133444
0.0133444
0.0133444
0.0133444
0.0133444
0.0133444
0.0133444
0.0133444
0.0133444
0.0133444
0.0133444
0.0133444
0.0133444
0.0133444
0.0133444
0.0133444
0.0133444
0.0133444
0.0133444
0.0133444
0.0133444
0.0133444
0.0133444
0.0133444
0.0133444
0.0133444
0.0133444
0.0133444
0.0133444
0.0133444
0.0133444
0.0133444
0.0133444
0.0133444
0.0133444
0.0133444
0.0133444
0.0133444
0.0133444
0.0133444
0.0133444
0.0133444
0.0133444
0.0133445
0.0133445
0.0133445
0.0133445
0.0133445
0.0133445
0.0133445
0.0133445
0.0133445
0.0133445
0.0133445
0.0133445
0.0133445
0.0133445
0.0133445
0.0133445
0.0133445
0.0133445
0.0133445
0.0133445
0.0133445
0.0133445
0.0133445
0.0133445
0.0133445
0.0133445
0.0133445
0.0133445
0.0133445
0.0133445
0.0133445
0.0133445
0.0133445
0.0133445
0.0133445
0.0133445
0.0133445
0.0133445
0.0133445
0.0133445
0.0133445
0.0133445
0.0133445
0.0133445
0.0133445
0.0133445
0.0133445
0.0133445
0.0133445
0.0133445
0.0133445
0.0133445
0.0133445
0.0133445
0.0133445
0.0133445
0.0133445
0.0133445
0.0133445
0.0133445
0.0133445
0.0133445
0.0133445
0.0133445
0.0133445
0.0133445
0.0133445
0.0133445
0.0133445
0.0133445
0.0133445
0.0133445
0.0133445
0.0133445
0.0133445
0.0133445
0.0133445
0.0133445
0.0133445
0.0133445
0.0133445
0.0133445
0.0133445
0.0133445
0.0133445
0.0133445
0.0133445
0.0133445
0.0133445
0.0133445
0.0133445
0.0133445
0.0133445
0.0133445
0.0133445
0.0133445
0.0133445
0.0133445
0.0133445
0.0133445
0.0133445
0.0133445
0.0133445
0.0133445
0.0133445
0.0133445
0.0133445
0.0133445
0.0133445
0.0133445
0.0133445
0.0133445
0.0133445
0.0133445
0.0133445
0.0133445
0.0133445
0.0133445
0.0133445
0.0133445
0.0133445
0.0133445
0.0133445
0.0133445
0.0133445
0.0133445
0.0133445
0.0133445
0.0133445
0.0133445
0.0133445
0.0133445
0.0133445
0.0133445
0.0133445
0.0133445
0.0133445
0.0133445
0.0133445
0.0133445
0.0133445
0.0133445
0.0133445
0.0133445
0.0133445
0.0133445
0.0133445
0.0133445
0.0133445
0.0133445
0.0133445
0.0133445
0.0133445
0.0133445
0.0133445
0.0133445
0.0133445
0.0133445
0.0133445
0.0133445
0.0133445
0.0133445
0.0133445
0.0133445
0.0133445
0.0133445
0.0133445
0.0133445
0.0133445
0.0133445
0.0133445
0.0133445
0.0133445
0.0133445
0.0133445
0.0133445
0.0133445
0.0133445
0.0133445
0.0133445
0.0133445
0.0133445
0.0133445
0.0133445
0.0133445
0.0133445
0.0133445
0.0133445
0.0133445
0.0133445
0.0133445
0.0133445
0.0133445
0.0133445
0.0133445
0.0133445
0.0133445
0.0133445
0.0133445
0.0133445
0.0133445
0.0133445
0.0133445
0.0133445
0.0133445
0.0133445
0.0133445
0.0133445
0.0133445
0.0133445
0.0133445
0.0133445
0.0133445
0.0133445
0.0133445
0.0133445
0.0133445
0.0133445
0.0133445
0.0133445
0.0133445
0.0133445
0.0133445
0.0133445
0.0133445
0.0133445
0.0133445
0.0133445
0.0133445
0.0133445
0.0133445
0.0133445
0.0133445
0.0133445
0.0133445
0.0133445
0.0133445
0.0133445
0.0133445
0.0133445
0.0133445
0.0133445
0.0133445
0.0133445
0.0133445
0.0133445
0.0133445
0.0133445
0.0133445
0.0133445
0.0133445
0.0133445
0.0133445
0.0133445
0.0133445
0.0133445
0.0133445
0.0133445
0.0133445
0.0133445
0.0133445
0.0133445
0.0133445
0.0133445
0.0133445
0.0133445
0.0133445
0.0133445
0.0133445
0.0133445
0.0133445
0.0133445
0.0133445
0.0133445
0.0133445
0.0133445
0.0133445
0.0133445
0.0133445
0.0133445
0.0133445
0.0133445
0.0133445
0.0133445
0.0133445
0.0133445
0.0133445
0.0133445
0.0133445
0.0133445
0.0133445
0.0133445
0.0133445
0.0133445
0.0133445
0.0133445
0.0133445
0.0133445
0.0133445
0.0133445
0.0133445
0.0133445
0.0133445
0.0133445
0.0133445
0.0133445
0.0133445
0.0133445
0.0133445
0.0133445
0.0133445
0.0133445
0.0133445
0.0133445
0.0133445
0.0133445
0.0133445
0.0133445
0.0133445
0.0133445
0.0133445
0.0133445
0.0133445
0.0133445
0.0133445
0.0133445
0.0133445
0.0133445
0.0133445
0.0133445
0.0133445
0.0133445
0.0133445
0.0133445
0.0133445
0.0133445
0.0133445
0.0133445
0.0133445
0.0133445
0.0133445
0.0133445
0.0133445
0.0133445
0.0133445
0.0133445
0.0133445
0.0133445
0.0133445
0.0133445
0.0133445
0.0133445
0.0133445
0.0133445
0.0133445
0.0133445
0.0133445
0.0133445
0.0133445
0.0133445
0.0133445
0.0133445
0.0133445
0.0133445
0.0133445
0.0133445
0.0133445
0.0133445
0.0133445
0.0133445
0.0133445
0.0133445
0.0133445
0.0133445
0.0133445
0.0133445
0.0133445
0.0133445
0.0133445
0.0133445
0.0133445
0.0133445
0.0133445
0.0133445
0.0133445
0.0133445
0.0133445
0.0133445
0.0133445
0.0133445
0.0133445
0.0133445
0.0133445
0.0133445
0.0133445
0.0133445
0.0133445
0.0133445
0.0133445
0.0133445
0.0133445
0.0133445
0.0133445
0.0133445
0.0133445
0.0133445
0.0133445
0.0133445
0.0133445
0.0133445
0.0133445
0.0133445
0.0133445
0.0133445
0.0133445
0.0133445
0.0133445
0.0133445
0.0133445
0.0133445
0.0133445
0.0133445
0.0133445
0.0133445
0.0133445
0.0133445
0.0133445
0.0133445
0.0133445
0.0133445
0.0133445
0.0133445
0.0133445
0.0133445
0.0133445
0.0133445
0.0133445
0.0133445
0.0133445
0.0133445
0.0133445
0.0133445
0.0133445
0.0133445
0.0133445
0.0133445
0.0133445
0.0133445
0.0133445
0.0133445
0.0133445
0.0133445
0.0133445
0.0133445
0.0133445
0.0133445
0.0133445
0.0133445
0.0133445
0.0133445
0.0133445
0.0133445
0.0133445
0.0133445
0.0133445
0.0133445
0.0133445
0.0133445
0.0133445
0.0133445
0.0133445
0.0133445
0.0133445
0.0133445
0.0133445
0.0133445
0.0133445
0.0133445
0.0133445
0.0133445
0.0133445
0.0133445
0.0133445
0.0133445
0.0133445
0.0133445
0.0133445
0.0133445
0.0133445
0.0133445
0.0133445
0.0133445
0.0133445
0.0133445
0.0133445
0.0133445
0.0133445
0.0133445
0.0133445
0.0133445
0.0133445
0.0133445
0.0133445
0.0133445
0.0133445
0.0133445
0.0133445
0.0133445
0.0133445
0.0133445
0.0133445
0.0133445
0.0133445
0.0133445
0.0133445
0.0133445
0.0133445
0.0133445
0.0133445
0.0133445
0.0133445
0.0133445
0.0133445
0.0133445
0.0133445
0.0133445
0.0133445
0.0133445
0.0133445
0.0133445
0.0133445
0.0133445
0.0133445
0.0133445
0.0133445
0.0133445
0.0133445
0.0133445
0.0133445
0.0133445
0.0133445
0.0133445
0.0133445
0.0133445
0.0133445
0.0133445
0.0133445
0.0133445
0.0133445
0.0133445
0.0133445
0.0133445
0.0133445
0.0133445
0.0133445
0.0133445
0.0133445
0.0133445
0.0133445
0.0133445
0.0133445
0.0133445
0.0133445
0.0133445
0.0133445
0.0133445
0.0133445
0.0133445
0.0133445
0.0133445
0.0133445
0.0133445
0.0133445
0.0133445
0.0133445
0.0133445
0.0133445
0.0133445
0.0133445
0.0133445
0.0133445
0.0133445
0.0133445
0.0133445
0.0133445
0.0133445
0.0133445
0.0133445
0.0133445
0.0133445
0.0133445
0.0133445
0.0133445
0.0133445
0.0133445
0.0133445
0.0133445
0.0133445
0.0133445
0.0133445
0.0133445
0.0133445
0.0133445
0.0133445
0.0133445
0.0133445
0.0133445
0.0133445
0.0133445
0.0133445
0.0133445
0.0133445
0.0133445
0.0133445
0.0133445
0.0133445
0.0133445
0.0133445
0.0133445
0.0133445
0.0133445
0.0133445
0.0133445
0.0133445
0.0133445
0.0133445
0.0133445
0.0133445
0.0133445
0.0133445
0.0133445
0.0133445
0.0133445
0.0133445
0.0133445
0.0133445
0.0133445
0.0133445
0.0133445
0.0133445
0.0133445
0.0133445
0.0133445
0.0133445
0.0133445
0.0133445
0.0133445
0.0133445
0.0133445
0.0133445
0.0133445
0.0133445
0.0133445
0.0133445
0.0133445
0.0133445
0.0133445
0.0133445
0.0133445
0.0133445
0.0133445
0.0133445
0.0133445
0.0133445
0.0133445
0.0133445
0.0133445
0.0133445
0.0133445
0.0133445
0.0133445
0.0133445
0.0133445
0.0133445
0.0133445
0.0133445
0.0133445
0.0133445
0.0133445
0.0133445
0.0133445
0.0133445
0.0133445
0.0133445
0.0133445
0.0133445
0.0133445
0.0133445
0.0133445
0.0133445
0.0133445
0.0133445
0.0133445
0.0133445
0.0133445
0.0133445
0.0133445
0.0133445
0.0133445
0.0133445
0.0133445
0.0133445
0.0133445
0.0133445
0.0133445
0.0133445
0.0133445
0.0133445
0.0133445
0.0133445
0.0133445
0.0133445
0.0133445
0.0133445
0.0133445
0.0133445
0.0133445
0.0133445
0.0133445
0.0133445
0.0133445
0.0133445
0.0133445
0.0133445
0.0133445
0.0133445
0.0133445
0.0133445
0.0133445
0.0133445
0.0133445
0.0133445
0.0133445
0.0133445
0.0133445
0.0133445
0.0133445
0.0133445
0.0133445
0.0133445
0.0133445
0.0133445
0.0133445
0.0133445
0.0133445
0.0133445
0.0133445
0.0133445
0.0133445
0.0133445
0.0133445
0.0133445
0.0133445
0.0133445
0.0133445
0.0133445
0.0133445
0.0133445
0.0133445
0.0133445
0.0133445
0.0133445
0.0133445
0.0133445
0.0133445
0.0133445
0.0133445
0.0133445
0.0133445
0.0133445
0.0133445
0.0133445
0.0133445
0.0133445
0.0133445
0.0133445
0.0133445
0.0133445
0.0133445
0.0133445
0.0133445
0.0133445
0.0133445
0.0133445
0.0133445
0.0133445
0.0133445
0.0133445
0.0133445
0.0133445
0.0133445
0.0133445
0.0133445
0.0133445
0.0133445
0.0133445
0.0133445
0.0133445
0.0133445
0.0133445
0.0133445
0.0133445
0.0133445
0.0133445
0.0133445
0.0133445
0.0133445
0.0133445
0.0133445
0.0133445
0.0133445
0.0133445
0.0133445
0.0133445
0.0133445
0.0133445
0.0133445
0.0133445
0.0133445
0.0133445
0.0133445
0.0133445
0.0133445
0.0133445
0.0133445
0.0133445
0.0133445
0.0133445
0.0133445
0.0133445
0.0133445
0.0133445
0.0133445
0.0133445
0.0133445
0.0133445
0.0133445
0.0133445
0.0133445
0.0133445
0.0133445
0.0133445
0.0133445
0.0133445
0.0133445
0.0133445
0.0133445
0.0133445
0.0133445
0.0133445
0.0133445
0.0133445
0.0133445
0.0133445
0.0133445
0.0133445
0.0133445
0.0133445
0.0133445
0.0133445
0.0133445
0.0133445
0.0133445
0.0133445
0.0133445
0.0133445
0.0133445
0.0133445
0.0133445
0.0133445
0.0133445
0.0133445
0.0133445
0.0133445
0.0133445
0.0133445
0.0133445
0.0133445
0.0133445
0.0133445
0.0133445
0.0133445
0.0133445
0.0133445
0.0133445
0.0133445
0.0133445
0.0133445
0.0133445
0.0133445
0.0133445
0.0133445
0.0133445
0.0133445
0.0133445
0.0133445
0.0133445
0.0133445
0.0133445
0.0133445
0.0133445
0.0133445
0.0133445
0.0133445
0.0133445
0.0133445
0.0133445
0.0133445
0.0133445
0.0133445
0.0133445
0.0133445
0.0133445
0.0133445
0.0133445
0.0133445
0.0133445
0.0133445
0.0133445
0.0133445
0.0133445
0.0133445
0.0133445
0.0133445
0.0133445
0.0133445
0.0133445
0.0133445
0.0133445
0.0133445
0.0133445
0.0133445
0.0133445
0.0133445
0.0133445
0.0133445
0.0133445
0.0133445
0.0133445
0.0133445
0.0133445
0.0133445
0.0133445
0.0133445
0.0133445
0.0133445
0.0133445
0.0133445
0.0133445
0.0133445
0.0133445
0.0133445
0.0133445
0.0133445
0.0133445
0.0133445
0.0133445
0.0133445
0.0133445
0.0133445
0.0133445
0.0133445
0.0133445
0.0133445
0.0133445
0.0133445
0.0133445
0.0133445
0.0133445
0.0133445
0.0133445
0.0133445
0.0133445
0.0133445
0.0133445
0.0133445
0.0133445
0.0133445
0.0133445
0.0133445
0.0133445
0.0133445
0.0133445
0.0133445
0.0133445
0.0133445
0.0133445
0.0133445
0.0133445
0.0133445
0.0133445
0.0133445
0.0133445
0.0133445
0.0133445
0.0133445
0.0133445
0.0133445
0.0133445
0.0133445
0.0133445
0.0133445
0.0133445
0.0133445
0.0133445
0.0133445
0.0133445
0.0133445
0.0133445
0.0133445
0.0133445
0.0133445
0.0133445
0.0133445
0.0133445
0.0133445
0.0133445
0.0133445
0.0133445
0.0133445
0.0133445
0.0133445
0.0133445
0.0133445
0.0133445
0.0133445
0.0133445
0.0133445
0.0133445
0.0133445
0.0133445
0.0133445
0.0133445
0.0133445
0.0133445
0.0133445
0.0133445
0.0133445
0.0133445
0.0133445
0.0133445
0.0133445
0.0133445
0.0133445
0.0133445
0.0133445
0.0133445
0.0133445
0.0133445
0.0133445
0.0133445
0.0133445
0.0133445
0.0133445
0.0133445
0.0133445
0.0133445
0.0133445
0.0133445
0.0133445
0.0133445
0.0133445
0.0133445
0.0133445
0.0133445
0.0133445
0.0133445
0.0133445
0.0133445
0.0133445
0.0133445
0.0133445
0.0133445
0.0133445
0.0133445
0.0133445
0.0133445
0.0133445
0.0133445
0.0133445
0.0133445
0.0133445
0.0133445
0.0133445
0.0133445
0.0133445
0.0133445
0.0133445
0.0133445
0.0133445
0.0133445
0.0133445
0.0133445
0.0133445
0.0133445
0.0133445
0.0133445
0.0133445
0.0133445
0.0133445
0.0133445
0.0133445
0.0133445
0.0133445
0.0133445
0.0133445
0.0133445
0.0133445
0.0133445
0.0133445
0.0133445
0.0133445
0.0133445
0.0133445
0.0133445
0.0133445
0.0133445
0.0133445
0.0133445
0.0133445
0.0133445
0.0133445
0.0133445
0.0133445
0.0133445
0.0133445
0.0133445
0.0133445
0.0133445
0.0133445
0.0133445
0.0133445
0.0133445
0.0133445
0.0133445
0.0133445
0.0133445
0.0133445
0.0133445
0.0133445
0.0133445
0.0133445
0.0133445
0.0133445
0.0133445
0.0133445
0.0133445
0.0133445
0.0133445
0.0133445
0.0133445
0.0133445
0.0133445
0.0133445
0.0133445
0.0133445
0.0133445
0.0133445
0.0133445
0.0133445
0.0133445
0.0133445
0.0133445
0.0133445
0.0133445
0.0133445
0.0133445
0.0133445
0.0133445
0.0133445
0.0133445
0.0133445
0.0133445
0.0133445
0.0133445
0.0133445
0.0133445
0.0133445
0.0133445
0.0133445
0.0133445
0.0133445
0.0133445
0.0133445
0.0133445
0.0133445
0.0133445
0.0133445
0.0133445
0.0133445
0.0133445
0.0133445
0.0133445
0.0133445
0.0133445
0.0133445
0.0133445
0.0133445
0.0133445
0.0133445
0.0133445
0.0133445
0.0133445
0.0133445
0.0133445
0.0133445
0.0133445
0.0133445
0.0133445
0.0133445
0.0133445
0.0133445
0.0133445
0.0133445
0.0133445
0.0133445
0.0133445
0.0133445
0.0133445
0.0133445
0.0133445
0.0133445
0.0133445
0.0133445
0.0133445
0.0133445
0.0133445
0.0133445
0.0133445
0.0133445
0.0133445
0.0133445
0.0133445
0.0133445
0.0133445
0.0133445
0.0133445
0.0133445
0.0133445
0.0133445
0.0133445
0.0133445
0.0133445
0.0133445
0.0133445
0.0133445
0.0133445
0.0133445
0.0133445
0.0133445
0.0133445
0.0133445
0.0133445
0.0133445
0.0133445
0.0133445
0.0133445
0.0133445
0.0133445
0.0133445
0.0133445
0.0133445
0.0133445
0.0133445
0.0133445
0.0133445
0.0133445
0.0133445
0.0133445
0.0133445
0.0133445
0.0133445
0.0133445
0.0133445
0.0133445
0.0133445
0.0133445
0.0133445
0.0133445
0.0133445
0.0133445
0.0133445
0.0133445
0.0133445
0.0133445
0.0133445
0.0133445
0.0133445
0.0133445
0.0133445
0.0133445
0.0133445
0.0133445
0.0133445
0.0133445
0.0133445
0.0133445
0.0133445
0.0133445
0.0133445
0.0133445
0.0133445
0.0133445
0.0133445
0.0133445
0.0133445
0.0133445
0.0133445
0.0133445
0.0133445
0.0133445
0.0133445
0.0133445
0.0133445
0.0133445
0.0133445
0.0133445
0.0133445
0.0133445
0.0133445
0.0133445
0.0133445
0.0133445
0.0133445
0.0133445
0.0133445
0.0133445
0.0133445
0.0133445
0.0133445
0.0133445
0.0133445
0.0133445
0.0133445
0.0133445
0.0133445
0.0133445
0.0133445
0.0133445
0.0133445
0.0133445
0.0133445
0.0133445
0.0133445
0.0133445
0.0133445
0.0133445
0.0133445
0.0133445
0.0133445
0.0133445
0.0133445
0.0133445
0.0133445
0.0133445
0.0133445
0.0133445
0.0133445
0.0133445
0.0133445
0.0133445
0.0133445
0.0133445
0.0133445
0.0133445
0.0133445
0.0133445
0.0133445
0.0133445
0.0133445
0.0133445
0.0133445
0.0133445
0.0133445
0.0133445
0.0133445
0.0133445
0.0133445
0.0133445
0.0133445
0.0133445
0.0133445
0.0133445
0.0133445
0.0133445
0.0133445
0.0133445
0.0133445
0.0133445
0.0133445
0.0133445
0.0133445
0.0133445
0.0133445
0.0133445
0.0133445
0.0133445
0.0133445
0.0133445
0.0133445
0.0133445
0.0133445
0.0133445
0.0133445
0.0133445
0.0133445
0.0133445
0.0133445
0.0133445
0.0133445
0.0133445
0.0133445
0.0133445
0.0133445
0.0133445
0.0133445
0.0133445
0.0133445
0.0133445
0.0133445
0.0133445
0.0133445
0.0133445
0.0133445
0.0133445
0.0133445
0.0133445
0.0133445
0.0133445
0.0133445
0.0133445
0.0133445
0.0133445
0.0133445
0.0133445
0.0133445
0.0133445
0.0133445
0.0133445
0.0133445
0.0133445
0.0133445
0.0133445
0.0133445
0.0133445
0.0133445
0.0133445
0.0133445
0.0133445
0.0133445
0.0133445
0.0133445
0.0133445
0.0133445
0.0133445
0.0133445
0.0133445
0.0133445
0.0133445
0.0133445
0.0133445
0.0133445
0.0133445
0.0133445
0.0133445
0.0133445
0.0133445
0.0133445
0.0133445
0.0133445
0.0133445
0.0133445
0.0133445
0.0133445
0.0133445
0.0133445
0.0133445
0.0133445
0.0133445
0.0133445
0.0133445
0.0133445
0.0133445
0.0133445
0.0133445
0.0133445
0.0133445
0.0133445
0.0133445
0.0133445
0.0133445
0.0133445
0.0133445
0.0133445
0.0133445
0.0133445
0.0133445
0.0133445
0.0133445
0.0133445
0.0133445
0.0133445
0.0133445
0.0133445
0.0133445
0.0133445
0.0133445
0.0133445
0.0133445
0.0133445
0.0133445
0.0133445
0.0133445
0.0133445
0.0133445
0.0133445
0.0133445
0.0133445
0.0133445
0.0133445
0.0133445
0.0133445
0.0133445
0.0133445
0.0133445
0.0133445
0.0133445
0.0133445
0.0133445
0.0133445
0.0133445
0.0133445
0.0133445
0.0133445
0.0133445
0.0133445
0.0133445
0.0133445
0.0133445
0.0133445
0.0133445
0.0133445
0.0133445
0.0133445
0.0133445
0.0133445
0.0133445
0.0133445
0.0133445
0.0133445
0.0133445
0.0133445
0.0133445
0.0133445
0.0133445
0.0133445
0.0133445
0.0133445
0.0133445
0.0133445
0.0133445
0.0133445
0.0133445
0.0133445
0.0133445
0.0133445
0.0133445
0.0133445
0.0133445
0.0133445
0.0133445
0.0133445
0.0133445
0.0133445
0.0133445
0.0133445
0.0133445
0.0133445
0.0133445
0.0133445
0.0133445
0.0133445
0.0133445
0.0133445
0.0133445
0.0133445
0.0133445
0.0133445
0.0133445
0.0133445
0.0133445
0.0133445
0.0133445
0.0133445
0.0133445
0.0133445
0.0133445
0.0133445
0.0133445
0.0133445
0.0133445
0.0133445
0.0133445
0.0133445
0.0133445
0.0133445
0.0133445
0.0133445
0.0133445
0.0133445
0.0133445
0.0133445
0.0133445
0.0133445
0.0133445
0.0133445
0.0133445
0.0133445
0.0133445
0.0133445
0.0133445
0.0133445
0.0133445
0.0133445
0.0133445
0.0133445
0.0133445
0.0133445
0.0133445
0.0133445
0.0133445
0.0133445
0.0133445
0.0133445
0.0133445
0.0133445
0.0133445
0.0133445
0.0133445
0.0133445
0.0133445
0.0133445
0.0133445
0.0133445
0.0133445
0.0133445
0.0133445
0.0133445
0.0133445
0.0133445
0.0133445
0.0133445
0.0133445
0.0133445
0.0133445
0.0133445
0.0133445
0.0133445
0.0133445
0.0133445
0.0133445
0.0133445
0.0133445
0.0133445
0.0133445
0.0133445
0.0133445
0.0133445
0.0133445
0.0133445
0.0133445
0.0133445
0.0133445
0.0133445
0.0133445
0.0133445
0.0133445
0.0133445
0.0133445
0.0133445
0.0133445
0.0133445
0.0133445
0.0133445
0.0133445
0.0133445
0.0133445
0.0133445
0.0133445
0.0133445
0.0133445
0.0133445
0.0133445
0.0133445
0.0133445
0.0133445
0.0133445
0.0133445
0.0133445
0.0133445
0.0133445
0.0133445
0.0133445
0.0133445
0.0133445
0.0133445
0.0133445
0.0133445
0.0133445
0.0133445
0.0133445
0.0133445
0.0133445
0.0133445
0.0133445
0.0133445
0.0133445
0.0133445
0.0133445
0.0133445
0.0133445
0.0133445
0.0133445
0.0133445
0.0133445
0.0133445
0.0133445
0.0133445
0.0133445
0.0133445
0.0133445
0.0133445
0.0133445
0.0133445
0.0133445
0.0133445
0.0133445
0.0133445
0.0133445
0.0133445
0.0133445
0.0133445
0.0133445
0.0133445
0.0133445
0.0133445
0.0133445
0.0133445
0.0133445
0.0133445
0.0133445
0.0133445
0.0133445
0.0133445
0.0133445
0.0133445
0.0133445
0.0133445
0.0133445
0.0133445
0.0133445
0.0133445
0.0133445
0.0133445
0.0133445
0.0133445
0.0133445
0.0133445
0.0133445
0.0133445
0.0133445
0.0133445
0.0133445
0.0133445
0.0133445
0.0133445
0.0133445
0.0133445
0.0133445
0.0133445
0.0133445
0.0133445
0.0133445
0.0133445
0.0133445
0.0133445
0.0133445
0.0133445
0.0133445
0.0133445
0.0133445
0.0133445
0.0133445
0.0133445
0.0133445
0.0133445
0.0133445
0.0133445
0.0133445
0.0133445
0.0133445
0.0133445
0.0133445
0.0133445
0.0133445
0.0133445
0.0133445
0.0133445
0.0133445
0.0133445
0.0133445
0.0133445
0.0133445
0.0133445
0.0133445
0.0133445
0.0133445
0.0133445
0.0133445
0.0133445
0.0133445
0.0133445
0.0133445
0.0133445
0.0133445
0.0133445
0.0133445
0.0133445
0.0133445
0.0133445
0.0133445
0.0133445
0.0133445
0.0133445
0.0133445
0.0133445
0.0133445
0.0133445
0.0133445
0.0133445
0.0133445
0.0133445
0.0133445
0.0133445
0.0133445
0.0133445
0.0133445
0.0133445
0.0133445
0.0133445
0.0133445
0.0133445
0.0133445
0.0133445
0.0133445
0.0133445
0.0133445
0.0133445
0.0133445
0.0133445
0.0133445
0.0133445
0.0133445
0.0133445
0.0133445
0.0133445
0.0133445
0.0133445
0.0133445
0.0133445
0.0133445
0.0133445
0.0133445
0.0133445
0.0133445
0.0133445
0.0133445
0.0133445
0.0133445
0.0133445
0.0133445
0.0133445
0.0133445
0.0133445
0.0133445
0.0133445
0.0133445
0.0133445
0.0133445
0.0133445
0.0133445
0.0133445
0.0133445
0.0133445
0.0133445
0.0133445
0.0133445
0.0133445
0.0133445
0.0133445
0.0133445
0.0133445
0.0133445
0.0133445
0.0133445
0.0133445
0.0133445
0.0133445
0.0133445
0.0133445
0.0133445
0.0133445
0.0133445
0.0133445
0.0133445
0.0133445
0.0133445
0.0133445
0.0133445
0.0133445
0.0133445
0.0133445
0.0133445
0.0133445
0.0133445
0.0133445
0.0133445
0.0133445
0.0133445
0.0133445
0.0133445
0.0133445
0.0133445
0.0133445
0.0133445
0.0133445
0.0133445
0.0133445
0.0133445
0.0133445
0.0133445
0.0133445
0.0133445
0.0133445
0.0133445
0.0133445
0.0133445
0.0133445
0.0133445
0.0133445
0.0133445
0.0133445
0.0133445
0.0133445
0.0133445
0.0133445
0.0133445
0.0133445
0.0133445
0.0133445
0.0133445
0.0133445
0.0133445
0.0133445
0.0133445
0.0133445
0.0133445
0.0133445
0.0133445
0.0133445
0.0133445
0.0133445
0.0133445
0.0133445
0.0133445
0.0133445
0.0133445
0.0133445
0.0133445
0.0133445
0.0133445
0.0133445
0.0133445
0.0133445
0.0133445
0.0133445
0.0133445
0.0133445
0.0133445
0.0133445
0.0133445
0.0133445
0.0133445
0.0133445
0.0133445
0.0133445
0.0133445
0.0133445
0.0133445
0.0133445
0.0133445
0.0133445
0.0133445
0.0133445
0.0133445
0.0133445
0.0133445
0.0133445
0.0133445
0.0133445
0.0133445
0.0133445
0.0133445
0.0133445
0.0133445
0.0133445
0.0133445
0.0133445
0.0133445
0.0133445
0.0133445
0.0133445
0.0133445
0.0133445
0.0133445
0.0133445
0.0133445
0.0133445
0.0133445
0.0133445
0.0133445
0.0133445
0.0133445
0.0133445
0.0133445
0.0133445
0.0133445
0.0133445
0.0133445
0.0133445
0.0133445
0.0133445
0.0133445
0.0133445
0.0133445
0.0133445
0.0133445
0.0133445
0.0133445
0.0133445
0.0133445
0.0133445
0.0133445
0.0133445
0.0133445
0.0133445
0.0133445
0.0133445
0.0133445
0.0133445
0.0133445
0.0133445
0.0133445
0.0133445
0.0133445
0.0133445
0.0133445
0.0133445
0.0133445
0.0133445
0.0133445
0.0133445
0.0133445
0.0133445
0.0133445
0.0133445
0.0133445
0.0133445
0.0133445
0.0133445
0.0133445
0.0133445
0.0133445
0.0133445
0.0133445
0.0133445
0.0133445
0.0133445
0.0133445
0.0133445
0.0133445
0.0133445
0.0133445
0.0133445
0.0133445
0.0133445
0.0133445
0.0133445
0.0133445
0.0133445
0.0133445
0.0133445
0.0133445
0.0133445
0.0133445
0.0133445
0.0133445
0.0133445
0.0133445
0.0133445
0.0133445
0.0133445
0.0133445
0.0133445
0.0133445
0.0133445
0.0133445
0.0133445
0.0133445
0.0133445
0.0133445
0.0133445
0.0133445
0.0133445
0.0133445
0.0133445
0.0133445
0.0133445
0.0133445
0.0133445
0.0133445
0.0133445
0.0133445
0.0133445
0.0133445
0.0133445
0.0133445
0.0133445
0.0133445
0.0133445
0.0133445
0.0133445
0.0133445
0.0133445
0.0133445
0.0133445
0.0133445
0.0133445
0.0133445
0.0133445
0.0133445
0.0133445
0.0133445
0.0133445
0.0133445
0.0133445
0.0133445
0.0133445
0.0133445
0.0133445
0.0133445
0.0133445
0.0133445
0.0133445
0.0133445
0.0133445
0.0133445
0.0133445
0.0133445
0.0133445
0.0133445
0.0133445
0.0133445
0.0133445
0.0133445
0.0133445
0.0133445
0.0133445
0.0133445
0.0133445
0.0133445
0.0133445
0.0133445
0.0133445
0.0133445
0.0133445
0.0133445
0.0133445
0.0133445
0.0133445
0.0133445
0.0133445
0.0133445
0.0133445
0.0133445
0.0133445
0.0133445
0.0133445
0.0133445
0.0133445
0.0133445
0.0133445
0.0133445
0.0133445
0.0133445
0.0133445
0.0133445
0.0133445
0.0133445
0.0133445
0.0133445
0.0133445
0.0133445
0.0133445
0.0133445
0.0133445
0.0133445
0.0133445
0.0133445
0.0133445
0.0133445
0.0133445
0.0133445
0.0133445
0.0133445
0.0133445
0.0133445
0.0133445
0.0133445
0.0133445
0.0133445
0.0133445
0.0133445
0.0133445
0.0133445
0.0133445
0.0133445
0.0133445
0.0133445
0.0133445
0.0133445
0.0133445
0.0133445
0.0133445
0.0133445
0.0133445
0.0133445
0.0133445
0.0133445
0.0133445
0.0133445
0.0133445
0.0133445
0.0133445
0.0133445
0.0133445
0.0133445
0.0133445
0.0133445
0.0133445
0.0133445
0.0133445
0.0133445
0.0133445
0.0133445
0.0133445
0.0133445
0.0133445
0.0133445
0.0133445
0.0133445
0.0133445
0.0133445
0.0133445
0.0133445
0.0133445
0.0133445
0.0133445
0.0133445
0.0133445
0.0133445
0.0133445
0.0133445
0.0133445
0.0133445
0.0133445
0.0133445
0.0133445
0.0133445
0.0133445
0.0133445
0.0133445
0.0133445
0.0133445
0.0133445
0.0133445
0.0133445
0.0133445
0.0133445
0.0133445
0.0133445
0.0133445
0.0133445
0.0133445
0.0133445
0.0133445
0.0133445
0.0133445
0.0133445
0.0133445
0.0133445
0.0133445
0.0133445
0.0133445
0.0133445
0.0133445
0.0133445
0.0133445
0.0133445
0.0133445
0.0133445
0.0133445
0.0133445
0.0133445
0.0133445
0.0133445
0.0133445
0.0133445
0.0133445
0.0133445
0.0133445
0.0133445
0.0133445
0.0133445
0.0133445
0.0133445
0.0133445
0.0133445
0.0133445
0.0133445
0.0133445
0.0133445
0.0133445
0.0133445
0.0133445
0.0133445
0.0133445
0.0133445
0.0133445
0.0133445
0.0133445
0.0133445
0.0133445
0.0133445
0.0133445
0.0133445
0.0133445
0.0133445
0.0133445
0.0133445
0.0133445
0.0133445
0.0133445
0.0133445
0.0133445
0.0133445
0.0133445
0.0133445
0.0133445
0.0133445
0.0133445
0.0133445
0.0133445
0.0133445
0.0133445
0.0133445
0.0133445
0.0133445
0.0133445
0.0133445
0.0133445
0.0133445
0.0133445
0.0133445
0.0133445
0.0133445
0.0133445
0.0133445
0.0133445
0.0133445
0.0133445
0.0133445
0.0133445
0.0133445
0.0133445
0.0133445
0.0133445
0.0133445
0.0133445
0.0133445
0.0133445
0.0133445
0.0133445
0.0133445
0.0133445
0.0133445
0.0133445
0.0133445
0.0133445
0.0133445
0.0133445
0.0133445
0.0133445
0.0133445
0.0133445
0.0133445
0.0133445
0.0133445
0.0133445
0.0133445
0.0133445
0.0133445
0.0133445
0.0133445
0.0133445
0.0133445
0.0133445
0.0133445
0.0133445
0.0133445
0.0133445
0.0133445
0.0133445
0.0133445
0.0133445
0.0133445
0.0133445
0.0133445
0.0133445
0.0133445
0.0133445
0.0133445
0.0133445
0.0133445
0.0133445
0.0133445
0.0133445
0.0133445
0.0133445
0.0133445
0.0133445
0.0133445
0.0133445
0.0133445
0.0133445
0.0133445
0.0133445
0.0133445
0.0133445
0.0133445
0.0133445
0.0133445
0.0133445
0.0133445
0.0133445
0.0133445
0.0133445
0.0133445
0.0133445
0.0133445
0.0133445
0.0133445
0.0133445
0.0133445
0.0133445
0.0133445
0.0133445
0.0133445
0.0133445
0.0133445
0.0133445
0.0133445
0.0133445
0.0133445
0.0133445
0.0133445
0.0133445
0.0133445
0.0133445
0.0133445
0.0133445
0.0133445
0.0133445
0.0133445
0.0133445
0.0133445
0.0133445
0.0133445
0.0133445
0.0133445
0.0133445
0.0133445
0.0133445
0.0133445
0.0133445
0.0133445
0.0133445
0.0133445
0.0133445
0.0133445
0.0133445
0.0133445
0.0133445
0.0133445
0.0133445
0.0133445
0.0133445
0.0133445
0.0133445
0.0133445
0.0133445
0.0133445
0.0133445
0.0133445
0.0133445
0.0133445
0.0133445
0.0133445
0.0133445
0.0133445
0.0133445
0.0133445
0.0133445
0.0133445
0.0133445
0.0133445
0.0133445
0.0133445
0.0133445
0.0133445
0.0133445
0.0133445
0.0133445
0.0133445
0.0133445
0.0133445
0.0133445
0.0133445
0.0133445
0.0133445
0.0133445
0.0133445
0.0133445
0.0133445
0.0133445
0.0133445
0.0133445
0.0133445
0.0133445
0.0133445
0.0133445
0.0133445
0.0133445
0.0133445
0.0133445
0.0133445
0.0133445
0.0133445
0.0133445
0.0133445
0.0133445
0.0133445
0.0133445
0.0133445
0.0133445
0.0133445
0.0133445
0.0133445
0.0133445
0.0133445
0.0133445
0.0133445
0.0133445
0.0133445
0.0133445
0.0133445
0.0133445
0.0133445
0.0133445
0.0133445
0.0133445
0.0133445
0.0133445
0.0133445
0.0133445
0.0133445
0.0133445
0.0133445
0.0133445
0.0133445
0.0133445
0.0133445
0.0133445
0.0133445
0.0133445
0.0133445
0.0133445
0.0133445
0.0133445
0.0133445
0.0133445
0.0133445
0.0133445
0.0133445
0.0133445
0.0133445
0.0133445
0.0133445
0.0133445
0.0133445
0.0133445
0.0133445
0.0133445
0.0133445
0.0133445
0.0133445
0.0133445
0.0133445
0.0133445
0.0133445
0.0133445
0.0133445
0.0133445
0.0133445
0.0133445
0.0133445
0.0133445
0.0133445
0.0133445
0.0133445
0.0133445
0.0133445
0.0133445
0.0133445
0.0133445
0.0133445
0.0133445
0.0133445
0.0133445
0.0133445
0.0133445
0.0133445
0.0133445
0.0133445
0.0133445
0.0133445
0.0133445
0.0133445
0.0133445
0.0133445
0.0133445
0.0133445
0.0133445
0.0133445
0.0133445
0.0133445
0.0133445
0.0133445
0.0133445
0.0133445
0.0133445
0.0133445
0.0133445
0.0133445
0.0133445
0.0133445
0.0133445
0.0133445
0.0133445
0.0133445
0.0133445
0.0133445
0.0133445
0.0133445
0.0133445
0.0133445
0.0133445
0.0133445
0.0133445
0.0133445
0.0133445
0.0133445
0.0133445
0.0133445
0.0133445
0.0133445
0.0133445
0.0133445
0.0133445
0.0133445
0.0133445
0.0133445
0.0133445
0.0133445
0.0133445
0.0133445
0.0133445
0.0133445
0.0133445
0.0133445
0.0133445
0.0133445
0.0133445
0.0133445
0.0133445
0.0133445
0.0133445
0.0133445
0.0133445
0.0133445
0.0133445
0.0133445
0.0133445
0.0133445
0.0133445
0.0133445
0.0133445
0.0133445
0.0133445
0.0133445
0.0133445
0.0133445
0.0133445
0.0133445
0.0133445
0.0133445
0.0133445
0.0133445
0.0133445
0.0133445
0.0133445
0.0133445
0.0133445
0.0133445
0.0133445
0.0133445
0.0133445
0.0133445
0.0133445
0.0133445
0.0133445
0.0133445
0.0133445
0.0133445
0.0133445
0.0133445
0.0133445
0.0133445
0.0133445
0.0133445
0.0133445
0.0133445
0.0133445
0.0133445
0.0133445
0.0133445
0.0133445
0.0133445
0.0133445
0.0133445
0.0133445
0.0133445
0.0133445
0.0133445
0.0133445
0.0133445
0.0133445
0.0133445
0.0133445
0.0133445
0.0133445
0.0133445
0.0133445
0.0133445
0.0133445
0.0133445
0.0133445
0.0133445
0.0133445
0.0133445
0.0133445
0.0133445
0.0133445
0.0133445
0.0133445
0.0133445
0.0133445
0.0133445
0.0133445
0.0133445
0.0133445
0.0133445
0.0133445
0.0133445
0.0133445
0.0133445
0.0133445
0.0133445
0.0133445
0.0133445
0.0133445
0.0133445
0.0133445
0.0133445
0.0133445
0.0133445
0.0133445
0.0133445
0.0133445
0.0133445
0.0133445
0.0133445
0.0133445
0.0133445
0.0133445
0.0133445
0.0133445
0.0133445
0.0133445
0.0133445
0.0133445
0.0133445
0.0133445
0.0133445
0.0133445
0.0133445
0.0133445
0.0133445
0.0133445
0.0133445
0.0133445
0.0133445
0.0133445
0.0133445
0.0133445
0.0133445
0.0133445
0.0133445
0.0133445
0.0133445
0.0133445
0.0133445
0.0133445
0.0133445
0.0133445
0.0133445
0.0133445
0.0133445
0.0133445
0.0133445
0.0133445
0.0133445
0.0133445
0.0133445
0.0133445
0.0133445
0.0133445
0.0133445
0.0133445
0.0133445
0.0133445
0.0133445
0.0133445
0.0133445
0.0133445
0.0133445
0.0133445
0.0133445
0.0133445
0.0133445
0.0133445
0.0133445
0.0133445
0.0133445
0.0133445
0.0133445
0.0133445
0.0133445
0.0133445
0.0133445
0.0133445
0.0133445
0.0133445
0.0133445
0.0133445
0.0133445
0.0133445
0.0133445
0.0133445
0.0133445
0.0133445
0.0133445
0.0133445
0.0133445
0.0133445
0.0133445
0.0133445
0.0133445
0.0133445
0.0133445
0.0133445
0.0133445
0.0133445
0.0133445
0.0133445
0.0133445
0.0133445
0.0133445
0.0133445
0.0133445
0.0133445
0.0133445
0.0133445
0.0133445
0.0133445
0.0133445
0.0133445
0.0133445
0.0133445
0.0133445
0.0133445
0.0133445
0.0133445
0.0133445
0.0133445
0.0133445
0.0133445
0.0133445
0.0133445
0.0133445
0.0133445
0.0133445
0.0133445
0.0133445
0.0133445
0.0133445
0.0133445
0.0133445
0.0133445
0.0133445
0.0133445
0.0133445
0.0133445
0.0133445
0.0133445
0.0133445
0.0133445
0.0133445
0.0133445
0.0133445
0.0133445
0.0133445
0.0133445
0.0133445
0.0133445
0.0133445
0.0133445
0.0133445
0.0133445
0.0133445
0.0133445
0.0133445
0.0133445
0.0133445
0.0133445
0.0133445
0.0133445
0.0133445
0.0133445
0.0133445
0.0133445
0.0133445
0.0133445
0.0133445
0.0133445
0.0133445
0.0133445
0.0133445
0.0133445
0.0133445
0.0133445
0.0133445
0.0133445
0.0133445
0.0133445
0.0133445
0.0133445
0.0133445
0.0133445
0.0133445
0.0133445
0.0133445
0.0133445
0.0133445
0.0133445
0.0133445
0.0133445
0.0133445
0.0133445
0.0133445
0.0133445
0.0133445
0.0133445
0.0133445
0.0133445
0.0133445
0.0133445
0.0133445
0.0133445
0.0133445
0.0133445
0.0133445
0.0133445
0.0133445
0.0133445
0.0133445
0.0133445
0.0133445
0.0133445
0.0133445
0.0133445
0.0133445
0.0133445
0.0133445
0.0133445
0.0133445
0.0133445
0.0133445
0.0133445
0.0133445
0.0133445
0.0133445
0.0133445
0.0133445
0.0133445
0.0133445
0.0133445
0.0133445
0.0133445
0.0133445
0.0133445
0.0133445
0.0133445
0.0133445
0.0133445
0.0133445
0.0133445
0.0133445
0.0133445
0.0133445
0.0133445
0.0133445
0.0133445
0.0133445
0.0133445
0.0133445
0.0133445
0.0133445
0.0133445
0.0133445
0.0133445
0.0133445
0.0133445
0.0133445
0.0133445
0.0133445
0.0133445
0.0133445
0.0133445
0.0133445
0.0133445
0.0133445
0.0133445
0.0133445
0.0133445
0.0133445
0.0133445
0.0133445
0.0133445
0.0133445
0.0133445
0.0133445
0.0133445
0.0133445
0.0133445
0.0133445
0.0133445
0.0133445
0.0133445
0.0133445
0.0133445
0.0133445
0.0133445
0.0133445
0.0133445
0.0133445
0.0133445
0.0133445
0.0133445
0.0133445
0.0133445
0.0133445
0.0133445
0.0133445
0.0133445
0.0133445
0.0133445
0.0133445
0.0133445
0.0133445
0.0133445
0.0133445
0.0133445
0.0133445
0.0133445
0.0133445
0.0133445
0.0133445
0.0133445
0.0133445
0.0133445
0.0133445
0.0133445
0.0133445
0.0133445
0.0133445
0.0133445
0.0133445
0.0133445
0.0133445
0.0133445
0.0133445
0.0133445
0.0133445
0.0133445
0.0133445
0.0133445
0.0133445
0.0133445
0.0133445
0.0133445
0.0133445
0.0133445
0.0133445
0.0133445
0.0133445
0.0133445
0.0133445
0.0133445
0.0133445
0.0133445
0.0133445
0.0133445
0.0133445
0.0133445
0.0133445
0.0133445
0.0133445
0.0133445
0.0133445
0.0133445
0.0133445
0.0133445
0.0133445
0.0133445
0.0133445
0.0133445
0.0133445
0.0133445
0.0133445
0.0133445
0.0133445
0.0133445
0.0133445
0.0133445
0.0133445
0.0133445
0.0133445
0.0133445
0.0133445
0.0133445
0.0133445
0.0133445
0.0133445
0.0133445
0.0133445
0.0133445
0.0133445
0.0133445
0.0133445
0.0133445
0.0133445
0.0133445
0.0133445
0.0133445
0.0133445
0.0133445
0.0133445
0.0133445
0.0133445
0.0133445
0.0133445
0.0133445
0.0133445
0.0133445
0.0133445
0.0133445
0.0133445
0.0133445
0.0133445
0.0133445
0.0133445
0.0133445
0.0133445
0.0133445
0.0133445
0.0133445
0.0133445
0.0133445
0.0133445
0.0133445
0.0133445
0.0133445
0.0133445
0.0133445
0.0133445
0.0133445
0.0133445
0.0133445
0.0133445
0.0133445
0.0133445
0.0133445
0.0133445
0.0133445
0.0133445
0.0133445
0.0133445
0.0133445
0.0133445
0.0133445
0.0133445
0.0133445
0.0133445
0.0133445
0.0133445
0.0133445
0.0133445
0.0133445
0.0133445
0.0133445
0.0133445
0.0133445
0.0133445
0.0133445
0.0133445
0.0133445
0.0133445
0.0133445
0.0133445
0.0133445
0.0133445
0.0133445
0.0133445
0.0133445
0.0133445
0.0133445
0.0133445
0.0133445
0.0133445
0.0133445
0.0133445
0.0133445
0.0133445
0.0133445
0.0133445
0.0133445
0.0133445
0.0133445
0.0133445
0.0133445
0.0133445
0.0133445
0.0133445
0.0133445
0.0133445
0.0133445
0.0133445
0.0133445
0.0133445
0.0133445
0.0133445
0.0133445
0.0133445
0.0133445
0.0133445
0.0133445
0.0133445
0.0133445
0.0133445
0.0133445
0.0133445
0.0133445
0.0133445
0.0133445
0.0133445
0.0133445
0.0133445
0.0133445
0.0133445
0.0133445
0.0133445
0.0133445
0.0133445
0.0133445
0.0133445
0.0133445
0.0133445
0.0133445
0.0133445
0.0133445
0.0133445
0.0133445
0.0133445
0.0133445
0.0133445
0.0133445
0.0133445
0.0133445
0.0133445
0.0133445
0.0133445
0.0133445
0.0133445
0.0133445
0.0133445
0.0133445
0.0133445
0.0133445
0.0133445
0.0133445
0.0133445
0.0133445
0.0133445
0.0133445
0.0133445
0.0133445
0.0133445
0.0133445
0.0133445
0.0133445
0.0133445
0.0133445
0.0133445
0.0133445
0.0133445
0.0133445
0.0133445
0.0133445
0.0133445
0.0133445
0.0133445
0.0133445
0.0133445
0.0133445
0.0133445
0.0133445
0.0133445
0.0133445
0.0133445
0.0133445
0.0133445
0.0133445
0.0133445
0.0133445
0.0133445
0.0133445
0.0133445
0.0133445
0.0133445
0.0133445
0.0133445
0.0133445
0.0133445
0.0133445
0.0133445
0.0133445
0.0133445
0.0133445
0.0133445
0.0133445
0.0133445
0.0133445
0.0133445
0.0133445
0.0133445
0.0133445
0.0133445
0.0133445
0.0133445
0.0133445
0.0133445
0.0133445
0.0133445
0.0133445
0.0133445
0.0133445
0.0133445
0.0133445
0.0133445
0.0133445
0.0133445
0.0133445
0.0133445
0.0133445
0.0133445
0.0133445
0.0133445
0.0133445
0.0133445
0.0133445
0.0133445
0.0133445
0.0133445
0.0133445
0.0133445
0.0133445
0.0133445
0.0133445
0.0133445
0.0133445
0.0133445
0.0133445
0.0133445
0.0133445
0.0133445
0.0133445
0.0133445
0.0133445
0.0133445
0.0133445
0.0133445
0.0133445
0.0133445
0.0133445
0.0133445
0.0133445
0.0133445
0.0133445
0.0133445
0.0133445
0.0133445
0.0133445
0.0133445
0.0133445
0.0133445
0.0133445
0.0133445
0.0133445
0.0133445
0.0133445
0.0133445
0.0133445
0.0133445
0.0133445
0.0133445
0.0133445
0.0133445
0.0133445
0.0133445
0.0133445
0.0133445
0.0133445
0.0133445
0.0133445
0.0133445
0.0133445
0.0133445
0.0133445
0.0133445
0.0133445
0.0133445
0.0133445
0.0133445
0.0133445
0.0133445
0.0133445
0.0133445
0.0133445
0.0133445
0.0133445
0.0133445
0.0133445
0.0133445
0.0133445
0.0133445
0.0133445
0.0133445
0.0133445
0.0133445
0.0133445
0.0133445
0.0133445
0.0133445
0.0133445
0.0133445
0.0133445
0.0133445
0.0133445
0.0133445
0.0133445
0.0133445
0.0133445
0.0133445
0.0133445
0.0133445
0.0133445
0.0133445
0.0133445
0.0133445
0.0133445
0.0133445
0.0133445
0.0133445
0.0133445
0.0133445
0.0133445
0.0133445
0.0133445
0.0133445
0.0133445
0.0133445
0.0133445
0.0133445
0.0133445
0.0133445
0.0133445
0.0133445
0.0133445
0.0133445
0.0133445
0.0133445
0.0133445
0.0133445
0.0133445
0.0133445
0.0133445
0.0133445
0.0133445
0.0133445
0.0133445
0.0133445
0.0133445
0.0133445
0.0133445
0.0133445
0.0133445
0.0133445
0.0133445
0.0133445
0.0133445
0.0133445
0.0133445
0.0133445
0.0133445
0.0133445
0.0133445
0.0133445
0.0133445
0.0133445
0.0133445
0.0133445
0.0133445
0.0133445
0.0133445
0.0133445
0.0133445
0.0133445
0.0133445
0.0133445
0.0133445
0.0133445
0.0133445
0.0133445
0.0133445
0.0133445
0.0133445
0.0133445
0.0133445
0.0133445
0.0133445
0.0133445
0.0133445
0.0133445
0.0133445
0.0133445
0.0133445
0.0133445
0.0133445
0.0133445
0.0133445
0.0133445
0.0133445
0.0133445
0.0133445
0.0133445
0.0133445
0.0133445
0.0133445
0.0133445
0.0133445
0.0133445
0.0133445
0.0133445
0.0133445
0.0133445
0.0133445
0.0133445
0.0133445
0.0133445
0.0133445
0.0133445
0.0133445
0.0133445
0.0133445
0.0133445
0.0133445
0.0133445
0.0133445
0.0133445
0.0133445
0.0133445
0.0133445
0.0133445
0.0133445
0.0133445
0.0133445
0.0133445
0.0133445
0.0133445
0.0133445
0.0133445
0.0133445
0.0133445
0.0133445
0.0133445
0.0133445
0.0133445
0.0133445
0.0133445
0.0133445
0.0133445
0.0133445
0.0133445
0.0133445
0.0133445
0.0133445
0.0133445
0.0133445
0.0133445
0.0133445
0.0133445
0.0133445
0.0133445
0.0133445
0.0133445
0.0133445
0.0133445
0.0133445
0.0133445
0.0133445
0.0133445
0.0133445
0.0133445
0.0133445
0.0133445
0.0133445
0.0133445
0.0133445
0.0133445
0.0133445
0.0133445
0.0133445
0.0133445
0.0133445
0.0133445
0.0133445
0.0133445
0.0133445
0.0133445
0.0133445
0.0133445
0.0133445
0.0133445
0.0133445
0.0133445
0.0133445
0.0133445
0.0133445
0.0133445
0.0133445
0.0133445
0.0133445
0.0133445
0.0133445
0.0133445
0.0133445
0.0133445
0.0133445
0.0133445
0.0133445
0.0133445
0.0133445
0.0133445
0.0133445
0.0133445
0.0133445
0.0133445
0.0133445
0.0133445
0.0133445
0.0133445
0.0133445
0.0133445
0.0133445
0.0133445
0.0133445
0.0133445
0.0133445
0.0133445
0.0133445
0.0133445
0.0133445
0.0133445
0.0133445
0.0133445
0.0133445
0.0133445
0.0133445
0.0133445
0.0133445
0.0133445
0.0133445
0.0133445
0.0133445
0.0133445
0.0133445
0.0133445
0.0133445
0.0133445
0.0133445
0.0133445
0.0133445
0.0133445
0.0133445
0.0133445
0.0133445
0.0133445
0.0133445
0.0133445
0.0133445
0.0133445
0.0133445
0.0133445
0.0133445
0.0133445
0.0133445
0.0133445
0.0133445
0.0133445
0.0133445
0.0133445
0.0133445
0.0133445
0.0133445
0.0133445
0.0133445
0.0133445
0.0133445
0.0133445
0.0133445
0.0133445
0.0133445
0.0133445
0.0133445
0.0133445
0.0133445
0.0133445
0.0133445
0.0133445
0.0133445
0.0133445
0.0133445
0.0133445
0.0133445
0.0133445
0.0133445
0.0133445
0.0133445
0.0133445
0.0133445
0.0133445
0.0133445
0.0133445
0.0133445
0.0133445
0.0133445
0.0133445
0.0133445
0.0133445
0.0133445
0.0133445
0.0133445
0.0133445
0.0133445
0.0133445
0.0133445
0.0133445
0.0133445
0.0133445
0.0133445
0.0133445
0.0133445
0.0133445
0.0133445
0.0133445
0.0133445
0.0133445
0.0133445
0.0133445
0.0133445
0.0133445
0.0133445
0.0133445
0.0133445
0.0133445
0.0133445
0.0133445
0.0133445
0.0133445
0.0133445
0.0133445
0.0133445
0.0133445
0.0133445
0.0133445
0.0133445
0.0133445
0.0133445
0.0133445
0.0133445
0.0133445
0.0133445
0.0133445
0.0133445
0.0133445
0.0133445
0.0133445
0.0133445
0.0133445
0.0133445
0.0133445
0.0133445
0.0133445
0.0133445
0.0133445
0.0133445
0.0133445
0.0133445
0.0133445
0.0133445
0.0133445
0.0133445
0.0133445
0.0133445
0.0133445
0.0133445
0.0133445
0.0133445
0.0133445
0.0133445
0.0133445
0.0133445
0.0133445
0.0133445
0.0133445
0.0133445
0.0133445
0.0133445
0.0133445
0.0133445
0.0133445
0.0133445
0.0133445
0.0133445
0.0133445
0.0133445
0.0133445
0.0133445
0.0133445
0.0133445
0.0133445
0.0133445
0.0133445
0.0133445
0.0133445
0.0133445
0.0133445
0.0133445
0.0133445
0.0133445
0.0133445
0.0133445
0.0133445
0.0133445
0.0133445
0.0133445
0.0133445
0.0133445
0.0133445
0.0133445
0.0133445
0.0133445
0.0133445
0.0133445
0.0133445
0.0133445
0.0133445
0.0133445
0.0133445
0.0133445
0.0133445
0.0133445
0.0133445
0.0133445
0.0133445
0.0133445
0.0133445
0.0133445
0.0133445
0.0133445
0.0133445
0.0133445
0.0133445
0.0133445
0.0133445
0.0133445
0.0133445
0.0133445
0.0133445
0.0133445
0.0133445
0.0133445
0.0133445
0.0133445
0.0133445
0.0133445
0.0133445
0.0133445
0.0133445
0.0133445
0.0133445
0.0133445
0.0133445
0.0133445
0.0133445
0.0133445
0.0133445
0.0133445
0.0133445
0.0133445
0.0133445
0.0133445
0.0133445
0.0133445
0.0133445
0.0133445
0.0133445
0.0133445
0.0133445
0.0133445
0.0133445
0.0133445
0.0133445
0.0133445
0.0133445
0.0133445
0.0133445
0.0133445
0.0133445
0.0133445
0.0133445
0.0133445
0.0133445
0.0133445
0.0133445
0.0133445
0.0133445
0.0133445
0.0133445
0.0133445
0.0133445
0.0133445
0.0133445
0.0133445
0.0133445
0.0133445
0.0133445
0.0133445
0.0133445
0.0133445
0.0133445
0.0133445
0.0133445
0.0133445
0.0133445
0.0133445
0.0133445
0.0133445
0.0133445
0.0133445
0.0133445
0.0133445
0.0133445
0.0133445
0.0133445
0.0133445
0.0133445
0.0133445
0.0133445
0.0133445
0.0133445
0.0133445
0.0133445
0.0133445
0.0133445
0.0133445
0.0133445
0.0133445
0.0133445
0.0133445
0.0133445
0.0133445
0.0133445
0.0133445
0.0133445
0.0133445
0.0133445
0.0133445
0.0133445
0.0133445
0.0133445
0.0133445
0.0133445
0.0133445
0.0133445
0.0133445
0.0133445
0.0133445
0.0133445
0.0133445
0.0133445
0.0133445
0.0133445
0.0133445
0.0133445
0.0133445
0.0133445
0.0133445
0.0133445
0.0133445
0.0133445
0.0133445
0.0133445
0.0133445
0.0133445
0.0133445
0.0133445
0.0133445
0.0133445
0.0133445
0.0133445
0.0133445
0.0133445
0.0133445
0.0133445
0.0133445
0.0133445
0.0133445
0.0133445
0.0133445
0.0133445
0.0133445
0.0133445
0.0133445
0.0133445
0.0133445
0.0133445
0.0133445
0.0133445
0.0133445
0.0133445
0.0133445
0.0133445
0.0133445
0.0133445
0.0133445
0.0133445
0.0133445
0.0133445
0.0133445
0.0133445
0.0133445
0.0133445
0.0133445
0.0133445
0.0133445
0.0133445
0.0133445
0.0133445
0.0133445
0.0133445
0.0133445
0.0133445
0.0133445
0.0133445
0.0133445
0.0133445
0.0133445
0.0133445
0.0133445
0.0133445
0.0133445
0.0133445
0.0133445
0.0133445
0.0133445
0.0133445
0.0133445
0.0133445
0.0133445
0.0133445
0.0133445
0.0133445
0.0133445
0.0133445
0.0133445
0.0133445
0.0133445
0.0133445
0.0133445
0.0133445
0.0133445
0.0133445
0.0133445
0.0133445
0.0133445
0.0133445
0.0133445
0.0133445
0.0133445
0.0133445
0.0133445
0.0133445
0.0133445
0.0133445
0.0133445
0.0133445
0.0133445
0.0133445
0.0133445
0.0133445
0.0133445
0.0133445
0.0133445
0.0133445
0.0133445
0.0133445
0.0133445
0.0133445
0.0133445
0.0133445
0.0133445
0.0133445
0.0133445
0.0133445
0.0133445
0.0133445
0.0133445
0.0133445
0.0133445
0.0133445
0.0133445
0.0133445
0.0133445
0.0133445
0.0133445
0.0133445
0.0133445
0.0133445
0.0133445
0.0133445
0.0133445
0.0133445
0.0133445
0.0133445
0.0133445
0.0133445
0.0133445
0.0133445
0.0133445
0.0133445
0.0133445
0.0133445
0.0133445
0.0133445
0.0133445
0.0133445
0.0133445
0.0133445
0.0133445
0.0133445
0.0133445
0.0133445
0.0133445
0.0133445
0.0133445
0.0133445
0.0133445
0.0133445
0.0133445
0.0133445
0.0133445
0.0133445
0.0133445
0.0133445
0.0133445
0.0133445
0.0133445
0.0133445
0.0133445
0.0133445
0.0133445
0.0133445
0.0133445
0.0133445
0.0133445
0.0133445
0.0133445
0.0133445
0.0133445
0.0133445
0.0133445
0.0133445
0.0133445
0.0133445
0.0133445
0.0133445
0.0133445
0.0133445
0.0133445
0.0133445
0.0133445
0.0133445
0.0133445
0.0133445
0.0133445
0.0133445
0.0133445
0.0133445
0.0133445
0.0133445
0.0133445
0.0133445
0.0133445
0.0133445
0.0133445
0.0133445
0.0133445
0.0133445
0.0133445
0.0133445
0.0133445
0.0133445
0.0133445
0.0133445
0.0133445
0.0133445
0.0133445
0.0133445
0.0133445
0.0133445
0.0133445
0.0133445
0.0133445
0.0133445
0.0133445
0.0133445
0.0133445
0.0133445
0.0133445
0.0133445
0.0133445
0.0133445
0.0133445
0.0133445
0.0133445
0.0133445
0.0133445
0.0133445
0.0133445
0.0133445
0.0133445
0.0133445
0.0133445
0.0133445
0.0133445
0.0133445
0.0133445
0.0133445
0.0133445
0.0133445
0.0133445
0.0133445
0.0133445
0.0133445
0.0133445
0.0133445
0.0133445
0.0133445
0.0133445
0.0133445
0.0133445
0.0133445
0.0133445
0.0133445
0.0133445
0.0133445
0.0133445
0.0133445
0.0133445
0.0133445
0.0133445
0.0133445
0.0133445
0.0133445
0.0133445
0.0133445
0.0133445
0.0133445
0.0133445
0.0133445
0.0133445
0.0133445
0.0133445
0.0133445
0.0133445
0.0133445
0.0133445
0.0133445
0.0133445
0.0133445
0.0133445
0.0133445
0.0133445
0.0133445
0.0133445
0.0133445
0.0133445
0.0133445
0.0133445
0.0133445
0.0133445
0.0133445
0.0133445
0.0133445
0.0133445
0.0133445
0.0133445
0.0133445
0.0133445
0.0133445
0.0133445
0.0133445
0.0133445
0.0133445
0.0133445
0.0133445
0.0133445
0.0133445
0.0133445
0.0133445
0.0133445
0.0133445
0.0133445
0.0133445
0.0133445
0.0133445
0.0133445
0.0133445
0.0133445
0.0133445
0.0133445
0.0133445
0.0133445
0.0133445
0.0133445
0.0133445
0.0133445
0.0133445
0.0133445
0.0133445
0.0133445
0.0133445
0.0133445
0.0133445
0.0133445
0.0133445
0.0133445
0.0133445
0.0133445
0.0133445
0.0133445
0.0133445
0.0133445
0.0133445
0.0133445
0.0133445
0.0133445
0.0133445
0.0133445
0.0133445
0.0133445
0.0133445
0.0133445
0.0133445
0.0133445
0.0133445
0.0133445
0.0133445
0.0133445
0.0133445
0.0133445
0.0133445
0.0133445
0.0133445
0.0133445
0.0133445
0.0133445
0.0133445
0.0133445
0.0133445
0.0133445
0.0133445
0.0133445
0.0133445
0.0133445
0.0133445
0.0133445
0.0133445
0.0133445
0.0133445
0.0133445
0.0133445
0.0133445
0.0133445
0.0133445
0.0133445
0.0133445
0.0133445
0.0133445
0.0133445
0.0133445
0.0133445
0.0133445
0.0133445
0.0133445
0.0133445
0.0133445
0.0133445
0.0133445
0.0133445
0.0133445
0.0133445
0.0133445
0.0133445
0.0133445
0.0133445
0.0133445
0.0133445
0.0133445
0.0133445
0.0133445
0.0133445
0.0133445
0.0133445
0.0133445
0.0133445
0.0133445
0.0133445
0.0133445
0.0133445
0.0133445
0.0133445
0.0133445
0.0133445
0.0133445
0.0133445
0.0133445
0.0133445
0.0133445
0.0133445
0.0133445
0.0133445
0.0133445
0.0133445
0.0133445
0.0133445
0.0133445
0.0133445
0.0133445
0.0133445
0.0133445
0.0133445
0.0133445
0.0133445
0.0133445
0.0133445
0.0133445
0.0133445
0.0133445
0.0133445
0.0133445
0.0133445
0.0133445
0.0133445
0.0133445
0.0133445
0.0133445
0.0133445
0.0133445
0.0133445
0.0133445
0.0133445
0.0133445
0.0133445
0.0133445
0.0133445
0.0133445
0.0133445
0.0133445
0.0133445
0.0133445
0.0133445
0.0133445
0.0133445
0.0133445
0.0133445
0.0133445
0.0133445
0.0133445
0.0133445
0.0133445
0.0133445
0.0133445
0.0133445
0.0133445
0.0133445
0.0133445
0.0133445
0.0133445
0.0133445
0.0133445
0.0133445
0.0133445
0.0133445
0.0133445
0.0133445
0.0133445
0.0133445
0.0133445
0.0133445
0.0133445
0.0133445
0.0133445
0.0133445
0.0133445
0.0133445
0.0133445
0.0133445
0.0133445
0.0133445
0.0133445
0.0133445
0.0133445
0.0133445
0.0133445
0.0133445
0.0133445
0.0133445
0.0133445
0.0133445
0.0133445
0.0133445
0.0133445
0.0133445
0.0133445
0.0133445
0.0133445
0.0133445
0.0133445
0.0133445
0.0133445
0.0133445
0.0133445
0.0133445
0.0133445
0.0133445
0.0133445
0.0133445
0.0133445
0.0133445
0.0133445
0.0133445
0.0133445
0.0133445
0.0133445
0.0133445
0.0133445
0.0133445
0.0133445
0.0133445
0.0133445
0.0133445
0.0133445
0.0133445
0.0133445
0.0133445
0.0133445
0.0133445
0.0133445
0.0133445
0.0133445
0.0133445
0.0133445
0.0133445
0.0133445
0.0133445
0.0133445
0.0133445
0.0133445
0.0133445
0.0133445
0.0133445
0.0133445
0.0133445
0.0133445
0.0133445
0.0133445
0.0133445
0.0133445
0.0133445
0.0133445
0.0133445
0.0133445
0.0133445
0.0133445
0.0133445
0.0133445
0.0133445
0.0133445
0.0133445
0.0133445
0.0133445
0.0133445
0.0133445
0.0133445
0.0133445
0.0133445
0.0133445
0.0133445
0.0133445
0.0133445
0.0133445
0.0133445
0.0133445
0.0133445
0.0133445
0.0133445
0.0133445
0.0133445
0.0133445
0.0133445
0.0133445
0.0133445
0.0133445
0.0133445
0.0133445
0.0133445
0.0133445
0.0133445
0.0133445
0.0133445
0.0133445
0.0133445
0.0133445
0.0133445
0.0133445
0.0133445
0.0133445
0.0133445
0.0133445
0.0133445
0.0133445
0.0133445
0.0133445
0.0133445
0.0133445
0.0133445
0.0133445
0.0133445
0.0133445
0.0133445
0.0133445
0.0133445
0.0133445
0.0133445
0.0133445
0.0133445
0.0133445
0.0133445
0.0133445
0.0133445
0.0133445
0.0133445
0.0133445
0.0133445
0.0133445
0.0133445
0.0133445
0.0133445
0.0133445
0.0133445
0.0133445
0.0133445
0.0133445
0.0133445
0.0133445
0.0133445
0.0133445
0.0133445
0.0133445
0.0133445
0.0133445
0.0133445
0.0133445
0.0133445
0.0133445
0.0133445
0.0133445
0.0133445
0.0133445
0.0133445
0.0133445
0.0133445
0.0133445
0.0133445
0.0133445
0.0133445
0.0133445
0.0133445
0.0133445
0.0133445
0.0133445
0.0133445
0.0133445
0.0133445
0.0133445
0.0133445
0.0133445
0.0133445
0.0133445
0.0133445
0.0133445
0.0133445
0.0133445
0.0133445
0.0133445
0.0133445
0.0133445
0.0133445
0.0133445
0.0133445
0.0133445
0.0133445
0.0133445
0.0133445
0.0133445
0.0133445
0.0133445
0.0133445
0.0133445
0.0133445
0.0133445
0.0133445
0.0133445
0.0133445
0.0133445
0.0133445
0.0133445
0.0133445
0.0133445
0.0133445
0.0133445
0.0133445
0.0133445
0.0133445
0.0133445
0.0133445
0.0133445
0.0133445
0.0133445
0.0133445
0.0133445
0.0133445
0.0133445
0.0133445
0.0133445
0.0133445
0.0133445
0.0133445
0.0133445
0.0133445
0.0133445
0.0133445
0.0133445
0.0133445
0.0133445
0.0133445
0.0133445
0.0133445
0.0133445
0.0133445
0.0133445
0.0133445
0.0133445
0.0133445
0.0133445
0.0133445
0.0133445
0.0133445
0.0133445
0.0133445
0.0133445
0.0133445
0.0133445
0.0133445
0.0133445
0.0133445
0.0133445
0.0133445
0.0133445
0.0133445
0.0133445
0.0133445
0.0133445
0.0133445
0.0133445
0.0133445
0.0133445
0.0133445
0.0133445
0.0133445
0.0133445
0.0133445
0.0133445
0.0133445
0.0133445
0.0133445
0.0133445
0.0133445
0.0133445
0.0133445
0.0133445
0.0133445
0.0133445
0.0133445
0.0133445
0.0133445
0.0133445
0.0133445
0.0133445
0.0133445
0.0133445
0.0133445
0.0133445
0.0133445
0.0133445
0.0133445
0.0133445
0.0133445
0.0133445
0.0133445
0.0133445
0.0133445
0.0133445
0.0133445
0.0133445
0.0133445
0.0133445
0.0133445
0.0133445
0.0133445
0.0133445
0.0133445
0.0133445
0.0133445
0.0133445
0.0133445
0.0133445
0.0133445
0.0133445
0.0133445
0.0133445
0.0133445
0.0133445
0.0133445
0.0133445
0.0133445
0.0133445
0.0133445
0.0133445
0.0133445
0.0133445
0.0133445
0.0133445
0.0133445
0.0133445
0.0133445
0.0133445
0.0133445
0.0133445
0.0133445
0.0133445
0.0133445
0.0133445
0.0133445
0.0133445
0.0133445
0.0133445
0.0133445
0.0133445
0.0133445
0.0133445
0.0133445
0.0133445
0.0133445
0.0133445
0.0133445
0.0133445
0.0133445
0.0133445
0.0133445
0.0133445
0.0133445
0.0133445
0.0133445
0.0133445
0.0133445
0.0133445
0.0133445
0.0133445
0.0133445
0.0133445
0.0133445
0.0133445
0.0133445
0.0133445
0.0133445
0.0133445
0.0133445
0.0133445
0.0133445
0.0133445
0.0133445
0.0133445
0.0133445
0.0133445
0.0133445
0.0133445
0.0133445
0.0133445
0.0133445
0.0133445
0.0133445
0.0133445
0.0133445
0.0133445
0.0133445
0.0133445
0.0133445
0.0133445
0.0133445
0.0133445
0.0133445
0.0133445
0.0133445
0.0133445
0.0133445
0.0133445
0.0133445
0.0133445
0.0133445
0.0133445
0.0133445
0.0133445
0.0133445
0.0133445
0.0133445
0.0133445
0.0133445
0.0133445
0.0133445
0.0133445
0.0133445
0.0133445
0.0133445
0.0133445
0.0133445
0.0133445
0.0133445
0.0133445
0.0133445
0.0133445
0.0133445
0.0133445
0.0133445
0.0133445
0.0133445
0.0133445
0.0133445
0.0133445
0.0133445
0.0133445
0.0133445
0.0133445
0.0133445
0.0133445
0.0133445
0.0133445
0.0133445
0.0133445
0.0133445
0.0133445
0.0133445
0.0133445
0.0133445
0.0133445
0.0133445
0.0133445
0.0133445
0.0133445
0.0133445
0.0133445
0.0133445
0.0133445
0.0133445
0.0133445
0.0133445
0.0133445
0.0133445
0.0133445
0.0133445
0.0133445
0.0133445
0.0133445
0.0133445
0.0133445
0.0133445
0.0133445
0.0133445
0.0133445
0.0133445
0.0133445
0.0133445
0.0133445
0.0133445
0.0133445
0.0133445
0.0133445
0.0133445
0.0133445
0.0133445
0.0133445
0.0133445
0.0133445
0.0133445
0.0133445
0.0133445
0.0133445
0.0133445
0.0133445
0.0133445
0.0133445
0.0133445
0.0133445
0.0133445
0.0133445
0.0133445
0.0133445
0.0133445
0.0133445
0.0133445
0.0133445
0.0133445
0.0133445
0.0133445
0.0133445
0.0133445
0.0133445
0.0133445
0.0133445
0.0133445
0.0133445
0.0133445
0.0133445
0.0133445
0.0133445
0.0133445
0.0133445
0.0133445
0.0133445
0.0133445
0.0133445
0.0133445
0.0133445
0.0133445
0.0133445
0.0133445
0.0133445
0.0133445
0.0133445
0.0133445
0.0133445
0.0133445
0.0133445
0.0133445
0.0133445
0.0133445
0.0133445
0.0133445
0.0133445
0.0133445
0.0133445
0.0133445
0.0133445
0.0133445
0.0133445
0.0133445
0.0133445
0.0133445
0.0133445
0.0133445
0.0133445
0.0133445
0.0133445
0.0133445
0.0133445
0.0133445
0.0133445
0.0133445
0.0133445
0.0133445
0.0133445
0.0133445
0.0133445
0.0133445
0.0133445
0.0133445
0.0133445
0.0133445
0.0133445
0.0133445
0.0133445
0.0133445
0.0133445
0.0133445
0.0133445
0.0133445
0.0133445
0.0133445
0.0133445
0.0133445
0.0133445
0.0133445
0.0133445
0.0133445
0.0133445
0.0133445
0.0133445
0.0133445
0.0133445
0.0133445
0.0133445
0.0133445
0.0133445
0.0133445
0.0133445
0.0133445
0.0133445
0.0133445
0.0133445
0.0133445
0.0133445
0.0133445
0.0133445
0.0133445
0.0133445
0.0133445
0.0133445
0.0133445
0.0133445
0.0133445
0.0133445
0.0133445
0.0133445
0.0133445
0.0133445
0.0133445
0.0133445
0.0133445
0.0133445
0.0133445
0.0133445
0.0133445
0.0133445
0.0133445
0.0133445
0.0133445
0.0133445
0.0133445
0.0133445
0.0133445
0.0133445
0.0133445
0.0133445
0.0133445
0.0133445
0.0133445
0.0133445
0.0133445
0.0133445
0.0133445
0.0133445
0.0133445
0.0133445
0.0133445
0.0133445
0.0133445
0.0133445
0.0133445
0.0133445
0.0133445
0.0133445
0.0133445
0.0133445
0.0133445
0.0133445
0.0133445
0.0133445
0.0133445
0.0133445
0.0133445
0.0133445
0.0133445
0.0133445
0.0133445
0.0133445
0.0133445
0.0133445
0.0133445
0.0133445
0.0133445
0.0133445
0.0133445
0.0133445
0.0133445
0.0133445
0.0133445
0.0133445
0.0133445
0.0133445
0.0133445
0.0133445
0.0133445
0.0133445
0.0133445
0.0133445
0.0133445
0.0133445
0.0133445
0.0133445
0.0133445
0.0133445
0.0133445
0.0133445
0.0133445
0.0133445
0.0133445
0.0133445
0.0133445
0.0133445
0.0133445
0.0133445
0.0133445
0.0133445
0.0133445
0.0133445
0.0133445
0.0133445
0.0133445
0.0133445
0.0133445
0.0133445
0.0133445
0.0133445
0.0133445
0.0133445
0.0133445
0.0133445
0.0133445
0.0133445
0.0133445
0.0133445
0.0133445
0.0133445
0.0133445
0.0133445
0.0133445
0.0133445
0.0133445
0.0133445
0.0133445
0.0133445
0.0133445
0.0133445
0.0133445
0.0133445
0.0133445
0.0133445
0.0133445
0.0133445
0.0133445
0.0133445
0.0133445
0.0133445
0.0133445
0.0133445
0.0133445
0.0133445
0.0133445
0.0133445
0.0133445
0.0133445
0.0133445
0.0133445
0.0133445
0.0133445
0.0133445
0.0133445
0.0133445
0.0133445
0.0133445
0.0133445
0.0133445
0.0133445
0.0133445
0.0133445
0.0133445
0.0133445
0.0133445
0.0133445
0.0133445
0.0133445
0.0133445
0.0133445
0.0133445
0.0133445
0.0133445
0.0133445
0.0133445
0.0133445
0.0133445
0.0133445
0.0133445
0.0133445
0.0133445
0.0133445
0.0133445
0.0133445
0.0133445
0.0133445
0.0133445
0.0133445
0.0133445
0.0133445
0.0133445
0.0133445
0.0133445
0.0133445
0.0133445
0.0133445
0.0133445
0.0133445
0.0133445
0.0133445
0.0133445
0.0133445
0.0133445
0.0133445
0.0133445
0.0133445
0.0133445
0.0133445
0.0133445
0.0133445
0.0133445
0.0133445
0.0133445
0.0133445
0.0133445
0.0133445
0.0133445
0.0133445
0.0133445
0.0133445
0.0133445
0.0133445
0.0133445
0.0133445
0.0133445
0.0133445
0.0133445
0.0133445
0.0133445
0.0133445
0.0133445
0.0133445
0.0133445
0.0133445
0.0133445
0.0133445
0.0133445
0.0133445
0.0133445
0.0133445
0.0133445
0.0133445
0.0133445
0.0133445
0.0133445
0.0133445
0.0133445
0.0133445
0.0133445
0.0133445
0.0133445
0.0133445
0.0133445
0.0133445
0.0133445
0.0133445
0.0133445
0.0133445
0.0133445
0.0133445
0.0133445
0.0133445
0.0133445
0.0133445
0.0133445
0.0133445
0.0133445
0.0133445
0.0133445
0.0133445
0.0133445
0.0133445
0.0133445
0.0133445
0.0133445
0.0133445
0.0133445
0.0133445
0.0133445
0.0133445
0.0133445
0.0133445
0.0133445
0.0133445
0.0133445
0.0133445
0.0133445
0.0133445
0.0133445
0.0133445
0.0133445
0.0133445
0.0133445
0.0133445
0.0133445
0.0133445
0.0133445
0.0133445
0.0133445
0.0133445
0.0133445
0.0133445
0.0133445
0.0133445
0.0133445
0.0133445
0.0133445
0.0133445
0.0133445
0.0133445
0.0133445
0.0133445
0.0133445
0.0133445
0.0133445
0.0133445
0.0133445
0.0133445
0.0133445
0.0133445
0.0133445
0.0133445
0.0133445
0.0133445
0.0133445
0.0133445
0.0133445
0.0133445
0.0133445
0.0133445
0.0133445
0.0133445
0.0133445
0.0133445
0.0133445
0.0133445
0.0133445
0.0133445
0.0133445
0.0133445
0.0133445
0.0133445
0.0133445
0.0133445
0.0133445
0.0133445
0.0133445
0.0133445
0.0133445
0.0133445
0.0133445
0.0133445
0.0133445
0.0133445
0.0133445
0.0133445
0.0133445
0.0133445
0.0133445
0.0133445
0.0133445
0.0133445
0.0133445
0.0133445
0.0133445
0.0133445
0.0133445
0.0133445
0.0133445
0.0133445
0.0133445
0.0133445
0.0133445
0.0133445
0.0133445
0.0133445
0.0133445
0.0133445
0.0133445
0.0133445
0.0133445
0.0133445
0.0133445
0.0133445
0.0133445
0.0133445
0.0133445
0.0133445
0.0133445
0.0133445
0.0133445
0.0133445
0.0133445
0.0133445
0.0133445
0.0133445
0.0133445
0.0133445
0.0133445
0.0133445
0.0133445
0.0133445
0.0133445
0.0133445
0.0133445
0.0133445
0.0133445
0.0133445
0.0133445
0.0133445
0.0133445
0.0133445
0.0133445
0.0133445
0.0133445
0.0133445
0.0133445
0.0133445
0.0133445
0.0133445
0.0133445
0.0133445
0.0133445
0.0133445
0.0133445
0.0133445
0.0133445
0.0133445
0.0133445
0.0133445
0.0133445
0.0133445
0.0133445
0.0133445
0.0133445
0.0133445
0.0133445
0.0133445
0.0133445
0.0133445
0.0133445
0.0133445
0.0133445
0.0133445
0.0133445
0.0133445
0.0133445
0.0133445
0.0133445
0.0133445
0.0133445
0.0133445
0.0133445
0.0133445
0.0133445
0.0133445
0.0133445
0.0133445
0.0133445
0.0133445
0.0133445
0.0133445
0.0133445
0.0133445
0.0133445
0.0133445
0.0133445
0.0133445
0.0133445
0.0133445
0.0133445
0.0133445
0.0133445
0.0133445
0.0133445
0.0133445
0.0133445
0.0133445
0.0133445
0.0133445
0.0133445
0.0133445
0.0133445
0.0133445
0.0133445
0.0133445
0.0133445
0.0133445
0.0133445
0.0133445
0.0133445
0.0133445
0.0133445
0.0133445
0.0133445
0.0133445
0.0133445
0.0133445
0.0133445
0.0133445
0.0133445
0.0133445
0.0133445
0.0133445
0.0133445
0.0133445
0.0133445
0.0133445
0.0133445
0.0133445
0.0133445
0.0133445
0.0133445
0.0133445
0.0133445
0.0133445
0.0133445
0.0133445
0.0133445
0.0133445
0.0133445
0.0133445
0.0133445
0.0133445
0.0133445
0.0133445
0.0133445
0.0133445
0.0133445
0.0133445
0.0133445
0.0133445
0.0133445
0.0133445
0.0133445
0.0133445
0.0133445
0.0133445
0.0133445
0.0133445
0.0133445
0.0133445
0.0133445
0.0133445
0.0133445
0.0133445
0.0133445
0.0133445
0.0133445
0.0133445
0.0133445
0.0133445
0.0133445
0.0133445
0.0133445
0.0133445
0.0133445
0.0133445
0.0133445
0.0133445
0.0133445
0.0133445
0.0133445
0.0133445
0.0133445
0.0133445
0.0133445
0.0133445
0.0133445
0.0133445
0.0133445
0.0133445
0.0133445
0.0133445
0.0133445
0.0133445
0.0133445
0.0133445
0.0133445
0.0133445
0.0133445
0.0133445
0.0133445
0.0133445
0.0133445
0.0133445
0.0133445
0.0133445
0.0133445
0.0133445
0.0133445
0.0133445
0.0133445
0.0133445
0.0133445
0.0133445
0.0133445
0.0133445
0.0133445
0.0133445
0.0133445
0.0133445
0.0133445
0.0133445
0.0133445
0.0133445
0.0133445
0.0133445
0.0133445
0.0133445
0.0133445
0.0133445
0.0133445
0.0133445
0.0133445
0.0133445
0.0133445
0.0133445
0.0133445
0.0133445
0.0133445
0.0133445
0.0133445
0.0133445
0.0133445
0.0133445
0.0133445
0.0133445
0.0133445
0.0133445
0.0133445
0.0133445
0.0133445
0.0133445
0.0133445
0.0133445
0.0133445
0.0133445
0.0133445
0.0133445
0.0133445
0.0133445
0.0133445
0.0133445
0.0133445
0.0133445
0.0133445
0.0133445
0.0133445
0.0133445
0.0133445
0.0133445
0.0133445
0.0133445
0.0133445
0.0133445
0.0133445
0.0133445
0.0133445
0.0133445
0.0133445
0.0133445
0.0133445
0.0133445
0.0133445
0.0133445
0.0133445
0.0133445
0.0133445
0.0133445
0.0133445
0.0133445
0.0133445
0.0133445
0.0133445
0.0133445
0.0133445
0.0133445
0.0133445
0.0133445
0.0133445
0.0133445
0.0133445
0.0133445
0.0133445
0.0133445
0.0133445
0.0133445
0.0133445
0.0133445
0.0133445
0.0133445
0.0133445
0.0133445
0.0133445
0.0133445
0.0133445
0.0133445
0.0133445
0.0133445
0.0133445
0.0133445
0.0133445
0.0133445
0.0133445
0.0133445
0.0133445
0.0133445
0.0133445
0.0133445
0.0133445
0.0133445
0.0133445
0.0133445
0.0133445
0.0133445
0.0133445
0.0133445
0.0133445
0.0133445
0.0133445
0.0133445
0.0133445
0.0133445
0.0133445
0.0133445
0.0133445
0.0133445
0.0133445
0.0133445
0.0133445
0.0133445
0.0133445
0.0133445
0.0133445
0.0133445
0.0133445
0.0133445
0.0133445
0.0133445
0.0133445
0.0133445
0.0133445
0.0133445
0.0133445
0.0133445
0.0133445
0.0133445
0.0133445
0.0133445
0.0133445
0.0133445
0.0133445
0.0133445
0.0133445
0.0133445
0.0133445
0.0133445
0.0133445
0.0133445
0.0133445
0.0133445
0.0133445
0.0133445
0.0133445
0.0133445
0.0133445
0.0133445
0.0133445
0.0133445
0.0133445
0.0133445
0.0133445
0.0133445
0.0133445
0.0133445
0.0133445
0.0133445
0.0133445
0.0133445
0.0133445
0.0133445
0.0133445
0.0133445
0.0133445
0.0133445
0.0133445
0.0133445
0.0133445
0.0133445
0.0133445
0.0133445
0.0133445
0.0133445
0.0133445
0.0133445
0.0133445
0.0133445
0.0133445
0.0133445
0.0133445
0.0133445
0.0133445
0.0133445
0.0133445
0.0133445
0.0133445
0.0133445
0.0133445
0.0133445
0.0133445
0.0133445
0.0133445
0.0133445
0.0133445
0.0133445
0.0133445
0.0133445
0.0133445
0.0133445
0.0133445
0.0133445
0.0133445
0.0133445
0.0133445
0.0133445
0.0133445
0.0133445
0.0133445
0.0133445
0.0133445
0.0133445
0.0133445
0.0133445
0.0133445
0.0133445
0.0133445
0.0133445
0.0133445
0.0133445
0.0133445
0.0133445
0.0133445
0.0133445
0.0133445
0.0133445
0.0133445
0.0133445
0.0133445
0.0133445
0.0133445
0.0133445
0.0133445
0.0133445
0.0133445
0.0133445
0.0133445
0.0133445
0.0133445
0.0133445
0.0133445
0.0133445
0.0133445
0.0133445
0.0133445
0.0133445
0.0133445
0.0133445
0.0133445
0.0133445
0.0133445
0.0133445
0.0133445
0.0133445
0.0133445
0.0133445
0.0133445
0.0133445
0.0133445
0.0133445
0.0133445
0.0133445
0.0133445
0.0133445
0.0133445
0.0133445
0.0133445
0.0133445
0.0133445
0.0133445
0.0133445
0.0133445
0.0133445
0.0133445
0.0133445
0.0133445
0.0133445
0.0133445
0.0133445
0.0133445
0.0133445
0.0133445
0.0133445
0.0133445
0.0133445
0.0133445
0.0133445
0.0133445
0.0133445
0.0133445
0.0133445
0.0133445
0.0133445
0.0133445
0.0133445
0.0133445
0.0133445
0.0133445
0.0133445
0.0133445
0.0133445
0.0133445
0.0133445
0.0133445
0.0133445
0.0133445
0.0133445
0.0133445
0.0133445
0.0133445
0.0133445
0.0133445
0.0133445
0.0133445
0.0133445
0.0133445
0.0133445
0.0133445
0.0133445
0.0133445
0.0133445
0.0133445
0.0133445
0.0133445
0.0133445
0.0133445
0.0133445
0.0133445
0.0133445
0.0133445
0.0133445
0.0133445
0.0133445
0.0133445
0.0133445
0.0133445
0.0133445
0.0133445
0.0133445
0.0133445
0.0133445
0.0133445
0.0133445
0.0133445
0.0133445
0.0133445
0.0133445
0.0133445
0.0133445
0.0133445
0.0133445
0.0133445
0.0133445
0.0133445
0.0133445
0.0133445
0.0133445
0.0133445
0.0133445
0.0133445
0.0133445
0.0133445
0.0133445
0.0133445
0.0133445
0.0133445
0.0133445
0.0133445
0.0133445
0.0133445
0.0133445
0.0133445
0.0133445
0.0133445
0.0133445
0.0133445
0.0133445
0.0133445
0.0133445
0.0133445
0.0133445
0.0133445
0.0133445
0.0133445
0.0133445
0.0133445
0.0133445
0.0133445
0.0133445
0.0133445
0.0133445
0.0133445
0.0133445
0.0133445
0.0133445
0.0133445
0.0133445
0.0133445
0.0133445
0.0133445
0.0133445
0.0133445
0.0133445
0.0133445
0.0133445
0.0133445
0.0133445
0.0133445
0.0133445
0.0133445
0.0133445
0.0133445
0.0133445
0.0133445
0.0133445
0.0133445
0.0133445
0.0133445
0.0133445
0.0133445
0.0133445
0.0133445
0.0133445
0.0133445
0.0133445
0.0133445
0.0133445
0.0133445
0.0133445
0.0133445
0.0133445
0.0133445
0.0133445
0.0133445
0.0133445
0.0133445
0.0133445
0.0133445
0.0133445
0.0133445
0.0133445
0.0133445
0.0133445
0.0133445
0.0133445
0.0133445
0.0133445
0.0133445
0.0133445
0.0133445
0.0133445
0.0133445
0.0133445
0.0133445
0.0133445
0.0133445
0.0133445
0.0133445
0.0133445
0.0133445
0.0133445
0.0133445
0.0133445
0.0133445
0.0133445
0.0133445
0.0133445
0.0133445
0.0133445
0.0133445
0.0133445
0.0133445
0.0133445
0.0133445
0.0133445
0.0133445
0.0133445
0.0133445
0.0133445
0.0133445
0.0133445
0.0133445
0.0133445
0.0133445
0.0133445
0.0133445
0.0133445
0.0133445
0.0133445
0.0133445
0.0133445
0.0133445
0.0133445
0.0133445
0.0133445
0.0133445
0.0133445
0.0133445
0.0133445
0.0133445
0.0133445
0.0133445
0.0133445
0.0133445
0.0133445
0.0133445
0.0133445
0.0133445
0.0133445
0.0133445
0.0133445
0.0133445
0.0133445
0.0133445
0.0133445
0.0133445
0.0133445
0.0133445
0.0133445
0.0133445
0.0133445
0.0133445
0.0133445
0.0133445
0.0133445
0.0133445
0.0133445
0.0133445
0.0133445
0.0133445
0.0133445
0.0133445
0.0133445
0.0133445
0.0133445
0.0133445
0.0133445
0.0133445
0.0133445
0.0133445
0.0133445
0.0133445
0.0133445
0.0133445
0.0133445
0.0133445
0.0133445
0.0133445
0.0133445
0.0133445
0.0133445
0.0133445
0.0133445
0.0133445
0.0133445
0.0133445
0.0133445
0.0133445
0.0133445
0.0133445
0.0133445
0.0133445
0.0133445
0.0133445
0.0133445
0.0133445
0.0133445
0.0133445
0.0133445
0.0133445
0.0133445
0.0133445
0.0133445
0.0133445
0.0133445
0.0133445
0.0133445
0.0133445
0.0133445
0.0133445
0.0133445
0.0133445
0.0133445
0.0133445
0.0133445
0.0133445
0.0133445
0.0133445
0.0133445
0.0133445
0.0133445
0.0133445
0.0133445
0.0133445
0.0133445
0.0133445
0.0133445
0.0133445
0.0133445
0.0133445
0.0133445
0.0133445
0.0133445
0.0133445
0.0133445
0.0133445
0.0133445
0.0133445
0.0133445
0.0133445
0.0133445
0.0133445
0.0133445
0.0133445
0.0133445
0.0133445
0.0133445
0.0133445
0.0133445
0.0133445
0.0133445
0.0133445
0.0133445
0.0133445
0.0133445
0.0133445
0.0133445
0.0133445
0.0133445
0.0133445
0.0133445
0.0133445
0.0133445
0.0133445
0.0133445
0.0133445
0.0133445
0.0133445
0.0133445
0.0133445
0.0133445
0.0133445
0.0133445
0.0133445
0.0133445
0.0133445
0.0133445
0.0133445
0.0133445
0.0133445
0.0133445
0.0133445
0.0133445
0.0133445
0.0133445
0.0133445
0.0133445
0.0133445
0.0133445
0.0133445
0.0133445
0.0133445
0.0133445
0.0133445
0.0133445
0.0133445
0.0133445
0.0133445
0.0133445
0.0133445
0.0133445
0.0133445
0.0133445
0.0133445
0.0133445
0.0133445
0.0133445
0.0133445
0.0133445
0.0133445
0.0133445
0.0133445
0.0133445
0.0133445
0.0133445
0.0133445
0.0133445
0.0133445
0.0133445
0.0133445
0.0133445
0.0133445
0.0133445
0.0133445
0.0133445
0.0133445
0.0133445
0.0133445
0.0133445
0.0133445
0.0133445
0.0133445
0.0133445
0.0133445
0.0133445
0.0133445
0.0133445
0.0133445
0.0133445
0.0133445
0.0133445
0.0133445
0.0133445
0.0133445
0.0133445
0.0133445
0.0133445
0.0133445
