0.5
0.495025
0.490099
0.485223
0.480395
0.475615
0.470882
0.466197
0.461558
0.456966
0.452419
0.447917
0.44346
0.439048
0.434679
0.430354
0.426072
0.421832
0.417635
0.41348
0.409365
0.405292
0.401259
0.397267
0.393314
0.3894
0.385526
0.38169
0.377892
0.374132
0.370409
0.366723
0.363075
0.359462
0.355885
0.352344
0.348838
0.345367
0.341931
0.338528
0.33516
0.331825
0.328523
0.325255
0.322018
0.318814
0.315642
0.312501
0.309392
0.306313
0.303265
0.300248
0.29726
0.294302
0.291374
0.288475
0.285605
0.282763
0.279949
0.277164
0.274406
0.271675
0.268972
0.266296
0.263646
0.261023
0.258426
0.255854
0.253309
0.250788
0.248293
0.245822
0.243376
0.240955
0.238557
0.236184
0.233833
0.231507
0.229203
0.226923
0.224665
0.22243
0.220216
0.218025
0.215856
0.213708
0.211582
0.209477
0.207393
0.20533
0.203287
0.201264
0.199262
0.19728
0.195317
0.193374
0.19145
0.189546
0.187661
0.185794
0.183946
0.182117
0.180305
0.178512
0.176737
0.17498
0.17324
0.171518
0.169813
0.168125
0.166454
0.1648
0.163163
0.161542
0.159938
0.15835
0.156778
0.155222
0.153682
0.152157
0.150649
0.149155
0.147677
0.146215
0.144767
0.143334
0.141917
0.140514
0.139126
0.137753
0.136394
0.13505
0.13372
0.132404
0.131103
0.129816
0.128543
0.127285
0.12604
0.124809
0.123593
0.12239
0.121201
0.120027
0.118866
0.117719
0.116586
0.115467
0.114362
0.11327
0.112193
0.11113
0.110081
0.109046
0.108025
0.107019
0.106026
0.105049
0.104085
0.103136
0.102202
0.101283
0.100378
0.0994889
0.0986146
0.0977556
0.096912
0.096084
0.0952717
0.0944754
0.0936951
0.0929311
0.0921836
0.0914528
0.0907388
0.0900419
0.0893622
0.0887001
0.0880558
0.0874294
0.0868212
0.0862314
0.0856604
0.0851083
0.0845754
0.084062
0.0835683
0.0830946
0.0826412
0.0822083
0.0817962
0.0814051
0.0810354
0.0806872
0.080361
0.0800568
0.079775
0.0795159
0.0792797
0.0790666
0.0788768
0.0787107
0.0785684
0.0784502
0.0783562
0.0782867
0.0782418
0.0782217
0.0782267
0.0782567
0.0783121
0.0783928
0.0784991
0.078631
0.0787885
0.0789718
0.0791809
0.0794157
0.0796764
0.079963
0.0802752
0.0806133
0.0809769
0.0813662
0.0817809
0.082221
0.0826863
0.0831766
0.0836918
0.0842316
0.0847958
0.0853843
0.0859967
0.0866327
0.0872922
0.0879747
0.08868
0.0894077
0.0901575
0.090929
0.0917219
0.0925357
0.0933701
0.0942248
0.0950992
0.0959929
0.0969056
0.0978369
0.0987862
0.0997531
0.100737
0.101738
0.102756
0.103789
0.104837
0.105901
0.106979
0.108072
0.109178
0.110297
0.11143
0.112574
0.113731
0.1149
0.116079
0.11727
0.118471
0.119682
0.120903
0.122133
0.123373
0.12462
0.125877
0.127141
0.128413
0.129692
0.130979
0.132272
0.133571
0.134877
0.136189
0.137506
0.138829
0.140157
0.14149
0.142828
0.14417
0.145516
0.146866
0.14822
0.149578
0.15094
0.152304
0.153672
0.155042
0.156416
0.157792
0.15917
0.160551
0.161934
0.163319
0.164705
0.166094
0.167484
0.168876
0.170269
0.171664
0.173059
0.174456
0.175854
0.177253
0.178652
0.180053
0.181454
0.182855
0.184257
0.18566
0.187063
0.188466
0.189869
0.191273
0.192676
0.19408
0.195483
0.196887
0.19829
0.199694
0.201097
0.202499
0.203902
0.205304
0.206705
0.208106
0.209507
0.210907
0.212307
0.213706
0.215104
0.216502
0.217899
0.219295
0.22069
0.222085
0.223479
0.224872
0.226264
0.227655
0.229046
0.230435
0.231823
0.233211
0.234597
0.235982
0.237367
0.23875
0.240132
0.241513
0.242893
0.244272
0.245649
0.247026
0.248401
0.249775
0.251147
0.252519
0.253889
0.255258
0.256626
0.257992
0.259357
0.260721
0.262083
0.263445
0.264804
0.266163
0.26752
0.268875
0.270229
0.271582
0.272933
0.274283
0.275632
0.276979
0.278324
0.279668
0.281011
0.282352
0.283692
0.28503
0.286367
0.287702
0.289035
0.290368
0.291698
0.293027
0.294355
0.295681
0.297005
0.298328
0.299649
0.300969
0.302287
0.303603
0.304918
0.306231
0.307543
0.308853
0.310162
0.311469
0.312774
0.314078
0.31538
0.31668
0.317979
0.319276
0.320571
0.321865
0.323157
0.324448
0.325736
0.327023
0.328309
0.329593
0.330875
0.332155
0.333434
0.334711
0.335987
0.33726
0.338532
0.339802
0.341071
0.342338
0.343603
0.344867
0.346128
0.347388
0.348647
0.349903
0.351158
0.352411
0.353663
0.354912
0.35616
0.357406
0.358651
0.359894
0.361134
0.362374
0.363611
0.364847
0.366081
0.367313
0.368543
0.369772
0.370999
0.372224
0.373447
0.374668
0.375888
0.377106
0.378322
0.379537
0.380749
0.38196
0.383169
0.384376
0.385581
0.386785
0.387986
0.389186
0.390384
0.391581
0.392775
0.393968
0.395159
0.396347
0.397535
0.39872
0.399903
0.401085
0.402265
0.403442
0.404619
0.405793
0.406965
0.408135
0.409304
0.410471
0.411636
0.412799
0.41396
0.415119
0.416276
0.417432
0.418585
0.419737
0.420886
0.422034
0.42318
0.424324
0.425466
0.426607
0.427745
0.428881
0.430016
0.431148
0.432279
0.433407
0.434534
0.435659
0.436782
0.437902
0.439021
0.440138
0.441253
0.442366
0.443477
0.444586
0.445693
0.446799
0.447902
0.449003
0.450102
0.451199
0.452294
0.453387
0.454479
0.455568
0.456655
0.45774
0.458823
0.459904
0.460983
0.46206
0.463135
0.464208
0.465279
0.466348
0.467414
0.468479
0.469542
0.470602
0.471661
0.472717
0.473771
0.474823
0.475873
0.476921
0.477967
0.479011
0.480053
0.481092
0.48213
0.483165
0.484198
0.485229
0.486258
0.487284
0.488309
0.489331
0.490351
0.491369
0.492385
0.493399
0.49441
0.495419
0.496427
0.497431
0.498434
0.499434
0.500432
0.501428
0.502422
0.503414
0.504403
0.50539
0.506374
0.507357
0.508337
0.509315
0.51029
0.511264
0.512234
0.513203
0.51417
0.515134
0.516095
0.517055
0.518012
0.518967
0.519919
0.520869
0.521817
0.522762
0.523705
0.524646
0.525584
0.52652
0.527453
0.528384
0.529313
0.530239
0.531163
0.532084
0.533003
0.53392
0.534834
0.535746
0.536655
0.537562
0.538466
0.539368
0.540267
0.541164
0.542059
0.542951
0.54384
0.544727
0.545612
0.546494
0.547374
0.548251
0.549125
0.549997
0.550867
0.551734
0.552598
0.55346
0.55432
0.555177
0.556031
0.556883
0.557732
0.558579
0.559423
0.560265
0.561104
0.56194
0.562774
0.563605
0.564434
0.56526
0.566084
0.566905
0.567724
0.568539
0.569353
0.570163
0.570971
0.571777
0.57258
0.57338
0.574178
0.574973
0.575765
0.576555
0.577342
0.578127
0.578909
0.579688
0.580465
0.581239
0.582011
0.58278
0.583546
0.58431
0.585071
0.585829
0.586585
0.587338
0.588089
0.588837
0.589582
0.590325
0.591065
0.591802
0.592537
0.593269
0.593999
0.594726
0.59545
0.596172
0.596891
0.597607
0.598321
0.599032
0.599741
0.600447
0.60115
0.60185
0.602549
0.603244
0.603937
0.604627
0.605315
0.606
0.606682
0.607362
0.608039
0.608713
0.609385
0.610055
0.610721
0.611386
0.612047
0.612706
0.613363
0.614016
0.614668
0.615316
0.615962
0.616606
0.617247
0.617885
0.618521
0.619154
0.619784
0.620412
0.621038
0.621661
0.622281
0.622899
0.623514
0.624127
0.624737
0.625345
0.62595
0.626553
0.627153
0.627751
0.628346
0.628939
0.629529
0.630116
0.630701
0.631284
0.631864
0.632442
0.633017
0.63359
0.63416
0.634728
0.635293
0.635856
0.636416
0.636974
0.63753
0.638083
0.638633
0.639182
0.639727
0.640271
0.640812
0.64135
0.641886
0.64242
0.642952
0.643481
0.644007
0.644532
0.645053
0.645573
0.64609
0.646605
0.647118
0.647628
0.648136
0.648641
0.649144
0.649645
0.650144
0.65064
0.651134
0.651625
0.652115
0.652602
0.653087
0.653569
0.65405
0.654528
0.655004
0.655477
0.655948
0.656418
0.656884
0.657349
0.657812
0.658272
0.65873
0.659186
0.659639
0.660091
0.66054
0.660987
0.661432
0.661875
0.662316
0.662755
0.663191
0.663625
0.664057
0.664488
0.664916
0.665341
0.665765
0.666187
0.666607
0.667024
0.66744
0.667853
0.668264
0.668674
0.669081
0.669486
0.66989
0.670291
0.67069
0.671087
0.671483
0.671876
0.672267
0.672656
0.673044
0.673429
0.673812
0.674194
0.674573
0.674951
0.675327
0.6757
0.676072
0.676442
0.67681
0.677176
0.67754
0.677903
0.678263
0.678622
0.678978
0.679333
0.679686
0.680038
0.680387
0.680734
0.68108
0.681424
0.681766
0.682106
0.682445
0.682782
0.683117
0.68345
0.683781
0.684111
0.684439
0.684765
0.68509
0.685412
0.685733
0.686053
0.68637
0.686686
0.687
0.687313
0.687623
0.687933
0.68824
0.688546
0.68885
0.689152
0.689453
0.689752
0.69005
0.690346
0.69064
0.690933
0.691224
0.691514
0.691802
0.692088
0.692373
0.692656
0.692938
0.693218
0.693496
0.693773
0.694049
0.694323
0.694595
0.694866
0.695135
0.695403
0.695669
0.695934
0.696198
0.69646
0.69672
0.696979
0.697236
0.697493
0.697747
0.698
0.698252
0.698502
0.698751
0.698999
0.699245
0.699489
0.699732
0.699974
0.700215
0.700454
0.700691
0.700928
0.701163
0.701396
0.701628
0.701859
0.702089
0.702317
0.702544
0.70277
0.702994
0.703217
0.703438
0.703659
0.703878
0.704095
0.704312
0.704527
0.704741
0.704954
0.705165
0.705375
0.705584
0.705792
0.705998
0.706203
0.706407
0.70661
0.706812
0.707012
0.707211
0.707409
0.707606
0.707801
0.707996
0.708189
0.708381
0.708572
0.708761
0.70895
0.709137
0.709323
0.709509
0.709692
0.709875
0.710057
0.710238
0.710417
0.710595
0.710773
0.710949
0.711124
0.711298
0.711471
0.711643
0.711813
0.711983
0.712152
0.712319
0.712486
0.712651
0.712816
0.712979
0.713141
0.713303
0.713463
0.713622
0.713781
0.713938
0.714094
0.714249
0.714404
0.714557
0.714709
0.714861
0.715011
0.71516
0.715309
0.715456
0.715603
0.715748
0.715893
0.716036
0.716179
0.716321
0.716462
0.716602
0.716741
0.716879
0.717016
0.717152
0.717287
0.717422
0.717555
0.717688
0.71782
0.717951
0.718081
0.71821
0.718338
0.718466
0.718592
0.718718
0.718843
0.718967
0.71909
0.719212
0.719334
0.719455
0.719574
0.719694
0.719812
0.719929
0.720046
0.720161
0.720276
0.720391
0.720504
0.720617
0.720728
0.720839
0.72095
0.721059
0.721168
0.721276
0.721383
0.721489
0.721595
0.7217
0.721804
0.721908
0.72201
0.722112
0.722214
0.722314
0.722414
0.722513
0.722611
0.722709
0.722806
0.722902
0.722997
0.723092
0.723186
0.72328
0.723373
0.723465
0.723556
0.723647
0.723737
0.723826
0.723915
0.724003
0.72409
0.724177
0.724263
0.724348
0.724433
0.724517
0.724601
0.724684
0.724766
0.724847
0.724928
0.725009
0.725088
0.725168
0.725246
0.725324
0.725401
0.725478
0.725554
0.72563
0.725705
0.725779
0.725853
0.725926
0.725998
0.72607
0.726142
0.726213
0.726283
0.726353
0.726422
0.726491
0.726559
0.726626
0.726693
0.72676
0.726825
0.726891
0.726956
0.72702
0.727084
0.727147
0.72721
0.727272
0.727334
0.727395
0.727455
0.727516
0.727575
0.727634
0.727693
0.727751
0.727809
0.727866
0.727923
0.727979
0.728034
0.72809
0.728144
0.728199
0.728253
0.728306
0.728359
0.728411
0.728463
0.728515
0.728566
0.728616
0.728666
0.728716
0.728765
0.728814
0.728863
0.728911
0.728958
0.729005
0.729052
0.729098
0.729144
0.729189
0.729234
0.729279
0.729323
0.729367
0.72941
0.729453
0.729495
0.729538
0.729579
0.729621
0.729662
0.729702
0.729742
0.729782
0.729822
0.729861
0.729899
0.729937
0.729975
0.730013
0.73005
0.730087
0.730123
0.730159
0.730195
0.730231
0.730266
0.7303
0.730335
0.730368
0.730402
0.730435
0.730468
0.730501
0.730533
0.730565
0.730597
0.730628
0.730659
0.73069
0.73072
0.73075
0.73078
0.730809
0.730838
0.730867
0.730895
0.730923
0.730951
0.730979
0.731006
0.731033
0.731059
0.731086
0.731112
0.731137
0.731163
0.731188
0.731213
0.731238
0.731262
0.731286
0.73131
0.731333
0.731356
0.731379
0.731402
0.731424
0.731447
0.731469
0.73149
0.731512
0.731533
0.731554
0.731574
0.731594
0.731615
0.731634
0.731654
0.731673
0.731693
0.731711
0.73173
0.731749
0.731767
0.731785
0.731802
0.73182
0.731837
0.731854
0.731871
0.731887
0.731904
0.73192
0.731936
0.731952
0.731967
0.731982
0.731997
0.732012
0.732027
0.732041
0.732056
0.73207
0.732084
0.732097
0.732111
0.732124
0.732137
0.73215
0.732162
0.732175
0.732187
0.732199
0.732211
0.732223
0.732235
0.732246
0.732257
0.732268
0.732279
0.73229
0.7323
0.73231
0.732321
0.73233
0.73234
0.73235
0.732359
0.732369
0.732378
0.732387
0.732396
0.732404
0.732413
0.732421
0.732429
0.732437
0.732445
0.732453
0.732461
0.732468
0.732475
0.732482
0.73249
0.732496
0.732503
0.73251
0.732516
0.732522
0.732529
0.732535
0.732541
0.732546
0.732552
0.732557
0.732563
0.732568
0.732573
0.732578
0.732583
0.732588
0.732592
0.732597
0.732601
0.732606
0.73261
0.732614
0.732618
0.732622
0.732625
0.732629
0.732632
0.732636
0.732639
0.732642
0.732645
0.732648
0.732651
0.732654
0.732656
0.732659
0.732661
0.732663
0.732666
0.732668
0.73267
0.732672
0.732673
0.732675
0.732677
0.732678
0.73268
0.732681
0.732683
0.732684
0.732685
0.732686
0.732687
0.732688
0.732688
0.732689
0.73269
0.73269
0.732691
0.732691
0.732691
0.732692
0.732692
0.732692
0.732692
0.732692
0.732691
0.732691
0.732691
0.73269
0.73269
0.732689
0.732689
0.732688
0.732687
0.732687
0.732686
0.732685
0.732684
0.732683
0.732682
0.732681
0.732679
0.732678
0.732677
0.732675
0.732674
0.732672
0.732671
0.732669
0.732667
0.732666
0.732664
0.732662
0.73266
0.732658
0.732656
0.732654
0.732652
0.73265
0.732647
0.732645
0.732643
0.732641
0.732638
0.732636
0.732633
0.732631
0.732628
0.732625
0.732623
0.73262
0.732617
0.732614
0.732612
0.732609
0.732606
0.732603
0.7326
0.732597
0.732594
0.732591
0.732588
0.732584
0.732581
0.732578
0.732575
0.732571
0.732568
0.732565
0.732561
0.732558
0.732554
0.732551
0.732547
0.732544
0.73254
0.732537
0.732533
0.732529
0.732526
0.732522
0.732518
0.732514
0.732511
0.732507
0.732503
0.732499
0.732495
0.732491
0.732487
0.732483
0.732479
0.732475
0.732471
0.732467
0.732463
0.732459
0.732455
0.732451
0.732447
0.732443
0.732438
0.732434
0.73243
0.732426
0.732422
0.732417
0.732413
0.732409
0.732404
0.7324
0.732396
0.732391
0.732387
0.732383
0.732378
0.732374
0.732369
0.732365
0.732361
0.732356
0.732352
0.732347
0.732343
0.732338
0.732334
0.732329
0.732325
0.73232
0.732316
0.732311
0.732307
0.732302
0.732298
0.732293
0.732288
0.732284
0.732279
0.732275
0.73227
0.732265
0.732261
0.732256
0.732252
0.732247
0.732242
0.732238
0.732233
0.732229
0.732224
0.732219
0.732215
0.73221
0.732205
0.732201
0.732196
0.732191
0.732187
0.732182
0.732177
0.732173
0.732168
0.732163
0.732159
0.732154
0.732149
0.732145
0.73214
0.732136
0.732131
0.732126
0.732122
0.732117
0.732112
0.732108
0.732103
0.732098
0.732094
0.732089
0.732085
0.73208
0.732075
0.732071
0.732066
0.732062
0.732057
0.732052
0.732048
0.732043
0.732039
0.732034
0.732029
0.732025
0.73202
0.732016
0.732011
0.732007
0.732002
0.731998
0.731993
0.731989
0.731984
0.73198
0.731975
0.731971
0.731966
0.731962
0.731957
0.731953
0.731948
0.731944
0.73194
0.731935
0.731931
0.731926
0.731922
0.731918
0.731913
0.731909
0.731904
0.7319
0.731896
0.731891
0.731887
0.731883
0.731878
0.731874
0.73187
0.731866
0.731861
0.731857
0.731853
0.731849
0.731844
0.73184
0.731836
0.731832
0.731828
0.731824
0.731819
0.731815
0.731811
0.731807
0.731803
0.731799
0.731795
0.731791
0.731787
0.731783
0.731779
0.731775
0.73177
0.731766
0.731763
0.731759
0.731755
0.731751
0.731747
0.731743
0.731739
0.731735
0.731731
0.731727
0.731723
0.73172
0.731716
0.731712
0.731708
0.731704
0.731701
0.731697
0.731693
0.731689
0.731686
0.731682
0.731678
0.731674
0.731671
0.731667
0.731664
0.73166
0.731656
0.731653
0.731649
0.731646
0.731642
0.731638
0.731635
0.731631
0.731628
0.731624
0.731621
0.731618
0.731614
0.731611
0.731607
0.731604
0.731601
0.731597
0.731594
0.73159
0.731587
0.731584
0.731581
0.731577
0.731574
0.731571
0.731568
0.731564
0.731561
0.731558
0.731555
0.731552
0.731549
0.731545
0.731542
0.731539
0.731536
0.731533
0.73153
0.731527
0.731524
0.731521
0.731518
0.731515
0.731512
0.731509
0.731506
0.731503
0.731501
0.731498
0.731495
0.731492
0.731489
0.731486
0.731484
0.731481
0.731478
0.731475
0.731473
0.73147
0.731467
0.731465
0.731462
0.731459
0.731457
0.731454
0.731451
0.731449
0.731446
0.731444
0.731441
0.731439
0.731436
0.731434
0.731431
0.731429
0.731426
0.731424
0.731422
0.731419
0.731417
0.731415
0.731412
0.73141
0.731408
0.731405
0.731403
0.731401
0.731399
0.731396
0.731394
0.731392
0.73139
0.731388
0.731385
0.731383
0.731381
0.731379
0.731377
0.731375
0.731373
0.731371
0.731369
0.731367
0.731365
0.731363
0.731361
0.731359
0.731357
0.731355
0.731354
0.731352
0.73135
0.731348
0.731346
0.731344
0.731343
0.731341
0.731339
0.731337
0.731336
0.731334
0.731332
0.731331
0.731329
0.731327
0.731326
0.731324
0.731323
0.731321
0.73132
0.731318
0.731317
0.731315
0.731314
0.731312
0.731311
0.731309
0.731308
0.731306
0.731305
0.731304
0.731302
0.731301
0.7313
0.731298
0.731297
0.731296
0.731295
0.731293
0.731292
0.731291
0.73129
0.731289
0.731287
0.731286
0.731285
0.731284
0.731283
0.731282
0.731281
0.73128
0.731279
0.731278
0.731277
0.731276
0.731275
0.731274
0.731273
0.731272
0.731271
0.73127
0.731269
0.731268
0.731268
0.731267
0.731266
0.731265
0.731264
0.731264
0.731263
0.731262
0.731261
0.731261
0.73126
0.731259
0.731259
0.731258
0.731257
0.731257
0.731256
0.731256
0.731255
0.731255
0.731254
0.731254
0.731253
0.731253
0.731252
0.731252
0.731251
0.731251
0.73125
0.73125
0.73125
0.731249
0.731249
0.731248
0.731248
0.731248
0.731248
0.731247
0.731247
0.731247
0.731246
0.731246
0.731246
0.731246
0.731246
0.731245
0.731245
0.731245
0.731245
0.731245
0.731245
0.731245
0.731245
0.731245
0.731245
0.731245
0.731245
0.731245
0.731245
0.731245
0.731245
0.731245
0.731245
0.731245
0.731245
0.731245
0.731245
0.731245
0.731245
0.731246
0.731246
0.731246
0.731246
0.731246
0.731247
0.731247
0.731247
0.731247
0.731248
0.731248
0.731248
0.731249
0.731249
0.731249
0.73125
0.73125
0.73125
0.731251
0.731251
0.731252
0.731252
0.731253
0.731253
0.731253
0.731254
0.731254
0.731255
0.731255
0.731256
0.731257
0.731257
0.731258
0.731258
0.731259
0.731259
0.73126
0.731261
0.731261
0.731262
0.731263
0.731263
0.731264
0.731265
0.731265
0.731266
0.731267
0.731268
0.731268
0.731269
0.73127
0.731271
0.731271
0.731272
0.731273
0.731274
0.731275
0.731276
0.731277
0.731277
0.731278
0.731279
0.73128
0.731281
0.731282
0.731283
0.731284
0.731285
0.731286
0.731287
0.731288
0.731289
0.73129
0.731291
0.731292
0.731293
0.731294
0.731295
0.731296
0.731297
0.731298
0.731299
0.7313
0.731301
0.731303
0.731304
0.731305
0.731306
0.731307
0.731308
0.73131
0.731311
0.731312
0.731313
0.731314
0.731316
0.731317
0.731318
0.731319
0.731321
0.731322
0.731323
0.731324
0.731326
0.731327
0.731328
0.73133
0.731331
0.731332
0.731334
0.731335
0.731336
0.731338
0.731339
0.73134
0.731342
0.731343
0.731345
0.731346
0.731348
0.731349
0.73135
0.731352
0.731353
0.731355
0.731356
0.731358
0.731359
0.731361
0.731362
0.731364
0.731365
0.731367
0.731368
0.73137
0.731371
0.731373
0.731374
0.731376
0.731378
0.731379
0.731381
0.731382
0.731384
0.731385
0.731387
0.731389
0.73139
0.731392
0.731394
0.731395
0.731397
0.731398
0.7314
0.731402
0.731403
0.731405
0.731407
0.731408
0.73141
0.731412
0.731414
0.731415
0.731417
0.731419
0.73142
0.731422
0.731424
0.731426
0.731427
0.731429
0.731431
0.731433
0.731434
0.731436
0.731438
0.73144
0.731441
0.731443
0.731445
0.731447
0.731449
0.73145
0.731452
0.731454
0.731456
0.731458
0.731459
0.731461
0.731463
0.731465
0.731467
0.731469
0.73147
0.731472
0.731474
0.731476
0.731478
0.73148
0.731482
0.731484
0.731485
0.731487
0.731489
0.731491
0.731493
0.731495
0.731497
0.731499
0.731501
0.731502
0.731504
0.731506
0.731508
0.73151
0.731512
0.731514
0.731516
0.731518
0.73152
0.731522
0.731524
0.731526
0.731528
0.731529
0.731531
0.731533
0.731535
0.731537
0.731539
0.731541
0.731543
0.731545
0.731547
0.731549
0.731551
0.731553
0.731555
0.731557
0.731559
0.731561
0.731563
0.731565
0.731567
0.731569
0.731571
0.731573
0.731575
0.731577
0.731579
0.731581
0.731583
0.731585
0.731587
0.731589
0.731591
0.731593
0.731595
0.731597
0.731599
0.731601
0.731603
0.731605
0.731607
0.731609
0.731611
0.731613
0.731615
0.731617
0.731619
0.731621
0.731623
0.731625
0.731627
0.731629
0.731631
0.731633
0.731635
0.731637
0.731639
0.731641
0.731643
0.731645
0.731648
0.73165
0.731652
0.731654
0.731656
0.731658
0.73166
0.731662
0.731664
0.731666
0.731668
0.73167
0.731672
0.731674
0.731676
0.731678
0.73168
0.731682
0.731684
0.731686
0.731688
0.73169
0.731692
0.731694
0.731696
0.731698
0.7317
0.731702
0.731704
0.731706
0.731708
0.73171
0.731712
0.731714
0.731717
0.731719
0.731721
0.731723
0.731725
0.731727
0.731729
0.731731
0.731733
0.731735
0.731737
0.731739
0.731741
0.731743
0.731745
0.731747
0.731749
0.731751
0.731753
0.731755
0.731757
0.731759
0.731761
0.731763
0.731765
0.731767
0.731769
0.731771
0.731773
0.731775
0.731777
0.731779
0.731781
0.731783
0.731785
0.731787
0.731789
0.731791
0.731793
0.731795
0.731797
0.731799
0.731801
0.731802
0.731804
0.731806
0.731808
0.73181
0.731812
0.731814
0.731816
0.731818
0.73182
0.731822
0.731824
0.731826
0.731828
0.73183
0.731832
0.731834
0.731836
0.731838
0.73184
0.731842
0.731843
0.731845
0.731847
0.731849
0.731851
0.731853
0.731855
0.731857
0.731859
0.731861
0.731863
0.731865
0.731866
0.731868
0.73187
0.731872
0.731874
0.731876
0.731878
0.73188
0.731882
0.731883
0.731885
0.731887
0.731889
0.731891
0.731893
0.731895
0.731897
0.731898
0.7319
0.731902
0.731904
0.731906
0.731908
0.73191
0.731911
0.731913
0.731915
0.731917
0.731919
0.731921
0.731922
0.731924
0.731926
0.731928
0.73193
0.731931
0.731933
0.731935
0.731937
0.731939
0.731941
0.731942
0.731944
0.731946
0.731948
0.731949
0.731951
0.731953
0.731955
0.731957
0.731958
0.73196
0.731962
0.731964
0.731965
0.731967
0.731969
0.731971
0.731972
0.731974
0.731976
0.731978
0.731979
0.731981
0.731983
0.731985
0.731986
0.731988
0.73199
0.731991
0.731993
0.731995
0.731997
0.731998
0.732
0.732002
0.732003
0.732005
0.732007
0.732008
0.73201
0.732012
0.732013
0.732015
0.732017
0.732018
0.73202
0.732022
0.732023
0.732025
0.732027
0.732028
0.73203
0.732032
0.732033
0.732035
0.732037
0.732038
0.73204
0.732041
0.732043
0.732045
0.732046
0.732048
0.73205
0.732051
0.732053
0.732054
0.732056
0.732057
0.732059
0.732061
0.732062
0.732064
0.732065
0.732067
0.732069
0.73207
0.732072
0.732073
0.732075
0.732076
0.732078
0.732079
0.732081
0.732082
0.732084
0.732085
0.732087
0.732089
0.73209
0.732092
0.732093
0.732095
0.732096
0.732098
0.732099
0.732101
0.732102
0.732104
0.732105
0.732107
0.732108
0.73211
0.732111
0.732112
0.732114
0.732115
0.732117
0.732118
0.73212
0.732121
0.732123
0.732124
0.732126
0.732127
0.732128
0.73213
0.732131
0.732133
0.732134
0.732135
0.732137
0.732138
0.73214
0.732141
0.732143
0.732144
0.732145
0.732147
0.732148
0.732149
0.732151
0.732152
0.732154
0.732155
0.732156
0.732158
0.732159
0.73216
0.732162
0.732163
0.732164
0.732166
0.732167
0.732168
0.73217
0.732171
0.732172
0.732174
0.732175
0.732176
0.732178
0.732179
0.73218
0.732182
0.732183
0.732184
0.732186
0.732187
0.732188
0.732189
0.732191
0.732192
0.732193
0.732194
0.732196
0.732197
0.732198
0.7322
0.732201
0.732202
0.732203
0.732205
0.732206
0.732207
0.732208
0.732209
0.732211
0.732212
0.732213
0.732214
0.732216
0.732217
0.732218
0.732219
0.73222
0.732222
0.732223
0.732224
0.732225
0.732226
0.732228
0.732229
0.73223
0.732231
0.732232
0.732233
0.732235
0.732236
0.732237
0.732238
0.732239
0.73224
0.732242
0.732243
0.732244
0.732245
0.732246
0.732247
0.732248
0.732249
0.732251
0.732252
0.732253
0.732254
0.732255
0.732256
0.732257
0.732258
0.732259
0.73226
0.732262
0.732263
0.732264
0.732265
0.732266
0.732267
0.732268
0.732269
0.73227
0.732271
0.732272
0.732273
0.732274
0.732275
0.732277
0.732278
0.732279
0.73228
0.732281
0.732282
0.732283
0.732284
0.732285
0.732286
0.732287
0.732288
0.732289
0.73229
0.732291
0.732292
0.732293
0.732294
0.732295
0.732296
0.732297
0.732298
0.732299
0.7323
0.732301
0.732302
0.732303
0.732304
0.732305
0.732306
0.732307
0.732308
0.732308
0.732309
0.73231
0.732311
0.732312
0.732313
0.732314
0.732315
0.732316
0.732317
0.732318
0.732319
0.73232
0.732321
0.732322
0.732322
0.732323
0.732324
0.732325
0.732326
0.732327
0.732328
0.732329
0.73233
0.732331
0.732331
0.732332
0.732333
0.732334
0.732335
0.732336
0.732337
0.732338
0.732338
0.732339
0.73234
0.732341
0.732342
0.732343
0.732343
0.732344
0.732345
0.732346
0.732347
0.732348
0.732349
0.732349
0.73235
0.732351
0.732352
0.732353
0.732353
0.732354
0.732355
0.732356
0.732357
0.732357
0.732358
0.732359
0.73236
0.732361
0.732361
0.732362
0.732363
0.732364
0.732365
0.732365
0.732366
0.732367
0.732368
0.732368
0.732369
0.73237
0.732371
0.732372
0.732372
0.732373
0.732374
0.732375
0.732375
0.732376
0.732377
0.732377
0.732378
0.732379
0.73238
0.73238
0.732381
0.732382
0.732383
0.732383
0.732384
0.732385
0.732385
0.732386
0.732387
0.732388
0.732388
0.732389
0.73239
0.73239
0.732391
0.732392
0.732392
0.732393
0.732394
0.732395
0.732395
0.732396
0.732397
0.732397
0.732398
0.732399
0.732399
0.7324
0.732401
0.732401
0.732402
0.732403
0.732403
0.732404
0.732405
0.732405
0.732406
0.732406
0.732407
0.732408
0.732408
0.732409
0.73241
0.73241
0.732411
0.732412
0.732412
0.732413
0.732413
0.732414
0.732415
0.732415
0.732416
0.732417
0.732417
0.732418
0.732418
0.732419
0.73242
0.73242
0.732421
0.732421
0.732422
0.732422
0.732423
0.732424
0.732424
0.732425
0.732425
0.732426
0.732427
0.732427
0.732428
0.732428
0.732429
0.732429
0.73243
0.732431
0.732431
0.732432
0.732432
0.732433
0.732433
0.732434
0.732434
0.732435
0.732436
0.732436
0.732437
0.732437
0.732438
0.732438
0.732439
0.732439
0.73244
0.73244
0.732441
0.732441
0.732442
0.732442
0.732443
0.732444
0.732444
0.732445
0.732445
0.732446
0.732446
0.732447
0.732447
0.732448
0.732448
0.732449
0.732449
0.73245
0.73245
0.732451
0.732451
0.732452
0.732452
0.732453
0.732453
0.732454
0.732454
0.732454
0.732455
0.732455
0.732456
0.732456
0.732457
0.732457
0.732458
0.732458
0.732459
0.732459
0.73246
0.73246
0.732461
0.732461
0.732461
0.732462
0.732462
0.732463
0.732463
0.732464
0.732464
0.732465
0.732465
0.732466
0.732466
0.732466
0.732467
0.732467
0.732468
0.732468
0.732469
0.732469
0.732469
0.73247
0.73247
0.732471
0.732471
0.732472
0.732472
0.732472
0.732473
0.732473
0.732474
0.732474
0.732474
0.732475
0.732475
0.732476
0.732476
0.732476
0.732477
0.732477
0.732478
0.732478
0.732478
0.732479
0.732479
0.73248
0.73248
0.73248
0.732481
0.732481
0.732482
0.732482
0.732482
0.732483
0.732483
0.732483
0.732484
0.732484
0.732485
0.732485
0.732485
0.732486
0.732486
0.732486
0.732487
0.732487
0.732487
0.732488
0.732488
0.732489
0.732489
0.732489
0.73249
0.73249
0.73249
0.732491
0.732491
0.732491
0.732492
0.732492
0.732492
0.732493
0.732493
0.732493
0.732494
0.732494
0.732494
0.732495
0.732495
0.732495
0.732496
0.732496
0.732496
0.732497
0.732497
0.732497
0.732498
0.732498
0.732498
0.732499
0.732499
0.732499
0.7325
0.7325
0.7325
0.732501
0.732501
0.732501
0.732502
0.732502
0.732502
0.732502
0.732503
0.732503
0.732503
0.732504
0.732504
0.732504
0.732505
0.732505
0.732505
0.732505
0.732506
0.732506
0.732506
0.732507
0.732507
0.732507
0.732508
0.732508
0.732508
0.732508
0.732509
0.732509
0.732509
0.73251
0.73251
0.73251
0.73251
0.732511
0.732511
0.732511
0.732511
0.732512
0.732512
0.732512
0.732513
0.732513
0.732513
0.732513
0.732514
0.732514
0.732514
0.732514
0.732515
0.732515
0.732515
0.732515
0.732516
0.732516
0.732516
0.732516
0.732517
0.732517
0.732517
0.732517
0.732518
0.732518
0.732518
0.732518
0.732519
0.732519
0.732519
0.732519
0.73252
0.73252
0.73252
0.73252
0.732521
0.732521
0.732521
0.732521
0.732522
0.732522
0.732522
0.732522
0.732522
0.732523
0.732523
0.732523
0.732523
0.732524
0.732524
0.732524
0.732524
0.732525
0.732525
0.732525
0.732525
0.732525
0.732526
0.732526
0.732526
0.732526
0.732527
0.732527
0.732527
0.732527
0.732527
0.732528
0.732528
0.732528
0.732528
0.732528
0.732529
0.732529
0.732529
0.732529
0.732529
0.73253
0.73253
0.73253
0.73253
0.73253
0.732531
0.732531
0.732531
0.732531
0.732531
0.732532
0.732532
0.732532
0.732532
0.732532
0.732533
0.732533
0.732533
0.732533
0.732533
0.732534
0.732534
0.732534
0.732534
0.732534
0.732535
0.732535
0.732535
0.732535
0.732535
0.732535
0.732536
0.732536
0.732536
0.732536
0.732536
0.732536
0.732537
0.732537
0.732537
0.732537
0.732537
0.732538
0.732538
0.732538
0.732538
0.732538
0.732538
0.732539
0.732539
0.732539
0.732539
0.732539
0.732539
0.73254
0.73254
0.73254
0.73254
0.73254
0.73254
0.732541
0.732541
0.732541
0.732541
0.732541
0.732541
0.732541
0.732542
0.732542
0.732542
0.732542
0.732542
0.732542
0.732543
0.732543
0.732543
0.732543
0.732543
0.732543
0.732543
0.732544
0.732544
0.732544
0.732544
0.732544
0.732544
0.732545
0.732545
0.732545
0.732545
0.732545
0.732545
0.732545
0.732546
0.732546
0.732546
0.732546
0.732546
0.732546
0.732546
0.732547
0.732547
0.732547
0.732547
0.732547
0.732547
0.732547
0.732547
0.732548
0.732548
0.732548
0.732548
0.732548
0.732548
0.732548
0.732549
0.732549
0.732549
0.732549
0.732549
0.732549
0.732549
0.732549
0.73255
0.73255
0.73255
0.73255
0.73255
0.73255
0.73255
0.73255
0.732551
0.732551
0.732551
0.732551
0.732551
0.732551
0.732551
0.732551
0.732551
0.732552
0.732552
0.732552
0.732552
0.732552
0.732552
0.732552
0.732552
0.732553
0.732553
0.732553
0.732553
0.732553
0.732553
0.732553
0.732553
0.732553
0.732554
0.732554
0.732554
0.732554
0.732554
0.732554
0.732554
0.732554
0.732554
0.732555
0.732555
0.732555
0.732555
0.732555
0.732555
0.732555
0.732555
0.732555
0.732555
0.732556
0.732556
0.732556
0.732556
0.732556
0.732556
0.732556
0.732556
0.732556
0.732556
0.732557
0.732557
0.732557
0.732557
0.732557
0.732557
0.732557
0.732557
0.732557
0.732557
0.732557
0.732558
0.732558
0.732558
0.732558
0.732558
0.732558
0.732558
0.732558
0.732558
0.732558
0.732559
0.732559
0.732559
0.732559
0.732559
0.732559
0.732559
0.732559
0.732559
0.732559
0.732559
0.732559
0.73256
0.73256
0.73256
0.73256
0.73256
0.73256
0.73256
0.73256
0.73256
0.73256
0.73256
0.73256
0.732561
0.732561
0.732561
0.732561
0.732561
0.732561
0.732561
0.732561
0.732561
0.732561
0.732561
0.732561
0.732562
0.732562
0.732562
0.732562
0.732562
0.732562
0.732562
0.732562
0.732562
0.732562
0.732562
0.732562
0.732562
0.732562
0.732563
0.732563
0.732563
0.732563
0.732563
0.732563
0.732563
0.732563
0.732563
0.732563
0.732563
0.732563
0.732563
0.732563
0.732564
0.732564
0.732564
0.732564
0.732564
0.732564
0.732564
0.732564
0.732564
0.732564
0.732564
0.732564
0.732564
0.732564
0.732565
0.732565
0.732565
0.732565
0.732565
0.732565
0.732565
0.732565
0.732565
0.732565
0.732565
0.732565
0.732565
0.732565
0.732565
0.732565
0.732566
0.732566
0.732566
0.732566
0.732566
0.732566
0.732566
0.732566
0.732566
0.732566
0.732566
0.732566
0.732566
0.732566
0.732566
0.732566
0.732566
0.732567
0.732567
0.732567
0.732567
0.732567
0.732567
0.732567
0.732567
0.732567
0.732567
0.732567
0.732567
0.732567
0.732567
0.732567
0.732567
0.732567
0.732567
0.732568
0.732568
0.732568
0.732568
0.732568
0.732568
0.732568
0.732568
0.732568
0.732568
0.732568
0.732568
0.732568
0.732568
0.732568
0.732568
0.732568
0.732568
0.732568
0.732568
0.732569
0.732569
0.732569
0.732569
0.732569
0.732569
0.732569
0.732569
0.732569
0.732569
0.732569
0.732569
0.732569
0.732569
0.732569
0.732569
0.732569
0.732569
0.732569
0.732569
0.732569
0.73257
0.73257
0.73257
0.73257
0.73257
0.73257
0.73257
0.73257
0.73257
0.73257
0.73257
0.73257
0.73257
0.73257
0.73257
0.73257
0.73257
0.73257
0.73257
0.73257
0.73257
0.73257
0.73257
0.73257
0.732571
0.732571
0.732571
0.732571
0.732571
0.732571
0.732571
0.732571
0.732571
0.732571
0.732571
0.732571
0.732571
0.732571
0.732571
0.732571
0.732571
0.732571
0.732571
0.732571
0.732571
0.732571
0.732571
0.732571
0.732571
0.732571
0.732572
0.732572
0.732572
0.732572
0.732572
0.732572
0.732572
0.732572
0.732572
0.732572
0.732572
0.732572
0.732572
0.732572
0.732572
0.732572
0.732572
0.732572
0.732572
0.732572
0.732572
0.732572
0.732572
0.732572
0.732572
0.732572
0.732572
0.732572
0.732572
0.732573
0.732573
0.732573
0.732573
0.732573
0.732573
0.732573
0.732573
0.732573
0.732573
0.732573
0.732573
0.732573
0.732573
0.732573
0.732573
0.732573
0.732573
0.732573
0.732573
0.732573
0.732573
0.732573
0.732573
0.732573
0.732573
0.732573
0.732573
0.732573
0.732573
0.732573
0.732573
0.732573
0.732574
0.732574
0.732574
0.732574
0.732574
0.732574
0.732574
0.732574
0.732574
0.732574
0.732574
0.732574
0.732574
0.732574
0.732574
0.732574
0.732574
0.732574
0.732574
0.732574
0.732574
0.732574
0.732574
0.732574
0.732574
0.732574
0.732574
0.732574
0.732574
0.732574
0.732574
0.732574
0.732574
0.732574
0.732574
0.732574
0.732574
0.732574
0.732575
0.732575
0.732575
0.732575
0.732575
0.732575
0.732575
0.732575
0.732575
0.732575
0.732575
0.732575
0.732575
0.732575
0.732575
0.732575
0.732575
0.732575
0.732575
0.732575
0.732575
0.732575
0.732575
0.732575
0.732575
0.732575
0.732575
0.732575
0.732575
0.732575
0.732575
0.732575
0.732575
0.732575
0.732575
0.732575
0.732575
0.732575
0.732575
0.732575
0.732575
0.732575
0.732575
0.732575
0.732575
0.732575
0.732576
0.732576
0.732576
0.732576
0.732576
0.732576
0.732576
0.732576
0.732576
0.732576
0.732576
0.732576
0.732576
0.732576
0.732576
0.732576
0.732576
0.732576
0.732576
0.732576
0.732576
0.732576
0.732576
0.732576
0.732576
0.732576
0.732576
0.732576
0.732576
0.732576
0.732576
0.732576
0.732576
0.732576
0.732576
0.732576
0.732576
0.732576
0.732576
0.732576
0.732576
0.732576
0.732576
0.732576
0.732576
0.732576
0.732576
0.732576
0.732576
0.732576
0.732576
0.732576
0.732576
0.732576
0.732576
0.732576
0.732576
0.732577
0.732577
0.732577
0.732577
0.732577
0.732577
0.732577
0.732577
0.732577
0.732577
0.732577
0.732577
0.732577
0.732577
0.732577
0.732577
0.732577
0.732577
0.732577
0.732577
0.732577
0.732577
0.732577
0.732577
0.732577
0.732577
0.732577
0.732577
0.732577
0.732577
0.732577
0.732577
0.732577
0.732577
0.732577
0.732577
0.732577
0.732577
0.732577
0.732577
0.732577
0.732577
0.732577
0.732577
0.732577
0.732577
0.732577
0.732577
0.732577
0.732577
0.732577
0.732577
0.732577
0.732577
0.732577
0.732577
0.732577
0.732577
0.732577
0.732577
0.732577
0.732577
0.732577
0.732577
0.732577
0.732577
0.732577
0.732577
0.732577
0.732577
0.732577
0.732577
0.732577
0.732577
0.732577
0.732577
0.732578
0.732578
0.732578
0.732578
0.732578
0.732578
0.732578
0.732578
0.732578
0.732578
0.732578
0.732578
0.732578
0.732578
0.732578
0.732578
0.732578
0.732578
0.732578
0.732578
0.732578
0.732578
0.732578
0.732578
0.732578
0.732578
0.732578
0.732578
0.732578
0.732578
0.732578
0.732578
0.732578
0.732578
0.732578
0.732578
0.732578
0.732578
0.732578
0.732578
0.732578
0.732578
0.732578
0.732578
0.732578
0.732578
0.732578
0.732578
0.732578
0.732578
0.732578
0.732578
0.732578
0.732578
0.732578
0.732578
0.732578
0.732578
0.732578
0.732578
0.732578
0.732578
0.732578
0.732578
0.732578
0.732578
0.732578
0.732578
0.732578
0.732578
0.732578
0.732578
0.732578
0.732578
0.732578
0.732578
0.732578
0.732578
0.732578
0.732578
0.732578
0.732578
0.732578
0.732578
0.732578
0.732578
0.732578
0.732578
0.732578
0.732578
0.732578
0.732578
0.732578
0.732578
0.732578
0.732578
0.732578
0.732578
0.732578
0.732578
0.732578
0.732578
0.732578
0.732578
0.732578
0.732578
0.732578
0.732578
0.732578
0.732578
0.732578
0.732578
0.732579
0.732579
0.732579
0.732579
0.732579
0.732579
0.732579
0.732579
0.732579
0.732579
0.732579
0.732579
0.732579
0.732579
0.732579
0.732579
0.732579
0.732579
0.732579
0.732579
0.732579
0.732579
0.732579
0.732579
0.732579
0.732579
0.732579
0.732579
0.732579
0.732579
0.732579
0.732579
0.732579
0.732579
0.732579
0.732579
0.732579
0.732579
0.732579
0.732579
0.732579
0.732579
0.732579
0.732579
0.732579
0.732579
0.732579
0.732579
0.732579
0.732579
0.732579
0.732579
0.732579
0.732579
0.732579
0.732579
0.732579
0.732579
0.732579
0.732579
0.732579
0.732579
0.732579
0.732579
0.732579
0.732579
0.732579
0.732579
0.732579
0.732579
0.732579
0.732579
0.732579
0.732579
0.732579
0.732579
0.732579
0.732579
0.732579
0.732579
0.732579
0.732579
0.732579
0.732579
0.732579
0.732579
0.732579
0.732579
0.732579
0.732579
0.732579
0.732579
0.732579
0.732579
0.732579
0.732579
0.732579
0.732579
0.732579
0.732579
0.732579
0.732579
0.732579
0.732579
0.732579
0.732579
0.732579
0.732579
0.732579
0.732579
0.732579
0.732579
0.732579
0.732579
0.732579
0.732579
0.732579
0.732579
0.732579
0.732579
0.732579
0.732579
0.732579
0.732579
0.732579
0.732579
0.732579
0.732579
0.732579
0.732579
0.732579
0.732579
0.732579
0.732579
0.732579
0.732579
0.732579
0.732579
0.732579
0.732579
0.732579
0.732579
0.732579
0.732579
0.732579
0.732579
0.732579
0.732579
0.732579
0.732579
0.732579
0.732579
0.732579
0.732579
0.732579
0.732579
0.732579
0.732579
0.732579
0.732579
0.732579
0.732579
0.732579
0.732579
0.732579
0.732579
0.732579
0.732579
0.732579
0.732579
0.732579
0.732579
0.732579
0.732579
0.732579
0.732579
0.732579
0.732579
0.732579
0.732579
0.732579
0.732579
0.732579
0.732579
0.732579
0.732579
0.732579
0.732579
0.732579
0.732579
0.732579
0.732579
0.732579
0.732579
0.732579
0.732579
0.732579
0.732579
0.732579
0.732579
0.732579
0.732579
0.732579
0.732579
0.732579
0.732579
0.732579
0.732579
0.732579
0.732579
0.732579
0.732579
0.732579
0.732579
0.732579
0.732579
0.732579
0.732579
0.732579
0.732579
0.732579
0.732579
0.732579
0.732579
0.73258
0.73258
0.73258
0.73258
0.73258
0.73258
0.73258
0.73258
0.73258
0.73258
0.73258
0.73258
0.73258
0.73258
0.73258
0.73258
0.73258
0.73258
0.73258
0.73258
0.73258
0.73258
0.73258
0.73258
0.73258
0.73258
0.73258
0.73258
0.73258
0.73258
0.73258
0.73258
0.73258
0.73258
0.73258
0.73258
0.73258
0.73258
0.73258
0.73258
0.73258
0.73258
0.73258
0.73258
0.73258
0.73258
0.73258
0.73258
0.73258
0.73258
0.73258
0.73258
0.73258
0.73258
0.73258
0.73258
0.73258
0.73258
0.73258
0.73258
0.73258
0.73258
0.73258
0.73258
0.73258
0.73258
0.73258
0.73258
0.73258
0.73258
0.73258
0.73258
0.73258
0.73258
0.73258
0.73258
0.73258
0.73258
0.73258
0.73258
0.73258
0.73258
0.73258
0.73258
0.73258
0.73258
0.73258
0.73258
0.73258
0.73258
0.73258
0.73258
0.73258
0.73258
0.73258
0.73258
0.73258
0.73258
0.73258
0.73258
0.73258
0.73258
0.73258
0.73258
0.73258
0.73258
0.73258
0.73258
0.73258
0.73258
0.73258
0.73258
0.73258
0.73258
0.73258
0.73258
0.73258
0.73258
0.73258
0.73258
0.73258
0.73258
0.73258
0.73258
0.73258
0.73258
0.73258
0.73258
0.73258
0.73258
0.73258
0.73258
0.73258
0.73258
0.73258
0.73258
0.73258
0.73258
0.73258
0.73258
0.73258
0.73258
0.73258
0.73258
0.73258
0.73258
0.73258
0.73258
0.73258
0.73258
0.73258
0.73258
0.73258
0.73258
0.73258
0.73258
0.73258
0.73258
0.73258
0.73258
0.73258
0.73258
0.73258
0.73258
0.73258
0.73258
0.73258
0.73258
0.73258
0.73258
0.73258
0.73258
0.73258
0.73258
0.73258
0.73258
0.73258
0.73258
0.73258
0.73258
0.73258
0.73258
0.73258
0.73258
0.73258
0.73258
0.73258
0.73258
0.73258
0.73258
0.73258
0.73258
0.73258
0.73258
0.73258
0.73258
0.73258
0.73258
0.73258
0.73258
0.73258
0.73258
0.73258
0.73258
0.73258
0.73258
0.73258
0.73258
0.73258
0.73258
0.73258
0.73258
0.73258
0.73258
0.73258
0.73258
0.73258
0.73258
0.73258
0.73258
0.73258
0.73258
0.73258
0.73258
0.73258
0.73258
0.73258
0.73258
0.73258
0.73258
0.73258
0.73258
0.73258
0.73258
0.73258
0.73258
0.73258
0.73258
0.73258
0.73258
0.73258
0.73258
0.73258
0.73258
0.73258
0.73258
0.73258
0.73258
0.73258
0.73258
0.73258
0.73258
0.73258
0.73258
0.73258
0.73258
0.73258
0.73258
0.73258
0.73258
0.73258
0.73258
0.73258
0.73258
0.73258
0.73258
0.73258
0.73258
0.73258
0.73258
0.73258
0.73258
0.73258
0.73258
0.73258
0.73258
0.73258
0.73258
0.73258
0.73258
0.73258
0.73258
0.73258
0.73258
0.73258
0.73258
0.73258
0.73258
0.73258
0.73258
0.73258
0.73258
0.73258
0.73258
0.73258
0.73258
0.73258
0.73258
0.73258
0.73258
0.73258
0.73258
0.73258
0.73258
0.73258
0.73258
0.73258
0.73258
0.73258
0.73258
0.73258
0.73258
0.73258
0.73258
0.73258
0.73258
0.73258
0.73258
0.73258
0.73258
0.73258
0.73258
0.73258
0.73258
0.73258
0.73258
0.73258
0.73258
0.73258
0.73258
0.73258
0.73258
0.73258
0.73258
0.73258
0.73258
0.73258
0.73258
0.73258
0.73258
0.73258
0.73258
0.73258
0.73258
0.73258
0.73258
0.73258
0.73258
0.73258
0.73258
0.73258
0.73258
0.73258
0.73258
0.73258
0.73258
0.73258
0.73258
0.73258
0.73258
0.73258
0.73258
0.73258
0.73258
0.73258
0.73258
0.73258
0.73258
0.73258
0.73258
0.73258
0.73258
0.73258
0.73258
0.73258
0.73258
0.73258
0.73258
0.73258
0.73258
0.73258
0.73258
0.73258
0.73258
0.73258
0.73258
0.73258
0.73258
0.73258
0.73258
0.73258
0.73258
0.73258
0.73258
0.73258
0.73258
0.73258
0.73258
0.73258
0.73258
0.73258
0.73258
0.73258
0.73258
0.73258
0.73258
0.73258
0.73258
0.73258
0.73258
0.73258
0.73258
0.73258
0.73258
0.73258
0.73258
0.73258
0.73258
0.73258
0.73258
0.73258
0.73258
0.73258
0.73258
0.73258
0.73258
0.73258
0.73258
0.73258
0.73258
0.73258
0.73258
0.73258
0.73258
0.73258
0.73258
0.73258
0.73258
0.73258
0.73258
0.73258
0.73258
0.73258
0.73258
0.73258
0.73258
0.73258
0.73258
0.73258
0.73258
0.73258
0.73258
0.73258
0.73258
0.73258
0.73258
0.73258
0.73258
0.73258
0.73258
0.73258
0.73258
0.73258
0.73258
0.73258
0.73258
0.73258
0.73258
0.73258
0.73258
0.73258
0.73258
0.73258
0.73258
0.73258
0.73258
0.73258
0.73258
0.73258
0.73258
0.73258
0.73258
0.73258
0.73258
0.73258
0.73258
0.73258
0.73258
0.73258
0.73258
0.73258
0.73258
0.73258
0.73258
0.73258
0.73258
0.73258
0.73258
0.73258
0.73258
0.73258
0.73258
0.73258
0.73258
0.73258
0.73258
0.73258
0.73258
0.73258
0.73258
0.73258
0.73258
0.73258
0.73258
0.73258
0.73258
0.73258
0.73258
0.73258
0.73258
0.73258
0.73258
0.73258
0.73258
0.73258
0.73258
0.73258
0.73258
0.73258
0.73258
0.73258
0.73258
0.73258
0.73258
0.73258
0.73258
0.73258
0.73258
0.73258
0.73258
0.73258
0.73258
0.73258
0.73258
0.73258
0.73258
0.73258
0.73258
0.73258
0.73258
0.73258
0.73258
0.73258
0.73258
0.73258
0.73258
0.73258
0.73258
0.73258
0.73258
0.73258
0.73258
0.73258
0.73258
0.73258
0.73258
0.73258
0.73258
0.73258
0.73258
0.73258
0.73258
0.73258
0.73258
0.73258
0.73258
0.73258
0.73258
0.73258
0.73258
0.73258
0.73258
0.73258
0.73258
0.73258
0.73258
0.73258
0.73258
0.73258
0.73258
0.73258
0.73258
0.73258
0.73258
0.73258
0.73258
0.73258
0.73258
0.73258
0.73258
0.73258
0.73258
0.73258
0.73258
0.73258
0.73258
0.73258
0.73258
0.73258
0.73258
0.73258
0.73258
0.73258
0.73258
0.73258
0.73258
0.73258
0.73258
0.73258
0.73258
0.73258
0.73258
0.73258
0.73258
0.73258
0.73258
0.73258
0.73258
0.73258
0.73258
0.73258
0.73258
0.73258
0.73258
0.73258
0.73258
0.73258
0.73258
0.73258
0.73258
0.73258
0.73258
0.73258
0.73258
0.73258
0.73258
0.73258
0.73258
0.73258
0.73258
0.73258
0.73258
0.73258
0.73258
0.73258
0.73258
0.73258
0.73258
0.73258
0.73258
0.73258
0.73258
0.73258
0.73258
0.73258
0.73258
0.73258
0.73258
0.73258
0.73258
0.73258
0.73258
0.73258
0.73258
0.73258
0.73258
0.73258
0.73258
0.73258
0.73258
0.73258
0.73258
0.73258
0.73258
0.73258
0.73258
0.73258
0.73258
0.73258
0.73258
0.73258
0.73258
0.73258
0.73258
0.73258
0.73258
0.73258
0.73258
0.73258
0.73258
0.73258
0.73258
0.73258
0.73258
0.73258
0.73258
0.73258
0.73258
0.73258
0.73258
0.73258
0.73258
0.73258
0.73258
0.73258
0.73258
0.73258
0.73258
0.73258
0.73258
0.73258
0.73258
0.73258
0.73258
0.73258
0.73258
0.73258
0.73258
0.73258
0.73258
0.73258
0.73258
0.73258
0.73258
0.73258
0.73258
0.73258
0.73258
0.73258
0.73258
0.73258
0.73258
0.73258
0.73258
0.73258
0.73258
0.73258
0.73258
0.73258
0.73258
0.73258
0.73258
0.73258
0.73258
0.73258
0.73258
0.73258
0.73258
0.73258
0.73258
0.73258
0.73258
0.73258
0.73258
0.73258
0.73258
0.73258
0.73258
0.73258
0.73258
0.73258
0.73258
0.73258
0.73258
0.73258
0.73258
0.73258
0.73258
0.73258
0.73258
0.73258
0.73258
0.73258
0.73258
0.73258
0.73258
0.73258
0.73258
0.73258
0.73258
0.73258
0.73258
0.73258
0.73258
0.73258
0.73258
0.73258
0.73258
0.73258
0.73258
0.73258
0.73258
0.73258
0.73258
0.73258
0.73258
0.73258
0.73258
0.73258
0.73258
0.73258
0.73258
0.73258
0.73258
0.73258
0.73258
0.73258
0.73258
0.73258
0.73258
0.73258
0.73258
0.73258
0.73258
0.73258
0.73258
0.73258
0.73258
0.73258
0.73258
0.73258
0.73258
0.73258
0.73258
0.73258
0.73258
0.73258
0.73258
0.73258
0.73258
0.73258
0.73258
0.73258
0.73258
0.73258
0.73258
0.73258
0.73258
0.73258
0.73258
0.73258
0.73258
0.73258
0.73258
0.73258
0.73258
0.73258
0.73258
0.73258
0.73258
0.73258
0.73258
0.73258
0.73258
0.73258
0.73258
0.73258
0.73258
0.73258
0.73258
0.73258
0.73258
0.73258
0.73258
0.73258
0.73258
0.73258
0.73258
0.73258
0.73258
0.73258
0.73258
0.73258
0.73258
0.73258
0.73258
0.73258
0.73258
0.73258
0.73258
0.73258
0.73258
0.73258
0.73258
0.73258
0.73258
0.73258
0.73258
0.73258
0.73258
0.73258
0.73258
0.73258
0.73258
0.73258
0.73258
0.73258
0.73258
0.73258
0.73258
0.73258
0.73258
0.73258
0.73258
0.73258
0.73258
0.73258
0.73258
0.73258
0.73258
0.73258
0.73258
0.73258
0.73258
0.73258
0.73258
0.73258
0.73258
0.73258
0.73258
0.73258
0.73258
0.73258
0.73258
0.73258
0.73258
0.73258
0.73258
0.73258
0.73258
0.73258
0.73258
0.73258
0.73258
0.73258
0.73258
0.73258
0.73258
0.73258
0.73258
0.73258
0.73258
0.73258
0.73258
0.73258
0.73258
0.73258
0.73258
0.73258
0.73258
0.73258
0.73258
0.73258
0.73258
0.73258
0.73258
0.73258
0.73258
0.73258
0.73258
0.73258
0.73258
0.73258
0.73258
0.73258
0.73258
0.73258
0.73258
0.73258
0.73258
0.73258
0.73258
0.73258
0.73258
0.73258
0.73258
0.73258
0.73258
0.73258
0.73258
0.73258
0.73258
0.73258
0.73258
0.73258
0.73258
0.73258
0.73258
0.73258
0.73258
0.73258
0.73258
0.73258
0.73258
0.73258
0.73258
0.73258
0.73258
0.73258
0.73258
0.73258
0.73258
0.73258
0.73258
0.73258
0.73258
0.73258
0.73258
0.73258
0.73258
0.73258
0.73258
0.73258
0.73258
0.73258
0.73258
0.73258
0.73258
0.73258
0.73258
0.73258
0.73258
0.73258
0.73258
0.73258
0.73258
0.73258
0.73258
0.73258
0.73258
0.73258
0.73258
0.73258
0.73258
0.73258
0.73258
0.73258
0.73258
0.73258
0.73258
0.73258
0.73258
0.73258
0.73258
0.73258
0.73258
0.73258
0.73258
0.73258
0.73258
0.73258
0.73258
0.73258
0.73258
0.73258
0.73258
0.73258
0.73258
0.73258
0.73258
0.73258
0.73258
0.73258
0.73258
0.73258
0.73258
0.73258
0.73258
0.73258
0.73258
0.73258
0.73258
0.73258
0.73258
0.73258
0.73258
0.73258
0.73258
0.73258
0.73258
0.73258
0.73258
0.73258
0.73258
0.73258
0.73258
0.73258
0.73258
0.73258
0.73258
0.73258
0.73258
0.73258
0.73258
0.73258
0.73258
0.73258
0.73258
0.73258
0.73258
0.73258
0.73258
0.73258
0.73258
0.73258
0.73258
0.73258
0.73258
0.73258
0.73258
0.73258
0.73258
0.73258
0.73258
0.73258
0.73258
0.73258
0.73258
0.73258
0.73258
0.73258
0.73258
0.73258
0.73258
0.73258
0.73258
0.73258
0.73258
0.73258
0.73258
0.73258
0.73258
0.73258
0.73258
0.73258
0.73258
0.73258
0.73258
0.73258
0.73258
0.73258
0.73258
0.73258
0.73258
0.73258
0.73258
0.73258
0.73258
0.73258
0.73258
0.73258
0.73258
0.73258
0.73258
0.73258
0.73258
0.73258
0.73258
0.73258
0.73258
0.73258
0.73258
0.73258
0.73258
0.73258
0.73258
0.73258
0.73258
0.73258
0.73258
0.73258
0.73258
0.73258
0.73258
0.73258
0.73258
0.73258
0.73258
0.73258
0.73258
0.73258
0.73258
0.73258
0.73258
0.73258
0.73258
0.73258
0.73258
0.73258
0.73258
0.73258
0.73258
0.73258
0.73258
0.73258
0.73258
0.73258
0.73258
0.73258
0.73258
0.73258
0.73258
0.73258
0.73258
0.73258
0.73258
0.73258
0.73258
0.73258
0.73258
0.73258
0.73258
0.73258
0.73258
0.73258
0.73258
0.73258
0.73258
0.73258
0.73258
0.73258
0.73258
0.73258
0.73258
0.73258
0.73258
0.73258
0.73258
0.73258
0.73258
0.73258
0.73258
0.73258
0.73258
0.73258
0.73258
0.73258
0.73258
0.73258
0.73258
0.73258
0.73258
0.73258
0.73258
0.73258
0.73258
0.73258
0.73258
0.73258
0.73258
0.73258
0.73258
0.73258
0.73258
0.73258
0.73258
0.73258
0.73258
0.73258
0.73258
0.73258
0.73258
0.73258
0.73258
0.73258
0.73258
0.73258
0.73258
0.73258
0.73258
0.73258
0.73258
0.73258
0.73258
0.73258
0.73258
0.73258
0.73258
0.73258
0.73258
0.73258
0.73258
0.73258
0.73258
0.73258
0.73258
0.73258
0.73258
0.73258
0.73258
0.73258
0.73258
0.73258
0.73258
0.73258
0.73258
0.73258
0.73258
0.73258
0.73258
0.73258
0.73258
0.73258
0.73258
0.73258
0.73258
0.73258
0.73258
0.73258
0.73258
0.73258
0.73258
0.73258
0.73258
0.73258
0.73258
0.73258
0.73258
0.73258
0.73258
0.73258
0.73258
0.73258
0.73258
0.73258
0.73258
0.73258
0.73258
0.73258
0.73258
0.73258
0.73258
0.73258
0.73258
0.73258
0.73258
0.73258
0.73258
0.73258
0.73258
0.73258
0.73258
0.73258
0.73258
0.73258
0.73258
0.73258
0.73258
0.73258
0.73258
0.73258
0.73258
0.73258
0.73258
0.73258
0.73258
0.73258
0.73258
0.73258
0.73258
0.73258
0.73258
0.73258
0.73258
0.73258
0.73258
0.73258
0.73258
0.73258
0.73258
0.73258
0.73258
0.73258
0.73258
0.73258
0.73258
0.73258
0.73258
0.73258
0.73258
0.73258
0.73258
0.73258
0.73258
0.73258
0.73258
0.73258
0.73258
0.73258
0.73258
0.73258
0.73258
0.73258
0.73258
0.73258
0.73258
0.73258
0.73258
0.73258
0.73258
0.73258
0.73258
0.73258
0.73258
0.73258
0.73258
0.73258
0.73258
0.73258
0.73258
0.73258
0.73258
0.73258
0.73258
0.73258
0.73258
0.73258
0.73258
0.73258
0.73258
0.73258
0.73258
0.73258
0.73258
0.73258
0.73258
0.73258
0.73258
0.73258
0.73258
0.73258
0.73258
0.73258
0.73258
0.73258
0.73258
0.73258
0.73258
0.73258
0.73258
0.73258
0.73258
0.73258
0.73258
0.73258
0.73258
0.73258
0.73258
0.73258
0.73258
0.73258
0.73258
0.73258
0.73258
0.73258
0.73258
0.73258
0.73258
0.73258
0.73258
0.73258
0.73258
0.73258
0.73258
0.73258
0.73258
0.73258
0.73258
0.73258
0.73258
0.73258
0.73258
0.73258
0.73258
0.73258
0.73258
0.73258
0.73258
0.73258
0.73258
0.73258
0.73258
0.73258
0.73258
0.73258
0.73258
0.73258
0.73258
0.73258
0.73258
0.73258
0.73258
0.73258
0.73258
0.73258
0.73258
0.73258
0.73258
0.73258
0.73258
0.73258
0.73258
0.73258
0.73258
0.73258
0.73258
0.73258
0.73258
0.73258
0.73258
0.73258
0.73258
0.73258
0.73258
0.73258
0.73258
0.73258
0.73258
0.73258
0.73258
0.73258
0.73258
0.73258
0.73258
0.73258
0.73258
0.73258
0.73258
0.73258
0.73258
0.73258
0.73258
0.73258
0.73258
0.73258
0.73258
0.73258
0.73258
0.73258
0.73258
0.73258
0.73258
0.73258
0.73258
0.73258
0.73258
0.73258
0.73258
0.73258
0.73258
0.73258
0.73258
0.73258
0.73258
0.73258
0.73258
0.73258
0.73258
0.73258
0.73258
0.73258
0.73258
0.73258
0.73258
0.73258
0.73258
0.73258
0.73258
0.73258
0.73258
0.73258
0.73258
0.73258
0.73258
0.73258
0.73258
0.73258
0.73258
0.73258
0.73258
0.73258
0.73258
0.73258
0.73258
0.73258
0.73258
0.73258
0.73258
0.73258
0.73258
0.73258
0.73258
0.73258
0.73258
0.73258
0.73258
0.73258
0.73258
0.73258
0.73258
0.73258
0.73258
0.73258
0.73258
0.73258
0.73258
0.73258
0.73258
0.73258
0.73258
0.73258
0.73258
0.73258
0.73258
0.73258
0.73258
0.73258
0.73258
0.73258
0.73258
0.73258
0.73258
0.73258
0.73258
0.73258
0.73258
0.73258
0.73258
0.73258
0.73258
0.73258
0.73258
0.73258
0.73258
0.73258
0.73258
0.73258
0.73258
0.73258
0.73258
0.73258
0.73258
0.73258
0.73258
0.73258
0.73258
0.73258
0.73258
0.73258
0.73258
0.73258
0.73258
0.73258
0.73258
0.73258
0.73258
0.73258
0.73258
0.73258
0.73258
0.73258
0.73258
0.73258
0.73258
0.73258
0.73258
0.73258
0.73258
0.73258
0.73258
0.73258
0.73258
0.73258
0.73258
0.73258
0.73258
0.73258
0.73258
0.73258
0.73258
0.73258
0.73258
0.73258
0.73258
0.73258
0.73258
0.73258
0.73258
0.73258
0.73258
0.73258
0.73258
0.73258
0.73258
0.73258
0.73258
0.73258
0.73258
0.73258
0.73258
0.73258
0.73258
0.73258
0.73258
0.73258
0.73258
0.73258
0.73258
0.73258
0.73258
0.73258
0.73258
0.73258
0.73258
0.73258
0.73258
0.73258
0.73258
0.73258
0.73258
0.73258
0.73258
0.73258
0.73258
0.73258
0.73258
0.73258
0.73258
0.73258
0.73258
0.73258
0.73258
0.73258
0.73258
0.73258
0.73258
0.73258
0.73258
0.73258
0.73258
0.73258
0.73258
0.73258
0.73258
0.73258
0.73258
0.73258
0.73258
0.73258
0.73258
0.73258
0.73258
0.73258
0.73258
0.73258
0.73258
0.73258
0.73258
0.73258
0.73258
0.73258
0.73258
0.73258
0.73258
0.73258
0.73258
0.73258
0.73258
0.73258
0.73258
0.73258
0.73258
0.73258
0.73258
0.73258
0.73258
0.73258
0.73258
0.73258
0.73258
0.73258
0.73258
0.73258
0.73258
0.73258
0.73258
0.73258
0.73258
0.73258
0.73258
0.73258
0.73258
0.73258
0.73258
0.73258
0.73258
0.73258
0.73258
0.73258
0.73258
0.73258
0.73258
0.73258
0.73258
0.73258
0.73258
0.73258
0.73258
0.73258
0.73258
0.73258
0.73258
0.73258
0.73258
0.73258
0.73258
0.73258
0.73258
0.73258
0.73258
0.73258
0.73258
0.73258
0.73258
0.73258
0.73258
0.73258
0.73258
0.73258
0.73258
0.73258
0.73258
0.73258
0.73258
0.73258
0.73258
0.73258
0.73258
0.73258
0.73258
0.73258
0.73258
0.73258
0.73258
0.73258
0.73258
0.73258
0.73258
0.73258
0.73258
0.73258
0.73258
0.73258
0.73258
0.73258
0.73258
0.73258
0.73258
0.73258
0.73258
0.73258
0.73258
0.73258
0.73258
0.73258
0.73258
0.73258
0.73258
0.73258
0.73258
0.73258
0.73258
0.73258
0.73258
0.73258
0.73258
0.73258
0.73258
0.73258
0.73258
0.73258
0.73258
0.73258
0.73258
0.73258
0.73258
0.73258
0.73258
0.73258
0.73258
0.73258
0.73258
0.73258
0.73258
0.73258
0.73258
0.73258
0.73258
0.73258
0.73258
0.73258
0.73258
0.73258
0.73258
0.73258
0.73258
0.73258
0.73258
0.73258
0.73258
0.73258
0.73258
0.73258
0.73258
0.73258
0.73258
0.73258
0.73258
0.73258
0.73258
0.73258
0.73258
0.73258
0.73258
0.73258
0.73258
0.73258
0.73258
0.73258
0.73258
0.73258
0.73258
0.73258
0.73258
0.73258
0.73258
0.73258
0.73258
0.73258
0.73258
0.73258
0.73258
0.73258
0.73258
0.73258
0.73258
0.73258
0.73258
0.73258
0.73258
0.73258
0.73258
0.73258
0.73258
0.73258
0.73258
0.73258
0.73258
0.73258
0.73258
0.73258
0.73258
0.73258
0.73258
0.73258
0.73258
0.73258
0.73258
0.73258
0.73258
0.73258
0.73258
0.73258
0.73258
0.73258
0.73258
0.73258
0.73258
0.73258
0.73258
0.73258
0.73258
0.73258
0.73258
0.73258
0.73258
0.73258
0.73258
0.73258
0.73258
0.73258
0.73258
0.73258
0.73258
0.73258
0.73258
0.73258
0.73258
0.73258
0.73258
0.73258
0.73258
0.73258
0.73258
0.73258
0.73258
0.73258
0.73258
0.73258
0.73258
0.73258
0.73258
0.73258
0.73258
0.73258
0.73258
0.73258
0.73258
0.73258
0.73258
0.73258
0.73258
0.73258
0.73258
0.73258
0.73258
0.73258
0.73258
0.73258
0.73258
0.73258
0.73258
0.73258
0.73258
0.73258
0.73258
0.73258
0.73258
0.73258
0.73258
0.73258
0.73258
0.73258
0.73258
0.73258
0.73258
0.73258
0.73258
0.73258
0.73258
0.73258
0.73258
0.73258
0.73258
0.73258
0.73258
0.73258
0.73258
0.73258
0.73258
0.73258
0.73258
0.73258
0.73258
0.73258
0.73258
0.73258
0.73258
0.73258
0.73258
0.73258
0.73258
0.73258
0.73258
0.73258
0.73258
0.73258
0.73258
0.73258
0.73258
0.73258
0.73258
0.73258
0.73258
0.73258
0.73258
0.73258
0.73258
0.73258
0.73258
0.73258
0.73258
0.73258
0.73258
0.73258
0.73258
0.73258
0.73258
0.73258
0.73258
0.73258
0.73258
0.73258
0.73258
0.73258
0.73258
0.73258
0.73258
0.73258
0.73258
0.73258
0.73258
0.73258
0.73258
0.73258
0.73258
0.73258
0.73258
0.73258
0.73258
0.73258
0.73258
0.73258
0.73258
0.73258
0.73258
0.73258
0.73258
0.73258
0.73258
0.73258
0.73258
0.73258
0.73258
0.73258
0.73258
0.73258
0.73258
0.73258
0.73258
0.73258
0.73258
0.73258
0.73258
0.73258
0.73258
0.73258
0.73258
0.73258
0.73258
0.73258
0.73258
0.73258
0.73258
0.73258
0.73258
0.73258
0.73258
0.73258
0.73258
0.73258
0.73258
0.73258
0.73258
0.73258
0.73258
0.73258
0.73258
0.73258
0.73258
0.73258
0.73258
0.73258
0.73258
0.73258
0.73258
0.73258
0.73258
0.73258
0.73258
0.73258
0.73258
0.73258
0.73258
0.73258
0.73258
0.73258
0.73258
0.73258
0.73258
0.73258
0.73258
0.73258
0.73258
0.73258
0.73258
0.73258
0.73258
0.73258
0.73258
0.73258
0.73258
0.73258
0.73258
0.73258
0.73258
0.73258
0.73258
0.73258
0.73258
0.73258
0.73258
0.73258
0.73258
0.73258
0.73258
0.73258
0.73258
0.73258
0.73258
0.73258
0.73258
0.73258
0.73258
0.73258
0.73258
0.73258
0.73258
0.73258
0.73258
0.73258
0.73258
0.73258
0.73258
0.73258
0.73258
0.73258
0.73258
0.73258
0.73258
0.73258
0.73258
0.73258
0.73258
0.73258
0.73258
0.73258
0.73258
0.73258
0.73258
0.73258
0.73258
0.73258
0.73258
0.73258
0.73258
0.73258
0.73258
0.73258
0.73258
0.73258
0.73258
0.73258
0.73258
0.73258
0.73258
0.73258
0.73258
0.73258
0.73258
0.73258
0.73258
0.73258
0.73258
0.73258
0.73258
0.73258
0.73258
0.73258
0.73258
0.73258
0.73258
0.73258
0.73258
0.73258
0.73258
0.73258
0.73258
0.73258
0.73258
0.73258
0.73258
0.73258
0.73258
0.73258
0.73258
0.73258
0.73258
0.73258
0.73258
0.73258
0.73258
0.73258
0.73258
0.73258
0.73258
0.73258
0.73258
0.73258
0.73258
0.73258
0.73258
0.73258
0.73258
0.73258
0.73258
0.73258
0.73258
0.73258
0.73258
0.73258
0.73258
0.73258
0.73258
0.73258
0.73258
0.73258
0.73258
0.73258
0.73258
0.73258
0.73258
0.73258
0.73258
0.73258
0.73258
0.73258
0.73258
0.73258
0.73258
0.73258
0.73258
0.73258
0.73258
0.73258
0.73258
0.73258
0.73258
0.73258
0.73258
0.73258
0.73258
0.73258
0.73258
0.73258
0.73258
0.73258
0.73258
0.73258
0.73258
0.73258
0.73258
0.73258
0.73258
0.73258
0.73258
0.73258
0.73258
0.73258
0.73258
0.73258
0.73258
0.73258
0.73258
0.73258
0.73258
0.73258
0.73258
0.73258
0.73258
0.73258
0.73258
0.73258
0.73258
0.73258
0.73258
0.73258
0.73258
0.73258
0.73258
0.73258
0.73258
0.73258
0.73258
0.73258
0.73258
0.73258
0.73258
0.73258
0.73258
0.73258
0.73258
0.73258
0.73258
0.73258
0.73258
0.73258
0.73258
0.73258
0.73258
0.73258
0.73258
0.73258
0.73258
0.73258
0.73258
0.73258
0.73258
0.73258
0.73258
0.73258
0.73258
0.73258
0.73258
0.73258
0.73258
0.73258
0.73258
0.73258
0.73258
0.73258
0.73258
0.73258
0.73258
0.73258
0.73258
0.73258
0.73258
0.73258
0.73258
0.73258
0.73258
0.73258
0.73258
0.73258
0.73258
0.73258
0.73258
0.73258
0.73258
0.73258
0.73258
0.73258
0.73258
0.73258
0.73258
0.73258
0.73258
0.73258
0.73258
0.73258
0.73258
0.73258
0.73258
0.73258
0.73258
0.73258
0.73258
0.73258
0.73258
0.73258
0.73258
0.73258
0.73258
0.73258
0.73258
0.73258
0.73258
0.73258
0.73258
0.73258
0.73258
0.73258
0.73258
0.73258
0.73258
0.73258
0.73258
0.73258
0.73258
0.73258
0.73258
0.73258
0.73258
0.73258
0.73258
0.73258
0.73258
0.73258
0.73258
0.73258
0.73258
0.73258
0.73258
0.73258
0.73258
0.73258
0.73258
0.73258
0.73258
0.73258
0.73258
0.73258
0.73258
0.73258
0.73258
0.73258
0.73258
0.73258
0.73258
0.73258
0.73258
0.73258
0.73258
0.73258
0.73258
0.73258
0.73258
0.73258
0.73258
0.73258
0.73258
0.73258
0.73258
0.73258
0.73258
0.73258
0.73258
0.73258
0.73258
0.73258
0.73258
0.73258
0.73258
0.73258
0.73258
0.73258
0.73258
0.73258
0.73258
0.73258
0.73258
0.73258
0.73258
0.73258
0.73258
0.73258
0.73258
0.73258
0.73258
0.73258
0.73258
0.73258
0.73258
0.73258
0.73258
0.73258
0.73258
0.73258
0.73258
0.73258
0.73258
0.73258
0.73258
0.73258
0.73258
0.73258
0.73258
0.73258
0.73258
0.73258
0.73258
0.73258
0.73258
0.73258
0.73258
0.73258
0.73258
0.73258
0.73258
0.73258
0.73258
0.73258
0.73258
0.73258
0.73258
0.73258
0.73258
0.73258
0.73258
0.73258
0.73258
0.73258
0.73258
0.73258
0.73258
0.73258
0.73258
0.73258
0.73258
0.73258
0.73258
0.73258
0.73258
0.73258
0.73258
0.73258
0.73258
0.73258
0.73258
0.73258
0.73258
0.73258
0.73258
0.73258
0.73258
0.73258
0.73258
0.73258
0.73258
0.73258
0.73258
0.73258
0.73258
0.73258
0.73258
0.73258
0.73258
0.73258
0.73258
0.73258
0.73258
0.73258
0.73258
0.73258
0.73258
0.73258
0.73258
0.73258
0.73258
0.73258
0.73258
0.73258
0.73258
0.73258
0.73258
0.73258
0.73258
0.73258
0.73258
0.73258
0.73258
0.73258
0.73258
0.73258
0.73258
0.73258
0.73258
0.73258
0.73258
0.73258
0.73258
0.73258
0.73258
0.73258
0.73258
0.73258
0.73258
0.73258
0.73258
0.73258
0.73258
0.73258
0.73258
0.73258
0.73258
0.73258
0.73258
0.73258
0.73258
0.73258
0.73258
0.73258
0.73258
0.73258
0.73258
0.73258
0.73258
0.73258
0.73258
0.73258
0.73258
0.73258
0.73258
0.73258
0.73258
0.73258
0.73258
0.73258
0.73258
0.73258
0.73258
0.73258
0.73258
0.73258
0.73258
0.73258
0.73258
0.73258
0.73258
0.73258
0.73258
0.73258
0.73258
0.73258
0.73258
0.73258
0.73258
0.73258
0.73258
0.73258
0.73258
0.73258
0.73258
0.73258
0.73258
0.73258
0.73258
0.73258
0.73258
0.73258
0.73258
0.73258
0.73258
0.73258
0.73258
0.73258
0.73258
0.73258
0.73258
0.73258
0.73258
0.73258
0.73258
0.73258
0.73258
0.73258
0.73258
0.73258
0.73258
0.73258
0.73258
0.73258
0.73258
0.73258
0.73258
0.73258
0.73258
0.73258
0.73258
0.73258
0.73258
0.73258
0.73258
0.73258
0.73258
0.73258
0.73258
0.73258
0.73258
0.73258
0.73258
0.73258
0.73258
0.73258
0.73258
0.73258
0.73258
0.73258
0.73258
0.73258
0.73258
0.73258
0.73258
0.73258
0.73258
0.73258
0.73258
0.73258
0.73258
0.73258
0.73258
0.73258
0.73258
0.73258
0.73258
0.73258
0.73258
0.73258
0.73258
0.73258
0.73258
0.73258
0.73258
0.73258
0.73258
0.73258
0.73258
0.73258
0.73258
0.73258
0.73258
0.73258
0.73258
0.73258
0.73258
0.73258
0.73258
0.73258
0.73258
0.73258
0.73258
0.73258
0.73258
0.73258
0.73258
0.73258
0.73258
0.73258
0.73258
0.73258
0.73258
0.73258
0.73258
0.73258
0.73258
0.73258
0.73258
0.73258
0.73258
0.73258
0.73258
0.73258
0.73258
0.73258
0.73258
0.73258
0.73258
0.73258
0.73258
0.73258
0.73258
0.73258
0.73258
0.73258
0.73258
0.73258
0.73258
0.73258
0.73258
0.73258
0.73258
0.73258
0.73258
0.73258
0.73258
0.73258
0.73258
0.73258
0.73258
0.73258
0.73258
0.73258
0.73258
0.73258
0.73258
0.73258
0.73258
0.73258
0.73258
0.73258
0.73258
0.73258
0.73258
0.73258
0.73258
0.73258
0.73258
0.73258
0.73258
0.73258
0.73258
0.73258
0.73258
0.73258
0.73258
0.73258
0.73258
0.73258
0.73258
0.73258
0.73258
0.73258
0.73258
0.73258
0.73258
0.73258
0.73258
0.73258
0.73258
0.73258
0.73258
0.73258
0.73258
0.73258
0.73258
0.73258
0.73258
0.73258
0.73258
0.73258
0.73258
0.73258
0.73258
0.73258
0.73258
0.73258
0.73258
0.73258
0.73258
0.73258
0.73258
0.73258
0.73258
0.73258
0.73258
0.73258
0.73258
0.73258
0.73258
0.73258
0.73258
0.73258
0.73258
0.73258
0.73258
0.73258
0.73258
0.73258
0.73258
0.73258
0.73258
0.73258
0.73258
0.73258
0.73258
0.73258
0.73258
0.73258
0.73258
0.73258
0.73258
0.73258
0.73258
0.73258
0.73258
0.73258
0.73258
0.73258
0.73258
0.73258
0.73258
0.73258
0.73258
0.73258
0.73258
0.73258
0.73258
0.73258
0.73258
0.73258
0.73258
0.73258
0.73258
0.73258
0.73258
0.73258
0.73258
0.73258
0.73258
0.73258
0.73258
0.73258
0.73258
0.73258
0.73258
0.73258
0.73258
0.73258
0.73258
0.73258
0.73258
0.73258
0.73258
0.73258
0.73258
0.73258
0.73258
0.73258
0.73258
0.73258
0.73258
0.73258
0.73258
0.73258
0.73258
0.73258
0.73258
0.73258
0.73258
0.73258
0.73258
0.73258
0.73258
0.73258
0.73258
0.73258
0.73258
0.73258
0.73258
0.73258
0.73258
0.73258
0.73258
0.73258
0.73258
0.73258
0.73258
0.73258
0.73258
0.73258
0.73258
0.73258
0.73258
0.73258
0.73258
0.73258
0.73258
0.73258
0.73258
0.73258
0.73258
0.73258
0.73258
0.73258
0.73258
0.73258
0.73258
0.73258
0.73258
0.73258
0.73258
0.73258
0.73258
0.73258
0.73258
0.73258
0.73258
0.73258
0.73258
0.73258
0.73258
0.73258
0.73258
0.73258
0.73258
0.73258
0.73258
0.73258
0.73258
0.73258
0.73258
0.73258
0.73258
0.73258
0.73258
0.73258
0.73258
0.73258
0.73258
0.73258
0.73258
0.73258
0.73258
0.73258
0.73258
0.73258
0.73258
0.73258
0.73258
0.73258
0.73258
0.73258
0.73258
0.73258
0.73258
0.73258
0.73258
0.73258
0.73258
0.73258
0.73258
0.73258
0.73258
0.73258
0.73258
0.73258
0.73258
0.73258
0.73258
0.73258
0.73258
0.73258
0.73258
0.73258
0.73258
0.73258
0.73258
0.73258
0.73258
0.73258
0.73258
0.73258
0.73258
0.73258
0.73258
0.73258
0.73258
0.73258
0.73258
0.73258
0.73258
0.73258
0.73258
0.73258
0.73258
0.73258
0.73258
0.73258
0.73258
0.73258
0.73258
0.73258
0.73258
0.73258
0.73258
0.73258
0.73258
0.73258
0.73258
0.73258
0.73258
0.73258
0.73258
0.73258
0.73258
0.73258
0.73258
0.73258
0.73258
0.73258
0.73258
0.73258
0.73258
0.73258
0.73258
0.73258
0.73258
0.73258
0.73258
0.73258
0.73258
0.73258
0.73258
0.73258
0.73258
0.73258
0.73258
0.73258
0.73258
0.73258
0.73258
0.73258
0.73258
0.73258
0.73258
0.73258
0.73258
0.73258
0.73258
0.73258
0.73258
0.73258
0.73258
0.73258
0.73258
0.73258
0.73258
0.73258
0.73258
0.73258
0.73258
0.73258
0.73258
0.73258
0.73258
0.73258
0.73258
0.73258
0.73258
0.73258
0.73258
0.73258
0.73258
0.73258
0.73258
0.73258
0.73258
0.73258
0.73258
0.73258
0.73258
0.73258
0.73258
0.73258
0.73258
0.73258
0.73258
0.73258
0.73258
0.73258
0.73258
0.73258
0.73258
0.73258
0.73258
0.73258
0.73258
0.73258
0.73258
0.73258
0.73258
0.73258
0.73258
0.73258
0.73258
0.73258
0.73258
0.73258
0.73258
0.73258
0.73258
0.73258
0.73258
0.73258
0.73258
0.73258
0.73258
0.73258
0.73258
0.73258
0.73258
0.73258
0.73258
0.73258
0.73258
0.73258
0.73258
0.73258
0.73258
0.73258
0.73258
0.73258
0.73258
0.73258
0.73258
0.73258
0.73258
0.73258
0.73258
0.73258
0.73258
0.73258
0.73258
0.73258
0.73258
0.73258
0.73258
0.73258
0.73258
0.73258
0.73258
0.73258
0.73258
0.73258
0.73258
0.73258
0.73258
0.73258
0.73258
0.73258
0.73258
0.73258
0.73258
0.73258
0.73258
0.73258
0.73258
0.73258
0.73258
0.73258
0.73258
0.73258
0.73258
0.73258
0.73258
0.73258
0.73258
0.73258
0.73258
0.73258
0.73258
0.73258
0.73258
0.73258
0.73258
0.73258
0.73258
0.73258
0.73258
0.73258
0.73258
0.73258
0.73258
0.73258
0.73258
0.73258
0.73258
0.73258
0.73258
0.73258
0.73258
0.73258
0.73258
0.73258
0.73258
0.73258
0.73258
0.73258
0.73258
0.73258
0.73258
0.73258
0.73258
0.73258
0.73258
0.73258
0.73258
0.73258
0.73258
0.73258
0.73258
0.73258
0.73258
0.73258
0.73258
0.73258
0.73258
0.73258
0.73258
0.73258
0.73258
0.73258
0.73258
0.73258
0.73258
0.73258
0.73258
0.73258
0.73258
0.73258
0.73258
0.73258
0.73258
0.73258
0.73258
0.73258
0.73258
0.73258
0.73258
0.73258
0.73258
0.73258
0.73258
0.73258
0.73258
0.73258
0.73258
0.73258
0.73258
0.73258
0.73258
0.73258
0.73258
0.73258
0.73258
0.73258
0.73258
0.73258
0.73258
0.73258
0.73258
0.73258
0.73258
0.73258
0.73258
0.73258
0.73258
0.73258
0.73258
0.73258
0.73258
0.73258
0.73258
0.73258
0.73258
0.73258
0.73258
0.73258
0.73258
0.73258
0.73258
0.73258
0.73258
0.73258
0.73258
0.73258
0.73258
0.73258
0.73258
0.73258
0.73258
0.73258
0.73258
0.73258
0.73258
0.73258
0.73258
0.73258
0.73258
0.73258
0.73258
0.73258
0.73258
0.73258
0.73258
0.73258
0.73258
0.73258
0.73258
0.73258
0.73258
0.73258
0.73258
0.73258
0.73258
0.73258
0.73258
0.73258
0.73258
0.73258
0.73258
0.73258
0.73258
0.73258
0.73258
0.73258
0.73258
0.73258
0.73258
0.73258
0.73258
0.73258
0.73258
0.73258
0.73258
0.73258
0.73258
0.73258
0.73258
0.73258
0.73258
0.73258
0.73258
0.73258
0.73258
0.73258
0.73258
0.73258
0.73258
0.73258
0.73258
0.73258
0.73258
0.73258
0.73258
0.73258
0.73258
0.73258
0.73258
0.73258
0.73258
0.73258
0.73258
0.73258
0.73258
0.73258
0.73258
0.73258
0.73258
0.73258
0.73258
0.73258
0.73258
0.73258
0.73258
0.73258
0.73258
0.73258
0.73258
0.73258
0.73258
0.73258
0.73258
0.73258
0.73258
0.73258
0.73258
0.73258
0.73258
0.73258
0.73258
0.73258
0.73258
0.73258
0.73258
0.73258
0.73258
0.73258
0.73258
0.73258
0.73258
0.73258
0.73258
0.73258
0.73258
0.73258
0.73258
0.73258
0.73258
0.73258
0.73258
0.73258
0.73258
0.73258
0.73258
0.73258
0.73258
0.73258
0.73258
0.73258
0.73258
0.73258
0.73258
0.73258
0.73258
0.73258
0.73258
0.73258
0.73258
0.73258
0.73258
0.73258
0.73258
0.73258
0.73258
0.73258
0.73258
0.73258
0.73258
0.73258
0.73258
0.73258
0.73258
0.73258
0.73258
0.73258
0.73258
0.73258
0.73258
0.73258
0.73258
0.73258
0.73258
0.73258
0.73258
0.73258
0.73258
0.73258
0.73258
0.73258
0.73258
0.73258
0.73258
0.73258
0.73258
0.73258
0.73258
0.73258
0.73258
0.73258
0.73258
0.73258
0.73258
0.73258
0.73258
0.73258
0.73258
0.73258
0.73258
0.73258
0.73258
0.73258
0.73258
0.73258
0.73258
0.73258
0.73258
0.73258
0.73258
0.73258
0.73258
0.73258
0.73258
0.73258
0.73258
0.73258
0.73258
0.73258
0.73258
0.73258
0.73258
0.73258
0.73258
0.73258
0.73258
0.73258
0.73258
0.73258
0.73258
0.73258
0.73258
0.73258
0.73258
0.73258
0.73258
0.73258
0.73258
0.73258
0.73258
0.73258
0.73258
0.73258
0.73258
0.73258
0.73258
0.73258
0.73258
0.73258
0.73258
0.73258
0.73258
0.73258
0.73258
0.73258
0.73258
0.73258
0.73258
0.73258
0.73258
0.73258
0.73258
0.73258
0.73258
0.73258
0.73258
0.73258
0.73258
0.73258
0.73258
0.73258
0.73258
0.73258
0.73258
0.73258
0.73258
0.73258
0.73258
0.73258
0.73258
0.73258
0.73258
0.73258
0.73258
0.73258
0.73258
0.73258
0.73258
0.73258
0.73258
0.73258
0.73258
0.73258
0.73258
0.73258
0.73258
0.73258
0.73258
0.73258
0.73258
0.73258
0.73258
0.73258
0.73258
0.73258
0.73258
0.73258
0.73258
0.73258
0.73258
0.73258
0.73258
0.73258
0.73258
0.73258
0.73258
0.73258
0.73258
0.73258
0.73258
0.73258
0.73258
0.73258
0.73258
0.73258
0.73258
0.73258
0.73258
0.73258
0.73258
0.73258
0.73258
0.73258
0.73258
0.73258
0.73258
0.73258
0.73258
0.73258
0.73258
0.73258
0.73258
0.73258
0.73258
0.73258
0.73258
0.73258
0.73258
0.73258
0.73258
0.73258
0.73258
0.73258
0.73258
0.73258
0.73258
0.73258
0.73258
0.73258
0.73258
0.73258
0.73258
0.73258
0.73258
0.73258
0.73258
0.73258
0.73258
0.73258
0.73258
0.73258
0.73258
0.73258
0.73258
0.73258
0.73258
0.73258
0.73258
0.73258
0.73258
0.73258
0.73258
0.73258
0.73258
0.73258
0.73258
0.73258
0.73258
0.73258
0.73258
0.73258
0.73258
0.73258
0.73258
0.73258
0.73258
0.73258
0.73258
0.73258
0.73258
0.73258
0.73258
0.73258
0.73258
0.73258
0.73258
0.73258
0.73258
0.73258
0.73258
0.73258
0.73258
0.73258
0.73258
0.73258
0.73258
0.73258
0.73258
0.73258
0.73258
0.73258
0.73258
0.73258
0.73258
0.73258
0.73258
0.73258
0.73258
0.73258
0.73258
0.73258
0.73258
0.73258
0.73258
0.73258
0.73258
0.73258
0.73258
0.73258
0.73258
0.73258
0.73258
0.73258
0.73258
0.73258
0.73258
0.73258
0.73258
0.73258
0.73258
0.73258
0.73258
0.73258
0.73258
0.73258
0.73258
0.73258
0.73258
0.73258
0.73258
0.73258
0.73258
0.73258
0.73258
0.73258
0.73258
0.73258
0.73258
0.73258
0.73258
0.73258
0.73258
0.73258
0.73258
0.73258
0.73258
0.73258
0.73258
0.73258
0.73258
0.73258
0.73258
0.73258
0.73258
0.73258
0.73258
0.73258
0.73258
0.73258
0.73258
0.73258
0.73258
0.73258
0.73258
0.73258
0.73258
0.73258
0.73258
0.73258
0.73258
0.73258
0.73258
0.73258
0.73258
0.73258
0.73258
0.73258
0.73258
0.73258
0.73258
0.73258
0.73258
0.73258
0.73258
0.73258
0.73258
0.73258
0.73258
0.73258
0.73258
0.73258
0.73258
0.73258
0.73258
0.73258
0.73258
0.73258
0.73258
0.73258
0.73258
0.73258
0.73258
0.73258
0.73258
0.73258
0.73258
0.73258
0.73258
0.73258
0.73258
0.73258
0.73258
0.73258
0.73258
0.73258
0.73258
0.73258
0.73258
0.73258
0.73258
0.73258
0.73258
0.73258
0.73258
0.73258
0.73258
0.73258
0.73258
0.73258
0.73258
0.73258
0.73258
0.73258
0.73258
0.73258
0.73258
0.73258
0.73258
0.73258
0.73258
0.73258
0.73258
0.73258
0.73258
0.73258
0.73258
0.73258
0.73258
0.73258
0.73258
0.73258
0.73258
0.73258
0.73258
0.73258
0.73258
0.73258
0.73258
0.73258
0.73258
0.73258
0.73258
0.73258
0.73258
0.73258
0.73258
0.73258
0.73258
0.73258
0.73258
0.73258
0.73258
0.73258
0.73258
0.73258
0.73258
0.73258
0.73258
0.73258
0.73258
0.73258
0.73258
0.73258
0.73258
0.73258
0.73258
0.73258
0.73258
0.73258
0.73258
0.73258
0.73258
0.73258
0.73258
0.73258
0.73258
0.73258
0.73258
0.73258
0.73258
0.73258
0.73258
0.73258
0.73258
0.73258
0.73258
0.73258
0.73258
0.73258
0.73258
0.73258
0.73258
0.73258
0.73258
0.73258
0.73258
0.73258
0.73258
0.73258
0.73258
0.73258
0.73258
0.73258
0.73258
0.73258
0.73258
0.73258
0.73258
0.73258
0.73258
0.73258
0.73258
0.73258
0.73258
0.73258
0.73258
0.73258
0.73258
0.73258
0.73258
0.73258
0.73258
0.73258
0.73258
0.73258
0.73258
0.73258
0.73258
0.73258
0.73258
0.73258
0.73258
0.73258
0.73258
0.73258
0.73258
0.73258
0.73258
0.73258
0.73258
0.73258
0.73258
0.73258
0.73258
0.73258
0.73258
0.73258
0.73258
0.73258
0.73258
0.73258
0.73258
0.73258
0.73258
0.73258
0.73258
0.73258
0.73258
0.73258
0.73258
0.73258
0.73258
0.73258
0.73258
0.73258
0.73258
0.73258
0.73258
0.73258
0.73258
0.73258
0.73258
0.73258
0.73258
0.73258
0.73258
0.73258
0.73258
0.73258
0.73258
0.73258
0.73258
0.73258
0.73258
0.73258
0.73258
0.73258
0.73258
0.73258
0.73258
0.73258
0.73258
0.73258
0.73258
0.73258
0.73258
0.73258
0.73258
0.73258
0.73258
0.73258
0.73258
0.73258
0.73258
0.73258
0.73258
0.73258
0.73258
0.73258
0.73258
0.73258
0.73258
0.73258
0.73258
0.73258
0.73258
0.73258
0.73258
0.73258
0.73258
0.73258
0.73258
0.73258
0.73258
0.73258
0.73258
0.73258
0.73258
0.73258
0.73258
0.73258
0.73258
0.73258
0.73258
0.73258
0.73258
0.73258
0.73258
0.73258
0.73258
0.73258
0.73258
0.73258
0.73258
0.73258
0.73258
0.73258
0.73258
0.73258
0.73258
0.73258
0.73258
0.73258
0.73258
0.73258
0.73258
0.73258
0.73258
0.73258
0.73258
0.73258
0.73258
0.73258
0.73258
0.73258
0.73258
0.73258
0.73258
0.73258
0.73258
0.73258
0.73258
0.73258
0.73258
0.73258
0.73258
0.73258
0.73258
0.73258
0.73258
0.73258
0.73258
0.73258
0.73258
0.73258
0.73258
0.73258
0.73258
0.73258
0.73258
0.73258
0.73258
0.73258
0.73258
0.73258
0.73258
0.73258
0.73258
0.73258
0.73258
0.73258
0.73258
0.73258
0.73258
0.73258
0.73258
0.73258
0.73258
0.73258
0.73258
0.73258
0.73258
0.73258
0.73258
0.73258
0.73258
0.73258
0.73258
0.73258
0.73258
0.73258
0.73258
0.73258
0.73258
0.73258
0.73258
0.73258
0.73258
0.73258
0.73258
0.73258
0.73258
0.73258
0.73258
0.73258
0.73258
0.73258
0.73258
0.73258
0.73258
0.73258
0.73258
0.73258
0.73258
0.73258
0.73258
0.73258
0.73258
0.73258
0.73258
0.73258
0.73258
0.73258
0.73258
0.73258
0.73258
0.73258
0.73258
0.73258
0.73258
0.73258
0.73258
0.73258
0.73258
0.73258
0.73258
0.73258
0.73258
0.73258
0.73258
0.73258
0.73258
0.73258
0.73258
0.73258
0.73258
0.73258
0.73258
0.73258
0.73258
0.73258
0.73258
0.73258
0.73258
0.73258
0.73258
0.73258
0.73258
0.73258
0.73258
0.73258
0.73258
0.73258
0.73258
0.73258
0.73258
0.73258
0.73258
0.73258
0.73258
0.73258
0.73258
0.73258
0.73258
0.73258
0.73258
0.73258
0.73258
0.73258
0.73258
0.73258
0.73258
0.73258
0.73258
0.73258
0.73258
0.73258
0.73258
0.73258
0.73258
0.73258
0.73258
0.73258
0.73258
0.73258
0.73258
0.73258
0.73258
0.73258
0.73258
0.73258
0.73258
0.73258
0.73258
0.73258
0.73258
0.73258
0.73258
0.73258
0.73258
0.73258
0.73258
0.73258
0.73258
0.73258
0.73258
0.73258
0.73258
0.73258
0.73258
0.73258
0.73258
0.73258
0.73258
0.73258
0.73258
0.73258
0.73258
0.73258
0.73258
0.73258
0.73258
0.73258
0.73258
0.73258
0.73258
0.73258
0.73258
0.73258
0.73258
0.73258
0.73258
0.73258
0.73258
0.73258
0.73258
0.73258
0.73258
0.73258
0.73258
0.73258
0.73258
0.73258
0.73258
0.73258
0.73258
0.73258
0.73258
0.73258
0.73258
0.73258
0.73258
0.73258
0.73258
0.73258
0.73258
0.73258
0.73258
0.73258
0.73258
0.73258
0.73258
0.73258
0.73258
0.73258
0.73258
0.73258
0.73258
0.73258
0.73258
0.73258
0.73258
0.73258
0.73258
0.73258
0.73258
0.73258
0.73258
0.73258
0.73258
0.73258
0.73258
0.73258
0.73258
0.73258
0.73258
0.73258
0.73258
0.73258
0.73258
0.73258
0.73258
0.73258
0.73258
0.73258
0.73258
0.73258
0.73258
0.73258
0.73258
0.73258
0.73258
0.73258
0.73258
0.73258
0.73258
0.73258
0.73258
0.73258
0.73258
0.73258
0.73258
0.73258
0.73258
0.73258
0.73258
0.73258
0.73258
0.73258
0.73258
0.73258
0.73258
0.73258
0.73258
0.73258
0.73258
0.73258
0.73258
0.73258
0.73258
0.73258
0.73258
0.73258
0.73258
0.73258
0.73258
0.73258
0.73258
0.73258
0.73258
0.73258
0.73258
0.73258
0.73258
0.73258
0.73258
0.73258
0.73258
0.73258
0.73258
0.73258
0.73258
0.73258
0.73258
0.73258
0.73258
0.73258
0.73258
0.73258
0.73258
0.73258
0.73258
0.73258
0.73258
0.73258
0.73258
0.73258
0.73258
0.73258
0.73258
0.73258
0.73258
0.73258
0.73258
0.73258
0.73258
0.73258
0.73258
0.73258
0.73258
0.73258
0.73258
0.73258
0.73258
0.73258
0.73258
0.73258
0.73258
0.73258
0.73258
0.73258
0.73258
0.73258
0.73258
0.73258
0.73258
0.73258
0.73258
0.73258
0.73258
0.73258
0.73258
0.73258
0.73258
0.73258
0.73258
0.73258
0.73258
0.73258
0.73258
0.73258
0.73258
0.73258
0.73258
0.73258
0.73258
0.73258
0.73258
0.73258
0.73258
0.73258
0.73258
0.73258
0.73258
0.73258
0.73258
0.73258
0.73258
0.73258
0.73258
0.73258
0.73258
0.73258
0.73258
0.73258
0.73258
0.73258
0.73258
0.73258
0.73258
0.73258
0.73258
0.73258
0.73258
0.73258
0.73258
0.73258
0.73258
0.73258
0.73258
0.73258
0.73258
0.73258
0.73258
0.73258
0.73258
0.73258
0.73258
0.73258
0.73258
0.73258
0.73258
0.73258
0.73258
0.73258
0.73258
0.73258
0.73258
0.73258
0.73258
0.73258
0.73258
0.73258
0.73258
0.73258
0.73258
0.73258
0.73258
0.73258
0.73258
0.73258
0.73258
0.73258
0.73258
0.73258
0.73258
0.73258
0.73258
0.73258
0.73258
0.73258
0.73258
0.73258
0.73258
0.73258
0.73258
0.73258
0.73258
0.73258
0.73258
0.73258
0.73258
0.73258
0.73258
0.73258
0.73258
0.73258
0.73258
0.73258
0.73258
0.73258
0.73258
0.73258
0.73258
0.73258
0.73258
0.73258
0.73258
0.73258
0.73258
0.73258
0.73258
0.73258
0.73258
0.73258
0.73258
0.73258
0.73258
0.73258
0.73258
0.73258
0.73258
0.73258
0.73258
0.73258
0.73258
0.73258
0.73258
0.73258
0.73258
0.73258
0.73258
0.73258
0.73258
0.73258
0.73258
0.73258
0.73258
0.73258
0.73258
0.73258
0.73258
0.73258
0.73258
0.73258
0.73258
0.73258
0.73258
0.73258
0.73258
0.73258
0.73258
0.73258
0.73258
0.73258
0.73258
0.73258
0.73258
0.73258
0.73258
0.73258
0.73258
0.73258
0.73258
0.73258
0.73258
0.73258
0.73258
0.73258
0.73258
0.73258
0.73258
0.73258
0.73258
0.73258
0.73258
0.73258
0.73258
0.73258
0.73258
0.73258
0.73258
0.73258
0.73258
0.73258
0.73258
0.73258
0.73258
0.73258
0.73258
0.73258
0.73258
0.73258
0.73258
0.73258
0.73258
0.73258
0.73258
0.73258
0.73258
0.73258
0.73258
0.73258
0.73258
0.73258
0.73258
0.73258
0.73258
0.73258
0.73258
0.73258
0.73258
0.73258
0.73258
0.73258
0.73258
0.73258
0.73258
0.73258
0.73258
0.73258
0.73258
0.73258
0.73258
0.73258
0.73258
0.73258
0.73258
0.73258
0.73258
0.73258
0.73258
0.73258
0.73258
0.73258
0.73258
0.73258
0.73258
0.73258
0.73258
0.73258
0.73258
0.73258
0.73258
0.73258
0.73258
0.73258
0.73258
0.73258
0.73258
0.73258
0.73258
0.73258
0.73258
0.73258
0.73258
0.73258
0.73258
0.73258
0.73258
0.73258
0.73258
0.73258
0.73258
0.73258
0.73258
0.73258
0.73258
0.73258
0.73258
0.73258
0.73258
0.73258
0.73258
0.73258
0.73258
0.73258
0.73258
0.73258
0.73258
0.73258
0.73258
0.73258
0.73258
0.73258
0.73258
0.73258
0.73258
0.73258
0.73258
0.73258
0.73258
0.73258
0.73258
0.73258
0.73258
0.73258
0.73258
0.73258
0.73258
0.73258
0.73258
0.73258
0.73258
0.73258
0.73258
0.73258
0.73258
0.73258
0.73258
0.73258
0.73258
0.73258
0.73258
0.73258
0.73258
0.73258
0.73258
0.73258
0.73258
0.73258
0.73258
0.73258
0.73258
0.73258
0.73258
0.73258
0.73258
0.73258
0.73258
0.73258
0.73258
0.73258
0.73258
0.73258
0.73258
0.73258
0.73258
0.73258
0.73258
0.73258
0.73258
0.73258
0.73258
0.73258
0.73258
0.73258
0.73258
0.73258
0.73258
0.73258
0.73258
0.73258
0.73258
0.73258
0.73258
0.73258
0.73258
0.73258
0.73258
0.73258
0.73258
0.73258
0.73258
0.73258
0.73258
0.73258
0.73258
0.73258
0.73258
0.73258
0.73258
0.73258
0.73258
0.73258
0.73258
0.73258
0.73258
0.73258
0.73258
0.73258
0.73258
0.73258
0.73258
0.73258
0.73258
0.73258
0.73258
0.73258
0.73258
0.73258
0.73258
0.73258
0.73258
0.73258
0.73258
0.73258
0.73258
0.73258
0.73258
0.73258
0.73258
0.73258
0.73258
0.73258
0.73258
0.73258
0.73258
0.73258
0.73258
0.73258
0.73258
0.73258
0.73258
0.73258
0.73258
0.73258
0.73258
0.73258
0.73258
0.73258
0.73258
0.73258
0.73258
0.73258
0.73258
0.73258
0.73258
0.73258
0.73258
0.73258
0.73258
0.73258
0.73258
0.73258
0.73258
0.73258
0.73258
0.73258
0.73258
0.73258
0.73258
0.73258
0.73258
0.73258
0.73258
0.73258
0.73258
0.73258
0.73258
0.73258
0.73258
0.73258
0.73258
0.73258
0.73258
0.73258
0.73258
0.73258
0.73258
0.73258
0.73258
0.73258
0.73258
0.73258
0.73258
0.73258
0.73258
0.73258
0.73258
0.73258
0.73258
0.73258
0.73258
0.73258
0.73258
0.73258
0.73258
0.73258
0.73258
0.73258
0.73258
0.73258
0.73258
0.73258
0.73258
0.73258
0.73258
0.73258
0.73258
0.73258
0.73258
0.73258
0.73258
0.73258
0.73258
0.73258
0.73258
0.73258
0.73258
0.73258
0.73258
0.73258
0.73258
0.73258
0.73258
0.73258
0.73258
0.73258
0.73258
0.73258
0.73258
0.73258
0.73258
0.73258
0.73258
0.73258
0.73258
0.73258
0.73258
0.73258
0.73258
0.73258
0.73258
0.73258
0.73258
0.73258
0.73258
0.73258
0.73258
0.73258
0.73258
0.73258
0.73258
0.73258
0.73258
0.73258
0.73258
0.73258
0.73258
0.73258
0.73258
0.73258
0.73258
0.73258
0.73258
0.73258
0.73258
0.73258
0.73258
0.73258
0.73258
0.73258
0.73258
0.73258
0.73258
0.73258
0.73258
0.73258
0.73258
0.73258
0.73258
0.73258
0.73258
0.73258
0.73258
0.73258
0.73258
0.73258
0.73258
0.73258
0.73258
0.73258
0.73258
0.73258
0.73258
0.73258
0.73258
0.73258
0.73258
0.73258
0.73258
0.73258
0.73258
0.73258
0.73258
0.73258
0.73258
0.73258
0.73258
0.73258
0.73258
0.73258
0.73258
0.73258
0.73258
0.73258
0.73258
0.73258
0.73258
0.73258
0.73258
0.73258
0.73258
0.73258
0.73258
0.73258
0.73258
0.73258
0.73258
0.73258
0.73258
0.73258
0.73258
0.73258
0.73258
0.73258
0.73258
0.73258
0.73258
0.73258
0.73258
0.73258
0.73258
0.73258
0.73258
0.73258
0.73258
0.73258
0.73258
0.73258
0.73258
0.73258
0.73258
0.73258
0.73258
0.73258
0.73258
0.73258
0.73258
0.73258
0.73258
0.73258
0.73258
0.73258
0.73258
0.73258
0.73258
0.73258
0.73258
0.73258
0.73258
0.73258
0.73258
0.73258
0.73258
0.73258
0.73258
0.73258
0.73258
0.73258
0.73258
0.73258
0.73258
0.73258
0.73258
0.73258
0.73258
0.73258
0.73258
0.73258
0.73258
0.73258
0.73258
0.73258
0.73258
0.73258
0.73258
0.73258
0.73258
0.73258
0.73258
0.73258
0.73258
0.73258
0.73258
0.73258
0.73258
0.73258
0.73258
0.73258
0.73258
0.73258
0.73258
0.73258
0.73258
0.73258
0.73258
0.73258
0.73258
0.73258
0.73258
0.73258
0.73258
0.73258
0.73258
0.73258
0.73258
0.73258
0.73258
0.73258
0.73258
0.73258
0.73258
0.73258
0.73258
0.73258
0.73258
0.73258
0.73258
0.73258
0.73258
0.73258
0.73258
0.73258
0.73258
0.73258
0.73258
0.73258
0.73258
0.73258
0.73258
0.73258
0.73258
0.73258
0.73258
0.73258
0.73258
0.73258
0.73258
0.73258
0.73258
0.73258
0.73258
0.73258
0.73258
0.73258
0.73258
0.73258
0.73258
0.73258
0.73258
0.73258
0.73258
0.73258
0.73258
0.73258
0.73258
0.73258
0.73258
0.73258
0.73258
0.73258
0.73258
0.73258
0.73258
0.73258
0.73258
0.73258
0.73258
0.73258
0.73258
0.73258
0.73258
0.73258
0.73258
0.73258
0.73258
0.73258
0.73258
0.73258
0.73258
0.73258
0.73258
0.73258
0.73258
0.73258
0.73258
0.73258
0.73258
0.73258
0.73258
0.73258
0.73258
0.73258
0.73258
0.73258
0.73258
0.73258
0.73258
0.73258
0.73258
0.73258
0.73258
0.73258
0.73258
0.73258
0.73258
0.73258
0.73258
0.73258
0.73258
0.73258
0.73258
0.73258
0.73258
0.73258
0.73258
0.73258
0.73258
0.73258
0.73258
0.73258
0.73258
0.73258
0.73258
0.73258
0.73258
0.73258
0.73258
0.73258
0.73258
0.73258
0.73258
0.73258
0.73258
0.73258
0.73258
0.73258
0.73258
0.73258
0.73258
0.73258
0.73258
0.73258
0.73258
0.73258
0.73258
0.73258
0.73258
0.73258
0.73258
0.73258
0.73258
0.73258
0.73258
0.73258
0.73258
0.73258
0.73258
0.73258
0.73258
0.73258
0.73258
0.73258
0.73258
0.73258
0.73258
0.73258
0.73258
0.73258
0.73258
0.73258
0.73258
0.73258
0.73258
0.73258
0.73258
0.73258
0.73258
0.73258
0.73258
0.73258
0.73258
0.73258
0.73258
0.73258
0.73258
0.73258
0.73258
0.73258
0.73258
0.73258
0.73258
0.73258
0.73258
0.73258
0.73258
0.73258
0.73258
0.73258
0.73258
0.73258
0.73258
0.73258
0.73258
0.73258
0.73258
0.73258
0.73258
0.73258
0.73258
0.73258
0.73258
0.73258
0.73258
0.73258
0.73258
0.73258
0.73258
0.73258
0.73258
0.73258
0.73258
0.73258
0.73258
0.73258
0.73258
0.73258
0.73258
0.73258
0.73258
0.73258
0.73258
0.73258
0.73258
0.73258
0.73258
0.73258
0.73258
0.73258
0.73258
0.73258
0.73258
0.73258
0.73258
0.73258
0.73258
0.73258
0.73258
0.73258
0.73258
0.73258
0.73258
0.73258
0.73258
0.73258
0.73258
0.73258
0.73258
0.73258
0.73258
0.73258
0.73258
0.73258
0.73258
0.73258
0.73258
0.73258
0.73258
0.73258
0.73258
0.73258
0.73258
0.73258
0.73258
0.73258
0.73258
0.73258
0.73258
0.73258
0.73258
0.73258
0.73258
0.73258
0.73258
0.73258
0.73258
0.73258
0.73258
0.73258
0.73258
0.73258
0.73258
0.73258
0.73258
0.73258
0.73258
0.73258
0.73258
0.73258
0.73258
0.73258
0.73258
0.73258
0.73258
0.73258
0.73258
0.73258
0.73258
0.73258
0.73258
0.73258
0.73258
0.73258
0.73258
0.73258
0.73258
0.73258
0.73258
0.73258
0.73258
0.73258
0.73258
0.73258
0.73258
0.73258
0.73258
0.73258
0.73258
0.73258
0.73258
0.73258
0.73258
0.73258
0.73258
0.73258
0.73258
0.73258
0.73258
0.73258
0.73258
0.73258
0.73258
0.73258
0.73258
0.73258
0.73258
0.73258
0.73258
0.73258
0.73258
0.73258
0.73258
0.73258
0.73258
0.73258
0.73258
0.73258
0.73258
0.73258
0.73258
0.73258
0.73258
0.73258
0.73258
0.73258
0.73258
0.73258
0.73258
0.73258
0.73258
0.73258
0.73258
0.73258
0.73258
0.73258
0.73258
0.73258
0.73258
0.73258
0.73258
0.73258
0.73258
0.73258
0.73258
0.73258
0.73258
0.73258
0.73258
0.73258
0.73258
0.73258
0.73258
0.73258
0.73258
0.73258
0.73258
0.73258
0.73258
0.73258
0.73258
0.73258
0.73258
0.73258
0.73258
0.73258
0.73258
0.73258
0.73258
0.73258
0.73258
0.73258
0.73258
0.73258
0.73258
0.73258
0.73258
0.73258
0.73258
0.73258
0.73258
0.73258
0.73258
0.73258
0.73258
0.73258
0.73258
0.73258
0.73258
0.73258
0.73258
0.73258
0.73258
0.73258
0.73258
0.73258
0.73258
0.73258
0.73258
0.73258
0.73258
0.73258
0.73258
0.73258
0.73258
0.73258
0.73258
0.73258
0.73258
0.73258
0.73258
0.73258
0.73258
0.73258
0.73258
0.73258
0.73258
0.73258
0.73258
0.73258
0.73258
0.73258
0.73258
0.73258
0.73258
0.73258
0.73258
0.73258
0.73258
0.73258
0.73258
0.73258
0.73258
0.73258
0.73258
0.73258
0.73258
0.73258
0.73258
0.73258
0.73258
0.73258
0.73258
0.73258
0.73258
0.73258
0.73258
0.73258
0.73258
0.73258
0.73258
0.73258
0.73258
0.73258
0.73258
0.73258
0.73258
0.73258
0.73258
0.73258
0.73258
0.73258
0.73258
0.73258
0.73258
0.73258
0.73258
0.73258
0.73258
0.73258
0.73258
0.73258
0.73258
0.73258
0.73258
0.73258
0.73258
0.73258
0.73258
0.73258
0.73258
0.73258
0.73258
0.73258
0.73258
0.73258
0.73258
0.73258
0.73258
0.73258
0.73258
0.73258
0.73258
0.73258
0.73258
0.73258
0.73258
0.73258
0.73258
0.73258
0.73258
0.73258
0.73258
0.73258
0.73258
0.73258
0.73258
0.73258
0.73258
0.73258
0.73258
0.73258
0.73258
0.73258
0.73258
0.73258
0.73258
0.73258
0.73258
0.73258
0.73258
0.73258
0.73258
0.73258
0.73258
0.73258
0.73258
0.73258
0.73258
0.73258
0.73258
0.73258
0.73258
0.73258
0.73258
0.73258
0.73258
0.73258
