0.5
0.495025
0.490099
0.485223
0.480395
0.475615
0.470882
0.466197
0.461558
0.456966
0.452419
0.447917
0.44346
0.439048
0.434679
0.430354
0.426072
0.421832
0.417635
0.41348
0.409365
0.405292
0.401259
0.397267
0.393314
0.3894
0.385526
0.38169
0.377892
0.374132
0.370409
0.366723
0.363075
0.359462
0.355885
0.352344
0.348838
0.345367
0.341931
0.338528
0.33516
0.331825
0.328523
0.325255
0.322018
0.318814
0.315642
0.312501
0.309392
0.306313
0.303265
0.300248
0.29726
0.294302
0.291374
0.288475
0.285605
0.282763
0.279949
0.277164
0.274406
0.271675
0.268972
0.266296
0.263646
0.261023
0.258426
0.255854
0.253309
0.250788
0.248293
0.245822
0.243376
0.240955
0.238557
0.236184
0.233834
0.231507
0.229204
0.226923
0.224665
0.22243
0.220217
0.218026
0.215857
0.213709
0.211583
0.209478
0.207394
0.20533
0.203288
0.201265
0.199263
0.197281
0.195318
0.193375
0.191452
0.189548
0.187662
0.185796
0.183948
0.182119
0.180308
0.178516
0.176741
0.174984
0.173245
0.171523
0.169818
0.168131
0.166461
0.164807
0.163171
0.161551
0.159947
0.15836
0.156789
0.155234
0.153695
0.152172
0.150664
0.149172
0.147696
0.146234
0.144789
0.143358
0.141942
0.140541
0.139156
0.137785
0.136428
0.135087
0.13376
0.132447
0.131149
0.129865
0.128596
0.127341
0.1261
0.124874
0.123662
0.122464
0.12128
0.12011
0.118954
0.117813
0.116685
0.115572
0.114473
0.113388
0.112317
0.11126
0.110218
0.10919
0.108176
0.107176
0.106191
0.10522
0.104263
0.103321
0.102393
0.10148
0.100582
0.0996977
0.0988284
0.0979738
0.097134
0.0963089
0.0954986
0.0947031
0.0939225
0.0931567
0.0924059
0.0916699
0.0909488
0.0902426
0.0895514
0.0888749
0.0882133
0.0875665
0.0869345
0.0863172
0.0857145
0.0851263
0.0845527
0.0839934
0.0834485
0.0829177
0.0824009
0.0818981
0.0814091
0.0809337
0.0804717
0.0800231
0.0795876
0.079165
0.0787552
0.0783579
0.077973
0.0776002
0.0772393
0.0768901
0.0765523
0.0762258
0.0759102
0.0756054
0.0753111
0.075027
0.074753
0.0744887
0.0742339
0.0739885
0.073752
0.0735243
0.0733052
0.0730943
0.0728915
0.0726965
0.0725091
0.0723291
0.0721562
0.0719902
0.0718308
0.0716779
0.0715313
0.0713907
0.071256
0.0711269
0.0710032
0.0708848
0.0707715
0.070663
0.0705593
0.0704601
0.0703654
0.0702748
0.0701883
0.0701057
0.0700269
0.0699517
0.06988
0.0698117
0.0697466
0.0696846
0.0696256
0.0695695
0.0695162
0.0694655
0.0694173
0.0693716
0.0693283
0.0692872
0.0692484
0.0692116
0.0691768
0.069144
0.069113
0.0690838
0.0690563
0.0690305
0.0690062
0.0689835
0.0689622
0.0689423
0.0689238
0.0689066
0.0688906
0.0688758
0.0688622
0.0688497
0.0688382
0.0688278
0.0688184
0.0688099
0.0688023
0.0687956
0.0687897
0.0687847
0.0687804
0.0687769
0.0687742
0.0687721
0.0687707
0.0687699
0.0687698
0.0687703
0.0687714
0.068773
0.0687752
0.0687779
0.0687812
0.0687849
0.0687891
0.0687937
0.0687988
0.0688044
0.0688103
0.0688167
0.0688234
0.0688305
0.068838
0.0688459
0.0688541
0.0688627
0.0688715
0.0688807
0.0688902
0.0689
0.0689101
0.0689205
0.0689312
0.0689422
0.0689534
0.0689648
0.0689766
0.0689885
0.0690008
0.0690132
0.0690259
0.0690388
0.069052
0.0690653
0.0690789
0.0690927
0.0691067
0.0691209
0.0691353
0.0691499
0.0691647
0.0691797
0.0691948
0.0692102
0.0692257
0.0692414
0.0692573
0.0692734
0.0692896
0.069306
0.0693226
0.0693393
0.0693562
0.0693733
0.0693905
0.0694079
0.0694255
0.0694432
0.069461
0.069479
0.0694972
0.0695155
0.069534
0.0695526
0.0695713
0.0695902
0.0696093
0.0696285
0.0696478
0.0696673
0.0696869
0.0697067
0.0697266
0.0697466
0.0697668
0.0697871
0.0698076
0.0698282
0.0698489
0.0698698
0.0698908
0.0699119
0.0699332
0.0699546
0.0699761
0.0699978
0.0700196
0.0700416
0.0700636
0.0700858
0.0701081
0.0701306
0.0701532
0.0701759
0.0701988
0.0702218
0.0702449
0.0702681
0.0702915
0.070315
0.0703386
0.0703623
0.0703862
0.0704102
0.0704344
0.0704586
0.070483
0.0705075
0.0705322
0.0705569
0.0705818
0.0706069
0.070632
0.0706573
0.0706827
0.0707082
0.0707338
0.0707596
0.0707855
0.0708116
0.0708377
0.070864
0.0708904
0.0709169
0.0709436
0.0709703
0.0709972
0.0710243
0.0710514
0.0710787
0.0711061
0.0711336
0.0711612
0.071189
0.0712169
0.0712449
0.0712731
0.0713013
0.0713297
0.0713582
0.0713869
0.0714156
0.0714445
0.0714735
0.0715026
0.0715319
0.0715613
0.0715908
0.0716204
0.0716501
0.07168
0.07171
0.0717401
0.0717703
0.0718007
0.0718311
0.0718617
0.0718925
0.0719233
0.0719543
0.0719854
0.0720166
0.0720479
0.0720794
0.072111
0.0721427
0.0721745
0.0722064
0.0722385
0.0722707
0.072303
0.0723354
0.072368
0.0724006
0.0724334
0.0724663
0.0724994
0.0725325
0.0725658
0.0725992
0.0726327
0.0726664
0.0727002
0.072734
0.0727681
0.0728022
0.0728364
0.0728708
0.0729053
0.0729399
0.0729746
0.0730095
0.0730445
0.0730795
0.0731148
0.0731501
0.0731855
0.0732211
0.0732568
0.0732926
0.0733286
0.0733646
0.0734008
0.0734371
0.0734735
0.07351
0.0735467
0.0735835
0.0736204
0.0736574
0.0736945
0.0737317
0.0737691
0.0738066
0.0738442
0.0738819
0.0739198
0.0739577
0.0739958
0.074034
0.0740724
0.0741108
0.0741494
0.074188
0.0742268
0.0742657
0.0743048
0.0743439
0.0743832
0.0744226
0.0744621
0.0745017
0.0745414
0.0745813
0.0746213
0.0746614
0.0747016
0.0747419
0.0747824
0.0748229
0.0748636
0.0749044
0.0749453
0.0749863
0.0750275
0.0750688
0.0751101
0.0751516
0.0751932
0.075235
0.0752768
0.0753188
0.0753609
0.0754031
0.0754454
0.0754878
0.0755304
0.075573
0.0756158
0.0756587
0.0757017
0.0757448
0.0757881
0.0758314
0.0758749
0.0759185
0.0759622
0.076006
0.0760499
0.0760939
0.0761381
0.0761824
0.0762268
0.0762713
0.0763159
0.0763606
0.0764054
0.0764504
0.0764955
0.0765407
0.076586
0.0766314
0.0766769
0.0767225
0.0767683
0.0768141
0.0768601
0.0769062
0.0769524
0.0769987
0.0770451
0.0770917
0.0771383
0.0771851
0.077232
0.077279
0.0773261
0.0773733
0.0774206
0.077468
0.0775156
0.0775632
0.077611
0.0776589
0.0777069
0.077755
0.0778032
0.0778515
0.0778999
0.0779484
0.0779971
0.0780459
0.0780947
0.0781437
0.0781928
0.078242
0.0782913
0.0783407
0.0783902
0.0784399
0.0784896
0.0785395
0.0785894
0.0786395
0.0786896
0.0787399
0.0787903
0.0788408
0.0788914
0.0789421
0.0789929
0.0790439
0.0790949
0.079146
0.0791973
0.0792486
0.0793001
0.0793516
0.0794033
0.0794551
0.079507
0.079559
0.079611
0.0796632
0.0797155
0.0797679
0.0798204
0.0798731
0.0799258
0.0799786
0.0800315
0.0800845
0.0801377
0.0801909
0.0802442
0.0802977
0.0803512
0.0804049
0.0804586
0.0805125
0.0805664
0.0806205
0.0806746
0.0807289
0.0807832
0.0808377
0.0808922
0.0809469
0.0810016
0.0810565
0.0811115
0.0811665
0.0812217
0.0812769
0.0813323
0.0813877
0.0814433
0.0814989
0.0815547
0.0816105
0.0816665
0.0817225
0.0817786
0.0818349
0.0818912
0.0819476
0.0820042
0.0820608
0.0821175
0.0821743
0.0822312
0.0822882
0.0823453
0.0824025
0.0824598
0.0825172
0.0825746
0.0826322
0.0826899
0.0827476
0.0828055
0.0828634
0.0829214
0.0829796
0.0830378
0.0830961
0.0831545
0.083213
0.0832716
0.0833302
0.083389
0.0834478
0.0835068
0.0835658
0.0836249
0.0836841
0.0837434
0.0838028
0.0838623
0.0839219
0.0839815
0.0840412
0.0841011
0.084161
0.084221
0.084281
0.0843412
0.0844015
0.0844618
0.0845222
0.0845827
0.0846433
0.084704
0.0847648
0.0848256
0.0848865
0.0849475
0.0850086
0.0850698
0.085131
0.0851924
0.0852538
0.0853153
0.0853769
0.0854385
0.0855003
0.0855621
0.085624
0.0856859
0.085748
0.0858101
0.0858723
0.0859346
0.085997
0.0860594
0.0861219
0.0861845
0.0862472
0.0863099
0.0863727
0.0864356
0.0864986
0.0865616
0.0866247
0.0866879
0.0867512
0.0868145
0.0868779
0.0869414
0.0870049
0.0870685
0.0871322
0.087196
0.0872598
0.0873237
0.0873877
0.0874517
0.0875158
0.08758
0.0876442
0.0877085
0.0877729
0.0878373
0.0879018
0.0879664
0.088031
0.0880957
0.0881604
0.0882253
0.0882901
0.0883551
0.0884201
0.0884852
0.0885503
0.0886155
0.0886808
0.0887461
0.0888114
0.0888769
0.0889424
0.0890079
0.0890735
0.0891392
0.0892049
0.0892707
0.0893365
0.0894024
0.0894684
0.0895344
0.0896004
0.0896665
0.0897327
0.0897989
0.0898652
0.0899315
0.0899979
0.0900643
0.0901308
0.0901973
0.0902639
0.0903305
0.0903972
0.0904639
0.0905307
0.0905975
0.0906643
0.0907312
0.0907982
0.0908652
0.0909322
0.0909993
0.0910665
0.0911336
0.0912009
0.0912681
0.0913354
0.0914028
0.0914702
0.0915376
0.091605
0.0916726
0.0917401
0.0918077
0.0918753
0.091943
0.0920106
0.0920784
0.0921461
0.0922139
0.0922818
0.0923496
0.0924176
0.0924855
0.0925535
0.0926215
0.0926895
0.0927575
0.0928256
0.0928938
0.0929619
0.0930301
0.0930983
0.0931665
0.0932348
0.0933031
0.0933714
0.0934397
0.0935081
0.0935765
0.0936449
0.0937134
0.0937818
0.0938503
0.0939188
0.0939873
0.0940559
0.0941244
0.094193
0.0942616
0.0943302
0.0943989
0.0944675
0.0945362
0.0946049
0.0946736
0.0947423
0.094811
0.0948798
0.0949485
0.0950173
0.0950861
0.0951549
0.0952237
0.0952925
0.0953613
0.0954301
0.095499
0.0955678
0.0956366
0.0957055
0.0957744
0.0958432
0.0959121
0.095981
0.0960499
0.0961188
0.0961876
0.0962565
0.0963254
0.0963943
0.0964632
0.0965321
0.096601
0.0966698
0.0967387
0.0968076
0.0968765
0.0969453
0.0970142
0.0970831
0.0971519
0.0972208
0.0972896
0.0973584
0.0974272
0.0974961
0.0975649
0.0976336
0.0977024
0.0977712
0.0978399
0.0979087
0.0979774
0.0980461
0.0981148
0.0981835
0.0982522
0.0983208
0.0983894
0.0984581
0.0985267
0.0985952
0.0986638
0.0987323
0.0988008
0.0988693
0.0989378
0.0990062
0.0990747
0.0991431
0.0992114
0.0992798
0.0993481
0.0994164
0.0994847
0.0995529
0.0996211
0.0996893
0.0997575
0.0998256
0.0998937
0.0999617
0.10003
0.100098
0.100166
0.100234
0.100302
0.100369
0.100437
0.100505
0.100573
0.10064
0.100708
0.100776
0.100843
0.100911
0.100978
0.101046
0.101113
0.101181
0.101248
0.101315
0.101383
0.10145
0.101517
0.101584
0.101651
0.101718
0.101785
0.101852
0.101919
0.101986
0.102053
0.102119
0.102186
0.102253
0.102319
0.102386
0.102452
0.102519
0.102585
0.102651
0.102717
0.102784
0.10285
0.102916
0.102982
0.103048
0.103114
0.103179
0.103245
0.103311
0.103377
0.103442
0.103508
0.103573
0.103639
0.103704
0.103769
0.103834
0.103899
0.103965
0.10403
0.104094
0.104159
0.104224
0.104289
0.104353
0.104418
0.104483
0.104547
0.104611
0.104676
0.10474
0.104804
0.104868
0.104932
0.104996
0.10506
0.105124
0.105187
0.105251
0.105314
0.105378
0.105441
0.105504
0.105568
0.105631
0.105694
0.105757
0.10582
0.105883
0.105945
0.106008
0.10607
0.106133
0.106195
0.106258
0.10632
0.106382
0.106444
0.106506
0.106568
0.10663
0.106691
0.106753
0.106814
0.106876
0.106937
0.106998
0.10706
0.107121
0.107182
0.107242
0.107303
0.107364
0.107425
0.107485
0.107545
0.107606
0.107666
0.107726
0.107786
0.107846
0.107906
0.107966
0.108025
0.108085
0.108144
0.108203
0.108263
0.108322
0.108381
0.10844
0.108499
0.108557
0.108616
0.108675
0.108733
0.108791
0.10885
0.108908
0.108966
0.109024
0.109081
0.109139
0.109197
0.109254
0.109312
0.109369
0.109426
0.109483
0.10954
0.109597
0.109654
0.10971
0.109767
0.109823
0.10988
0.109936
0.109992
0.110048
0.110104
0.110159
0.110215
0.110271
0.110326
0.110381
0.110437
0.110492
0.110547
0.110602
0.110656
0.110711
0.110766
0.11082
0.110874
0.110928
0.110983
0.111037
0.11109
0.111144
0.111198
0.111251
0.111305
0.111358
0.111411
0.111464
0.111517
0.11157
0.111623
0.111675
0.111728
0.11178
0.111832
0.111884
0.111936
0.111988
0.11204
0.112092
0.112143
0.112195
0.112246
0.112297
0.112348
0.112399
0.11245
0.112501
0.112551
0.112602
0.112652
0.112702
0.112753
0.112803
0.112852
0.112902
0.112952
0.113001
0.113051
0.1131
0.113149
0.113198
0.113247
0.113296
0.113345
0.113393
0.113442
0.11349
0.113538
0.113586
0.113634
0.113682
0.11373
0.113777
0.113825
0.113872
0.113919
0.113967
0.114014
0.11406
0.114107
0.114154
0.1142
0.114247
0.114293
0.114339
0.114385
0.114431
0.114477
0.114523
0.114568
0.114614
0.114659
0.114704
0.114749
0.114794
0.114839
0.114884
0.114928
0.114973
0.115017
0.115061
0.115106
0.11515
0.115193
0.115237
0.115281
0.115324
0.115368
0.115411
0.115454
0.115497
0.11554
0.115583
0.115626
0.115668
0.115711
0.115753
0.115795
0.115837
0.115879
0.115921
0.115963
0.116005
0.116046
0.116087
0.116129
0.11617
0.116211
0.116252
0.116293
0.116333
0.116374
0.116414
0.116455
0.116495
0.116535
0.116575
0.116615
0.116655
0.116694
0.116734
0.116773
0.116813
0.116852
0.116891
0.11693
0.116969
0.117007
0.117046
0.117085
0.117123
0.117161
0.117199
0.117237
0.117275
0.117313
0.117351
0.117389
0.117426
0.117463
0.117501
0.117538
0.117575
0.117612
0.117649
0.117685
0.117722
0.117759
0.117795
0.117831
0.117868
0.117904
0.11794
0.117975
0.118011
0.118047
0.118082
0.118118
0.118153
0.118188
0.118223
0.118258
0.118293
0.118328
0.118363
0.118397
0.118432
0.118466
0.118501
0.118535
0.118569
0.118603
0.118637
0.11867
0.118704
0.118738
0.118771
0.118804
0.118838
0.118871
0.118904
0.118937
0.11897
0.119003
0.119035
0.119068
0.1191
0.119133
0.119165
0.119197
0.119229
0.119261
0.119293
0.119325
0.119356
0.119388
0.11942
0.119451
0.119482
0.119513
0.119545
0.119576
0.119607
0.119637
0.119668
0.119699
0.119729
0.11976
0.11979
0.119821
0.119851
0.119881
0.119911
0.119941
0.119971
0.12
0.12003
0.12006
0.120089
0.120119
0.120148
0.120177
0.120206
0.120235
0.120264
0.120293
0.120322
0.120351
0.12038
0.120408
0.120437
0.120465
0.120493
0.120521
0.12055
0.120578
0.120606
0.120634
0.120661
0.120689
0.120717
0.120744
0.120772
0.120799
0.120827
0.120854
0.120881
0.120908
0.120935
0.120962
0.120989
0.121016
0.121043
0.12107
0.121096
0.121123
0.121149
0.121175
0.121202
0.121228
0.121254
0.12128
0.121306
0.121332
0.121358
0.121384
0.12141
0.121435
0.121461
0.121487
0.121512
0.121537
0.121563
0.121588
0.121613
0.121638
0.121663
0.121688
0.121713
0.121738
0.121763
0.121788
0.121813
0.121837
0.121862
0.121886
0.121911
0.121935
0.121959
0.121984
0.122008
0.122032
0.122056
0.12208
0.122104
0.122128
0.122152
0.122176
0.122199
0.122223
0.122247
0.12227
0.122294
0.122317
0.122341
0.122364
0.122387
0.122411
0.122434
0.122457
0.12248
0.122503
0.122526
0.122549
0.122572
0.122595
0.122618
0.12264
0.122663
0.122686
0.122708
0.122731
0.122753
0.122776
0.122798
0.122821
0.122843
0.122865
0.122887
0.12291
0.122932
0.122954
0.122976
0.122998
0.12302
0.123042
0.123064
0.123086
0.123107
0.123129
0.123151
0.123173
0.123194
0.123216
0.123237
0.123259
0.123281
0.123302
0.123323
0.123345
0.123366
0.123387
0.123409
0.12343
0.123451
0.123472
0.123494
0.123515
0.123536
0.123557
0.123578
0.123599
0.12362
0.123641
0.123662
0.123683
0.123703
0.123724
0.123745
0.123766
0.123786
0.123807
0.123828
0.123848
0.123869
0.12389
0.12391
0.123931
0.123951
0.123972
0.123992
0.124013
0.124033
0.124053
0.124074
0.124094
0.124114
0.124135
0.124155
0.124175
0.124196
0.124216
0.124236
0.124256
0.124276
0.124296
0.124317
0.124337
0.124357
0.124377
0.124397
0.124417
0.124437
0.124457
0.124477
0.124497
0.124517
0.124537
0.124557
0.124577
0.124596
0.124616
0.124636
0.124656
0.124676
0.124696
0.124716
0.124735
0.124755
0.124775
0.124795
0.124814
0.124834
0.124854
0.124874
0.124893
0.124913
0.124933
0.124952
0.124972
0.124992
0.125012
0.125031
0.125051
0.12507
0.12509
0.12511
0.125129
0.125149
0.125169
0.125188
0.125208
0.125227
0.125247
0.125267
0.125286
0.125306
0.125325
0.125345
0.125365
0.125384
0.125404
0.125423
0.125443
0.125463
0.125482
0.125502
0.125521
0.125541
0.12556
0.12558
0.1256
0.125619
0.125639
0.125658
0.125678
0.125697
0.125717
0.125737
0.125756
0.125776
0.125795
0.125815
0.125835
0.125854
0.125874
0.125893
0.125913
0.125933
0.125952
0.125972
0.125992
0.126011
0.126031
0.126051
0.12607
0.12609
0.12611
0.126129
0.126149
0.126169
0.126188
0.126208
0.126228
0.126248
0.126267
0.126287
0.126307
0.126327
0.126346
0.126366
0.126386
0.126406
0.126425
0.126445
0.126465
0.126485
0.126505
0.126525
0.126545
0.126564
0.126584
0.126604
0.126624
0.126644
0.126664
0.126684
0.126704
0.126724
0.126744
0.126764
0.126784
0.126804
0.126824
0.126844
0.126864
0.126884
0.126904
0.126924
0.126944
0.126964
0.126984
0.127005
0.127025
0.127045
0.127065
0.127085
0.127105
0.127126
0.127146
0.127166
0.127186
0.127207
0.127227
0.127247
0.127267
0.127288
0.127308
0.127328
0.127349
0.127369
0.12739
0.12741
0.12743
0.127451
0.127471
0.127492
0.127512
0.127533
0.127553
0.127574
0.127594
0.127615
0.127635
0.127656
0.127677
0.127697
0.127718
0.127738
0.127759
0.12778
0.1278
0.127821
0.127842
0.127863
0.127883
0.127904
0.127925
0.127946
0.127966
0.127987
0.128008
0.128029
0.12805
0.128071
0.128091
0.128112
0.128133
0.128154
0.128175
0.128196
0.128217
0.128238
0.128259
0.12828
0.128301
0.128322
0.128343
0.128364
0.128385
0.128406
0.128427
0.128448
0.12847
0.128491
0.128512
0.128533
0.128554
0.128575
0.128597
0.128618
0.128639
0.12866
0.128682
0.128703
0.128724
0.128745
0.128767
0.128788
0.128809
0.128831
0.128852
0.128873
0.128895
0.128916
0.128937
0.128959
0.12898
0.129002
0.129023
0.129044
0.129066
0.129087
0.129109
0.12913
0.129152
0.129173
0.129195
0.129216
0.129238
0.129259
0.129281
0.129302
0.129324
0.129346
0.129367
0.129389
0.12941
0.129432
0.129453
0.129475
0.129497
0.129518
0.12954
0.129562
0.129583
0.129605
0.129627
0.129648
0.12967
0.129692
0.129713
0.129735
0.129757
0.129778
0.1298
0.129822
0.129843
0.129865
0.129887
0.129908
0.12993
0.129952
0.129974
0.129995
0.130017
0.130039
0.130061
0.130082
0.130104
0.130126
0.130148
0.130169
0.130191
0.130213
0.130235
0.130256
0.130278
0.1303
0.130322
0.130343
0.130365
0.130387
0.130409
0.13043
0.130452
0.130474
0.130496
0.130517
0.130539
0.130561
0.130582
0.130604
0.130626
0.130648
0.130669
0.130691
0.130713
0.130735
0.130756
0.130778
0.1308
0.130821
0.130843
0.130865
0.130886
0.130908
0.13093
0.130951
0.130973
0.130995
0.131016
0.131038
0.13106
0.131081
0.131103
0.131125
0.131146
0.131168
0.131189
0.131211
0.131232
0.131254
0.131276
0.131297
0.131319
0.13134
0.131362
0.131383
0.131405
0.131426
0.131448
0.131469
0.131491
0.131512
0.131534
0.131555
0.131576
0.131598
0.131619
0.131641
0.131662
0.131683
0.131705
0.131726
0.131747
0.131769
0.13179
0.131811
0.131832
0.131854
0.131875
0.131896
0.131917
0.131938
0.13196
0.131981
0.132002
0.132023
0.132044
0.132065
0.132086
0.132107
0.132129
0.13215
0.132171
0.132192
0.132213
0.132234
0.132254
0.132275
0.132296
0.132317
0.132338
0.132359
0.13238
0.132401
0.132421
0.132442
0.132463
0.132484
0.132504
0.132525
0.132546
0.132567
0.132587
0.132608
0.132628
0.132649
0.13267
0.13269
0.132711
0.132731
0.132752
0.132772
0.132793
0.132813
0.132833
0.132854
0.132874
0.132895
0.132915
0.132935
0.132955
0.132976
0.132996
0.133016
0.133036
0.133056
0.133077
0.133097
0.133117
0.133137
0.133157
0.133177
0.133197
0.133217
0.133237
0.133257
0.133277
0.133297
0.133316
0.133336
0.133356
0.133376
0.133396
0.133415
0.133435
0.133455
0.133474
0.133494
0.133513
0.133533
0.133553
0.133572
0.133592
0.133611
0.13363
0.13365
0.133669
0.133689
0.133708
0.133727
0.133747
0.133766
0.133785
0.133804
0.133823
0.133843
0.133862
0.133881
0.1339
0.133919
0.133938
0.133957
0.133976
0.133995
0.134014
0.134032
0.134051
0.13407
0.134089
0.134108
0.134126
0.134145
0.134164
0.134182
0.134201
0.134219
0.134238
0.134257
0.134275
0.134293
0.134312
0.13433
0.134349
0.134367
0.134385
0.134404
0.134422
0.13444
0.134458
0.134476
0.134495
0.134513
0.134531
0.134549
0.134567
0.134585
0.134603
0.134621
0.134639
0.134656
0.134674
0.134692
0.13471
0.134728
0.134745
0.134763
0.134781
0.134798
0.134816
0.134833
0.134851
0.134869
0.134886
0.134903
0.134921
0.134938
0.134956
0.134973
0.13499
0.135007
0.135025
0.135042
0.135059
0.135076
0.135093
0.13511
0.135127
0.135144
0.135161
0.135178
0.135195
0.135212
0.135229
0.135246
0.135263
0.135279
0.135296
0.135313
0.135329
0.135346
0.135363
0.135379
0.135396
0.135412
0.135429
0.135445
0.135462
0.135478
0.135494
0.135511
0.135527
0.135543
0.135559
0.135576
0.135592
0.135608
0.135624
0.13564
0.135656
0.135672
0.135688
0.135704
0.13572
0.135736
0.135752
0.135767
0.135783
0.135799
0.135815
0.13583
0.135846
0.135862
0.135877
0.135893
0.135908
0.135924
0.135939
0.135955
0.13597
0.135986
0.136001
0.136016
0.136032
0.136047
0.136062
0.136077
0.136093
0.136108
0.136123
0.136138
0.136153
0.136168
0.136183
0.136198
0.136213
0.136228
0.136243
0.136257
0.136272
0.136287
0.136302
0.136316
0.136331
0.136346
0.13636
0.136375
0.136389
0.136404
0.136418
0.136433
0.136447
0.136462
0.136476
0.13649
0.136505
0.136519
0.136533
0.136548
0.136562
0.136576
0.13659
0.136604
0.136618
0.136632
0.136646
0.13666
0.136674
0.136688
0.136702
0.136716
0.13673
0.136743
0.136757
0.136771
0.136785
0.136798
0.136812
0.136826
0.136839
0.136853
0.136866
0.13688
0.136893
0.136907
0.13692
0.136934
0.136947
0.13696
0.136974
0.136987
0.137
0.137013
0.137027
0.13704
0.137053
0.137066
0.137079
0.137092
0.137105
0.137118
0.137131
0.137144
0.137157
0.13717
0.137183
0.137195
0.137208
0.137221
0.137234
0.137246
0.137259
0.137272
0.137284
0.137297
0.137309
0.137322
0.137335
0.137347
0.137359
0.137372
0.137384
0.137397
0.137409
0.137421
0.137434
0.137446
0.137458
0.13747
0.137482
0.137495
0.137507
0.137519
0.137531
0.137543
0.137555
0.137567
0.137579
0.137591
0.137603
0.137615
0.137627
0.137638
0.13765
0.137662
0.137674
0.137685
0.137697
0.137709
0.13772
0.137732
0.137744
0.137755
0.137767
0.137778
0.13779
0.137801
0.137813
0.137824
0.137835
0.137847
0.137858
0.137869
0.137881
0.137892
0.137903
0.137914
0.137926
0.137937
0.137948
0.137959
0.13797
0.137981
0.137992
0.138003
0.138014
0.138025
0.138036
0.138047
0.138058
0.138069
0.13808
0.13809
0.138101
0.138112
0.138123
0.138133
0.138144
0.138155
0.138165
0.138176
0.138187
0.138197
0.138208
0.138218
0.138229
0.138239
0.13825
0.13826
0.13827
0.138281
0.138291
0.138301
0.138312
0.138322
0.138332
0.138343
0.138353
0.138363
0.138373
0.138383
0.138393
0.138403
0.138414
0.138424
0.138434
0.138444
0.138454
0.138464
0.138473
0.138483
0.138493
0.138503
0.138513
0.138523
0.138533
0.138542
0.138552
0.138562
0.138572
0.138581
0.138591
0.138601
0.13861
0.13862
0.138629
0.138639
0.138648
0.138658
0.138667
0.138677
0.138686
0.138696
0.138705
0.138715
0.138724
0.138733
0.138743
0.138752
0.138761
0.13877
0.13878
0.138789
0.138798
0.138807
0.138816
0.138826
0.138835
0.138844
0.138853
0.138862
0.138871
0.13888
0.138889
0.138898
0.138907
0.138916
0.138925
0.138934
0.138942
0.138951
0.13896
0.138969
0.138978
0.138986
0.138995
0.139004
0.139013
0.139021
0.13903
0.139039
0.139047
0.139056
0.139064
0.139073
0.139081
0.13909
0.139099
0.139107
0.139115
0.139124
0.139132
0.139141
0.139149
0.139158
0.139166
0.139174
0.139183
0.139191
0.139199
0.139207
0.139216
0.139224
0.139232
0.13924
0.139248
0.139257
0.139265
0.139273
0.139281
0.139289
0.139297
0.139305
0.139313
0.139321
0.139329
0.139337
0.139345
0.139353
0.139361
0.139369
0.139377
0.139384
0.139392
0.1394
0.139408
0.139416
0.139423
0.139431
0.139439
0.139447
0.139454
0.139462
0.13947
0.139477
0.139485
0.139493
0.1395
0.139508
0.139515
0.139523
0.13953
0.139538
0.139545
0.139553
0.13956
0.139568
0.139575
0.139583
0.13959
0.139597
0.139605
0.139612
0.139619
0.139627
0.139634
0.139641
0.139648
0.139656
0.139663
0.13967
0.139677
0.139684
0.139692
0.139699
0.139706
0.139713
0.13972
0.139727
0.139734
0.139741
0.139748
0.139755
0.139762
0.139769
0.139776
0.139783
0.13979
0.139797
0.139804
0.139811
0.139818
0.139825
0.139832
0.139838
0.139845
0.139852
0.139859
0.139866
0.139872
0.139879
0.139886
0.139892
0.139899
0.139906
0.139912
0.139919
0.139926
0.139932
0.139939
0.139946
0.139952
0.139959
0.139965
0.139972
0.139978
0.139985
0.139991
0.139998
0.140004
0.140011
0.140017
0.140024
0.14003
0.140036
0.140043
0.140049
0.140055
0.140062
0.140068
0.140074
0.140081
0.140087
0.140093
0.140099
0.140106
0.140112
0.140118
0.140124
0.14013
0.140137
0.140143
0.140149
0.140155
0.140161
0.140167
0.140173
0.140179
0.140185
0.140191
0.140197
0.140204
0.14021
0.140216
0.140221
0.140227
0.140233
0.140239
0.140245
0.140251
0.140257
0.140263
0.140269
0.140275
0.140281
0.140286
0.140292
0.140298
0.140304
0.14031
0.140315
0.140321
0.140327
0.140333
0.140338
0.140344
0.14035
0.140355
0.140361
0.140367
0.140372
0.140378
0.140384
0.140389
0.140395
0.1404
0.140406
0.140411
0.140417
0.140423
0.140428
0.140434
0.140439
0.140445
0.14045
0.140455
0.140461
0.140466
0.140472
0.140477
0.140483
0.140488
0.140493
0.140499
0.140504
0.140509
0.140515
0.14052
0.140525
0.140531
0.140536
0.140541
0.140546
0.140552
0.140557
0.140562
0.140567
0.140573
0.140578
0.140583
0.140588
0.140593
0.140598
0.140604
0.140609
0.140614
0.140619
0.140624
0.140629
0.140634
0.140639
0.140644
0.140649
0.140654
0.140659
0.140664
0.140669
0.140674
0.140679
0.140684
0.140689
0.140694
0.140699
0.140704
0.140709
0.140714
0.140719
0.140724
0.140728
0.140733
0.140738
0.140743
0.140748
0.140753
0.140757
0.140762
0.140767
0.140772
0.140776
0.140781
0.140786
0.140791
0.140795
0.1408
0.140805
0.140809
0.140814
0.140819
0.140823
0.140828
0.140833
0.140837
0.140842
0.140847
0.140851
0.140856
0.14086
0.140865
0.14087
0.140874
0.140879
0.140883
0.140888
0.140892
0.140897
0.140901
0.140906
0.14091
0.140915
0.140919
0.140923
0.140928
0.140932
0.140937
0.140941
0.140946
0.14095
0.140954
0.140959
0.140963
0.140967
0.140972
0.140976
0.14098
0.140985
0.140989
0.140993
0.140998
0.141002
0.141006
0.14101
0.141015
0.141019
0.141023
0.141027
0.141032
0.141036
0.14104
0.141044
0.141048
0.141052
0.141057
0.141061
0.141065
0.141069
0.141073
0.141077
0.141081
0.141085
0.14109
0.141094
0.141098
0.141102
0.141106
0.14111
0.141114
0.141118
0.141122
0.141126
0.14113
0.141134
0.141138
0.141142
0.141146
0.14115
0.141154
0.141158
0.141162
0.141166
0.14117
0.141173
0.141177
0.141181
0.141185
0.141189
0.141193
0.141197
0.141201
0.141204
0.141208
0.141212
0.141216
0.14122
0.141224
0.141227
0.141231
0.141235
0.141239
0.141243
0.141246
0.14125
0.141254
0.141257
0.141261
0.141265
0.141269
0.141272
0.141276
0.14128
0.141283
0.141287
0.141291
0.141294
0.141298
0.141302
0.141305
0.141309
0.141313
0.141316
0.14132
0.141323
0.141327
0.141331
0.141334
0.141338
0.141341
0.141345
0.141348
0.141352
0.141355
0.141359
0.141362
0.141366
0.141369
0.141373
0.141376
0.14138
0.141383
0.141387
0.14139
0.141394
0.141397
0.141401
0.141404
0.141408
0.141411
0.141414
0.141418
0.141421
0.141425
0.141428
0.141431
0.141435
0.141438
0.141441
0.141445
0.141448
0.141451
0.141455
0.141458
0.141461
0.141465
0.141468
0.141471
0.141475
0.141478
0.141481
0.141484
0.141488
0.141491
0.141494
0.141497
0.141501
0.141504
0.141507
0.14151
0.141513
0.141517
0.14152
0.141523
0.141526
0.141529
0.141532
0.141536
0.141539
0.141542
0.141545
0.141548
0.141551
0.141554
0.141558
0.141561
0.141564
0.141567
0.14157
0.141573
0.141576
0.141579
0.141582
0.141585
0.141588
0.141591
0.141594
0.141597
0.141601
0.141604
0.141607
0.14161
0.141613
0.141616
0.141619
0.141622
0.141624
0.141627
0.14163
0.141633
0.141636
0.141639
0.141642
0.141645
0.141648
0.141651
0.141654
0.141657
0.14166
0.141663
0.141666
0.141668
0.141671
0.141674
0.141677
0.14168
0.141683
0.141686
0.141688
0.141691
0.141694
0.141697
0.1417
0.141703
0.141705
0.141708
0.141711
0.141714
0.141717
0.141719
0.141722
0.141725
0.141728
0.141731
0.141733
0.141736
0.141739
0.141742
0.141744
0.141747
0.14175
0.141752
0.141755
0.141758
0.141761
0.141763
0.141766
0.141769
0.141771
0.141774
0.141777
0.141779
0.141782
0.141785
0.141787
0.14179
0.141793
0.141795
0.141798
0.1418
0.141803
0.141806
0.141808
0.141811
0.141814
0.141816
0.141819
0.141821
0.141824
0.141826
0.141829
0.141832
0.141834
0.141837
0.141839
0.141842
0.141844
0.141847
0.141849
0.141852
0.141854
0.141857
0.141859
0.141862
0.141864
0.141867
0.141869
0.141872
0.141874
0.141877
0.141879
0.141882
0.141884
0.141887
0.141889
0.141892
0.141894
0.141896
0.141899
0.141901
0.141904
0.141906
0.141909
0.141911
0.141913
0.141916
0.141918
0.14192
0.141923
0.141925
0.141928
0.14193
0.141932
0.141935
0.141937
0.141939
0.141942
0.141944
0.141946
0.141949
0.141951
0.141953
0.141956
0.141958
0.14196
0.141963
0.141965
0.141967
0.14197
0.141972
0.141974
0.141976
0.141979
0.141981
0.141983
0.141985
0.141988
0.14199
0.141992
0.141994
0.141997
0.141999
0.142001
0.142003
0.142006
0.142008
0.14201
0.142012
0.142014
0.142017
0.142019
0.142021
0.142023
0.142025
0.142028
0.14203
0.142032
0.142034
0.142036
0.142038
0.142041
0.142043
0.142045
0.142047
0.142049
0.142051
0.142053
0.142056
0.142058
0.14206
0.142062
0.142064
0.142066
0.142068
0.14207
0.142072
0.142075
0.142077
0.142079
0.142081
0.142083
0.142085
0.142087
0.142089
0.142091
0.142093
0.142095
0.142097
0.142099
0.142101
0.142103
0.142105
0.142107
0.142109
0.142111
0.142113
0.142116
0.142118
0.14212
0.142122
0.142124
0.142126
0.142127
0.142129
0.142131
0.142133
0.142135
0.142137
0.142139
0.142141
0.142143
0.142145
0.142147
0.142149
0.142151
0.142153
0.142155
0.142157
0.142159
0.142161
0.142163
0.142165
0.142167
0.142168
0.14217
0.142172
0.142174
0.142176
0.142178
0.14218
0.142182
0.142184
0.142185
0.142187
0.142189
0.142191
0.142193
0.142195
0.142197
0.142199
0.1422
0.142202
0.142204
0.142206
0.142208
0.14221
0.142211
0.142213
0.142215
0.142217
0.142219
0.142221
0.142222
0.142224
0.142226
0.142228
0.14223
0.142231
0.142233
0.142235
0.142237
0.142239
0.14224
0.142242
0.142244
0.142246
0.142247
0.142249
0.142251
0.142253
0.142254
0.142256
0.142258
0.14226
0.142261
0.142263
0.142265
0.142267
0.142268
0.14227
0.142272
0.142274
0.142275
0.142277
0.142279
0.14228
0.142282
0.142284
0.142286
0.142287
0.142289
0.142291
0.142292
0.142294
0.142296
0.142297
0.142299
0.142301
0.142302
0.142304
0.142306
0.142307
0.142309
0.142311
0.142312
0.142314
0.142316
0.142317
0.142319
0.142321
0.142322
0.142324
0.142325
0.142327
0.142329
0.14233
0.142332
0.142334
0.142335
0.142337
0.142338
0.14234
0.142342
0.142343
0.142345
0.142346
0.142348
0.142349
0.142351
0.142353
0.142354
0.142356
0.142357
0.142359
0.142361
0.142362
0.142364
0.142365
0.142367
0.142368
0.14237
0.142371
0.142373
0.142374
0.142376
0.142378
0.142379
0.142381
0.142382
0.142384
0.142385
0.142387
0.142388
0.14239
0.142391
0.142393
0.142394
0.142396
0.142397
0.142399
0.1424
0.142402
0.142403
0.142405
0.142406
0.142408
0.142409
0.142411
0.142412
0.142414
0.142415
0.142417
0.142418
0.142419
0.142421
0.142422
0.142424
0.142425
0.142427
0.142428
0.14243
0.142431
0.142433
0.142434
0.142435
0.142437
0.142438
0.14244
0.142441
0.142443
0.142444
0.142445
0.142447
0.142448
0.14245
0.142451
0.142452
0.142454
0.142455
0.142457
0.142458
0.142459
0.142461
0.142462
0.142464
0.142465
0.142466
0.142468
0.142469
0.142471
0.142472
0.142473
0.142475
0.142476
0.142477
0.142479
0.14248
0.142481
0.142483
0.142484
0.142486
0.142487
0.142488
0.14249
0.142491
0.142492
0.142494
0.142495
0.142496
0.142498
0.142499
0.1425
0.142502
0.142503
0.142504
0.142506
0.142507
0.142508
0.142509
0.142511
0.142512
0.142513
0.142515
0.142516
0.142517
0.142519
0.14252
0.142521
0.142522
0.142524
0.142525
0.142526
0.142528
0.142529
0.14253
0.142531
0.142533
0.142534
0.142535
0.142536
0.142538
0.142539
0.14254
0.142542
0.142543
0.142544
0.142545
0.142547
0.142548
0.142549
0.14255
0.142552
0.142553
0.142554
0.142555
0.142556
0.142558
0.142559
0.14256
0.142561
0.142563
0.142564
0.142565
0.142566
0.142568
0.142569
0.14257
0.142571
0.142572
0.142574
0.142575
0.142576
0.142577
0.142578
0.14258
0.142581
0.142582
0.142583
0.142584
0.142586
0.142587
0.142588
0.142589
0.14259
0.142591
0.142593
0.142594
0.142595
0.142596
0.142597
0.142599
0.1426
0.142601
0.142602
0.142603
0.142604
0.142605
0.142607
0.142608
0.142609
0.14261
0.142611
0.142612
0.142614
0.142615
0.142616
0.142617
0.142618
0.142619
0.14262
0.142621
0.142623
0.142624
0.142625
0.142626
0.142627
0.142628
0.142629
0.14263
0.142632
0.142633
0.142634
0.142635
0.142636
0.142637
0.142638
0.142639
0.14264
0.142642
0.142643
0.142644
0.142645
0.142646
0.142647
0.142648
0.142649
0.14265
0.142651
0.142653
0.142654
0.142655
0.142656
0.142657
0.142658
0.142659
0.14266
0.142661
0.142662
0.142663
0.142664
0.142665
0.142666
0.142668
0.142669
0.14267
0.142671
0.142672
0.142673
0.142674
0.142675
0.142676
0.142677
0.142678
0.142679
0.14268
0.142681
0.142682
0.142683
0.142684
0.142685
0.142686
0.142687
0.142688
0.142689
0.142691
0.142692
0.142693
0.142694
0.142695
0.142696
0.142697
0.142698
0.142699
0.1427
0.142701
0.142702
0.142703
0.142704
0.142705
0.142706
0.142707
0.142708
0.142709
0.14271
0.142711
0.142712
0.142713
0.142714
0.142715
0.142716
0.142717
0.142718
0.142719
0.14272
0.142721
0.142722
0.142723
0.142724
0.142725
0.142726
0.142727
0.142728
0.142729
0.14273
0.14273
0.142731
0.142732
0.142733
0.142734
0.142735
0.142736
0.142737
0.142738
0.142739
0.14274
0.142741
0.142742
0.142743
0.142744
0.142745
0.142746
0.142747
0.142748
0.142749
0.14275
0.142751
0.142751
0.142752
0.142753
0.142754
0.142755
0.142756
0.142757
0.142758
0.142759
0.14276
0.142761
0.142762
0.142763
0.142764
0.142765
0.142765
0.142766
0.142767
0.142768
0.142769
0.14277
0.142771
0.142772
0.142773
0.142774
0.142775
0.142776
0.142776
0.142777
0.142778
0.142779
0.14278
0.142781
0.142782
0.142783
0.142784
0.142785
0.142785
0.142786
0.142787
0.142788
0.142789
0.14279
0.142791
0.142792
0.142793
0.142793
0.142794
0.142795
0.142796
0.142797
0.142798
0.142799
0.1428
0.1428
0.142801
0.142802
0.142803
0.142804
0.142805
0.142806
0.142807
0.142807
0.142808
0.142809
0.14281
0.142811
0.142812
0.142813
0.142813
0.142814
0.142815
0.142816
0.142817
0.142818
0.142819
0.142819
0.14282
0.142821
0.142822
0.142823
0.142824
0.142824
0.142825
0.142826
0.142827
0.142828
0.142829
0.14283
0.14283
0.142831
0.142832
0.142833
0.142834
0.142835
0.142835
0.142836
0.142837
0.142838
0.142839
0.142839
0.14284
0.142841
0.142842
0.142843
0.142844
0.142844
0.142845
0.142846
0.142847
0.142848
0.142848
0.142849
0.14285
0.142851
0.142852
0.142853
0.142853
0.142854
0.142855
0.142856
0.142857
0.142857
0.142858
0.142859
0.14286
0.142861
0.142861
0.142862
0.142863
0.142864
0.142864
0.142865
0.142866
0.142867
0.142868
0.142868
0.142869
0.14287
0.142871
0.142872
0.142872
0.142873
0.142874
0.142875
0.142875
0.142876
0.142877
0.142878
0.142879
0.142879
0.14288
0.142881
0.142882
0.142882
0.142883
0.142884
0.142885
0.142886
0.142886
0.142887
0.142888
0.142889
0.142889
0.14289
0.142891
0.142892
0.142892
0.142893
0.142894
0.142895
0.142895
0.142896
0.142897
0.142898
0.142898
0.142899
0.1429
0.142901
0.142901
0.142902
0.142903
0.142904
0.142904
0.142905
0.142906
0.142907
0.142907
0.142908
0.142909
0.14291
0.14291
0.142911
0.142912
0.142913
0.142913
0.142914
0.142915
0.142915
0.142916
0.142917
0.142918
0.142918
0.142919
0.14292
0.142921
0.142921
0.142922
0.142923
0.142923
0.142924
0.142925
0.142926
0.142926
0.142927
0.142928
0.142928
0.142929
0.14293
0.142931
0.142931
0.142932
0.142933
0.142933
0.142934
0.142935
0.142936
0.142936
0.142937
0.142938
0.142938
0.142939
0.14294
0.14294
0.142941
0.142942
0.142943
0.142943
0.142944
0.142945
0.142945
0.142946
0.142947
0.142947
0.142948
0.142949
0.14295
0.14295
0.142951
0.142952
0.142952
0.142953
0.142954
0.142954
0.142955
0.142956
0.142956
0.142957
0.142958
0.142958
0.142959
0.14296
0.14296
0.142961
0.142962
0.142963
0.142963
0.142964
0.142965
0.142965
0.142966
0.142967
0.142967
0.142968
0.142969
0.142969
0.14297
0.142971
0.142971
0.142972
0.142973
0.142973
0.142974
0.142975
0.142975
0.142976
0.142977
0.142977
0.142978
0.142979
0.142979
0.14298
0.142981
0.142981
0.142982
0.142982
0.142983
0.142984
0.142984
0.142985
0.142986
0.142986
0.142987
0.142988
0.142988
0.142989
0.14299
0.14299
0.142991
0.142992
0.142992
0.142993
0.142994
0.142994
0.142995
0.142995
0.142996
0.142997
0.142997
0.142998
0.142999
0.142999
0.143
0.143001
0.143001
0.143002
0.143002
0.143003
0.143004
0.143004
0.143005
0.143006
0.143006
0.143007
0.143007
0.143008
0.143009
0.143009
0.14301
0.143011
0.143011
0.143012
0.143012
0.143013
0.143014
0.143014
0.143015
0.143016
0.143016
0.143017
0.143017
0.143018
0.143019
0.143019
0.14302
0.143021
0.143021
0.143022
0.143022
0.143023
0.143024
0.143024
0.143025
0.143025
0.143026
0.143027
0.143027
0.143028
0.143028
0.143029
0.14303
0.14303
0.143031
0.143032
0.143032
0.143033
0.143033
0.143034
0.143035
0.143035
0.143036
0.143036
0.143037
0.143038
0.143038
0.143039
0.143039
0.14304
0.14304
0.143041
0.143042
0.143042
0.143043
0.143043
0.143044
0.143045
0.143045
0.143046
0.143046
0.143047
0.143048
0.143048
0.143049
0.143049
0.14305
0.143051
0.143051
0.143052
0.143052
0.143053
0.143053
0.143054
0.143055
0.143055
0.143056
0.143056
0.143057
0.143057
0.143058
0.143059
0.143059
0.14306
0.14306
0.143061
0.143062
0.143062
0.143063
0.143063
0.143064
0.143064
0.143065
0.143066
0.143066
0.143067
0.143067
0.143068
0.143068
0.143069
0.143069
0.14307
0.143071
0.143071
0.143072
0.143072
0.143073
0.143073
0.143074
0.143075
0.143075
0.143076
0.143076
0.143077
0.143077
0.143078
0.143078
0.143079
0.14308
0.14308
0.143081
0.143081
0.143082
0.143082
0.143083
0.143083
0.143084
0.143085
0.143085
0.143086
0.143086
0.143087
0.143087
0.143088
0.143088
0.143089
0.14309
0.14309
0.143091
0.143091
0.143092
0.143092
0.143093
0.143093
0.143094
0.143094
0.143095
0.143095
0.143096
0.143097
0.143097
0.143098
0.143098
0.143099
0.143099
0.1431
0.1431
0.143101
0.143101
0.143102
0.143102
0.143103
0.143104
0.143104
0.143105
0.143105
0.143106
0.143106
0.143107
0.143107
0.143108
0.143108
0.143109
0.143109
0.14311
0.14311
0.143111
0.143111
0.143112
0.143113
0.143113
0.143114
0.143114
0.143115
0.143115
0.143116
0.143116
0.143117
0.143117
0.143118
0.143118
0.143119
0.143119
0.14312
0.14312
0.143121
0.143121
0.143122
0.143122
0.143123
0.143123
0.143124
0.143124
0.143125
0.143126
0.143126
0.143127
0.143127
0.143128
0.143128
0.143129
0.143129
0.14313
0.14313
0.143131
0.143131
0.143132
0.143132
0.143133
0.143133
0.143134
0.143134
0.143135
0.143135
0.143136
0.143136
0.143137
0.143137
0.143138
0.143138
0.143139
0.143139
0.14314
0.14314
0.143141
0.143141
0.143142
0.143142
0.143143
0.143143
0.143144
0.143144
0.143145
0.143145
0.143146
0.143146
0.143147
0.143147
0.143148
0.143148
0.143149
0.143149
0.14315
0.14315
0.143151
0.143151
0.143152
0.143152
0.143153
0.143153
0.143154
0.143154
0.143154
0.143155
0.143155
0.143156
0.143156
0.143157
0.143157
0.143158
0.143158
0.143159
0.143159
0.14316
0.14316
0.143161
0.143161
0.143162
0.143162
0.143163
0.143163
0.143164
0.143164
0.143165
0.143165
0.143166
0.143166
0.143167
0.143167
0.143167
0.143168
0.143168
0.143169
0.143169
0.14317
0.14317
0.143171
0.143171
0.143172
0.143172
0.143173
0.143173
0.143174
0.143174
0.143175
0.143175
0.143175
0.143176
0.143176
0.143177
0.143177
0.143178
0.143178
0.143179
0.143179
0.14318
0.14318
0.143181
0.143181
0.143182
0.143182
0.143182
0.143183
0.143183
0.143184
0.143184
0.143185
0.143185
0.143186
0.143186
0.143187
0.143187
0.143188
0.143188
0.143188
0.143189
0.143189
0.14319
0.14319
0.143191
0.143191
0.143192
0.143192
0.143193
0.143193
0.143193
0.143194
0.143194
0.143195
0.143195
0.143196
0.143196
0.143197
0.143197
0.143197
0.143198
0.143198
0.143199
0.143199
0.1432
0.1432
0.143201
0.143201
0.143202
0.143202
0.143202
0.143203
0.143203
0.143204
0.143204
0.143205
0.143205
0.143205
0.143206
0.143206
0.143207
0.143207
0.143208
0.143208
0.143209
0.143209
0.143209
0.14321
0.14321
0.143211
0.143211
0.143212
0.143212
0.143213
0.143213
0.143213
0.143214
0.143214
0.143215
0.143215
0.143216
0.143216
0.143216
0.143217
0.143217
0.143218
0.143218
0.143219
0.143219
0.143219
0.14322
0.14322
0.143221
0.143221
0.143222
0.143222
0.143222
0.143223
0.143223
0.143224
0.143224
0.143225
0.143225
0.143225
0.143226
0.143226
0.143227
0.143227
0.143228
0.143228
0.143228
0.143229
0.143229
0.14323
0.14323
0.14323
0.143231
0.143231
0.143232
0.143232
0.143233
0.143233
0.143233
0.143234
0.143234
0.143235
0.143235
0.143235
0.143236
0.143236
0.143237
0.143237
0.143238
0.143238
0.143238
0.143239
0.143239
0.14324
0.14324
0.14324
0.143241
0.143241
0.143242
0.143242
0.143242
0.143243
0.143243
0.143244
0.143244
0.143245
0.143245
0.143245
0.143246
0.143246
0.143247
0.143247
0.143247
0.143248
0.143248
0.143249
0.143249
0.143249
0.14325
0.14325
0.143251
0.143251
0.143251
0.143252
0.143252
0.143253
0.143253
0.143253
0.143254
0.143254
0.143255
0.143255
0.143255
0.143256
0.143256
0.143257
0.143257
0.143257
0.143258
0.143258
0.143259
0.143259
0.143259
0.14326
0.14326
0.143261
0.143261
0.143261
0.143262
0.143262
0.143263
0.143263
0.143263
0.143264
0.143264
0.143264
0.143265
0.143265
0.143266
0.143266
0.143266
0.143267
0.143267
0.143268
0.143268
0.143268
0.143269
0.143269
0.14327
0.14327
0.14327
0.143271
0.143271
0.143271
0.143272
0.143272
0.143273
0.143273
0.143273
0.143274
0.143274
0.143275
0.143275
0.143275
0.143276
0.143276
0.143276
0.143277
0.143277
0.143278
0.143278
0.143278
0.143279
0.143279
0.143279
0.14328
0.14328
0.143281
0.143281
0.143281
0.143282
0.143282
0.143282
0.143283
0.143283
0.143284
0.143284
0.143284
0.143285
0.143285
0.143285
0.143286
0.143286
0.143287
0.143287
0.143287
0.143288
0.143288
0.143288
0.143289
0.143289
0.143289
0.14329
0.14329
0.143291
0.143291
0.143291
0.143292
0.143292
0.143292
0.143293
0.143293
0.143294
0.143294
0.143294
0.143295
0.143295
0.143295
0.143296
0.143296
0.143296
0.143297
0.143297
0.143298
0.143298
0.143298
0.143299
0.143299
0.143299
0.1433
0.1433
0.1433
0.143301
0.143301
0.143301
0.143302
0.143302
0.143303
0.143303
0.143303
0.143304
0.143304
0.143304
0.143305
0.143305
0.143305
0.143306
0.143306
0.143306
0.143307
0.143307
0.143307
0.143308
0.143308
0.143309
0.143309
0.143309
0.14331
0.14331
0.14331
0.143311
0.143311
0.143311
0.143312
0.143312
0.143312
0.143313
0.143313
0.143313
0.143314
0.143314
0.143314
0.143315
0.143315
0.143316
0.143316
0.143316
0.143317
0.143317
0.143317
0.143318
0.143318
0.143318
0.143319
0.143319
0.143319
0.14332
0.14332
0.14332
0.143321
0.143321
0.143321
0.143322
0.143322
0.143322
0.143323
0.143323
0.143323
0.143324
0.143324
0.143324
0.143325
0.143325
0.143325
0.143326
0.143326
0.143326
0.143327
0.143327
0.143327
0.143328
0.143328
0.143328
0.143329
0.143329
0.143329
0.14333
0.14333
0.14333
0.143331
0.143331
0.143331
0.143332
0.143332
0.143332
0.143333
0.143333
0.143333
0.143334
0.143334
0.143334
0.143335
0.143335
0.143335
0.143336
0.143336
0.143336
0.143337
0.143337
0.143337
0.143338
0.143338
0.143338
0.143339
0.143339
0.143339
0.14334
0.14334
0.14334
0.143341
0.143341
0.143341
0.143341
0.143342
0.143342
0.143342
0.143343
0.143343
0.143343
0.143344
0.143344
0.143344
0.143345
0.143345
0.143345
0.143346
0.143346
0.143346
0.143347
0.143347
0.143347
0.143348
0.143348
0.143348
0.143348
0.143349
0.143349
0.143349
0.14335
0.14335
0.14335
0.143351
0.143351
0.143351
0.143352
0.143352
0.143352
0.143353
0.143353
0.143353
0.143353
0.143354
0.143354
0.143354
0.143355
0.143355
0.143355
0.143356
0.143356
0.143356
0.143357
0.143357
0.143357
0.143357
0.143358
0.143358
0.143358
0.143359
0.143359
0.143359
0.14336
0.14336
0.14336
0.143361
0.143361
0.143361
0.143361
0.143362
0.143362
0.143362
0.143363
0.143363
0.143363
0.143364
0.143364
0.143364
0.143364
0.143365
0.143365
0.143365
0.143366
0.143366
0.143366
0.143367
0.143367
0.143367
0.143367
0.143368
0.143368
0.143368
0.143369
0.143369
0.143369
0.143369
0.14337
0.14337
0.14337
0.143371
0.143371
0.143371
0.143372
0.143372
0.143372
0.143372
0.143373
0.143373
0.143373
0.143374
0.143374
0.143374
0.143374
0.143375
0.143375
0.143375
0.143376
0.143376
0.143376
0.143376
0.143377
0.143377
0.143377
0.143378
0.143378
0.143378
0.143379
0.143379
0.143379
0.143379
0.14338
0.14338
0.14338
0.143381
0.143381
0.143381
0.143381
0.143382
0.143382
0.143382
0.143382
0.143383
0.143383
0.143383
0.143384
0.143384
0.143384
0.143384
0.143385
0.143385
0.143385
0.143386
0.143386
0.143386
0.143386
0.143387
0.143387
0.143387
0.143388
0.143388
0.143388
0.143388
0.143389
0.143389
0.143389
0.143389
0.14339
0.14339
0.14339
0.143391
0.143391
0.143391
0.143391
0.143392
0.143392
0.143392
0.143392
0.143393
0.143393
0.143393
0.143394
0.143394
0.143394
0.143394
0.143395
0.143395
0.143395
0.143395
0.143396
0.143396
0.143396
0.143397
0.143397
0.143397
0.143397
0.143398
0.143398
0.143398
0.143398
0.143399
0.143399
0.143399
0.143399
0.1434
0.1434
0.1434
0.143401
0.143401
0.143401
0.143401
0.143402
0.143402
0.143402
0.143402
0.143403
0.143403
0.143403
0.143403
0.143404
0.143404
0.143404
0.143404
0.143405
0.143405
0.143405
0.143406
0.143406
0.143406
0.143406
0.143407
0.143407
0.143407
0.143407
0.143408
0.143408
0.143408
0.143408
0.143409
0.143409
0.143409
0.143409
0.14341
0.14341
0.14341
0.14341
0.143411
0.143411
0.143411
0.143411
0.143412
0.143412
0.143412
0.143412
0.143413
0.143413
0.143413
0.143413
0.143414
0.143414
0.143414
0.143414
0.143415
0.143415
0.143415
0.143415
0.143416
0.143416
0.143416
0.143416
0.143417
0.143417
0.143417
0.143417
0.143418
0.143418
0.143418
0.143418
0.143419
0.143419
0.143419
0.143419
0.14342
0.14342
0.14342
0.14342
0.143421
0.143421
0.143421
0.143421
0.143422
0.143422
0.143422
0.143422
0.143423
0.143423
0.143423
0.143423
0.143424
0.143424
0.143424
0.143424
0.143425
0.143425
0.143425
0.143425
0.143426
0.143426
0.143426
0.143426
0.143426
0.143427
0.143427
0.143427
0.143427
0.143428
0.143428
0.143428
0.143428
0.143429
0.143429
0.143429
0.143429
0.14343
0.14343
0.14343
0.14343
0.14343
0.143431
0.143431
0.143431
0.143431
0.143432
0.143432
0.143432
0.143432
0.143433
0.143433
0.143433
0.143433
0.143434
0.143434
0.143434
0.143434
0.143434
0.143435
0.143435
0.143435
0.143435
0.143436
0.143436
0.143436
0.143436
0.143436
0.143437
0.143437
0.143437
0.143437
0.143438
0.143438
0.143438
0.143438
0.143439
0.143439
0.143439
0.143439
0.143439
0.14344
0.14344
0.14344
0.14344
0.143441
0.143441
0.143441
0.143441
0.143441
0.143442
0.143442
0.143442
0.143442
0.143443
0.143443
0.143443
0.143443
0.143443
0.143444
0.143444
0.143444
0.143444
0.143445
0.143445
0.143445
0.143445
0.143445
0.143446
0.143446
0.143446
0.143446
0.143447
0.143447
0.143447
0.143447
0.143447
0.143448
0.143448
0.143448
0.143448
0.143448
0.143449
0.143449
0.143449
0.143449
0.14345
0.14345
0.14345
0.14345
0.14345
0.143451
0.143451
0.143451
0.143451
0.143451
0.143452
0.143452
0.143452
0.143452
0.143453
0.143453
0.143453
0.143453
0.143453
0.143454
0.143454
0.143454
0.143454
0.143454
0.143455
0.143455
0.143455
0.143455
0.143455
0.143456
0.143456
0.143456
0.143456
0.143456
0.143457
0.143457
0.143457
0.143457
0.143458
0.143458
0.143458
0.143458
0.143458
0.143459
0.143459
0.143459
0.143459
0.143459
0.14346
0.14346
0.14346
0.14346
0.14346
0.143461
0.143461
0.143461
0.143461
0.143461
0.143462
0.143462
0.143462
0.143462
0.143462
0.143463
0.143463
0.143463
0.143463
0.143463
0.143464
0.143464
0.143464
0.143464
0.143464
0.143465
0.143465
0.143465
0.143465
0.143465
0.143466
0.143466
0.143466
0.143466
0.143466
0.143467
0.143467
0.143467
0.143467
0.143467
0.143468
0.143468
0.143468
0.143468
0.143468
0.143469
0.143469
0.143469
0.143469
0.143469
0.143469
0.14347
0.14347
0.14347
0.14347
0.14347
0.143471
0.143471
0.143471
0.143471
0.143471
0.143472
0.143472
0.143472
0.143472
0.143472
0.143473
0.143473
0.143473
0.143473
0.143473
0.143473
0.143474
0.143474
0.143474
0.143474
0.143474
0.143475
0.143475
0.143475
0.143475
0.143475
0.143476
0.143476
0.143476
0.143476
0.143476
0.143476
0.143477
0.143477
0.143477
0.143477
0.143477
0.143478
0.143478
0.143478
0.143478
0.143478
0.143478
0.143479
0.143479
0.143479
0.143479
0.143479
0.14348
0.14348
0.14348
0.14348
0.14348
0.14348
0.143481
0.143481
0.143481
0.143481
0.143481
0.143482
0.143482
0.143482
0.143482
0.143482
0.143482
0.143483
0.143483
0.143483
0.143483
0.143483
0.143484
0.143484
0.143484
0.143484
0.143484
0.143484
0.143485
0.143485
0.143485
0.143485
0.143485
0.143485
0.143486
0.143486
0.143486
0.143486
0.143486
0.143487
0.143487
0.143487
0.143487
0.143487
0.143487
0.143488
0.143488
0.143488
0.143488
0.143488
0.143488
0.143489
0.143489
0.143489
0.143489
0.143489
0.143489
0.14349
0.14349
0.14349
0.14349
0.14349
0.14349
0.143491
0.143491
0.143491
0.143491
0.143491
0.143491
0.143492
0.143492
0.143492
0.143492
0.143492
0.143492
0.143493
0.143493
0.143493
0.143493
0.143493
0.143493
0.143494
0.143494
0.143494
0.143494
0.143494
0.143494
0.143495
0.143495
0.143495
0.143495
0.143495
0.143495
0.143496
0.143496
0.143496
0.143496
0.143496
0.143496
0.143497
0.143497
0.143497
0.143497
0.143497
0.143497
0.143498
0.143498
0.143498
0.143498
0.143498
0.143498
0.143499
0.143499
0.143499
0.143499
0.143499
0.143499
0.143499
0.1435
0.1435
0.1435
0.1435
0.1435
0.1435
0.143501
0.143501
0.143501
0.143501
0.143501
0.143501
0.143502
0.143502
0.143502
0.143502
0.143502
0.143502
0.143502
0.143503
0.143503
0.143503
0.143503
0.143503
0.143503
0.143504
0.143504
0.143504
0.143504
0.143504
0.143504
0.143504
0.143505
0.143505
0.143505
0.143505
0.143505
0.143505
0.143506
0.143506
0.143506
0.143506
0.143506
0.143506
0.143506
0.143507
0.143507
0.143507
0.143507
0.143507
0.143507
0.143507
0.143508
0.143508
0.143508
0.143508
0.143508
0.143508
0.143509
0.143509
0.143509
0.143509
0.143509
0.143509
0.143509
0.14351
0.14351
0.14351
0.14351
0.14351
0.14351
0.14351
0.143511
0.143511
0.143511
0.143511
0.143511
0.143511
0.143511
0.143512
0.143512
0.143512
0.143512
0.143512
0.143512
0.143512
0.143513
0.143513
0.143513
0.143513
0.143513
0.143513
0.143513
0.143514
0.143514
0.143514
0.143514
0.143514
0.143514
0.143514
0.143515
0.143515
0.143515
0.143515
0.143515
0.143515
0.143515
0.143516
0.143516
0.143516
0.143516
0.143516
0.143516
0.143516
0.143517
0.143517
0.143517
0.143517
0.143517
0.143517
0.143517
0.143518
0.143518
0.143518
0.143518
0.143518
0.143518
0.143518
0.143518
0.143519
0.143519
0.143519
0.143519
0.143519
0.143519
0.143519
0.14352
0.14352
0.14352
0.14352
0.14352
0.14352
0.14352
0.14352
0.143521
0.143521
0.143521
0.143521
0.143521
0.143521
0.143521
0.143522
0.143522
0.143522
0.143522
0.143522
0.143522
0.143522
0.143522
0.143523
0.143523
0.143523
0.143523
0.143523
0.143523
0.143523
0.143524
0.143524
0.143524
0.143524
0.143524
0.143524
0.143524
0.143524
0.143525
0.143525
0.143525
0.143525
0.143525
0.143525
0.143525
0.143525
0.143526
0.143526
0.143526
0.143526
0.143526
0.143526
0.143526
0.143526
0.143527
0.143527
0.143527
0.143527
0.143527
0.143527
0.143527
0.143527
0.143528
0.143528
0.143528
0.143528
0.143528
0.143528
0.143528
0.143528
0.143529
0.143529
0.143529
0.143529
0.143529
0.143529
0.143529
0.143529
0.14353
0.14353
0.14353
0.14353
0.14353
0.14353
0.14353
0.14353
0.143531
0.143531
0.143531
0.143531
0.143531
0.143531
0.143531
0.143531
0.143532
0.143532
0.143532
0.143532
0.143532
0.143532
0.143532
0.143532
0.143533
0.143533
0.143533
0.143533
0.143533
0.143533
0.143533
0.143533
0.143533
0.143534
0.143534
0.143534
0.143534
0.143534
0.143534
0.143534
0.143534
0.143535
0.143535
0.143535
0.143535
0.143535
0.143535
0.143535
0.143535
0.143535
0.143536
0.143536
0.143536
0.143536
0.143536
0.143536
0.143536
0.143536
0.143537
0.143537
0.143537
0.143537
0.143537
0.143537
0.143537
0.143537
0.143537
0.143538
0.143538
0.143538
0.143538
0.143538
0.143538
0.143538
0.143538
0.143538
0.143539
0.143539
0.143539
0.143539
0.143539
0.143539
0.143539
0.143539
0.143539
0.14354
0.14354
0.14354
0.14354
0.14354
0.14354
0.14354
0.14354
0.14354
0.143541
0.143541
0.143541
0.143541
0.143541
0.143541
0.143541
0.143541
0.143541
0.143542
0.143542
0.143542
0.143542
0.143542
0.143542
0.143542
0.143542
0.143542
0.143542
0.143543
0.143543
0.143543
0.143543
0.143543
0.143543
0.143543
0.143543
0.143543
0.143544
0.143544
0.143544
0.143544
0.143544
0.143544
0.143544
0.143544
0.143544
0.143545
0.143545
0.143545
0.143545
0.143545
0.143545
0.143545
0.143545
0.143545
0.143545
0.143546
0.143546
0.143546
0.143546
0.143546
0.143546
0.143546
0.143546
0.143546
0.143546
0.143547
0.143547
0.143547
0.143547
0.143547
0.143547
0.143547
0.143547
0.143547
0.143548
0.143548
0.143548
0.143548
0.143548
0.143548
0.143548
0.143548
0.143548
0.143548
0.143549
0.143549
0.143549
0.143549
0.143549
0.143549
0.143549
0.143549
0.143549
0.143549
0.14355
0.14355
0.14355
0.14355
0.14355
0.14355
0.14355
0.14355
0.14355
0.14355
0.14355
0.143551
0.143551
0.143551
0.143551
0.143551
0.143551
0.143551
0.143551
0.143551
0.143551
0.143552
0.143552
0.143552
0.143552
0.143552
0.143552
0.143552
0.143552
0.143552
0.143552
0.143553
0.143553
0.143553
0.143553
0.143553
0.143553
0.143553
0.143553
0.143553
0.143553
0.143553
0.143554
0.143554
0.143554
0.143554
0.143554
0.143554
0.143554
0.143554
0.143554
0.143554
0.143554
0.143555
0.143555
0.143555
0.143555
0.143555
0.143555
0.143555
0.143555
0.143555
0.143555
0.143556
0.143556
0.143556
0.143556
0.143556
0.143556
0.143556
0.143556
0.143556
0.143556
0.143556
0.143557
0.143557
0.143557
0.143557
0.143557
0.143557
0.143557
0.143557
0.143557
0.143557
0.143557
0.143557
0.143558
0.143558
0.143558
0.143558
0.143558
0.143558
0.143558
0.143558
0.143558
0.143558
0.143558
0.143559
0.143559
0.143559
0.143559
0.143559
0.143559
0.143559
0.143559
0.143559
0.143559
0.143559
0.14356
0.14356
0.14356
0.14356
0.14356
0.14356
0.14356
0.14356
0.14356
0.14356
0.14356
0.14356
0.143561
0.143561
0.143561
0.143561
0.143561
0.143561
0.143561
0.143561
0.143561
0.143561
0.143561
0.143561
0.143562
0.143562
0.143562
0.143562
0.143562
0.143562
0.143562
0.143562
0.143562
0.143562
0.143562
0.143562
0.143563
0.143563
0.143563
0.143563
0.143563
0.143563
0.143563
0.143563
0.143563
0.143563
0.143563
0.143563
0.143564
0.143564
0.143564
0.143564
0.143564
0.143564
0.143564
0.143564
0.143564
0.143564
0.143564
0.143564
0.143565
0.143565
0.143565
0.143565
0.143565
0.143565
0.143565
0.143565
0.143565
0.143565
0.143565
0.143565
0.143566
0.143566
0.143566
0.143566
0.143566
0.143566
0.143566
0.143566
0.143566
0.143566
0.143566
0.143566
0.143566
0.143567
0.143567
0.143567
0.143567
0.143567
0.143567
0.143567
0.143567
0.143567
0.143567
0.143567
0.143567
0.143567
0.143568
0.143568
0.143568
0.143568
0.143568
0.143568
0.143568
0.143568
0.143568
0.143568
0.143568
0.143568
0.143568
0.143569
0.143569
0.143569
0.143569
0.143569
0.143569
0.143569
0.143569
0.143569
0.143569
0.143569
0.143569
0.143569
0.14357
0.14357
0.14357
0.14357
0.14357
0.14357
0.14357
0.14357
0.14357
0.14357
0.14357
0.14357
0.14357
0.14357
0.143571
0.143571
0.143571
0.143571
0.143571
0.143571
0.143571
0.143571
0.143571
0.143571
0.143571
0.143571
0.143571
0.143572
0.143572
0.143572
0.143572
0.143572
0.143572
0.143572
0.143572
0.143572
0.143572
0.143572
0.143572
0.143572
0.143572
0.143573
0.143573
0.143573
0.143573
0.143573
0.143573
0.143573
0.143573
0.143573
0.143573
0.143573
0.143573
0.143573
0.143573
0.143574
0.143574
0.143574
0.143574
0.143574
0.143574
0.143574
0.143574
0.143574
0.143574
0.143574
0.143574
0.143574
0.143574
0.143574
0.143575
0.143575
0.143575
0.143575
0.143575
0.143575
0.143575
0.143575
0.143575
0.143575
0.143575
0.143575
0.143575
0.143575
0.143576
0.143576
0.143576
0.143576
0.143576
0.143576
0.143576
0.143576
0.143576
0.143576
0.143576
0.143576
0.143576
0.143576
0.143576
0.143577
0.143577
0.143577
0.143577
0.143577
0.143577
0.143577
0.143577
0.143577
0.143577
0.143577
0.143577
0.143577
0.143577
0.143577
0.143578
0.143578
0.143578
0.143578
0.143578
0.143578
0.143578
0.143578
0.143578
0.143578
0.143578
0.143578
0.143578
0.143578
0.143578
0.143578
0.143579
0.143579
0.143579
0.143579
0.143579
0.143579
0.143579
0.143579
0.143579
0.143579
0.143579
0.143579
0.143579
0.143579
0.143579
0.14358
0.14358
0.14358
0.14358
0.14358
0.14358
0.14358
0.14358
0.14358
0.14358
0.14358
0.14358
0.14358
0.14358
0.14358
0.14358
0.143581
0.143581
0.143581
0.143581
0.143581
0.143581
0.143581
0.143581
0.143581
0.143581
0.143581
0.143581
0.143581
0.143581
0.143581
0.143581
0.143582
0.143582
0.143582
0.143582
0.143582
0.143582
0.143582
0.143582
0.143582
0.143582
0.143582
0.143582
0.143582
0.143582
0.143582
0.143582
0.143582
0.143583
0.143583
0.143583
0.143583
0.143583
0.143583
0.143583
0.143583
0.143583
0.143583
0.143583
0.143583
0.143583
0.143583
0.143583
0.143583
0.143584
0.143584
0.143584
0.143584
0.143584
0.143584
0.143584
0.143584
0.143584
0.143584
0.143584
0.143584
0.143584
0.143584
0.143584
0.143584
0.143584
0.143585
0.143585
0.143585
0.143585
0.143585
0.143585
0.143585
0.143585
0.143585
0.143585
0.143585
0.143585
0.143585
0.143585
0.143585
0.143585
0.143585
0.143585
0.143586
0.143586
0.143586
0.143586
0.143586
0.143586
0.143586
0.143586
0.143586
0.143586
0.143586
0.143586
0.143586
0.143586
0.143586
0.143586
0.143586
0.143587
0.143587
0.143587
0.143587
0.143587
0.143587
0.143587
0.143587
0.143587
0.143587
0.143587
0.143587
0.143587
0.143587
0.143587
0.143587
0.143587
0.143587
0.143588
0.143588
0.143588
0.143588
0.143588
0.143588
0.143588
0.143588
0.143588
0.143588
0.143588
0.143588
0.143588
0.143588
0.143588
0.143588
0.143588
0.143588
0.143588
0.143589
0.143589
0.143589
0.143589
0.143589
0.143589
0.143589
0.143589
0.143589
0.143589
0.143589
0.143589
0.143589
0.143589
0.143589
0.143589
0.143589
0.143589
0.14359
0.14359
0.14359
0.14359
0.14359
0.14359
0.14359
0.14359
0.14359
0.14359
0.14359
0.14359
0.14359
0.14359
0.14359
0.14359
0.14359
0.14359
0.14359
0.143591
0.143591
0.143591
0.143591
0.143591
0.143591
0.143591
0.143591
0.143591
0.143591
0.143591
0.143591
0.143591
0.143591
0.143591
0.143591
0.143591
0.143591
0.143591
0.143591
0.143592
0.143592
0.143592
0.143592
0.143592
0.143592
0.143592
0.143592
0.143592
0.143592
0.143592
0.143592
0.143592
0.143592
0.143592
0.143592
0.143592
0.143592
0.143592
0.143593
0.143593
0.143593
0.143593
0.143593
0.143593
0.143593
0.143593
0.143593
0.143593
0.143593
0.143593
0.143593
0.143593
0.143593
0.143593
0.143593
0.143593
0.143593
0.143593
0.143594
0.143594
0.143594
0.143594
0.143594
0.143594
0.143594
0.143594
0.143594
0.143594
0.143594
0.143594
0.143594
0.143594
0.143594
0.143594
0.143594
0.143594
0.143594
0.143594
0.143594
0.143595
0.143595
0.143595
0.143595
0.143595
0.143595
0.143595
0.143595
0.143595
0.143595
0.143595
0.143595
0.143595
0.143595
0.143595
0.143595
0.143595
0.143595
0.143595
0.143595
0.143595
0.143596
0.143596
0.143596
0.143596
0.143596
0.143596
0.143596
0.143596
0.143596
0.143596
0.143596
0.143596
0.143596
0.143596
0.143596
0.143596
0.143596
0.143596
0.143596
0.143596
0.143596
0.143597
0.143597
0.143597
0.143597
0.143597
0.143597
0.143597
0.143597
0.143597
0.143597
0.143597
0.143597
0.143597
0.143597
0.143597
0.143597
0.143597
0.143597
0.143597
0.143597
0.143597
0.143597
0.143598
0.143598
0.143598
0.143598
0.143598
0.143598
0.143598
0.143598
0.143598
0.143598
0.143598
0.143598
0.143598
0.143598
0.143598
0.143598
0.143598
0.143598
0.143598
0.143598
0.143598
0.143599
0.143599
0.143599
0.143599
0.143599
0.143599
0.143599
0.143599
0.143599
0.143599
0.143599
0.143599
0.143599
0.143599
0.143599
0.143599
0.143599
0.143599
0.143599
0.143599
0.143599
0.143599
0.143599
0.1436
0.1436
0.1436
0.1436
0.1436
0.1436
0.1436
0.1436
0.1436
0.1436
0.1436
0.1436
0.1436
0.1436
0.1436
0.1436
0.1436
0.1436
0.1436
0.1436
0.1436
0.1436
0.1436
0.143601
0.143601
0.143601
0.143601
0.143601
0.143601
0.143601
0.143601
0.143601
0.143601
0.143601
0.143601
0.143601
0.143601
0.143601
0.143601
0.143601
0.143601
0.143601
0.143601
0.143601
0.143601
0.143601
0.143602
0.143602
0.143602
0.143602
0.143602
0.143602
0.143602
0.143602
0.143602
0.143602
0.143602
0.143602
0.143602
0.143602
0.143602
0.143602
0.143602
0.143602
0.143602
0.143602
0.143602
0.143602
0.143602
0.143603
0.143603
0.143603
0.143603
0.143603
0.143603
0.143603
0.143603
0.143603
0.143603
0.143603
0.143603
0.143603
0.143603
0.143603
0.143603
0.143603
0.143603
0.143603
0.143603
0.143603
0.143603
0.143603
0.143603
0.143604
0.143604
0.143604
0.143604
0.143604
0.143604
0.143604
0.143604
0.143604
0.143604
0.143604
0.143604
0.143604
0.143604
0.143604
0.143604
0.143604
0.143604
0.143604
0.143604
0.143604
0.143604
0.143604
0.143604
0.143605
0.143605
0.143605
0.143605
0.143605
0.143605
0.143605
0.143605
0.143605
0.143605
0.143605
0.143605
0.143605
0.143605
0.143605
0.143605
0.143605
0.143605
0.143605
0.143605
0.143605
0.143605
0.143605
0.143605
0.143605
0.143606
0.143606
0.143606
0.143606
0.143606
0.143606
0.143606
0.143606
0.143606
0.143606
0.143606
0.143606
0.143606
0.143606
0.143606
0.143606
0.143606
0.143606
0.143606
0.143606
0.143606
0.143606
0.143606
0.143606
0.143606
0.143607
0.143607
0.143607
0.143607
0.143607
0.143607
0.143607
0.143607
0.143607
0.143607
0.143607
0.143607
0.143607
0.143607
0.143607
0.143607
0.143607
0.143607
0.143607
0.143607
0.143607
0.143607
0.143607
0.143607
0.143607
0.143608
0.143608
0.143608
0.143608
0.143608
0.143608
0.143608
0.143608
0.143608
0.143608
0.143608
0.143608
0.143608
0.143608
0.143608
0.143608
0.143608
0.143608
0.143608
0.143608
0.143608
0.143608
0.143608
0.143608
0.143608
0.143608
0.143609
0.143609
0.143609
0.143609
0.143609
0.143609
0.143609
0.143609
0.143609
0.143609
0.143609
0.143609
0.143609
0.143609
0.143609
0.143609
0.143609
0.143609
0.143609
0.143609
0.143609
0.143609
0.143609
0.143609
0.143609
0.143609
0.14361
0.14361
0.14361
0.14361
0.14361
0.14361
0.14361
0.14361
0.14361
0.14361
0.14361
0.14361
0.14361
0.14361
0.14361
0.14361
0.14361
0.14361
0.14361
0.14361
0.14361
0.14361
0.14361
0.14361
0.14361
0.14361
0.14361
0.143611
0.143611
0.143611
0.143611
0.143611
0.143611
0.143611
0.143611
0.143611
0.143611
0.143611
0.143611
0.143611
0.143611
0.143611
0.143611
0.143611
0.143611
0.143611
0.143611
0.143611
0.143611
0.143611
0.143611
0.143611
0.143611
0.143611
0.143612
0.143612
0.143612
0.143612
0.143612
0.143612
0.143612
0.143612
0.143612
0.143612
0.143612
0.143612
0.143612
0.143612
0.143612
0.143612
0.143612
0.143612
0.143612
0.143612
0.143612
0.143612
0.143612
0.143612
0.143612
0.143612
0.143612
0.143613
0.143613
0.143613
0.143613
0.143613
0.143613
0.143613
0.143613
0.143613
0.143613
0.143613
0.143613
0.143613
0.143613
0.143613
0.143613
0.143613
0.143613
0.143613
0.143613
0.143613
0.143613
0.143613
0.143613
0.143613
0.143613
0.143613
0.143614
0.143614
0.143614
0.143614
0.143614
0.143614
0.143614
0.143614
0.143614
0.143614
0.143614
0.143614
0.143614
0.143614
0.143614
0.143614
0.143614
0.143614
0.143614
0.143614
0.143614
0.143614
0.143614
0.143614
0.143614
0.143614
0.143614
0.143615
0.143615
0.143615
0.143615
0.143615
0.143615
0.143615
0.143615
0.143615
0.143615
0.143615
0.143615
0.143615
0.143615
0.143615
0.143615
0.143615
0.143615
0.143615
0.143615
0.143615
0.143615
0.143615
0.143615
0.143615
0.143615
0.143615
0.143615
0.143616
0.143616
0.143616
0.143616
0.143616
0.143616
0.143616
0.143616
0.143616
0.143616
0.143616
0.143616
0.143616
0.143616
0.143616
0.143616
0.143616
0.143616
0.143616
0.143616
0.143616
0.143616
0.143616
0.143616
0.143616
0.143616
0.143616
0.143616
0.143617
0.143617
0.143617
0.143617
0.143617
0.143617
0.143617
0.143617
0.143617
0.143617
0.143617
0.143617
0.143617
0.143617
0.143617
0.143617
0.143617
0.143617
0.143617
0.143617
0.143617
0.143617
0.143617
0.143617
0.143617
0.143617
0.143617
0.143617
0.143617
0.143618
0.143618
0.143618
0.143618
0.143618
0.143618
0.143618
0.143618
0.143618
0.143618
0.143618
0.143618
0.143618
0.143618
0.143618
0.143618
0.143618
0.143618
0.143618
0.143618
0.143618
0.143618
0.143618
0.143618
0.143618
0.143618
0.143618
0.143618
0.143619
0.143619
0.143619
0.143619
0.143619
0.143619
0.143619
0.143619
0.143619
0.143619
0.143619
0.143619
0.143619
0.143619
0.143619
0.143619
0.143619
0.143619
0.143619
0.143619
0.143619
0.143619
0.143619
0.143619
0.143619
0.143619
0.143619
0.143619
0.143619
0.14362
0.14362
0.14362
0.14362
0.14362
0.14362
0.14362
0.14362
0.14362
0.14362
0.14362
0.14362
0.14362
0.14362
0.14362
0.14362
0.14362
0.14362
0.14362
0.14362
0.14362
0.14362
0.14362
0.14362
0.14362
0.14362
0.14362
0.14362
0.14362
0.143621
0.143621
0.143621
0.143621
0.143621
0.143621
0.143621
0.143621
0.143621
0.143621
0.143621
0.143621
0.143621
0.143621
0.143621
0.143621
0.143621
0.143621
0.143621
0.143621
0.143621
0.143621
0.143621
0.143621
0.143621
0.143621
0.143621
0.143621
0.143621
0.143622
0.143622
0.143622
0.143622
0.143622
0.143622
0.143622
0.143622
0.143622
0.143622
0.143622
0.143622
0.143622
0.143622
0.143622
0.143622
0.143622
0.143622
0.143622
0.143622
0.143622
0.143622
0.143622
0.143622
0.143622
0.143622
0.143622
0.143622
0.143622
0.143623
0.143623
0.143623
0.143623
0.143623
0.143623
0.143623
0.143623
0.143623
0.143623
0.143623
0.143623
0.143623
0.143623
0.143623
0.143623
0.143623
0.143623
0.143623
0.143623
0.143623
0.143623
0.143623
0.143623
0.143623
0.143623
0.143623
0.143623
0.143623
0.143624
0.143624
0.143624
0.143624
0.143624
0.143624
0.143624
0.143624
0.143624
0.143624
0.143624
0.143624
0.143624
0.143624
0.143624
0.143624
0.143624
0.143624
0.143624
0.143624
0.143624
0.143624
0.143624
0.143624
0.143624
0.143624
0.143624
0.143624
0.143624
0.143625
0.143625
0.143625
0.143625
0.143625
0.143625
0.143625
0.143625
0.143625
0.143625
0.143625
0.143625
0.143625
0.143625
0.143625
0.143625
0.143625
0.143625
0.143625
0.143625
0.143625
0.143625
0.143625
0.143625
0.143625
0.143625
0.143625
0.143625
0.143625
0.143626
0.143626
0.143626
0.143626
0.143626
0.143626
0.143626
0.143626
0.143626
0.143626
0.143626
0.143626
0.143626
0.143626
0.143626
0.143626
0.143626
0.143626
0.143626
0.143626
0.143626
0.143626
0.143626
0.143626
0.143626
0.143626
0.143626
0.143626
0.143626
0.143626
0.143627
0.143627
0.143627
0.143627
0.143627
0.143627
0.143627
0.143627
0.143627
0.143627
0.143627
0.143627
0.143627
0.143627
0.143627
0.143627
0.143627
0.143627
0.143627
0.143627
0.143627
0.143627
0.143627
0.143627
0.143627
0.143627
0.143627
0.143627
0.143627
0.143628
0.143628
0.143628
0.143628
0.143628
0.143628
0.143628
0.143628
0.143628
0.143628
0.143628
0.143628
0.143628
0.143628
0.143628
0.143628
0.143628
0.143628
0.143628
0.143628
0.143628
0.143628
0.143628
0.143628
0.143628
0.143628
0.143628
0.143628
0.143628
0.143629
0.143629
0.143629
0.143629
0.143629
0.143629
0.143629
0.143629
0.143629
0.143629
0.143629
0.143629
0.143629
0.143629
0.143629
0.143629
0.143629
0.143629
0.143629
0.143629
0.143629
0.143629
0.143629
0.143629
0.143629
0.143629
0.143629
0.143629
0.143629
0.143629
0.14363
0.14363
0.14363
0.14363
0.14363
0.14363
0.14363
0.14363
0.14363
0.14363
0.14363
0.14363
0.14363
0.14363
0.14363
0.14363
0.14363
0.14363
0.14363
0.14363
0.14363
0.14363
0.14363
0.14363
0.14363
0.14363
0.14363
0.14363
0.14363
0.143631
0.143631
0.143631
0.143631
0.143631
0.143631
0.143631
0.143631
0.143631
0.143631
0.143631
0.143631
0.143631
0.143631
0.143631
0.143631
0.143631
0.143631
0.143631
0.143631
0.143631
0.143631
0.143631
0.143631
0.143631
0.143631
0.143631
0.143631
0.143631
0.143632
0.143632
0.143632
0.143632
0.143632
0.143632
0.143632
0.143632
0.143632
0.143632
0.143632
0.143632
0.143632
0.143632
0.143632
0.143632
0.143632
0.143632
0.143632
0.143632
0.143632
0.143632
0.143632
0.143632
0.143632
0.143632
0.143632
0.143632
0.143632
0.143633
0.143633
0.143633
0.143633
0.143633
0.143633
0.143633
0.143633
0.143633
0.143633
0.143633
0.143633
0.143633
0.143633
0.143633
0.143633
0.143633
0.143633
0.143633
0.143633
0.143633
0.143633
0.143633
0.143633
0.143633
0.143633
0.143633
0.143633
0.143633
0.143633
0.143634
0.143634
0.143634
0.143634
0.143634
0.143634
0.143634
0.143634
0.143634
0.143634
0.143634
0.143634
0.143634
0.143634
0.143634
0.143634
0.143634
0.143634
0.143634
0.143634
0.143634
0.143634
0.143634
0.143634
0.143634
0.143634
0.143634
0.143634
0.143634
0.143635
0.143635
0.143635
0.143635
0.143635
0.143635
0.143635
0.143635
0.143635
0.143635
0.143635
0.143635
0.143635
0.143635
0.143635
0.143635
0.143635
0.143635
0.143635
0.143635
0.143635
0.143635
0.143635
0.143635
0.143635
0.143635
0.143635
0.143635
0.143635
0.143636
0.143636
0.143636
0.143636
0.143636
0.143636
0.143636
0.143636
0.143636
0.143636
0.143636
0.143636
0.143636
0.143636
0.143636
0.143636
0.143636
0.143636
0.143636
0.143636
0.143636
0.143636
0.143636
0.143636
0.143636
0.143636
0.143636
0.143636
0.143636
0.143637
0.143637
0.143637
0.143637
0.143637
0.143637
0.143637
0.143637
0.143637
0.143637
0.143637
0.143637
0.143637
0.143637
0.143637
0.143637
0.143637
0.143637
0.143637
0.143637
0.143637
0.143637
0.143637
0.143637
0.143637
0.143637
0.143637
0.143637
0.143638
0.143638
0.143638
0.143638
0.143638
0.143638
0.143638
0.143638
0.143638
0.143638
0.143638
0.143638
0.143638
0.143638
0.143638
0.143638
0.143638
0.143638
0.143638
0.143638
0.143638
0.143638
0.143638
0.143638
0.143638
0.143638
0.143638
0.143638
0.143638
0.143639
0.143639
0.143639
0.143639
0.143639
0.143639
0.143639
0.143639
0.143639
0.143639
0.143639
0.143639
0.143639
0.143639
0.143639
0.143639
0.143639
0.143639
0.143639
0.143639
0.143639
0.143639
0.143639
0.143639
0.143639
0.143639
0.143639
0.143639
0.143639
0.14364
0.14364
0.14364
0.14364
0.14364
0.14364
0.14364
0.14364
0.14364
0.14364
0.14364
0.14364
0.14364
0.14364
0.14364
0.14364
0.14364
0.14364
0.14364
0.14364
0.14364
0.14364
0.14364
0.14364
0.14364
0.14364
0.14364
0.14364
0.143641
0.143641
0.143641
0.143641
0.143641
0.143641
0.143641
0.143641
0.143641
0.143641
0.143641
0.143641
0.143641
0.143641
0.143641
0.143641
0.143641
0.143641
0.143641
0.143641
0.143641
0.143641
0.143641
0.143641
0.143641
0.143641
0.143641
0.143641
0.143641
0.143642
0.143642
0.143642
0.143642
0.143642
0.143642
0.143642
0.143642
0.143642
0.143642
0.143642
0.143642
0.143642
0.143642
0.143642
0.143642
0.143642
0.143642
0.143642
0.143642
0.143642
0.143642
0.143642
0.143642
0.143642
0.143642
0.143642
0.143642
0.143643
0.143643
0.143643
0.143643
0.143643
0.143643
0.143643
0.143643
0.143643
0.143643
0.143643
0.143643
0.143643
0.143643
0.143643
0.143643
0.143643
0.143643
0.143643
0.143643
0.143643
0.143643
0.143643
0.143643
0.143643
0.143643
0.143643
0.143643
0.143644
0.143644
0.143644
0.143644
0.143644
0.143644
0.143644
0.143644
0.143644
0.143644
0.143644
0.143644
0.143644
0.143644
0.143644
0.143644
0.143644
0.143644
0.143644
0.143644
0.143644
0.143644
0.143644
0.143644
0.143644
0.143644
0.143644
0.143644
0.143645
0.143645
0.143645
0.143645
0.143645
0.143645
0.143645
0.143645
0.143645
0.143645
0.143645
0.143645
0.143645
0.143645
0.143645
0.143645
0.143645
0.143645
0.143645
0.143645
0.143645
0.143645
0.143645
0.143645
0.143645
0.143645
0.143645
0.143645
0.143646
0.143646
0.143646
0.143646
0.143646
0.143646
0.143646
0.143646
0.143646
0.143646
0.143646
0.143646
0.143646
0.143646
0.143646
0.143646
0.143646
0.143646
0.143646
0.143646
0.143646
0.143646
0.143646
0.143646
0.143646
0.143646
0.143646
0.143646
0.143647
0.143647
0.143647
0.143647
0.143647
0.143647
0.143647
0.143647
0.143647
0.143647
0.143647
0.143647
0.143647
0.143647
0.143647
0.143647
0.143647
0.143647
0.143647
0.143647
0.143647
0.143647
0.143647
0.143647
0.143647
0.143647
0.143647
0.143648
0.143648
0.143648
0.143648
0.143648
0.143648
0.143648
0.143648
0.143648
0.143648
0.143648
0.143648
0.143648
0.143648
0.143648
0.143648
0.143648
0.143648
0.143648
0.143648
0.143648
0.143648
0.143648
0.143648
0.143648
0.143648
0.143648
0.143648
0.143649
0.143649
0.143649
0.143649
0.143649
0.143649
0.143649
0.143649
0.143649
0.143649
0.143649
0.143649
0.143649
0.143649
0.143649
0.143649
0.143649
0.143649
0.143649
0.143649
0.143649
0.143649
0.143649
0.143649
0.143649
0.143649
0.143649
0.14365
0.14365
0.14365
0.14365
0.14365
0.14365
0.14365
0.14365
0.14365
0.14365
0.14365
0.14365
0.14365
0.14365
0.14365
0.14365
0.14365
0.14365
0.14365
0.14365
0.14365
0.14365
0.14365
0.14365
0.14365
0.14365
0.14365
0.14365
0.143651
0.143651
0.143651
0.143651
0.143651
0.143651
0.143651
0.143651
0.143651
0.143651
0.143651
0.143651
0.143651
0.143651
0.143651
0.143651
0.143651
0.143651
0.143651
0.143651
0.143651
0.143651
0.143651
0.143651
0.143651
0.143651
0.143651
0.143652
0.143652
0.143652
0.143652
0.143652
0.143652
0.143652
0.143652
0.143652
0.143652
0.143652
0.143652
0.143652
0.143652
0.143652
0.143652
0.143652
0.143652
0.143652
0.143652
0.143652
0.143652
0.143652
0.143652
0.143652
0.143652
0.143652
0.143653
0.143653
0.143653
0.143653
0.143653
0.143653
0.143653
0.143653
0.143653
0.143653
0.143653
0.143653
0.143653
0.143653
0.143653
0.143653
0.143653
0.143653
0.143653
0.143653
0.143653
0.143653
0.143653
0.143653
0.143653
0.143653
0.143653
0.143654
0.143654
0.143654
0.143654
0.143654
0.143654
0.143654
0.143654
0.143654
0.143654
0.143654
0.143654
0.143654
0.143654
0.143654
0.143654
0.143654
0.143654
0.143654
0.143654
0.143654
0.143654
0.143654
0.143654
0.143654
0.143654
0.143655
0.143655
0.143655
0.143655
0.143655
0.143655
0.143655
0.143655
0.143655
0.143655
0.143655
0.143655
0.143655
0.143655
0.143655
0.143655
0.143655
0.143655
0.143655
0.143655
0.143655
0.143655
0.143655
0.143655
0.143655
0.143655
0.143655
0.143656
0.143656
0.143656
0.143656
0.143656
0.143656
0.143656
0.143656
0.143656
0.143656
0.143656
0.143656
0.143656
0.143656
0.143656
0.143656
0.143656
0.143656
0.143656
0.143656
0.143656
0.143656
0.143656
0.143656
0.143656
0.143656
0.143656
0.143657
0.143657
0.143657
0.143657
0.143657
0.143657
0.143657
0.143657
0.143657
0.143657
0.143657
0.143657
0.143657
0.143657
0.143657
0.143657
0.143657
0.143657
0.143657
0.143657
0.143657
0.143657
0.143657
0.143657
0.143657
0.143657
0.143658
0.143658
0.143658
0.143658
0.143658
0.143658
0.143658
0.143658
0.143658
0.143658
0.143658
0.143658
0.143658
0.143658
0.143658
0.143658
0.143658
0.143658
0.143658
0.143658
0.143658
0.143658
0.143658
0.143658
0.143658
0.143658
0.143659
0.143659
0.143659
0.143659
0.143659
0.143659
0.143659
0.143659
0.143659
0.143659
0.143659
0.143659
0.143659
0.143659
0.143659
0.143659
0.143659
0.143659
0.143659
0.143659
0.143659
0.143659
0.143659
0.143659
0.143659
0.143659
0.143659
0.14366
0.14366
0.14366
0.14366
0.14366
0.14366
0.14366
0.14366
0.14366
0.14366
0.14366
0.14366
0.14366
0.14366
0.14366
0.14366
0.14366
0.14366
0.14366
0.14366
0.14366
0.14366
0.14366
0.14366
0.14366
0.14366
0.143661
0.143661
0.143661
0.143661
0.143661
0.143661
0.143661
0.143661
0.143661
0.143661
0.143661
0.143661
0.143661
0.143661
0.143661
0.143661
0.143661
0.143661
0.143661
0.143661
0.143661
0.143661
0.143661
0.143661
0.143661
0.143661
0.143662
0.143662
0.143662
0.143662
0.143662
0.143662
0.143662
0.143662
0.143662
0.143662
0.143662
0.143662
0.143662
0.143662
0.143662
0.143662
0.143662
0.143662
0.143662
0.143662
0.143662
0.143662
0.143662
0.143662
0.143662
0.143663
0.143663
0.143663
0.143663
0.143663
0.143663
0.143663
0.143663
0.143663
0.143663
0.143663
0.143663
0.143663
0.143663
0.143663
0.143663
0.143663
0.143663
0.143663
0.143663
0.143663
0.143663
0.143663
0.143663
0.143663
0.143663
0.143664
0.143664
0.143664
0.143664
0.143664
0.143664
0.143664
0.143664
0.143664
0.143664
0.143664
0.143664
0.143664
0.143664
0.143664
0.143664
0.143664
0.143664
0.143664
0.143664
0.143664
0.143664
0.143664
0.143664
0.143664
0.143664
0.143665
0.143665
0.143665
0.143665
0.143665
0.143665
0.143665
0.143665
0.143665
0.143665
0.143665
0.143665
0.143665
0.143665
0.143665
0.143665
0.143665
0.143665
0.143665
0.143665
0.143665
0.143665
0.143665
0.143665
0.143665
0.143666
0.143666
0.143666
0.143666
0.143666
0.143666
0.143666
0.143666
0.143666
0.143666
0.143666
0.143666
0.143666
0.143666
0.143666
0.143666
0.143666
0.143666
0.143666
0.143666
0.143666
0.143666
0.143666
0.143666
0.143666
0.143666
0.143667
0.143667
0.143667
0.143667
0.143667
0.143667
0.143667
0.143667
0.143667
0.143667
0.143667
0.143667
0.143667
0.143667
0.143667
0.143667
0.143667
0.143667
0.143667
0.143667
0.143667
0.143667
0.143667
0.143667
0.143667
0.143668
0.143668
0.143668
0.143668
0.143668
0.143668
0.143668
0.143668
0.143668
0.143668
0.143668
0.143668
0.143668
0.143668
0.143668
0.143668
0.143668
0.143668
0.143668
0.143668
0.143668
0.143668
0.143668
0.143668
0.143668
0.143669
0.143669
0.143669
0.143669
0.143669
0.143669
0.143669
0.143669
0.143669
0.143669
0.143669
0.143669
0.143669
0.143669
0.143669
0.143669
0.143669
0.143669
0.143669
0.143669
0.143669
0.143669
0.143669
0.143669
0.143669
0.143669
0.14367
0.14367
0.14367
0.14367
0.14367
0.14367
0.14367
0.14367
0.14367
0.14367
0.14367
0.14367
0.14367
0.14367
0.14367
0.14367
0.14367
0.14367
0.14367
0.14367
0.14367
0.14367
0.14367
0.14367
0.14367
0.143671
0.143671
0.143671
0.143671
0.143671
0.143671
0.143671
0.143671
0.143671
0.143671
0.143671
0.143671
0.143671
0.143671
0.143671
0.143671
0.143671
0.143671
0.143671
0.143671
0.143671
0.143671
0.143671
0.143671
0.143671
0.143672
0.143672
0.143672
0.143672
0.143672
0.143672
0.143672
0.143672
0.143672
0.143672
0.143672
0.143672
0.143672
0.143672
0.143672
0.143672
0.143672
0.143672
0.143672
0.143672
0.143672
0.143672
0.143672
0.143672
0.143672
0.143673
0.143673
0.143673
0.143673
0.143673
0.143673
0.143673
0.143673
0.143673
0.143673
0.143673
0.143673
0.143673
0.143673
0.143673
0.143673
0.143673
0.143673
0.143673
0.143673
0.143673
0.143673
0.143673
0.143673
0.143674
0.143674
0.143674
0.143674
0.143674
0.143674
0.143674
0.143674
0.143674
0.143674
0.143674
0.143674
0.143674
0.143674
0.143674
0.143674
0.143674
0.143674
0.143674
0.143674
0.143674
0.143674
0.143674
0.143674
0.143674
0.143675
0.143675
0.143675
0.143675
0.143675
0.143675
0.143675
0.143675
0.143675
0.143675
0.143675
0.143675
0.143675
0.143675
0.143675
0.143675
0.143675
0.143675
0.143675
0.143675
0.143675
0.143675
0.143675
0.143675
0.143675
0.143676
0.143676
0.143676
0.143676
0.143676
0.143676
0.143676
0.143676
0.143676
0.143676
0.143676
0.143676
0.143676
0.143676
0.143676
0.143676
0.143676
0.143676
0.143676
0.143676
0.143676
0.143676
0.143676
0.143676
0.143677
0.143677
0.143677
0.143677
0.143677
0.143677
0.143677
0.143677
0.143677
0.143677
0.143677
0.143677
0.143677
0.143677
0.143677
0.143677
0.143677
0.143677
0.143677
0.143677
0.143677
0.143677
0.143677
0.143677
0.143677
0.143678
0.143678
0.143678
0.143678
0.143678
0.143678
0.143678
0.143678
0.143678
0.143678
0.143678
0.143678
0.143678
0.143678
0.143678
0.143678
0.143678
0.143678
0.143678
0.143678
0.143678
0.143678
0.143678
0.143678
0.143679
0.143679
0.143679
0.143679
0.143679
0.143679
0.143679
0.143679
0.143679
0.143679
0.143679
0.143679
0.143679
0.143679
0.143679
0.143679
0.143679
0.143679
0.143679
0.143679
0.143679
0.143679
0.143679
0.143679
0.143679
0.14368
0.14368
0.14368
0.14368
0.14368
0.14368
0.14368
0.14368
0.14368
0.14368
0.14368
0.14368
0.14368
0.14368
0.14368
0.14368
0.14368
0.14368
0.14368
0.14368
0.14368
0.14368
0.14368
0.14368
0.143681
0.143681
0.143681
0.143681
0.143681
0.143681
0.143681
0.143681
0.143681
0.143681
0.143681
0.143681
0.143681
0.143681
0.143681
0.143681
0.143681
0.143681
0.143681
0.143681
0.143681
0.143681
0.143681
0.143681
0.143682
0.143682
0.143682
0.143682
0.143682
0.143682
0.143682
0.143682
0.143682
0.143682
0.143682
0.143682
0.143682
0.143682
0.143682
0.143682
0.143682
0.143682
0.143682
0.143682
0.143682
0.143682
0.143682
0.143682
0.143683
0.143683
0.143683
0.143683
0.143683
0.143683
0.143683
0.143683
0.143683
0.143683
0.143683
0.143683
0.143683
0.143683
0.143683
0.143683
0.143683
0.143683
0.143683
0.143683
0.143683
0.143683
0.143683
0.143683
0.143684
0.143684
0.143684
0.143684
0.143684
0.143684
0.143684
0.143684
0.143684
0.143684
0.143684
0.143684
0.143684
0.143684
0.143684
0.143684
0.143684
0.143684
0.143684
0.143684
0.143684
0.143684
0.143684
0.143684
0.143685
0.143685
0.143685
0.143685
0.143685
0.143685
0.143685
0.143685
0.143685
0.143685
0.143685
0.143685
0.143685
0.143685
0.143685
0.143685
0.143685
0.143685
0.143685
0.143685
0.143685
0.143685
0.143685
0.143685
0.143686
0.143686
0.143686
0.143686
0.143686
0.143686
0.143686
0.143686
0.143686
0.143686
0.143686
0.143686
0.143686
0.143686
0.143686
0.143686
0.143686
0.143686
0.143686
0.143686
0.143686
0.143686
0.143686
0.143686
0.143687
0.143687
0.143687
0.143687
0.143687
0.143687
0.143687
0.143687
0.143687
0.143687
0.143687
0.143687
0.143687
0.143687
0.143687
0.143687
0.143687
0.143687
0.143687
0.143687
0.143687
0.143687
0.143687
0.143687
0.143688
0.143688
0.143688
0.143688
0.143688
0.143688
0.143688
0.143688
0.143688
0.143688
0.143688
0.143688
0.143688
0.143688
0.143688
0.143688
0.143688
0.143688
0.143688
0.143688
0.143688
0.143688
0.143688
0.143688
0.143689
0.143689
0.143689
0.143689
0.143689
0.143689
0.143689
0.143689
0.143689
0.143689
0.143689
0.143689
0.143689
0.143689
0.143689
0.143689
0.143689
0.143689
0.143689
0.143689
0.143689
0.143689
0.143689
0.143689
0.14369
0.14369
0.14369
0.14369
0.14369
0.14369
0.14369
0.14369
0.14369
0.14369
0.14369
0.14369
0.14369
0.14369
0.14369
0.14369
0.14369
0.14369
0.14369
0.14369
0.14369
0.14369
0.14369
0.143691
0.143691
0.143691
0.143691
0.143691
0.143691
0.143691
0.143691
0.143691
0.143691
0.143691
0.143691
0.143691
0.143691
0.143691
0.143691
0.143691
0.143691
0.143691
0.143691
0.143691
0.143691
0.143691
0.143691
0.143692
0.143692
0.143692
0.143692
0.143692
0.143692
0.143692
0.143692
0.143692
0.143692
0.143692
0.143692
0.143692
0.143692
0.143692
0.143692
0.143692
0.143692
0.143692
0.143692
0.143692
0.143692
0.143692
0.143692
0.143693
0.143693
0.143693
0.143693
0.143693
0.143693
0.143693
0.143693
0.143693
0.143693
0.143693
0.143693
0.143693
0.143693
0.143693
0.143693
0.143693
0.143693
0.143693
0.143693
0.143693
0.143693
0.143693
0.143694
0.143694
0.143694
0.143694
0.143694
0.143694
0.143694
0.143694
0.143694
0.143694
0.143694
0.143694
0.143694
0.143694
0.143694
0.143694
0.143694
0.143694
0.143694
0.143694
0.143694
0.143694
0.143694
0.143694
0.143695
0.143695
0.143695
0.143695
0.143695
0.143695
0.143695
0.143695
0.143695
0.143695
0.143695
0.143695
0.143695
0.143695
0.143695
0.143695
0.143695
0.143695
0.143695
0.143695
0.143695
0.143695
0.143695
0.143696
0.143696
0.143696
0.143696
0.143696
0.143696
0.143696
0.143696
0.143696
0.143696
0.143696
0.143696
0.143696
0.143696
0.143696
0.143696
0.143696
0.143696
0.143696
0.143696
0.143696
0.143696
0.143696
0.143697
0.143697
0.143697
0.143697
0.143697
0.143697
0.143697
0.143697
0.143697
0.143697
0.143697
0.143697
0.143697
0.143697
0.143697
0.143697
0.143697
0.143697
0.143697
0.143697
0.143697
0.143697
0.143697
0.143697
0.143698
0.143698
0.143698
0.143698
0.143698
0.143698
0.143698
0.143698
0.143698
0.143698
0.143698
0.143698
0.143698
0.143698
0.143698
0.143698
0.143698
0.143698
0.143698
0.143698
0.143698
0.143698
0.143698
0.143699
0.143699
0.143699
0.143699
0.143699
0.143699
0.143699
0.143699
0.143699
0.143699
0.143699
0.143699
0.143699
0.143699
0.143699
0.143699
0.143699
0.143699
0.143699
0.143699
0.143699
0.143699
0.143699
0.1437
0.1437
0.1437
0.1437
0.1437
0.1437
0.1437
0.1437
0.1437
0.1437
0.1437
0.1437
0.1437
0.1437
0.1437
0.1437
0.1437
0.1437
0.1437
0.1437
0.1437
0.1437
0.1437
0.1437
0.143701
0.143701
0.143701
0.143701
0.143701
0.143701
0.143701
0.143701
0.143701
0.143701
0.143701
0.143701
0.143701
0.143701
0.143701
0.143701
0.143701
0.143701
0.143701
0.143701
0.143701
0.143701
0.143701
0.143702
0.143702
0.143702
0.143702
0.143702
0.143702
0.143702
0.143702
0.143702
0.143702
0.143702
0.143702
0.143702
0.143702
0.143702
0.143702
0.143702
0.143702
0.143702
0.143702
0.143702
0.143702
0.143702
0.143703
0.143703
0.143703
0.143703
0.143703
0.143703
0.143703
0.143703
0.143703
0.143703
0.143703
0.143703
0.143703
0.143703
0.143703
0.143703
0.143703
0.143703
0.143703
0.143703
0.143703
0.143703
0.143703
0.143704
0.143704
0.143704
0.143704
0.143704
0.143704
0.143704
0.143704
0.143704
0.143704
0.143704
0.143704
0.143704
0.143704
0.143704
0.143704
0.143704
0.143704
0.143704
0.143704
0.143704
0.143704
0.143704
0.143705
0.143705
0.143705
0.143705
0.143705
0.143705
0.143705
0.143705
0.143705
0.143705
0.143705
0.143705
0.143705
0.143705
0.143705
0.143705
0.143705
0.143705
0.143705
0.143705
0.143705
0.143705
0.143705
0.143706
0.143706
0.143706
0.143706
0.143706
0.143706
0.143706
0.143706
0.143706
0.143706
0.143706
0.143706
0.143706
0.143706
0.143706
0.143706
0.143706
0.143706
0.143706
0.143706
0.143706
0.143706
0.143706
0.143707
0.143707
0.143707
0.143707
0.143707
0.143707
0.143707
0.143707
0.143707
0.143707
0.143707
0.143707
0.143707
0.143707
0.143707
0.143707
0.143707
0.143707
0.143707
0.143707
0.143707
0.143707
0.143707
0.143708
0.143708
0.143708
0.143708
0.143708
0.143708
0.143708
0.143708
0.143708
0.143708
0.143708
0.143708
0.143708
0.143708
0.143708
0.143708
0.143708
0.143708
0.143708
0.143708
0.143708
0.143708
0.143708
0.143709
0.143709
0.143709
0.143709
0.143709
0.143709
0.143709
0.143709
0.143709
0.143709
0.143709
0.143709
0.143709
0.143709
0.143709
0.143709
0.143709
0.143709
0.143709
0.143709
0.143709
0.143709
0.143709
0.14371
0.14371
0.14371
0.14371
0.14371
0.14371
0.14371
0.14371
0.14371
0.14371
0.14371
0.14371
0.14371
0.14371
0.14371
0.14371
0.14371
0.14371
0.14371
0.14371
0.14371
0.14371
0.14371
0.143711
0.143711
0.143711
0.143711
0.143711
0.143711
0.143711
0.143711
0.143711
0.143711
0.143711
0.143711
0.143711
0.143711
0.143711
0.143711
0.143711
0.143711
0.143711
0.143711
0.143711
0.143711
0.143711
0.143712
0.143712
0.143712
0.143712
0.143712
0.143712
0.143712
0.143712
0.143712
0.143712
0.143712
0.143712
0.143712
0.143712
0.143712
0.143712
0.143712
0.143712
0.143712
0.143712
0.143712
0.143712
0.143712
0.143713
0.143713
0.143713
0.143713
0.143713
0.143713
0.143713
0.143713
0.143713
0.143713
0.143713
0.143713
0.143713
0.143713
0.143713
0.143713
0.143713
0.143713
0.143713
0.143713
0.143713
0.143713
0.143713
0.143714
0.143714
0.143714
0.143714
0.143714
0.143714
0.143714
0.143714
0.143714
0.143714
0.143714
0.143714
0.143714
0.143714
0.143714
0.143714
0.143714
0.143714
0.143714
0.143714
0.143714
0.143714
0.143714
0.143715
0.143715
0.143715
0.143715
0.143715
0.143715
0.143715
0.143715
0.143715
0.143715
0.143715
0.143715
0.143715
0.143715
0.143715
0.143715
0.143715
0.143715
0.143715
0.143715
0.143715
0.143715
0.143715
0.143716
0.143716
0.143716
0.143716
0.143716
0.143716
0.143716
0.143716
0.143716
0.143716
0.143716
0.143716
0.143716
0.143716
0.143716
0.143716
0.143716
0.143716
0.143716
0.143716
0.143716
0.143716
0.143717
0.143717
0.143717
0.143717
0.143717
0.143717
0.143717
0.143717
0.143717
0.143717
0.143717
0.143717
0.143717
0.143717
0.143717
0.143717
0.143717
0.143717
0.143717
0.143717
0.143717
0.143717
0.143717
0.143718
0.143718
0.143718
0.143718
0.143718
0.143718
0.143718
0.143718
0.143718
0.143718
0.143718
0.143718
0.143718
0.143718
0.143718
0.143718
0.143718
0.143718
0.143718
0.143718
0.143718
0.143718
0.143718
0.143719
0.143719
0.143719
0.143719
0.143719
0.143719
0.143719
0.143719
0.143719
0.143719
0.143719
0.143719
0.143719
0.143719
0.143719
0.143719
0.143719
0.143719
0.143719
0.143719
0.143719
0.143719
0.143719
0.14372
0.14372
0.14372
0.14372
0.14372
0.14372
0.14372
0.14372
0.14372
0.14372
0.14372
0.14372
0.14372
0.14372
0.14372
0.14372
0.14372
0.14372
0.14372
0.14372
0.14372
0.14372
0.143721
0.143721
0.143721
0.143721
0.143721
0.143721
0.143721
0.143721
0.143721
0.143721
0.143721
0.143721
0.143721
0.143721
0.143721
0.143721
0.143721
0.143721
0.143721
0.143721
0.143721
0.143721
0.143721
0.143722
0.143722
0.143722
0.143722
0.143722
0.143722
0.143722
0.143722
0.143722
0.143722
0.143722
0.143722
0.143722
0.143722
0.143722
0.143722
0.143722
0.143722
0.143722
0.143722
0.143722
0.143722
0.143722
0.143723
0.143723
0.143723
0.143723
0.143723
0.143723
0.143723
0.143723
0.143723
0.143723
0.143723
0.143723
0.143723
0.143723
0.143723
0.143723
0.143723
0.143723
0.143723
0.143723
0.143723
0.143723
0.143723
0.143724
0.143724
0.143724
0.143724
0.143724
0.143724
0.143724
0.143724
0.143724
0.143724
0.143724
0.143724
0.143724
0.143724
0.143724
0.143724
0.143724
0.143724
0.143724
0.143724
0.143724
0.143724
0.143725
0.143725
0.143725
0.143725
0.143725
0.143725
0.143725
0.143725
0.143725
0.143725
0.143725
0.143725
0.143725
0.143725
0.143725
0.143725
0.143725
0.143725
0.143725
0.143725
0.143725
0.143725
0.143725
0.143726
0.143726
0.143726
0.143726
0.143726
0.143726
0.143726
0.143726
0.143726
0.143726
0.143726
0.143726
0.143726
0.143726
0.143726
0.143726
0.143726
0.143726
0.143726
0.143726
0.143726
0.143726
0.143726
0.143727
0.143727
0.143727
0.143727
0.143727
0.143727
0.143727
0.143727
0.143727
0.143727
0.143727
0.143727
0.143727
0.143727
0.143727
0.143727
0.143727
0.143727
0.143727
0.143727
0.143727
0.143727
0.143728
0.143728
0.143728
0.143728
0.143728
0.143728
0.143728
0.143728
0.143728
0.143728
0.143728
0.143728
0.143728
0.143728
0.143728
0.143728
0.143728
0.143728
0.143728
0.143728
0.143728
0.143728
0.143728
0.143729
0.143729
0.143729
0.143729
0.143729
0.143729
0.143729
0.143729
0.143729
0.143729
0.143729
0.143729
0.143729
0.143729
0.143729
0.143729
0.143729
0.143729
0.143729
0.143729
0.143729
0.143729
0.143729
0.14373
0.14373
0.14373
0.14373
0.14373
0.14373
0.14373
0.14373
0.14373
0.14373
0.14373
0.14373
0.14373
0.14373
0.14373
0.14373
0.14373
0.14373
0.14373
0.14373
0.14373
0.14373
0.143731
0.143731
0.143731
0.143731
0.143731
0.143731
0.143731
0.143731
0.143731
0.143731
0.143731
0.143731
0.143731
0.143731
0.143731
0.143731
0.143731
0.143731
0.143731
0.143731
0.143731
0.143731
0.143731
0.143732
0.143732
0.143732
0.143732
0.143732
0.143732
0.143732
0.143732
0.143732
0.143732
0.143732
0.143732
0.143732
0.143732
0.143732
0.143732
0.143732
0.143732
0.143732
0.143732
0.143732
0.143732
0.143733
0.143733
0.143733
0.143733
0.143733
0.143733
0.143733
0.143733
0.143733
0.143733
0.143733
0.143733
0.143733
0.143733
0.143733
0.143733
0.143733
0.143733
0.143733
0.143733
0.143733
0.143733
0.143733
0.143734
0.143734
0.143734
0.143734
0.143734
0.143734
0.143734
0.143734
0.143734
0.143734
0.143734
0.143734
0.143734
0.143734
0.143734
0.143734
0.143734
0.143734
0.143734
0.143734
0.143734
0.143734
0.143734
0.143735
0.143735
0.143735
0.143735
0.143735
0.143735
0.143735
0.143735
0.143735
0.143735
0.143735
0.143735
0.143735
0.143735
0.143735
0.143735
0.143735
0.143735
0.143735
0.143735
0.143735
0.143735
0.143736
0.143736
0.143736
0.143736
0.143736
0.143736
0.143736
0.143736
0.143736
0.143736
0.143736
0.143736
0.143736
0.143736
0.143736
0.143736
0.143736
0.143736
0.143736
0.143736
0.143736
0.143736
0.143736
0.143737
0.143737
0.143737
0.143737
0.143737
0.143737
0.143737
0.143737
0.143737
0.143737
0.143737
0.143737
0.143737
0.143737
0.143737
0.143737
0.143737
0.143737
0.143737
0.143737
0.143737
0.143737
0.143738
0.143738
0.143738
0.143738
0.143738
0.143738
0.143738
0.143738
0.143738
0.143738
0.143738
0.143738
0.143738
0.143738
0.143738
0.143738
0.143738
0.143738
0.143738
0.143738
0.143738
0.143738
0.143738
0.143739
0.143739
0.143739
0.143739
0.143739
0.143739
0.143739
0.143739
0.143739
0.143739
0.143739
0.143739
0.143739
0.143739
0.143739
0.143739
0.143739
0.143739
0.143739
0.143739
0.143739
0.143739
0.143739
0.14374
0.14374
0.14374
0.14374
0.14374
0.14374
0.14374
0.14374
0.14374
0.14374
0.14374
0.14374
0.14374
0.14374
0.14374
0.14374
0.14374
0.14374
0.14374
0.14374
0.14374
0.14374
0.143741
0.143741
0.143741
0.143741
0.143741
0.143741
0.143741
0.143741
0.143741
0.143741
0.143741
0.143741
0.143741
0.143741
0.143741
0.143741
0.143741
0.143741
0.143741
0.143741
