0.5
0.495025
0.490099
0.485223
0.480395
0.475615
0.470882
0.466197
0.461558
0.456966
0.452419
0.447917
0.44346
0.439048
0.434679
0.430354
0.426072
0.421832
0.417635
0.41348
0.409365
0.405292
0.401259
0.397267
0.393314
0.3894
0.385526
0.38169
0.377892
0.374132
0.370409
0.366723
0.363075
0.359462
0.355885
0.352344
0.348838
0.345367
0.341931
0.338528
0.33516
0.331825
0.328523
0.325255
0.322018
0.318814
0.315642
0.312501
0.309392
0.306313
0.303265
0.300248
0.29726
0.294302
0.291374
0.288475
0.285605
0.282763
0.279949
0.277164
0.274406
0.271675
0.268972
0.266296
0.263646
0.261023
0.258426
0.255854
0.253309
0.250788
0.248293
0.245822
0.243376
0.240955
0.238557
0.236184
0.233834
0.231507
0.229204
0.226923
0.224665
0.22243
0.220217
0.218026
0.215857
0.213709
0.211583
0.209478
0.207394
0.20533
0.203288
0.201265
0.199263
0.197281
0.195318
0.193375
0.191452
0.189548
0.187662
0.185796
0.183948
0.182119
0.180308
0.178516
0.176741
0.174984
0.173245
0.171523
0.169818
0.168131
0.166461
0.164807
0.163171
0.161551
0.159947
0.15836
0.156789
0.155234
0.153695
0.152172
0.150664
0.149172
0.147696
0.146234
0.144788
0.143358
0.141942
0.140541
0.139156
0.137785
0.136428
0.135087
0.13376
0.132447
0.131149
0.129865
0.128596
0.127341
0.1261
0.124874
0.123661
0.122463
0.121279
0.120109
0.118953
0.117812
0.116684
0.115571
0.114472
0.113386
0.112315
0.111259
0.110216
0.109187
0.108173
0.107173
0.106187
0.105216
0.104259
0.103316
0.102388
0.101474
0.100575
0.0996903
0.0988202
0.0979647
0.0971238
0.0962976
0.0954861
0.0946894
0.0939073
0.09314
0.0923875
0.0916498
0.0909268
0.0902185
0.089525
0.0888462
0.088182
0.0875325
0.0868975
0.0862771
0.085671
0.0850794
0.084502
0.0839387
0.0833895
0.0828543
0.0823329
0.0818251
0.0813309
0.0808501
0.0803824
0.0799278
0.0794861
0.079057
0.0786404
0.078236
0.0778438
0.0774633
0.0770945
0.0767371
0.0763909
0.0760556
0.075731
0.0754169
0.075113
0.0748191
0.074535
0.0742603
0.0739949
0.0737385
0.0734909
0.0732519
0.0730211
0.0727983
0.0725834
0.0723761
0.0721762
0.0719833
0.0717974
0.0716182
0.0714454
0.0712789
0.0711185
0.0709639
0.070815
0.0706716
0.0705334
0.0704003
0.0702722
0.0701488
0.0700299
0.0699155
0.0698053
0.0696992
0.069597
0.0694986
0.0694039
0.0693127
0.0692249
0.0691403
0.0690588
0.0689804
0.0689049
0.0688321
0.0687621
0.0686946
0.0686295
0.0685669
0.0685065
0.0684483
0.0683923
0.0683382
0.0682861
0.0682359
0.0681875
0.0681408
0.0680957
0.0680523
0.0680103
0.0679699
0.0679308
0.0678931
0.0678567
0.0678216
0.0677877
0.0677549
0.0677232
0.0676926
0.067663
0.0676344
0.0676067
0.06758
0.0675541
0.0675291
0.0675049
0.0674814
0.0674587
0.0674367
0.0674154
0.0673948
0.0673748
0.0673554
0.0673367
0.0673185
0.0673008
0.0672837
0.067267
0.0672509
0.0672353
0.0672201
0.0672053
0.067191
0.0671771
0.0671635
0.0671504
0.0671376
0.0671252
0.0671131
0.0671014
0.0670899
0.0670788
0.067068
0.0670575
0.0670472
0.0670372
0.0670275
0.067018
0.0670088
0.0669998
0.0669911
0.0669826
0.0669742
0.0669661
0.0669583
0.0669506
0.0669431
0.0669357
0.0669286
0.0669216
0.0669148
0.0669082
0.0669018
0.0668955
0.0668893
0.0668833
0.0668774
0.0668717
0.0668662
0.0668607
0.0668554
0.0668502
0.0668452
0.0668402
0.0668354
0.0668307
0.0668261
0.0668217
0.0668173
0.0668131
0.0668089
0.0668049
0.0668009
0.0667971
0.0667933
0.0667896
0.0667861
0.0667826
0.0667792
0.0667759
0.0667727
0.0667695
0.0667665
0.0667635
0.0667606
0.0667578
0.0667551
0.0667524
0.0667498
0.0667473
0.0667449
0.0667425
0.0667402
0.066738
0.0667358
0.0667337
0.0667317
0.0667297
0.0667278
0.066726
0.0667242
0.0667225
0.0667208
0.0667192
0.0667177
0.0667162
0.0667147
0.0667134
0.0667121
0.0667108
0.0667096
0.0667084
0.0667073
0.0667063
0.0667053
0.0667044
0.0667035
0.0667026
0.0667018
0.0667011
0.0667004
0.0666998
0.0666992
0.0666986
0.0666981
0.0666976
0.0666972
0.0666969
0.0666965
0.0666963
0.066696
0.0666958
0.0666957
0.0666956
0.0666955
0.0666955
0.0666955
0.0666956
0.0666957
0.0666958
0.066696
0.0666962
0.0666965
0.0666968
0.0666972
0.0666975
0.066698
0.0666984
0.0666989
0.0666994
0.0667
0.0667006
0.0667013
0.066702
0.0667027
0.0667034
0.0667042
0.066705
0.0667059
0.0667068
0.0667077
0.0667087
0.0667097
0.0667107
0.0667118
0.0667129
0.066714
0.0667152
0.0667164
0.0667176
0.0667189
0.0667202
0.0667215
0.0667228
0.0667242
0.0667257
0.0667271
0.0667286
0.0667301
0.0667317
0.0667332
0.0667348
0.0667365
0.0667382
0.0667398
0.0667416
0.0667433
0.0667451
0.0667469
0.0667488
0.0667507
0.0667526
0.0667545
0.0667565
0.0667585
0.0667605
0.0667625
0.0667646
0.0667667
0.0667688
0.066771
0.0667732
0.0667754
0.0667776
0.0667799
0.0667822
0.0667845
0.0667869
0.0667892
0.0667916
0.0667941
0.0667965
0.066799
0.0668015
0.066804
0.0668066
0.0668092
0.0668118
0.0668144
0.0668171
0.0668198
0.0668225
0.0668252
0.066828
0.0668308
0.0668336
0.0668364
0.0668393
0.0668422
0.0668451
0.066848
0.066851
0.066854
0.066857
0.06686
0.0668631
0.0668661
0.0668693
0.0668724
0.0668755
0.0668787
0.0668819
0.0668851
0.0668884
0.0668917
0.066895
0.0668983
0.0669016
0.066905
0.0669084
0.0669118
0.0669152
0.0669187
0.0669221
0.0669256
0.0669292
0.0669327
0.0669363
0.0669399
0.0669435
0.0669471
0.0669508
0.0669545
0.0669582
0.0669619
0.0669657
0.0669694
0.0669732
0.066977
0.0669809
0.0669847
0.0669886
0.0669925
0.0669964
0.0670004
0.0670044
0.0670083
0.0670124
0.0670164
0.0670204
0.0670245
0.0670286
0.0670327
0.0670369
0.067041
0.0670452
0.0670494
0.0670536
0.0670579
0.0670621
0.0670664
0.0670707
0.0670751
0.0670794
0.0670838
0.0670882
0.0670926
0.067097
0.0671015
0.0671059
0.0671104
0.067115
0.0671195
0.067124
0.0671286
0.0671332
0.0671378
0.0671425
0.0671471
0.0671518
0.0671565
0.0671612
0.067166
0.0671707
0.0671755
0.0671803
0.0671851
0.0671899
0.0671948
0.0671997
0.0672046
0.0672095
0.0672144
0.0672194
0.0672244
0.0672294
0.0672344
0.0672394
0.0672445
0.0672496
0.0672547
0.0672598
0.0672649
0.0672701
0.0672752
0.0672804
0.0672857
0.0672909
0.0672961
0.0673014
0.0673067
0.067312
0.0673173
0.0673227
0.0673281
0.0673335
0.0673389
0.0673443
0.0673497
0.0673552
0.0673607
0.0673662
0.0673717
0.0673773
0.0673828
0.0673884
0.067394
0.0673996
0.0674053
0.0674109
0.0674166
0.0674223
0.067428
0.0674337
0.0674395
0.0674453
0.067451
0.0674568
0.0674627
0.0674685
0.0674744
0.0674803
0.0674862
0.0674921
0.067498
0.067504
0.06751
0.067516
0.067522
0.067528
0.0675341
0.0675401
0.0675462
0.0675523
0.0675585
0.0675646
0.0675708
0.067577
0.0675832
0.0675894
0.0675956
0.0676019
0.0676081
0.0676144
0.0676207
0.0676271
0.0676334
0.0676398
0.0676462
0.0676526
0.067659
0.0676654
0.0676719
0.0676784
0.0676849
0.0676914
0.0676979
0.0677045
0.067711
0.0677176
0.0677242
0.0677309
0.0677375
0.0677442
0.0677508
0.0677575
0.0677642
0.067771
0.0677777
0.0677845
0.0677913
0.0677981
0.0678049
0.0678118
0.0678186
0.0678255
0.0678324
0.0678393
0.0678462
0.0678532
0.0678602
0.0678671
0.0678741
0.0678812
0.0678882
0.0678953
0.0679023
0.0679094
0.0679165
0.0679237
0.0679308
0.067938
0.0679452
0.0679524
0.0679596
0.0679668
0.0679741
0.0679814
0.0679887
0.067996
0.0680033
0.0680106
0.068018
0.0680254
0.0680328
0.0680402
0.0680476
0.0680551
0.0680626
0.06807
0.0680775
0.0680851
0.0680926
0.0681002
0.0681077
0.0681153
0.0681229
0.0681306
0.0681382
0.0681459
0.0681536
0.0681613
0.068169
0.0681767
0.0681845
0.0681923
0.0682
0.0682079
0.0682157
0.0682235
0.0682314
0.0682393
0.0682472
0.0682551
0.068263
0.068271
0.0682789
0.0682869
0.0682949
0.0683029
0.068311
0.068319
0.0683271
0.0683352
0.0683433
0.0683514
0.0683596
0.0683677
0.0683759
0.0683841
0.0683923
0.0684005
0.0684088
0.068417
0.0684253
0.0684336
0.068442
0.0684503
0.0684586
0.068467
0.0684754
0.0684838
0.0684922
0.0685007
0.0685091
0.0685176
0.0685261
0.0685346
0.0685432
0.0685517
0.0685603
0.0685689
0.0685775
0.0685861
0.0685947
0.0686034
0.068612
0.0686207
0.0686294
0.0686382
0.0686469
0.0686557
0.0686644
0.0686732
0.068682
0.0686909
0.0686997
0.0687086
0.0687175
0.0687264
0.0687353
0.0687442
0.0687532
0.0687622
0.0687711
0.0687801
0.0687892
0.0687982
0.0688073
0.0688163
0.0688254
0.0688346
0.0688437
0.0688528
0.068862
0.0688712
0.0688804
0.0688896
0.0688988
0.0689081
0.0689174
0.0689266
0.068936
0.0689453
0.0689546
0.068964
0.0689734
0.0689828
0.0689922
0.0690016
0.069011
0.0690205
0.06903
0.0690395
0.069049
0.0690585
0.0690681
0.0690777
0.0690873
0.0690969
0.0691065
0.0691161
0.0691258
0.0691355
0.0691452
0.0691549
0.0691646
0.0691744
0.0691841
0.0691939
0.0692037
0.0692135
0.0692234
0.0692332
0.0692431
0.069253
0.0692629
0.0692728
0.0692828
0.0692928
0.0693027
0.0693127
0.0693228
0.0693328
0.0693428
0.0693529
0.069363
0.0693731
0.0693832
0.0693934
0.0694035
0.0694137
0.0694239
0.0694341
0.0694444
0.0694546
0.0694649
0.0694752
0.0694855
0.0694958
0.0695061
0.0695165
0.0695269
0.0695373
0.0695477
0.0695581
0.0695686
0.069579
0.0695895
0.0696
0.0696105
0.0696211
0.0696316
0.0696422
0.0696528
0.0696634
0.0696741
0.0696847
0.0696954
0.0697061
0.0697168
0.0697275
0.0697382
0.069749
0.0697598
0.0697706
0.0697814
0.0697922
0.0698031
0.0698139
0.0698248
0.0698357
0.0698467
0.0698576
0.0698686
0.0698796
0.0698906
0.0699016
0.0699126
0.0699237
0.0699347
0.0699458
0.0699569
0.0699681
0.0699792
0.0699904
0.0700016
0.0700128
0.070024
0.0700352
0.0700465
0.0700578
0.0700691
0.0700804
0.0700917
0.0701031
0.0701145
0.0701259
0.0701373
0.0701487
0.0701601
0.0701716
0.0701831
0.0701946
0.0702061
0.0702177
0.0702292
0.0702408
0.0702524
0.070264
0.0702757
0.0702873
0.070299
0.0703107
0.0703224
0.0703342
0.0703459
0.0703577
0.0703695
0.0703813
0.0703931
0.070405
0.0704168
0.0704287
0.0704406
0.0704526
0.0704645
0.0704765
0.0704885
0.0705005
0.0705125
0.0705245
0.0705366
0.0705487
0.0705608
0.0705729
0.0705851
0.0705972
0.0706094
0.0706216
0.0706338
0.0706461
0.0706583
0.0706706
0.0706829
0.0706952
0.0707076
0.0707199
0.0707323
0.0707447
0.0707571
0.0707696
0.070782
0.0707945
0.070807
0.0708195
0.0708321
0.0708446
0.0708572
0.0708698
0.0708824
0.0708951
0.0709077
0.0709204
0.0709331
0.0709458
0.0709586
0.0709713
0.0709841
0.0709969
0.0710097
0.0710226
0.0710355
0.0710483
0.0710613
0.0710742
0.0710871
0.0711001
0.0711131
0.0711261
0.0711391
0.0711522
0.0711653
0.0711783
0.0711915
0.0712046
0.0712178
0.0712309
0.0712441
0.0712573
0.0712706
0.0712839
0.0712971
0.0713104
0.0713238
0.0713371
0.0713505
0.0713639
0.0713773
0.0713907
0.0714042
0.0714176
0.0714311
0.0714447
0.0714582
0.0714718
0.0714853
0.0714989
0.0715126
0.0715262
0.0715399
0.0715536
0.0715673
0.071581
0.0715948
0.0716086
0.0716224
0.0716362
0.07165
0.0716639
0.0716778
0.0716917
0.0717056
0.0717196
0.0717336
0.0717476
0.0717616
0.0717756
0.0717897
0.0718038
0.0718179
0.071832
0.0718462
0.0718604
0.0718746
0.0718888
0.071903
0.0719173
0.0719316
0.0719459
0.0719603
0.0719746
0.071989
0.0720034
0.0720179
0.0720323
0.0720468
0.0720613
0.0720758
0.0720904
0.0721049
0.0721195
0.0721341
0.0721488
0.0721634
0.0721781
0.0721928
0.0722076
0.0722223
0.0722371
0.0722519
0.0722668
0.0722816
0.0722965
0.0723114
0.0723263
0.0723413
0.0723562
0.0723712
0.0723863
0.0724013
0.0724164
0.0724315
0.0724466
0.0724617
0.0724769
0.0724921
0.0725073
0.0725226
0.0725378
0.0725531
0.0725684
0.0725838
0.0725991
0.0726145
0.0726299
0.0726454
0.0726609
0.0726763
0.0726919
0.0727074
0.072723
0.0727386
0.0727542
0.0727698
0.0727855
0.0728012
0.0728169
0.0728327
0.0728484
0.0728642
0.07288
0.0728959
0.0729118
0.0729277
0.0729436
0.0729596
0.0729755
0.0729915
0.0730076
0.0730236
0.0730397
0.0730558
0.073072
0.0730881
0.0731043
0.0731205
0.0731368
0.073153
0.0731693
0.0731857
0.073202
0.0732184
0.0732348
0.0732512
0.0732677
0.0732842
0.0733007
0.0733172
0.0733338
0.0733504
0.073367
0.0733837
0.0734004
0.0734171
0.0734338
0.0734506
0.0734674
0.0734842
0.0735011
0.0735179
0.0735348
0.0735518
0.0735687
0.0735857
0.0736027
0.0736198
0.0736369
0.073654
0.0736711
0.0736883
0.0737055
0.0737227
0.0737399
0.0737572
0.0737745
0.0737919
0.0738092
0.0738266
0.0738441
0.0738615
0.073879
0.0738965
0.0739141
0.0739316
0.0739493
0.0739669
0.0739846
0.0740023
0.07402
0.0740377
0.0740555
0.0740734
0.0740912
0.0741091
0.074127
0.0741449
0.0741629
0.0741809
0.074199
0.074217
0.0742351
0.0742533
0.0742714
0.0742896
0.0743078
0.0743261
0.0743444
0.0743627
0.0743811
0.0743994
0.0744179
0.0744363
0.0744548
0.0744733
0.0744919
0.0745104
0.074529
0.0745477
0.0745664
0.0745851
0.0746038
0.0746226
0.0746414
0.0746603
0.0746791
0.0746981
0.074717
0.074736
0.074755
0.074774
0.0747931
0.0748122
0.0748314
0.0748506
0.0748698
0.074889
0.0749083
0.0749277
0.074947
0.0749664
0.0749858
0.0750053
0.0750248
0.0750443
0.0750639
0.0750835
0.0751031
0.0751228
0.0751425
0.0751623
0.0751821
0.0752019
0.0752218
0.0752416
0.0752616
0.0752815
0.0753015
0.0753216
0.0753417
0.0753618
0.0753819
0.0754021
0.0754224
0.0754426
0.0754629
0.0754833
0.0755037
0.0755241
0.0755445
0.075565
0.0755856
0.0756061
0.0756267
0.0756474
0.0756681
0.0756888
0.0757096
0.0757304
0.0757512
0.0757721
0.075793
0.075814
0.075835
0.0758561
0.0758771
0.0758983
0.0759194
0.0759406
0.0759619
0.0759832
0.0760045
0.0760259
0.0760473
0.0760688
0.0760903
0.0761118
0.0761334
0.076155
0.0761767
0.0761984
0.0762201
0.0762419
0.0762638
0.0762856
0.0763076
0.0763295
0.0763515
0.0763736
0.0763957
0.0764178
0.07644
0.0764622
0.0764845
0.0765068
0.0765292
0.0765516
0.0765741
0.0765966
0.0766191
0.0766417
0.0766643
0.076687
0.0767097
0.0767325
0.0767553
0.0767782
0.0768011
0.0768241
0.0768471
0.0768701
0.0768932
0.0769164
0.0769396
0.0769628
0.0769861
0.0770095
0.0770329
0.0770563
0.0770798
0.0771033
0.0771269
0.0771506
0.0771743
0.077198
0.0772218
0.0772456
0.0772695
0.0772934
0.0773174
0.0773415
0.0773656
0.0773897
0.0774139
0.0774382
0.0774625
0.0774868
0.0775112
0.0775357
0.0775602
0.0775847
0.0776094
0.077634
0.0776588
0.0776835
0.0777084
0.0777333
0.0777582
0.0777832
0.0778082
0.0778334
0.0778585
0.0778837
0.077909
0.0779343
0.0779597
0.0779852
0.0780107
0.0780362
0.0780619
0.0780875
0.0781133
0.0781391
0.0781649
0.0781908
0.0782168
0.0782428
0.0782689
0.078295
0.0783213
0.0783475
0.0783739
0.0784002
0.0784267
0.0784532
0.0784798
0.0785064
0.0785331
0.0785599
0.0785867
0.0786136
0.0786405
0.0786675
0.0786946
0.0787218
0.078749
0.0787762
0.0788036
0.078831
0.0788584
0.078886
0.0789136
0.0789412
0.078969
0.0789968
0.0790246
0.0790526
0.0790806
0.0791086
0.0791368
0.079165
0.0791933
0.0792216
0.07925
0.0792785
0.0793071
0.0793357
0.0793644
0.0793932
0.079422
0.079451
0.07948
0.079509
0.0795382
0.0795674
0.0795967
0.079626
0.0796555
0.079685
0.0797146
0.0797442
0.079774
0.0798038
0.0798337
0.0798636
0.0798937
0.0799238
0.079954
0.0799843
0.0800147
0.0800451
0.0800756
0.0801062
0.0801369
0.0801677
0.0801986
0.0802295
0.0802605
0.0802916
0.0803228
0.080354
0.0803854
0.0804168
0.0804484
0.08048
0.0805116
0.0805434
0.0805753
0.0806072
0.0806393
0.0806714
0.0807036
0.0807359
0.0807683
0.0808008
0.0808334
0.0808661
0.0808988
0.0809317
0.0809646
0.0809977
0.0810308
0.081064
0.0810974
0.0811308
0.0811643
0.0811979
0.0812316
0.0812654
0.0812993
0.0813333
0.0813674
0.0814016
0.0814359
0.0814703
0.0815048
0.0815394
0.0815741
0.0816089
0.0816438
0.0816788
0.0817139
0.0817491
0.0817844
0.0818199
0.0818554
0.081891
0.0819268
0.0819626
0.0819986
0.0820347
0.0820709
0.0821072
0.0821436
0.0821801
0.0822167
0.0822535
0.0822903
0.0823273
0.0823644
0.0824016
0.0824389
0.0824763
0.0825139
0.0825516
0.0825893
0.0826273
0.0826653
0.0827034
0.0827417
0.0827801
0.0828186
0.0828573
0.082896
0.0829349
0.0829739
0.0830131
0.0830523
0.0830917
0.0831312
0.0831709
0.0832107
0.0832506
0.0832906
0.0833308
0.0833711
0.0834116
0.0834521
0.0834929
0.0835337
0.0835747
0.0836158
0.0836571
0.0836985
0.08374
0.0837817
0.0838235
0.0838655
0.0839076
0.0839499
0.0839923
0.0840348
0.0840775
0.0841203
0.0841633
0.0842065
0.0842497
0.0842932
0.0843368
0.0843805
0.0844244
0.0844685
0.0845127
0.084557
0.0846015
0.0846462
0.084691
0.084736
0.0847812
0.0848265
0.084872
0.0849176
0.0849634
0.0850094
0.0850556
0.0851019
0.0851483
0.085195
0.0852418
0.0852888
0.085336
0.0853833
0.0854308
0.0854785
0.0855264
0.0855744
0.0856226
0.085671
0.0857196
0.0857684
0.0858173
0.0858664
0.0859157
0.0859652
0.0860149
0.0860648
0.0861149
0.0861651
0.0862156
0.0862662
0.0863171
0.0863681
0.0864193
0.0864707
0.0865224
0.0865742
0.0866262
0.0866784
0.0867309
0.0867835
0.0868363
0.0868894
0.0869427
0.0869961
0.0870498
0.0871037
0.0871578
0.0872121
0.0872666
0.0873214
0.0873764
0.0874316
0.087487
0.0875426
0.0875985
0.0876546
0.0877109
0.0877674
0.0878242
0.0878812
0.0879384
0.0879959
0.0880536
0.0881115
0.0881697
0.0882281
0.0882867
0.0883456
0.0884048
0.0884641
0.0885238
0.0885836
0.0886438
0.0887041
0.0887648
0.0888256
0.0888868
0.0889481
0.0890098
0.0890717
0.0891339
0.0891963
0.089259
0.089322
0.0893852
0.0894487
0.0895124
0.0895765
0.0896408
0.0897054
0.0897702
0.0898354
0.0899008
0.0899665
0.0900325
0.0900987
0.0901653
0.0902321
0.0902993
0.0903667
0.0904344
0.0905024
0.0905707
0.0906393
0.0907082
0.0907774
0.090847
0.0909168
0.0909869
0.0910573
0.0911281
0.0911991
0.0912705
0.0913422
0.0914142
0.0914865
0.0915591
0.0916321
0.0917054
0.091779
0.0918529
0.0919272
0.0920018
0.0920767
0.092152
0.0922276
0.0923035
0.0923798
0.0924565
0.0925334
0.0926108
0.0926884
0.0927665
0.0928448
0.0929236
0.0930027
0.0930821
0.0931619
0.0932421
0.0933226
0.0934035
0.0934848
0.0935664
0.0936484
0.0937308
0.0938136
0.0938967
0.0939802
0.0940641
0.0941484
0.0942331
0.0943182
0.0944036
0.0944895
0.0945757
0.0946623
0.0947494
0.0948368
0.0949246
0.0950129
0.0951015
0.0951906
0.09528
0.0953699
0.0954602
0.0955509
0.095642
0.0957336
0.0958256
0.095918
0.0960108
0.0961041
0.0961978
0.0962919
0.0963864
0.0964814
0.0965769
0.0966728
0.0967691
0.0968659
0.0969631
0.0970607
0.0971589
0.0972575
0.0973565
0.097456
0.0975559
0.0976564
0.0977573
0.0978586
0.0979604
0.0980627
0.0981655
0.0982687
0.0983725
0.0984767
0.0985814
0.0986865
0.0987922
0.0988984
0.099005
0.0991121
0.0992198
0.0993279
0.0994365
0.0995456
0.0996553
0.0997654
0.099876
0.0999872
0.100099
0.100211
0.100324
0.100437
0.100551
0.100665
0.10078
0.100895
0.101011
0.101127
0.101244
0.101361
0.101479
0.101598
0.101717
0.101837
0.101957
0.102077
0.102199
0.10232
0.102443
0.102565
0.102689
0.102813
0.102937
0.103063
0.103188
0.103314
0.103441
0.103569
0.103696
0.103825
0.103954
0.104084
0.104214
0.104345
0.104476
0.104608
0.10474
0.104874
0.105007
0.105142
0.105276
0.105412
0.105548
0.105685
0.105822
0.10596
0.106098
0.106237
0.106377
0.106517
0.106658
0.106799
0.106941
0.107084
0.107227
0.107371
0.107515
0.10766
0.107806
0.107952
0.108099
0.108247
0.108395
0.108543
0.108693
0.108843
0.108993
0.109145
0.109296
0.109449
0.109602
0.109756
0.10991
0.110065
0.11022
0.110377
0.110533
0.110691
0.110849
0.111007
0.111167
0.111327
0.111487
0.111648
0.11181
0.111973
0.112136
0.112299
0.112464
0.112629
0.112794
0.11296
0.113127
0.113295
0.113463
0.113631
0.113801
0.113971
0.114141
0.114312
0.114484
0.114657
0.11483
0.115004
0.115178
0.115353
0.115528
0.115705
0.115881
0.116059
0.116237
0.116415
0.116595
0.116775
0.116955
0.117136
0.117318
0.1175
0.117683
0.117867
0.118051
0.118236
0.118421
0.118607
0.118794
0.118981
0.119169
0.119357
0.119546
0.119736
0.119926
0.120116
0.120308
0.1205
0.120692
0.120885
0.121079
0.121273
0.121468
0.121663
0.121859
0.122056
0.122253
0.122451
0.122649
0.122848
0.123047
0.123247
0.123448
0.123649
0.12385
0.124052
0.124255
0.124458
0.124662
0.124866
0.125071
0.125276
0.125482
0.125689
0.125896
0.126103
0.126311
0.126519
0.126728
0.126938
0.127148
0.127358
0.127569
0.127781
0.127993
0.128205
0.128418
0.128631
0.128845
0.12906
0.129274
0.12949
0.129705
0.129922
0.130138
0.130355
0.130573
0.130791
0.131009
0.131228
0.131447
0.131667
0.131887
0.132108
0.132329
0.13255
0.132772
0.132994
0.133217
0.13344
0.133663
0.133887
0.134111
0.134336
0.134561
0.134786
0.135012
0.135238
0.135464
0.135691
0.135918
0.136145
0.136373
0.136601
0.136829
0.137058
0.137287
0.137517
0.137746
0.137976
0.138207
0.138437
0.138668
0.138899
0.139131
0.139363
0.139595
0.139827
0.14006
0.140293
0.140526
0.140759
0.140993
0.141227
0.141461
0.141695
0.14193
0.142164
0.142399
0.142635
0.14287
0.143106
0.143342
0.143578
0.143814
0.144051
0.144287
0.144524
0.144761
0.144998
0.145236
0.145473
0.145711
0.145949
0.146187
0.146425
0.146663
0.146901
0.14714
0.147379
0.147617
0.147856
0.148095
0.148335
0.148574
0.148813
0.149053
0.149292
0.149532
0.149771
0.150011
0.150251
0.150491
0.150731
0.150971
0.151211
0.151451
0.151691
0.151932
0.152172
0.152412
0.152652
0.152893
0.153133
0.153374
0.153614
0.153854
0.154095
0.154335
0.154576
0.154816
0.155057
0.155297
0.155537
0.155778
0.156018
0.156258
0.156499
0.156739
0.156979
0.157219
0.157459
0.157699
0.157939
0.158179
0.158419
0.158659
0.158898
0.159138
0.159378
0.159617
0.159856
0.160096
0.160335
0.160574
0.160813
0.161052
0.16129
0.161529
0.161768
0.162006
0.162244
0.162482
0.16272
0.162958
0.163196
0.163434
0.163671
0.163908
0.164146
0.164383
0.16462
0.164856
0.165093
0.165329
0.165565
0.165801
0.166037
0.166273
0.166508
0.166744
0.166979
0.167214
0.167449
0.167683
0.167917
0.168152
0.168386
0.168619
0.168853
0.169086
0.169319
0.169552
0.169785
0.170017
0.170249
0.170481
0.170713
0.170945
0.171176
0.171407
0.171638
0.171869
0.172099
0.172329
0.172559
0.172788
0.173018
0.173247
0.173476
0.173704
0.173933
0.174161
0.174388
0.174616
0.174843
0.17507
0.175297
0.175523
0.175749
0.175975
0.176201
0.176426
0.176651
0.176876
0.1771
0.177325
0.177548
0.177772
0.177995
0.178218
0.178441
0.178663
0.178885
0.179107
0.179329
0.17955
0.179771
0.179991
0.180211
0.180431
0.180651
0.18087
0.181089
0.181308
0.181526
0.181744
0.181962
0.182179
0.182396
0.182613
0.18283
0.183046
0.183261
0.183477
0.183692
0.183907
0.184121
0.184335
0.184549
0.184762
0.184975
0.185188
0.185401
0.185613
0.185824
0.186036
0.186247
0.186458
0.186668
0.186878
0.187088
0.187297
0.187506
0.187714
0.187923
0.188131
0.188338
0.188545
0.188752
0.188959
0.189165
0.189371
0.189576
0.189781
0.189986
0.190191
0.190395
0.190598
0.190802
0.191005
0.191207
0.191409
0.191611
0.191813
0.192014
0.192215
0.192415
0.192615
0.192815
0.193014
0.193213
0.193412
0.19361
0.193808
0.194006
0.194203
0.1944
0.194596
0.194792
0.194988
0.195183
0.195378
0.195573
0.195767
0.195961
0.196155
0.196348
0.196541
0.196733
0.196925
0.197117
0.197308
0.197499
0.19769
0.19788
0.19807
0.19826
0.198449
0.198638
0.198826
0.199014
0.199202
0.199389
0.199576
0.199763
0.199949
0.200135
0.20032
0.200505
0.20069
0.200875
0.201059
0.201242
0.201426
0.201609
0.201791
0.201973
0.202155
0.202337
0.202518
0.202699
0.202879
0.203059
0.203239
0.203418
0.203597
0.203776
0.203954
0.204132
0.204309
0.204487
0.204663
0.20484
0.205016
0.205192
0.205367
0.205542
0.205717
0.205891
0.206065
0.206238
0.206412
0.206585
0.206757
0.206929
0.207101
0.207273
0.207444
0.207614
0.207785
0.207955
0.208125
0.208294
0.208463
0.208632
0.2088
0.208968
0.209135
0.209303
0.20947
0.209636
0.209802
0.209968
0.210134
0.210299
0.210464
0.210628
0.210792
0.210956
0.21112
0.211283
0.211445
0.211608
0.21177
0.211932
0.212093
0.212254
0.212415
0.212575
0.212735
0.212895
0.213054
0.213213
0.213372
0.213531
0.213689
0.213846
0.214004
0.214161
0.214317
0.214474
0.21463
0.214786
0.214941
0.215096
0.215251
0.215405
0.215559
0.215713
0.215867
0.21602
0.216172
0.216325
0.216477
0.216629
0.21678
0.216931
0.217082
0.217233
0.217383
0.217533
0.217683
0.217832
0.217981
0.218129
0.218278
0.218426
0.218573
0.218721
0.218868
0.219015
0.219161
0.219307
0.219453
0.219599
0.219744
0.219889
0.220033
0.220177
0.220321
0.220465
0.220608
0.220752
0.220894
0.221037
0.221179
0.221321
0.221462
0.221604
0.221745
0.221885
0.222026
0.222166
0.222305
0.222445
0.222584
0.222723
0.222861
0.223
0.223138
0.223275
0.223413
0.22355
0.223687
0.223823
0.22396
0.224096
0.224231
0.224367
0.224502
0.224637
0.224771
0.224905
0.225039
0.225173
0.225307
0.22544
0.225573
0.225705
0.225837
0.225969
0.226101
0.226233
0.226364
0.226495
0.226625
0.226756
0.226886
0.227016
0.227145
0.227275
0.227404
0.227532
0.227661
0.227789
0.227917
0.228045
0.228172
0.228299
0.228426
0.228553
0.228679
0.228805
0.228931
0.229056
0.229182
0.229307
0.229431
0.229556
0.22968
0.229804
0.229928
0.230051
0.230175
0.230298
0.23042
0.230543
0.230665
0.230787
0.230909
0.23103
0.231151
0.231272
0.231393
0.231513
0.231634
0.231754
0.231873
0.231993
0.232112
0.232231
0.23235
0.232468
0.232586
0.232704
0.232822
0.23294
0.233057
0.233174
0.233291
0.233407
0.233524
0.23364
0.233756
0.233871
0.233987
0.234102
0.234217
0.234331
0.234446
0.23456
0.234674
0.234788
0.234901
0.235015
0.235128
0.235241
0.235353
0.235466
0.235578
0.23569
0.235801
0.235913
0.236024
0.236135
0.236246
0.236357
0.236467
0.236577
0.236687
0.236797
0.236906
0.237015
0.237124
0.237233
0.237342
0.23745
0.237558
0.237666
0.237774
0.237882
0.237989
0.238096
0.238203
0.23831
0.238416
0.238522
0.238629
0.238734
0.23884
0.238945
0.239051
0.239156
0.23926
0.239365
0.239469
0.239574
0.239678
0.239781
0.239885
0.239988
0.240092
0.240194
0.240297
0.2404
0.240502
0.240604
0.240706
0.240808
0.24091
0.241011
0.241112
0.241213
0.241314
0.241415
0.241515
0.241615
0.241715
0.241815
0.241915
0.242014
0.242113
0.242212
0.242311
0.24241
0.242508
0.242607
0.242705
0.242803
0.2429
0.242998
0.243095
0.243192
0.243289
0.243386
0.243483
0.243579
0.243676
0.243772
0.243868
0.243963
0.244059
0.244154
0.244249
0.244344
0.244439
0.244534
0.244628
0.244722
0.244816
0.24491
0.245004
0.245098
0.245191
0.245284
0.245377
0.24547
0.245563
0.245655
0.245748
0.24584
0.245932
0.246024
0.246115
0.246207
0.246298
0.246389
0.24648
0.246571
0.246662
0.246752
0.246842
0.246932
0.247022
0.247112
0.247202
0.247291
0.247381
0.24747
0.247559
0.247648
0.247736
0.247825
0.247913
0.248001
0.248089
0.248177
0.248265
0.248352
0.24844
0.248527
0.248614
0.248701
0.248788
0.248874
0.248961
0.249047
0.249133
0.249219
0.249305
0.24939
0.249476
0.249561
0.249646
0.249731
0.249816
0.249901
0.249985
0.25007
0.250154
0.250238
0.250322
0.250406
0.25049
0.250573
0.250657
0.25074
0.250823
0.250906
0.250989
0.251071
0.251154
0.251236
0.251318
0.2514
0.251482
0.251564
0.251646
0.251727
0.251808
0.25189
0.251971
0.252051
0.252132
0.252213
0.252293
0.252374
0.252454
0.252534
0.252614
0.252694
0.252773
0.252853
0.252932
0.253011
0.25309
0.253169
0.253248
0.253327
0.253405
0.253484
0.253562
0.25364
0.253718
0.253796
0.253874
0.253951
0.254029
0.254106
0.254183
0.25426
0.254337
0.254414
0.254491
0.254567
0.254644
0.25472
0.254796
0.254872
0.254948
0.255024
0.255099
0.255175
0.25525
0.255325
0.2554
0.255475
0.25555
0.255625
0.2557
0.255774
0.255848
0.255923
0.255997
0.256071
0.256145
0.256218
0.256292
0.256365
0.256439
0.256512
0.256585
0.256658
0.256731
0.256804
0.256876
0.256949
0.257021
0.257094
0.257166
0.257238
0.25731
0.257381
0.257453
0.257525
0.257596
0.257667
0.257739
0.25781
0.257881
0.257951
0.258022
0.258093
0.258163
0.258234
0.258304
0.258374
0.258444
0.258514
0.258584
0.258653
0.258723
0.258792
0.258862
0.258931
0.259
0.259069
0.259138
0.259207
0.259275
0.259344
0.259412
0.259481
0.259549
0.259617
0.259685
0.259753
0.259821
0.259888
0.259956
0.260023
0.260091
0.260158
0.260225
0.260292
0.260359
0.260426
0.260493
0.260559
0.260626
0.260692
0.260758
0.260824
0.26089
0.260956
0.261022
0.261088
0.261154
0.261219
0.261285
0.26135
0.261415
0.26148
0.261545
0.26161
0.261675
0.26174
0.261804
0.261869
0.261933
0.261997
0.262062
0.262126
0.26219
0.262254
0.262317
0.262381
0.262445
0.262508
0.262572
0.262635
0.262698
0.262761
0.262824
0.262887
0.26295
0.263012
0.263075
0.263138
0.2632
0.263262
0.263324
0.263387
0.263449
0.26351
0.263572
0.263634
0.263696
0.263757
0.263819
0.26388
0.263941
0.264002
0.264063
0.264124
0.264185
0.264246
0.264307
0.264367
0.264428
0.264488
0.264548
0.264609
0.264669
0.264729
0.264789
0.264848
0.264908
0.264968
0.265027
0.265087
0.265146
0.265206
0.265265
0.265324
0.265383
0.265442
0.265501
0.265559
0.265618
0.265677
0.265735
0.265793
0.265852
0.26591
0.265968
0.266026
0.266084
0.266142
0.2662
0.266257
0.266315
0.266372
0.26643
0.266487
0.266544
0.266601
0.266659
0.266716
0.266772
0.266829
0.266886
0.266943
0.266999
0.267056
0.267112
0.267168
0.267224
0.267281
0.267337
0.267393
0.267448
0.267504
0.26756
0.267615
0.267671
0.267726
0.267782
0.267837
0.267892
0.267947
0.268002
0.268057
0.268112
0.268167
0.268222
0.268276
0.268331
0.268385
0.26844
0.268494
0.268548
0.268602
0.268656
0.26871
0.268764
0.268818
0.268872
0.268925
0.268979
0.269032
0.269086
0.269139
0.269192
0.269246
0.269299
0.269352
0.269405
0.269457
0.26951
0.269563
0.269616
0.269668
0.269721
0.269773
0.269825
0.269877
0.26993
0.269982
0.270034
0.270086
0.270137
0.270189
0.270241
0.270292
0.270344
0.270395
0.270447
0.270498
0.270549
0.2706
0.270651
0.270702
0.270753
0.270804
0.270855
0.270906
0.270956
0.271007
0.271057
0.271108
0.271158
0.271208
0.271258
0.271308
0.271359
0.271408
0.271458
0.271508
0.271558
0.271607
0.271657
0.271707
0.271756
0.271805
0.271855
0.271904
0.271953
0.272002
0.272051
0.2721
0.272149
0.272198
0.272246
0.272295
0.272343
0.272392
0.27244
0.272489
0.272537
0.272585
0.272633
0.272681
0.272729
0.272777
0.272825
0.272873
0.272921
0.272968
0.273016
0.273063
0.273111
0.273158
0.273205
0.273253
0.2733
0.273347
0.273394
0.273441
0.273488
0.273534
0.273581
0.273628
0.273674
0.273721
0.273767
0.273814
0.27386
0.273906
0.273952
0.273998
0.274044
0.27409
0.274136
0.274182
0.274228
0.274274
0.274319
0.274365
0.27441
0.274456
0.274501
0.274546
0.274592
0.274637
0.274682
0.274727
0.274772
0.274817
0.274861
0.274906
0.274951
0.274996
0.27504
0.275085
0.275129
0.275173
0.275218
0.275262
0.275306
0.27535
0.275394
0.275438
0.275482
0.275526
0.27557
0.275613
0.275657
0.2757
0.275744
0.275787
0.275831
0.275874
0.275917
0.27596
0.276004
0.276047
0.27609
0.276133
0.276175
0.276218
0.276261
0.276304
0.276346
0.276389
0.276431
0.276474
0.276516
0.276558
0.2766
0.276643
0.276685
0.276727
0.276769
0.27681
0.276852
0.276894
0.276936
0.276977
0.277019
0.277061
0.277102
0.277143
0.277185
0.277226
0.277267
0.277308
0.277349
0.27739
0.277431
0.277472
0.277513
0.277554
0.277594
0.277635
0.277676
0.277716
0.277757
0.277797
0.277837
0.277878
0.277918
0.277958
0.277998
0.278038
0.278078
0.278118
0.278158
0.278198
0.278237
0.278277
0.278316
0.278356
0.278395
0.278435
0.278474
0.278513
0.278553
0.278592
0.278631
0.27867
0.278709
0.278748
0.278787
0.278826
0.278864
0.278903
0.278942
0.27898
0.279019
0.279057
0.279095
0.279134
0.279172
0.27921
0.279248
0.279286
0.279324
0.279362
0.2794
0.279438
0.279476
0.279514
0.279551
0.279589
0.279626
0.279664
0.279701
0.279739
0.279776
0.279813
0.27985
0.279887
0.279924
0.279961
0.279998
0.280035
0.280072
0.280109
0.280145
0.280182
0.280219
0.280255
0.280292
0.280328
0.280364
0.280401
0.280437
0.280473
0.280509
0.280545
0.280581
0.280617
0.280653
0.280689
0.280725
0.28076
0.280796
0.280832
0.280867
0.280903
0.280938
0.280973
0.281009
0.281044
0.281079
0.281114
0.281149
0.281184
0.281219
0.281254
0.281289
0.281324
0.281358
0.281393
0.281427
0.281462
0.281496
0.281531
0.281565
0.2816
0.281634
0.281668
0.281702
0.281736
0.28177
0.281804
0.281838
0.281872
0.281906
0.281939
0.281973
0.282007
0.28204
0.282074
0.282107
0.28214
0.282174
0.282207
0.28224
0.282273
0.282306
0.282339
0.282372
0.282405
0.282438
0.282471
0.282504
0.282536
0.282569
0.282601
0.282634
0.282666
0.282699
0.282731
0.282763
0.282796
0.282828
0.28286
0.282892
0.282924
0.282956
0.282988
0.28302
0.283051
0.283083
0.283115
0.283146
0.283178
0.283209
0.283241
0.283272
0.283303
0.283335
0.283366
0.283397
0.283428
0.283459
0.28349
0.283521
0.283552
0.283582
0.283613
0.283644
0.283674
0.283705
0.283735
0.283766
0.283796
0.283827
0.283857
0.283887
0.283917
0.283947
0.283977
0.284007
0.284037
0.284067
0.284097
0.284127
0.284156
0.284186
0.284216
0.284245
0.284274
0.284304
0.284333
0.284363
0.284392
0.284421
0.28445
0.284479
0.284508
0.284537
0.284566
0.284595
0.284624
0.284652
0.284681
0.28471
0.284738
0.284767
0.284795
0.284823
0.284852
0.28488
0.284908
0.284936
0.284964
0.284992
0.28502
0.285048
0.285076
0.285104
0.285132
0.285159
0.285187
0.285214
0.285242
0.285269
0.285297
0.285324
0.285351
0.285379
0.285406
0.285433
0.28546
0.285487
0.285514
0.285541
0.285567
0.285594
0.285621
0.285648
0.285674
0.285701
0.285727
0.285754
0.28578
0.285806
0.285832
0.285859
0.285885
0.285911
0.285937
0.285963
0.285989
0.286014
0.28604
0.286066
0.286092
0.286117
0.286143
0.286168
0.286194
0.286219
0.286244
0.286269
0.286295
0.28632
0.286345
0.28637
0.286395
0.28642
0.286444
0.286469
0.286494
0.286519
0.286543
0.286568
0.286592
0.286617
0.286641
0.286665
0.28669
0.286714
0.286738
0.286762
0.286786
0.28681
0.286834
0.286858
0.286881
0.286905
0.286929
0.286952
0.286976
0.286999
0.287023
0.287046
0.287069
0.287093
0.287116
0.287139
0.287162
0.287185
0.287208
0.287231
0.287254
0.287276
0.287299
0.287322
0.287344
0.287367
0.287389
0.287412
0.287434
0.287456
0.287479
0.287501
0.287523
0.287545
0.287567
0.287589
0.287611
0.287632
0.287654
0.287676
0.287697
0.287719
0.287741
0.287762
0.287783
0.287805
0.287826
0.287847
0.287868
0.287889
0.28791
0.287931
0.287952
0.287973
0.287994
0.288014
0.288035
0.288056
0.288076
0.288097
0.288117
0.288137
0.288158
0.288178
0.288198
0.288218
0.288238
0.288258
0.288278
0.288298
0.288318
0.288338
0.288357
0.288377
0.288396
0.288416
0.288435
0.288455
0.288474
0.288493
0.288512
0.288531
0.288551
0.28857
0.288588
0.288607
0.288626
0.288645
0.288664
0.288682
0.288701
0.288719
0.288738
0.288756
0.288774
0.288793
0.288811
0.288829
0.288847
0.288865
0.288883
0.288901
0.288918
0.288936
0.288954
0.288971
0.288989
0.289007
0.289024
0.289041
0.289059
0.289076
0.289093
0.28911
0.289127
0.289144
0.289161
0.289178
0.289195
0.289211
0.289228
0.289245
0.289261
0.289278
0.289294
0.28931
0.289327
0.289343
0.289359
0.289375
0.289391
0.289407
0.289423
0.289439
0.289455
0.28947
0.289486
0.289501
0.289517
0.289532
0.289548
0.289563
0.289578
0.289593
0.289609
0.289624
0.289639
0.289654
0.289668
0.289683
0.289698
0.289713
0.289727
0.289742
0.289756
0.28977
0.289785
0.289799
0.289813
0.289827
0.289841
0.289855
0.289869
0.289883
0.289897
0.289911
0.289924
0.289938
0.289952
0.289965
0.289978
0.289992
0.290005
0.290018
0.290031
0.290045
0.290058
0.29007
0.290083
0.290096
0.290109
0.290122
0.290134
0.290147
0.290159
0.290172
0.290184
0.290196
0.290208
0.29022
0.290233
0.290245
0.290256
0.290268
0.29028
0.290292
0.290304
0.290315
0.290327
0.290338
0.290349
0.290361
0.290372
0.290383
0.290394
0.290405
0.290416
0.290427
0.290438
0.290449
0.29046
0.29047
0.290481
0.290491
0.290502
0.290512
0.290522
0.290533
0.290543
0.290553
0.290563
0.290573
0.290583
0.290593
0.290602
0.290612
0.290622
0.290631
0.290641
0.29065
0.290659
0.290669
0.290678
0.290687
0.290696
0.290705
0.290714
0.290723
0.290731
0.29074
0.290749
0.290757
0.290766
0.290774
0.290783
0.290791
0.290799
0.290807
0.290815
0.290823
0.290831
0.290839
0.290847
0.290855
0.290862
0.29087
0.290877
0.290885
0.290892
0.2909
0.290907
0.290914
0.290921
0.290928
0.290935
0.290942
0.290949
0.290955
0.290962
0.290969
0.290975
0.290982
0.290988
0.290994
0.291001
0.291007
0.291013
0.291019
0.291025
0.291031
0.291037
0.291042
0.291048
0.291054
0.291059
0.291065
0.29107
0.291075
0.29108
0.291086
0.291091
0.291096
0.291101
0.291106
0.29111
0.291115
0.29112
0.291124
0.291129
0.291133
0.291138
0.291142
0.291146
0.29115
0.291154
0.291158
0.291162
0.291166
0.29117
0.291174
0.291177
0.291181
0.291185
0.291188
0.291191
0.291195
0.291198
0.291201
0.291204
0.291207
0.29121
0.291213
0.291216
0.291218
0.291221
0.291224
0.291226
0.291228
0.291231
0.291233
0.291235
0.291237
0.291239
0.291241
0.291243
0.291245
0.291247
0.291249
0.29125
0.291252
0.291253
0.291255
0.291256
0.291257
0.291258
0.29126
0.291261
0.291262
0.291262
0.291263
0.291264
0.291265
0.291265
0.291266
0.291266
0.291267
0.291267
0.291267
0.291267
0.291267
0.291267
0.291267
0.291267
0.291267
0.291267
0.291266
0.291266
0.291266
0.291265
0.291264
0.291264
0.291263
0.291262
0.291261
0.29126
0.291259
0.291258
0.291257
0.291255
0.291254
0.291252
0.291251
0.291249
0.291248
0.291246
0.291244
0.291242
0.29124
0.291238
0.291236
0.291234
0.291232
0.291229
0.291227
0.291224
0.291222
0.291219
0.291217
0.291214
0.291211
0.291208
0.291205
0.291202
0.291199
0.291196
0.291193
0.291189
0.291186
0.291182
0.291179
0.291175
0.291171
0.291168
0.291164
0.29116
0.291156
0.291152
0.291148
0.291143
0.291139
0.291135
0.29113
0.291126
0.291121
0.291117
0.291112
0.291107
0.291102
0.291097
0.291092
0.291087
0.291082
0.291077
0.291072
0.291066
0.291061
0.291055
0.29105
0.291044
0.291038
0.291032
0.291027
0.291021
0.291015
0.291009
0.291002
0.290996
0.29099
0.290984
0.290977
0.290971
0.290964
0.290957
0.290951
0.290944
0.290937
0.29093
0.290923
0.290916
0.290909
0.290902
0.290894
0.290887
0.290879
0.290872
0.290864
0.290857
0.290849
0.290841
0.290833
0.290825
0.290817
0.290809
0.290801
0.290793
0.290785
0.290776
0.290768
0.29076
0.290751
0.290742
0.290734
0.290725
0.290716
0.290707
0.290698
0.290689
0.29068
0.290671
0.290662
0.290652
0.290643
0.290634
0.290624
0.290614
0.290605
0.290595
0.290585
0.290575
0.290565
0.290555
0.290545
0.290535
0.290525
0.290515
0.290504
0.290494
0.290484
0.290473
0.290462
0.290452
0.290441
0.29043
0.290419
0.290408
0.290397
0.290386
0.290375
0.290364
0.290353
0.290341
0.29033
0.290319
0.290307
0.290295
0.290284
0.290272
0.29026
0.290248
0.290236
0.290224
0.290212
0.2902
0.290188
0.290176
0.290163
0.290151
0.290139
0.290126
0.290113
0.290101
0.290088
0.290075
0.290063
0.29005
0.290037
0.290024
0.290011
0.289997
0.289984
0.289971
0.289958
0.289944
0.289931
0.289917
0.289904
0.28989
0.289876
0.289862
0.289849
0.289835
0.289821
0.289807
0.289793
0.289778
0.289764
0.28975
0.289736
0.289721
0.289707
0.289692
0.289678
0.289663
0.289648
0.289634
0.289619
0.289604
0.289589
0.289574
0.289559
0.289544
0.289528
0.289513
0.289498
0.289483
0.289467
0.289452
0.289436
0.289421
0.289405
0.289389
0.289373
0.289358
0.289342
0.289326
0.28931
0.289294
0.289278
0.289261
0.289245
0.289229
0.289213
0.289196
0.28918
0.289163
0.289147
0.28913
0.289113
0.289097
0.28908
0.289063
0.289046
0.289029
0.289012
0.288995
0.288978
0.288961
0.288943
0.288926
0.288909
0.288891
0.288874
0.288856
0.288839
0.288821
0.288804
0.288786
0.288768
0.28875
0.288732
0.288714
0.288696
0.288678
0.28866
0.288642
0.288624
0.288606
0.288587
0.288569
0.288551
0.288532
0.288514
0.288495
0.288477
0.288458
0.288439
0.288421
0.288402
0.288383
0.288364
0.288345
0.288326
0.288307
0.288288
0.288269
0.28825
0.28823
0.288211
0.288192
0.288172
0.288153
0.288133
0.288114
0.288094
0.288075
0.288055
0.288035
0.288015
0.287996
0.287976
0.287956
0.287936
0.287916
0.287896
0.287876
0.287856
0.287835
0.287815
0.287795
0.287775
0.287754
0.287734
0.287713
0.287693
0.287672
0.287652
0.287631
0.28761
0.28759
0.287569
0.287548
0.287527
0.287507
0.287486
0.287465
0.287444
0.287423
0.287401
0.28738
0.287359
0.287338
0.287317
0.287295
0.287274
0.287253
0.287231
0.28721
0.287188
0.287167
0.287145
0.287123
0.287102
0.28708
0.287058
0.287037
0.287015
0.286993
0.286971
0.286949
0.286927
0.286905
0.286883
0.286861
0.286839
0.286817
0.286795
0.286772
0.28675
0.286728
0.286705
0.286683
0.286661
0.286638
0.286616
0.286593
0.286571
0.286548
0.286525
0.286503
0.28648
0.286457
0.286435
0.286412
0.286389
0.286366
0.286343
0.28632
0.286297
0.286274
0.286251
0.286228
0.286205
0.286182
0.286159
0.286136
0.286112
0.286089
0.286066
0.286043
0.286019
0.285996
0.285972
0.285949
0.285926
0.285902
0.285879
0.285855
0.285831
0.285808
0.285784
0.28576
0.285737
0.285713
0.285689
0.285666
0.285642
0.285618
0.285594
0.28557
0.285546
0.285522
0.285498
0.285474
0.28545
0.285426
0.285402
0.285378
0.285354
0.28533
0.285305
0.285281
0.285257
0.285233
0.285208
0.285184
0.28516
0.285135
0.285111
0.285087
0.285062
0.285038
0.285013
0.284989
0.284964
0.28494
0.284915
0.28489
0.284866
0.284841
0.284817
0.284792
0.284767
0.284742
0.284718
0.284693
0.284668
0.284643
0.284618
0.284594
0.284569
0.284544
0.284519
0.284494
0.284469
0.284444
0.284419
0.284394
0.284369
0.284344
0.284319
0.284294
0.284269
0.284244
0.284218
0.284193
0.284168
0.284143
0.284118
0.284092
0.284067
0.284042
0.284017
0.283991
0.283966
0.283941
0.283915
0.28389
0.283865
0.283839
0.283814
0.283788
0.283763
0.283737
0.283712
0.283686
0.283661
0.283635
0.28361
0.283584
0.283559
0.283533
0.283508
0.283482
0.283456
0.283431
0.283405
0.28338
0.283354
0.283328
0.283302
0.283277
0.283251
0.283225
0.2832
0.283174
0.283148
0.283122
0.283097
0.283071
0.283045
0.283019
0.282993
0.282968
0.282942
0.282916
0.28289
0.282864
0.282838
0.282812
0.282786
0.282761
0.282735
0.282709
0.282683
0.282657
0.282631
0.282605
0.282579
0.282553
0.282527
0.282501
0.282475
0.282449
0.282423
0.282397
0.282371
0.282345
0.282319
0.282293
0.282267
0.282241
0.282215
0.282189
0.282163
0.282137
0.28211
0.282084
0.282058
0.282032
0.282006
0.28198
0.281954
0.281928
0.281902
0.281876
0.281849
0.281823
0.281797
0.281771
0.281745
0.281719
0.281693
0.281666
0.28164
0.281614
0.281588
0.281562
0.281536
0.28151
0.281483
0.281457
0.281431
0.281405
0.281379
0.281353
0.281326
0.2813
0.281274
0.281248
0.281222
0.281196
0.281169
0.281143
0.281117
0.281091
0.281065
0.281039
0.281012
0.280986
0.28096
0.280934
0.280908
0.280882
0.280855
0.280829
0.280803
0.280777
0.280751
0.280725
0.280698
0.280672
0.280646
0.28062
0.280594
0.280568
0.280542
0.280515
0.280489
0.280463
0.280437
0.280411
0.280385
0.280359
0.280333
0.280306
0.28028
0.280254
0.280228
0.280202
0.280176
0.28015
0.280124
0.280098
0.280072
0.280046
0.28002
0.279994
0.279968
0.279941
0.279915
0.279889
0.279863
0.279837
0.279811
0.279785
0.279759
0.279733
0.279707
0.279681
0.279655
0.27963
0.279604
0.279578
0.279552
0.279526
0.2795
0.279474
0.279448
0.279422
0.279396
0.27937
0.279344
0.279319
0.279293
0.279267
0.279241
0.279215
0.279189
0.279164
0.279138
0.279112
0.279086
0.27906
0.279035
0.279009
0.278983
0.278957
0.278932
0.278906
0.27888
0.278854
0.278829
0.278803
0.278777
0.278752
0.278726
0.2787
0.278675
0.278649
0.278624
0.278598
0.278572
0.278547
0.278521
0.278496
0.27847
0.278445
0.278419
0.278394
0.278368
0.278343
0.278317
0.278292
0.278266
0.278241
0.278215
0.27819
0.278165
0.278139
0.278114
0.278089
0.278063
0.278038
0.278013
0.277987
0.277962
0.277937
0.277911
0.277886
0.277861
0.277836
0.27781
0.277785
0.27776
0.277735
0.27771
0.277685
0.277659
0.277634
0.277609
0.277584
0.277559
0.277534
0.277509
0.277484
0.277459
0.277434
0.277409
0.277384
0.277359
0.277334
0.277309
0.277284
0.277259
0.277235
0.27721
0.277185
0.27716
0.277135
0.27711
0.277086
0.277061
0.277036
0.277011
0.276987
0.276962
0.276937
0.276913
0.276888
0.276863
0.276839
0.276814
0.27679
0.276765
0.27674
0.276716
0.276691
0.276667
0.276642
0.276618
0.276593
0.276569
0.276545
0.27652
0.276496
0.276471
0.276447
0.276423
0.276399
0.276374
0.27635
0.276326
0.276301
0.276277
0.276253
0.276229
0.276205
0.276181
0.276156
0.276132
0.276108
0.276084
0.27606
0.276036
0.276012
0.275988
0.275964
0.27594
0.275916
0.275892
0.275868
0.275844
0.275821
0.275797
0.275773
0.275749
0.275725
0.275702
0.275678
0.275654
0.27563
0.275607
0.275583
0.275559
0.275536
0.275512
0.275489
0.275465
0.275441
0.275418
0.275394
0.275371
0.275347
0.275324
0.275301
0.275277
0.275254
0.27523
0.275207
0.275184
0.27516
0.275137
0.275114
0.275091
0.275067
0.275044
0.275021
0.274998
0.274975
0.274952
0.274928
0.274905
0.274882
0.274859
0.274836
0.274813
0.27479
0.274767
0.274744
0.274722
0.274699
0.274676
0.274653
0.27463
0.274607
0.274585
0.274562
0.274539
0.274516
0.274494
0.274471
0.274448
0.274426
0.274403
0.27438
0.274358
0.274335
0.274313
0.27429
0.274268
0.274245
0.274223
0.274201
0.274178
0.274156
0.274133
0.274111
0.274089
0.274067
0.274044
0.274022
0.274
0.273978
0.273955
0.273933
0.273911
0.273889
0.273867
0.273845
0.273823
0.273801
0.273779
0.273757
0.273735
0.273713
0.273691
0.273669
0.273647
0.273626
0.273604
0.273582
0.27356
0.273539
0.273517
0.273495
0.273473
0.273452
0.27343
0.273409
0.273387
0.273365
0.273344
0.273322
0.273301
0.27328
0.273258
0.273237
0.273215
0.273194
0.273173
0.273151
0.27313
0.273109
0.273087
0.273066
0.273045
0.273024
0.273003
0.272981
0.27296
0.272939
0.272918
0.272897
0.272876
0.272855
0.272834
0.272813
0.272792
0.272771
0.272751
0.27273
0.272709
0.272688
0.272667
0.272647
0.272626
0.272605
0.272584
0.272564
0.272543
0.272522
0.272502
0.272481
0.272461
0.27244
0.27242
0.272399
0.272379
0.272358
0.272338
0.272318
0.272297
0.272277
0.272257
0.272236
0.272216
0.272196
0.272176
0.272155
0.272135
0.272115
0.272095
0.272075
0.272055
0.272035
0.272015
0.271995
0.271975
0.271955
0.271935
0.271915
0.271895
0.271875
0.271856
0.271836
0.271816
0.271796
0.271776
0.271757
0.271737
0.271717
0.271698
0.271678
0.271659
0.271639
0.271619
0.2716
0.27158
0.271561
0.271542
0.271522
0.271503
0.271483
0.271464
0.271445
0.271425
0.271406
0.271387
0.271368
0.271349
0.271329
0.27131
0.271291
0.271272
0.271253
0.271234
0.271215
0.271196
0.271177
0.271158
0.271139
0.27112
0.271101
0.271082
0.271063
0.271045
0.271026
0.271007
0.270988
0.27097
0.270951
0.270932
0.270914
0.270895
0.270876
0.270858
0.270839
0.270821
0.270802
0.270784
0.270765
0.270747
0.270728
0.27071
0.270692
0.270673
0.270655
0.270637
0.270619
0.2706
0.270582
0.270564
0.270546
0.270528
0.27051
0.270491
0.270473
0.270455
0.270437
0.270419
0.270401
0.270383
0.270365
0.270348
0.27033
0.270312
0.270294
0.270276
0.270258
0.270241
0.270223
0.270205
0.270188
0.27017
0.270152
0.270135
0.270117
0.2701
0.270082
0.270065
0.270047
0.27003
0.270012
0.269995
0.269977
0.26996
0.269943
0.269925
0.269908
0.269891
0.269873
0.269856
0.269839
0.269822
0.269805
0.269788
0.26977
0.269753
0.269736
0.269719
0.269702
0.269685
0.269668
0.269651
0.269634
0.269618
0.269601
0.269584
0.269567
0.26955
0.269533
0.269517
0.2695
0.269483
0.269467
0.26945
0.269433
0.269417
0.2694
0.269384
0.269367
0.26935
0.269334
0.269317
0.269301
0.269285
0.269268
0.269252
0.269236
0.269219
0.269203
0.269187
0.26917
0.269154
0.269138
0.269122
0.269106
0.269089
0.269073
0.269057
0.269041
0.269025
0.269009
0.268993
0.268977
0.268961
0.268945
0.268929
0.268913
0.268897
0.268882
0.268866
0.26885
0.268834
0.268819
0.268803
0.268787
0.268771
0.268756
0.26874
0.268725
0.268709
0.268693
0.268678
0.268662
0.268647
0.268631
0.268616
0.2686
0.268585
0.26857
0.268554
0.268539
0.268524
0.268508
0.268493
0.268478
0.268463
0.268447
0.268432
0.268417
0.268402
0.268387
0.268372
0.268357
0.268342
0.268327
0.268312
0.268297
0.268282
0.268267
0.268252
0.268237
0.268222
0.268207
0.268192
0.268178
0.268163
0.268148
0.268133
0.268119
0.268104
0.268089
0.268075
0.26806
0.268045
0.268031
0.268016
0.268002
0.267987
0.267973
0.267958
0.267944
0.26793
0.267915
0.267901
0.267886
0.267872
0.267858
0.267843
0.267829
0.267815
0.267801
0.267787
0.267772
0.267758
0.267744
0.26773
0.267716
0.267702
0.267688
0.267674
0.26766
0.267646
0.267632
0.267618
0.267604
0.26759
0.267576
0.267562
0.267548
0.267535
0.267521
0.267507
0.267493
0.26748
0.267466
0.267452
0.267439
0.267425
0.267411
0.267398
0.267384
0.267371
0.267357
0.267344
0.26733
0.267317
0.267303
0.26729
0.267276
0.267263
0.26725
0.267236
0.267223
0.26721
0.267196
0.267183
0.26717
0.267157
0.267143
0.26713
0.267117
0.267104
0.267091
0.267078
0.267065
0.267052
0.267039
0.267026
0.267013
0.267
0.266987
0.266974
0.266961
0.266948
0.266935
0.266922
0.266909
0.266897
0.266884
0.266871
0.266858
0.266846
0.266833
0.26682
0.266808
0.266795
0.266782
0.26677
0.266757
0.266745
0.266732
0.266719
0.266707
0.266695
0.266682
0.26667
0.266657
0.266645
0.266632
0.26662
0.266608
0.266595
0.266583
0.266571
0.266559
0.266546
0.266534
0.266522
0.26651
0.266498
0.266485
0.266473
0.266461
0.266449
0.266437
0.266425
0.266413
0.266401
0.266389
0.266377
0.266365
0.266353
0.266341
0.266329
0.266317
0.266306
0.266294
0.266282
0.26627
0.266258
0.266247
0.266235
0.266223
0.266212
0.2662
0.266188
0.266177
0.266165
0.266153
0.266142
0.26613
0.266119
0.266107
0.266096
0.266084
0.266073
0.266061
0.26605
0.266038
0.266027
0.266016
0.266004
0.265993
0.265982
0.26597
0.265959
0.265948
0.265937
0.265925
0.265914
0.265903
0.265892
0.265881
0.26587
0.265858
0.265847
0.265836
0.265825
0.265814
0.265803
0.265792
0.265781
0.26577
0.265759
0.265748
0.265737
0.265727
0.265716
0.265705
0.265694
0.265683
0.265672
0.265662
0.265651
0.26564
0.265629
0.265619
0.265608
0.265597
0.265587
0.265576
0.265565
0.265555
0.265544
0.265534
0.265523
0.265513
0.265502
0.265492
0.265481
0.265471
0.26546
0.26545
0.265439
0.265429
0.265419
0.265408
0.265398
0.265388
0.265377
0.265367
0.265357
0.265346
0.265336
0.265326
0.265316
0.265306
0.265295
0.265285
0.265275
0.265265
0.265255
0.265245
0.265235
0.265225
0.265215
0.265205
0.265195
0.265185
0.265175
0.265165
0.265155
0.265145
0.265135
0.265125
0.265115
0.265106
0.265096
0.265086
0.265076
0.265066
0.265057
0.265047
0.265037
0.265027
0.265018
0.265008
0.264998
0.264989
0.264979
0.26497
0.26496
0.26495
0.264941
0.264931
0.264922
0.264912
0.264903
0.264893
0.264884
0.264874
0.264865
0.264856
0.264846
0.264837
0.264827
0.264818
0.264809
0.264799
0.26479
0.264781
0.264772
0.264762
0.264753
0.264744
0.264735
0.264725
0.264716
0.264707
0.264698
0.264689
0.26468
0.264671
0.264662
0.264653
0.264644
0.264635
0.264625
0.264616
0.264608
0.264599
0.26459
0.264581
0.264572
0.264563
0.264554
0.264545
0.264536
0.264527
0.264519
0.26451
0.264501
0.264492
0.264483
0.264475
0.264466
0.264457
0.264448
0.26444
0.264431
0.264422
0.264414
0.264405
0.264397
0.264388
0.264379
0.264371
0.264362
0.264354
0.264345
0.264337
0.264328
0.26432
0.264311
0.264303
0.264294
0.264286
0.264278
0.264269
0.264261
0.264252
0.264244
0.264236
0.264227
0.264219
0.264211
0.264203
0.264194
0.264186
0.264178
0.26417
0.264161
0.264153
0.264145
0.264137
0.264129
0.264121
0.264113
0.264104
0.264096
0.264088
0.26408
0.264072
0.264064
0.264056
0.264048
0.26404
0.264032
0.264024
0.264016
0.264008
0.264
0.263993
0.263985
0.263977
0.263969
0.263961
0.263953
0.263945
0.263938
0.26393
0.263922
0.263914
0.263906
0.263899
0.263891
0.263883
0.263876
0.263868
0.26386
0.263853
0.263845
0.263837
0.26383
0.263822
0.263815
0.263807
0.263799
0.263792
0.263784
0.263777
0.263769
0.263762
0.263754
0.263747
0.263739
0.263732
0.263725
0.263717
0.26371
0.263702
0.263695
0.263688
0.26368
0.263673
0.263666
0.263658
0.263651
0.263644
0.263636
0.263629
0.263622
0.263615
0.263608
0.2636
0.263593
0.263586
0.263579
0.263572
0.263565
0.263557
0.26355
0.263543
0.263536
0.263529
0.263522
0.263515
0.263508
0.263501
0.263494
0.263487
0.26348
0.263473
0.263466
0.263459
0.263452
0.263445
0.263438
0.263431
0.263424
0.263418
0.263411
0.263404
0.263397
0.26339
0.263383
0.263377
0.26337
0.263363
0.263356
0.263349
0.263343
0.263336
0.263329
0.263323
0.263316
0.263309
0.263303
0.263296
0.263289
0.263283
0.263276
0.263269
0.263263
0.263256
0.26325
0.263243
0.263236
0.26323
0.263223
0.263217
0.26321
0.263204
0.263197
0.263191
0.263185
0.263178
0.263172
0.263165
0.263159
0.263152
0.263146
0.26314
0.263133
0.263127
0.263121
0.263114
0.263108
0.263102
0.263095
0.263089
0.263083
0.263077
0.26307
0.263064
0.263058
0.263052
0.263045
0.263039
0.263033
0.263027
0.263021
0.263015
0.263008
0.263002
0.262996
0.26299
0.262984
0.262978
0.262972
0.262966
0.26296
0.262954
0.262948
0.262942
0.262936
0.26293
0.262924
0.262918
0.262912
0.262906
0.2629
0.262894
0.262888
0.262882
0.262876
0.26287
0.262865
0.262859
0.262853
0.262847
0.262841
0.262835
0.26283
0.262824
0.262818
0.262812
0.262806
0.262801
0.262795
0.262789
0.262783
0.262778
0.262772
0.262766
0.262761
0.262755
0.262749
0.262744
0.262738
0.262732
0.262727
0.262721
0.262716
0.26271
0.262704
0.262699
0.262693
0.262688
0.262682
0.262677
0.262671
0.262666
0.26266
0.262655
0.262649
0.262644
0.262638
0.262633
0.262627
0.262622
0.262617
0.262611
0.262606
0.2626
0.262595
0.26259
0.262584
0.262579
0.262574
0.262568
0.262563
0.262558
0.262552
0.262547
0.262542
0.262536
0.262531
0.262526
0.262521
0.262515
0.26251
0.262505
0.2625
0.262495
0.262489
0.262484
0.262479
0.262474
0.262469
0.262464
0.262459
0.262453
0.262448
0.262443
0.262438
0.262433
0.262428
0.262423
0.262418
0.262413
0.262408
0.262403
0.262398
0.262393
0.262388
0.262383
0.262378
0.262373
0.262368
0.262363
0.262358
0.262353
0.262348
0.262343
0.262338
0.262333
0.262329
0.262324
0.262319
0.262314
0.262309
0.262304
0.262299
0.262295
0.26229
0.262285
0.26228
0.262275
0.262271
0.262266
0.262261
0.262256
0.262252
0.262247
0.262242
0.262237
0.262233
0.262228
0.262223
0.262219
0.262214
0.262209
0.262205
0.2622
0.262195
0.262191
0.262186
0.262181
0.262177
0.262172
0.262168
0.262163
0.262158
0.262154
0.262149
0.262145
0.26214
0.262136
0.262131
0.262127
0.262122
0.262118
0.262113
0.262109
0.262104
0.2621
0.262095
0.262091
0.262086
0.262082
0.262078
0.262073
0.262069
0.262064
0.26206
0.262056
0.262051
0.262047
0.262043
0.262038
0.262034
0.26203
0.262025
0.262021
0.262017
0.262012
0.262008
0.262004
0.261999
0.261995
0.261991
0.261987
0.261982
0.261978
0.261974
0.26197
0.261966
0.261961
0.261957
0.261953
0.261949
0.261945
0.26194
0.261936
0.261932
0.261928
0.261924
0.26192
0.261916
0.261911
0.261907
0.261903
0.261899
0.261895
0.261891
0.261887
0.261883
0.261879
0.261875
0.261871
0.261867
0.261863
0.261859
0.261855
0.261851
0.261847
0.261843
0.261839
0.261835
0.261831
0.261827
0.261823
0.261819
0.261815
0.261811
0.261807
0.261803
0.261799
0.261796
0.261792
0.261788
0.261784
0.26178
0.261776
0.261772
0.261768
0.261765
0.261761
0.261757
0.261753
0.261749
0.261746
0.261742
0.261738
0.261734
0.26173
0.261727
0.261723
0.261719
0.261715
0.261712
0.261708
0.261704
0.2617
0.261697
0.261693
0.261689
0.261686
0.261682
0.261678
0.261675
0.261671
0.261667
0.261664
0.26166
0.261656
0.261653
0.261649
0.261646
0.261642
0.261638
0.261635
0.261631
0.261628
0.261624
0.26162
0.261617
0.261613
0.26161
0.261606
0.261603
0.261599
0.261596
0.261592
0.261589
0.261585
0.261582
0.261578
0.261575
0.261571
0.261568
0.261564
0.261561
0.261557
0.261554
0.26155
0.261547
0.261544
0.26154
0.261537
0.261533
0.26153
0.261527
0.261523
0.26152
0.261516
0.261513
0.26151
0.261506
0.261503
0.2615
0.261496
0.261493
0.26149
0.261486
0.261483
0.26148
0.261476
0.261473
0.26147
0.261467
0.261463
0.26146
0.261457
0.261454
0.26145
0.261447
0.261444
0.261441
0.261437
0.261434
0.261431
0.261428
0.261425
0.261421
0.261418
0.261415
0.261412
0.261409
0.261405
0.261402
0.261399
0.261396
0.261393
0.26139
0.261387
0.261383
0.26138
0.261377
0.261374
0.261371
0.261368
0.261365
0.261362
0.261359
0.261356
0.261353
0.26135
0.261346
0.261343
0.26134
0.261337
0.261334
0.261331
0.261328
0.261325
0.261322
0.261319
0.261316
0.261313
0.26131
0.261307
0.261304
0.261301
0.261298
0.261295
0.261292
0.26129
0.261287
0.261284
0.261281
0.261278
0.261275
0.261272
0.261269
0.261266
0.261263
0.26126
0.261257
0.261255
0.261252
0.261249
0.261246
0.261243
0.26124
0.261237
0.261235
0.261232
0.261229
0.261226
0.261223
0.26122
0.261218
0.261215
0.261212
0.261209
0.261206
0.261204
0.261201
0.261198
0.261195
0.261193
0.26119
0.261187
0.261184
0.261182
0.261179
0.261176
0.261173
0.261171
0.261168
0.261165
0.261163
0.26116
0.261157
0.261154
0.261152
0.261149
0.261146
0.261144
0.261141
0.261138
0.261136
0.261133
0.26113
0.261128
0.261125
0.261123
0.26112
0.261117
0.261115
0.261112
0.261109
0.261107
0.261104
0.261102
0.261099
0.261096
0.261094
0.261091
0.261089
0.261086
0.261084
0.261081
0.261079
0.261076
0.261073
0.261071
0.261068
0.261066
0.261063
0.261061
0.261058
0.261056
0.261053
0.261051
0.261048
0.261046
0.261043
0.261041
0.261038
0.261036
0.261033
0.261031
0.261029
0.261026
0.261024
0.261021
0.261019
0.261016
0.261014
0.261011
0.261009
0.261007
0.261004
0.261002
0.260999
0.260997
0.260995
0.260992
0.26099
0.260987
0.260985
0.260983
0.26098
0.260978
0.260976
0.260973
0.260971
0.260969
0.260966
0.260964
0.260962
0.260959
0.260957
0.260955
0.260952
0.26095
0.260948
0.260945
0.260943
0.260941
0.260939
0.260936
0.260934
0.260932
0.260929
0.260927
0.260925
0.260923
0.26092
0.260918
0.260916
0.260914
0.260911
0.260909
0.260907
0.260905
0.260903
0.2609
0.260898
0.260896
0.260894
0.260892
0.260889
0.260887
0.260885
0.260883
0.260881
0.260878
0.260876
0.260874
0.260872
0.26087
0.260868
0.260866
0.260863
0.260861
0.260859
0.260857
0.260855
0.260853
0.260851
0.260848
0.260846
0.260844
0.260842
0.26084
0.260838
0.260836
0.260834
0.260832
0.26083
0.260828
0.260825
0.260823
0.260821
0.260819
0.260817
0.260815
0.260813
0.260811
0.260809
0.260807
0.260805
0.260803
0.260801
0.260799
0.260797
0.260795
0.260793
0.260791
0.260789
0.260787
0.260785
0.260783
0.260781
0.260779
0.260777
0.260775
0.260773
0.260771
0.260769
0.260767
0.260765
0.260763
0.260761
0.260759
0.260757
0.260755
0.260753
0.260751
0.26075
0.260748
0.260746
0.260744
0.260742
0.26074
0.260738
0.260736
0.260734
0.260732
0.26073
0.260729
0.260727
0.260725
0.260723
0.260721
0.260719
0.260717
0.260715
0.260714
0.260712
0.26071
0.260708
0.260706
0.260704
0.260702
0.260701
0.260699
0.260697
0.260695
0.260693
0.260691
0.26069
0.260688
0.260686
0.260684
0.260682
0.260681
0.260679
0.260677
0.260675
0.260673
0.260672
0.26067
0.260668
0.260666
0.260665
0.260663
0.260661
0.260659
0.260658
0.260656
0.260654
0.260652
0.260651
0.260649
0.260647
0.260645
0.260644
0.260642
0.26064
0.260638
0.260637
0.260635
0.260633
0.260632
0.26063
0.260628
0.260626
0.260625
0.260623
0.260621
0.26062
0.260618
0.260616
0.260615
0.260613
0.260611
0.26061
0.260608
0.260606
0.260605
0.260603
0.260601
0.2606
0.260598
0.260596
0.260595
0.260593
0.260591
0.26059
0.260588
0.260587
0.260585
0.260583
0.260582
0.26058
0.260579
0.260577
0.260575
0.260574
0.260572
0.260571
0.260569
0.260567
0.260566
0.260564
0.260563
0.260561
0.260559
0.260558
0.260556
0.260555
0.260553
0.260552
0.26055
0.260549
0.260547
0.260545
0.260544
0.260542
0.260541
0.260539
0.260538
0.260536
0.260535
0.260533
0.260532
0.26053
0.260529
0.260527
0.260526
0.260524
0.260523
0.260521
0.26052
0.260518
0.260517
0.260515
0.260514
0.260512
0.260511
0.260509
0.260508
0.260506
0.260505
0.260503
0.260502
0.2605
0.260499
0.260497
0.260496
0.260495
0.260493
0.260492
0.26049
0.260489
0.260487
0.260486
0.260484
0.260483
0.260482
0.26048
0.260479
0.260477
0.260476
0.260474
0.260473
0.260472
0.26047
0.260469
0.260467
0.260466
0.260465
0.260463
0.260462
0.26046
0.260459
0.260458
0.260456
0.260455
0.260454
0.260452
0.260451
0.260449
0.260448
0.260447
0.260445
0.260444
0.260443
0.260441
0.26044
0.260439
0.260437
0.260436
0.260435
0.260433
0.260432
0.260431
0.260429
0.260428
0.260427
0.260425
0.260424
0.260423
0.260421
0.26042
0.260419
0.260417
0.260416
0.260415
0.260413
0.260412
0.260411
0.26041
0.260408
0.260407
0.260406
0.260404
0.260403
0.260402
0.260401
0.260399
0.260398
0.260397
0.260396
0.260394
0.260393
0.260392
0.26039
0.260389
0.260388
0.260387
0.260385
0.260384
0.260383
0.260382
0.26038
0.260379
0.260378
0.260377
0.260376
0.260374
0.260373
0.260372
0.260371
0.260369
0.260368
0.260367
0.260366
0.260365
0.260363
0.260362
0.260361
0.26036
0.260359
0.260357
0.260356
0.260355
0.260354
0.260353
0.260351
0.26035
0.260349
0.260348
0.260347
0.260346
0.260344
0.260343
0.260342
0.260341
0.26034
0.260339
0.260337
0.260336
0.260335
0.260334
0.260333
0.260332
0.26033
0.260329
0.260328
0.260327
0.260326
0.260325
0.260324
0.260322
0.260321
0.26032
0.260319
0.260318
0.260317
0.260316
0.260315
0.260313
0.260312
0.260311
0.26031
0.260309
0.260308
0.260307
0.260306
0.260305
0.260304
0.260302
0.260301
0.2603
0.260299
0.260298
0.260297
0.260296
0.260295
0.260294
0.260293
0.260292
0.260291
0.260289
0.260288
0.260287
0.260286
0.260285
0.260284
0.260283
0.260282
0.260281
0.26028
0.260279
0.260278
0.260277
0.260276
0.260275
0.260274
0.260273
0.260272
0.260271
0.260269
0.260268
0.260267
0.260266
0.260265
0.260264
0.260263
0.260262
0.260261
0.26026
0.260259
0.260258
0.260257
0.260256
0.260255
0.260254
0.260253
0.260252
0.260251
0.26025
0.260249
0.260248
0.260247
0.260246
0.260245
0.260244
0.260243
0.260242
0.260241
0.26024
0.260239
0.260238
0.260237
0.260236
0.260235
0.260234
0.260233
0.260233
0.260232
0.260231
0.26023
0.260229
0.260228
0.260227
0.260226
0.260225
0.260224
0.260223
0.260222
0.260221
0.26022
0.260219
0.260218
0.260217
0.260216
0.260215
0.260214
0.260214
0.260213
0.260212
0.260211
0.26021
0.260209
0.260208
0.260207
0.260206
0.260205
0.260204
0.260203
0.260203
0.260202
0.260201
0.2602
0.260199
0.260198
0.260197
0.260196
0.260195
0.260194
0.260193
0.260193
0.260192
0.260191
0.26019
0.260189
0.260188
0.260187
0.260186
0.260186
0.260185
0.260184
0.260183
0.260182
0.260181
0.26018
0.260179
0.260179
0.260178
0.260177
0.260176
0.260175
0.260174
0.260173
0.260172
0.260172
0.260171
0.26017
0.260169
0.260168
0.260167
0.260167
0.260166
0.260165
0.260164
0.260163
0.260162
0.260161
0.260161
0.26016
0.260159
0.260158
0.260157
0.260157
0.260156
0.260155
0.260154
0.260153
0.260152
0.260152
0.260151
0.26015
0.260149
0.260148
0.260148
0.260147
0.260146
0.260145
0.260144
0.260143
0.260143
0.260142
0.260141
0.26014
0.260139
0.260139
0.260138
0.260137
0.260136
0.260136
0.260135
0.260134
0.260133
0.260132
0.260132
0.260131
0.26013
0.260129
0.260128
0.260128
0.260127
0.260126
0.260125
0.260125
0.260124
0.260123
0.260122
0.260122
0.260121
0.26012
0.260119
0.260118
0.260118
0.260117
0.260116
0.260115
0.260115
0.260114
0.260113
0.260112
0.260112
0.260111
0.26011
0.260109
0.260109
0.260108
0.260107
0.260107
0.260106
0.260105
0.260104
0.260104
0.260103
0.260102
0.260101
0.260101
0.2601
0.260099
0.260099
0.260098
0.260097
0.260096
0.260096
0.260095
0.260094
0.260093
0.260093
0.260092
0.260091
0.260091
0.26009
0.260089
0.260089
0.260088
0.260087
0.260086
0.260086
0.260085
0.260084
0.260084
0.260083
0.260082
0.260082
0.260081
0.26008
0.260079
0.260079
0.260078
0.260077
0.260077
0.260076
0.260075
0.260075
0.260074
0.260073
0.260073
0.260072
0.260071
0.260071
0.26007
0.260069
0.260069
0.260068
0.260067
0.260067
0.260066
0.260065
0.260065
0.260064
0.260063
0.260063
0.260062
0.260061
0.260061
0.26006
0.260059
0.260059
0.260058
0.260057
0.260057
0.260056
0.260055
0.260055
0.260054
0.260054
0.260053
0.260052
0.260052
0.260051
0.26005
0.26005
0.260049
0.260048
0.260048
0.260047
0.260047
0.260046
0.260045
0.260045
0.260044
0.260043
0.260043
0.260042
0.260042
0.260041
0.26004
0.26004
0.260039
0.260038
0.260038
0.260037
0.260037
0.260036
0.260035
0.260035
0.260034
0.260034
0.260033
0.260032
0.260032
0.260031
0.260031
0.26003
0.260029
0.260029
0.260028
0.260028
0.260027
0.260026
0.260026
0.260025
0.260025
0.260024
0.260023
0.260023
0.260022
0.260022
0.260021
0.26002
0.26002
0.260019
0.260019
0.260018
0.260018
0.260017
0.260016
0.260016
0.260015
0.260015
0.260014
0.260014
0.260013
0.260012
0.260012
0.260011
0.260011
0.26001
0.26001
0.260009
0.260008
0.260008
0.260007
0.260007
0.260006
0.260006
0.260005
0.260005
0.260004
0.260003
0.260003
0.260002
0.260002
0.260001
0.260001
0.26
0.26
0.259999
0.259998
0.259998
0.259997
0.259997
0.259996
0.259996
0.259995
0.259995
0.259994
0.259994
0.259993
0.259993
0.259992
0.259991
0.259991
0.25999
0.25999
0.259989
0.259989
0.259988
0.259988
0.259987
0.259987
0.259986
0.259986
0.259985
0.259985
0.259984
0.259984
0.259983
0.259983
0.259982
0.259982
0.259981
0.259981
0.25998
0.259979
0.259979
0.259978
0.259978
0.259977
0.259977
0.259976
0.259976
0.259975
0.259975
0.259974
0.259974
0.259973
0.259973
0.259972
0.259972
0.259971
0.259971
0.25997
0.25997
0.259969
0.259969
0.259968
0.259968
0.259967
0.259967
0.259966
0.259966
0.259966
0.259965
0.259965
0.259964
0.259964
0.259963
0.259963
0.259962
0.259962
0.259961
0.259961
0.25996
0.25996
0.259959
0.259959
0.259958
0.259958
0.259957
0.259957
0.259956
0.259956
0.259955
0.259955
0.259955
0.259954
0.259954
0.259953
0.259953
0.259952
0.259952
0.259951
0.259951
0.25995
0.25995
0.259949
0.259949
0.259948
0.259948
0.259948
0.259947
0.259947
0.259946
0.259946
0.259945
0.259945
0.259944
0.259944
0.259944
0.259943
0.259943
0.259942
0.259942
0.259941
0.259941
0.25994
0.25994
0.259939
0.259939
0.259939
0.259938
0.259938
0.259937
0.259937
0.259936
0.259936
0.259936
0.259935
0.259935
0.259934
0.259934
0.259933
0.259933
0.259933
0.259932
0.259932
0.259931
0.259931
0.25993
0.25993
0.25993
0.259929
0.259929
0.259928
0.259928
0.259927
0.259927
0.259927
0.259926
0.259926
0.259925
0.259925
0.259924
0.259924
0.259924
0.259923
0.259923
0.259922
0.259922
0.259922
0.259921
0.259921
0.25992
0.25992
0.259919
0.259919
0.259919
0.259918
0.259918
0.259917
0.259917
0.259917
0.259916
0.259916
0.259915
0.259915
0.259915
0.259914
0.259914
0.259913
0.259913
0.259913
0.259912
0.259912
0.259911
0.259911
0.259911
0.25991
0.25991
0.259909
0.259909
0.259909
0.259908
0.259908
0.259908
0.259907
0.259907
0.259906
0.259906
0.259906
0.259905
0.259905
0.259904
0.259904
0.259904
0.259903
0.259903
0.259903
0.259902
0.259902
0.259901
0.259901
0.259901
0.2599
0.2599
0.2599
0.259899
0.259899
0.259898
0.259898
0.259898
0.259897
0.259897
0.259897
0.259896
0.259896
0.259895
0.259895
0.259895
0.259894
0.259894
0.259894
0.259893
0.259893
0.259893
0.259892
0.259892
0.259891
0.259891
0.259891
0.25989
0.25989
0.25989
0.259889
0.259889
0.259889
0.259888
0.259888
0.259887
0.259887
0.259887
0.259886
0.259886
0.259886
0.259885
0.259885
0.259885
0.259884
0.259884
0.259884
0.259883
0.259883
0.259883
0.259882
0.259882
0.259882
0.259881
0.259881
0.25988
0.25988
0.25988
0.259879
0.259879
0.259879
0.259878
0.259878
0.259878
0.259877
0.259877
0.259877
0.259876
0.259876
0.259876
0.259875
0.259875
0.259875
0.259874
0.259874
0.259874
0.259873
0.259873
0.259873
0.259872
0.259872
0.259872
0.259871
0.259871
0.259871
0.25987
0.25987
0.25987
0.259869
0.259869
0.259869
0.259868
0.259868
0.259868
0.259868
0.259867
0.259867
0.259867
0.259866
0.259866
0.259866
0.259865
0.259865
0.259865
0.259864
0.259864
0.259864
0.259863
0.259863
0.259863
0.259862
0.259862
0.259862
0.259861
0.259861
0.259861
0.259861
0.25986
0.25986
0.25986
0.259859
0.259859
0.259859
0.259858
0.259858
0.259858
0.259857
0.259857
0.259857
0.259857
0.259856
0.259856
0.259856
0.259855
0.259855
0.259855
0.259854
0.259854
0.259854
0.259854
0.259853
0.259853
0.259853
0.259852
0.259852
0.259852
0.259851
0.259851
0.259851
0.259851
0.25985
0.25985
0.25985
0.259849
0.259849
0.259849
0.259849
0.259848
0.259848
0.259848
0.259847
0.259847
0.259847
0.259846
0.259846
0.259846
0.259846
0.259845
0.259845
0.259845
0.259844
0.259844
0.259844
0.259844
0.259843
0.259843
0.259843
0.259843
0.259842
0.259842
0.259842
0.259841
0.259841
0.259841
0.259841
0.25984
0.25984
0.25984
0.259839
0.259839
0.259839
0.259839
0.259838
0.259838
0.259838
0.259838
0.259837
0.259837
0.259837
0.259836
0.259836
0.259836
0.259836
0.259835
0.259835
0.259835
0.259835
0.259834
0.259834
0.259834
0.259833
0.259833
0.259833
0.259833
0.259832
0.259832
0.259832
0.259832
0.259831
0.259831
0.259831
0.259831
0.25983
0.25983
0.25983
0.259829
0.259829
0.259829
0.259829
0.259828
0.259828
0.259828
0.259828
0.259827
0.259827
0.259827
0.259827
0.259826
0.259826
0.259826
0.259826
0.259825
0.259825
0.259825
0.259825
0.259824
0.259824
0.259824
0.259824
0.259823
0.259823
0.259823
0.259823
0.259822
0.259822
0.259822
0.259822
0.259821
0.259821
0.259821
0.259821
0.25982
0.25982
0.25982
0.25982
0.259819
0.259819
0.259819
0.259819
0.259818
0.259818
0.259818
0.259818
0.259817
0.259817
0.259817
0.259817
0.259816
0.259816
0.259816
0.259816
0.259815
0.259815
0.259815
0.259815
0.259815
0.259814
0.259814
0.259814
0.259814
0.259813
0.259813
0.259813
0.259813
0.259812
0.259812
0.259812
0.259812
0.259811
0.259811
0.259811
0.259811
0.259811
0.25981
0.25981
0.25981
0.25981
0.259809
0.259809
0.259809
0.259809
0.259808
0.259808
0.259808
0.259808
0.259808
0.259807
0.259807
0.259807
0.259807
0.259806
0.259806
0.259806
0.259806
0.259806
0.259805
0.259805
0.259805
0.259805
0.259804
0.259804
0.259804
0.259804
0.259804
0.259803
0.259803
0.259803
0.259803
0.259802
0.259802
0.259802
0.259802
0.259802
0.259801
0.259801
0.259801
0.259801
0.2598
0.2598
0.2598
0.2598
0.2598
0.259799
0.259799
0.259799
0.259799
0.259799
0.259798
0.259798
0.259798
0.259798
0.259797
0.259797
0.259797
0.259797
0.259797
0.259796
0.259796
0.259796
0.259796
0.259796
0.259795
0.259795
0.259795
0.259795
0.259795
0.259794
0.259794
0.259794
0.259794
0.259794
0.259793
0.259793
0.259793
0.259793
0.259792
0.259792
0.259792
0.259792
0.259792
0.259791
0.259791
0.259791
0.259791
0.259791
0.25979
0.25979
0.25979
0.25979
0.25979
0.259789
0.259789
0.259789
0.259789
0.259789
0.259788
0.259788
0.259788
0.259788
0.259788
0.259787
0.259787
0.259787
0.259787
0.259787
0.259786
0.259786
0.259786
0.259786
0.259786
0.259786
0.259785
0.259785
0.259785
0.259785
0.259785
0.259784
0.259784
0.259784
0.259784
0.259784
0.259783
0.259783
0.259783
0.259783
0.259783
0.259782
0.259782
0.259782
0.259782
0.259782
0.259782
0.259781
0.259781
0.259781
0.259781
0.259781
0.25978
0.25978
0.25978
0.25978
0.25978
0.259779
0.259779
0.259779
0.259779
0.259779
0.259779
0.259778
0.259778
0.259778
0.259778
0.259778
0.259777
0.259777
0.259777
0.259777
0.259777
0.259777
0.259776
0.259776
0.259776
0.259776
0.259776
0.259775
0.259775
0.259775
0.259775
0.259775
0.259775
0.259774
0.259774
0.259774
0.259774
0.259774
0.259773
0.259773
0.259773
0.259773
0.259773
0.259773
0.259772
0.259772
0.259772
0.259772
0.259772
0.259772
0.259771
0.259771
0.259771
0.259771
0.259771
0.259771
0.25977
0.25977
0.25977
0.25977
0.25977
0.25977
0.259769
0.259769
0.259769
0.259769
0.259769
0.259768
0.259768
0.259768
0.259768
0.259768
0.259768
0.259767
0.259767
0.259767
0.259767
0.259767
0.259767
0.259766
0.259766
0.259766
0.259766
0.259766
0.259766
0.259765
0.259765
0.259765
0.259765
0.259765
0.259765
0.259764
0.259764
0.259764
0.259764
0.259764
0.259764
0.259764
0.259763
0.259763
0.259763
0.259763
0.259763
0.259763
0.259762
0.259762
0.259762
0.259762
0.259762
0.259762
0.259761
0.259761
0.259761
0.259761
0.259761
0.259761
0.25976
0.25976
0.25976
0.25976
0.25976
0.25976
0.25976
0.259759
0.259759
0.259759
0.259759
0.259759
0.259759
0.259758
0.259758
0.259758
0.259758
0.259758
0.259758
0.259758
0.259757
0.259757
0.259757
0.259757
0.259757
0.259757
0.259756
0.259756
0.259756
0.259756
0.259756
0.259756
0.259756
0.259755
0.259755
0.259755
0.259755
0.259755
0.259755
0.259754
0.259754
0.259754
0.259754
0.259754
0.259754
0.259754
0.259753
0.259753
0.259753
0.259753
0.259753
0.259753
0.259753
0.259752
0.259752
0.259752
0.259752
0.259752
0.259752
0.259752
0.259751
0.259751
0.259751
0.259751
0.259751
0.259751
0.259751
0.25975
0.25975
0.25975
0.25975
0.25975
0.25975
0.259749
0.259749
0.259749
0.259749
0.259749
0.259749
0.259749
0.259749
0.259748
0.259748
0.259748
0.259748
0.259748
0.259748
0.259748
0.259747
0.259747
0.259747
0.259747
0.259747
0.259747
0.259747
0.259746
0.259746
0.259746
0.259746
0.259746
0.259746
0.259746
0.259745
0.259745
0.259745
0.259745
0.259745
0.259745
0.259745
0.259744
0.259744
0.259744
0.259744
0.259744
0.259744
0.259744
0.259744
0.259743
0.259743
0.259743
0.259743
0.259743
0.259743
0.259743
0.259742
0.259742
0.259742
0.259742
0.259742
0.259742
0.259742
0.259742
0.259741
0.259741
0.259741
0.259741
0.259741
0.259741
0.259741
0.25974
0.25974
0.25974
0.25974
0.25974
0.25974
0.25974
0.25974
0.259739
0.259739
0.259739
0.259739
0.259739
0.259739
0.259739
0.259739
0.259738
0.259738
0.259738
0.259738
0.259738
0.259738
0.259738
0.259738
0.259737
0.259737
0.259737
0.259737
0.259737
0.259737
0.259737
0.259736
0.259736
0.259736
0.259736
0.259736
0.259736
0.259736
0.259736
0.259735
0.259735
0.259735
0.259735
0.259735
0.259735
0.259735
0.259735
0.259735
0.259734
0.259734
0.259734
0.259734
0.259734
0.259734
0.259734
0.259734
0.259733
0.259733
0.259733
0.259733
0.259733
0.259733
0.259733
0.259733
0.259732
0.259732
0.259732
0.259732
0.259732
0.259732
0.259732
0.259732
0.259731
0.259731
0.259731
0.259731
0.259731
0.259731
0.259731
0.259731
0.259731
0.25973
0.25973
0.25973
0.25973
0.25973
0.25973
0.25973
0.25973
0.259729
0.259729
0.259729
0.259729
0.259729
0.259729
0.259729
0.259729
0.259729
0.259728
0.259728
0.259728
0.259728
0.259728
0.259728
0.259728
0.259728
0.259728
0.259727
0.259727
0.259727
0.259727
0.259727
0.259727
0.259727
0.259727
0.259726
0.259726
0.259726
0.259726
0.259726
0.259726
0.259726
0.259726
0.259726
0.259725
0.259725
0.259725
0.259725
0.259725
0.259725
0.259725
0.259725
0.259725
0.259724
0.259724
0.259724
0.259724
0.259724
0.259724
0.259724
0.259724
0.259724
0.259723
0.259723
0.259723
0.259723
0.259723
0.259723
0.259723
0.259723
0.259723
0.259723
0.259722
0.259722
0.259722
0.259722
0.259722
0.259722
0.259722
0.259722
0.259722
0.259721
0.259721
0.259721
0.259721
0.259721
0.259721
0.259721
0.259721
0.259721
0.25972
0.25972
0.25972
0.25972
0.25972
0.25972
0.25972
0.25972
0.25972
0.25972
0.259719
0.259719
0.259719
0.259719
0.259719
0.259719
0.259719
0.259719
0.259719
0.259718
0.259718
0.259718
0.259718
0.259718
0.259718
0.259718
0.259718
0.259718
0.259718
0.259717
0.259717
0.259717
0.259717
0.259717
0.259717
0.259717
0.259717
0.259717
0.259717
0.259716
0.259716
0.259716
0.259716
0.259716
0.259716
0.259716
0.259716
0.259716
0.259716
0.259715
0.259715
0.259715
0.259715
0.259715
0.259715
0.259715
0.259715
0.259715
0.259715
0.259714
0.259714
0.259714
0.259714
0.259714
0.259714
0.259714
0.259714
0.259714
0.259714
0.259713
0.259713
0.259713
0.259713
0.259713
0.259713
0.259713
0.259713
0.259713
0.259713
0.259713
0.259712
0.259712
0.259712
0.259712
0.259712
0.259712
0.259712
0.259712
0.259712
0.259712
0.259711
0.259711
0.259711
0.259711
0.259711
0.259711
0.259711
0.259711
0.259711
0.259711
0.259711
0.25971
0.25971
0.25971
0.25971
0.25971
0.25971
0.25971
0.25971
0.25971
0.25971
0.25971
0.259709
0.259709
0.259709
0.259709
0.259709
0.259709
0.259709
0.259709
0.259709
0.259709
0.259708
0.259708
0.259708
0.259708
0.259708
0.259708
0.259708
0.259708
0.259708
0.259708
0.259708
0.259707
0.259707
0.259707
0.259707
0.259707
0.259707
0.259707
0.259707
0.259707
0.259707
0.259707
0.259707
0.259706
0.259706
0.259706
0.259706
0.259706
0.259706
0.259706
0.259706
0.259706
0.259706
0.259706
0.259705
0.259705
0.259705
0.259705
0.259705
0.259705
0.259705
0.259705
0.259705
0.259705
0.259705
0.259704
0.259704
0.259704
0.259704
0.259704
0.259704
0.259704
0.259704
0.259704
0.259704
0.259704
0.259704
0.259703
0.259703
0.259703
0.259703
0.259703
0.259703
0.259703
0.259703
0.259703
0.259703
0.259703
0.259703
0.259702
0.259702
0.259702
0.259702
0.259702
0.259702
0.259702
0.259702
0.259702
0.259702
0.259702
0.259701
0.259701
0.259701
0.259701
0.259701
0.259701
0.259701
0.259701
0.259701
0.259701
0.259701
0.259701
0.2597
0.2597
0.2597
0.2597
0.2597
0.2597
0.2597
0.2597
0.2597
0.2597
0.2597
0.2597
0.2597
0.259699
0.259699
0.259699
0.259699
0.259699
0.259699
0.259699
0.259699
0.259699
0.259699
0.259699
0.259699
0.259698
0.259698
0.259698
0.259698
0.259698
0.259698
0.259698
0.259698
0.259698
0.259698
0.259698
0.259698
0.259697
0.259697
0.259697
0.259697
0.259697
0.259697
0.259697
0.259697
0.259697
0.259697
0.259697
0.259697
0.259697
0.259696
0.259696
0.259696
0.259696
0.259696
0.259696
0.259696
0.259696
0.259696
0.259696
0.259696
0.259696
0.259696
0.259695
0.259695
0.259695
0.259695
0.259695
0.259695
0.259695
0.259695
0.259695
0.259695
0.259695
0.259695
0.259695
0.259694
0.259694
0.259694
0.259694
0.259694
0.259694
0.259694
0.259694
0.259694
0.259694
0.259694
0.259694
0.259694
0.259693
0.259693
0.259693
0.259693
0.259693
0.259693
0.259693
0.259693
0.259693
0.259693
0.259693
0.259693
0.259693
0.259693
0.259692
0.259692
0.259692
0.259692
0.259692
0.259692
0.259692
0.259692
0.259692
0.259692
0.259692
0.259692
0.259692
0.259691
0.259691
0.259691
0.259691
0.259691
0.259691
0.259691
0.259691
0.259691
0.259691
0.259691
0.259691
0.259691
0.259691
0.25969
0.25969
0.25969
0.25969
0.25969
0.25969
0.25969
0.25969
0.25969
0.25969
0.25969
0.25969
0.25969
0.25969
0.259689
0.259689
0.259689
0.259689
0.259689
0.259689
0.259689
0.259689
0.259689
0.259689
0.259689
0.259689
0.259689
0.259689
0.259688
0.259688
0.259688
0.259688
0.259688
0.259688
0.259688
0.259688
0.259688
0.259688
0.259688
0.259688
0.259688
0.259688
0.259687
0.259687
0.259687
0.259687
0.259687
0.259687
0.259687
0.259687
0.259687
0.259687
0.259687
0.259687
0.259687
0.259687
0.259687
0.259686
0.259686
0.259686
0.259686
0.259686
0.259686
0.259686
0.259686
0.259686
0.259686
0.259686
0.259686
0.259686
0.259686
0.259686
0.259685
0.259685
0.259685
0.259685
0.259685
0.259685
0.259685
0.259685
0.259685
0.259685
0.259685
0.259685
0.259685
0.259685
0.259685
0.259684
0.259684
0.259684
0.259684
0.259684
0.259684
0.259684
0.259684
0.259684
0.259684
0.259684
0.259684
0.259684
0.259684
0.259684
0.259683
0.259683
0.259683
0.259683
0.259683
0.259683
0.259683
0.259683
0.259683
0.259683
0.259683
0.259683
0.259683
0.259683
0.259683
0.259682
0.259682
0.259682
0.259682
0.259682
0.259682
0.259682
0.259682
0.259682
0.259682
0.259682
0.259682
0.259682
0.259682
0.259682
0.259682
0.259681
0.259681
0.259681
0.259681
0.259681
0.259681
0.259681
0.259681
0.259681
0.259681
0.259681
0.259681
0.259681
0.259681
0.259681
0.259681
0.25968
0.25968
0.25968
0.25968
0.25968
0.25968
0.25968
0.25968
0.25968
0.25968
0.25968
0.25968
0.25968
0.25968
0.25968
0.25968
0.259679
0.259679
0.259679
0.259679
0.259679
0.259679
0.259679
0.259679
0.259679
0.259679
0.259679
0.259679
0.259679
0.259679
0.259679
0.259679
0.259679
0.259678
0.259678
0.259678
0.259678
0.259678
0.259678
0.259678
0.259678
0.259678
0.259678
0.259678
0.259678
0.259678
0.259678
0.259678
0.259678
0.259677
0.259677
0.259677
0.259677
0.259677
0.259677
0.259677
0.259677
0.259677
0.259677
0.259677
0.259677
0.259677
0.259677
0.259677
0.259677
0.259677
0.259676
0.259676
0.259676
0.259676
0.259676
0.259676
0.259676
0.259676
0.259676
0.259676
0.259676
0.259676
0.259676
0.259676
0.259676
0.259676
0.259676
0.259675
0.259675
0.259675
0.259675
0.259675
0.259675
0.259675
0.259675
0.259675
0.259675
0.259675
0.259675
0.259675
0.259675
0.259675
0.259675
0.259675
0.259675
0.259674
0.259674
0.259674
0.259674
0.259674
0.259674
0.259674
0.259674
0.259674
0.259674
0.259674
0.259674
0.259674
0.259674
0.259674
0.259674
0.259674
0.259673
0.259673
0.259673
0.259673
0.259673
0.259673
0.259673
0.259673
0.259673
0.259673
0.259673
0.259673
0.259673
0.259673
0.259673
0.259673
0.259673
0.259673
0.259672
0.259672
0.259672
0.259672
0.259672
0.259672
0.259672
0.259672
0.259672
0.259672
0.259672
0.259672
0.259672
0.259672
0.259672
0.259672
0.259672
0.259672
0.259672
0.259671
0.259671
0.259671
0.259671
0.259671
0.259671
0.259671
0.259671
0.259671
0.259671
0.259671
0.259671
0.259671
0.259671
0.259671
0.259671
0.259671
0.259671
0.25967
0.25967
0.25967
0.25967
0.25967
0.25967
0.25967
0.25967
0.25967
0.25967
0.25967
0.25967
0.25967
0.25967
0.25967
0.25967
0.25967
0.25967
0.25967
0.259669
0.259669
0.259669
0.259669
0.259669
0.259669
0.259669
0.259669
0.259669
0.259669
0.259669
0.259669
0.259669
0.259669
0.259669
0.259669
0.259669
0.259669
0.259669
0.259668
0.259668
0.259668
0.259668
0.259668
0.259668
0.259668
0.259668
0.259668
0.259668
0.259668
0.259668
0.259668
0.259668
0.259668
0.259668
0.259668
0.259668
0.259668
0.259667
0.259667
0.259667
0.259667
0.259667
0.259667
0.259667
0.259667
0.259667
0.259667
0.259667
0.259667
0.259667
0.259667
0.259667
0.259667
0.259667
0.259667
0.259667
0.259667
0.259666
0.259666
0.259666
0.259666
0.259666
0.259666
0.259666
0.259666
0.259666
0.259666
0.259666
0.259666
0.259666
0.259666
0.259666
0.259666
0.259666
0.259666
0.259666
0.259666
0.259665
0.259665
0.259665
0.259665
0.259665
0.259665
0.259665
0.259665
0.259665
0.259665
0.259665
0.259665
0.259665
0.259665
0.259665
0.259665
0.259665
0.259665
0.259665
0.259665
0.259665
0.259664
0.259664
0.259664
0.259664
0.259664
0.259664
0.259664
0.259664
0.259664
0.259664
0.259664
0.259664
0.259664
0.259664
0.259664
0.259664
0.259664
0.259664
0.259664
0.259664
0.259663
0.259663
0.259663
0.259663
0.259663
0.259663
0.259663
0.259663
0.259663
0.259663
0.259663
0.259663
0.259663
0.259663
0.259663
0.259663
0.259663
0.259663
0.259663
0.259663
0.259663
0.259662
0.259662
0.259662
0.259662
0.259662
0.259662
0.259662
0.259662
0.259662
0.259662
0.259662
0.259662
0.259662
0.259662
0.259662
0.259662
0.259662
0.259662
0.259662
0.259662
0.259662
0.259662
0.259661
0.259661
0.259661
0.259661
0.259661
0.259661
0.259661
0.259661
0.259661
0.259661
0.259661
0.259661
0.259661
0.259661
0.259661
0.259661
0.259661
0.259661
0.259661
0.259661
0.259661
0.25966
0.25966
0.25966
0.25966
0.25966
0.25966
0.25966
0.25966
0.25966
0.25966
0.25966
0.25966
0.25966
0.25966
0.25966
0.25966
0.25966
0.25966
0.25966
0.25966
0.25966
0.25966
0.25966
0.259659
0.259659
0.259659
0.259659
0.259659
0.259659
0.259659
0.259659
0.259659
0.259659
0.259659
0.259659
0.259659
0.259659
0.259659
0.259659
0.259659
0.259659
0.259659
0.259659
0.259659
0.259659
0.259658
0.259658
0.259658
0.259658
0.259658
0.259658
0.259658
0.259658
0.259658
0.259658
0.259658
0.259658
0.259658
0.259658
0.259658
0.259658
0.259658
0.259658
0.259658
0.259658
0.259658
0.259658
0.259658
0.259657
0.259657
0.259657
0.259657
0.259657
0.259657
0.259657
0.259657
0.259657
0.259657
0.259657
0.259657
0.259657
0.259657
0.259657
0.259657
0.259657
0.259657
0.259657
0.259657
0.259657
0.259657
0.259657
0.259656
0.259656
0.259656
0.259656
0.259656
0.259656
0.259656
0.259656
0.259656
0.259656
0.259656
0.259656
0.259656
0.259656
0.259656
0.259656
0.259656
0.259656
0.259656
0.259656
0.259656
0.259656
0.259656
0.259656
0.259655
0.259655
0.259655
0.259655
0.259655
0.259655
0.259655
0.259655
0.259655
0.259655
0.259655
0.259655
0.259655
0.259655
0.259655
0.259655
0.259655
0.259655
0.259655
0.259655
0.259655
0.259655
0.259655
0.259655
0.259654
0.259654
0.259654
0.259654
0.259654
0.259654
0.259654
0.259654
0.259654
0.259654
0.259654
0.259654
0.259654
0.259654
0.259654
0.259654
0.259654
0.259654
0.259654
0.259654
0.259654
0.259654
0.259654
0.259654
0.259653
0.259653
0.259653
0.259653
0.259653
0.259653
0.259653
0.259653
0.259653
0.259653
0.259653
0.259653
0.259653
0.259653
0.259653
0.259653
0.259653
0.259653
0.259653
0.259653
0.259653
0.259653
0.259653
0.259653
0.259653
0.259652
0.259652
0.259652
0.259652
0.259652
0.259652
0.259652
0.259652
0.259652
0.259652
0.259652
0.259652
0.259652
0.259652
0.259652
0.259652
0.259652
0.259652
0.259652
0.259652
0.259652
0.259652
0.259652
0.259652
0.259652
0.259651
0.259651
0.259651
0.259651
0.259651
0.259651
0.259651
0.259651
0.259651
0.259651
0.259651
0.259651
0.259651
0.259651
0.259651
0.259651
0.259651
0.259651
0.259651
0.259651
0.259651
0.259651
0.259651
0.259651
0.259651
0.259651
0.25965
0.25965
0.25965
0.25965
0.25965
0.25965
0.25965
0.25965
0.25965
0.25965
0.25965
0.25965
0.25965
0.25965
0.25965
0.25965
0.25965
0.25965
0.25965
0.25965
0.25965
0.25965
0.25965
0.25965
0.25965
0.25965
0.259649
0.259649
0.259649
0.259649
0.259649
0.259649
0.259649
0.259649
0.259649
0.259649
0.259649
0.259649
0.259649
0.259649
0.259649
0.259649
0.259649
0.259649
0.259649
0.259649
0.259649
0.259649
0.259649
0.259649
0.259649
0.259649
0.259649
0.259648
0.259648
0.259648
0.259648
0.259648
0.259648
0.259648
0.259648
0.259648
0.259648
0.259648
0.259648
0.259648
0.259648
0.259648
0.259648
0.259648
0.259648
0.259648
0.259648
0.259648
0.259648
0.259648
0.259648
0.259648
0.259648
0.259648
0.259647
0.259647
0.259647
0.259647
0.259647
0.259647
0.259647
0.259647
0.259647
0.259647
0.259647
0.259647
0.259647
0.259647
0.259647
0.259647
0.259647
0.259647
0.259647
0.259647
0.259647
0.259647
0.259647
0.259647
0.259647
0.259647
0.259647
0.259647
0.259646
0.259646
0.259646
0.259646
0.259646
0.259646
0.259646
0.259646
0.259646
0.259646
0.259646
0.259646
0.259646
0.259646
0.259646
0.259646
0.259646
0.259646
0.259646
0.259646
0.259646
0.259646
0.259646
0.259646
0.259646
0.259646
0.259646
0.259646
0.259645
0.259645
0.259645
0.259645
0.259645
0.259645
0.259645
0.259645
0.259645
0.259645
0.259645
0.259645
0.259645
0.259645
0.259645
0.259645
0.259645
0.259645
0.259645
0.259645
0.259645
0.259645
0.259645
0.259645
0.259645
0.259645
0.259645
0.259645
0.259644
0.259644
0.259644
0.259644
0.259644
0.259644
0.259644
0.259644
0.259644
0.259644
0.259644
0.259644
0.259644
0.259644
0.259644
0.259644
0.259644
0.259644
0.259644
0.259644
0.259644
0.259644
0.259644
0.259644
0.259644
0.259644
0.259644
0.259644
0.259644
0.259643
0.259643
0.259643
0.259643
0.259643
0.259643
0.259643
0.259643
0.259643
0.259643
0.259643
0.259643
0.259643
0.259643
0.259643
0.259643
0.259643
0.259643
0.259643
0.259643
0.259643
0.259643
0.259643
0.259643
0.259643
0.259643
0.259643
0.259643
0.259643
0.259643
0.259642
0.259642
0.259642
0.259642
0.259642
0.259642
0.259642
0.259642
0.259642
0.259642
0.259642
0.259642
0.259642
0.259642
0.259642
0.259642
0.259642
0.259642
0.259642
0.259642
0.259642
0.259642
0.259642
0.259642
0.259642
0.259642
0.259642
0.259642
0.259642
0.259642
0.259641
0.259641
0.259641
0.259641
0.259641
0.259641
0.259641
0.259641
0.259641
0.259641
0.259641
0.259641
0.259641
0.259641
0.259641
0.259641
0.259641
0.259641
0.259641
0.259641
0.259641
0.259641
0.259641
0.259641
0.259641
0.259641
0.259641
0.259641
0.259641
0.259641
0.259641
0.25964
0.25964
0.25964
0.25964
0.25964
0.25964
0.25964
0.25964
0.25964
0.25964
0.25964
0.25964
0.25964
0.25964
0.25964
0.25964
0.25964
0.25964
0.25964
0.25964
0.25964
0.25964
0.25964
0.25964
0.25964
0.25964
0.25964
0.25964
0.25964
0.25964
0.25964
0.259639
0.259639
0.259639
0.259639
0.259639
0.259639
0.259639
0.259639
0.259639
0.259639
0.259639
0.259639
0.259639
0.259639
0.259639
0.259639
0.259639
0.259639
0.259639
0.259639
0.259639
0.259639
0.259639
0.259639
0.259639
0.259639
0.259639
0.259639
0.259639
0.259639
0.259639
0.259639
0.259638
0.259638
0.259638
0.259638
0.259638
0.259638
0.259638
0.259638
0.259638
0.259638
0.259638
0.259638
0.259638
0.259638
0.259638
0.259638
0.259638
0.259638
0.259638
0.259638
0.259638
0.259638
0.259638
0.259638
0.259638
0.259638
0.259638
0.259638
0.259638
0.259638
0.259638
0.259638
0.259637
0.259637
0.259637
0.259637
0.259637
0.259637
0.259637
0.259637
0.259637
0.259637
0.259637
0.259637
0.259637
0.259637
0.259637
0.259637
0.259637
0.259637
0.259637
0.259637
0.259637
0.259637
0.259637
0.259637
0.259637
0.259637
0.259637
0.259637
0.259637
0.259637
0.259637
0.259637
0.259637
0.259636
0.259636
0.259636
0.259636
0.259636
0.259636
0.259636
0.259636
0.259636
0.259636
0.259636
0.259636
0.259636
0.259636
0.259636
0.259636
0.259636
0.259636
0.259636
0.259636
0.259636
0.259636
0.259636
0.259636
0.259636
0.259636
0.259636
0.259636
0.259636
0.259636
0.259636
0.259636
0.259636
0.259636
0.259635
0.259635
0.259635
0.259635
0.259635
0.259635
0.259635
0.259635
0.259635
0.259635
0.259635
0.259635
0.259635
0.259635
0.259635
0.259635
0.259635
0.259635
0.259635
0.259635
0.259635
0.259635
0.259635
0.259635
0.259635
0.259635
0.259635
0.259635
0.259635
0.259635
0.259635
0.259635
0.259635
0.259635
0.259634
0.259634
0.259634
0.259634
0.259634
0.259634
0.259634
0.259634
0.259634
0.259634
0.259634
0.259634
0.259634
0.259634
0.259634
0.259634
0.259634
0.259634
0.259634
0.259634
0.259634
0.259634
0.259634
0.259634
0.259634
0.259634
0.259634
0.259634
0.259634
0.259634
0.259634
0.259634
0.259634
0.259634
0.259634
0.259633
0.259633
0.259633
0.259633
0.259633
0.259633
0.259633
0.259633
0.259633
0.259633
0.259633
0.259633
0.259633
0.259633
0.259633
0.259633
0.259633
0.259633
0.259633
0.259633
0.259633
0.259633
0.259633
0.259633
0.259633
0.259633
0.259633
0.259633
0.259633
0.259633
0.259633
0.259633
0.259633
0.259633
0.259633
0.259632
0.259632
0.259632
0.259632
0.259632
0.259632
0.259632
0.259632
0.259632
0.259632
0.259632
0.259632
0.259632
0.259632
0.259632
0.259632
0.259632
0.259632
0.259632
0.259632
0.259632
0.259632
0.259632
0.259632
0.259632
0.259632
0.259632
0.259632
0.259632
0.259632
0.259632
0.259632
0.259632
0.259632
0.259632
0.259632
0.259632
0.259631
0.259631
0.259631
0.259631
0.259631
0.259631
0.259631
0.259631
0.259631
0.259631
0.259631
0.259631
0.259631
0.259631
0.259631
0.259631
0.259631
0.259631
0.259631
0.259631
0.259631
0.259631
0.259631
0.259631
0.259631
0.259631
0.259631
0.259631
0.259631
0.259631
0.259631
0.259631
0.259631
0.259631
0.259631
0.259631
0.25963
0.25963
0.25963
0.25963
0.25963
0.25963
0.25963
0.25963
0.25963
0.25963
0.25963
0.25963
0.25963
0.25963
0.25963
0.25963
0.25963
0.25963
0.25963
0.25963
0.25963
0.25963
0.25963
0.25963
0.25963
0.25963
0.25963
0.25963
0.25963
0.25963
0.25963
0.25963
0.25963
0.25963
0.25963
0.25963
0.25963
0.25963
0.259629
0.259629
0.259629
0.259629
0.259629
0.259629
0.259629
0.259629
0.259629
0.259629
0.259629
0.259629
0.259629
0.259629
0.259629
0.259629
0.259629
0.259629
0.259629
0.259629
0.259629
0.259629
0.259629
0.259629
0.259629
0.259629
0.259629
0.259629
0.259629
0.259629
0.259629
0.259629
0.259629
0.259629
0.259629
0.259629
0.259629
0.259629
0.259628
0.259628
0.259628
0.259628
0.259628
0.259628
0.259628
0.259628
0.259628
0.259628
0.259628
0.259628
0.259628
0.259628
0.259628
0.259628
0.259628
0.259628
0.259628
0.259628
0.259628
0.259628
0.259628
0.259628
0.259628
0.259628
0.259628
0.259628
0.259628
0.259628
0.259628
0.259628
0.259628
0.259628
0.259628
0.259628
0.259628
0.259628
0.259628
0.259627
0.259627
0.259627
0.259627
0.259627
0.259627
0.259627
0.259627
0.259627
0.259627
0.259627
0.259627
0.259627
0.259627
0.259627
0.259627
0.259627
0.259627
0.259627
0.259627
0.259627
0.259627
0.259627
0.259627
0.259627
0.259627
0.259627
0.259627
0.259627
0.259627
0.259627
0.259627
0.259627
0.259627
0.259627
0.259627
0.259627
0.259627
0.259627
0.259627
0.259626
0.259626
0.259626
0.259626
0.259626
0.259626
0.259626
0.259626
0.259626
0.259626
0.259626
0.259626
0.259626
0.259626
0.259626
0.259626
0.259626
0.259626
0.259626
0.259626
0.259626
0.259626
0.259626
0.259626
0.259626
0.259626
0.259626
0.259626
0.259626
0.259626
0.259626
0.259626
0.259626
0.259626
0.259626
0.259626
0.259626
0.259626
0.259626
0.259626
0.259626
0.259625
0.259625
0.259625
0.259625
0.259625
0.259625
0.259625
0.259625
0.259625
0.259625
0.259625
0.259625
0.259625
0.259625
0.259625
0.259625
0.259625
0.259625
0.259625
0.259625
0.259625
0.259625
0.259625
0.259625
0.259625
0.259625
0.259625
0.259625
0.259625
0.259625
0.259625
0.259625
0.259625
0.259625
0.259625
0.259625
0.259625
0.259625
0.259625
0.259625
0.259625
0.259624
0.259624
0.259624
0.259624
0.259624
0.259624
0.259624
0.259624
0.259624
0.259624
0.259624
0.259624
0.259624
0.259624
0.259624
0.259624
0.259624
0.259624
0.259624
0.259624
0.259624
0.259624
0.259624
0.259624
0.259624
0.259624
0.259624
0.259624
0.259624
0.259624
0.259624
0.259624
0.259624
0.259624
0.259624
0.259624
0.259624
0.259624
0.259624
0.259624
0.259624
0.259624
0.259624
0.259623
0.259623
0.259623
0.259623
0.259623
0.259623
0.259623
0.259623
0.259623
0.259623
0.259623
0.259623
0.259623
0.259623
0.259623
0.259623
0.259623
0.259623
0.259623
0.259623
0.259623
0.259623
0.259623
0.259623
0.259623
0.259623
0.259623
0.259623
0.259623
0.259623
0.259623
0.259623
0.259623
0.259623
0.259623
0.259623
0.259623
0.259623
0.259623
0.259623
0.259623
0.259623
0.259623
0.259622
0.259622
0.259622
0.259622
0.259622
0.259622
0.259622
0.259622
0.259622
0.259622
0.259622
0.259622
0.259622
0.259622
0.259622
0.259622
