0.5
0.495025
0.490099
0.485223
0.480395
0.475615
0.470882
0.466197
0.461558
0.456966
0.452419
0.447917
0.44346
0.439048
0.434679
0.430354
0.426072
0.421832
0.417635
0.41348
0.409365
0.405292
0.401259
0.397267
0.393314
0.3894
0.385526
0.38169
0.377892
0.374132
0.370409
0.366723
0.363075
0.359462
0.355885
0.352344
0.348838
0.345367
0.341931
0.338528
0.33516
0.331825
0.328523
0.325255
0.322018
0.318814
0.315642
0.312501
0.309392
0.306313
0.303265
0.300248
0.29726
0.294302
0.291374
0.288475
0.285605
0.282763
0.279949
0.277164
0.274406
0.271675
0.268972
0.266296
0.263646
0.261023
0.258426
0.255854
0.253309
0.250788
0.248293
0.245822
0.243376
0.240955
0.238557
0.236184
0.233834
0.231507
0.229204
0.226923
0.224665
0.22243
0.220217
0.218026
0.215857
0.213709
0.211583
0.209478
0.207394
0.20533
0.203288
0.201265
0.199263
0.197281
0.195318
0.193375
0.191452
0.189548
0.187662
0.185796
0.183948
0.182119
0.180308
0.178516
0.176741
0.174984
0.173245
0.171523
0.169818
0.168131
0.166461
0.164807
0.163171
0.161551
0.159947
0.15836
0.156789
0.155234
0.153695
0.152172
0.150664
0.149172
0.147696
0.146234
0.144788
0.143358
0.141942
0.140541
0.139156
0.137785
0.136428
0.135087
0.13376
0.132447
0.131149
0.129865
0.128596
0.127341
0.1261
0.124874
0.123661
0.122463
0.121279
0.120109
0.118953
0.117812
0.116684
0.115571
0.114472
0.113386
0.112315
0.111259
0.110216
0.109187
0.108173
0.107173
0.106187
0.105216
0.104259
0.103316
0.102388
0.101474
0.100575
0.0996903
0.0988202
0.0979646
0.0971238
0.0962976
0.0954861
0.0946893
0.0939073
0.09314
0.0923875
0.0916497
0.0909267
0.0902185
0.0895249
0.0888461
0.0881819
0.0875324
0.0868974
0.0862769
0.0856708
0.0850791
0.0845017
0.0839384
0.0833892
0.0828539
0.0823325
0.0818247
0.0813304
0.0808495
0.0803818
0.0799271
0.0794853
0.0790562
0.0786395
0.078235
0.0778427
0.0774621
0.0770932
0.0767357
0.0763893
0.0760539
0.0757292
0.0754149
0.0751109
0.0748168
0.0745325
0.0742577
0.0739921
0.0737355
0.0734877
0.0732484
0.0730174
0.0727944
0.0725793
0.0723717
0.0721715
0.0719784
0.0717922
0.0716126
0.0714396
0.0712728
0.0711121
0.0709572
0.070808
0.0706642
0.0705257
0.0703923
0.0702638
0.07014
0.0700208
0.069906
0.0697954
0.069689
0.0695864
0.0694877
0.0693926
0.069301
0.0692128
0.0691279
0.0690461
0.0689673
0.0688914
0.0688183
0.0687479
0.06868
0.0686147
0.0685517
0.068491
0.0684325
0.0683761
0.0683218
0.0682694
0.0682189
0.0681702
0.0681232
0.0680779
0.0680342
0.0679921
0.0679514
0.0679122
0.0678743
0.0678378
0.0678025
0.0677684
0.0677355
0.0677038
0.0676731
0.0676434
0.0676148
0.0675871
0.0675604
0.0675346
0.0675096
0.0674855
0.0674621
0.0674396
0.0674177
0.0673966
0.0673762
0.0673565
0.0673374
0.0673189
0.067301
0.0672837
0.0672669
0.0672507
0.067235
0.0672199
0.0672052
0.067191
0.0671772
0.0671639
0.067151
0.0671385
0.0671264
0.0671147
0.0671034
0.0670925
0.0670819
0.0670716
0.0670617
0.0670521
0.0670428
0.0670339
0.0670252
0.0670168
0.0670088
0.0670009
0.0669934
0.0669861
0.0669791
0.0669723
0.0669658
0.0669595
0.0669534
0.0669476
0.0669419
0.0669365
0.0669313
0.0669263
0.0669216
0.066917
0.0669126
0.0669084
0.0669044
0.0669005
0.0668969
0.0668934
0.0668901
0.066887
0.066884
0.0668812
0.0668786
0.0668761
0.0668738
0.0668716
0.0668696
0.0668677
0.066866
0.0668644
0.066863
0.0668617
0.0668606
0.0668595
0.0668587
0.0668579
0.0668573
0.0668568
0.0668564
0.0668562
0.0668561
0.0668561
0.0668562
0.0668565
0.0668569
0.0668574
0.066858
0.0668587
0.0668596
0.0668605
0.0668616
0.0668628
0.066864
0.0668654
0.0668669
0.0668686
0.0668703
0.0668721
0.066874
0.0668761
0.0668782
0.0668804
0.0668827
0.0668852
0.0668877
0.0668903
0.0668931
0.0668959
0.0668988
0.0669018
0.0669049
0.0669081
0.0669114
0.0669148
0.0669183
0.0669218
0.0669255
0.0669292
0.0669331
0.066937
0.066941
0.0669451
0.0669493
0.0669535
0.0669579
0.0669623
0.0669668
0.0669714
0.0669761
0.0669809
0.0669857
0.0669907
0.0669957
0.0670008
0.0670059
0.0670112
0.0670165
0.0670219
0.0670274
0.0670329
0.0670386
0.0670443
0.0670501
0.0670559
0.0670618
0.0670679
0.0670739
0.0670801
0.0670863
0.0670926
0.067099
0.0671054
0.0671119
0.0671185
0.0671251
0.0671319
0.0671386
0.0671455
0.0671524
0.0671594
0.0671665
0.0671736
0.0671808
0.067188
0.0671954
0.0672028
0.0672102
0.0672177
0.0672253
0.067233
0.0672407
0.0672484
0.0672563
0.0672642
0.0672721
0.0672801
0.0672882
0.0672964
0.0673046
0.0673128
0.0673211
0.0673295
0.0673379
0.0673464
0.067355
0.0673636
0.0673723
0.067381
0.0673898
0.0673986
0.0674075
0.0674165
0.0674255
0.0674345
0.0674436
0.0674528
0.067462
0.0674713
0.0674806
0.06749
0.0674995
0.067509
0.0675185
0.0675281
0.0675377
0.0675474
0.0675572
0.067567
0.0675768
0.0675867
0.0675967
0.0676067
0.0676167
0.0676268
0.0676369
0.0676471
0.0676574
0.0676677
0.067678
0.0676884
0.0676988
0.0677093
0.0677198
0.0677304
0.067741
0.0677516
0.0677623
0.0677731
0.0677839
0.0677947
0.0678056
0.0678165
0.0678275
0.0678385
0.0678496
0.0678607
0.0678718
0.067883
0.0678942
0.0679055
0.0679168
0.0679281
0.0679395
0.067951
0.0679624
0.0679739
0.0679855
0.0679971
0.0680087
0.0680204
0.0680321
0.0680439
0.0680556
0.0680675
0.0680793
0.0680912
0.0681032
0.0681152
0.0681272
0.0681392
0.0681513
0.0681635
0.0681756
0.0681878
0.0682001
0.0682123
0.0682246
0.068237
0.0682494
0.0682618
0.0682742
0.0682867
0.0682992
0.0683118
0.0683244
0.068337
0.0683497
0.0683623
0.0683751
0.0683878
0.0684006
0.0684134
0.0684263
0.0684392
0.0684521
0.068465
0.068478
0.068491
0.0685041
0.0685172
0.0685303
0.0685434
0.0685566
0.0685698
0.068583
0.0685963
0.0686096
0.0686229
0.0686362
0.0686496
0.068663
0.0686765
0.0686899
0.0687034
0.068717
0.0687305
0.0687441
0.0687577
0.0687713
0.068785
0.0687987
0.0688124
0.0688262
0.06884
0.0688538
0.0688676
0.0688815
0.0688953
0.0689093
0.0689232
0.0689372
0.0689512
0.0689652
0.0689792
0.0689933
0.0690074
0.0690215
0.0690356
0.0690498
0.069064
0.0690782
0.0690925
0.0691068
0.069121
0.0691354
0.0691497
0.0691641
0.0691785
0.0691929
0.0692073
0.0692218
0.0692363
0.0692508
0.0692653
0.0692799
0.0692945
0.0693091
0.0693237
0.0693383
0.069353
0.0693677
0.0693824
0.0693972
0.0694119
0.0694267
0.0694415
0.0694563
0.0694712
0.069486
0.0695009
0.0695158
0.0695308
0.0695457
0.0695607
0.0695757
0.0695907
0.0696058
0.0696208
0.0696359
0.069651
0.0696661
0.0696813
0.0696964
0.0697116
0.0697268
0.069742
0.0697573
0.0697725
0.0697878
0.0698031
0.0698184
0.0698337
0.0698491
0.0698645
0.0698799
0.0698953
0.0699107
0.0699262
0.0699416
0.0699571
0.0699726
0.0699881
0.0700037
0.0700192
0.0700348
0.0700504
0.070066
0.0700817
0.0700973
0.070113
0.0701287
0.0701444
0.0701601
0.0701758
0.0701916
0.0702074
0.0702232
0.070239
0.0702548
0.0702706
0.0702865
0.0703024
0.0703183
0.0703342
0.0703501
0.070366
0.070382
0.070398
0.070414
0.07043
0.070446
0.070462
0.0704781
0.0704941
0.0705102
0.0705263
0.0705425
0.0705586
0.0705747
0.0705909
0.0706071
0.0706233
0.0706395
0.0706557
0.070672
0.0706882
0.0707045
0.0707208
0.0707371
0.0707534
0.0707698
0.0707861
0.0708025
0.0708188
0.0708352
0.0708516
0.0708681
0.0708845
0.070901
0.0709174
0.0709339
0.0709504
0.0709669
0.0709834
0.071
0.0710165
0.0710331
0.0710497
0.0710663
0.0710829
0.0710995
0.0711161
0.0711328
0.0711495
0.0711661
0.0711828
0.0711995
0.0712163
0.071233
0.0712497
0.0712665
0.0712833
0.0713001
0.0713169
0.0713337
0.0713505
0.0713674
0.0713842
0.0714011
0.071418
0.0714349
0.0714518
0.0714687
0.0714856
0.0715026
0.0715195
0.0715365
0.0715535
0.0715705
0.0715875
0.0716045
0.0716216
0.0716386
0.0716557
0.0716728
0.0716899
0.071707
0.0717241
0.0717412
0.0717584
0.0717755
0.0717927
0.0718098
0.071827
0.0718442
0.0718615
0.0718787
0.0718959
0.0719132
0.0719304
0.0719477
0.071965
0.0719823
0.0719996
0.072017
0.0720343
0.0720517
0.072069
0.0720864
0.0721038
0.0721212
0.0721386
0.072156
0.0721735
0.0721909
0.0722084
0.0722258
0.0722433
0.0722608
0.0722783
0.0722959
0.0723134
0.0723309
0.0723485
0.0723661
0.0723836
0.0724012
0.0724188
0.0724365
0.0724541
0.0724717
0.0724894
0.0725071
0.0725247
0.0725424
0.0725601
0.0725778
0.0725956
0.0726133
0.072631
0.0726488
0.0726666
0.0726843
0.0727021
0.0727199
0.0727378
0.0727556
0.0727734
0.0727913
0.0728092
0.072827
0.0728449
0.0728628
0.0728807
0.0728987
0.0729166
0.0729345
0.0729525
0.0729705
0.0729884
0.0730064
0.0730244
0.0730425
0.0730605
0.0730785
0.0730966
0.0731146
0.0731327
0.0731508
0.0731689
0.073187
0.0732051
0.0732233
0.0732414
0.0732596
0.0732777
0.0732959
0.0733141
0.0733323
0.0733505
0.0733688
0.073387
0.0734052
0.0734235
0.0734418
0.0734601
0.0734784
0.0734967
0.073515
0.0735333
0.0735517
0.07357
0.0735884
0.0736068
0.0736252
0.0736436
0.073662
0.0736804
0.0736988
0.0737173
0.0737358
0.0737542
0.0737727
0.0737912
0.0738097
0.0738282
0.0738468
0.0738653
0.0738839
0.0739025
0.073921
0.0739396
0.0739582
0.0739769
0.0739955
0.0740141
0.0740328
0.0740514
0.0740701
0.0740888
0.0741075
0.0741262
0.074145
0.0741637
0.0741824
0.0742012
0.07422
0.0742388
0.0742576
0.0742764
0.0742952
0.074314
0.0743329
0.0743518
0.0743706
0.0743895
0.0744084
0.0744273
0.0744462
0.0744652
0.0744841
0.0745031
0.0745221
0.0745411
0.0745601
0.0745791
0.0745981
0.0746171
0.0746362
0.0746552
0.0746743
0.0746934
0.0747125
0.0747316
0.0747507
0.0747699
0.074789
0.0748082
0.0748274
0.0748466
0.0748658
0.074885
0.0749042
0.0749235
0.0749427
0.074962
0.0749813
0.0750006
0.0750199
0.0750392
0.0750585
0.0750779
0.0750972
0.0751166
0.075136
0.0751554
0.0751748
0.0751942
0.0752137
0.0752331
0.0752526
0.0752721
0.0752916
0.0753111
0.0753306
0.0753502
0.0753697
0.0753893
0.0754089
0.0754284
0.0754481
0.0754677
0.0754873
0.075507
0.0755266
0.0755463
0.075566
0.0755857
0.0756054
0.0756251
0.0756449
0.0756647
0.0756844
0.0757042
0.075724
0.0757439
0.0757637
0.0757835
0.0758034
0.0758233
0.0758432
0.0758631
0.075883
0.0759029
0.0759229
0.0759429
0.0759628
0.0759828
0.0760029
0.0760229
0.0760429
0.076063
0.076083
0.0761031
0.0761232
0.0761434
0.0761635
0.0761836
0.0762038
0.076224
0.0762442
0.0762644
0.0762846
0.0763049
0.0763251
0.0763454
0.0763657
0.076386
0.0764063
0.0764266
0.076447
0.0764674
0.0764878
0.0765082
0.0765286
0.076549
0.0765695
0.0765899
0.0766104
0.0766309
0.0766514
0.076672
0.0766925
0.0767131
0.0767336
0.0767542
0.0767749
0.0767955
0.0768161
0.0768368
0.0768575
0.0768782
0.0768989
0.0769196
0.0769404
0.0769612
0.076982
0.0770028
0.0770236
0.0770444
0.0770653
0.0770862
0.077107
0.077128
0.0771489
0.0771698
0.0771908
0.0772118
0.0772328
0.0772538
0.0772748
0.0772959
0.0773169
0.077338
0.0773591
0.0773803
0.0774014
0.0774226
0.0774438
0.077465
0.0774862
0.0775074
0.0775287
0.07755
0.0775713
0.0775926
0.0776139
0.0776353
0.0776566
0.077678
0.0776994
0.0777209
0.0777423
0.0777638
0.0777853
0.0778068
0.0778283
0.0778499
0.0778714
0.077893
0.0779146
0.0779363
0.0779579
0.0779796
0.0780013
0.078023
0.0780447
0.0780665
0.0780882
0.07811
0.0781318
0.0781537
0.0781755
0.0781974
0.0782193
0.0782412
0.0782632
0.0782851
0.0783071
0.0783291
0.0783511
0.0783732
0.0783952
0.0784173
0.0784394
0.0784616
0.0784837
0.0785059
0.0785281
0.0785503
0.0785726
0.0785948
0.0786171
0.0786394
0.0786618
0.0786841
0.0787065
0.0787289
0.0787513
0.0787738
0.0787962
0.0788187
0.0788412
0.0788638
0.0788863
0.0789089
0.0789315
0.0789542
0.0789768
0.0789995
0.0790222
0.0790449
0.0790677
0.0790905
0.0791133
0.0791361
0.0791589
0.0791818
0.0792047
0.0792276
0.0792506
0.0792736
0.0792965
0.0793196
0.0793426
0.0793657
0.0793888
0.0794119
0.0794351
0.0794582
0.0794814
0.0795047
0.0795279
0.0795512
0.0795745
0.0795978
0.0796212
0.0796445
0.079668
0.0796914
0.0797148
0.0797383
0.0797618
0.0797854
0.0798089
0.0798325
0.0798562
0.0798798
0.0799035
0.0799272
0.0799509
0.0799747
0.0799985
0.0800223
0.0800461
0.08007
0.0800939
0.0801178
0.0801418
0.0801657
0.0801897
0.0802138
0.0802378
0.0802619
0.0802861
0.0803102
0.0803344
0.0803586
0.0803829
0.0804071
0.0804314
0.0804558
0.0804801
0.0805045
0.0805289
0.0805534
0.0805778
0.0806024
0.0806269
0.0806515
0.0806761
0.0807007
0.0807254
0.08075
0.0807748
0.0807995
0.0808243
0.0808491
0.080874
0.0808989
0.0809238
0.0809487
0.0809737
0.0809987
0.0810237
0.0810488
0.0810739
0.081099
0.0811242
0.0811494
0.0811746
0.0811999
0.0812252
0.0812505
0.0812759
0.0813013
0.0813267
0.0813522
0.0813777
0.0814033
0.0814288
0.0814544
0.0814801
0.0815057
0.0815314
0.0815572
0.081583
0.0816088
0.0816346
0.0816605
0.0816864
0.0817124
0.0817383
0.0817644
0.0817904
0.0818165
0.0818427
0.0818688
0.081895
0.0819213
0.0819475
0.0819739
0.0820002
0.0820266
0.082053
0.0820795
0.082106
0.0821325
0.0821591
0.0821857
0.0822123
0.082239
0.0822658
0.0822925
0.0823193
0.0823462
0.082373
0.0824
0.0824269
0.0824539
0.082481
0.082508
0.0825351
0.0825623
0.0825895
0.0826167
0.082644
0.0826713
0.0826987
0.0827261
0.0827535
0.082781
0.0828085
0.0828361
0.0828637
0.0828913
0.082919
0.0829467
0.0829745
0.0830023
0.0830302
0.0830581
0.083086
0.083114
0.083142
0.0831701
0.0831982
0.0832264
0.0832546
0.0832828
0.0833111
0.0833394
0.0833678
0.0833962
0.0834247
0.0834532
0.0834817
0.0835103
0.083539
0.0835677
0.0835964
0.0836252
0.083654
0.0836829
0.0837118
0.0837408
0.0837698
0.0837989
0.083828
0.0838571
0.0838863
0.0839156
0.0839449
0.0839742
0.0840036
0.0840331
0.0840626
0.0840921
0.0841217
0.0841513
0.084181
0.0842108
0.0842406
0.0842704
0.0843003
0.0843302
0.0843602
0.0843902
0.0844203
0.0844505
0.0844807
0.0845109
0.0845412
0.0845716
0.084602
0.0846324
0.0846629
0.0846935
0.0847241
0.0847547
0.0847855
0.0848162
0.0848471
0.0848779
0.0849089
0.0849399
0.0849709
0.085002
0.0850331
0.0850643
0.0850956
0.0851269
0.0851583
0.0851897
0.0852212
0.0852528
0.0852844
0.085316
0.0853477
0.0853795
0.0854113
0.0854432
0.0854752
0.0855072
0.0855392
0.0855714
0.0856035
0.0856358
0.0856681
0.0857004
0.0857329
0.0857654
0.0857979
0.0858305
0.0858632
0.0858959
0.0859287
0.0859615
0.0859944
0.0860274
0.0860604
0.0860935
0.0861267
0.0861599
0.0861932
0.0862266
0.08626
0.0862935
0.086327
0.0863607
0.0863943
0.0864281
0.0864619
0.0864958
0.0865297
0.0865637
0.0865978
0.0866319
0.0866662
0.0867004
0.0867348
0.0867692
0.0868037
0.0868383
0.0868729
0.0869076
0.0869423
0.0869772
0.0870121
0.0870471
0.0870821
0.0871172
0.0871524
0.0871877
0.087223
0.0872584
0.0872939
0.0873295
0.0873651
0.0874008
0.0874366
0.0874724
0.0875084
0.0875444
0.0875805
0.0876166
0.0876528
0.0876892
0.0877255
0.087762
0.0877986
0.0878352
0.0878719
0.0879086
0.0879455
0.0879824
0.0880195
0.0880566
0.0880937
0.088131
0.0881683
0.0882058
0.0882433
0.0882808
0.0883185
0.0883563
0.0883941
0.088432
0.08847
0.0885081
0.0885463
0.0885846
0.0886229
0.0886613
0.0886999
0.0887385
0.0887772
0.0888159
0.0888548
0.0888938
0.0889328
0.0889719
0.0890112
0.0890505
0.0890899
0.0891294
0.089169
0.0892087
0.0892485
0.0892883
0.0893283
0.0893683
0.0894085
0.0894487
0.0894891
0.0895295
0.08957
0.0896107
0.0896514
0.0896922
0.0897331
0.0897742
0.0898153
0.0898565
0.0898978
0.0899392
0.0899808
0.0900224
0.0900641
0.0901059
0.0901478
0.0901899
0.090232
0.0902742
0.0903166
0.090359
0.0904016
0.0904442
0.090487
0.0905299
0.0905728
0.0906159
0.0906591
0.0907024
0.0907458
0.0907894
0.090833
0.0908768
0.0909206
0.0909646
0.0910087
0.0910529
0.0910972
0.0911416
0.0911861
0.0912308
0.0912756
0.0913205
0.0913655
0.0914106
0.0914558
0.0915012
0.0915467
0.0915923
0.091638
0.0916839
0.0917298
0.0917759
0.0918221
0.0918685
0.0919149
0.0919615
0.0920082
0.0920551
0.092102
0.0921491
0.0921964
0.0922437
0.0922912
0.0923388
0.0923865
0.0924344
0.0924824
0.0925306
0.0925788
0.0926272
0.0926758
0.0927245
0.0927733
0.0928222
0.0928713
0.0929205
0.0929699
0.0930194
0.093069
0.0931188
0.0931688
0.0932188
0.093269
0.0933194
0.0933699
0.0934205
0.0934713
0.0935223
0.0935733
0.0936246
0.093676
0.0937275
0.0937792
0.093831
0.093883
0.0939351
0.0939874
0.0940399
0.0940925
0.0941452
0.0941981
0.0942512
0.0943044
0.0943578
0.0944114
0.0944651
0.0945189
0.094573
0.0946272
0.0946815
0.094736
0.0947907
0.0948456
0.0949006
0.0949558
0.0950111
0.0950667
0.0951223
0.0951782
0.0952343
0.0952905
0.0953469
0.0954034
0.0954601
0.0955171
0.0955742
0.0956314
0.0956889
0.0957465
0.0958043
0.0958623
0.0959205
0.0959788
0.0960374
0.0960961
0.096155
0.0962141
0.0962734
0.0963329
0.0963925
0.0964524
0.0965125
0.0965727
0.0966331
0.0966938
0.0967546
0.0968156
0.0968769
0.0969383
0.0969999
0.0970617
0.0971238
0.097186
0.0972484
0.0973111
0.0973739
0.0974369
0.0975002
0.0975637
0.0976274
0.0976912
0.0977553
0.0978197
0.0978842
0.0979489
0.0980139
0.0980791
0.0981445
0.0982101
0.0982759
0.098342
0.0984083
0.0984748
0.0985415
0.0986084
0.0986756
0.098743
0.0988107
0.0988785
0.0989466
0.099015
0.0990835
0.0991524
0.0992214
0.0992907
0.0993602
0.0994299
0.0994999
0.0995702
0.0996406
0.0997114
0.0997823
0.0998536
0.099925
0.0999967
0.100069
0.100141
0.100213
0.100286
0.100359
0.100432
0.100506
0.10058
0.100654
0.100728
0.100802
0.100877
0.100952
0.101027
0.101103
0.101179
0.101255
0.101331
0.101408
0.101485
0.101562
0.10164
0.101717
0.101796
0.101874
0.101952
0.102031
0.10211
0.10219
0.10227
0.10235
0.10243
0.102511
0.102591
0.102673
0.102754
0.102836
0.102918
0.103
0.103083
0.103166
0.103249
0.103333
0.103417
0.103501
0.103585
0.10367
0.103755
0.103841
0.103926
0.104012
0.104099
0.104185
0.104272
0.10436
0.104447
0.104535
0.104623
0.104712
0.104801
0.10489
0.10498
0.105069
0.10516
0.10525
0.105341
0.105432
0.105524
0.105616
0.105708
0.1058
0.105893
0.105986
0.10608
0.106174
0.106268
0.106363
0.106458
0.106553
0.106649
0.106745
0.106841
0.106938
0.107035
0.107132
0.10723
0.107328
0.107426
0.107525
0.107624
0.107724
0.107824
0.107924
0.108025
0.108126
0.108227
0.108329
0.108431
0.108534
0.108636
0.10874
0.108843
0.108947
0.109052
0.109156
0.109262
0.109367
0.109473
0.109579
0.109686
0.109793
0.1099
0.110008
0.110116
0.110225
0.110334
0.110443
0.110553
0.110663
0.110774
0.110885
0.110996
0.111108
0.11122
0.111333
0.111446
0.111559
0.111673
0.111787
0.111902
0.112016
0.112132
0.112248
0.112364
0.11248
0.112597
0.112715
0.112833
0.112951
0.113069
0.113188
0.113308
0.113428
0.113548
0.113669
0.11379
0.113911
0.114033
0.114156
0.114279
0.114402
0.114525
0.114649
0.114774
0.114899
0.115024
0.11515
0.115276
0.115402
0.115529
0.115657
0.115785
0.115913
0.116041
0.11617
0.1163
0.11643
0.11656
0.116691
0.116822
0.116954
0.117086
0.117218
0.117351
0.117484
0.117618
0.117752
0.117887
0.118022
0.118157
0.118293
0.118429
0.118566
0.118703
0.118841
0.118979
0.119117
0.119256
0.119395
0.119535
0.119675
0.119815
0.119956
0.120097
0.120239
0.120381
0.120524
0.120667
0.12081
0.120954
0.121098
0.121243
0.121388
0.121533
0.121679
0.121825
0.121972
0.122119
0.122266
0.122414
0.122562
0.122711
0.12286
0.12301
0.123159
0.12331
0.12346
0.123611
0.123763
0.123915
0.124067
0.12422
0.124373
0.124526
0.12468
0.124834
0.124988
0.125143
0.125299
0.125454
0.12561
0.125767
0.125924
0.126081
0.126238
0.126396
0.126555
0.126713
0.126872
0.127031
0.127191
0.127351
0.127512
0.127672
0.127833
0.127995
0.128157
0.128319
0.128481
0.128644
0.128807
0.128971
0.129135
0.129299
0.129463
0.129628
0.129793
0.129958
0.130124
0.13029
0.130456
0.130623
0.13079
0.130957
0.131125
0.131293
0.131461
0.131629
0.131798
0.131967
0.132136
0.132306
0.132476
0.132646
0.132816
0.132987
0.133158
0.133329
0.1335
0.133672
0.133844
0.134016
0.134188
0.134361
0.134534
0.134707
0.13488
0.135054
0.135228
0.135402
0.135576
0.13575
0.135925
0.1361
0.136275
0.13645
0.136626
0.136801
0.136977
0.137153
0.13733
0.137506
0.137683
0.137859
0.138036
0.138213
0.138391
0.138568
0.138746
0.138923
0.139101
0.139279
0.139457
0.139636
0.139814
0.139993
0.140171
0.14035
0.140529
0.140708
0.140887
0.141066
0.141246
0.141425
0.141605
0.141784
0.141964
0.142144
0.142324
0.142504
0.142684
0.142864
0.143044
0.143224
0.143404
0.143585
0.143765
0.143946
0.144126
0.144307
0.144487
0.144668
0.144848
0.145029
0.14521
0.14539
0.145571
0.145752
0.145932
0.146113
0.146294
0.146475
0.146655
0.146836
0.147017
0.147197
0.147378
0.147558
0.147739
0.14792
0.1481
0.148281
0.148461
0.148641
0.148822
0.149002
0.149182
0.149362
0.149542
0.149722
0.149902
0.150082
0.150262
0.150441
0.150621
0.150801
0.15098
0.151159
0.151339
0.151518
0.151697
0.151876
0.152054
0.152233
0.152412
0.15259
0.152768
0.152947
0.153125
0.153303
0.15348
0.153658
0.153835
0.154013
0.15419
0.154367
0.154544
0.154721
0.154897
0.155074
0.15525
0.155426
0.155602
0.155778
0.155953
0.156129
0.156304
0.156479
0.156654
0.156828
0.157003
0.157177
0.157351
0.157525
0.157698
0.157872
0.158045
0.158218
0.158391
0.158563
0.158736
0.158908
0.15908
0.159251
0.159423
0.159594
0.159765
0.159936
0.160106
0.160276
0.160446
0.160616
0.160786
0.160955
0.161124
0.161293
0.161461
0.16163
0.161798
0.161965
0.162133
0.1623
0.162467
0.162634
0.1628
0.162966
0.163132
0.163298
0.163463
0.163628
0.163793
0.163957
0.164122
0.164286
0.164449
0.164613
0.164776
0.164938
0.165101
0.165263
0.165425
0.165587
0.165748
0.165909
0.16607
0.16623
0.16639
0.16655
0.166709
0.166869
0.167028
0.167186
0.167344
0.167502
0.16766
0.167817
0.167974
0.168131
0.168287
0.168443
0.168599
0.168755
0.16891
0.169065
0.169219
0.169373
0.169527
0.16968
0.169834
0.169986
0.170139
0.170291
0.170443
0.170595
0.170746
0.170897
0.171047
0.171197
0.171347
0.171497
0.171646
0.171795
0.171944
0.172092
0.17224
0.172387
0.172534
0.172681
0.172828
0.172974
0.17312
0.173265
0.173411
0.173555
0.1737
0.173844
0.173988
0.174131
0.174275
0.174417
0.17456
0.174702
0.174844
0.174985
0.175126
0.175267
0.175408
0.175548
0.175687
0.175827
0.175966
0.176105
0.176243
0.176381
0.176519
0.176656
0.176793
0.17693
0.177066
0.177202
0.177338
0.177473
0.177608
0.177742
0.177877
0.178011
0.178144
0.178278
0.17841
0.178543
0.178675
0.178807
0.178939
0.17907
0.179201
0.179331
0.179461
0.179591
0.179721
0.17985
0.179979
0.180107
0.180236
0.180363
0.180491
0.180618
0.180745
0.180871
0.180997
0.181123
0.181249
0.181374
0.181499
0.181623
0.181747
0.181871
0.181995
0.182118
0.182241
0.182363
0.182485
0.182607
0.182729
0.18285
0.182971
0.183091
0.183211
0.183331
0.183451
0.18357
0.183689
0.183807
0.183926
0.184044
0.184161
0.184279
0.184395
0.184512
0.184628
0.184744
0.18486
0.184975
0.18509
0.185205
0.18532
0.185434
0.185547
0.185661
0.185774
0.185887
0.185999
0.186112
0.186224
0.186335
0.186446
0.186557
0.186668
0.186778
0.186888
0.186998
0.187108
0.187217
0.187326
0.187434
0.187542
0.18765
0.187758
0.187865
0.187972
0.188079
0.188185
0.188291
0.188397
0.188503
0.188608
0.188713
0.188817
0.188922
0.189026
0.18913
0.189233
0.189336
0.189439
0.189542
0.189644
0.189746
0.189848
0.189949
0.19005
0.190151
0.190252
0.190352
0.190452
0.190552
0.190651
0.190751
0.19085
0.190948
0.191047
0.191145
0.191242
0.19134
0.191437
0.191534
0.191631
0.191727
0.191824
0.191919
0.192015
0.19211
0.192206
0.1923
0.192395
0.192489
0.192583
0.192677
0.192771
0.192864
0.192957
0.193049
0.193142
0.193234
0.193326
0.193418
0.193509
0.1936
0.193691
0.193782
0.193872
0.193962
0.194052
0.194142
0.194231
0.194321
0.19441
0.194498
0.194587
0.194675
0.194763
0.19485
0.194938
0.195025
0.195112
0.195199
0.195285
0.195371
0.195457
0.195543
0.195629
0.195714
0.195799
0.195884
0.195968
0.196053
0.196137
0.196221
0.196304
0.196388
0.196471
0.196554
0.196636
0.196719
0.196801
0.196883
0.196965
0.197047
0.197128
0.197209
0.19729
0.197371
0.197451
0.197532
0.197612
0.197691
0.197771
0.19785
0.19793
0.198009
0.198087
0.198166
0.198244
0.198322
0.1984
0.198478
0.198555
0.198633
0.19871
0.198787
0.198863
0.19894
0.199016
0.199092
0.199168
0.199243
0.199319
0.199394
0.199469
0.199544
0.199619
0.199693
0.199767
0.199841
0.199915
0.199989
0.200062
0.200135
0.200209
0.200281
0.200354
0.200427
0.200499
0.200571
0.200643
0.200715
0.200786
0.200857
0.200929
0.201
0.20107
0.201141
0.201211
0.201282
0.201352
0.201422
0.201491
0.201561
0.20163
0.201699
0.201768
0.201837
0.201906
0.201974
0.202042
0.20211
0.202178
0.202246
0.202314
0.202381
0.202448
0.202515
0.202582
0.202649
0.202716
0.202782
0.202848
0.202914
0.20298
0.203046
0.203111
0.203177
0.203242
0.203307
0.203372
0.203437
0.203501
0.203566
0.20363
0.203694
0.203758
0.203822
0.203885
0.203949
0.204012
0.204075
0.204138
0.204201
0.204264
0.204326
0.204389
0.204451
0.204513
0.204575
0.204637
0.204698
0.20476
0.204821
0.204882
0.204943
0.205004
0.205065
0.205125
0.205186
0.205246
0.205306
0.205366
0.205426
0.205486
0.205545
0.205605
0.205664
0.205723
0.205782
0.205841
0.2059
0.205959
0.206017
0.206075
0.206134
0.206192
0.20625
0.206307
0.206365
0.206422
0.20648
0.206537
0.206594
0.206651
0.206708
0.206765
0.206821
0.206878
0.206934
0.20699
0.207046
0.207102
0.207158
0.207214
0.207269
0.207325
0.20738
0.207435
0.207491
0.207545
0.2076
0.207655
0.20771
0.207764
0.207818
0.207873
0.207927
0.207981
0.208034
0.208088
0.208142
0.208195
0.208249
0.208302
0.208355
0.208408
0.208461
0.208514
0.208567
0.208619
0.208672
0.208724
0.208776
0.208828
0.20888
0.208932
0.208984
0.209036
0.209087
0.209139
0.20919
0.209241
0.209292
0.209343
0.209394
0.209445
0.209496
0.209546
0.209597
0.209647
0.209698
0.209748
0.209798
0.209848
0.209898
0.209947
0.209997
0.210047
0.210096
0.210146
0.210195
0.210244
0.210293
0.210342
0.210391
0.21044
0.210488
0.210537
0.210585
0.210634
0.210682
0.21073
0.210778
0.210826
0.210874
0.210922
0.210969
0.211017
0.211065
0.211112
0.211159
0.211207
0.211254
0.211301
0.211348
0.211395
0.211441
0.211488
0.211535
0.211581
0.211628
0.211674
0.21172
0.211766
0.211812
0.211858
0.211904
0.21195
0.211996
0.212041
0.212087
0.212132
0.212178
0.212223
0.212268
0.212313
0.212358
0.212403
0.212448
0.212493
0.212538
0.212582
0.212627
0.212671
0.212716
0.21276
0.212804
0.212848
0.212892
0.212936
0.21298
0.213024
0.213068
0.213112
0.213155
0.213199
0.213242
0.213286
0.213329
0.213372
0.213415
0.213458
0.213501
0.213544
0.213587
0.21363
0.213672
0.213715
0.213758
0.2138
0.213842
0.213885
0.213927
0.213969
0.214011
0.214053
0.214095
0.214137
0.214179
0.214221
0.214263
0.214304
0.214346
0.214387
0.214429
0.21447
0.214511
0.214552
0.214594
0.214635
0.214676
0.214717
0.214757
0.214798
0.214839
0.21488
0.21492
0.214961
0.215001
0.215042
0.215082
0.215122
0.215163
0.215203
0.215243
0.215283
0.215323
0.215363
0.215403
0.215442
0.215482
0.215522
0.215561
0.215601
0.21564
0.21568
0.215719
0.215759
0.215798
0.215837
0.215876
0.215915
0.215954
0.215993
0.216032
0.216071
0.21611
0.216148
0.216187
0.216226
0.216264
0.216303
0.216341
0.21638
0.216418
0.216456
0.216494
0.216533
0.216571
0.216609
0.216647
0.216685
0.216723
0.21676
0.216798
0.216836
0.216874
0.216911
0.216949
0.216986
0.217024
0.217061
0.217099
0.217136
0.217173
0.21721
0.217248
0.217285
0.217322
0.217359
0.217396
0.217433
0.21747
0.217506
0.217543
0.21758
0.217617
0.217653
0.21769
0.217726
0.217763
0.217799
0.217836
0.217872
0.217908
0.217945
0.217981
0.218017
0.218053
0.218089
0.218125
0.218161
0.218197
0.218233
0.218269
0.218305
0.21834
0.218376
0.218412
0.218447
0.218483
0.218518
0.218554
0.218589
0.218625
0.21866
0.218695
0.218731
0.218766
0.218801
0.218836
0.218871
0.218907
0.218942
0.218977
0.219012
0.219046
0.219081
0.219116
0.219151
0.219186
0.21922
0.219255
0.21929
0.219324
0.219359
0.219393
0.219428
0.219462
0.219497
0.219531
0.219565
0.2196
0.219634
0.219668
0.219702
0.219736
0.21977
0.219805
0.219839
0.219873
0.219906
0.21994
0.219974
0.220008
0.220042
0.220076
0.220109
0.220143
0.220177
0.22021
0.220244
0.220278
0.220311
0.220345
0.220378
0.220412
0.220445
0.220478
0.220512
0.220545
0.220578
0.220611
0.220645
0.220678
0.220711
0.220744
0.220777
0.22081
0.220843
0.220876
0.220909
0.220942
0.220975
0.221008
0.221041
0.221073
0.221106
0.221139
0.221172
0.221204
0.221237
0.22127
0.221302
0.221335
0.221367
0.2214
0.221432
0.221465
0.221497
0.221529
0.221562
0.221594
0.221626
0.221659
0.221691
0.221723
0.221755
0.221787
0.221819
0.221852
0.221884
0.221916
0.221948
0.22198
0.222012
0.222044
0.222076
0.222107
0.222139
0.222171
0.222203
0.222235
0.222266
0.222298
0.22233
0.222362
0.222393
0.222425
0.222456
0.222488
0.22252
0.222551
0.222583
0.222614
0.222646
0.222677
0.222708
0.22274
0.222771
0.222803
0.222834
0.222865
0.222896
0.222928
0.222959
0.22299
0.223021
0.223053
0.223084
0.223115
0.223146
0.223177
0.223208
0.223239
0.22327
0.223301
0.223332
0.223363
0.223394
0.223425
0.223456
0.223487
0.223517
0.223548
0.223579
0.22361
0.223641
0.223671
0.223702
0.223733
0.223763
0.223794
0.223825
0.223855
0.223886
0.223917
0.223947
0.223978
0.224008
0.224039
0.224069
0.2241
0.22413
0.224161
0.224191
0.224221
0.224252
0.224282
0.224313
0.224343
0.224373
0.224404
0.224434
0.224464
0.224494
0.224525
0.224555
0.224585
0.224615
0.224645
0.224675
0.224706
0.224736
0.224766
0.224796
0.224826
0.224856
0.224886
0.224916
0.224946
0.224976
0.225006
0.225036
0.225066
0.225096
0.225126
0.225156
0.225186
0.225216
0.225245
0.225275
0.225305
0.225335
0.225365
0.225394
0.225424
0.225454
0.225484
0.225513
0.225543
0.225573
0.225603
0.225632
0.225662
0.225692
0.225721
0.225751
0.22578
0.22581
0.22584
0.225869
0.225899
0.225928
0.225958
0.225987
0.226017
0.226046
0.226076
0.226105
0.226135
0.226164
0.226194
0.226223
0.226253
0.226282
0.226312
0.226341
0.22637
0.2264
0.226429
0.226458
0.226488
0.226517
0.226546
0.226576
0.226605
0.226634
0.226664
0.226693
0.226722
0.226751
0.226781
0.22681
0.226839
0.226868
0.226897
0.226927
0.226956
0.226985
0.227014
0.227043
0.227072
0.227102
0.227131
0.22716
0.227189
0.227218
0.227247
0.227276
0.227305
0.227334
0.227364
0.227393
0.227422
0.227451
0.22748
0.227509
0.227538
0.227567
0.227596
0.227625
0.227654
0.227683
0.227712
0.227741
0.22777
0.227799
0.227828
0.227856
0.227885
0.227914
0.227943
0.227972
0.228001
0.22803
0.228059
0.228088
0.228117
0.228146
0.228174
0.228203
0.228232
0.228261
0.22829
0.228319
0.228348
0.228376
0.228405
0.228434
0.228463
0.228492
0.22852
0.228549
0.228578
0.228607
0.228636
0.228664
0.228693
0.228722
0.228751
0.228779
0.228808
0.228837
0.228866
0.228895
0.228923
0.228952
0.228981
0.229009
0.229038
0.229067
0.229096
0.229124
0.229153
0.229182
0.22921
0.229239
0.229268
0.229297
0.229325
0.229354
0.229383
0.229411
0.22944
0.229469
0.229497
0.229526
0.229555
0.229583
0.229612
0.229641
0.229669
0.229698
0.229727
0.229755
0.229784
0.229813
0.229841
0.22987
0.229899
0.229927
0.229956
0.229985
0.230013
0.230042
0.23007
0.230099
0.230128
0.230156
0.230185
0.230214
0.230242
0.230271
0.2303
0.230328
0.230357
0.230385
0.230414
0.230443
0.230471
0.2305
0.230529
0.230557
0.230586
0.230614
0.230643
0.230672
0.2307
0.230729
0.230757
0.230786
0.230815
0.230843
0.230872
0.230901
0.230929
0.230958
0.230986
0.231015
0.231044
0.231072
0.231101
0.23113
0.231158
0.231187
0.231215
0.231244
0.231273
0.231301
0.23133
0.231359
0.231387
0.231416
0.231444
0.231473
0.231502
0.23153
0.231559
0.231588
0.231616
0.231645
0.231674
0.231702
0.231731
0.231759
0.231788
0.231817
0.231845
0.231874
0.231903
0.231931
0.23196
0.231989
0.232017
0.232046
0.232075
0.232103
0.232132
0.232161
0.232189
0.232218
0.232247
0.232275
0.232304
0.232333
0.232361
0.23239
0.232419
0.232448
0.232476
0.232505
0.232534
0.232562
0.232591
0.23262
0.232649
0.232677
0.232706
0.232735
0.232763
0.232792
0.232821
0.23285
0.232878
0.232907
0.232936
0.232965
0.232993
0.233022
0.233051
0.23308
0.233108
0.233137
0.233166
0.233195
0.233224
0.233252
0.233281
0.23331
0.233339
0.233368
0.233396
0.233425
0.233454
0.233483
0.233512
0.233541
0.233569
0.233598
0.233627
0.233656
0.233685
0.233714
0.233742
0.233771
0.2338
0.233829
0.233858
0.233887
0.233916
0.233945
0.233974
0.234002
0.234031
0.23406
0.234089
0.234118
0.234147
0.234176
0.234205
0.234234
0.234263
0.234292
0.234321
0.23435
0.234379
0.234408
0.234437
0.234466
0.234495
0.234524
0.234553
0.234582
0.234611
0.23464
0.234669
0.234698
0.234727
0.234756
0.234785
0.234814
0.234843
0.234872
0.234901
0.23493
0.234959
0.234988
0.235017
0.235046
0.235075
0.235104
0.235134
0.235163
0.235192
0.235221
0.23525
0.235279
0.235308
0.235337
0.235367
0.235396
0.235425
0.235454
0.235483
0.235512
0.235542
0.235571
0.2356
0.235629
0.235658
0.235688
0.235717
0.235746
0.235775
0.235805
0.235834
0.235863
0.235892
0.235922
0.235951
0.23598
0.236009
0.236039
0.236068
0.236097
0.236127
0.236156
0.236185
0.236214
0.236244
0.236273
0.236302
0.236332
0.236361
0.236391
0.23642
0.236449
0.236479
0.236508
0.236537
0.236567
0.236596
0.236626
0.236655
0.236684
0.236714
0.236743
0.236773
0.236802
0.236832
0.236861
0.236891
0.23692
0.23695
0.236979
0.237009
0.237038
0.237068
0.237097
0.237127
0.237156
0.237186
0.237215
0.237245
0.237274
0.237304
0.237333
0.237363
0.237392
0.237422
0.237452
0.237481
0.237511
0.23754
0.23757
0.2376
0.237629
0.237659
0.237689
0.237718
0.237748
0.237777
0.237807
0.237837
0.237866
0.237896
0.237926
0.237956
0.237985
0.238015
0.238045
0.238074
0.238104
0.238134
0.238164
0.238193
0.238223
0.238253
0.238283
0.238312
0.238342
0.238372
0.238402
0.238431
0.238461
0.238491
0.238521
0.238551
0.23858
0.23861
0.23864
0.23867
0.2387
0.23873
0.23876
0.238789
0.238819
0.238849
0.238879
0.238909
0.238939
0.238969
0.238999
0.239028
0.239058
0.239088
0.239118
0.239148
0.239178
0.239208
0.239238
0.239268
0.239298
0.239328
0.239358
0.239388
0.239418
0.239448
0.239478
0.239508
0.239538
0.239568
0.239598
0.239628
0.239658
0.239688
0.239718
0.239748
0.239778
0.239808
0.239838
0.239868
0.239898
0.239928
0.239958
0.239988
0.240018
0.240048
0.240079
0.240109
0.240139
0.240169
0.240199
0.240229
0.240259
0.240289
0.240319
0.240349
0.24038
0.24041
0.24044
0.24047
0.2405
0.24053
0.240561
0.240591
0.240621
0.240651
0.240681
0.240711
0.240742
0.240772
0.240802
0.240832
0.240862
0.240892
0.240923
0.240953
0.240983
0.241013
0.241044
0.241074
0.241104
0.241134
0.241164
0.241195
0.241225
0.241255
0.241285
0.241316
0.241346
0.241376
0.241406
0.241437
0.241467
0.241497
0.241527
0.241558
0.241588
0.241618
0.241649
0.241679
0.241709
0.241739
0.24177
0.2418
0.24183
0.241861
0.241891
0.241921
0.241951
0.241982
0.242012
0.242042
0.242073
0.242103
0.242133
0.242164
0.242194
0.242224
0.242255
0.242285
0.242315
0.242345
0.242376
0.242406
0.242436
0.242467
0.242497
0.242527
0.242558
0.242588
0.242618
0.242649
0.242679
0.242709
0.24274
0.24277
0.2428
0.242831
0.242861
0.242891
0.242922
0.242952
0.242982
0.243013
0.243043
0.243073
0.243104
0.243134
0.243164
0.243195
0.243225
0.243255
0.243286
0.243316
0.243346
0.243377
0.243407
0.243437
0.243467
0.243498
0.243528
0.243558
0.243589
0.243619
0.243649
0.24368
0.24371
0.24374
0.243771
0.243801
0.243831
0.243861
0.243892
0.243922
0.243952
0.243983
0.244013
0.244043
0.244073
0.244104
0.244134
0.244164
0.244194
0.244225
0.244255
0.244285
0.244315
0.244346
0.244376
0.244406
0.244436
0.244467
0.244497
0.244527
0.244557
0.244587
0.244618
0.244648
0.244678
0.244708
0.244738
0.244769
0.244799
0.244829
0.244859
0.244889
0.244919
0.24495
0.24498
0.24501
0.24504
0.24507
0.2451
0.24513
0.245161
0.245191
0.245221
0.245251
0.245281
0.245311
0.245341
0.245371
0.245401
0.245431
0.245461
0.245491
0.245521
0.245551
0.245581
0.245611
0.245641
0.245671
0.245701
0.245731
0.245761
0.245791
0.245821
0.245851
0.245881
0.245911
0.245941
0.245971
0.246001
0.246031
0.246061
0.24609
0.24612
0.24615
0.24618
0.24621
0.24624
0.24627
0.246299
0.246329
0.246359
0.246389
0.246419
0.246448
0.246478
0.246508
0.246537
0.246567
0.246597
0.246627
0.246656
0.246686
0.246716
0.246745
0.246775
0.246805
0.246834
0.246864
0.246893
0.246923
0.246953
0.246982
0.247012
0.247041
0.247071
0.2471
0.24713
0.247159
0.247189
0.247218
0.247248
0.247277
0.247306
0.247336
0.247365
0.247395
0.247424
0.247453
0.247483
0.247512
0.247541
0.247571
0.2476
0.247629
0.247658
0.247688
0.247717
0.247746
0.247775
0.247805
0.247834
0.247863
0.247892
0.247921
0.24795
0.247979
0.248008
0.248037
0.248066
0.248095
0.248124
0.248153
0.248182
0.248211
0.24824
0.248269
0.248298
0.248327
0.248356
0.248385
0.248414
0.248442
0.248471
0.2485
0.248529
0.248558
0.248586
0.248615
0.248644
0.248672
0.248701
0.24873
0.248758
0.248787
0.248815
0.248844
0.248873
0.248901
0.24893
0.248958
0.248987
0.249015
0.249043
0.249072
0.2491
0.249129
0.249157
0.249185
0.249214
0.249242
0.24927
0.249298
0.249327
0.249355
0.249383
0.249411
0.249439
0.249467
0.249496
0.249524
0.249552
0.24958
0.249608
0.249636
0.249664
0.249692
0.24972
0.249747
0.249775
0.249803
0.249831
0.249859
0.249887
0.249914
0.249942
0.24997
0.249998
0.250025
0.250053
0.250081
0.250108
0.250136
0.250163
0.250191
0.250218
0.250246
0.250273
0.250301
0.250328
0.250355
0.250383
0.25041
0.250437
0.250465
0.250492
0.250519
0.250546
0.250574
0.250601
0.250628
0.250655
0.250682
0.250709
0.250736
0.250763
0.25079
0.250817
0.250844
0.250871
0.250898
0.250924
0.250951
0.250978
0.251005
0.251032
0.251058
0.251085
0.251112
0.251138
0.251165
0.251191
0.251218
0.251244
0.251271
0.251297
0.251324
0.25135
0.251376
0.251403
0.251429
0.251455
0.251482
0.251508
0.251534
0.25156
0.251586
0.251612
0.251639
0.251665
0.251691
0.251717
0.251743
0.251768
0.251794
0.25182
0.251846
0.251872
0.251898
0.251923
0.251949
0.251975
0.252
0.252026
0.252052
0.252077
0.252103
0.252128
0.252154
0.252179
0.252204
0.25223
0.252255
0.25228
0.252306
0.252331
0.252356
0.252381
0.252407
0.252432
0.252457
0.252482
0.252507
0.252532
0.252557
0.252582
0.252607
0.252631
0.252656
0.252681
0.252706
0.25273
0.252755
0.25278
0.252804
0.252829
0.252854
0.252878
0.252903
0.252927
0.252951
0.252976
0.253
0.253024
0.253049
0.253073
0.253097
0.253121
0.253146
0.25317
0.253194
0.253218
0.253242
0.253266
0.25329
0.253314
0.253337
0.253361
0.253385
0.253409
0.253433
0.253456
0.25348
0.253504
0.253527
0.253551
0.253574
0.253598
0.253621
0.253645
0.253668
0.253691
0.253715
0.253738
0.253761
0.253784
0.253807
0.25383
0.253854
0.253877
0.2539
0.253923
0.253946
0.253968
0.253991
0.254014
0.254037
0.25406
0.254082
0.254105
0.254128
0.25415
0.254173
0.254195
0.254218
0.25424
0.254263
0.254285
0.254308
0.25433
0.254352
0.254374
0.254397
0.254419
0.254441
0.254463
0.254485
0.254507
0.254529
0.254551
0.254573
0.254595
0.254616
0.254638
0.25466
0.254682
0.254703
0.254725
0.254747
0.254768
0.25479
0.254811
0.254832
0.254854
0.254875
0.254897
0.254918
0.254939
0.25496
0.254981
0.255003
0.255024
0.255045
0.255066
0.255087
0.255108
0.255129
0.255149
0.25517
0.255191
0.255212
0.255232
0.255253
0.255274
0.255294
0.255315
0.255335
0.255356
0.255376
0.255397
0.255417
0.255437
0.255458
0.255478
0.255498
0.255518
0.255538
0.255558
0.255578
0.255598
0.255618
0.255638
0.255658
0.255678
0.255698
0.255718
0.255737
0.255757
0.255777
0.255796
0.255816
0.255835
0.255855
0.255874
0.255894
0.255913
0.255932
0.255952
0.255971
0.25599
0.256009
0.256028
0.256047
0.256067
0.256086
0.256105
0.256123
0.256142
0.256161
0.25618
0.256199
0.256218
0.256236
0.256255
0.256273
0.256292
0.256311
0.256329
0.256348
0.256366
0.256384
0.256403
0.256421
0.256439
0.256457
0.256476
0.256494
0.256512
0.25653
0.256548
0.256566
0.256584
0.256602
0.25662
0.256637
0.256655
0.256673
0.256691
0.256708
0.256726
0.256744
0.256761
0.256779
0.256796
0.256814
0.256831
0.256848
0.256866
0.256883
0.2569
0.256917
0.256934
0.256952
0.256969
0.256986
0.257003
0.25702
0.257037
0.257053
0.25707
0.257087
0.257104
0.25712
0.257137
0.257154
0.25717
0.257187
0.257204
0.25722
0.257236
0.257253
0.257269
0.257286
0.257302
0.257318
0.257334
0.25735
0.257367
0.257383
0.257399
0.257415
0.257431
0.257447
0.257463
0.257478
0.257494
0.25751
0.257526
0.257542
0.257557
0.257573
0.257588
0.257604
0.25762
0.257635
0.25765
0.257666
0.257681
0.257697
0.257712
0.257727
0.257742
0.257757
0.257773
0.257788
0.257803
0.257818
0.257833
0.257848
0.257863
0.257877
0.257892
0.257907
0.257922
0.257937
0.257951
0.257966
0.25798
0.257995
0.25801
0.258024
0.258039
0.258053
0.258067
0.258082
0.258096
0.25811
0.258124
0.258139
0.258153
0.258167
0.258181
0.258195
0.258209
0.258223
0.258237
0.258251
0.258265
0.258279
0.258292
0.258306
0.25832
0.258333
0.258347
0.258361
0.258374
0.258388
0.258401
0.258415
0.258428
0.258442
0.258455
0.258468
0.258482
0.258495
0.258508
0.258521
0.258534
0.258547
0.25856
0.258573
0.258586
0.258599
0.258612
0.258625
0.258638
0.258651
0.258664
0.258676
0.258689
0.258702
0.258714
0.258727
0.25874
0.258752
0.258765
0.258777
0.25879
0.258802
0.258814
0.258827
0.258839
0.258851
0.258863
0.258876
0.258888
0.2589
0.258912
0.258924
0.258936
0.258948
0.25896
0.258972
0.258984
0.258995
0.259007
0.259019
0.259031
0.259043
0.259054
0.259066
0.259077
0.259089
0.259101
0.259112
0.259124
0.259135
0.259146
0.259158
0.259169
0.25918
0.259192
0.259203
0.259214
0.259225
0.259236
0.259248
0.259259
0.25927
0.259281
0.259292
0.259303
0.259313
0.259324
0.259335
0.259346
0.259357
0.259368
0.259378
0.259389
0.2594
0.25941
0.259421
0.259431
0.259442
0.259452
0.259463
0.259473
0.259484
0.259494
0.259504
0.259515
0.259525
0.259535
0.259545
0.259556
0.259566
0.259576
0.259586
0.259596
0.259606
0.259616
0.259626
0.259636
0.259646
0.259656
0.259666
0.259676
0.259685
0.259695
0.259705
0.259714
0.259724
0.259734
0.259743
0.259753
0.259763
0.259772
0.259782
0.259791
0.2598
0.25981
0.259819
0.259829
0.259838
0.259847
0.259856
0.259866
0.259875
0.259884
0.259893
0.259902
0.259911
0.25992
0.259929
0.259938
0.259947
0.259956
0.259965
0.259974
0.259983
0.259992
0.260001
0.260009
0.260018
0.260027
0.260035
0.260044
0.260053
0.260061
0.26007
0.260078
0.260087
0.260095
0.260104
0.260112
0.260121
0.260129
0.260137
0.260146
0.260154
0.260162
0.260171
0.260179
0.260187
0.260195
0.260203
0.260211
0.26022
0.260228
0.260236
0.260244
0.260252
0.26026
0.260268
0.260275
0.260283
0.260291
0.260299
0.260307
0.260315
0.260322
0.26033
0.260338
0.260345
0.260353
0.260361
0.260368
0.260376
0.260383
0.260391
0.260398
0.260406
0.260413
0.260421
0.260428
0.260435
0.260443
0.26045
0.260457
0.260465
0.260472
0.260479
0.260486
0.260494
0.260501
0.260508
0.260515
0.260522
0.260529
0.260536
0.260543
0.26055
0.260557
0.260564
0.260571
0.260578
0.260585
0.260592
0.260598
0.260605
0.260612
0.260619
0.260625
0.260632
0.260639
0.260645
0.260652
0.260659
0.260665
0.260672
0.260678
0.260685
0.260691
0.260698
0.260704
0.260711
0.260717
0.260724
0.26073
0.260736
0.260743
0.260749
0.260755
0.260761
0.260768
0.260774
0.26078
0.260786
0.260792
0.260799
0.260805
0.260811
0.260817
0.260823
0.260829
0.260835
0.260841
0.260847
0.260853
0.260859
0.260865
0.26087
0.260876
0.260882
0.260888
0.260894
0.260899
0.260905
0.260911
0.260917
0.260922
0.260928
0.260934
0.260939
0.260945
0.260951
0.260956
0.260962
0.260967
0.260973
0.260978
0.260984
0.260989
0.260995
0.261
0.261005
0.261011
0.261016
0.261021
0.261027
0.261032
0.261037
0.261043
0.261048
0.261053
0.261058
0.261063
0.261069
0.261074
0.261079
0.261084
0.261089
0.261094
0.261099
0.261104
0.261109
0.261114
0.261119
0.261124
0.261129
0.261134
0.261139
0.261144
0.261149
0.261154
0.261158
0.261163
0.261168
0.261173
0.261178
0.261182
0.261187
0.261192
0.261196
0.261201
0.261206
0.26121
0.261215
0.26122
0.261224
0.261229
0.261233
0.261238
0.261242
0.261247
0.261251
0.261256
0.26126
0.261265
0.261269
0.261274
0.261278
0.261282
0.261287
0.261291
0.261296
0.2613
0.261304
0.261308
0.261313
0.261317
0.261321
0.261325
0.26133
0.261334
0.261338
0.261342
0.261346
0.26135
0.261354
0.261359
0.261363
0.261367
0.261371
0.261375
0.261379
0.261383
0.261387
0.261391
0.261395
0.261399
0.261403
0.261406
0.26141
0.261414
0.261418
0.261422
0.261426
0.26143
0.261433
0.261437
0.261441
0.261445
0.261449
0.261452
0.261456
0.26146
0.261463
0.261467
0.261471
0.261474
0.261478
0.261482
0.261485
0.261489
0.261492
0.261496
0.2615
0.261503
0.261507
0.26151
0.261514
0.261517
0.261521
0.261524
0.261527
0.261531
0.261534
0.261538
0.261541
0.261545
0.261548
0.261551
0.261555
0.261558
0.261561
0.261565
0.261568
0.261571
0.261574
0.261578
0.261581
0.261584
0.261587
0.26159
0.261594
0.261597
0.2616
0.261603
0.261606
0.261609
0.261613
0.261616
0.261619
0.261622
0.261625
0.261628
0.261631
0.261634
0.261637
0.26164
0.261643
0.261646
0.261649
0.261652
0.261655
0.261658
0.261661
0.261664
0.261667
0.261669
0.261672
0.261675
0.261678
0.261681
0.261684
0.261686
0.261689
0.261692
0.261695
0.261698
0.2617
0.261703
0.261706
0.261709
0.261711
0.261714
0.261717
0.261719
0.261722
0.261725
0.261727
0.26173
0.261733
0.261735
0.261738
0.261741
0.261743
0.261746
0.261748
0.261751
0.261753
0.261756
0.261758
0.261761
0.261763
0.261766
0.261768
0.261771
0.261773
0.261776
0.261778
0.261781
0.261783
0.261786
0.261788
0.26179
0.261793
0.261795
0.261798
0.2618
0.261802
0.261805
0.261807
0.261809
0.261812
0.261814
0.261816
0.261818
0.261821
0.261823
0.261825
0.261827
0.26183
0.261832
0.261834
0.261836
0.261839
0.261841
0.261843
0.261845
0.261847
0.261849
0.261852
0.261854
0.261856
0.261858
0.26186
0.261862
0.261864
0.261866
0.261868
0.26187
0.261873
0.261875
0.261877
0.261879
0.261881
0.261883
0.261885
0.261887
0.261889
0.261891
0.261893
0.261895
0.261897
0.261899
0.2619
0.261902
0.261904
0.261906
0.261908
0.26191
0.261912
0.261914
0.261916
0.261918
0.261919
0.261921
0.261923
0.261925
0.261927
0.261929
0.26193
0.261932
0.261934
0.261936
0.261938
0.261939
0.261941
0.261943
0.261945
0.261946
0.261948
0.26195
0.261952
0.261953
0.261955
0.261957
0.261958
0.26196
0.261962
0.261963
0.261965
0.261967
0.261968
0.26197
0.261972
0.261973
0.261975
0.261977
0.261978
0.26198
0.261981
0.261983
0.261985
0.261986
0.261988
0.261989
0.261991
0.261992
0.261994
0.261995
0.261997
0.261998
0.262
0.262001
0.262003
0.262004
0.262006
0.262007
0.262009
0.26201
0.262012
0.262013
0.262015
0.262016
0.262018
0.262019
0.26202
0.262022
0.262023
0.262025
0.262026
0.262027
0.262029
0.26203
0.262032
0.262033
0.262034
0.262036
0.262037
0.262038
0.26204
0.262041
0.262042
0.262044
0.262045
0.262046
0.262048
0.262049
0.26205
0.262051
0.262053
0.262054
0.262055
0.262057
0.262058
0.262059
0.26206
0.262062
0.262063
0.262064
0.262065
0.262066
0.262068
0.262069
0.26207
0.262071
0.262072
0.262074
0.262075
0.262076
0.262077
0.262078
0.262079
0.262081
0.262082
0.262083
0.262084
0.262085
0.262086
0.262087
0.262089
0.26209
0.262091
0.262092
0.262093
0.262094
0.262095
0.262096
0.262097
0.262098
0.262099
0.2621
0.262102
0.262103
0.262104
0.262105
0.262106
0.262107
0.262108
0.262109
0.26211
0.262111
0.262112
0.262113
0.262114
0.262115
0.262116
0.262117
0.262118
0.262119
0.26212
0.262121
0.262122
0.262123
0.262124
0.262125
0.262125
0.262126
0.262127
0.262128
0.262129
0.26213
0.262131
0.262132
0.262133
0.262134
0.262135
0.262136
0.262136
0.262137
0.262138
0.262139
0.26214
0.262141
0.262142
0.262143
0.262143
0.262144
0.262145
0.262146
0.262147
0.262148
0.262149
0.262149
0.26215
0.262151
0.262152
0.262153
0.262153
0.262154
0.262155
0.262156
0.262157
0.262157
0.262158
0.262159
0.26216
0.262161
0.262161
0.262162
0.262163
0.262164
0.262164
0.262165
0.262166
0.262167
0.262167
0.262168
0.262169
0.26217
0.26217
0.262171
0.262172
0.262172
0.262173
0.262174
0.262175
0.262175
0.262176
0.262177
0.262177
0.262178
0.262179
0.262179
0.26218
0.262181
0.262181
0.262182
0.262183
0.262183
0.262184
0.262185
0.262185
0.262186
0.262187
0.262187
0.262188
0.262189
0.262189
0.26219
0.262191
0.262191
0.262192
0.262192
0.262193
0.262194
0.262194
0.262195
0.262195
0.262196
0.262197
0.262197
0.262198
0.262198
0.262199
0.2622
0.2622
0.262201
0.262201
0.262202
0.262202
0.262203
0.262204
0.262204
0.262205
0.262205
0.262206
0.262206
0.262207
0.262207
0.262208
0.262208
0.262209
0.26221
0.26221
0.262211
0.262211
0.262212
0.262212
0.262213
0.262213
0.262214
0.262214
0.262215
0.262215
0.262216
0.262216
0.262217
0.262217
0.262218
0.262218
0.262219
0.262219
0.26222
0.26222
0.26222
0.262221
0.262221
0.262222
0.262222
0.262223
0.262223
0.262224
0.262224
0.262225
0.262225
0.262225
0.262226
0.262226
0.262227
0.262227
0.262228
0.262228
0.262228
0.262229
0.262229
0.26223
0.26223
0.262231
0.262231
0.262231
0.262232
0.262232
0.262233
0.262233
0.262233
0.262234
0.262234
0.262235
0.262235
0.262235
0.262236
0.262236
0.262237
0.262237
0.262237
0.262238
0.262238
0.262238
0.262239
0.262239
0.26224
0.26224
0.26224
0.262241
0.262241
0.262241
0.262242
0.262242
0.262242
0.262243
0.262243
0.262243
0.262244
0.262244
0.262244
0.262245
0.262245
0.262245
0.262246
0.262246
0.262246
0.262247
0.262247
0.262247
0.262248
0.262248
0.262248
0.262249
0.262249
0.262249
0.26225
0.26225
0.26225
0.26225
0.262251
0.262251
0.262251
0.262252
0.262252
0.262252
0.262252
0.262253
0.262253
0.262253
0.262254
0.262254
0.262254
0.262254
0.262255
0.262255
0.262255
0.262256
0.262256
0.262256
0.262256
0.262257
0.262257
0.262257
0.262257
0.262258
0.262258
0.262258
0.262258
0.262259
0.262259
0.262259
0.262259
0.26226
0.26226
0.26226
0.26226
0.262261
0.262261
0.262261
0.262261
0.262262
0.262262
0.262262
0.262262
0.262262
0.262263
0.262263
0.262263
0.262263
0.262264
0.262264
0.262264
0.262264
0.262264
0.262265
0.262265
0.262265
0.262265
0.262265
0.262266
0.262266
0.262266
0.262266
0.262266
0.262267
0.262267
0.262267
0.262267
0.262267
0.262268
0.262268
0.262268
0.262268
0.262268
0.262269
0.262269
0.262269
0.262269
0.262269
0.262269
0.26227
0.26227
0.26227
0.26227
0.26227
0.26227
0.262271
0.262271
0.262271
0.262271
0.262271
0.262271
0.262272
0.262272
0.262272
0.262272
0.262272
0.262272
0.262273
0.262273
0.262273
0.262273
0.262273
0.262273
0.262273
0.262274
0.262274
0.262274
0.262274
0.262274
0.262274
0.262274
0.262275
0.262275
0.262275
0.262275
0.262275
0.262275
0.262275
0.262276
0.262276
0.262276
0.262276
0.262276
0.262276
0.262276
0.262276
0.262277
0.262277
0.262277
0.262277
0.262277
0.262277
0.262277
0.262277
0.262278
0.262278
0.262278
0.262278
0.262278
0.262278
0.262278
0.262278
0.262278
0.262279
0.262279
0.262279
0.262279
0.262279
0.262279
0.262279
0.262279
0.262279
0.262279
0.26228
0.26228
0.26228
0.26228
0.26228
0.26228
0.26228
0.26228
0.26228
0.26228
0.26228
0.262281
0.262281
0.262281
0.262281
0.262281
0.262281
0.262281
0.262281
0.262281
0.262281
0.262281
0.262281
0.262282
0.262282
0.262282
0.262282
0.262282
0.262282
0.262282
0.262282
0.262282
0.262282
0.262282
0.262282
0.262282
0.262283
0.262283
0.262283
0.262283
0.262283
0.262283
0.262283
0.262283
0.262283
0.262283
0.262283
0.262283
0.262283
0.262283
0.262283
0.262283
0.262284
0.262284
0.262284
0.262284
0.262284
0.262284
0.262284
0.262284
0.262284
0.262284
0.262284
0.262284
0.262284
0.262284
0.262284
0.262284
0.262284
0.262284
0.262284
0.262284
0.262285
0.262285
0.262285
0.262285
0.262285
0.262285
0.262285
0.262285
0.262285
0.262285
0.262285
0.262285
0.262285
0.262285
0.262285
0.262285
0.262285
0.262285
0.262285
0.262285
0.262285
0.262285
0.262285
0.262285
0.262285
0.262285
0.262285
0.262286
0.262286
0.262286
0.262286
0.262286
0.262286
0.262286
0.262286
0.262286
0.262286
0.262286
0.262286
0.262286
0.262286
0.262286
0.262286
0.262286
0.262286
0.262286
0.262286
0.262286
0.262286
0.262286
0.262286
0.262286
0.262286
0.262286
0.262286
0.262286
0.262286
0.262286
0.262286
0.262286
0.262286
0.262286
0.262286
0.262286
0.262286
0.262286
0.262286
0.262286
0.262286
0.262286
0.262286
0.262286
0.262286
0.262286
0.262286
0.262286
0.262286
0.262286
0.262286
0.262286
0.262286
0.262286
0.262286
0.262286
0.262286
0.262286
0.262286
0.262286
0.262286
0.262286
0.262286
0.262286
0.262286
0.262286
0.262286
0.262286
0.262286
0.262286
0.262286
0.262286
0.262286
0.262286
0.262286
0.262286
0.262286
0.262286
0.262286
0.262286
0.262286
0.262286
0.262286
0.262286
0.262286
0.262286
0.262286
0.262286
0.262286
0.262286
0.262286
0.262286
0.262286
0.262286
0.262286
0.262286
0.262286
0.262286
0.262286
0.262286
0.262286
0.262286
0.262286
0.262286
0.262286
0.262286
0.262286
0.262286
0.262286
0.262286
0.262286
0.262286
0.262286
0.262286
0.262286
0.262286
0.262286
0.262286
0.262286
0.262286
0.262286
0.262286
0.262286
0.262286
0.262286
0.262286
0.262286
0.262286
0.262286
0.262286
0.262286
0.262286
0.262286
0.262286
0.262286
0.262286
0.262286
0.262286
0.262285
0.262285
0.262285
0.262285
0.262285
0.262285
0.262285
0.262285
0.262285
0.262285
0.262285
0.262285
0.262285
0.262285
0.262285
0.262285
0.262285
0.262285
0.262285
0.262285
0.262285
0.262285
0.262285
0.262285
0.262285
0.262285
0.262285
0.262285
0.262285
0.262285
0.262285
0.262285
0.262285
0.262285
0.262285
0.262285
0.262285
0.262285
0.262284
0.262284
0.262284
0.262284
0.262284
0.262284
0.262284
0.262284
0.262284
0.262284
0.262284
0.262284
0.262284
0.262284
0.262284
0.262284
0.262284
0.262284
0.262284
0.262284
0.262284
0.262284
0.262284
0.262284
0.262284
0.262284
0.262284
0.262284
0.262284
0.262284
0.262283
0.262283
0.262283
0.262283
0.262283
0.262283
0.262283
0.262283
0.262283
0.262283
0.262283
0.262283
0.262283
0.262283
0.262283
0.262283
0.262283
0.262283
0.262283
0.262283
0.262283
0.262283
0.262283
0.262283
0.262283
0.262283
0.262283
0.262282
0.262282
0.262282
0.262282
0.262282
0.262282
0.262282
0.262282
0.262282
0.262282
0.262282
0.262282
0.262282
0.262282
0.262282
0.262282
0.262282
0.262282
0.262282
0.262282
0.262282
0.262282
0.262282
0.262282
0.262282
0.262281
0.262281
0.262281
0.262281
0.262281
0.262281
0.262281
0.262281
0.262281
0.262281
0.262281
0.262281
0.262281
0.262281
0.262281
0.262281
0.262281
0.262281
0.262281
0.262281
0.262281
0.262281
0.262281
0.262281
0.26228
0.26228
0.26228
0.26228
0.26228
0.26228
0.26228
0.26228
0.26228
0.26228
0.26228
0.26228
0.26228
0.26228
0.26228
0.26228
0.26228
0.26228
0.26228
0.26228
0.26228
0.26228
0.26228
0.262279
0.262279
0.262279
0.262279
0.262279
0.262279
0.262279
0.262279
0.262279
0.262279
0.262279
0.262279
0.262279
0.262279
0.262279
0.262279
0.262279
0.262279
0.262279
0.262279
0.262279
0.262279
0.262278
0.262278
0.262278
0.262278
0.262278
0.262278
0.262278
0.262278
0.262278
0.262278
0.262278
0.262278
0.262278
0.262278
0.262278
0.262278
0.262278
0.262278
0.262278
0.262278
0.262278
0.262278
0.262277
0.262277
0.262277
0.262277
0.262277
0.262277
0.262277
0.262277
0.262277
0.262277
0.262277
0.262277
0.262277
0.262277
0.262277
0.262277
0.262277
0.262277
0.262277
0.262277
0.262277
0.262277
0.262276
0.262276
0.262276
0.262276
0.262276
0.262276
0.262276
0.262276
0.262276
0.262276
0.262276
0.262276
0.262276
0.262276
0.262276
0.262276
0.262276
0.262276
0.262276
0.262276
0.262276
0.262275
0.262275
0.262275
0.262275
0.262275
0.262275
0.262275
0.262275
0.262275
0.262275
0.262275
0.262275
0.262275
0.262275
0.262275
0.262275
0.262275
0.262275
0.262275
0.262275
0.262275
0.262275
0.262274
0.262274
0.262274
0.262274
0.262274
0.262274
0.262274
0.262274
0.262274
0.262274
0.262274
0.262274
0.262274
0.262274
0.262274
0.262274
0.262274
0.262274
0.262274
0.262274
0.262274
0.262273
0.262273
0.262273
0.262273
0.262273
0.262273
0.262273
0.262273
0.262273
0.262273
0.262273
0.262273
0.262273
0.262273
0.262273
0.262273
0.262273
0.262273
0.262273
0.262273
0.262273
0.262273
0.262272
0.262272
0.262272
0.262272
0.262272
0.262272
0.262272
0.262272
0.262272
0.262272
0.262272
0.262272
0.262272
0.262272
0.262272
0.262272
0.262272
0.262272
0.262272
0.262272
0.262272
0.262272
0.262271
0.262271
0.262271
0.262271
0.262271
0.262271
0.262271
0.262271
0.262271
0.262271
0.262271
0.262271
0.262271
0.262271
0.262271
0.262271
0.262271
0.262271
0.262271
0.262271
0.262271
0.262271
0.26227
0.26227
0.26227
0.26227
0.26227
0.26227
0.26227
0.26227
0.26227
0.26227
0.26227
0.26227
0.26227
0.26227
0.26227
0.26227
0.26227
0.26227
0.26227
0.26227
0.26227
0.26227
0.26227
0.262269
0.262269
0.262269
0.262269
0.262269
0.262269
0.262269
0.262269
0.262269
0.262269
0.262269
0.262269
0.262269
0.262269
0.262269
0.262269
0.262269
0.262269
0.262269
0.262269
0.262269
0.262269
0.262269
0.262268
0.262268
0.262268
0.262268
0.262268
0.262268
0.262268
0.262268
0.262268
0.262268
0.262268
0.262268
0.262268
0.262268
0.262268
0.262268
0.262268
0.262268
0.262268
0.262268
0.262268
0.262268
0.262268
0.262268
0.262267
0.262267
0.262267
0.262267
0.262267
0.262267
0.262267
0.262267
0.262267
0.262267
0.262267
0.262267
0.262267
0.262267
0.262267
0.262267
0.262267
0.262267
0.262267
0.262267
0.262267
0.262267
0.262267
0.262267
0.262266
0.262266
0.262266
0.262266
0.262266
0.262266
0.262266
0.262266
0.262266
0.262266
0.262266
0.262266
0.262266
0.262266
0.262266
0.262266
0.262266
0.262266
0.262266
0.262266
0.262266
0.262266
0.262266
0.262266
0.262266
0.262265
0.262265
0.262265
0.262265
0.262265
0.262265
0.262265
0.262265
0.262265
0.262265
0.262265
0.262265
0.262265
0.262265
0.262265
0.262265
0.262265
0.262265
0.262265
0.262265
0.262265
0.262265
0.262265
0.262265
0.262265
0.262265
0.262264
0.262264
0.262264
0.262264
0.262264
0.262264
0.262264
0.262264
0.262264
0.262264
0.262264
0.262264
0.262264
0.262264
0.262264
0.262264
0.262264
0.262264
0.262264
0.262264
0.262264
0.262264
0.262264
0.262264
0.262264
0.262264
0.262264
0.262263
0.262263
0.262263
0.262263
0.262263
0.262263
0.262263
0.262263
0.262263
0.262263
0.262263
0.262263
0.262263
0.262263
0.262263
0.262263
0.262263
0.262263
0.262263
0.262263
0.262263
0.262263
0.262263
0.262263
0.262263
0.262263
0.262263
0.262263
0.262262
0.262262
0.262262
0.262262
0.262262
0.262262
0.262262
0.262262
0.262262
0.262262
0.262262
0.262262
0.262262
0.262262
0.262262
0.262262
0.262262
0.262262
0.262262
0.262262
0.262262
0.262262
0.262262
0.262262
0.262262
0.262262
0.262262
0.262262
0.262262
0.262261
0.262261
0.262261
0.262261
0.262261
0.262261
0.262261
0.262261
0.262261
0.262261
0.262261
0.262261
0.262261
0.262261
0.262261
0.262261
0.262261
0.262261
0.262261
0.262261
0.262261
0.262261
0.262261
0.262261
0.262261
0.262261
0.262261
0.262261
0.262261
0.262261
0.262261
0.26226
0.26226
0.26226
0.26226
0.26226
0.26226
0.26226
0.26226
0.26226
0.26226
0.26226
0.26226
0.26226
0.26226
0.26226
0.26226
0.26226
0.26226
0.26226
0.26226
0.26226
0.26226
0.26226
0.26226
0.26226
0.26226
0.26226
0.26226
0.26226
0.26226
0.26226
0.26226
0.26226
0.262259
0.262259
0.262259
0.262259
0.262259
0.262259
0.262259
0.262259
0.262259
0.262259
0.262259
0.262259
0.262259
0.262259
0.262259
0.262259
0.262259
0.262259
0.262259
0.262259
0.262259
0.262259
0.262259
0.262259
0.262259
0.262259
0.262259
0.262259
0.262259
0.262259
0.262259
0.262259
0.262259
0.262259
0.262259
0.262258
0.262258
0.262258
0.262258
0.262258
0.262258
0.262258
0.262258
0.262258
0.262258
0.262258
0.262258
0.262258
0.262258
0.262258
0.262258
0.262258
0.262258
0.262258
0.262258
0.262258
0.262258
0.262258
0.262258
0.262258
0.262258
0.262258
0.262258
0.262258
0.262258
0.262258
0.262258
0.262258
0.262258
0.262258
0.262258
0.262258
0.262258
0.262257
0.262257
0.262257
0.262257
0.262257
0.262257
0.262257
0.262257
0.262257
0.262257
0.262257
0.262257
0.262257
0.262257
0.262257
0.262257
0.262257
0.262257
0.262257
0.262257
0.262257
0.262257
0.262257
0.262257
0.262257
0.262257
0.262257
0.262257
0.262257
0.262257
0.262257
0.262257
0.262257
0.262257
0.262257
0.262257
0.262257
0.262257
0.262257
0.262257
0.262257
0.262256
0.262256
0.262256
0.262256
0.262256
0.262256
0.262256
0.262256
0.262256
0.262256
0.262256
0.262256
0.262256
0.262256
0.262256
0.262256
0.262256
0.262256
0.262256
0.262256
0.262256
0.262256
0.262256
0.262256
0.262256
0.262256
0.262256
0.262256
0.262256
0.262256
0.262256
0.262256
0.262256
0.262256
0.262256
0.262256
0.262256
0.262256
0.262256
0.262256
0.262256
0.262256
0.262256
0.262256
0.262256
0.262256
0.262255
0.262255
0.262255
0.262255
0.262255
0.262255
0.262255
0.262255
0.262255
0.262255
0.262255
0.262255
0.262255
0.262255
0.262255
0.262255
0.262255
0.262255
0.262255
0.262255
0.262255
0.262255
0.262255
0.262255
0.262255
0.262255
0.262255
0.262255
0.262255
0.262255
0.262255
0.262255
0.262255
0.262255
0.262255
0.262255
0.262255
0.262255
0.262255
0.262255
0.262255
0.262255
0.262255
0.262255
0.262255
0.262255
0.262255
0.262255
0.262255
0.262255
0.262255
0.262255
0.262254
0.262254
0.262254
0.262254
0.262254
0.262254
0.262254
0.262254
0.262254
0.262254
0.262254
0.262254
0.262254
0.262254
0.262254
0.262254
0.262254
0.262254
0.262254
0.262254
0.262254
0.262254
0.262254
0.262254
0.262254
0.262254
0.262254
0.262254
0.262254
0.262254
0.262254
0.262254
0.262254
0.262254
0.262254
0.262254
0.262254
0.262254
0.262254
0.262254
0.262254
0.262254
0.262254
0.262254
0.262254
0.262254
0.262254
0.262254
0.262254
0.262254
0.262254
0.262254
0.262254
0.262254
0.262254
0.262254
0.262254
0.262254
0.262254
0.262254
0.262254
0.262253
0.262253
0.262253
0.262253
0.262253
0.262253
0.262253
0.262253
0.262253
0.262253
0.262253
0.262253
0.262253
0.262253
0.262253
0.262253
0.262253
0.262253
0.262253
0.262253
0.262253
0.262253
0.262253
0.262253
0.262253
0.262253
0.262253
0.262253
0.262253
0.262253
0.262253
0.262253
0.262253
0.262253
0.262253
0.262253
0.262253
0.262253
0.262253
0.262253
0.262253
0.262253
0.262253
0.262253
0.262253
0.262253
0.262253
0.262253
0.262253
0.262253
0.262253
0.262253
0.262253
0.262253
0.262253
0.262253
0.262253
0.262253
0.262253
0.262253
0.262253
0.262253
0.262253
0.262253
0.262253
0.262253
0.262253
0.262253
0.262253
0.262253
0.262253
0.262253
0.262253
0.262253
0.262252
0.262252
0.262252
0.262252
0.262252
0.262252
0.262252
0.262252
0.262252
0.262252
0.262252
0.262252
0.262252
0.262252
0.262252
0.262252
0.262252
0.262252
0.262252
0.262252
0.262252
0.262252
0.262252
0.262252
0.262252
0.262252
0.262252
0.262252
0.262252
0.262252
0.262252
0.262252
0.262252
0.262252
0.262252
0.262252
0.262252
0.262252
0.262252
0.262252
0.262252
0.262252
0.262252
0.262252
0.262252
0.262252
0.262252
0.262252
0.262252
0.262252
0.262252
0.262252
0.262252
0.262252
0.262252
0.262252
0.262252
0.262252
0.262252
0.262252
0.262252
0.262252
0.262252
0.262252
0.262252
0.262252
0.262252
0.262252
0.262252
0.262252
0.262252
0.262252
0.262252
0.262252
0.262252
0.262252
0.262252
0.262252
0.262252
0.262252
0.262252
0.262252
0.262252
0.262252
0.262252
0.262252
0.262252
0.262252
0.262252
0.262252
0.262252
0.262252
0.262252
0.262252
0.262252
0.262252
0.262252
0.262252
0.262252
0.262252
0.262252
0.262252
0.262252
0.262251
0.262251
0.262251
0.262251
0.262251
0.262251
0.262251
0.262251
0.262251
0.262251
0.262251
0.262251
0.262251
0.262251
0.262251
0.262251
0.262251
0.262251
0.262251
0.262251
0.262251
0.262251
0.262251
0.262251
0.262251
0.262251
0.262251
0.262251
0.262251
0.262251
0.262251
0.262251
0.262251
0.262251
0.262251
0.262251
0.262251
0.262251
0.262251
0.262251
0.262251
0.262251
0.262251
0.262251
0.262251
0.262251
0.262251
0.262251
0.262251
0.262251
0.262251
0.262251
0.262251
0.262251
0.262251
0.262251
0.262251
0.262251
0.262251
0.262251
0.262251
0.262251
0.262251
0.262251
0.262251
0.262251
0.262251
0.262251
0.262251
0.262251
0.262251
0.262251
0.262251
0.262251
0.262251
0.262251
0.262251
0.262251
0.262251
0.262251
0.262251
0.262251
0.262251
0.262251
0.262251
0.262251
0.262251
0.262251
0.262251
0.262251
0.262251
0.262251
0.262251
0.262251
0.262251
0.262251
0.262251
0.262251
0.262251
0.262251
0.262251
0.262251
0.262251
0.262251
0.262251
0.262251
0.262251
0.262251
0.262251
0.262251
0.262251
0.262251
0.262251
0.262251
0.262251
0.262251
0.262251
0.262251
0.262251
0.262251
0.262251
0.262251
0.262251
0.262251
0.262251
0.262251
0.262251
0.262251
0.262251
0.262251
0.262251
0.262251
0.262251
0.262251
0.262251
0.262251
0.262251
0.262251
0.262251
0.262251
0.262251
0.262251
0.262251
0.262251
0.262251
0.262251
0.262251
0.262251
0.262251
0.262251
0.262251
0.262251
0.262251
0.262251
0.262251
0.262251
0.262251
0.262251
0.262251
0.262251
0.262251
0.262251
0.262251
0.262251
0.262251
0.262251
0.262251
0.262251
0.262251
0.262251
0.262251
0.262251
0.262251
0.262251
0.262251
0.262251
0.262251
0.262251
0.262251
0.262251
0.262251
0.262251
0.262251
0.262251
0.262251
0.262251
0.262251
0.262251
0.262251
0.262251
0.262251
0.262251
0.262251
0.262251
0.262251
0.262251
0.262251
0.262251
0.262251
0.262251
0.262251
0.262251
0.262251
0.262251
0.262251
0.262251
0.262251
0.262251
0.262251
0.262251
0.262251
0.262251
0.262251
0.262251
0.262251
0.262251
0.262251
0.262251
0.262251
0.262251
0.262251
0.262251
0.262251
0.262251
0.262251
0.262251
0.262251
0.262251
0.262251
0.262251
0.262251
0.262251
0.262251
0.262251
0.262251
0.262251
0.262251
0.262251
0.262251
0.262251
0.262251
0.262251
0.262251
0.262251
0.262251
0.262251
0.262251
0.262251
0.262251
0.262251
0.262251
0.262251
0.262251
0.262251
0.262251
0.262251
0.262251
0.262251
0.262251
0.26225
0.26225
0.26225
0.26225
0.26225
0.26225
0.26225
0.26225
0.26225
0.26225
0.26225
0.26225
0.26225
0.26225
0.26225
0.26225
0.26225
0.26225
0.26225
0.26225
0.26225
0.26225
0.26225
0.26225
0.26225
0.26225
0.26225
0.26225
0.26225
0.26225
0.26225
0.26225
0.26225
0.26225
0.26225
0.26225
0.26225
0.262251
0.262251
0.262251
0.262251
0.262251
0.262251
0.262251
0.262251
0.262251
0.262251
0.262251
0.262251
0.262251
0.262251
0.262251
0.262251
0.262251
0.262251
0.262251
0.262251
0.262251
0.262251
0.262251
0.262251
0.262251
0.262251
0.262251
0.262251
0.262251
0.262251
0.262251
0.262251
0.262251
0.262251
0.262251
0.262251
0.262251
0.262251
0.262251
0.262251
0.262251
0.262251
0.262251
0.262251
0.262251
0.262251
0.262251
0.262251
0.262251
0.262251
0.262251
0.262251
0.262251
0.262251
0.262251
0.262251
0.262251
0.262251
0.262251
0.262251
0.262251
0.262251
0.262251
0.262251
0.262251
0.262251
0.262251
0.262251
0.262251
0.262251
0.262251
0.262251
0.262251
0.262251
0.262251
0.262251
0.262251
0.262251
0.262251
0.262251
0.262251
0.262251
0.262251
0.262251
0.262251
0.262251
0.262251
0.262251
0.262251
0.262251
0.262251
0.262251
0.262251
0.262251
0.262251
0.262251
0.262251
0.262251
0.262251
0.262251
0.262251
0.262251
0.262251
0.262251
0.262251
0.262251
0.262251
0.262251
0.262251
0.262251
0.262251
0.262251
0.262251
0.262251
0.262251
0.262251
0.262251
0.262251
0.262251
0.262251
0.262251
0.262251
0.262251
0.262251
0.262251
0.262251
0.262251
0.262251
0.262251
0.262251
0.262251
0.262251
0.262251
0.262251
0.262251
0.262251
0.262251
0.262251
0.262251
0.262251
0.262251
0.262251
0.262251
0.262251
0.262251
0.262251
0.262251
0.262251
0.262251
0.262251
0.262251
0.262251
0.262251
0.262251
0.262251
0.262251
0.262251
0.262251
0.262251
0.262251
0.262251
0.262251
0.262251
0.262251
0.262251
0.262251
0.262251
0.262251
0.262251
0.262251
0.262251
0.262251
0.262251
0.262251
0.262251
0.262251
0.262251
0.262251
0.262251
0.262251
0.262251
0.262251
0.262251
0.262251
0.262251
0.262251
0.262251
0.262251
0.262251
0.262251
0.262251
0.262251
0.262251
0.262251
0.262251
0.262251
0.262251
0.262251
0.262251
0.262251
0.262251
0.262251
0.262251
0.262251
0.262251
0.262251
0.262251
0.262251
0.262251
0.262251
0.262251
0.262251
0.262251
0.262251
0.262251
0.262251
0.262251
0.262251
0.262251
0.262251
0.262251
0.262251
0.262251
0.262251
0.262251
0.262251
0.262251
0.262251
0.262251
0.262251
0.262251
0.262251
0.262251
0.262251
0.262251
0.262251
0.262251
0.262251
0.262251
0.262251
0.262251
0.262251
0.262251
0.262251
0.262251
0.262251
0.262251
0.262251
0.262251
0.262251
0.262251
0.262251
0.262251
0.262251
0.262251
0.262251
0.262251
0.262251
0.262251
0.262251
0.262251
0.262251
0.262251
0.262251
0.262251
0.262251
0.262251
0.262251
0.262251
0.262251
0.262251
0.262251
0.262251
0.262251
0.262251
0.262251
0.262251
0.262251
0.262251
0.262251
0.262251
0.262251
0.262251
0.262251
0.262251
0.262251
0.262251
0.262251
0.262251
0.262251
0.262251
0.262251
0.262251
0.262251
0.262251
0.262251
0.262251
0.262251
0.262251
0.262251
0.262251
0.262251
0.262251
0.262251
0.262251
0.262251
0.262251
0.262251
0.262251
0.262251
0.262251
0.262251
0.262251
0.262251
0.262251
0.262251
0.262251
0.262251
0.262251
0.262251
0.262251
0.262252
0.262252
0.262252
0.262252
0.262252
0.262252
0.262252
0.262252
0.262252
0.262252
0.262252
0.262252
0.262252
0.262252
0.262252
0.262252
0.262252
0.262252
0.262252
0.262252
0.262252
0.262252
0.262252
0.262252
0.262252
0.262252
0.262252
0.262252
0.262252
0.262252
0.262252
0.262252
0.262252
0.262252
0.262252
0.262252
0.262252
0.262252
0.262252
0.262252
0.262252
0.262252
0.262252
0.262252
0.262252
0.262252
0.262252
0.262252
0.262252
0.262252
0.262252
0.262252
0.262252
0.262252
0.262252
0.262252
0.262252
0.262252
0.262252
0.262252
0.262252
0.262252
0.262252
0.262252
0.262252
0.262252
0.262252
0.262252
0.262252
0.262252
0.262252
0.262252
0.262252
0.262252
0.262252
0.262252
0.262252
0.262252
0.262252
0.262252
0.262252
0.262252
0.262252
0.262252
0.262252
0.262252
0.262252
0.262252
0.262252
0.262252
0.262252
0.262252
0.262252
0.262252
0.262252
0.262252
0.262252
0.262252
0.262252
0.262252
0.262252
0.262252
0.262252
0.262252
0.262252
0.262252
0.262252
0.262252
0.262252
0.262252
0.262252
0.262252
0.262252
0.262252
0.262252
0.262252
0.262252
0.262252
0.262252
0.262252
0.262252
0.262252
0.262252
0.262252
0.262252
0.262252
0.262252
0.262252
0.262252
0.262252
0.262252
0.262252
0.262252
0.262252
0.262252
0.262252
0.262252
0.262252
0.262252
0.262252
0.262252
0.262252
0.262252
0.262252
0.262252
0.262252
0.262252
0.262252
0.262252
0.262252
0.262252
0.262252
0.262252
0.262252
0.262252
0.262252
0.262252
0.262252
0.262252
0.262252
0.262252
0.262252
0.262252
0.262252
0.262252
0.262252
0.262253
0.262253
0.262253
0.262253
0.262253
0.262253
0.262253
0.262253
0.262253
0.262253
0.262253
0.262253
0.262253
0.262253
0.262253
0.262253
0.262253
0.262253
0.262253
0.262253
0.262253
0.262253
0.262253
0.262253
0.262253
0.262253
0.262253
0.262253
0.262253
0.262253
0.262253
0.262253
0.262253
0.262253
0.262253
0.262253
0.262253
0.262253
0.262253
0.262253
0.262253
0.262253
0.262253
0.262253
0.262253
0.262253
0.262253
0.262253
0.262253
0.262253
0.262253
0.262253
0.262253
0.262253
0.262253
0.262253
0.262253
0.262253
0.262253
0.262253
0.262253
0.262253
0.262253
0.262253
0.262253
0.262253
0.262253
0.262253
0.262253
0.262253
0.262253
0.262253
0.262253
0.262253
0.262253
0.262253
0.262253
0.262253
0.262253
0.262253
0.262253
0.262253
0.262253
0.262253
0.262253
0.262253
0.262253
0.262253
0.262253
0.262253
0.262253
0.262253
0.262253
0.262253
0.262253
0.262253
0.262253
0.262253
0.262253
0.262253
0.262253
0.262253
0.262253
0.262253
0.262253
0.262253
0.262253
0.262253
0.262253
0.262253
0.262253
0.262253
0.262253
0.262253
0.262253
0.262253
0.262253
0.262253
0.262253
0.262253
0.262253
0.262253
0.262253
0.262253
0.262253
0.262253
0.262253
0.262253
0.262253
0.262253
0.262253
0.262253
0.262253
0.262253
0.262253
0.262253
0.262253
0.262253
0.262253
0.262253
0.262253
0.262254
0.262254
0.262254
0.262254
0.262254
0.262254
0.262254
0.262254
0.262254
0.262254
0.262254
0.262254
0.262254
0.262254
0.262254
0.262254
0.262254
0.262254
0.262254
0.262254
0.262254
0.262254
0.262254
0.262254
0.262254
0.262254
0.262254
0.262254
0.262254
0.262254
0.262254
0.262254
0.262254
0.262254
0.262254
0.262254
0.262254
0.262254
0.262254
0.262254
0.262254
0.262254
0.262254
0.262254
0.262254
0.262254
0.262254
0.262254
0.262254
0.262254
0.262254
0.262254
0.262254
0.262254
0.262254
0.262254
0.262254
0.262254
0.262254
0.262254
0.262254
0.262254
0.262254
0.262254
0.262254
0.262254
0.262254
0.262254
0.262254
0.262254
0.262254
0.262254
0.262254
0.262254
0.262254
0.262254
0.262254
0.262254
0.262254
0.262254
0.262254
0.262254
0.262254
0.262254
0.262254
0.262254
0.262254
0.262254
0.262254
0.262254
0.262254
0.262254
0.262254
0.262254
0.262254
0.262254
0.262254
0.262254
0.262254
0.262254
0.262254
0.262254
0.262254
0.262254
0.262254
0.262254
0.262254
0.262254
0.262254
0.262254
0.262254
0.262254
0.262254
0.262254
0.262254
0.262254
0.262254
0.262254
0.262254
0.262254
0.262254
0.262254
0.262254
0.262254
0.262254
0.262254
0.262254
0.262254
0.262254
0.262254
0.262255
0.262255
0.262255
0.262255
0.262255
0.262255
0.262255
0.262255
0.262255
0.262255
0.262255
0.262255
0.262255
0.262255
0.262255
0.262255
0.262255
0.262255
0.262255
0.262255
0.262255
0.262255
0.262255
0.262255
0.262255
0.262255
0.262255
0.262255
0.262255
0.262255
0.262255
0.262255
0.262255
0.262255
0.262255
0.262255
0.262255
0.262255
0.262255
0.262255
0.262255
0.262255
0.262255
0.262255
0.262255
0.262255
0.262255
0.262255
0.262255
0.262255
0.262255
0.262255
0.262255
0.262255
0.262255
0.262255
0.262255
0.262255
0.262255
0.262255
0.262255
0.262255
0.262255
0.262255
0.262255
0.262255
0.262255
0.262255
0.262255
0.262255
0.262255
0.262255
0.262255
0.262255
0.262255
0.262255
0.262255
0.262255
0.262255
0.262255
0.262255
0.262255
0.262255
0.262255
0.262255
0.262255
0.262255
0.262255
0.262255
0.262255
0.262255
0.262255
0.262255
0.262255
0.262255
0.262255
0.262255
0.262255
0.262255
0.262255
0.262255
0.262255
0.262255
0.262255
0.262255
0.262255
0.262255
0.262255
0.262255
0.262255
0.262255
0.262255
0.262255
0.262255
0.262255
0.262255
0.262255
0.262255
0.262255
0.262255
0.262255
0.262255
0.262255
0.262255
0.262255
0.262256
0.262256
0.262256
0.262256
0.262256
0.262256
0.262256
0.262256
0.262256
0.262256
0.262256
0.262256
0.262256
0.262256
0.262256
0.262256
0.262256
0.262256
0.262256
0.262256
0.262256
0.262256
0.262256
0.262256
0.262256
0.262256
0.262256
0.262256
0.262256
0.262256
0.262256
0.262256
0.262256
0.262256
0.262256
0.262256
0.262256
0.262256
0.262256
0.262256
0.262256
0.262256
0.262256
0.262256
0.262256
0.262256
0.262256
0.262256
0.262256
0.262256
0.262256
0.262256
0.262256
0.262256
0.262256
0.262256
0.262256
0.262256
0.262256
0.262256
0.262256
0.262256
0.262256
0.262256
0.262256
0.262256
0.262256
0.262256
0.262256
0.262256
0.262256
0.262256
0.262256
0.262256
0.262256
0.262256
0.262256
0.262256
0.262256
0.262256
0.262256
0.262256
0.262256
0.262256
0.262256
0.262256
0.262256
0.262256
0.262256
0.262256
0.262256
0.262256
0.262256
0.262256
0.262256
0.262256
0.262256
0.262256
0.262256
0.262256
0.262256
0.262256
0.262256
0.262256
0.262256
0.262256
0.262256
0.262256
0.262256
0.262256
0.262256
0.262256
0.262256
0.262256
0.262256
0.262256
0.262256
0.262256
0.262256
0.262256
0.262256
0.262257
0.262257
0.262257
0.262257
0.262257
0.262257
0.262257
0.262257
0.262257
0.262257
0.262257
0.262257
0.262257
0.262257
0.262257
0.262257
0.262257
0.262257
0.262257
0.262257
0.262257
0.262257
0.262257
0.262257
0.262257
0.262257
0.262257
0.262257
0.262257
0.262257
0.262257
0.262257
0.262257
0.262257
0.262257
0.262257
0.262257
0.262257
0.262257
0.262257
0.262257
0.262257
0.262257
0.262257
0.262257
0.262257
0.262257
0.262257
0.262257
0.262257
0.262257
0.262257
0.262257
0.262257
0.262257
0.262257
0.262257
0.262257
0.262257
0.262257
0.262257
0.262257
0.262257
0.262257
0.262257
0.262257
0.262257
0.262257
0.262257
0.262257
0.262257
0.262257
0.262257
0.262257
0.262257
0.262257
0.262257
0.262257
0.262257
0.262257
0.262257
0.262257
0.262257
0.262257
0.262257
0.262257
0.262257
0.262257
0.262257
0.262257
0.262257
0.262257
0.262257
0.262257
0.262257
0.262257
0.262257
0.262257
0.262257
0.262257
0.262257
0.262257
0.262257
0.262257
0.262257
0.262257
0.262257
0.262257
0.262257
0.262257
0.262257
0.262257
0.262257
0.262257
0.262257
0.262257
0.262257
0.262257
0.262257
0.262257
0.262258
0.262258
0.262258
0.262258
0.262258
0.262258
0.262258
0.262258
0.262258
0.262258
0.262258
0.262258
0.262258
0.262258
0.262258
0.262258
0.262258
0.262258
0.262258
0.262258
0.262258
0.262258
0.262258
0.262258
0.262258
0.262258
0.262258
0.262258
0.262258
0.262258
0.262258
0.262258
0.262258
0.262258
0.262258
0.262258
0.262258
0.262258
0.262258
0.262258
0.262258
0.262258
0.262258
0.262258
0.262258
0.262258
0.262258
0.262258
0.262258
0.262258
0.262258
0.262258
0.262258
0.262258
0.262258
0.262258
0.262258
0.262258
0.262258
0.262258
0.262258
0.262258
0.262258
0.262258
0.262258
0.262258
0.262258
0.262258
0.262258
0.262258
0.262258
0.262258
0.262258
0.262258
0.262258
0.262258
0.262258
0.262258
0.262258
0.262258
0.262258
0.262258
0.262258
0.262258
0.262258
0.262258
0.262258
0.262258
0.262258
0.262258
0.262258
0.262258
0.262258
0.262258
0.262258
0.262258
0.262258
0.262258
0.262258
0.262258
0.262258
0.262258
0.262258
0.262258
0.262258
0.262258
0.262258
0.262258
0.262258
0.262258
0.262258
0.262258
0.262258
0.262258
0.262258
0.262258
0.262258
0.262258
0.262258
0.262258
0.262259
0.262259
0.262259
0.262259
0.262259
0.262259
0.262259
0.262259
0.262259
0.262259
0.262259
0.262259
0.262259
0.262259
0.262259
0.262259
0.262259
0.262259
0.262259
0.262259
0.262259
0.262259
0.262259
0.262259
0.262259
0.262259
0.262259
0.262259
0.262259
0.262259
0.262259
0.262259
0.262259
0.262259
0.262259
0.262259
0.262259
0.262259
0.262259
0.262259
0.262259
0.262259
0.262259
0.262259
0.262259
0.262259
0.262259
0.262259
0.262259
0.262259
0.262259
0.262259
0.262259
0.262259
0.262259
0.262259
0.262259
0.262259
0.262259
0.262259
0.262259
0.262259
0.262259
0.262259
0.262259
0.262259
0.262259
0.262259
0.262259
0.262259
0.262259
0.262259
0.262259
0.262259
0.262259
0.262259
0.262259
0.262259
0.262259
0.262259
0.262259
0.262259
0.262259
0.262259
0.262259
0.262259
0.262259
0.262259
0.262259
0.262259
0.262259
0.262259
0.262259
0.262259
0.262259
0.262259
0.262259
0.262259
0.262259
0.262259
0.262259
0.262259
0.262259
0.262259
0.262259
0.262259
0.262259
0.262259
0.262259
0.262259
0.262259
0.262259
0.262259
0.262259
0.262259
0.262259
0.262259
0.262259
0.262259
0.262259
0.262259
0.262259
0.26226
0.26226
0.26226
0.26226
0.26226
0.26226
0.26226
0.26226
0.26226
0.26226
0.26226
0.26226
0.26226
0.26226
0.26226
0.26226
0.26226
0.26226
0.26226
0.26226
0.26226
0.26226
0.26226
0.26226
0.26226
0.26226
0.26226
0.26226
0.26226
0.26226
0.26226
0.26226
0.26226
0.26226
0.26226
0.26226
0.26226
0.26226
0.26226
0.26226
0.26226
0.26226
0.26226
0.26226
0.26226
0.26226
0.26226
0.26226
0.26226
0.26226
0.26226
0.26226
0.26226
0.26226
0.26226
0.26226
0.26226
0.26226
0.26226
0.26226
0.26226
0.26226
0.26226
0.26226
0.26226
0.26226
0.26226
0.26226
0.26226
0.26226
0.26226
0.26226
0.26226
0.26226
0.26226
0.26226
0.26226
0.26226
0.26226
0.26226
0.26226
0.26226
0.26226
0.26226
0.26226
0.26226
0.26226
0.26226
0.26226
0.26226
0.26226
0.26226
0.26226
0.26226
0.26226
0.26226
0.26226
0.26226
0.26226
0.26226
0.26226
0.26226
0.26226
0.26226
0.26226
0.26226
0.26226
0.26226
0.26226
0.26226
0.26226
0.26226
0.26226
0.26226
0.26226
0.26226
0.26226
0.26226
0.26226
0.26226
0.26226
0.26226
0.26226
0.262261
0.262261
0.262261
0.262261
0.262261
0.262261
0.262261
0.262261
0.262261
0.262261
0.262261
0.262261
0.262261
0.262261
0.262261
0.262261
0.262261
0.262261
0.262261
0.262261
0.262261
0.262261
0.262261
0.262261
0.262261
0.262261
0.262261
0.262261
0.262261
0.262261
0.262261
0.262261
0.262261
0.262261
0.262261
0.262261
0.262261
0.262261
0.262261
0.262261
0.262261
0.262261
0.262261
0.262261
0.262261
0.262261
0.262261
0.262261
0.262261
0.262261
0.262261
0.262261
0.262261
0.262261
0.262261
0.262261
0.262261
0.262261
0.262261
0.262261
0.262261
0.262261
0.262261
0.262261
0.262261
0.262261
0.262261
0.262261
0.262261
0.262261
0.262261
0.262261
0.262261
0.262261
0.262261
0.262261
0.262261
0.262261
0.262261
0.262261
0.262261
0.262261
0.262261
0.262261
0.262261
0.262261
0.262261
0.262261
0.262261
0.262261
0.262261
0.262261
0.262261
0.262261
0.262261
0.262261
0.262261
0.262261
0.262261
0.262261
0.262261
0.262261
0.262261
0.262261
0.262261
0.262261
0.262261
0.262261
0.262261
0.262261
0.262261
0.262261
0.262261
0.262261
0.262261
0.262261
0.262261
0.262261
0.262261
0.262261
0.262261
0.262261
0.262261
0.262261
0.262261
0.262261
0.262261
0.262262
0.262262
0.262262
0.262262
0.262262
0.262262
0.262262
0.262262
0.262262
0.262262
0.262262
0.262262
0.262262
0.262262
0.262262
0.262262
0.262262
0.262262
0.262262
0.262262
0.262262
0.262262
0.262262
0.262262
0.262262
0.262262
0.262262
0.262262
0.262262
0.262262
0.262262
0.262262
0.262262
0.262262
0.262262
0.262262
0.262262
0.262262
0.262262
0.262262
0.262262
0.262262
0.262262
0.262262
0.262262
0.262262
0.262262
0.262262
0.262262
0.262262
0.262262
0.262262
0.262262
0.262262
0.262262
0.262262
0.262262
0.262262
0.262262
0.262262
0.262262
0.262262
0.262262
0.262262
0.262262
0.262262
0.262262
0.262262
0.262262
0.262262
0.262262
0.262262
0.262262
0.262262
0.262262
0.262262
0.262262
0.262262
0.262262
0.262262
0.262262
0.262262
0.262262
0.262262
0.262262
0.262262
0.262262
0.262262
0.262262
0.262262
0.262262
0.262262
0.262262
0.262262
0.262262
0.262262
0.262262
0.262262
0.262262
0.262262
0.262262
0.262262
0.262262
0.262262
0.262262
0.262262
0.262262
0.262262
0.262262
0.262262
0.262262
0.262262
0.262262
0.262262
0.262262
0.262262
0.262262
0.262262
0.262262
0.262262
0.262262
0.262262
0.262262
0.262262
0.262262
0.262262
0.262262
0.262262
0.262262
0.262263
0.262263
0.262263
0.262263
0.262263
0.262263
0.262263
0.262263
0.262263
0.262263
0.262263
0.262263
0.262263
0.262263
0.262263
0.262263
0.262263
0.262263
0.262263
0.262263
0.262263
0.262263
0.262263
0.262263
0.262263
0.262263
0.262263
0.262263
0.262263
0.262263
0.262263
0.262263
0.262263
0.262263
0.262263
0.262263
0.262263
0.262263
0.262263
0.262263
0.262263
0.262263
0.262263
0.262263
0.262263
0.262263
0.262263
0.262263
0.262263
0.262263
0.262263
0.262263
0.262263
0.262263
0.262263
0.262263
0.262263
0.262263
0.262263
0.262263
0.262263
0.262263
0.262263
0.262263
0.262263
0.262263
0.262263
0.262263
0.262263
0.262263
0.262263
0.262263
0.262263
0.262263
0.262263
0.262263
0.262263
0.262263
0.262263
0.262263
0.262263
0.262263
0.262263
0.262263
0.262263
0.262263
0.262263
0.262263
0.262263
0.262263
0.262263
0.262263
0.262263
0.262263
0.262263
0.262263
0.262263
0.262263
0.262263
0.262263
0.262263
0.262263
0.262263
0.262263
0.262263
0.262263
0.262263
0.262263
0.262263
0.262263
0.262263
0.262263
0.262263
0.262263
0.262263
0.262263
0.262263
0.262263
0.262263
0.262263
0.262263
0.262263
0.262263
0.262263
0.262263
0.262263
0.262263
0.262263
0.262263
0.262263
0.262263
0.262263
0.262263
0.262263
0.262264
0.262264
0.262264
0.262264
0.262264
0.262264
0.262264
0.262264
0.262264
0.262264
0.262264
0.262264
0.262264
0.262264
0.262264
0.262264
0.262264
0.262264
0.262264
0.262264
0.262264
0.262264
0.262264
0.262264
0.262264
0.262264
0.262264
0.262264
0.262264
0.262264
0.262264
0.262264
0.262264
0.262264
0.262264
0.262264
0.262264
0.262264
0.262264
0.262264
0.262264
0.262264
0.262264
0.262264
0.262264
0.262264
0.262264
0.262264
0.262264
0.262264
0.262264
0.262264
0.262264
0.262264
0.262264
0.262264
0.262264
0.262264
0.262264
0.262264
0.262264
0.262264
0.262264
0.262264
0.262264
0.262264
0.262264
0.262264
0.262264
0.262264
0.262264
0.262264
0.262264
0.262264
0.262264
0.262264
0.262264
0.262264
0.262264
0.262264
0.262264
0.262264
0.262264
0.262264
0.262264
0.262264
0.262264
0.262264
0.262264
0.262264
0.262264
0.262264
0.262264
0.262264
0.262264
0.262264
0.262264
0.262264
0.262264
0.262264
0.262264
0.262264
0.262264
0.262264
0.262264
0.262264
0.262264
0.262264
0.262264
0.262264
0.262264
0.262264
0.262264
0.262264
0.262264
0.262264
0.262264
0.262264
0.262264
0.262264
0.262264
0.262264
0.262264
0.262264
0.262264
0.262264
0.262264
0.262264
0.262264
0.262264
0.262264
0.262264
0.262264
0.262264
0.262264
0.262264
0.262264
0.262264
0.262264
0.262265
0.262265
0.262265
0.262265
0.262265
0.262265
0.262265
0.262265
0.262265
0.262265
0.262265
0.262265
0.262265
0.262265
0.262265
0.262265
0.262265
0.262265
0.262265
0.262265
0.262265
0.262265
0.262265
0.262265
0.262265
0.262265
0.262265
0.262265
0.262265
0.262265
0.262265
0.262265
0.262265
0.262265
0.262265
0.262265
0.262265
0.262265
0.262265
0.262265
0.262265
0.262265
0.262265
0.262265
0.262265
0.262265
0.262265
0.262265
0.262265
0.262265
0.262265
0.262265
0.262265
0.262265
0.262265
0.262265
0.262265
0.262265
0.262265
0.262265
0.262265
0.262265
0.262265
0.262265
0.262265
0.262265
0.262265
0.262265
0.262265
0.262265
0.262265
0.262265
0.262265
0.262265
0.262265
0.262265
0.262265
0.262265
0.262265
0.262265
0.262265
0.262265
0.262265
0.262265
0.262265
0.262265
0.262265
0.262265
0.262265
0.262265
0.262265
0.262265
0.262265
0.262265
0.262265
0.262265
0.262265
0.262265
0.262265
0.262265
0.262265
0.262265
0.262265
0.262265
0.262265
0.262265
0.262265
0.262265
0.262265
0.262265
0.262265
0.262265
0.262265
0.262265
0.262265
0.262265
0.262265
0.262265
0.262265
0.262265
0.262265
0.262265
0.262265
0.262265
0.262265
0.262265
0.262265
0.262265
0.262265
0.262265
0.262265
0.262265
0.262265
0.262265
0.262265
0.262265
0.262265
0.262265
0.262265
0.262265
0.262265
0.262265
0.262265
0.262265
0.262266
0.262266
0.262266
0.262266
0.262266
0.262266
0.262266
0.262266
0.262266
0.262266
0.262266
0.262266
0.262266
0.262266
0.262266
0.262266
0.262266
0.262266
0.262266
0.262266
0.262266
0.262266
0.262266
0.262266
0.262266
0.262266
0.262266
0.262266
0.262266
0.262266
0.262266
0.262266
0.262266
0.262266
0.262266
0.262266
0.262266
0.262266
0.262266
0.262266
0.262266
0.262266
0.262266
0.262266
0.262266
0.262266
0.262266
0.262266
0.262266
0.262266
0.262266
0.262266
0.262266
0.262266
0.262266
0.262266
0.262266
0.262266
0.262266
0.262266
0.262266
0.262266
0.262266
0.262266
0.262266
0.262266
0.262266
0.262266
0.262266
0.262266
0.262266
0.262266
0.262266
0.262266
0.262266
0.262266
0.262266
0.262266
0.262266
0.262266
0.262266
0.262266
0.262266
0.262266
0.262266
0.262266
0.262266
0.262266
0.262266
0.262266
0.262266
0.262266
0.262266
0.262266
0.262266
0.262266
0.262266
0.262266
0.262266
0.262266
0.262266
0.262266
0.262266
0.262266
0.262266
0.262266
0.262266
0.262266
0.262266
0.262266
0.262266
0.262266
0.262266
0.262266
0.262266
0.262266
0.262266
0.262266
0.262266
0.262266
0.262266
0.262266
0.262266
0.262266
0.262266
0.262266
0.262266
0.262266
0.262266
0.262266
0.262266
0.262266
0.262266
0.262266
0.262266
0.262266
0.262266
0.262266
0.262266
0.262266
0.262266
0.262266
0.262266
0.262266
0.262266
0.262266
0.262266
0.262266
0.262266
0.262266
0.262266
0.262267
0.262267
0.262267
0.262267
0.262267
0.262267
0.262267
0.262267
0.262267
0.262267
0.262267
0.262267
0.262267
0.262267
0.262267
0.262267
0.262267
0.262267
0.262267
0.262267
0.262267
0.262267
0.262267
0.262267
0.262267
0.262267
0.262267
0.262267
0.262267
0.262267
0.262267
0.262267
0.262267
0.262267
0.262267
0.262267
0.262267
0.262267
0.262267
0.262267
0.262267
0.262267
0.262267
0.262267
0.262267
0.262267
0.262267
0.262267
0.262267
0.262267
0.262267
0.262267
0.262267
0.262267
0.262267
0.262267
0.262267
0.262267
0.262267
0.262267
0.262267
0.262267
0.262267
0.262267
0.262267
0.262267
0.262267
0.262267
0.262267
0.262267
0.262267
0.262267
0.262267
0.262267
0.262267
0.262267
0.262267
0.262267
0.262267
0.262267
0.262267
0.262267
0.262267
0.262267
0.262267
0.262267
0.262267
0.262267
0.262267
0.262267
0.262267
0.262267
0.262267
0.262267
0.262267
0.262267
0.262267
0.262267
0.262267
0.262267
0.262267
0.262267
0.262267
0.262267
0.262267
0.262267
0.262267
0.262267
0.262267
0.262267
0.262267
0.262267
0.262267
0.262267
0.262267
0.262267
0.262267
0.262267
0.262267
0.262267
0.262267
0.262267
0.262267
0.262267
0.262267
0.262267
0.262267
0.262267
0.262267
0.262267
0.262267
0.262267
0.262267
0.262267
0.262267
0.262267
0.262267
0.262267
0.262267
0.262267
0.262267
0.262267
0.262267
0.262267
0.262267
0.262267
0.262267
0.262267
0.262267
0.262267
0.262267
0.262267
0.262267
0.262267
0.262267
0.262267
0.262267
0.262267
0.262267
0.262268
0.262268
0.262268
0.262268
0.262268
0.262268
0.262268
0.262268
0.262268
0.262268
0.262268
0.262268
0.262268
0.262268
0.262268
0.262268
0.262268
0.262268
0.262268
0.262268
0.262268
0.262268
0.262268
0.262268
0.262268
0.262268
0.262268
0.262268
0.262268
0.262268
0.262268
0.262268
0.262268
0.262268
0.262268
0.262268
0.262268
0.262268
0.262268
0.262268
0.262268
0.262268
0.262268
0.262268
0.262268
0.262268
0.262268
0.262268
0.262268
0.262268
0.262268
0.262268
0.262268
0.262268
0.262268
0.262268
0.262268
0.262268
0.262268
0.262268
0.262268
0.262268
0.262268
0.262268
0.262268
0.262268
0.262268
0.262268
0.262268
0.262268
0.262268
0.262268
0.262268
0.262268
0.262268
0.262268
0.262268
0.262268
0.262268
0.262268
0.262268
0.262268
0.262268
0.262268
0.262268
0.262268
0.262268
0.262268
0.262268
0.262268
0.262268
0.262268
0.262268
0.262268
0.262268
0.262268
0.262268
0.262268
0.262268
0.262268
0.262268
0.262268
0.262268
0.262268
0.262268
0.262268
0.262268
0.262268
0.262268
0.262268
0.262268
0.262268
0.262268
0.262268
0.262268
0.262268
0.262268
0.262268
0.262268
0.262268
0.262268
0.262268
0.262268
0.262268
0.262268
0.262268
0.262268
0.262268
0.262268
0.262268
0.262268
0.262268
0.262268
0.262268
0.262268
0.262268
0.262268
0.262268
0.262268
0.262268
0.262268
0.262268
0.262268
0.262268
0.262268
0.262268
0.262268
0.262268
0.262268
0.262268
0.262268
0.262268
0.262268
0.262268
0.262268
0.262268
0.262268
0.262268
0.262268
0.262268
0.262268
0.262268
0.262268
0.262268
0.262268
0.262268
0.262268
0.262269
0.262269
0.262269
0.262269
0.262269
0.262269
0.262269
0.262269
0.262269
0.262269
0.262269
0.262269
0.262269
0.262269
0.262269
0.262269
0.262269
0.262269
0.262269
0.262269
0.262269
0.262269
0.262269
0.262269
0.262269
0.262269
0.262269
0.262269
0.262269
0.262269
0.262269
0.262269
0.262269
0.262269
0.262269
0.262269
0.262269
0.262269
0.262269
0.262269
0.262269
0.262269
0.262269
0.262269
0.262269
0.262269
0.262269
0.262269
0.262269
0.262269
0.262269
0.262269
0.262269
0.262269
0.262269
0.262269
0.262269
0.262269
0.262269
0.262269
0.262269
0.262269
0.262269
0.262269
0.262269
0.262269
0.262269
0.262269
0.262269
0.262269
0.262269
0.262269
0.262269
0.262269
0.262269
0.262269
0.262269
0.262269
0.262269
0.262269
0.262269
0.262269
0.262269
0.262269
0.262269
0.262269
0.262269
0.262269
0.262269
0.262269
0.262269
0.262269
0.262269
0.262269
0.262269
0.262269
0.262269
0.262269
0.262269
0.262269
0.262269
0.262269
0.262269
0.262269
0.262269
0.262269
0.262269
0.262269
0.262269
0.262269
0.262269
0.262269
0.262269
0.262269
0.262269
0.262269
0.262269
0.262269
0.262269
0.262269
0.262269
0.262269
0.262269
0.262269
0.262269
0.262269
0.262269
0.262269
0.262269
0.262269
0.262269
0.262269
0.262269
0.262269
0.262269
0.262269
0.262269
0.262269
0.262269
0.262269
0.262269
0.262269
0.262269
0.262269
0.262269
0.262269
0.262269
0.262269
0.262269
0.262269
0.262269
0.262269
0.262269
0.262269
0.262269
0.262269
0.262269
0.262269
0.262269
0.262269
0.262269
0.262269
0.262269
0.262269
0.262269
0.262269
0.262269
0.262269
0.262269
0.262269
0.262269
0.262269
0.262269
0.262269
0.262269
0.262269
0.262269
0.262269
0.26227
0.26227
0.26227
0.26227
0.26227
0.26227
0.26227
0.26227
0.26227
0.26227
0.26227
0.26227
0.26227
0.26227
0.26227
0.26227
0.26227
0.26227
0.26227
0.26227
0.26227
0.26227
0.26227
0.26227
0.26227
0.26227
0.26227
0.26227
0.26227
0.26227
0.26227
0.26227
0.26227
0.26227
0.26227
0.26227
0.26227
0.26227
0.26227
0.26227
0.26227
0.26227
0.26227
0.26227
0.26227
0.26227
0.26227
0.26227
0.26227
0.26227
0.26227
0.26227
0.26227
0.26227
0.26227
0.26227
0.26227
0.26227
0.26227
0.26227
0.26227
0.26227
0.26227
0.26227
0.26227
0.26227
0.26227
0.26227
0.26227
0.26227
0.26227
0.26227
0.26227
0.26227
0.26227
0.26227
0.26227
0.26227
0.26227
0.26227
0.26227
0.26227
0.26227
0.26227
0.26227
0.26227
0.26227
0.26227
0.26227
0.26227
0.26227
0.26227
0.26227
0.26227
0.26227
0.26227
0.26227
0.26227
0.26227
0.26227
0.26227
0.26227
0.26227
0.26227
0.26227
0.26227
0.26227
0.26227
0.26227
0.26227
0.26227
0.26227
0.26227
0.26227
0.26227
0.26227
0.26227
0.26227
0.26227
0.26227
0.26227
0.26227
0.26227
0.26227
0.26227
0.26227
0.26227
0.26227
0.26227
0.26227
0.26227
0.26227
0.26227
0.26227
0.26227
0.26227
0.26227
0.26227
0.26227
0.26227
0.26227
0.26227
0.26227
0.26227
0.26227
0.26227
0.26227
0.26227
0.26227
0.26227
0.26227
0.26227
0.26227
0.26227
0.26227
0.26227
0.26227
0.26227
0.26227
0.26227
0.26227
0.26227
0.26227
0.26227
0.26227
0.26227
0.26227
0.26227
0.26227
0.26227
0.26227
0.26227
0.26227
0.26227
0.26227
0.26227
0.26227
