0.5
0.495025
0.490099
0.485223
0.480395
0.475615
0.470882
0.466197
0.461558
0.456966
0.452419
0.447917
0.44346
0.439048
0.434679
0.430354
0.426072
0.421832
0.417635
0.41348
0.409365
0.405292
0.401259
0.397267
0.393314
0.3894
0.385526
0.38169
0.377892
0.374132
0.370409
0.366723
0.363075
0.359462
0.355885
0.352344
0.348838
0.345367
0.341931
0.338528
0.33516
0.331825
0.328523
0.325255
0.322018
0.318814
0.315642
0.312501
0.309392
0.306313
0.303265
0.300248
0.29726
0.294302
0.291374
0.288475
0.285605
0.282763
0.279949
0.277164
0.274406
0.271675
0.268972
0.266296
0.263646
0.261023
0.258426
0.255854
0.253309
0.250788
0.248293
0.245822
0.243376
0.240955
0.238557
0.236184
0.233834
0.231507
0.229204
0.226923
0.224665
0.22243
0.220217
0.218026
0.215857
0.213709
0.211583
0.209478
0.207394
0.20533
0.203288
0.201265
0.199263
0.197281
0.195318
0.193375
0.191452
0.189548
0.187662
0.185796
0.183948
0.182119
0.180308
0.178516
0.176741
0.174984
0.173245
0.171523
0.169818
0.168131
0.166461
0.164807
0.163171
0.161551
0.159947
0.15836
0.156789
0.155234
0.153695
0.152172
0.150664
0.149172
0.147696
0.146234
0.144789
0.143358
0.141942
0.140541
0.139156
0.137785
0.136428
0.135087
0.13376
0.132447
0.131149
0.129865
0.128596
0.127341
0.1261
0.124874
0.123662
0.122464
0.12128
0.12011
0.118954
0.117813
0.116685
0.115572
0.114473
0.113388
0.112317
0.11126
0.110218
0.10919
0.108176
0.107176
0.106191
0.10522
0.104263
0.103321
0.102393
0.10148
0.100582
0.0996977
0.0988284
0.0979738
0.0971339
0.0963088
0.0954985
0.094703
0.0939224
0.0931566
0.0924057
0.0916697
0.0909486
0.0902424
0.089551
0.0888745
0.0882129
0.087566
0.0869339
0.0863165
0.0857136
0.0851254
0.0845516
0.0839922
0.083447
0.0829161
0.0823991
0.081896
0.0814067
0.080931
0.0804687
0.0800197
0.0795838
0.0791607
0.0787504
0.0783526
0.077967
0.0775935
0.0772319
0.0768818
0.0765432
0.0762157
0.0758991
0.0755932
0.0752976
0.0750123
0.0747368
0.074471
0.0742146
0.0739674
0.0737291
0.0734994
0.0732781
0.073065
0.0728598
0.0726623
0.0724722
0.0722893
0.0721133
0.0719441
0.0717814
0.071625
0.0714746
0.0713301
0.0711912
0.0710578
0.0709296
0.0708065
0.0706882
0.0705746
0.0704655
0.0703607
0.07026
0.0701634
0.0700706
0.0699814
0.0698958
0.0698135
0.0697345
0.0696586
0.0695857
0.0695156
0.0694483
0.0693835
0.0693212
0.0692614
0.0692038
0.0691483
0.069095
0.0690436
0.0689941
0.0689464
0.0689005
0.0688562
0.0688134
0.0687721
0.0687323
0.0686938
0.0686566
0.0686206
0.0685857
0.068552
0.0685192
0.0684875
0.0684567
0.0684269
0.0683978
0.0683695
0.068342
0.0683152
0.0682891
0.0682636
0.0682388
0.0682144
0.0681906
0.0681673
0.0681445
0.0681221
0.0681001
0.0680785
0.0680573
0.0680364
0.0680158
0.0679955
0.0679755
0.0679557
0.0679361
0.0679167
0.0678976
0.0678786
0.0678598
0.0678411
0.0678225
0.0678041
0.0677857
0.0677675
0.0677493
0.0677312
0.0677131
0.0676951
0.0676771
0.0676592
0.0676412
0.0676233
0.0676053
0.0675874
0.0675694
0.0675514
0.0675334
0.0675153
0.0674972
0.067479
0.0674608
0.0674425
0.0674242
0.0674058
0.0673873
0.0673687
0.06735
0.0673313
0.0673124
0.0672935
0.0672745
0.0672553
0.0672361
0.0672167
0.0671973
0.0671777
0.067158
0.0671382
0.0671183
0.0670982
0.0670781
0.0670578
0.0670373
0.0670168
0.0669961
0.0669753
0.0669544
0.0669333
0.0669121
0.0668907
0.0668692
0.0668476
0.0668259
0.066804
0.0667819
0.0667597
0.0667374
0.0667149
0.0666923
0.0666696
0.0666467
0.0666237
0.0666005
0.0665772
0.0665537
0.0665301
0.0665063
0.0664824
0.0664584
0.0664342
0.0664098
0.0663854
0.0663607
0.066336
0.066311
0.066286
0.0662608
0.0662354
0.0662099
0.0661843
0.0661585
0.0661326
0.0661065
0.0660803
0.0660539
0.0660274
0.0660008
0.065974
0.065947
0.06592
0.0658928
0.0658654
0.0658379
0.0658103
0.0657825
0.0657546
0.0657265
0.0656983
0.06567
0.0656415
0.0656129
0.0655841
0.0655553
0.0655262
0.0654971
0.0654678
0.0654383
0.0654088
0.0653791
0.0653492
0.0653193
0.0652892
0.0652589
0.0652286
0.0651981
0.0651674
0.0651367
0.0651058
0.0650747
0.0650436
0.0650123
0.0649809
0.0649493
0.0649176
0.0648858
0.0648539
0.0648219
0.0647897
0.0647574
0.0647249
0.0646924
0.0646597
0.0646269
0.064594
0.0645609
0.0645277
0.0644944
0.064461
0.0644275
0.0643938
0.06436
0.0643261
0.0642921
0.0642579
0.0642237
0.0641893
0.0641548
0.0641202
0.0640855
0.0640506
0.0640156
0.0639806
0.0639454
0.0639101
0.0638746
0.0638391
0.0638034
0.0637677
0.0637318
0.0636958
0.0636597
0.0636235
0.0635872
0.0635507
0.0635142
0.0634775
0.0634408
0.0634039
0.0633669
0.0633298
0.0632926
0.0632553
0.0632179
0.0631804
0.0631428
0.063105
0.0630672
0.0630293
0.0629912
0.0629531
0.0629148
0.0628765
0.062838
0.0627994
0.0627608
0.062722
0.0626832
0.0626442
0.0626051
0.062566
0.0625267
0.0624873
0.0624479
0.0624083
0.0623687
0.0623289
0.0622891
0.0622491
0.0622091
0.0621689
0.0621287
0.0620884
0.0620479
0.0620074
0.0619668
0.0619261
0.0618853
0.0618444
0.0618034
0.0617623
0.0617211
0.0616799
0.0616385
0.0615971
0.0615555
0.0615139
0.0614722
0.0614304
0.0613885
0.0613465
0.0613044
0.0612622
0.06122
0.0611776
0.0611352
0.0610927
0.0610501
0.0610074
0.0609646
0.0609218
0.0608788
0.0608358
0.0607927
0.0607495
0.0607062
0.0606628
0.0606194
0.0605759
0.0605322
0.0604885
0.0604448
0.0604009
0.060357
0.0603129
0.0602688
0.0602247
0.0601804
0.060136
0.0600916
0.0600471
0.0600025
0.0599579
0.0599131
0.0598683
0.0598234
0.0597785
0.0597334
0.0596883
0.0596431
0.0595978
0.0595525
0.059507
0.0594615
0.0594159
0.0593703
0.0593246
0.0592788
0.0592329
0.0591869
0.0591409
0.0590948
0.0590487
0.0590024
0.0589561
0.0589097
0.0588633
0.0588167
0.0587701
0.0587235
0.0586767
0.0586299
0.058583
0.0585361
0.0584891
0.058442
0.0583948
0.0583476
0.0583003
0.058253
0.0582055
0.058158
0.0581105
0.0580628
0.0580151
0.0579674
0.0579196
0.0578717
0.0578237
0.0577757
0.0577276
0.0576794
0.0576312
0.0575829
0.0575346
0.0574862
0.0574377
0.0573892
0.0573406
0.0572919
0.0572432
0.0571944
0.0571456
0.0570967
0.0570477
0.0569987
0.0569496
0.0569004
0.0568512
0.0568019
0.0567526
0.0567032
0.0566538
0.0566042
0.0565547
0.056505
0.0564554
0.0564056
0.0563558
0.056306
0.056256
0.0562061
0.056156
0.056106
0.0560558
0.0560056
0.0559554
0.0559051
0.0558547
0.0558043
0.0557538
0.0557033
0.0556527
0.0556021
0.0555514
0.0555006
0.0554498
0.055399
0.0553481
0.0552971
0.0552461
0.055195
0.0551439
0.0550928
0.0550416
0.0549903
0.054939
0.0548876
0.0548362
0.0547847
0.0547332
0.0546816
0.05463
0.0545784
0.0545266
0.0544749
0.0544231
0.0543712
0.0543193
0.0542673
0.0542153
0.0541633
0.0541112
0.0540591
0.0540069
0.0539546
0.0539023
0.05385
0.0537976
0.0537452
0.0536928
0.0536403
0.0535877
0.0535351
0.0534825
0.0534298
0.0533771
0.0533243
0.0532715
0.0532186
0.0531657
0.0531128
0.0530598
0.0530067
0.0529537
0.0529006
0.0528474
0.0527942
0.052741
0.0526877
0.0526344
0.052581
0.0525277
0.0524742
0.0524207
0.0523672
0.0523137
0.0522601
0.0522065
0.0521528
0.0520991
0.0520454
0.0519916
0.0519378
0.0518839
0.05183
0.0517761
0.0517221
0.0516681
0.0516141
0.05156
0.0515059
0.0514518
0.0513976
0.0513434
0.0512892
0.0512349
0.0511806
0.0511262
0.0510719
0.0510174
0.050963
0.0509085
0.050854
0.0507995
0.0507449
0.0506903
0.0506357
0.050581
0.0505263
0.0504716
0.0504168
0.050362
0.0503072
0.0502524
0.0501975
0.0501426
0.0500877
0.0500327
0.0499777
0.0499227
0.0498677
0.0498126
0.0497575
0.0497023
0.0496472
0.049592
0.0495368
0.0494816
0.0494263
0.049371
0.0493157
0.0492604
0.049205
0.0491496
0.0490942
0.0490388
0.0489833
0.0489279
0.0488724
0.0488168
0.0487613
0.0487057
0.0486501
0.0485945
0.0485389
0.0484832
0.0484275
0.0483718
0.0483161
0.0482604
0.0482046
0.0481488
0.048093
0.0480372
0.0479814
0.0479255
0.0478696
0.0478137
0.0477578
0.0477019
0.0476459
0.04759
0.047534
0.047478
0.047422
0.0473659
0.0473099
0.0472538
0.0471977
0.0471416
0.0470855
0.0470294
0.0469733
0.0469171
0.0468609
0.0468048
0.0467486
0.0466924
0.0466361
0.0465799
0.0465237
0.0464674
0.0464111
0.0463548
0.0462986
0.0462423
0.0461859
0.0461296
0.0460733
0.0460169
0.0459606
0.0459042
0.0458479
0.0457915
0.0457351
0.0456787
0.0456223
0.0455659
0.0455095
0.045453
0.0453966
0.0453402
0.0452837
0.0452273
0.0451708
0.0451144
0.0450579
0.0450014
0.0449449
0.0448885
0.044832
0.0447755
0.044719
0.0446625
0.044606
0.0445495
0.044493
0.0444365
0.04438
0.0443235
0.044267
0.0442105
0.044154
0.0440975
0.044041
0.0439844
0.0439279
0.0438714
0.0438149
0.0437584
0.0437019
0.0436454
0.0435889
0.0435324
0.0434759
0.0434194
0.0433629
0.0433065
0.04325
0.0431935
0.043137
0.0430806
0.0430241
0.0429677
0.0429112
0.0428548
0.0427983
0.0427419
0.0426855
0.0426291
0.0425727
0.0425163
0.0424599
0.0424035
0.0423471
0.0422907
0.0422344
0.042178
0.0421217
0.0420654
0.042009
0.0419527
0.0418964
0.0418402
0.0417839
0.0417276
0.0416714
0.0416151
0.0415589
0.0415027
0.0414465
0.0413903
0.0413341
0.041278
0.0412218
0.0411657
0.0411096
0.0410535
0.0409974
0.0409414
0.0408853
0.0408293
0.0407733
0.0407173
0.0406613
0.0406053
0.0405494
0.0404935
0.0404376
0.0403817
0.0403258
0.0402699
0.0402141
0.0401583
0.0401025
0.0400467
0.039991
0.0399353
0.0398796
0.0398239
0.0397682
0.0397126
0.039657
0.0396014
0.0395458
0.0394902
0.0394347
0.0393792
0.0393237
0.0392683
0.0392129
0.0391575
0.0391021
0.0390467
0.0389914
0.0389361
0.0388809
0.0388256
0.0387704
0.0387152
0.0386601
0.0386049
0.0385498
0.0384947
0.0384397
0.0383847
0.0383297
0.0382747
0.0382198
0.0381649
0.0381101
0.0380552
0.0380004
0.0379457
0.0378909
0.0378362
0.0377815
0.0377269
0.0376723
0.0376177
0.0375632
0.0375087
0.0374542
0.0373997
0.0373453
0.037291
0.0372366
0.0371823
0.0371281
0.0370739
0.0370197
0.0369655
0.0369114
0.0368573
0.0368033
0.0367493
0.0366953
0.0366414
0.0365875
0.0365336
0.0364798
0.036426
0.0363723
0.0363186
0.036265
0.0362114
0.0361578
0.0361043
0.0360508
0.0359973
0.0359439
0.0358906
0.0358372
0.035784
0.0357307
0.0356775
0.0356244
0.0355713
0.0355182
0.0354652
0.0354122
0.0353593
0.0353064
0.0352536
0.0352008
0.035148
0.0350953
0.0350427
0.0349901
0.0349375
0.034885
0.0348325
0.0347801
0.0347277
0.0346754
0.0346231
0.0345709
0.0345187
0.0344666
0.0344145
0.0343625
0.0343105
0.0342586
0.0342067
0.0341549
0.0341031
0.0340514
0.0339997
0.0339481
0.0338965
0.033845
0.0337935
0.0337421
0.0336907
0.0336394
0.0335881
0.0335369
0.0334858
0.0334347
0.0333836
0.0333326
0.0332817
0.0332308
0.03318
0.0331292
0.0330785
0.0330278
0.0329772
0.0329267
0.0328762
0.0328258
0.0327754
0.032725
0.0326748
0.0326246
0.0325744
0.0325243
0.0324743
0.0324243
0.0323744
0.0323245
0.0322747
0.032225
0.0321753
0.0321257
0.0320761
0.0320266
0.0319772
0.0319278
0.0318784
0.0318292
0.03178
0.0317308
0.0316818
0.0316327
0.0315838
0.0315349
0.031486
0.0314373
0.0313886
0.0313399
0.0312913
0.0312428
0.0311943
0.0311459
0.0310976
0.0310493
0.0310011
0.030953
0.0309049
0.0308569
0.030809
0.0307611
0.0307132
0.0306655
0.0306178
0.0305702
0.0305226
0.0304751
0.0304277
0.0303803
0.030333
0.0302858
0.0302386
0.0301915
0.0301445
0.0300976
0.0300507
0.0300038
0.0299571
0.0299104
0.0298637
0.0298172
0.0297707
0.0297243
0.0296779
0.0296316
0.0295854
0.0295393
0.0294932
0.0294472
0.0294012
0.0293554
0.0293096
0.0292638
0.0292182
0.0291726
0.029127
0.0290816
0.0290362
0.0289909
0.0289456
0.0289005
0.0288554
0.0288103
0.0287654
0.0287205
0.0286757
0.0286309
0.0285862
0.0285416
0.0284971
0.0284526
0.0284082
0.0283639
0.0283197
0.0282755
0.0282314
0.0281874
0.0281434
0.0280995
0.0280557
0.028012
0.0279683
0.0279247
0.0278812
0.0278378
0.0277944
0.0277511
0.0277079
0.0276647
0.0276216
0.0275786
0.0275357
0.0274928
0.02745
0.0274073
0.0273647
0.0273221
0.0272796
0.0272372
0.0271949
0.0271526
0.0271104
0.0270683
0.0270263
0.0269843
0.0269424
0.0269006
0.0268589
0.0268172
0.0267756
0.0267341
0.0266926
0.0266513
0.02661
0.0265688
0.0265276
0.0264866
0.0264456
0.0264047
0.0263638
0.0263231
0.0262824
0.0262418
0.0262012
0.0261608
0.0261204
0.0260801
0.0260398
0.0259997
0.0259596
0.0259196
0.0258797
0.0258398
0.0258001
0.0257604
0.0257207
0.0256812
0.0256417
0.0256023
0.025563
0.0255238
0.0254846
0.0254455
0.0254065
0.0253676
0.0253287
0.02529
0.0252513
0.0252126
0.0251741
0.0251356
0.0250972
0.0250589
0.0250207
0.0249825
0.0249444
0.0249064
0.0248685
0.0248306
0.0247928
0.0247551
0.0247175
0.02468
0.0246425
0.0246051
0.0245678
0.0245305
0.0244934
0.0244563
0.0244193
0.0243823
0.0243455
0.0243087
0.024272
0.0242354
0.0241988
0.0241623
0.0241259
0.0240896
0.0240534
0.0240172
0.0239811
0.0239451
0.0239092
0.0238733
0.0238375
0.0238018
0.0237662
0.0237307
0.0236952
0.0236598
0.0236245
0.0235892
0.0235541
0.023519
0.0234839
0.023449
0.0234141
0.0233794
0.0233447
0.02331
0.0232755
0.023241
0.0232066
0.0231723
0.023138
0.0231038
0.0230697
0.0230357
0.0230018
0.0229679
0.0229341
0.0229004
0.0228667
0.0228332
0.0227997
0.0227663
0.0227329
0.0226997
0.0226665
0.0226334
0.0226003
0.0225674
0.0225345
0.0225017
0.022469
0.0224363
0.0224037
0.0223712
0.0223388
0.0223064
0.0222741
0.0222419
0.0222098
0.0221778
0.0221458
0.0221139
0.022082
0.0220503
0.0220186
0.021987
0.0219555
0.021924
0.0218926
0.0218613
0.0218301
0.0217989
0.0217678
0.0217368
0.0217059
0.021675
0.0216442
0.0216135
0.0215829
0.0215523
0.0215218
0.0214914
0.021461
0.0214308
0.0214006
0.0213704
0.0213404
0.0213104
0.0212805
0.0212507
0.0212209
0.0211912
0.0211616
0.0211321
0.0211026
0.0210732
0.0210439
0.0210146
0.0209854
0.0209563
0.0209273
0.0208983
0.0208695
0.0208406
0.0208119
0.0207832
0.0207546
0.0207261
0.0206976
0.0206692
0.0206409
0.0206127
0.0205845
0.0205564
0.0205284
0.0205004
0.0204725
0.0204447
0.020417
0.0203893
0.0203617
0.0203342
0.0203067
0.0202793
0.020252
0.0202248
0.0201976
0.0201705
0.0201434
0.0201165
0.0200896
0.0200627
0.020036
0.0200093
0.0199827
0.0199561
0.0199296
0.0199032
0.0198769
0.0198506
0.0198244
0.0197983
0.0197722
0.0197462
0.0197203
0.0196944
0.0196686
0.0196429
0.0196173
0.0195917
0.0195661
0.0195407
0.0195153
0.01949
0.0194648
0.0194396
0.0194145
0.0193894
0.0193645
0.0193395
0.0193147
0.0192899
0.0192652
0.0192406
0.019216
0.0191915
0.0191671
0.0191427
0.0191184
0.0190942
0.01907
0.0190459
0.0190219
0.0189979
0.018974
0.0189501
0.0189264
0.0189027
0.018879
0.0188554
0.0188319
0.0188085
0.0187851
0.0187618
0.0187386
0.0187154
0.0186923
0.0186692
0.0186462
0.0186233
0.0186004
0.0185776
0.0185549
0.0185322
0.0185096
0.0184871
0.0184646
0.0184422
0.0184199
0.0183976
0.0183754
0.0183532
0.0183312
0.0183091
0.0182872
0.0182653
0.0182434
0.0182217
0.0182
0.0181783
0.0181567
0.0181352
0.0181138
0.0180924
0.018071
0.0180498
0.0180286
0.0180074
0.0179864
0.0179653
0.0179444
0.0179235
0.0179027
0.0178819
0.0178612
0.0178406
0.01782
0.0177994
0.017779
0.0177586
0.0177383
0.017718
0.0176978
0.0176776
0.0176575
0.0176375
0.0176175
0.0175976
0.0175778
0.017558
0.0175383
0.0175186
0.017499
0.0174795
0.01746
0.0174405
0.0174212
0.0174019
0.0173826
0.0173635
0.0173443
0.0173253
0.0173063
0.0172873
0.0172684
0.0172496
0.0172309
0.0172122
0.0171935
0.0171749
0.0171564
0.0171379
0.0171195
0.0171012
0.0170829
0.0170647
0.0170465
0.0170284
0.0170103
0.0169923
0.0169744
0.0169565
0.0169387
0.0169209
0.0169032
0.0168856
0.016868
0.0168505
0.016833
0.0168156
0.0167982
0.0167809
0.0167637
0.0167465
0.0167294
0.0167123
0.0166953
0.0166784
0.0166615
0.0166446
0.0166279
0.0166111
0.0165945
0.0165779
0.0165613
0.0165448
0.0165284
0.016512
0.0164957
0.0164795
0.0164632
0.0164471
0.016431
0.016415
0.016399
0.0163831
0.0163672
0.0163514
0.0163357
0.01632
0.0163043
0.0162887
0.0162732
0.0162577
0.0162423
0.016227
0.0162117
0.0161964
0.0161812
0.0161661
0.016151
0.016136
0.0161211
0.0161061
0.0160913
0.0160765
0.0160618
0.0160471
0.0160324
0.0160179
0.0160034
0.0159889
0.0159745
0.0159601
0.0159458
0.0159316
0.0159174
0.0159033
0.0158892
0.0158752
0.0158612
0.0158473
0.0158335
0.0158197
0.015806
0.0157923
0.0157786
0.0157651
0.0157515
0.0157381
0.0157247
0.0157113
0.015698
0.0156848
0.0156716
0.0156585
0.0156454
0.0156324
0.0156194
0.0156065
0.0155936
0.0155808
0.0155681
0.0155554
0.0155427
0.0155301
0.0155176
0.0155051
0.0154927
0.0154804
0.015468
0.0154558
0.0154436
0.0154314
0.0154194
0.0154073
0.0153953
0.0153834
0.0153715
0.0153597
0.015348
0.0153362
0.0153246
0.015313
0.0153014
0.01529
0.0152785
0.0152671
0.0152558
0.0152445
0.0152333
0.0152222
0.015211
0.0152
0.015189
0.015178
0.0151672
0.0151563
0.0151455
0.0151348
0.0151241
0.0151135
0.0151029
0.0150924
0.015082
0.0150716
0.0150612
0.0150509
0.0150407
0.0150305
0.0150204
0.0150103
0.0150003
0.0149903
0.0149804
0.0149706
0.0149608
0.014951
0.0149413
0.0149317
0.0149221
0.0149126
0.0149031
0.0148937
0.0148843
0.014875
0.0148657
0.0148565
0.0148474
0.0148383
0.0148292
0.0148203
0.0148113
0.0148024
0.0147936
0.0147849
0.0147761
0.0147675
0.0147589
0.0147503
0.0147418
0.0147334
0.014725
0.0147167
0.0147084
0.0147002
0.014692
0.0146839
0.0146758
0.0146678
0.0146598
0.0146519
0.0146441
0.0146363
0.0146286
0.0146209
0.0146133
0.0146057
0.0145982
0.0145907
0.0145833
0.0145759
0.0145686
0.0145614
0.0145542
0.0145471
0.01454
0.0145329
0.014526
0.014519
0.0145122
0.0145054
0.0144986
0.0144919
0.0144853
0.0144787
0.0144721
0.0144656
0.0144592
0.0144528
0.0144465
0.0144402
0.014434
0.0144278
0.0144217
0.0144157
0.0144097
0.0144037
0.0143978
0.014392
0.0143862
0.0143805
0.0143748
0.0143692
0.0143636
0.0143581
0.0143526
0.0143472
0.0143419
0.0143366
0.0143313
0.0143261
0.014321
0.0143159
0.0143109
0.0143059
0.014301
0.0142961
0.0142913
0.0142865
0.0142818
0.0142771
0.0142725
0.014268
0.0142635
0.0142591
0.0142547
0.0142503
0.0142461
0.0142418
0.0142376
0.0142335
0.0142295
0.0142254
0.0142215
0.0142176
0.0142137
0.0142099
0.0142061
0.0142024
0.0141988
0.0141952
0.0141917
0.0141882
0.0141847
0.0141814
0.014178
0.0141748
0.0141715
0.0141684
0.0141652
0.0141622
0.0141592
0.0141562
0.0141533
0.0141504
0.0141476
0.0141449
0.0141422
0.0141395
0.0141369
0.0141344
0.0141319
0.0141294
0.014127
0.0141247
0.0141224
0.0141201
0.014118
0.0141158
0.0141137
0.0141117
0.0141097
0.0141078
0.0141059
0.0141041
0.0141023
0.0141006
0.0140989
0.0140973
0.0140957
0.0140941
0.0140927
0.0140912
0.0140899
0.0140885
0.0140873
0.014086
0.0140849
0.0140837
0.0140827
0.0140816
0.0140806
0.0140797
0.0140788
0.014078
0.0140772
0.0140765
0.0140758
0.0140752
0.0140746
0.014074
0.0140736
0.0140731
0.0140727
0.0140724
0.0140721
0.0140718
0.0140716
0.0140715
0.0140714
0.0140713
0.0140713
0.0140714
0.0140714
0.0140716
0.0140717
0.014072
0.0140722
0.0140726
0.0140729
0.0140734
0.0140738
0.0140743
0.0140749
0.0140755
0.0140761
0.0140768
0.0140775
0.0140783
0.0140792
0.01408
0.0140809
0.0140819
0.0140829
0.014084
0.0140851
0.0140862
0.0140874
0.0140886
0.0140899
0.0140912
0.0140926
0.014094
0.0140955
0.014097
0.0140985
0.0141001
0.0141017
0.0141034
0.0141051
0.0141069
0.0141087
0.0141105
0.0141124
0.0141143
0.0141163
0.0141183
0.0141204
0.0141225
0.0141246
0.0141268
0.014129
0.0141313
0.0141336
0.0141359
0.0141383
0.0141407
0.0141432
0.0141457
0.0141483
0.0141509
0.0141535
0.0141562
0.0141589
0.0141616
0.0141644
0.0141672
0.0141701
0.014173
0.014176
0.0141789
0.014182
0.014185
0.0141881
0.0141913
0.0141944
0.0141977
0.0142009
0.0142042
0.0142075
0.0142109
0.0142143
0.0142177
0.0142212
0.0142247
0.0142283
0.0142319
0.0142355
0.0142391
0.0142428
0.0142466
0.0142503
0.0142541
0.014258
0.0142619
0.0142658
0.0142697
0.0142737
0.0142777
0.0142817
0.0142858
0.0142899
0.0142941
0.0142983
0.0143025
0.0143068
0.014311
0.0143154
0.0143197
0.0143241
0.0143285
0.014333
0.0143374
0.014342
0.0143465
0.0143511
0.0143557
0.0143603
0.014365
0.0143697
0.0143745
0.0143792
0.014384
0.0143889
0.0143937
0.0143986
0.0144035
0.0144085
0.0144135
0.0144185
0.0144235
0.0144286
0.0144337
0.0144388
0.014444
0.0144492
0.0144544
0.0144596
0.0144649
0.0144702
0.0144755
0.0144809
0.0144863
0.0144917
0.0144971
0.0145026
0.0145081
0.0145136
0.0145192
0.0145247
0.0145303
0.014536
0.0145416
0.0145473
0.014553
0.0145588
0.0145645
0.0145703
0.0145761
0.0145819
0.0145878
0.0145937
0.0145996
0.0146055
0.0146115
0.0146175
0.0146235
0.0146295
0.0146356
0.0146417
0.0146478
0.0146539
0.01466
0.0146662
0.0146724
0.0146786
0.0146849
0.0146911
0.0146974
0.0147037
0.01471
0.0147164
0.0147228
0.0147292
0.0147356
0.014742
0.0147485
0.0147549
0.0147614
0.014768
0.0147745
0.0147811
0.0147876
0.0147942
0.0148009
0.0148075
0.0148142
0.0148209
0.0148276
0.0148343
0.014841
0.0148478
0.0148545
0.0148613
0.0148681
0.014875
0.0148818
0.0148887
0.0148956
0.0149025
0.0149094
0.0149163
0.0149233
0.0149303
0.0149372
0.0149442
0.0149513
0.0149583
0.0149654
0.0149724
0.0149795
0.0149866
0.0149937
0.0150009
0.015008
0.0150152
0.0150224
0.0150296
0.0150368
0.015044
0.0150513
0.0150585
0.0150658
0.0150731
0.0150804
0.0150877
0.015095
0.0151024
0.0151097
0.0151171
0.0151245
0.0151319
0.0151393
0.0151467
0.0151541
0.0151616
0.015169
0.0151765
0.015184
0.0151915
0.015199
0.0152065
0.015214
0.0152216
0.0152292
0.0152367
0.0152443
0.0152519
0.0152595
0.0152671
0.0152747
0.0152824
0.01529
0.0152977
0.0153053
0.015313
0.0153207
0.0153284
0.0153361
0.0153438
0.0153516
0.0153593
0.015367
0.0153748
0.0153826
0.0153903
0.0153981
0.0154059
0.0154137
0.0154215
0.0154293
0.0154372
0.015445
0.0154528
0.0154607
0.0154685
0.0154764
0.0154843
0.0154922
0.0155001
0.015508
0.0155159
0.0155238
0.0155317
0.0155396
0.0155476
0.0155555
0.0155634
0.0155714
0.0155793
0.0155873
0.0155953
0.0156033
0.0156112
0.0156192
0.0156272
0.0156352
0.0156432
0.0156513
0.0156593
0.0156673
0.0156753
0.0156834
0.0156914
0.0156994
0.0157075
0.0157155
0.0157236
0.0157317
0.0157397
0.0157478
0.0157559
0.015764
0.015772
0.0157801
0.0157882
0.0157963
0.0158044
0.0158125
0.0158206
0.0158287
0.0158368
0.015845
0.0158531
0.0158612
0.0158693
0.0158774
0.0158856
0.0158937
0.0159018
0.01591
0.0159181
0.0159263
0.0159344
0.0159426
0.0159507
0.0159589
0.015967
0.0159752
0.0159833
0.0159915
0.0159996
0.0160078
0.016016
0.0160241
0.0160323
0.0160405
0.0160486
0.0160568
0.016065
0.0160731
0.0160813
0.0160895
0.0160977
0.0161058
0.016114
0.0161222
0.0161303
0.0161385
0.0161467
0.0161549
0.016163
0.0161712
0.0161794
0.0161876
0.0161957
0.0162039
0.0162121
0.0162203
0.0162284
0.0162366
0.0162448
0.0162529
0.0162611
0.0162693
0.0162774
0.0162856
0.0162938
0.0163019
0.0163101
0.0163183
0.0163264
0.0163346
0.0163427
0.0163509
0.016359
0.0163672
0.0163753
0.0163835
0.0163916
0.0163998
0.0164079
0.0164161
0.0164242
0.0164323
0.0164405
0.0164486
0.0164567
0.0164648
0.016473
0.0164811
0.0164892
0.0164973
0.0165054
0.0165135
0.0165216
0.0165297
0.0165378
0.0165459
0.016554
0.0165621
0.0165702
0.0165783
0.0165864
0.0165945
0.0166025
0.0166106
0.0166187
0.0166267
0.0166348
0.0166429
0.0166509
0.016659
0.016667
0.016675
0.0166831
0.0166911
0.0166991
0.0167072
0.0167152
0.0167232
0.0167312
0.0167392
0.0167472
0.0167552
0.0167632
0.0167712
0.0167792
0.0167872
0.0167952
0.0168031
0.0168111
0.0168191
0.016827
0.016835
0.0168429
0.0168509
0.0168588
0.0168667
0.0168747
0.0168826
0.0168905
0.0168984
0.0169063
0.0169142
0.0169221
0.01693
0.0169379
0.0169458
0.0169536
0.0169615
0.0169694
0.0169772
0.0169851
0.0169929
0.0170008
0.0170086
0.0170164
0.0170243
0.0170321
0.0170399
0.0170477
0.0170555
0.0170633
0.0170711
0.0170789
0.0170866
0.0170944
0.0171022
0.0171099
0.0171177
0.0171254
0.0171332
0.0171409
0.0171486
0.0171564
0.0171641
0.0171718
0.0171795
0.0171872
0.0171949
0.0172025
0.0172102
0.0172179
0.0172255
0.0172332
0.0172409
0.0172485
0.0172561
0.0172638
0.0172714
0.017279
0.0172866
0.0172942
0.0173018
0.0173094
0.017317
0.0173245
0.0173321
0.0173397
0.0173472
0.0173548
0.0173623
0.0173698
0.0173773
0.0173849
0.0173924
0.0173999
0.0174074
0.0174148
0.0174223
0.0174298
0.0174373
0.0174447
0.0174522
0.0174596
0.017467
0.0174745
0.0174819
0.0174893
0.0174967
0.0175041
0.0175115
0.0175189
0.0175263
0.0175336
0.017541
0.0175483
0.0175557
0.017563
0.0175703
0.0175777
0.017585
0.0175923
0.0175996
0.0176069
0.0176142
0.0176214
0.0176287
0.017636
0.0176432
0.0176504
0.0176577
0.0176649
0.0176721
0.0176793
0.0176865
0.0176937
0.0177009
0.0177081
0.0177153
0.0177224
0.0177296
0.0177367
0.0177439
0.017751
0.0177581
0.0177652
0.0177723
0.0177794
0.0177865
0.0177936
0.0178007
0.0178077
0.0178148
0.0178218
0.0178289
0.0178359
0.0178429
0.01785
0.017857
0.017864
0.017871
0.0178779
0.0178849
0.0178919
0.0178988
0.0179058
0.0179127
0.0179196
0.0179266
0.0179335
0.0179404
0.0179473
0.0179542
0.0179611
0.0179679
0.0179748
0.0179816
0.0179885
0.0179953
0.0180022
0.018009
0.0180158
0.0180226
0.0180294
0.0180362
0.018043
0.0180497
0.0180565
0.0180632
0.01807
0.0180767
0.0180835
0.0180902
0.0180969
0.0181036
0.0181103
0.018117
0.0181236
0.0181303
0.018137
0.0181436
0.0181502
0.0181569
0.0181635
0.0181701
0.0181767
0.0181833
0.0181899
0.0181965
0.0182031
0.0182096
0.0182162
0.0182227
0.0182293
0.0182358
0.0182423
0.0182488
0.0182553
0.0182618
0.0182683
0.0182748
0.0182812
0.0182877
0.0182941
0.0183006
0.018307
0.0183134
0.0183199
0.0183263
0.0183327
0.018339
0.0183454
0.0183518
0.0183582
0.0183645
0.0183709
0.0183772
0.0183835
0.0183898
0.0183961
0.0184024
0.0184087
0.018415
0.0184213
0.0184276
0.0184338
0.0184401
0.0184463
0.0184525
0.0184588
0.018465
0.0184712
0.0184774
0.0184836
0.0184897
0.0184959
0.0185021
0.0185082
0.0185144
0.0185205
0.0185266
0.0185327
0.0185388
0.0185449
0.018551
0.0185571
0.0185632
0.0185693
0.0185753
0.0185814
0.0185874
0.0185934
0.0185994
0.0186055
0.0186115
0.0186175
0.0186234
0.0186294
0.0186354
0.0186414
0.0186473
0.0186532
0.0186592
0.0186651
0.018671
0.0186769
0.0186828
0.0186887
0.0186946
0.0187005
0.0187063
0.0187122
0.018718
0.0187239
0.0187297
0.0187355
0.0187413
0.0187471
0.0187529
0.0187587
0.0187645
0.0187703
0.018776
0.0187818
0.0187875
0.0187933
0.018799
0.0188047
0.0188104
0.0188161
0.0188218
0.0188275
0.0188332
0.0188388
0.0188445
0.0188501
0.0188558
0.0188614
0.018867
0.0188727
0.0188783
0.0188839
0.0188894
0.018895
0.0189006
0.0189062
0.0189117
0.0189173
0.0189228
0.0189283
0.0189339
0.0189394
0.0189449
0.0189504
0.0189559
0.0189613
0.0189668
0.0189723
0.0189777
0.0189832
0.0189886
0.018994
0.0189995
0.0190049
0.0190103
0.0190157
0.0190211
0.0190264
0.0190318
0.0190372
0.0190425
0.0190479
0.0190532
0.0190585
0.0190638
0.0190692
0.0190745
0.0190798
0.019085
0.0190903
0.0190956
0.0191009
0.0191061
0.0191114
0.0191166
0.0191218
0.019127
0.0191322
0.0191375
0.0191426
0.0191478
0.019153
0.0191582
0.0191634
0.0191685
0.0191737
0.0191788
0.0191839
0.019189
0.0191942
0.0191993
0.0192044
0.0192095
0.0192145
0.0192196
0.0192247
0.0192297
0.0192348
0.0192398
0.0192449
0.0192499
0.0192549
0.0192599
0.0192649
0.0192699
0.0192749
0.0192799
0.0192848
0.0192898
0.0192947
0.0192997
0.0193046
0.0193096
0.0193145
0.0193194
0.0193243
0.0193292
0.0193341
0.019339
0.0193438
0.0193487
0.0193536
0.0193584
0.0193633
0.0193681
0.0193729
0.0193777
0.0193825
0.0193874
0.0193921
0.0193969
0.0194017
0.0194065
0.0194113
0.019416
0.0194208
0.0194255
0.0194302
0.019435
0.0194397
0.0194444
0.0194491
0.0194538
0.0194585
0.0194631
0.0194678
0.0194725
0.0194771
0.0194818
0.0194864
0.0194911
0.0194957
0.0195003
0.0195049
0.0195095
0.0195141
0.0195187
0.0195233
0.0195279
0.0195324
0.019537
0.0195415
0.0195461
0.0195506
0.0195551
0.0195597
0.0195642
0.0195687
0.0195732
0.0195777
0.0195821
0.0195866
0.0195911
0.0195956
0.0196
0.0196045
0.0196089
0.0196133
0.0196177
0.0196222
0.0196266
0.019631
0.0196354
0.0196398
0.0196441
0.0196485
0.0196529
0.0196572
0.0196616
0.0196659
0.0196703
0.0196746
0.0196789
0.0196832
0.0196875
0.0196918
0.0196961
0.0197004
0.0197047
0.019709
0.0197132
0.0197175
0.0197217
0.019726
0.0197302
0.0197345
0.0197387
0.0197429
0.0197471
0.0197513
0.0197555
0.0197597
0.0197639
0.019768
0.0197722
0.0197764
0.0197805
0.0197847
0.0197888
0.0197929
0.019797
0.0198012
0.0198053
0.0198094
0.0198135
0.0198176
0.0198216
0.0198257
0.0198298
0.0198338
0.0198379
0.0198419
0.019846
0.01985
0.0198541
0.0198581
0.0198621
0.0198661
0.0198701
0.0198741
0.0198781
0.0198821
0.019886
0.01989
0.019894
0.0198979
0.0199019
0.0199058
0.0199097
0.0199136
0.0199176
0.0199215
0.0199254
0.0199293
0.0199332
0.0199371
0.0199409
0.0199448
0.0199487
0.0199525
0.0199564
0.0199602
0.0199641
0.0199679
0.0199718
0.0199756
0.0199794
0.0199832
0.019987
0.0199908
0.0199946
0.0199984
0.0200021
0.0200059
0.0200097
0.0200134
0.0200172
0.0200209
0.0200247
0.0200284
0.0200321
0.0200358
0.0200395
0.0200432
0.0200469
0.0200506
0.0200543
0.020058
0.0200617
0.0200653
0.020069
0.0200727
0.0200763
0.0200799
0.0200836
0.0200872
0.0200908
0.0200945
0.0200981
0.0201017
0.0201053
0.0201089
0.0201124
0.020116
0.0201196
0.0201232
0.0201267
0.0201303
0.0201338
0.0201374
0.0201409
0.0201445
0.020148
0.0201515
0.020155
0.0201585
0.020162
0.0201655
0.020169
0.0201725
0.020176
0.0201794
0.0201829
0.0201864
0.0201898
0.0201933
0.0201967
0.0202001
0.0202036
0.020207
0.0202104
0.0202138
0.0202172
0.0202206
0.020224
0.0202274
0.0202308
0.0202342
0.0202375
0.0202409
0.0202443
0.0202476
0.020251
0.0202543
0.0202576
0.020261
0.0202643
0.0202676
0.0202709
0.0202742
0.0202775
0.0202808
0.0202841
0.0202874
0.0202907
0.020294
0.0202972
0.0203005
0.0203037
0.020307
0.0203102
0.0203135
0.0203167
0.0203199
0.0203232
0.0203264
0.0203296
0.0203328
0.020336
0.0203392
0.0203424
0.0203456
0.0203487
0.0203519
0.0203551
0.0203583
0.0203614
0.0203646
0.0203677
0.0203708
0.020374
0.0203771
0.0203802
0.0203833
0.0203865
0.0203896
0.0203927
0.0203958
0.0203989
0.0204019
0.020405
0.0204081
0.0204112
0.0204142
0.0204173
0.0204203
0.0204234
0.0204264
0.0204295
0.0204325
0.0204355
0.0204386
0.0204416
0.0204446
0.0204476
0.0204506
0.0204536
0.0204566
0.0204596
0.0204626
0.0204655
0.0204685
0.0204715
0.0204744
0.0204774
0.0204803
0.0204833
0.0204862
0.0204891
0.0204921
0.020495
0.0204979
0.0205008
0.0205037
0.0205066
0.0205095
0.0205124
0.0205153
0.0205182
0.0205211
0.020524
0.0205268
0.0205297
0.0205326
0.0205354
0.0205383
0.0205411
0.0205439
0.0205468
0.0205496
0.0205524
0.0205552
0.0205581
0.0205609
0.0205637
0.0205665
0.0205693
0.0205721
0.0205748
0.0205776
0.0205804
0.0205832
0.0205859
0.0205887
0.0205914
0.0205942
0.0205969
0.0205997
0.0206024
0.0206052
0.0206079
0.0206106
0.0206133
0.020616
0.0206187
0.0206214
0.0206241
0.0206268
0.0206295
0.0206322
0.0206349
0.0206376
0.0206402
0.0206429
0.0206456
0.0206482
0.0206509
0.0206535
0.0206562
0.0206588
0.0206614
0.0206641
0.0206667
0.0206693
0.0206719
0.0206745
0.0206771
0.0206797
0.0206823
0.0206849
0.0206875
0.0206901
0.0206927
0.0206953
0.0206978
0.0207004
0.020703
0.0207055
0.0207081
0.0207106
0.0207132
0.0207157
0.0207182
0.0207208
0.0207233
0.0207258
0.0207283
0.0207308
0.0207333
0.0207359
0.0207383
0.0207408
0.0207433
0.0207458
0.0207483
0.0207508
0.0207533
0.0207557
0.0207582
0.0207606
0.0207631
0.0207656
0.020768
0.0207704
0.0207729
0.0207753
0.0207777
0.0207802
0.0207826
0.020785
0.0207874
0.0207898
0.0207922
0.0207946
0.020797
0.0207994
0.0208018
0.0208042
0.0208066
0.020809
0.0208113
0.0208137
0.0208161
0.0208184
0.0208208
0.0208231
0.0208255
0.0208278
0.0208302
0.0208325
0.0208348
0.0208371
0.0208395
0.0208418
0.0208441
0.0208464
0.0208487
0.020851
0.0208533
0.0208556
0.0208579
0.0208602
0.0208625
0.0208648
0.020867
0.0208693
0.0208716
0.0208738
0.0208761
0.0208783
0.0208806
0.0208828
0.0208851
0.0208873
0.0208896
0.0208918
0.020894
0.0208962
0.0208985
0.0209007
0.0209029
0.0209051
0.0209073
0.0209095
0.0209117
0.0209139
0.0209161
0.0209183
0.0209204
0.0209226
0.0209248
0.020927
0.0209291
0.0209313
0.0209334
0.0209356
0.0209377
0.0209399
0.020942
0.0209442
0.0209463
0.0209484
0.0209506
0.0209527
0.0209548
0.0209569
0.020959
0.0209612
0.0209633
0.0209654
0.0209675
0.0209696
0.0209717
0.0209737
0.0209758
0.0209779
0.02098
0.0209821
0.0209841
0.0209862
0.0209883
0.0209903
0.0209924
0.0209944
0.0209965
0.0209985
0.0210006
0.0210026
0.0210046
0.0210067
0.0210087
0.0210107
0.0210127
0.0210147
0.0210168
0.0210188
0.0210208
0.0210228
0.0210248
0.0210268
0.0210288
0.0210307
0.0210327
0.0210347
0.0210367
0.0210387
0.0210406
0.0210426
0.0210446
0.0210465
0.0210485
0.0210504
0.0210524
0.0210543
0.0210563
0.0210582
0.0210602
0.0210621
0.021064
0.0210659
0.0210679
0.0210698
0.0210717
0.0210736
0.0210755
0.0210774
0.0210793
0.0210812
0.0210831
0.021085
0.0210869
0.0210888
0.0210907
0.0210926
0.0210944
0.0210963
0.0210982
0.0211001
0.0211019
0.0211038
0.0211056
0.0211075
0.0211093
0.0211112
0.021113
0.0211149
0.0211167
0.0211186
0.0211204
0.0211222
0.021124
0.0211259
0.0211277
0.0211295
0.0211313
0.0211331
0.0211349
0.0211367
0.0211385
0.0211403
0.0211421
0.0211439
0.0211457
0.0211475
0.0211493
0.021151
0.0211528
0.0211546
0.0211564
0.0211581
0.0211599
0.0211616
0.0211634
0.0211652
0.0211669
0.0211687
0.0211704
0.0211721
0.0211739
0.0211756
0.0211773
0.0211791
0.0211808
0.0211825
0.0211842
0.021186
0.0211877
0.0211894
0.0211911
0.0211928
0.0211945
0.0211962
0.0211979
0.0211996
0.0212013
0.021203
0.0212047
0.0212063
0.021208
0.0212097
0.0212114
0.021213
0.0212147
0.0212164
0.021218
0.0212197
0.0212214
0.021223
0.0212247
0.0212263
0.021228
0.0212296
0.0212312
0.0212329
0.0212345
0.0212361
0.0212378
0.0212394
0.021241
0.0212426
0.0212442
0.0212459
0.0212475
0.0212491
0.0212507
0.0212523
0.0212539
0.0212555
0.0212571
0.0212587
0.0212603
0.0212618
0.0212634
0.021265
0.0212666
0.0212682
0.0212697
0.0212713
0.0212729
0.0212744
0.021276
0.0212775
0.0212791
0.0212807
0.0212822
0.0212838
0.0212853
0.0212868
0.0212884
0.0212899
0.0212915
0.021293
0.0212945
0.021296
0.0212976
0.0212991
0.0213006
0.0213021
0.0213036
0.0213051
0.0213067
0.0213082
0.0213097
0.0213112
0.0213127
0.0213142
0.0213156
0.0213171
0.0213186
0.0213201
0.0213216
0.0213231
0.0213246
0.021326
0.0213275
0.021329
0.0213304
0.0213319
0.0213334
0.0213348
0.0213363
0.0213377
0.0213392
0.0213406
0.0213421
0.0213435
0.021345
0.0213464
0.0213478
0.0213493
0.0213507
0.0213521
0.0213536
0.021355
0.0213564
0.0213578
0.0213592
0.0213607
0.0213621
0.0213635
0.0213649
0.0213663
0.0213677
0.0213691
0.0213705
0.0213719
0.0213733
0.0213747
0.0213761
0.0213775
0.0213788
0.0213802
0.0213816
0.021383
0.0213843
0.0213857
0.0213871
0.0213885
0.0213898
0.0213912
0.0213925
0.0213939
0.0213953
0.0213966
0.021398
0.0213993
0.0214007
0.021402
0.0214033
0.0214047
0.021406
0.0214073
0.0214087
0.02141
0.0214113
0.0214127
0.021414
0.0214153
0.0214166
0.0214179
0.0214193
0.0214206
0.0214219
0.0214232
0.0214245
0.0214258
0.0214271
0.0214284
0.0214297
0.021431
0.0214323
0.0214336
0.0214348
0.0214361
0.0214374
0.0214387
0.02144
0.0214412
0.0214425
0.0214438
0.0214451
0.0214463
0.0214476
0.0214489
0.0214501
0.0214514
0.0214526
0.0214539
0.0214551
0.0214564
0.0214576
0.0214589
0.0214601
0.0214614
0.0214626
0.0214638
0.0214651
0.0214663
0.0214675
0.0214688
0.02147
0.0214712
0.0214724
0.0214737
0.0214749
0.0214761
0.0214773
0.0214785
0.0214797
0.0214809
0.0214821
0.0214834
0.0214846
0.0214858
0.021487
0.0214881
0.0214893
0.0214905
0.0214917
0.0214929
0.0214941
0.0214953
0.0214965
0.0214976
0.0214988
0.0215
0.0215012
0.0215023
0.0215035
0.0215047
0.0215058
0.021507
0.0215082
0.0215093
0.0215105
0.0215116
0.0215128
0.0215139
0.0215151
0.0215162
0.0215174
0.0215185
0.0215197
0.0215208
0.0215219
0.0215231
0.0215242
0.0215253
0.0215265
0.0215276
0.0215287
0.0215299
0.021531
0.0215321
0.0215332
0.0215343
0.0215354
0.0215366
0.0215377
0.0215388
0.0215399
0.021541
0.0215421
0.0215432
0.0215443
0.0215454
0.0215465
0.0215476
0.0215487
0.0215498
0.0215509
0.0215519
0.021553
0.0215541
0.0215552
0.0215563
0.0215573
0.0215584
0.0215595
0.0215606
0.0215616
0.0215627
0.0215638
0.0215648
0.0215659
0.021567
0.021568
0.0215691
0.0215701
0.0215712
0.0215722
0.0215733
0.0215743
0.0215754
0.0215764
0.0215775
0.0215785
0.0215796
0.0215806
0.0215816
0.0215827
0.0215837
0.0215847
0.0215858
0.0215868
0.0215878
0.0215888
0.0215899
0.0215909
0.0215919
0.0215929
0.0215939
0.0215949
0.021596
0.021597
0.021598
0.021599
0.0216
0.021601
0.021602
0.021603
0.021604
0.021605
0.021606
0.021607
0.021608
0.021609
0.0216099
0.0216109
0.0216119
0.0216129
0.0216139
0.0216149
0.0216158
0.0216168
0.0216178
0.0216188
0.0216197
0.0216207
0.0216217
0.0216226
0.0216236
0.0216246
0.0216255
0.0216265
0.0216274
0.0216284
0.0216294
0.0216303
0.0216313
0.0216322
0.0216332
0.0216341
0.0216351
0.021636
0.0216369
0.0216379
0.0216388
0.0216398
0.0216407
0.0216416
0.0216426
0.0216435
0.0216444
0.0216454
0.0216463
0.0216472
0.0216481
0.0216491
0.02165
0.0216509
0.0216518
0.0216527
0.0216536
0.0216546
0.0216555
0.0216564
0.0216573
0.0216582
0.0216591
0.02166
0.0216609
0.0216618
0.0216627
0.0216636
0.0216645
0.0216654
0.0216663
0.0216672
0.0216681
0.021669
0.0216698
0.0216707
0.0216716
0.0216725
0.0216734
0.0216743
0.0216751
0.021676
0.0216769
0.0216778
0.0216786
0.0216795
0.0216804
0.0216812
0.0216821
0.021683
0.0216838
0.0216847
0.0216856
0.0216864
0.0216873
0.0216881
0.021689
0.0216898
0.0216907
0.0216915
0.0216924
0.0216932
0.0216941
0.0216949
0.0216958
0.0216966
0.0216975
0.0216983
0.0216991
0.0217
0.0217008
0.0217016
0.0217025
0.0217033
0.0217041
0.021705
0.0217058
0.0217066
0.0217074
0.0217083
0.0217091
0.0217099
0.0217107
0.0217115
0.0217124
0.0217132
0.021714
0.0217148
0.0217156
0.0217164
0.0217172
0.021718
0.0217188
0.0217196
0.0217204
0.0217212
0.021722
0.0217228
0.0217236
0.0217244
0.0217252
0.021726
0.0217268
0.0217276
0.0217284
0.0217292
0.02173
0.0217307
0.0217315
0.0217323
0.0217331
0.0217339
0.0217347
0.0217354
0.0217362
0.021737
0.0217378
0.0217385
0.0217393
0.0217401
0.0217408
0.0217416
0.0217424
0.0217431
0.0217439
0.0217447
0.0217454
0.0217462
0.0217469
0.0217477
0.0217485
0.0217492
0.02175
0.0217507
0.0217515
0.0217522
0.021753
0.0217537
0.0217545
0.0217552
0.0217559
0.0217567
0.0217574
0.0217582
0.0217589
0.0217596
0.0217604
0.0217611
0.0217618
0.0217626
0.0217633
0.021764
0.0217648
0.0217655
0.0217662
0.021767
0.0217677
0.0217684
0.0217691
0.0217698
0.0217706
0.0217713
0.021772
0.0217727
0.0217734
0.0217741
0.0217748
0.0217756
0.0217763
0.021777
0.0217777
0.0217784
0.0217791
0.0217798
0.0217805
0.0217812
0.0217819
0.0217826
0.0217833
0.021784
0.0217847
0.0217854
0.0217861
0.0217868
0.0217875
0.0217882
0.0217888
0.0217895
0.0217902
0.0217909
0.0217916
0.0217923
0.021793
0.0217936
0.0217943
0.021795
0.0217957
0.0217964
0.021797
0.0217977
0.0217984
0.0217991
0.0217997
0.0218004
0.0218011
0.0218017
0.0218024
0.0218031
0.0218037
0.0218044
0.0218051
0.0218057
0.0218064
0.021807
0.0218077
0.0218083
0.021809
0.0218097
0.0218103
0.021811
0.0218116
0.0218123
0.0218129
0.0218136
0.0218142
0.0218149
0.0218155
0.0218161
0.0218168
0.0218174
0.0218181
0.0218187
0.0218194
0.02182
0.0218206
0.0218213
0.0218219
0.0218225
0.0218232
0.0218238
0.0218244
0.0218251
0.0218257
0.0218263
0.0218269
0.0218276
0.0218282
0.0218288
0.0218294
0.0218301
0.0218307
0.0218313
0.0218319
0.0218325
0.0218332
0.0218338
0.0218344
0.021835
0.0218356
0.0218362
0.0218368
0.0218374
0.021838
0.0218387
0.0218393
0.0218399
0.0218405
0.0218411
0.0218417
0.0218423
0.0218429
0.0218435
0.0218441
0.0218447
0.0218453
0.0218459
0.0218465
0.0218471
0.0218476
0.0218482
0.0218488
0.0218494
0.02185
0.0218506
0.0218512
0.0218518
0.0218524
0.0218529
0.0218535
0.0218541
0.0218547
0.0218553
0.0218558
0.0218564
0.021857
0.0218576
0.0218582
0.0218587
0.0218593
0.0218599
0.0218605
0.021861
0.0218616
0.0218622
0.0218627
0.0218633
0.0218639
0.0218644
0.021865
0.0218656
0.0218661
0.0218667
0.0218672
0.0218678
0.0218684
0.0218689
0.0218695
0.02187
0.0218706
0.0218711
0.0218717
0.0218723
0.0218728
0.0218734
0.0218739
0.0218745
0.021875
0.0218756
0.0218761
0.0218766
0.0218772
0.0218777
0.0218783
0.0218788
0.0218794
0.0218799
0.0218804
0.021881
0.0218815
0.0218821
0.0218826
0.0218831
0.0218837
0.0218842
0.0218847
0.0218853
0.0218858
0.0218863
0.0218869
0.0218874
0.0218879
0.0218884
0.021889
0.0218895
0.02189
0.0218905
0.0218911
0.0218916
0.0218921
0.0218926
0.0218931
0.0218937
0.0218942
0.0218947
0.0218952
0.0218957
0.0218962
0.0218968
0.0218973
0.0218978
0.0218983
0.0218988
0.0218993
0.0218998
0.0219003
0.0219008
0.0219013
0.0219018
0.0219023
0.0219029
0.0219034
0.0219039
0.0219044
0.0219049
0.0219054
0.0219059
0.0219064
0.0219069
0.0219074
0.0219078
0.0219083
0.0219088
0.0219093
0.0219098
0.0219103
0.0219108
0.0219113
0.0219118
0.0219123
0.0219128
0.0219132
0.0219137
0.0219142
0.0219147
0.0219152
0.0219157
0.0219162
0.0219166
0.0219171
0.0219176
0.0219181
0.0219186
0.021919
0.0219195
0.02192
0.0219205
0.0219209
0.0219214
0.0219219
0.0219224
0.0219228
0.0219233
0.0219238
0.0219242
0.0219247
0.0219252
0.0219256
0.0219261
0.0219266
0.021927
0.0219275
0.021928
0.0219284
0.0219289
0.0219294
0.0219298
0.0219303
0.0219307
0.0219312
0.0219317
0.0219321
0.0219326
0.021933
0.0219335
0.0219339
0.0219344
0.0219348
0.0219353
0.0219357
0.0219362
0.0219366
0.0219371
0.0219375
0.021938
0.0219384
0.0219389
0.0219393
0.0219398
0.0219402
0.0219407
0.0219411
0.0219415
0.021942
0.0219424
0.0219429
0.0219433
0.0219438
0.0219442
0.0219446
0.0219451
0.0219455
0.0219459
0.0219464
0.0219468
0.0219472
0.0219477
0.0219481
0.0219485
0.021949
0.0219494
0.0219498
0.0219503
0.0219507
0.0219511
0.0219515
0.021952
0.0219524
0.0219528
0.0219532
0.0219537
0.0219541
0.0219545
0.0219549
0.0219553
0.0219558
0.0219562
0.0219566
0.021957
0.0219574
0.0219578
0.0219583
0.0219587
0.0219591
0.0219595
0.0219599
0.0219603
0.0219607
0.0219612
0.0219616
0.021962
0.0219624
0.0219628
0.0219632
0.0219636
0.021964
0.0219644
0.0219648
0.0219652
0.0219656
0.021966
0.0219664
0.0219669
0.0219673
0.0219677
0.0219681
0.0219685
0.0219689
0.0219693
0.0219697
0.02197
0.0219704
0.0219708
0.0219712
0.0219716
0.021972
0.0219724
0.0219728
0.0219732
0.0219736
0.021974
0.0219744
0.0219748
0.0219752
0.0219755
0.0219759
0.0219763
0.0219767
0.0219771
0.0219775
0.0219779
0.0219783
0.0219786
0.021979
0.0219794
0.0219798
0.0219802
0.0219806
0.0219809
0.0219813
0.0219817
0.0219821
0.0219824
0.0219828
0.0219832
0.0219836
0.021984
0.0219843
0.0219847
0.0219851
0.0219855
0.0219858
0.0219862
0.0219866
0.0219869
0.0219873
0.0219877
0.021988
0.0219884
0.0219888
0.0219892
0.0219895
0.0219899
0.0219903
0.0219906
0.021991
0.0219913
0.0219917
0.0219921
0.0219924
0.0219928
0.0219932
0.0219935
0.0219939
0.0219942
0.0219946
0.021995
0.0219953
0.0219957
0.021996
0.0219964
0.0219967
0.0219971
0.0219975
0.0219978
0.0219982
0.0219985
0.0219989
0.0219992
0.0219996
0.0219999
0.0220003
0.0220006
0.022001
0.0220013
0.0220017
0.022002
0.0220024
0.0220027
0.0220031
0.0220034
0.0220038
0.0220041
0.0220044
0.0220048
0.0220051
0.0220055
0.0220058
0.0220062
0.0220065
0.0220068
0.0220072
0.0220075
0.0220079
0.0220082
0.0220085
0.0220089
0.0220092
0.0220095
0.0220099
0.0220102
0.0220105
0.0220109
0.0220112
0.0220115
0.0220119
0.0220122
0.0220125
0.0220129
0.0220132
0.0220135
0.0220139
0.0220142
0.0220145
0.0220149
0.0220152
0.0220155
0.0220158
0.0220162
0.0220165
0.0220168
0.0220171
0.0220175
0.0220178
0.0220181
0.0220184
0.0220188
0.0220191
0.0220194
0.0220197
0.02202
0.0220204
0.0220207
0.022021
0.0220213
0.0220216
0.0220219
0.0220223
0.0220226
0.0220229
0.0220232
0.0220235
0.0220238
0.0220242
0.0220245
0.0220248
0.0220251
0.0220254
0.0220257
0.022026
0.0220263
0.0220266
0.022027
0.0220273
0.0220276
0.0220279
0.0220282
0.0220285
0.0220288
0.0220291
0.0220294
0.0220297
0.02203
0.0220303
0.0220306
0.0220309
0.0220312
0.0220315
0.0220318
0.0220321
0.0220325
0.0220328
0.0220331
0.0220334
0.0220337
0.022034
0.0220342
0.0220345
0.0220348
0.0220351
0.0220354
0.0220357
0.022036
0.0220363
0.0220366
0.0220369
0.0220372
0.0220375
0.0220378
0.0220381
0.0220384
0.0220387
0.022039
0.0220393
0.0220395
0.0220398
0.0220401
0.0220404
0.0220407
0.022041
0.0220413
0.0220416
0.0220419
0.0220421
0.0220424
0.0220427
0.022043
0.0220433
0.0220436
0.0220439
0.0220441
0.0220444
0.0220447
0.022045
0.0220453
0.0220455
0.0220458
0.0220461
0.0220464
0.0220467
0.0220469
0.0220472
0.0220475
0.0220478
0.0220481
0.0220483
0.0220486
0.0220489
0.0220492
0.0220494
0.0220497
0.02205
0.0220503
0.0220505
0.0220508
0.0220511
0.0220514
0.0220516
0.0220519
0.0220522
0.0220524
0.0220527
0.022053
0.0220533
0.0220535
0.0220538
0.0220541
0.0220543
0.0220546
0.0220549
0.0220551
0.0220554
0.0220557
0.0220559
0.0220562
0.0220565
0.0220567
0.022057
0.0220573
0.0220575
0.0220578
0.022058
0.0220583
0.0220586
0.0220588
0.0220591
0.0220594
0.0220596
0.0220599
0.0220601
0.0220604
0.0220607
0.0220609
0.0220612
0.0220614
0.0220617
0.0220619
0.0220622
0.0220625
0.0220627
0.022063
0.0220632
0.0220635
0.0220637
0.022064
0.0220642
0.0220645
0.0220647
0.022065
0.0220652
0.0220655
0.0220657
0.022066
0.0220663
0.0220665
0.0220667
0.022067
0.0220672
0.0220675
0.0220677
0.022068
0.0220682
0.0220685
0.0220687
0.022069
0.0220692
0.0220695
0.0220697
0.02207
0.0220702
0.0220705
0.0220707
0.0220709
0.0220712
0.0220714
0.0220717
0.0220719
0.0220722
0.0220724
0.0220726
0.0220729
0.0220731
0.0220734
0.0220736
0.0220738
0.0220741
0.0220743
0.0220745
0.0220748
0.022075
0.0220753
0.0220755
0.0220757
0.022076
0.0220762
0.0220764
0.0220767
0.0220769
0.0220771
0.0220774
0.0220776
0.0220778
0.0220781
0.0220783
0.0220785
0.0220788
0.022079
0.0220792
0.0220795
0.0220797
0.0220799
0.0220802
0.0220804
0.0220806
0.0220808
0.0220811
0.0220813
0.0220815
0.0220818
0.022082
0.0220822
0.0220824
0.0220827
0.0220829
0.0220831
0.0220833
0.0220836
0.0220838
0.022084
0.0220842
0.0220845
0.0220847
0.0220849
0.0220851
0.0220853
0.0220856
0.0220858
0.022086
0.0220862
0.0220865
0.0220867
0.0220869
0.0220871
0.0220873
0.0220876
0.0220878
0.022088
0.0220882
0.0220884
0.0220886
0.0220889
0.0220891
0.0220893
0.0220895
0.0220897
0.0220899
0.0220902
0.0220904
0.0220906
0.0220908
0.022091
0.0220912
0.0220914
0.0220917
0.0220919
0.0220921
0.0220923
0.0220925
0.0220927
0.0220929
0.0220931
0.0220933
0.0220936
0.0220938
0.022094
0.0220942
0.0220944
0.0220946
0.0220948
0.022095
0.0220952
0.0220954
0.0220956
0.0220958
0.022096
0.0220963
0.0220965
0.0220967
0.0220969
0.0220971
0.0220973
0.0220975
0.0220977
0.0220979
0.0220981
0.0220983
0.0220985
0.0220987
0.0220989
0.0220991
0.0220993
0.0220995
0.0220997
0.0220999
0.0221001
0.0221003
0.0221005
0.0221007
0.0221009
0.0221011
0.0221013
0.0221015
0.0221017
0.0221019
0.0221021
0.0221023
0.0221025
0.0221027
0.0221029
0.0221031
0.0221033
0.0221035
0.0221037
0.0221039
0.0221041
0.0221043
0.0221045
0.0221046
0.0221048
0.022105
0.0221052
0.0221054
0.0221056
0.0221058
0.022106
0.0221062
0.0221064
0.0221066
0.0221068
0.022107
0.0221071
0.0221073
0.0221075
0.0221077
0.0221079
0.0221081
0.0221083
0.0221085
0.0221087
0.0221088
0.022109
0.0221092
0.0221094
0.0221096
0.0221098
0.02211
0.0221101
0.0221103
0.0221105
0.0221107
0.0221109
0.0221111
0.0221113
0.0221114
0.0221116
0.0221118
0.022112
0.0221122
0.0221124
0.0221125
0.0221127
0.0221129
0.0221131
0.0221133
0.0221134
0.0221136
0.0221138
0.022114
0.0221142
0.0221143
0.0221145
0.0221147
0.0221149
0.0221151
0.0221152
0.0221154
0.0221156
0.0221158
0.022116
0.0221161
0.0221163
0.0221165
0.0221167
0.0221168
0.022117
0.0221172
0.0221174
0.0221175
0.0221177
0.0221179
0.0221181
0.0221182
0.0221184
0.0221186
0.0221188
0.0221189
0.0221191
0.0221193
0.0221195
0.0221196
0.0221198
0.02212
0.0221201
0.0221203
0.0221205
0.0221207
0.0221208
0.022121
0.0221212
0.0221213
0.0221215
0.0221217
0.0221218
0.022122
0.0221222
0.0221223
0.0221225
0.0221227
0.0221228
0.022123
0.0221232
0.0221233
0.0221235
0.0221237
0.0221238
0.022124
0.0221242
0.0221243
0.0221245
0.0221247
0.0221248
0.022125
0.0221252
0.0221253
0.0221255
0.0221257
0.0221258
0.022126
0.0221261
0.0221263
0.0221265
0.0221266
0.0221268
0.022127
0.0221271
0.0221273
0.0221274
0.0221276
0.0221278
0.0221279
0.0221281
0.0221282
0.0221284
0.0221286
0.0221287
0.0221289
0.022129
0.0221292
0.0221294
0.0221295
0.0221297
0.0221298
0.02213
0.0221301
0.0221303
0.0221305
0.0221306
0.0221308
0.0221309
0.0221311
0.0221312
0.0221314
0.0221315
0.0221317
0.0221319
0.022132
0.0221322
0.0221323
0.0221325
0.0221326
0.0221328
0.0221329
0.0221331
0.0221332
0.0221334
0.0221335
0.0221337
0.0221338
0.022134
0.0221341
0.0221343
0.0221344
0.0221346
0.0221348
0.0221349
0.0221351
0.0221352
0.0221353
0.0221355
0.0221356
0.0221358
0.0221359
0.0221361
0.0221362
0.0221364
0.0221365
0.0221367
0.0221368
0.022137
0.0221371
0.0221373
0.0221374
0.0221376
0.0221377
0.0221379
0.022138
0.0221382
0.0221383
0.0221384
0.0221386
0.0221387
0.0221389
0.022139
0.0221392
0.0221393
0.0221395
0.0221396
0.0221397
0.0221399
0.02214
0.0221402
0.0221403
0.0221405
0.0221406
0.0221407
0.0221409
0.022141
0.0221412
0.0221413
0.0221414
0.0221416
0.0221417
0.0221419
0.022142
0.0221421
0.0221423
0.0221424
0.0221426
0.0221427
0.0221428
0.022143
0.0221431
0.0221433
0.0221434
0.0221435
0.0221437
0.0221438
0.0221439
0.0221441
0.0221442
0.0221444
0.0221445
0.0221446
0.0221448
0.0221449
0.022145
0.0221452
0.0221453
0.0221454
0.0221456
0.0221457
0.0221459
0.022146
0.0221461
0.0221463
0.0221464
0.0221465
0.0221467
0.0221468
0.0221469
0.0221471
0.0221472
0.0221473
0.0221475
0.0221476
0.0221477
0.0221478
0.022148
0.0221481
0.0221482
0.0221484
0.0221485
0.0221486
0.0221488
0.0221489
0.022149
0.0221492
0.0221493
0.0221494
0.0221495
0.0221497
0.0221498
0.0221499
0.0221501
0.0221502
0.0221503
0.0221504
0.0221506
0.0221507
0.0221508
0.022151
0.0221511
0.0221512
0.0221513
0.0221515
0.0221516
0.0221517
0.0221518
0.022152
0.0221521
0.0221522
0.0221523
0.0221525
0.0221526
0.0221527
0.0221528
0.022153
0.0221531
0.0221532
0.0221533
0.0221535
0.0221536
0.0221537
0.0221538
0.022154
0.0221541
0.0221542
0.0221543
0.0221545
0.0221546
0.0221547
0.0221548
0.0221549
0.0221551
0.0221552
0.0221553
0.0221554
0.0221555
0.0221557
0.0221558
0.0221559
0.022156
0.0221562
0.0221563
0.0221564
0.0221565
0.0221566
0.0221567
0.0221569
0.022157
0.0221571
0.0221572
0.0221573
0.0221575
0.0221576
0.0221577
0.0221578
0.0221579
0.0221581
0.0221582
0.0221583
0.0221584
0.0221585
0.0221586
0.0221588
0.0221589
0.022159
0.0221591
0.0221592
0.0221593
0.0221594
0.0221596
0.0221597
0.0221598
0.0221599
0.02216
0.0221601
0.0221603
0.0221604
0.0221605
0.0221606
0.0221607
0.0221608
0.0221609
0.022161
0.0221612
0.0221613
0.0221614
0.0221615
0.0221616
0.0221617
0.0221618
0.0221619
0.0221621
0.0221622
0.0221623
0.0221624
0.0221625
0.0221626
0.0221627
0.0221628
0.0221629
0.0221631
0.0221632
0.0221633
0.0221634
0.0221635
0.0221636
0.0221637
0.0221638
0.0221639
0.022164
0.0221642
0.0221643
0.0221644
0.0221645
0.0221646
0.0221647
0.0221648
0.0221649
0.022165
0.0221651
0.0221652
0.0221653
0.0221654
0.0221656
0.0221657
0.0221658
0.0221659
0.022166
0.0221661
0.0221662
0.0221663
0.0221664
0.0221665
0.0221666
0.0221667
0.0221668
0.0221669
0.022167
0.0221671
0.0221672
0.0221674
0.0221675
0.0221676
0.0221677
0.0221678
0.0221679
0.022168
0.0221681
0.0221682
0.0221683
0.0221684
0.0221685
0.0221686
0.0221687
0.0221688
0.0221689
0.022169
0.0221691
0.0221692
0.0221693
0.0221694
0.0221695
0.0221696
0.0221697
0.0221698
0.0221699
0.02217
0.0221701
0.0221702
0.0221703
0.0221704
0.0221705
0.0221706
0.0221707
0.0221708
0.0221709
0.022171
0.0221711
0.0221712
0.0221713
0.0221714
0.0221715
0.0221716
0.0221717
0.0221718
0.0221719
0.022172
0.0221721
0.0221722
0.0221723
0.0221724
0.0221725
0.0221726
0.0221727
0.0221728
0.0221729
0.022173
0.0221731
0.0221732
0.0221733
0.0221734
0.0221735
0.0221736
0.0221736
0.0221737
0.0221738
0.0221739
0.022174
0.0221741
0.0221742
0.0221743
0.0221744
0.0221745
0.0221746
0.0221747
0.0221748
0.0221749
0.022175
0.0221751
0.0221752
0.0221753
0.0221753
0.0221754
0.0221755
0.0221756
0.0221757
0.0221758
0.0221759
0.022176
0.0221761
0.0221762
0.0221763
0.0221764
0.0221765
0.0221765
0.0221766
0.0221767
0.0221768
0.0221769
0.022177
0.0221771
0.0221772
0.0221773
0.0221774
0.0221775
0.0221775
0.0221776
0.0221777
0.0221778
0.0221779
0.022178
0.0221781
0.0221782
0.0221783
0.0221784
0.0221784
0.0221785
0.0221786
0.0221787
0.0221788
0.0221789
0.022179
0.0221791
0.0221791
0.0221792
0.0221793
0.0221794
0.0221795
0.0221796
0.0221797
0.0221798
0.0221798
0.0221799
0.02218
0.0221801
0.0221802
0.0221803
0.0221804
0.0221805
0.0221805
0.0221806
0.0221807
0.0221808
0.0221809
0.022181
0.0221811
0.0221811
0.0221812
0.0221813
0.0221814
0.0221815
0.0221816
0.0221816
0.0221817
0.0221818
0.0221819
0.022182
0.0221821
0.0221822
0.0221822
0.0221823
0.0221824
0.0221825
0.0221826
0.0221827
0.0221827
0.0221828
0.0221829
0.022183
0.0221831
0.0221832
0.0221832
0.0221833
0.0221834
0.0221835
0.0221836
0.0221836
0.0221837
0.0221838
0.0221839
0.022184
0.0221841
0.0221841
0.0221842
0.0221843
0.0221844
0.0221845
0.0221845
0.0221846
0.0221847
0.0221848
0.0221849
0.0221849
0.022185
0.0221851
0.0221852
0.0221853
0.0221853
0.0221854
0.0221855
0.0221856
0.0221857
0.0221857
0.0221858
0.0221859
0.022186
0.022186
0.0221861
0.0221862
0.0221863
0.0221864
0.0221864
0.0221865
0.0221866
0.0221867
0.0221867
0.0221868
0.0221869
0.022187
0.0221871
0.0221871
0.0221872
0.0221873
0.0221874
0.0221874
0.0221875
0.0221876
0.0221877
0.0221877
0.0221878
0.0221879
0.022188
0.022188
0.0221881
0.0221882
0.0221883
0.0221884
0.0221884
0.0221885
0.0221886
0.0221887
0.0221887
0.0221888
0.0221889
0.022189
0.022189
0.0221891
0.0221892
0.0221892
0.0221893
0.0221894
0.0221895
0.0221895
0.0221896
0.0221897
0.0221898
0.0221898
0.0221899
0.02219
0.0221901
0.0221901
0.0221902
0.0221903
0.0221903
0.0221904
0.0221905
0.0221906
0.0221906
0.0221907
0.0221908
0.0221909
0.0221909
0.022191
0.0221911
0.0221911
0.0221912
0.0221913
0.0221914
0.0221914
0.0221915
0.0221916
0.0221916
0.0221917
0.0221918
0.0221918
0.0221919
0.022192
0.0221921
0.0221921
0.0221922
0.0221923
0.0221923
0.0221924
0.0221925
0.0221925
0.0221926
0.0221927
0.0221928
0.0221928
0.0221929
0.022193
0.022193
0.0221931
0.0221932
0.0221932
0.0221933
0.0221934
0.0221934
0.0221935
0.0221936
0.0221936
0.0221937
0.0221938
0.0221939
0.0221939
0.022194
0.0221941
0.0221941
0.0221942
0.0221943
0.0221943
0.0221944
0.0221945
0.0221945
0.0221946
0.0221947
0.0221947
0.0221948
0.0221949
0.0221949
0.022195
0.0221951
0.0221951
0.0221952
0.0221953
0.0221953
0.0221954
0.0221954
0.0221955
0.0221956
0.0221956
0.0221957
0.0221958
0.0221958
0.0221959
0.022196
0.022196
0.0221961
0.0221962
0.0221962
0.0221963
0.0221964
0.0221964
0.0221965
0.0221966
0.0221966
0.0221967
0.0221967
0.0221968
0.0221969
0.0221969
0.022197
0.0221971
0.0221971
0.0221972
0.0221972
0.0221973
0.0221974
0.0221974
0.0221975
0.0221976
0.0221976
0.0221977
0.0221978
0.0221978
0.0221979
0.0221979
0.022198
0.0221981
0.0221981
0.0221982
0.0221982
0.0221983
0.0221984
0.0221984
0.0221985
0.0221986
0.0221986
0.0221987
0.0221987
0.0221988
0.0221989
0.0221989
0.022199
0.022199
0.0221991
0.0221992
0.0221992
0.0221993
0.0221993
0.0221994
0.0221995
0.0221995
0.0221996
0.0221996
0.0221997
0.0221998
0.0221998
0.0221999
0.0221999
0.0222
0.0222001
0.0222001
0.0222002
0.0222002
0.0222003
0.0222004
0.0222004
0.0222005
0.0222005
0.0222006
0.0222007
0.0222007
0.0222008
0.0222008
0.0222009
0.0222009
0.022201
0.0222011
0.0222011
0.0222012
0.0222012
0.0222013
0.0222013
0.0222014
0.0222015
0.0222015
0.0222016
0.0222016
0.0222017
0.0222017
0.0222018
0.0222019
0.0222019
0.022202
0.022202
0.0222021
0.0222021
0.0222022
0.0222023
0.0222023
0.0222024
0.0222024
0.0222025
0.0222025
0.0222026
0.0222026
0.0222027
0.0222028
0.0222028
0.0222029
0.0222029
0.022203
0.022203
0.0222031
0.0222031
0.0222032
0.0222033
0.0222033
0.0222034
0.0222034
0.0222035
0.0222035
0.0222036
0.0222036
0.0222037
0.0222037
0.0222038
0.0222039
0.0222039
0.022204
0.022204
0.0222041
0.0222041
0.0222042
0.0222042
0.0222043
0.0222043
0.0222044
0.0222044
0.0222045
0.0222046
0.0222046
0.0222047
0.0222047
0.0222048
0.0222048
0.0222049
0.0222049
0.022205
0.022205
0.0222051
0.0222051
0.0222052
0.0222052
0.0222053
0.0222053
0.0222054
0.0222054
0.0222055
0.0222056
0.0222056
0.0222057
0.0222057
0.0222058
0.0222058
0.0222059
0.0222059
0.022206
0.022206
0.0222061
0.0222061
0.0222062
0.0222062
0.0222063
0.0222063
0.0222064
0.0222064
0.0222065
0.0222065
0.0222066
0.0222066
0.0222067
0.0222067
0.0222068
0.0222068
0.0222069
0.0222069
0.022207
0.022207
0.0222071
0.0222071
0.0222072
0.0222072
0.0222073
0.0222073
0.0222074
0.0222074
0.0222075
0.0222075
0.0222076
0.0222076
0.0222077
0.0222077
0.0222078
0.0222078
0.0222079
0.0222079
0.022208
0.022208
0.0222081
0.0222081
0.0222082
0.0222082
0.0222082
0.0222083
0.0222083
0.0222084
0.0222084
0.0222085
0.0222085
0.0222086
0.0222086
0.0222087
0.0222087
0.0222088
0.0222088
0.0222089
0.0222089
0.022209
0.022209
0.0222091
0.0222091
0.0222092
0.0222092
0.0222092
0.0222093
0.0222093
0.0222094
0.0222094
0.0222095
0.0222095
0.0222096
0.0222096
0.0222097
0.0222097
0.0222098
0.0222098
0.0222099
0.0222099
0.0222099
0.02221
0.02221
0.0222101
0.0222101
0.0222102
0.0222102
0.0222103
0.0222103
0.0222104
0.0222104
0.0222104
0.0222105
0.0222105
0.0222106
0.0222106
0.0222107
0.0222107
0.0222108
0.0222108
0.0222108
0.0222109
0.0222109
0.022211
0.022211
0.0222111
0.0222111
0.0222112
0.0222112
0.0222112
0.0222113
0.0222113
0.0222114
0.0222114
0.0222115
0.0222115
0.0222116
0.0222116
0.0222116
0.0222117
0.0222117
0.0222118
0.0222118
0.0222119
0.0222119
0.0222119
0.022212
0.022212
0.0222121
0.0222121
0.0222122
0.0222122
0.0222123
0.0222123
0.0222123
0.0222124
0.0222124
0.0222125
0.0222125
0.0222125
0.0222126
0.0222126
0.0222127
0.0222127
0.0222128
0.0222128
0.0222128
0.0222129
0.0222129
0.022213
0.022213
0.0222131
0.0222131
0.0222131
0.0222132
0.0222132
0.0222133
0.0222133
0.0222133
0.0222134
0.0222134
0.0222135
0.0222135
0.0222136
0.0222136
0.0222136
0.0222137
0.0222137
0.0222138
0.0222138
0.0222138
0.0222139
0.0222139
0.022214
0.022214
0.022214
0.0222141
0.0222141
0.0222142
0.0222142
0.0222142
0.0222143
0.0222143
0.0222144
0.0222144
0.0222144
0.0222145
0.0222145
0.0222146
0.0222146
0.0222146
0.0222147
0.0222147
0.0222148
0.0222148
0.0222148
0.0222149
0.0222149
0.022215
0.022215
0.022215
0.0222151
0.0222151
0.0222152
0.0222152
0.0222152
0.0222153
0.0222153
0.0222153
0.0222154
0.0222154
0.0222155
0.0222155
0.0222155
0.0222156
0.0222156
0.0222157
0.0222157
0.0222157
0.0222158
0.0222158
0.0222158
0.0222159
0.0222159
0.022216
0.022216
0.022216
0.0222161
0.0222161
0.0222162
0.0222162
0.0222162
0.0222163
0.0222163
0.0222163
0.0222164
0.0222164
0.0222165
0.0222165
0.0222165
0.0222166
0.0222166
0.0222166
0.0222167
0.0222167
0.0222167
0.0222168
0.0222168
0.0222169
0.0222169
0.0222169
0.022217
0.022217
0.022217
0.0222171
0.0222171
0.0222172
0.0222172
0.0222172
0.0222173
0.0222173
0.0222173
0.0222174
0.0222174
0.0222174
0.0222175
0.0222175
0.0222175
0.0222176
0.0222176
0.0222177
0.0222177
0.0222177
0.0222178
0.0222178
0.0222178
0.0222179
0.0222179
0.0222179
0.022218
0.022218
0.022218
0.0222181
0.0222181
0.0222182
0.0222182
0.0222182
0.0222183
0.0222183
0.0222183
0.0222184
0.0222184
0.0222184
0.0222185
0.0222185
0.0222185
0.0222186
0.0222186
0.0222186
0.0222187
0.0222187
0.0222187
0.0222188
0.0222188
0.0222188
0.0222189
0.0222189
0.0222189
0.022219
0.022219
0.022219
0.0222191
0.0222191
0.0222192
0.0222192
0.0222192
0.0222193
0.0222193
0.0222193
0.0222194
0.0222194
0.0222194
0.0222195
0.0222195
0.0222195
0.0222196
0.0222196
0.0222196
0.0222197
0.0222197
0.0222197
0.0222198
0.0222198
0.0222198
0.0222199
0.0222199
0.0222199
0.0222199
0.02222
0.02222
0.02222
0.0222201
0.0222201
0.0222201
0.0222202
0.0222202
0.0222202
0.0222203
0.0222203
0.0222203
0.0222204
0.0222204
0.0222204
0.0222205
0.0222205
0.0222205
0.0222206
0.0222206
0.0222206
0.0222207
0.0222207
0.0222207
0.0222208
0.0222208
0.0222208
0.0222209
0.0222209
0.0222209
0.0222209
0.022221
0.022221
0.022221
0.0222211
0.0222211
0.0222211
0.0222212
0.0222212
0.0222212
0.0222213
0.0222213
0.0222213
0.0222214
0.0222214
0.0222214
0.0222214
0.0222215
0.0222215
0.0222215
0.0222216
0.0222216
0.0222216
0.0222217
0.0222217
0.0222217
0.0222218
0.0222218
0.0222218
0.0222218
0.0222219
0.0222219
0.0222219
0.022222
0.022222
0.022222
0.0222221
0.0222221
0.0222221
0.0222221
0.0222222
0.0222222
0.0222222
0.0222223
0.0222223
0.0222223
0.0222224
0.0222224
0.0222224
0.0222224
0.0222225
0.0222225
0.0222225
0.0222226
0.0222226
0.0222226
0.0222226
0.0222227
0.0222227
0.0222227
0.0222228
0.0222228
0.0222228
0.0222229
0.0222229
0.0222229
0.0222229
0.022223
0.022223
0.022223
0.0222231
0.0222231
0.0222231
0.0222231
0.0222232
0.0222232
0.0222232
0.0222233
0.0222233
0.0222233
0.0222233
0.0222234
0.0222234
0.0222234
0.0222235
0.0222235
0.0222235
0.0222235
0.0222236
0.0222236
0.0222236
0.0222237
0.0222237
0.0222237
0.0222237
0.0222238
0.0222238
0.0222238
0.0222238
0.0222239
0.0222239
0.0222239
0.022224
0.022224
0.022224
0.022224
0.0222241
0.0222241
0.0222241
0.0222242
0.0222242
0.0222242
0.0222242
0.0222243
0.0222243
0.0222243
0.0222243
0.0222244
0.0222244
0.0222244
0.0222245
0.0222245
0.0222245
0.0222245
0.0222246
0.0222246
0.0222246
0.0222246
0.0222247
0.0222247
0.0222247
0.0222247
0.0222248
0.0222248
0.0222248
0.0222249
0.0222249
0.0222249
0.0222249
0.022225
0.022225
0.022225
0.022225
0.0222251
0.0222251
0.0222251
0.0222251
0.0222252
0.0222252
0.0222252
0.0222253
0.0222253
0.0222253
0.0222253
0.0222254
0.0222254
0.0222254
0.0222254
0.0222255
0.0222255
0.0222255
0.0222255
0.0222256
0.0222256
0.0222256
0.0222256
0.0222257
0.0222257
0.0222257
0.0222257
0.0222258
0.0222258
0.0222258
0.0222258
0.0222259
0.0222259
0.0222259
0.0222259
0.022226
0.022226
0.022226
0.022226
0.0222261
0.0222261
0.0222261
0.0222261
0.0222262
0.0222262
0.0222262
0.0222262
0.0222263
0.0222263
0.0222263
0.0222263
0.0222264
0.0222264
0.0222264
0.0222264
0.0222265
0.0222265
0.0222265
0.0222265
0.0222266
0.0222266
0.0222266
0.0222266
0.0222267
0.0222267
0.0222267
0.0222267
0.0222268
0.0222268
0.0222268
0.0222268
0.0222269
0.0222269
0.0222269
0.0222269
0.022227
0.022227
0.022227
0.022227
0.0222271
0.0222271
0.0222271
0.0222271
0.0222271
0.0222272
0.0222272
0.0222272
0.0222272
0.0222273
0.0222273
0.0222273
0.0222273
0.0222274
0.0222274
0.0222274
0.0222274
0.0222275
0.0222275
0.0222275
0.0222275
0.0222275
0.0222276
0.0222276
0.0222276
0.0222276
0.0222277
0.0222277
0.0222277
0.0222277
0.0222278
0.0222278
0.0222278
0.0222278
0.0222278
0.0222279
0.0222279
0.0222279
0.0222279
0.022228
0.022228
0.022228
0.022228
0.0222281
0.0222281
0.0222281
0.0222281
0.0222281
0.0222282
0.0222282
0.0222282
0.0222282
0.0222283
0.0222283
0.0222283
0.0222283
0.0222283
0.0222284
0.0222284
0.0222284
0.0222284
0.0222285
0.0222285
0.0222285
0.0222285
0.0222285
0.0222286
0.0222286
0.0222286
0.0222286
0.0222287
0.0222287
0.0222287
0.0222287
0.0222287
0.0222288
0.0222288
0.0222288
0.0222288
0.0222289
0.0222289
0.0222289
0.0222289
0.0222289
0.022229
0.022229
0.022229
0.022229
0.022229
0.0222291
0.0222291
0.0222291
0.0222291
0.0222292
0.0222292
0.0222292
0.0222292
0.0222292
0.0222293
0.0222293
0.0222293
0.0222293
0.0222293
0.0222294
0.0222294
0.0222294
0.0222294
0.0222295
0.0222295
0.0222295
0.0222295
0.0222295
0.0222296
0.0222296
0.0222296
0.0222296
0.0222296
0.0222297
0.0222297
0.0222297
0.0222297
0.0222297
0.0222298
0.0222298
0.0222298
0.0222298
0.0222299
0.0222299
0.0222299
0.0222299
0.0222299
0.02223
0.02223
0.02223
0.02223
0.02223
0.0222301
0.0222301
0.0222301
0.0222301
0.0222301
0.0222302
0.0222302
0.0222302
0.0222302
0.0222302
0.0222303
0.0222303
0.0222303
0.0222303
0.0222303
0.0222304
0.0222304
0.0222304
0.0222304
0.0222304
0.0222305
0.0222305
0.0222305
0.0222305
0.0222305
0.0222306
0.0222306
0.0222306
0.0222306
0.0222306
0.0222307
0.0222307
0.0222307
0.0222307
0.0222307
0.0222308
0.0222308
0.0222308
0.0222308
0.0222308
0.0222309
0.0222309
0.0222309
0.0222309
0.0222309
0.022231
0.022231
0.022231
0.022231
0.022231
0.022231
0.0222311
0.0222311
0.0222311
0.0222311
0.0222311
0.0222312
0.0222312
0.0222312
0.0222312
0.0222312
0.0222313
0.0222313
0.0222313
0.0222313
0.0222313
0.0222314
0.0222314
0.0222314
0.0222314
0.0222314
0.0222315
0.0222315
0.0222315
0.0222315
0.0222315
0.0222315
0.0222316
0.0222316
0.0222316
0.0222316
0.0222316
0.0222317
0.0222317
0.0222317
0.0222317
0.0222317
0.0222318
0.0222318
0.0222318
0.0222318
0.0222318
0.0222318
0.0222319
0.0222319
0.0222319
0.0222319
0.0222319
0.022232
0.022232
0.022232
0.022232
0.022232
0.022232
0.0222321
0.0222321
0.0222321
0.0222321
0.0222321
0.0222322
0.0222322
0.0222322
0.0222322
0.0222322
0.0222322
0.0222323
0.0222323
0.0222323
0.0222323
0.0222323
0.0222324
0.0222324
0.0222324
0.0222324
0.0222324
0.0222324
0.0222325
0.0222325
0.0222325
0.0222325
0.0222325
0.0222325
0.0222326
0.0222326
0.0222326
0.0222326
0.0222326
0.0222327
0.0222327
0.0222327
0.0222327
0.0222327
0.0222327
0.0222328
0.0222328
0.0222328
0.0222328
0.0222328
0.0222328
0.0222329
0.0222329
0.0222329
0.0222329
0.0222329
0.0222329
0.022233
0.022233
0.022233
0.022233
0.022233
0.0222331
0.0222331
0.0222331
0.0222331
0.0222331
0.0222331
0.0222332
0.0222332
0.0222332
0.0222332
0.0222332
0.0222332
0.0222333
0.0222333
0.0222333
0.0222333
0.0222333
0.0222333
0.0222334
0.0222334
0.0222334
0.0222334
0.0222334
0.0222334
0.0222335
0.0222335
0.0222335
0.0222335
0.0222335
0.0222335
0.0222336
0.0222336
0.0222336
0.0222336
0.0222336
0.0222336
0.0222337
0.0222337
0.0222337
0.0222337
0.0222337
0.0222337
0.0222338
0.0222338
0.0222338
0.0222338
0.0222338
0.0222338
0.0222339
0.0222339
0.0222339
0.0222339
0.0222339
0.0222339
0.022234
0.022234
0.022234
0.022234
0.022234
0.022234
0.0222341
0.0222341
0.0222341
0.0222341
0.0222341
0.0222341
0.0222341
0.0222342
0.0222342
0.0222342
0.0222342
0.0222342
0.0222342
0.0222343
0.0222343
0.0222343
0.0222343
0.0222343
0.0222343
0.0222344
0.0222344
0.0222344
0.0222344
0.0222344
0.0222344
0.0222345
0.0222345
0.0222345
0.0222345
0.0222345
0.0222345
0.0222345
0.0222346
0.0222346
0.0222346
0.0222346
0.0222346
0.0222346
0.0222347
0.0222347
0.0222347
0.0222347
0.0222347
0.0222347
0.0222347
0.0222348
0.0222348
0.0222348
0.0222348
0.0222348
0.0222348
0.0222349
0.0222349
0.0222349
0.0222349
0.0222349
0.0222349
0.0222349
0.022235
0.022235
0.022235
0.022235
0.022235
0.022235
0.0222351
0.0222351
0.0222351
0.0222351
0.0222351
0.0222351
0.0222351
0.0222352
0.0222352
0.0222352
0.0222352
0.0222352
0.0222352
0.0222353
0.0222353
0.0222353
0.0222353
0.0222353
0.0222353
0.0222353
0.0222354
0.0222354
0.0222354
0.0222354
0.0222354
0.0222354
0.0222354
0.0222355
0.0222355
0.0222355
0.0222355
0.0222355
0.0222355
0.0222355
0.0222356
0.0222356
0.0222356
0.0222356
0.0222356
0.0222356
0.0222357
0.0222357
0.0222357
0.0222357
0.0222357
0.0222357
0.0222357
0.0222358
0.0222358
0.0222358
0.0222358
0.0222358
0.0222358
0.0222358
0.0222359
0.0222359
0.0222359
0.0222359
0.0222359
0.0222359
0.0222359
0.022236
0.022236
0.022236
0.022236
0.022236
0.022236
0.022236
0.0222361
0.0222361
0.0222361
0.0222361
0.0222361
0.0222361
0.0222361
0.0222362
0.0222362
0.0222362
0.0222362
0.0222362
0.0222362
0.0222362
0.0222363
0.0222363
0.0222363
0.0222363
0.0222363
0.0222363
0.0222363
0.0222364
0.0222364
0.0222364
0.0222364
0.0222364
0.0222364
0.0222364
0.0222364
0.0222365
0.0222365
0.0222365
0.0222365
0.0222365
0.0222365
0.0222365
0.0222366
0.0222366
0.0222366
0.0222366
0.0222366
0.0222366
0.0222366
0.0222367
0.0222367
0.0222367
0.0222367
0.0222367
0.0222367
0.0222367
0.0222368
0.0222368
0.0222368
0.0222368
0.0222368
0.0222368
0.0222368
0.0222368
0.0222369
0.0222369
0.0222369
0.0222369
0.0222369
0.0222369
0.0222369
0.022237
0.022237
0.022237
0.022237
0.022237
0.022237
0.022237
0.0222371
0.0222371
0.0222371
0.0222371
0.0222371
0.0222371
0.0222371
0.0222371
0.0222372
0.0222372
0.0222372
0.0222372
0.0222372
0.0222372
0.0222372
0.0222373
0.0222373
0.0222373
0.0222373
0.0222373
0.0222373
0.0222373
0.0222373
0.0222374
0.0222374
0.0222374
0.0222374
0.0222374
0.0222374
0.0222374
0.0222374
0.0222375
0.0222375
0.0222375
0.0222375
0.0222375
0.0222375
0.0222375
0.0222376
0.0222376
0.0222376
0.0222376
0.0222376
0.0222376
0.0222376
0.0222376
0.0222377
0.0222377
0.0222377
0.0222377
0.0222377
0.0222377
0.0222377
0.0222377
0.0222378
0.0222378
0.0222378
0.0222378
0.0222378
0.0222378
0.0222378
0.0222378
0.0222379
0.0222379
0.0222379
0.0222379
0.0222379
0.0222379
0.0222379
0.022238
0.022238
0.022238
0.022238
0.022238
0.022238
0.022238
0.022238
0.0222381
0.0222381
0.0222381
0.0222381
0.0222381
0.0222381
0.0222381
0.0222381
0.0222382
0.0222382
0.0222382
0.0222382
0.0222382
0.0222382
0.0222382
0.0222382
0.0222383
0.0222383
0.0222383
0.0222383
0.0222383
0.0222383
0.0222383
0.0222383
0.0222384
0.0222384
0.0222384
0.0222384
0.0222384
0.0222384
0.0222384
0.0222384
0.0222385
0.0222385
0.0222385
0.0222385
0.0222385
0.0222385
0.0222385
0.0222385
0.0222385
0.0222386
0.0222386
0.0222386
0.0222386
0.0222386
0.0222386
0.0222386
0.0222386
0.0222387
0.0222387
0.0222387
0.0222387
0.0222387
0.0222387
0.0222387
0.0222387
0.0222388
0.0222388
0.0222388
0.0222388
0.0222388
0.0222388
0.0222388
0.0222388
0.0222389
0.0222389
0.0222389
0.0222389
0.0222389
0.0222389
0.0222389
0.0222389
0.0222389
0.022239
0.022239
0.022239
0.022239
0.022239
0.022239
0.022239
0.022239
0.0222391
0.0222391
0.0222391
0.0222391
0.0222391
0.0222391
0.0222391
0.0222391
0.0222391
0.0222392
0.0222392
0.0222392
0.0222392
0.0222392
0.0222392
0.0222392
0.0222392
0.0222393
0.0222393
0.0222393
0.0222393
0.0222393
0.0222393
0.0222393
0.0222393
0.0222393
0.0222394
0.0222394
0.0222394
0.0222394
0.0222394
0.0222394
0.0222394
0.0222394
0.0222395
0.0222395
0.0222395
0.0222395
0.0222395
0.0222395
0.0222395
0.0222395
0.0222395
0.0222396
0.0222396
0.0222396
0.0222396
0.0222396
0.0222396
0.0222396
0.0222396
0.0222397
0.0222397
0.0222397
0.0222397
0.0222397
0.0222397
0.0222397
0.0222397
0.0222397
0.0222398
0.0222398
0.0222398
0.0222398
0.0222398
0.0222398
0.0222398
0.0222398
0.0222398
0.0222399
0.0222399
0.0222399
0.0222399
0.0222399
0.0222399
0.0222399
0.0222399
0.0222399
0.02224
0.02224
0.02224
0.02224
0.02224
0.02224
0.02224
0.02224
0.02224
0.0222401
0.0222401
0.0222401
0.0222401
0.0222401
0.0222401
0.0222401
0.0222401
0.0222401
0.0222402
0.0222402
0.0222402
0.0222402
0.0222402
0.0222402
0.0222402
0.0222402
0.0222402
0.0222403
0.0222403
0.0222403
0.0222403
0.0222403
0.0222403
0.0222403
0.0222403
0.0222403
0.0222404
0.0222404
0.0222404
0.0222404
0.0222404
0.0222404
0.0222404
0.0222404
0.0222404
0.0222405
0.0222405
0.0222405
0.0222405
0.0222405
0.0222405
0.0222405
0.0222405
0.0222405
0.0222406
0.0222406
0.0222406
0.0222406
0.0222406
0.0222406
0.0222406
0.0222406
0.0222406
0.0222407
0.0222407
0.0222407
0.0222407
0.0222407
0.0222407
0.0222407
0.0222407
0.0222407
0.0222408
0.0222408
0.0222408
0.0222408
0.0222408
0.0222408
0.0222408
0.0222408
0.0222408
0.0222408
0.0222409
0.0222409
0.0222409
0.0222409
0.0222409
0.0222409
0.0222409
0.0222409
0.0222409
0.022241
0.022241
0.022241
0.022241
0.022241
0.022241
0.022241
0.022241
0.022241
0.0222411
0.0222411
0.0222411
0.0222411
0.0222411
0.0222411
0.0222411
0.0222411
0.0222411
0.0222411
0.0222412
0.0222412
0.0222412
0.0222412
0.0222412
0.0222412
0.0222412
0.0222412
0.0222412
0.0222413
0.0222413
0.0222413
0.0222413
0.0222413
0.0222413
0.0222413
0.0222413
0.0222413
0.0222413
0.0222414
0.0222414
0.0222414
0.0222414
0.0222414
0.0222414
0.0222414
0.0222414
0.0222414
0.0222415
0.0222415
0.0222415
0.0222415
0.0222415
0.0222415
0.0222415
0.0222415
0.0222415
0.0222415
0.0222416
0.0222416
0.0222416
0.0222416
0.0222416
0.0222416
0.0222416
0.0222416
0.0222416
0.0222417
0.0222417
0.0222417
0.0222417
0.0222417
0.0222417
0.0222417
0.0222417
0.0222417
0.0222417
0.0222418
0.0222418
0.0222418
0.0222418
0.0222418
0.0222418
0.0222418
0.0222418
0.0222418
0.0222418
0.0222419
0.0222419
0.0222419
0.0222419
0.0222419
0.0222419
0.0222419
0.0222419
0.0222419
0.0222419
0.022242
0.022242
0.022242
0.022242
0.022242
0.022242
0.022242
0.022242
0.022242
0.022242
0.0222421
0.0222421
0.0222421
0.0222421
0.0222421
0.0222421
0.0222421
0.0222421
0.0222421
0.0222422
0.0222422
0.0222422
0.0222422
0.0222422
0.0222422
0.0222422
0.0222422
0.0222422
0.0222422
0.0222423
0.0222423
0.0222423
0.0222423
0.0222423
0.0222423
0.0222423
0.0222423
0.0222423
0.0222423
0.0222424
0.0222424
0.0222424
0.0222424
0.0222424
0.0222424
0.0222424
0.0222424
0.0222424
0.0222424
0.0222425
0.0222425
0.0222425
0.0222425
0.0222425
0.0222425
0.0222425
0.0222425
0.0222425
0.0222425
0.0222426
0.0222426
0.0222426
0.0222426
0.0222426
0.0222426
0.0222426
0.0222426
0.0222426
0.0222426
0.0222427
0.0222427
0.0222427
0.0222427
0.0222427
0.0222427
0.0222427
0.0222427
0.0222427
0.0222427
0.0222427
0.0222428
0.0222428
0.0222428
0.0222428
0.0222428
0.0222428
0.0222428
0.0222428
0.0222428
0.0222428
0.0222429
0.0222429
0.0222429
0.0222429
0.0222429
0.0222429
0.0222429
0.0222429
0.0222429
0.0222429
0.022243
0.022243
0.022243
0.022243
0.022243
0.022243
0.022243
0.022243
0.022243
0.022243
0.0222431
0.0222431
0.0222431
0.0222431
0.0222431
0.0222431
0.0222431
0.0222431
0.0222431
0.0222431
0.0222431
0.0222432
0.0222432
0.0222432
0.0222432
0.0222432
0.0222432
0.0222432
0.0222432
0.0222432
0.0222432
0.0222433
0.0222433
0.0222433
0.0222433
0.0222433
0.0222433
0.0222433
0.0222433
0.0222433
0.0222433
0.0222434
0.0222434
0.0222434
0.0222434
0.0222434
0.0222434
0.0222434
0.0222434
0.0222434
0.0222434
0.0222434
0.0222435
0.0222435
0.0222435
0.0222435
0.0222435
0.0222435
0.0222435
0.0222435
0.0222435
0.0222435
0.0222436
0.0222436
0.0222436
0.0222436
0.0222436
0.0222436
0.0222436
0.0222436
0.0222436
0.0222436
0.0222436
0.0222437
0.0222437
0.0222437
0.0222437
0.0222437
0.0222437
0.0222437
0.0222437
0.0222437
0.0222437
0.0222438
0.0222438
0.0222438
0.0222438
0.0222438
0.0222438
0.0222438
0.0222438
0.0222438
0.0222438
0.0222438
0.0222439
0.0222439
0.0222439
0.0222439
0.0222439
0.0222439
0.0222439
0.0222439
0.0222439
0.0222439
0.022244
0.022244
0.022244
0.022244
0.022244
0.022244
0.022244
0.022244
0.022244
0.022244
0.022244
0.0222441
0.0222441
0.0222441
0.0222441
0.0222441
0.0222441
0.0222441
0.0222441
0.0222441
0.0222441
0.0222441
0.0222442
0.0222442
0.0222442
0.0222442
0.0222442
0.0222442
0.0222442
0.0222442
0.0222442
0.0222442
0.0222443
0.0222443
0.0222443
0.0222443
0.0222443
0.0222443
0.0222443
0.0222443
0.0222443
0.0222443
0.0222443
0.0222444
0.0222444
0.0222444
0.0222444
0.0222444
0.0222444
0.0222444
0.0222444
0.0222444
0.0222444
0.0222444
0.0222445
0.0222445
0.0222445
0.0222445
0.0222445
0.0222445
0.0222445
0.0222445
0.0222445
0.0222445
0.0222445
0.0222446
0.0222446
0.0222446
0.0222446
0.0222446
0.0222446
0.0222446
0.0222446
0.0222446
0.0222446
0.0222447
0.0222447
0.0222447
0.0222447
0.0222447
0.0222447
0.0222447
0.0222447
0.0222447
0.0222447
0.0222447
0.0222448
0.0222448
0.0222448
0.0222448
0.0222448
0.0222448
0.0222448
0.0222448
0.0222448
0.0222448
0.0222448
0.0222449
0.0222449
0.0222449
0.0222449
0.0222449
0.0222449
0.0222449
0.0222449
0.0222449
0.0222449
0.0222449
0.022245
0.022245
0.022245
0.022245
0.022245
0.022245
0.022245
0.022245
0.022245
0.022245
0.022245
0.0222451
0.0222451
0.0222451
0.0222451
0.0222451
0.0222451
0.0222451
0.0222451
0.0222451
0.0222451
0.0222451
0.0222452
0.0222452
0.0222452
0.0222452
0.0222452
0.0222452
0.0222452
0.0222452
0.0222452
0.0222452
0.0222452
0.0222453
0.0222453
0.0222453
0.0222453
0.0222453
0.0222453
0.0222453
0.0222453
0.0222453
0.0222453
0.0222453
0.0222454
0.0222454
0.0222454
0.0222454
0.0222454
0.0222454
0.0222454
0.0222454
0.0222454
0.0222454
0.0222454
0.0222455
0.0222455
0.0222455
0.0222455
0.0222455
0.0222455
0.0222455
0.0222455
0.0222455
0.0222455
0.0222455
0.0222456
0.0222456
0.0222456
0.0222456
0.0222456
0.0222456
0.0222456
0.0222456
0.0222456
0.0222456
0.0222456
0.0222457
0.0222457
0.0222457
0.0222457
0.0222457
0.0222457
0.0222457
0.0222457
0.0222457
0.0222457
0.0222457
0.0222458
0.0222458
0.0222458
0.0222458
0.0222458
0.0222458
0.0222458
0.0222458
0.0222458
0.0222458
0.0222458
0.0222459
0.0222459
0.0222459
0.0222459
0.0222459
0.0222459
0.0222459
0.0222459
0.0222459
0.0222459
0.0222459
0.0222459
0.022246
0.022246
0.022246
0.022246
0.022246
0.022246
0.022246
0.022246
0.022246
0.022246
0.022246
0.0222461
0.0222461
0.0222461
0.0222461
0.0222461
0.0222461
0.0222461
0.0222461
0.0222461
0.0222461
0.0222461
0.0222462
0.0222462
0.0222462
0.0222462
0.0222462
0.0222462
0.0222462
0.0222462
0.0222462
0.0222462
0.0222462
0.0222463
0.0222463
0.0222463
0.0222463
0.0222463
0.0222463
0.0222463
0.0222463
0.0222463
0.0222463
0.0222463
0.0222463
0.0222464
0.0222464
0.0222464
0.0222464
0.0222464
0.0222464
0.0222464
0.0222464
0.0222464
0.0222464
0.0222464
0.0222465
0.0222465
0.0222465
0.0222465
0.0222465
0.0222465
0.0222465
0.0222465
0.0222465
0.0222465
0.0222465
0.0222466
0.0222466
0.0222466
0.0222466
0.0222466
0.0222466
0.0222466
0.0222466
0.0222466
0.0222466
0.0222466
0.0222467
0.0222467
0.0222467
0.0222467
0.0222467
0.0222467
0.0222467
0.0222467
0.0222467
0.0222467
0.0222467
0.0222467
0.0222468
0.0222468
0.0222468
0.0222468
0.0222468
0.0222468
0.0222468
0.0222468
0.0222468
0.0222468
0.0222468
0.0222469
0.0222469
0.0222469
0.0222469
0.0222469
0.0222469
0.0222469
0.0222469
0.0222469
0.0222469
0.0222469
0.022247
0.022247
0.022247
0.022247
0.022247
0.022247
0.022247
0.022247
0.022247
0.022247
0.022247
0.022247
0.0222471
0.0222471
0.0222471
0.0222471
0.0222471
0.0222471
0.0222471
0.0222471
0.0222471
0.0222471
0.0222471
0.0222472
0.0222472
0.0222472
0.0222472
0.0222472
0.0222472
0.0222472
0.0222472
0.0222472
0.0222472
0.0222472
0.0222473
0.0222473
0.0222473
0.0222473
0.0222473
0.0222473
0.0222473
0.0222473
0.0222473
0.0222473
0.0222473
0.0222473
0.0222474
0.0222474
0.0222474
0.0222474
0.0222474
0.0222474
0.0222474
0.0222474
0.0222474
0.0222474
0.0222474
0.0222475
0.0222475
0.0222475
0.0222475
0.0222475
0.0222475
0.0222475
0.0222475
0.0222475
0.0222475
0.0222475
0.0222475
0.0222476
0.0222476
0.0222476
0.0222476
0.0222476
0.0222476
0.0222476
0.0222476
0.0222476
0.0222476
0.0222476
0.0222477
0.0222477
0.0222477
0.0222477
0.0222477
0.0222477
0.0222477
0.0222477
0.0222477
0.0222477
0.0222477
0.0222477
0.0222478
0.0222478
0.0222478
0.0222478
0.0222478
0.0222478
0.0222478
0.0222478
0.0222478
0.0222478
0.0222478
0.0222479
0.0222479
0.0222479
0.0222479
0.0222479
0.0222479
0.0222479
0.0222479
0.0222479
0.0222479
0.0222479
0.022248
0.022248
0.022248
0.022248
0.022248
0.022248
0.022248
0.022248
0.022248
0.022248
0.022248
0.022248
0.0222481
0.0222481
0.0222481
0.0222481
0.0222481
0.0222481
0.0222481
0.0222481
0.0222481
0.0222481
0.0222481
0.0222482
0.0222482
0.0222482
0.0222482
0.0222482
0.0222482
0.0222482
0.0222482
0.0222482
0.0222482
0.0222482
0.0222482
0.0222483
0.0222483
0.0222483
0.0222483
0.0222483
0.0222483
0.0222483
0.0222483
0.0222483
0.0222483
0.0222483
0.0222484
0.0222484
0.0222484
0.0222484
0.0222484
0.0222484
0.0222484
0.0222484
0.0222484
0.0222484
0.0222484
0.0222484
0.0222485
0.0222485
0.0222485
0.0222485
0.0222485
0.0222485
0.0222485
0.0222485
0.0222485
0.0222485
0.0222485
0.0222486
0.0222486
0.0222486
0.0222486
0.0222486
0.0222486
0.0222486
0.0222486
0.0222486
0.0222486
0.0222486
0.0222486
0.0222487
0.0222487
0.0222487
0.0222487
0.0222487
0.0222487
0.0222487
0.0222487
0.0222487
0.0222487
0.0222487
0.0222488
0.0222488
0.0222488
0.0222488
0.0222488
0.0222488
0.0222488
0.0222488
0.0222488
0.0222488
0.0222488
0.0222488
0.0222489
0.0222489
0.0222489
0.0222489
0.0222489
0.0222489
0.0222489
0.0222489
0.0222489
0.0222489
0.0222489
0.0222489
0.022249
0.022249
0.022249
0.022249
0.022249
0.022249
0.022249
0.022249
0.022249
0.022249
0.022249
0.0222491
0.0222491
0.0222491
0.0222491
0.0222491
0.0222491
0.0222491
0.0222491
0.0222491
0.0222491
0.0222491
0.0222491
0.0222492
0.0222492
0.0222492
0.0222492
0.0222492
0.0222492
0.0222492
0.0222492
0.0222492
0.0222492
0.0222492
0.0222493
0.0222493
0.0222493
0.0222493
0.0222493
0.0222493
0.0222493
0.0222493
0.0222493
0.0222493
0.0222493
0.0222493
0.0222494
0.0222494
0.0222494
0.0222494
0.0222494
0.0222494
0.0222494
0.0222494
0.0222494
0.0222494
0.0222494
0.0222495
0.0222495
0.0222495
0.0222495
0.0222495
0.0222495
0.0222495
0.0222495
0.0222495
0.0222495
0.0222495
0.0222495
0.0222496
0.0222496
0.0222496
0.0222496
0.0222496
0.0222496
0.0222496
0.0222496
0.0222496
0.0222496
0.0222496
0.0222497
0.0222497
0.0222497
0.0222497
0.0222497
0.0222497
0.0222497
0.0222497
0.0222497
0.0222497
0.0222497
0.0222497
0.0222498
0.0222498
0.0222498
0.0222498
0.0222498
0.0222498
0.0222498
0.0222498
0.0222498
0.0222498
0.0222498
0.0222499
0.0222499
0.0222499
0.0222499
0.0222499
0.0222499
0.0222499
0.0222499
0.0222499
0.0222499
0.0222499
0.0222499
0.02225
0.02225
0.02225
0.02225
0.02225
0.02225
0.02225
0.02225
0.02225
0.02225
0.02225
0.02225
0.0222501
0.0222501
0.0222501
0.0222501
0.0222501
0.0222501
0.0222501
0.0222501
0.0222501
0.0222501
0.0222501
0.0222502
0.0222502
0.0222502
0.0222502
0.0222502
0.0222502
0.0222502
0.0222502
0.0222502
0.0222502
0.0222502
0.0222502
0.0222503
0.0222503
0.0222503
0.0222503
0.0222503
0.0222503
0.0222503
0.0222503
0.0222503
0.0222503
0.0222503
0.0222504
0.0222504
0.0222504
0.0222504
0.0222504
0.0222504
0.0222504
0.0222504
0.0222504
0.0222504
0.0222504
0.0222504
0.0222505
0.0222505
0.0222505
0.0222505
0.0222505
0.0222505
0.0222505
0.0222505
0.0222505
0.0222505
0.0222505
0.0222506
0.0222506
0.0222506
0.0222506
0.0222506
0.0222506
0.0222506
0.0222506
0.0222506
0.0222506
0.0222506
0.0222506
0.0222507
0.0222507
0.0222507
0.0222507
0.0222507
0.0222507
0.0222507
0.0222507
0.0222507
0.0222507
0.0222507
0.0222508
0.0222508
0.0222508
0.0222508
0.0222508
0.0222508
0.0222508
0.0222508
0.0222508
0.0222508
0.0222508
0.0222508
0.0222509
0.0222509
0.0222509
0.0222509
0.0222509
0.0222509
0.0222509
0.0222509
0.0222509
0.0222509
0.0222509
0.022251
0.022251
0.022251
0.022251
0.022251
0.022251
0.022251
0.022251
0.022251
0.022251
0.022251
0.022251
0.0222511
0.0222511
0.0222511
0.0222511
0.0222511
0.0222511
0.0222511
0.0222511
0.0222511
0.0222511
0.0222511
0.0222511
0.0222512
0.0222512
0.0222512
0.0222512
0.0222512
0.0222512
0.0222512
0.0222512
0.0222512
0.0222512
0.0222512
0.0222513
0.0222513
0.0222513
0.0222513
0.0222513
0.0222513
0.0222513
0.0222513
0.0222513
0.0222513
0.0222513
0.0222513
0.0222514
0.0222514
0.0222514
0.0222514
0.0222514
0.0222514
0.0222514
0.0222514
0.0222514
0.0222514
0.0222514
0.0222515
0.0222515
0.0222515
0.0222515
0.0222515
0.0222515
0.0222515
0.0222515
0.0222515
0.0222515
0.0222515
0.0222515
0.0222516
0.0222516
0.0222516
0.0222516
0.0222516
0.0222516
0.0222516
0.0222516
0.0222516
0.0222516
0.0222516
0.0222517
0.0222517
0.0222517
0.0222517
0.0222517
0.0222517
0.0222517
0.0222517
0.0222517
0.0222517
0.0222517
0.0222517
0.0222518
0.0222518
0.0222518
0.0222518
0.0222518
0.0222518
0.0222518
0.0222518
0.0222518
0.0222518
0.0222518
0.0222519
0.0222519
0.0222519
0.0222519
0.0222519
0.0222519
0.0222519
0.0222519
0.0222519
0.0222519
0.0222519
0.0222519
0.022252
0.022252
0.022252
0.022252
0.022252
0.022252
0.022252
0.022252
0.022252
0.022252
0.022252
0.0222521
0.0222521
0.0222521
0.0222521
0.0222521
0.0222521
0.0222521
0.0222521
0.0222521
0.0222521
0.0222521
0.0222521
0.0222522
0.0222522
0.0222522
0.0222522
0.0222522
0.0222522
0.0222522
0.0222522
0.0222522
0.0222522
0.0222522
0.0222523
0.0222523
0.0222523
0.0222523
0.0222523
0.0222523
0.0222523
0.0222523
0.0222523
0.0222523
0.0222523
0.0222523
0.0222524
0.0222524
0.0222524
0.0222524
0.0222524
0.0222524
0.0222524
0.0222524
0.0222524
0.0222524
0.0222524
0.0222525
0.0222525
0.0222525
0.0222525
0.0222525
0.0222525
0.0222525
0.0222525
0.0222525
0.0222525
0.0222525
0.0222525
0.0222526
0.0222526
0.0222526
0.0222526
0.0222526
0.0222526
0.0222526
0.0222526
0.0222526
0.0222526
0.0222526
0.0222527
0.0222527
0.0222527
0.0222527
0.0222527
0.0222527
0.0222527
0.0222527
0.0222527
0.0222527
0.0222527
0.0222527
0.0222528
0.0222528
0.0222528
0.0222528
0.0222528
0.0222528
0.0222528
0.0222528
0.0222528
0.0222528
0.0222528
0.0222529
0.0222529
0.0222529
0.0222529
0.0222529
0.0222529
0.0222529
0.0222529
0.0222529
0.0222529
0.0222529
0.0222529
0.022253
0.022253
0.022253
0.022253
0.022253
0.022253
0.022253
0.022253
0.022253
0.022253
0.022253
0.0222531
0.0222531
0.0222531
0.0222531
0.0222531
0.0222531
0.0222531
0.0222531
0.0222531
0.0222531
0.0222531
0.0222532
0.0222532
0.0222532
0.0222532
0.0222532
0.0222532
0.0222532
0.0222532
0.0222532
0.0222532
0.0222532
0.0222532
0.0222533
0.0222533
0.0222533
0.0222533
0.0222533
0.0222533
0.0222533
0.0222533
0.0222533
0.0222533
0.0222533
0.0222534
0.0222534
0.0222534
0.0222534
0.0222534
0.0222534
0.0222534
0.0222534
0.0222534
0.0222534
0.0222534
0.0222534
0.0222535
0.0222535
0.0222535
0.0222535
0.0222535
0.0222535
0.0222535
0.0222535
0.0222535
0.0222535
0.0222535
0.0222536
0.0222536
0.0222536
0.0222536
0.0222536
0.0222536
0.0222536
0.0222536
0.0222536
0.0222536
0.0222536
0.0222536
0.0222537
0.0222537
0.0222537
0.0222537
0.0222537
0.0222537
0.0222537
0.0222537
0.0222537
0.0222537
0.0222537
0.0222538
0.0222538
0.0222538
0.0222538
0.0222538
0.0222538
0.0222538
0.0222538
0.0222538
0.0222538
0.0222538
0.0222539
0.0222539
0.0222539
0.0222539
0.0222539
0.0222539
0.0222539
0.0222539
0.0222539
0.0222539
0.0222539
0.0222539
0.022254
0.022254
0.022254
0.022254
0.022254
0.022254
0.022254
0.022254
0.022254
0.022254
0.022254
0.0222541
0.0222541
0.0222541
0.0222541
0.0222541
0.0222541
0.0222541
0.0222541
0.0222541
0.0222541
0.0222541
0.0222541
0.0222542
0.0222542
0.0222542
0.0222542
0.0222542
0.0222542
0.0222542
0.0222542
0.0222542
0.0222542
0.0222542
0.0222543
0.0222543
0.0222543
0.0222543
0.0222543
0.0222543
0.0222543
0.0222543
0.0222543
0.0222543
0.0222543
0.0222544
0.0222544
0.0222544
0.0222544
0.0222544
0.0222544
0.0222544
0.0222544
0.0222544
0.0222544
0.0222544
0.0222544
0.0222545
0.0222545
0.0222545
0.0222545
0.0222545
0.0222545
0.0222545
0.0222545
0.0222545
0.0222545
0.0222545
0.0222546
0.0222546
0.0222546
0.0222546
0.0222546
0.0222546
0.0222546
0.0222546
0.0222546
0.0222546
0.0222546
0.0222547
0.0222547
0.0222547
0.0222547
0.0222547
0.0222547
0.0222547
0.0222547
0.0222547
0.0222547
0.0222547
0.0222547
0.0222548
0.0222548
0.0222548
0.0222548
0.0222548
0.0222548
0.0222548
0.0222548
0.0222548
0.0222548
0.0222548
0.0222549
0.0222549
0.0222549
0.0222549
0.0222549
0.0222549
0.0222549
0.0222549
0.0222549
0.0222549
0.0222549
0.022255
0.022255
0.022255
0.022255
0.022255
0.022255
0.022255
0.022255
0.022255
0.022255
0.022255
0.022255
0.0222551
0.0222551
0.0222551
0.0222551
0.0222551
0.0222551
0.0222551
0.0222551
0.0222551
0.0222551
0.0222551
0.0222552
0.0222552
0.0222552
0.0222552
0.0222552
0.0222552
0.0222552
0.0222552
0.0222552
0.0222552
0.0222552
0.0222553
0.0222553
0.0222553
0.0222553
0.0222553
0.0222553
0.0222553
0.0222553
0.0222553
0.0222553
0.0222553
0.0222553
0.0222554
0.0222554
0.0222554
0.0222554
0.0222554
0.0222554
0.0222554
0.0222554
0.0222554
0.0222554
0.0222554
0.0222555
0.0222555
0.0222555
0.0222555
0.0222555
0.0222555
0.0222555
0.0222555
0.0222555
0.0222555
0.0222555
0.0222556
0.0222556
0.0222556
0.0222556
0.0222556
0.0222556
0.0222556
0.0222556
0.0222556
0.0222556
0.0222556
0.0222557
0.0222557
0.0222557
0.0222557
0.0222557
0.0222557
0.0222557
0.0222557
0.0222557
0.0222557
0.0222557
0.0222557
0.0222558
0.0222558
0.0222558
0.0222558
0.0222558
0.0222558
0.0222558
0.0222558
0.0222558
0.0222558
0.0222558
0.0222559
0.0222559
0.0222559
0.0222559
0.0222559
0.0222559
0.0222559
0.0222559
0.0222559
0.0222559
0.0222559
0.022256
0.022256
0.022256
0.022256
0.022256
0.022256
0.022256
0.022256
0.022256
0.022256
0.022256
0.0222561
0.0222561
0.0222561
0.0222561
0.0222561
0.0222561
0.0222561
0.0222561
0.0222561
0.0222561
0.0222561
0.0222561
0.0222562
0.0222562
0.0222562
0.0222562
0.0222562
0.0222562
0.0222562
0.0222562
0.0222562
0.0222562
0.0222562
0.0222563
0.0222563
0.0222563
0.0222563
0.0222563
0.0222563
0.0222563
0.0222563
0.0222563
0.0222563
0.0222563
0.0222564
0.0222564
0.0222564
0.0222564
0.0222564
0.0222564
0.0222564
0.0222564
0.0222564
0.0222564
0.0222564
0.0222565
0.0222565
0.0222565
0.0222565
0.0222565
0.0222565
0.0222565
0.0222565
0.0222565
0.0222565
0.0222565
0.0222565
0.0222566
0.0222566
0.0222566
0.0222566
0.0222566
0.0222566
0.0222566
0.0222566
0.0222566
0.0222566
0.0222566
0.0222567
0.0222567
0.0222567
0.0222567
0.0222567
0.0222567
0.0222567
0.0222567
0.0222567
0.0222567
0.0222567
0.0222568
0.0222568
0.0222568
0.0222568
0.0222568
0.0222568
0.0222568
0.0222568
0.0222568
0.0222568
0.0222568
0.0222569
0.0222569
0.0222569
0.0222569
0.0222569
0.0222569
0.0222569
0.0222569
0.0222569
0.0222569
0.0222569
0.022257
0.022257
0.022257
0.022257
0.022257
0.022257
0.022257
0.022257
0.022257
0.022257
0.022257
0.022257
0.0222571
0.0222571
0.0222571
0.0222571
0.0222571
0.0222571
0.0222571
0.0222571
0.0222571
0.0222571
0.0222571
0.0222572
0.0222572
0.0222572
0.0222572
0.0222572
0.0222572
0.0222572
0.0222572
0.0222572
0.0222572
0.0222572
0.0222573
0.0222573
0.0222573
0.0222573
0.0222573
0.0222573
0.0222573
0.0222573
0.0222573
0.0222573
0.0222573
0.0222574
0.0222574
0.0222574
0.0222574
0.0222574
0.0222574
0.0222574
0.0222574
0.0222574
0.0222574
0.0222574
0.0222575
0.0222575
0.0222575
0.0222575
0.0222575
0.0222575
0.0222575
0.0222575
0.0222575
0.0222575
0.0222575
0.0222575
0.0222576
0.0222576
0.0222576
0.0222576
0.0222576
0.0222576
0.0222576
0.0222576
0.0222576
0.0222576
0.0222576
0.0222577
0.0222577
0.0222577
0.0222577
0.0222577
0.0222577
0.0222577
0.0222577
0.0222577
0.0222577
0.0222577
0.0222578
0.0222578
0.0222578
0.0222578
0.0222578
0.0222578
0.0222578
0.0222578
0.0222578
0.0222578
0.0222578
0.0222579
0.0222579
0.0222579
0.0222579
0.0222579
0.0222579
0.0222579
0.0222579
0.0222579
0.0222579
0.0222579
0.022258
0.022258
0.022258
0.022258
0.022258
0.022258
0.022258
0.022258
0.022258
0.022258
0.022258
0.0222581
0.0222581
0.0222581
0.0222581
0.0222581
0.0222581
0.0222581
0.0222581
0.0222581
0.0222581
0.0222581
0.0222582
0.0222582
0.0222582
0.0222582
0.0222582
0.0222582
0.0222582
0.0222582
0.0222582
0.0222582
0.0222582
0.0222583
0.0222583
0.0222583
0.0222583
0.0222583
0.0222583
0.0222583
0.0222583
0.0222583
0.0222583
0.0222583
0.0222583
0.0222584
0.0222584
0.0222584
0.0222584
0.0222584
0.0222584
0.0222584
0.0222584
0.0222584
0.0222584
0.0222584
0.0222585
0.0222585
0.0222585
0.0222585
0.0222585
0.0222585
0.0222585
0.0222585
0.0222585
0.0222585
0.0222585
0.0222586
0.0222586
0.0222586
0.0222586
0.0222586
0.0222586
0.0222586
0.0222586
0.0222586
0.0222586
0.0222586
0.0222587
0.0222587
0.0222587
0.0222587
0.0222587
0.0222587
0.0222587
0.0222587
0.0222587
0.0222587
0.0222587
0.0222588
0.0222588
0.0222588
0.0222588
0.0222588
0.0222588
0.0222588
0.0222588
0.0222588
0.0222588
0.0222588
0.0222589
0.0222589
0.0222589
0.0222589
0.0222589
0.0222589
0.0222589
0.0222589
0.0222589
0.0222589
0.0222589
0.022259
0.022259
0.022259
0.022259
0.022259
0.022259
0.022259
0.022259
0.022259
0.022259
0.022259
0.0222591
0.0222591
0.0222591
0.0222591
0.0222591
0.0222591
0.0222591
0.0222591
0.0222591
0.0222591
0.0222591
0.0222592
0.0222592
0.0222592
0.0222592
0.0222592
0.0222592
0.0222592
0.0222592
0.0222592
0.0222592
0.0222592
0.0222593
0.0222593
0.0222593
0.0222593
0.0222593
0.0222593
0.0222593
0.0222593
0.0222593
0.0222593
0.0222593
0.0222594
0.0222594
0.0222594
0.0222594
0.0222594
0.0222594
0.0222594
0.0222594
0.0222594
0.0222594
0.0222594
0.0222595
0.0222595
0.0222595
0.0222595
0.0222595
0.0222595
0.0222595
0.0222595
0.0222595
0.0222595
0.0222595
0.0222595
0.0222596
0.0222596
0.0222596
0.0222596
0.0222596
0.0222596
0.0222596
0.0222596
0.0222596
0.0222596
0.0222596
0.0222597
0.0222597
0.0222597
0.0222597
0.0222597
0.0222597
0.0222597
0.0222597
0.0222597
0.0222597
0.0222597
0.0222598
0.0222598
0.0222598
0.0222598
0.0222598
0.0222598
0.0222598
0.0222598
0.0222598
0.0222598
0.0222598
0.0222599
0.0222599
0.0222599
0.0222599
0.0222599
0.0222599
0.0222599
0.0222599
0.0222599
0.0222599
0.0222599
0.02226
0.02226
0.02226
0.02226
0.02226
0.02226
0.02226
0.02226
0.02226
0.02226
0.02226
0.0222601
0.0222601
0.0222601
0.0222601
0.0222601
0.0222601
0.0222601
0.0222601
0.0222601
0.0222601
0.0222601
0.0222602
0.0222602
0.0222602
0.0222602
0.0222602
0.0222602
0.0222602
0.0222602
0.0222602
0.0222602
0.0222602
0.0222603
0.0222603
0.0222603
0.0222603
0.0222603
0.0222603
0.0222603
0.0222603
0.0222603
0.0222603
0.0222603
0.0222604
0.0222604
0.0222604
0.0222604
0.0222604
0.0222604
0.0222604
0.0222604
0.0222604
0.0222604
0.0222604
0.0222605
0.0222605
0.0222605
0.0222605
0.0222605
0.0222605
0.0222605
0.0222605
0.0222605
0.0222605
0.0222605
0.0222606
0.0222606
0.0222606
0.0222606
0.0222606
0.0222606
0.0222606
0.0222606
0.0222606
0.0222606
0.0222606
0.0222607
0.0222607
0.0222607
0.0222607
0.0222607
0.0222607
0.0222607
0.0222607
0.0222607
0.0222607
0.0222607
0.0222608
0.0222608
0.0222608
0.0222608
0.0222608
0.0222608
0.0222608
0.0222608
0.0222608
0.0222608
0.0222608
0.0222609
0.0222609
0.0222609
0.0222609
0.0222609
0.0222609
0.0222609
0.0222609
0.0222609
0.0222609
0.0222609
0.022261
0.022261
0.022261
0.022261
0.022261
0.022261
0.022261
0.022261
0.022261
0.022261
0.022261
0.0222611
0.0222611
0.0222611
0.0222611
0.0222611
0.0222611
0.0222611
0.0222611
0.0222611
0.0222611
0.0222611
0.0222612
0.0222612
0.0222612
0.0222612
0.0222612
0.0222612
0.0222612
0.0222612
0.0222612
0.0222612
0.0222612
0.0222613
0.0222613
0.0222613
0.0222613
0.0222613
0.0222613
0.0222613
0.0222613
0.0222613
0.0222613
0.0222613
0.0222614
0.0222614
0.0222614
0.0222614
0.0222614
0.0222614
0.0222614
0.0222614
0.0222614
0.0222614
0.0222614
0.0222615
0.0222615
0.0222615
0.0222615
0.0222615
0.0222615
0.0222615
0.0222615
0.0222615
0.0222615
0.0222615
0.0222616
0.0222616
0.0222616
0.0222616
0.0222616
0.0222616
0.0222616
0.0222616
0.0222616
0.0222616
0.0222616
0.0222617
0.0222617
0.0222617
0.0222617
0.0222617
0.0222617
0.0222617
0.0222617
0.0222617
0.0222617
0.0222617
0.0222618
0.0222618
0.0222618
0.0222618
0.0222618
0.0222618
0.0222618
0.0222618
0.0222618
0.0222618
0.0222618
0.0222619
0.0222619
0.0222619
0.0222619
0.0222619
0.0222619
0.0222619
0.0222619
0.0222619
0.0222619
0.022262
0.022262
0.022262
0.022262
0.022262
0.022262
0.022262
0.022262
0.022262
0.022262
0.022262
0.0222621
0.0222621
0.0222621
0.0222621
0.0222621
0.0222621
0.0222621
0.0222621
0.0222621
0.0222621
0.0222621
0.0222622
0.0222622
0.0222622
0.0222622
0.0222622
0.0222622
0.0222622
0.0222622
0.0222622
0.0222622
0.0222622
0.0222623
0.0222623
0.0222623
0.0222623
0.0222623
0.0222623
0.0222623
0.0222623
0.0222623
0.0222623
0.0222623
0.0222624
0.0222624
0.0222624
0.0222624
0.0222624
0.0222624
0.0222624
0.0222624
0.0222624
0.0222624
0.0222624
0.0222625
0.0222625
0.0222625
0.0222625
0.0222625
0.0222625
0.0222625
0.0222625
0.0222625
0.0222625
0.0222625
0.0222626
0.0222626
0.0222626
0.0222626
0.0222626
0.0222626
0.0222626
0.0222626
0.0222626
0.0222626
0.0222626
0.0222627
0.0222627
0.0222627
0.0222627
0.0222627
0.0222627
0.0222627
0.0222627
0.0222627
0.0222627
0.0222627
0.0222628
0.0222628
0.0222628
0.0222628
0.0222628
0.0222628
0.0222628
0.0222628
0.0222628
0.0222628
0.0222628
0.0222629
0.0222629
0.0222629
0.0222629
0.0222629
0.0222629
0.0222629
0.0222629
0.0222629
0.0222629
0.0222629
0.022263
0.022263
0.022263
0.022263
0.022263
0.022263
0.022263
0.022263
0.022263
0.022263
0.022263
0.0222631
0.0222631
0.0222631
0.0222631
0.0222631
0.0222631
0.0222631
0.0222631
0.0222631
0.0222631
0.0222631
0.0222632
0.0222632
0.0222632
0.0222632
0.0222632
0.0222632
0.0222632
0.0222632
0.0222632
0.0222632
0.0222632
0.0222633
0.0222633
0.0222633
0.0222633
0.0222633
0.0222633
0.0222633
0.0222633
0.0222633
0.0222633
0.0222633
0.0222634
0.0222634
0.0222634
0.0222634
0.0222634
0.0222634
0.0222634
0.0222634
0.0222634
0.0222634
0.0222635
0.0222635
0.0222635
0.0222635
0.0222635
0.0222635
0.0222635
0.0222635
0.0222635
0.0222635
0.0222635
0.0222636
0.0222636
0.0222636
0.0222636
0.0222636
0.0222636
0.0222636
0.0222636
0.0222636
0.0222636
0.0222636
0.0222637
0.0222637
0.0222637
0.0222637
0.0222637
0.0222637
0.0222637
0.0222637
0.0222637
0.0222637
0.0222637
0.0222638
0.0222638
0.0222638
0.0222638
0.0222638
0.0222638
0.0222638
0.0222638
0.0222638
0.0222638
0.0222638
0.0222639
0.0222639
0.0222639
0.0222639
0.0222639
0.0222639
0.0222639
0.0222639
0.0222639
0.0222639
0.0222639
0.022264
0.022264
0.022264
0.022264
0.022264
0.022264
0.022264
0.022264
0.022264
0.022264
0.022264
0.0222641
0.0222641
0.0222641
0.0222641
0.0222641
0.0222641
0.0222641
0.0222641
0.0222641
0.0222641
0.0222641
0.0222642
0.0222642
0.0222642
0.0222642
0.0222642
0.0222642
0.0222642
0.0222642
0.0222642
0.0222642
0.0222642
0.0222643
0.0222643
0.0222643
0.0222643
0.0222643
0.0222643
0.0222643
0.0222643
0.0222643
0.0222643
0.0222643
0.0222644
0.0222644
0.0222644
0.0222644
0.0222644
0.0222644
0.0222644
0.0222644
0.0222644
0.0222644
0.0222644
0.0222645
0.0222645
0.0222645
0.0222645
0.0222645
0.0222645
0.0222645
0.0222645
0.0222645
0.0222645
0.0222646
0.0222646
0.0222646
0.0222646
0.0222646
0.0222646
0.0222646
0.0222646
0.0222646
0.0222646
0.0222646
0.0222647
0.0222647
0.0222647
0.0222647
0.0222647
0.0222647
0.0222647
0.0222647
0.0222647
0.0222647
0.0222647
0.0222648
0.0222648
0.0222648
0.0222648
0.0222648
0.0222648
0.0222648
0.0222648
0.0222648
0.0222648
0.0222648
0.0222649
0.0222649
0.0222649
0.0222649
0.0222649
0.0222649
0.0222649
0.0222649
0.0222649
0.0222649
0.0222649
0.022265
0.022265
0.022265
0.022265
0.022265
0.022265
0.022265
0.022265
0.022265
0.022265
0.022265
0.0222651
0.0222651
0.0222651
0.0222651
0.0222651
0.0222651
0.0222651
0.0222651
0.0222651
0.0222651
0.0222651
0.0222652
0.0222652
0.0222652
0.0222652
0.0222652
0.0222652
0.0222652
0.0222652
0.0222652
0.0222652
0.0222652
0.0222653
0.0222653
0.0222653
0.0222653
0.0222653
0.0222653
0.0222653
0.0222653
0.0222653
0.0222653
0.0222653
0.0222654
0.0222654
0.0222654
0.0222654
0.0222654
0.0222654
0.0222654
0.0222654
0.0222654
0.0222654
0.0222655
0.0222655
0.0222655
0.0222655
0.0222655
0.0222655
0.0222655
0.0222655
0.0222655
0.0222655
0.0222655
0.0222656
0.0222656
0.0222656
0.0222656
0.0222656
0.0222656
0.0222656
0.0222656
0.0222656
0.0222656
0.0222656
0.0222657
0.0222657
0.0222657
0.0222657
0.0222657
0.0222657
0.0222657
0.0222657
0.0222657
0.0222657
0.0222657
0.0222658
0.0222658
0.0222658
0.0222658
0.0222658
0.0222658
0.0222658
0.0222658
0.0222658
0.0222658
0.0222658
0.0222659
0.0222659
0.0222659
0.0222659
0.0222659
0.0222659
0.0222659
0.0222659
0.0222659
0.0222659
0.0222659
0.022266
0.022266
0.022266
0.022266
0.022266
0.022266
0.022266
0.022266
0.022266
0.022266
0.022266
0.0222661
0.0222661
0.0222661
0.0222661
0.0222661
0.0222661
0.0222661
0.0222661
0.0222661
0.0222661
0.0222661
0.0222662
0.0222662
0.0222662
0.0222662
0.0222662
0.0222662
0.0222662
0.0222662
0.0222662
0.0222662
0.0222662
0.0222663
0.0222663
0.0222663
0.0222663
0.0222663
0.0222663
0.0222663
0.0222663
0.0222663
0.0222663
0.0222664
0.0222664
0.0222664
0.0222664
0.0222664
0.0222664
0.0222664
0.0222664
0.0222664
0.0222664
0.0222664
0.0222665
0.0222665
0.0222665
0.0222665
0.0222665
0.0222665
0.0222665
0.0222665
0.0222665
0.0222665
0.0222665
0.0222666
0.0222666
0.0222666
0.0222666
0.0222666
0.0222666
0.0222666
0.0222666
0.0222666
0.0222666
0.0222666
0.0222667
0.0222667
0.0222667
0.0222667
0.0222667
0.0222667
0.0222667
0.0222667
0.0222667
0.0222667
0.0222667
0.0222668
0.0222668
0.0222668
0.0222668
0.0222668
0.0222668
0.0222668
0.0222668
0.0222668
0.0222668
0.0222668
0.0222669
0.0222669
0.0222669
0.0222669
0.0222669
0.0222669
0.0222669
0.0222669
0.0222669
0.0222669
0.0222669
0.022267
0.022267
0.022267
0.022267
0.022267
0.022267
0.022267
0.022267
0.022267
0.022267
0.022267
0.0222671
0.0222671
0.0222671
0.0222671
0.0222671
0.0222671
0.0222671
0.0222671
0.0222671
0.0222671
0.0222671
0.0222672
0.0222672
0.0222672
0.0222672
0.0222672
0.0222672
0.0222672
0.0222672
0.0222672
0.0222672
0.0222673
0.0222673
0.0222673
0.0222673
0.0222673
0.0222673
