0.5
0.495025
0.490099
0.485223
0.480395
0.475615
0.470882
0.466197
0.461558
0.456966
0.452419
0.447917
0.44346
0.439048
0.434679
0.430354
0.426072
0.421832
0.417635
0.41348
0.409365
0.405292
0.401259
0.397267
0.393314
0.3894
0.385526
0.38169
0.377892
0.374132
0.370409
0.366723
0.363075
0.359462
0.355885
0.352344
0.348838
0.345367
0.341931
0.338528
0.33516
0.331825
0.328523
0.325255
0.322018
0.318814
0.315642
0.312501
0.309392
0.306313
0.303265
0.300248
0.29726
0.294302
0.291374
0.288475
0.285605
0.282763
0.279949
0.277164
0.274406
0.271675
0.268972
0.266296
0.263646
0.261023
0.258426
0.255854
0.253309
0.250788
0.248293
0.245822
0.243376
0.240955
0.238557
0.236184
0.233834
0.231507
0.229204
0.226923
0.224665
0.22243
0.220217
0.218026
0.215857
0.213709
0.211583
0.209478
0.207394
0.20533
0.203288
0.201265
0.199263
0.197281
0.195318
0.193375
0.191452
0.189548
0.187662
0.185796
0.183948
0.182119
0.180308
0.178516
0.176741
0.174984
0.173245
0.171523
0.169818
0.168131
0.166461
0.164807
0.163171
0.161551
0.159947
0.15836
0.156789
0.155234
0.153695
0.152172
0.150664
0.149172
0.147696
0.146234
0.144789
0.143358
0.141942
0.140541
0.139156
0.137785
0.136428
0.135087
0.13376
0.132447
0.131149
0.129866
0.128596
0.127341
0.126101
0.124874
0.123662
0.122464
0.12128
0.12011
0.118955
0.117813
0.116686
0.115573
0.114473
0.113389
0.112318
0.111261
0.110219
0.109191
0.108177
0.107178
0.106192
0.105222
0.104265
0.103323
0.102396
0.101483
0.100585
0.0997016
0.0988328
0.0979787
0.0971394
0.096315
0.0955054
0.0947107
0.0939309
0.0931661
0.0924163
0.0916814
0.0909616
0.0902567
0.0895669
0.088892
0.0882321
0.0875872
0.0869572
0.086342
0.0857416
0.085156
0.084585
0.0840286
0.0834867
0.0829593
0.082446
0.081947
0.081462
0.0809908
0.0805334
0.0800895
0.0796591
0.0792419
0.0788377
0.0784464
0.0780678
0.0777016
0.0773476
0.0770057
0.0766755
0.076357
0.0760497
0.0757536
0.0754683
0.0751937
0.0749295
0.0746754
0.0744312
0.0741967
0.0739716
0.0737556
0.0735486
0.0733503
0.0731605
0.0729788
0.0728051
0.0726392
0.0724808
0.0723297
0.0721856
0.0720484
0.0719178
0.0717937
0.0716758
0.0715639
0.0714578
0.0713573
0.0712623
0.0711725
0.0710878
0.071008
0.0709329
0.0708624
0.0707963
0.0707344
0.0706766
0.0706228
0.0705728
0.0705264
0.0704836
0.0704442
0.070408
0.0703751
0.0703451
0.0703181
0.0702939
0.0702724
0.0702535
0.0702371
0.0702232
0.0702115
0.0702021
0.0701949
0.0701897
0.0701865
0.0701852
0.0701858
0.0701881
0.0701921
0.0701978
0.070205
0.0702138
0.070224
0.0702356
0.0702486
0.0702628
0.0702783
0.070295
0.0703128
0.0703318
0.0703518
0.0703728
0.0703948
0.0704178
0.0704416
0.0704664
0.0704919
0.0705183
0.0705455
0.0705734
0.070602
0.0706313
0.0706613
0.0706919
0.0707231
0.070755
0.0707873
0.0708203
0.0708537
0.0708877
0.0709221
0.0709571
0.0709924
0.0710282
0.0710644
0.071101
0.071138
0.0711754
0.0712131
0.0712512
0.0712896
0.0713283
0.0713673
0.0714066
0.0714462
0.071486
0.0715261
0.0715665
0.0716071
0.0716479
0.071689
0.0717302
0.0717717
0.0718134
0.0718552
0.0718973
0.0719395
0.0719818
0.0720244
0.072067
0.0721099
0.0721528
0.0721959
0.0722392
0.0722825
0.072326
0.0723696
0.0724133
0.0724571
0.072501
0.072545
0.0725891
0.0726332
0.0726775
0.0727218
0.0727662
0.0728107
0.0728552
0.0728998
0.0729444
0.0729892
0.0730339
0.0730787
0.0731236
0.0731685
0.0732135
0.0732584
0.0733035
0.0733485
0.0733936
0.0734387
0.0734839
0.073529
0.0735742
0.0736194
0.0736647
0.0737099
0.0737552
0.0738004
0.0738457
0.073891
0.0739363
0.0739816
0.0740269
0.0740722
0.0741174
0.0741627
0.074208
0.0742533
0.0742986
0.0743439
0.0743891
0.0744344
0.0744796
0.0745248
0.07457
0.0746152
0.0746604
0.0747056
0.0747507
0.0747958
0.0748409
0.074886
0.0749311
0.0749761
0.0750211
0.0750661
0.075111
0.075156
0.0752008
0.0752457
0.0752905
0.0753353
0.0753801
0.0754248
0.0754695
0.0755142
0.0755588
0.0756034
0.075648
0.0756925
0.075737
0.0757814
0.0758258
0.0758702
0.0759145
0.0759588
0.0760031
0.0760473
0.0760914
0.0761355
0.0761796
0.0762236
0.0762676
0.0763115
0.0763554
0.0763992
0.076443
0.0764868
0.0765305
0.0765741
0.0766177
0.0766613
0.0767047
0.0767482
0.0767916
0.0768349
0.0768782
0.0769215
0.0769647
0.0770078
0.0770509
0.0770939
0.0771369
0.0771798
0.0772227
0.0772655
0.0773083
0.077351
0.0773936
0.0774362
0.0774788
0.0775213
0.0775637
0.0776061
0.0776484
0.0776906
0.0777328
0.077775
0.0778171
0.0778591
0.0779011
0.077943
0.0779848
0.0780266
0.0780684
0.07811
0.0781517
0.0781932
0.0782347
0.0782761
0.0783175
0.0783588
0.0784001
0.0784413
0.0784824
0.0785235
0.0785645
0.0786055
0.0786464
0.0786872
0.078728
0.0787687
0.0788093
0.0788499
0.0788905
0.0789309
0.0789713
0.0790117
0.0790519
0.0790922
0.0791323
0.0791724
0.0792124
0.0792524
0.0792923
0.0793321
0.0793719
0.0794116
0.0794513
0.0794909
0.0795304
0.0795699
0.0796093
0.0796486
0.0796879
0.0797271
0.0797663
0.0798054
0.0798444
0.0798833
0.0799222
0.0799611
0.0799999
0.0800386
0.0800772
0.0801158
0.0801543
0.0801928
0.0802312
0.0802695
0.0803078
0.080346
0.0803841
0.0804222
0.0804602
0.0804982
0.0805361
0.0805739
0.0806117
0.0806494
0.080687
0.0807246
0.0807621
0.0807995
0.0808369
0.0808743
0.0809115
0.0809487
0.0809859
0.0810229
0.0810599
0.0810969
0.0811338
0.0811706
0.0812074
0.0812441
0.0812807
0.0813173
0.0813538
0.0813903
0.0814266
0.081463
0.0814992
0.0815354
0.0815716
0.0816077
0.0816437
0.0816797
0.0817155
0.0817514
0.0817872
0.0818229
0.0818585
0.0818941
0.0819296
0.0819651
0.0820005
0.0820359
0.0820712
0.0821064
0.0821416
0.0821767
0.0822117
0.0822467
0.0822816
0.0823165
0.0823513
0.082386
0.0824207
0.0824553
0.0824899
0.0825244
0.0825589
0.0825933
0.0826276
0.0826619
0.0826961
0.0827302
0.0827643
0.0827983
0.0828323
0.0828662
0.0829001
0.0829339
0.0829676
0.0830013
0.083035
0.0830685
0.083102
0.0831355
0.0831689
0.0832022
0.0832355
0.0832687
0.0833019
0.083335
0.083368
0.083401
0.083434
0.0834669
0.0834997
0.0835325
0.0835652
0.0835978
0.0836304
0.083663
0.0836955
0.0837279
0.0837603
0.0837926
0.0838249
0.0838571
0.0838892
0.0839213
0.0839534
0.0839854
0.0840173
0.0840492
0.084081
0.0841128
0.0841445
0.0841762
0.0842078
0.0842393
0.0842708
0.0843023
0.0843337
0.084365
0.0843963
0.0844276
0.0844587
0.0844899
0.084521
0.084552
0.084583
0.0846139
0.0846448
0.0846756
0.0847063
0.084737
0.0847677
0.0847983
0.0848289
0.0848594
0.0848898
0.0849203
0.0849506
0.0849809
0.0850112
0.0850414
0.0850715
0.0851016
0.0851317
0.0851617
0.0851916
0.0852215
0.0852514
0.0852812
0.0853109
0.0853406
0.0853703
0.0853999
0.0854295
0.085459
0.0854884
0.0855178
0.0855472
0.0855765
0.0856058
0.085635
0.0856642
0.0856933
0.0857224
0.0857514
0.0857804
0.0858093
0.0858382
0.085867
0.0858958
0.0859246
0.0859533
0.0859819
0.0860105
0.0860391
0.0860676
0.0860961
0.0861245
0.0861529
0.0861812
0.0862095
0.0862377
0.0862659
0.0862941
0.0863222
0.0863502
0.0863782
0.0864062
0.0864341
0.086462
0.0864898
0.0865176
0.0865454
0.0865731
0.0866008
0.0866284
0.086656
0.0866835
0.086711
0.0867384
0.0867658
0.0867932
0.0868205
0.0868478
0.086875
0.0869022
0.0869294
0.0869565
0.0869835
0.0870105
0.0870375
0.0870645
0.0870914
0.0871182
0.087145
0.0871718
0.0871986
0.0872252
0.0872519
0.0872785
0.0873051
0.0873316
0.0873581
0.0873846
0.087411
0.0874374
0.0874637
0.08749
0.0875162
0.0875425
0.0875686
0.0875948
0.0876209
0.0876469
0.087673
0.0876989
0.0877249
0.0877508
0.0877767
0.0878025
0.0878283
0.087854
0.0878798
0.0879054
0.0879311
0.0879567
0.0879823
0.0880078
0.0880333
0.0880587
0.0880842
0.0881096
0.0881349
0.0881602
0.0881855
0.0882107
0.0882359
0.0882611
0.0882862
0.0883113
0.0883364
0.0883614
0.0883864
0.0884114
0.0884363
0.0884612
0.0884861
0.0885109
0.0885357
0.0885604
0.0885851
0.0886098
0.0886345
0.0886591
0.0886837
0.0887082
0.0887327
0.0887572
0.0887817
0.0888061
0.0888305
0.0888548
0.0888791
0.0889034
0.0889277
0.0889519
0.0889761
0.0890002
0.0890243
0.0890484
0.0890725
0.0890965
0.0891205
0.0891445
0.0891684
0.0891923
0.0892162
0.08924
0.0892639
0.0892876
0.0893114
0.0893351
0.0893588
0.0893825
0.0894061
0.0894297
0.0894532
0.0894768
0.0895003
0.0895238
0.0895472
0.0895706
0.089594
0.0896174
0.0896407
0.089664
0.0896873
0.0897106
0.0897338
0.089757
0.0897801
0.0898033
0.0898264
0.0898495
0.0898725
0.0898955
0.0899185
0.0899415
0.0899644
0.0899873
0.0900102
0.0900331
0.0900559
0.0900787
0.0901015
0.0901243
0.090147
0.0901697
0.0901924
0.090215
0.0902376
0.0902602
0.0902828
0.0903053
0.0903278
0.0903503
0.0903728
0.0903952
0.0904177
0.09044
0.0904624
0.0904847
0.0905071
0.0905294
0.0905516
0.0905739
0.0905961
0.0906183
0.0906404
0.0906626
0.0906847
0.0907068
0.0907289
0.0907509
0.090773
0.090795
0.0908169
0.0908389
0.0908608
0.0908827
0.0909046
0.0909265
0.0909483
0.0909701
0.0909919
0.0910137
0.0910355
0.0910572
0.0910789
0.0911006
0.0911222
0.0911439
0.0911655
0.0911871
0.0912087
0.0912302
0.0912518
0.0912733
0.0912948
0.0913162
0.0913377
0.0913591
0.0913805
0.0914019
0.0914233
0.0914446
0.0914659
0.0914872
0.0915085
0.0915298
0.091551
0.0915723
0.0915935
0.0916146
0.0916358
0.091657
0.0916781
0.0916992
0.0917203
0.0917413
0.0917624
0.0917834
0.0918044
0.0918254
0.0918464
0.0918673
0.0918883
0.0919092
0.0919301
0.091951
0.0919718
0.0919927
0.0920135
0.0920343
0.0920551
0.0920759
0.0920966
0.0921174
0.0921381
0.0921588
0.0921795
0.0922001
0.0922208
0.0922414
0.0922621
0.0922826
0.0923032
0.0923238
0.0923443
0.0923649
0.0923854
0.0924059
0.0924264
0.0924468
0.0924673
0.0924877
0.0925082
0.0925286
0.0925489
0.0925693
0.0925897
0.09261
0.0926303
0.0926506
0.0926709
0.0926912
0.0927115
0.0927317
0.092752
0.0927722
0.0927924
0.0928126
0.0928327
0.0928529
0.092873
0.0928932
0.0929133
0.0929334
0.0929535
0.0929736
0.0929936
0.0930137
0.0930337
0.0930537
0.0930737
0.0930937
0.0931137
0.0931336
0.0931536
0.0931735
0.0931934
0.0932133
0.0932332
0.0932531
0.093273
0.0932928
0.0933127
0.0933325
0.0933523
0.0933721
0.0933919
0.0934117
0.0934315
0.0934512
0.0934709
0.0934907
0.0935104
0.0935301
0.0935498
0.0935695
0.0935891
0.0936088
0.0936284
0.093648
0.0936677
0.0936873
0.0937069
0.0937264
0.093746
0.0937656
0.0937851
0.0938047
0.0938242
0.0938437
0.0938632
0.0938827
0.0939022
0.0939217
0.0939411
0.0939606
0.09398
0.0939994
0.0940188
0.0940382
0.0940576
0.094077
0.0940964
0.0941158
0.0941351
0.0941544
0.0941738
0.0941931
0.0942124
0.0942317
0.094251
0.0942703
0.0942895
0.0943088
0.0943281
0.0943473
0.0943665
0.0943858
0.094405
0.0944242
0.0944434
0.0944625
0.0944817
0.0945009
0.09452
0.0945392
0.0945583
0.0945774
0.0945966
0.0946157
0.0946348
0.0946538
0.0946729
0.094692
0.0947111
0.0947301
0.0947492
0.0947682
0.0947872
0.0948062
0.0948252
0.0948442
0.0948632
0.0948822
0.0949012
0.0949202
0.0949391
0.0949581
0.094977
0.0949959
0.0950149
0.0950338
0.0950527
0.0950716
0.0950905
0.0951094
0.0951282
0.0951471
0.095166
0.0951848
0.0952037
0.0952225
0.0952413
0.0952601
0.095279
0.0952978
0.0953166
0.0953354
0.0953541
0.0953729
0.0953917
0.0954104
0.0954292
0.0954479
0.0954667
0.0954854
0.0955041
0.0955228
0.0955415
0.0955602
0.0955789
0.0955976
0.0956163
0.095635
0.0956536
0.0956723
0.0956909
0.0957096
0.0957282
0.0957468
0.0957654
0.0957841
0.0958027
0.0958213
0.0958399
0.0958584
0.095877
0.0958956
0.0959142
0.0959327
0.0959513
0.0959698
0.0959884
0.0960069
0.0960254
0.0960439
0.0960624
0.0960809
0.0960994
0.0961179
0.0961364
0.0961549
0.0961734
0.0961918
0.0962103
0.0962288
0.0962472
0.0962656
0.0962841
0.0963025
0.0963209
0.0963393
0.0963577
0.0963761
0.0963945
0.0964129
0.0964313
0.0964497
0.0964681
0.0964864
0.0965048
0.0965231
0.0965415
0.0965598
0.0965781
0.0965965
0.0966148
0.0966331
0.0966514
0.0966697
0.096688
0.0967063
0.0967246
0.0967429
0.0967611
0.0967794
0.0967977
0.0968159
0.0968342
0.0968524
0.0968706
0.0968889
0.0969071
0.0969253
0.0969435
0.0969617
0.0969799
0.0969981
0.0970163
0.0970345
0.0970527
0.0970708
0.097089
0.0971071
0.0971253
0.0971434
0.0971616
0.0971797
0.0971978
0.097216
0.0972341
0.0972522
0.0972703
0.0972884
0.0973065
0.0973246
0.0973427
0.0973607
0.0973788
0.0973969
0.0974149
0.097433
0.097451
0.0974691
0.0974871
0.0975051
0.0975231
0.0975412
0.0975592
0.0975772
0.0975952
0.0976132
0.0976312
0.0976491
0.0976671
0.0976851
0.097703
0.097721
0.0977389
0.0977569
0.0977748
0.0977928
0.0978107
0.0978286
0.0978465
0.0978644
0.0978823
0.0979002
0.0979181
0.097936
0.0979539
0.0979718
0.0979896
0.0980075
0.0980254
0.0980432
0.0980611
0.0980789
0.0980967
0.0981146
0.0981324
0.0981502
0.098168
0.0981858
0.0982036
0.0982214
0.0982392
0.098257
0.0982747
0.0982925
0.0983103
0.098328
0.0983458
0.0983635
0.0983812
0.098399
0.0984167
0.0984344
0.0984521
0.0984698
0.0984875
0.0985052
0.0985229
0.0985406
0.0985583
0.0985759
0.0985936
0.0986113
0.0986289
0.0986465
0.0986642
0.0986818
0.0986994
0.0987171
0.0987347
0.0987523
0.0987699
0.0987875
0.0988051
0.0988226
0.0988402
0.0988578
0.0988753
0.0988929
0.0989105
0.098928
0.0989455
0.0989631
0.0989806
0.0989981
0.0990156
0.0990331
0.0990506
0.0990681
0.0990856
0.0991031
0.0991205
0.099138
0.0991555
0.0991729
0.0991904
0.0992078
0.0992252
0.0992427
0.0992601
0.0992775
0.0992949
0.0993123
0.0993297
0.0993471
0.0993645
0.0993818
0.0993992
0.0994166
0.0994339
0.0994513
0.0994686
0.0994859
0.0995033
0.0995206
0.0995379
0.0995552
0.0995725
0.0995898
0.0996071
0.0996243
0.0996416
0.0996589
0.0996761
0.0996934
0.0997106
0.0997279
0.0997451
0.0997623
0.0997795
0.0997967
0.0998139
0.0998311
0.0998483
0.0998655
0.0998827
0.0998998
0.099917
0.0999342
0.0999513
0.0999684
0.0999856
0.100003
0.10002
0.100037
0.100054
0.100071
0.100088
0.100105
0.100122
0.100139
0.100156
0.100174
0.100191
0.100208
0.100225
0.100242
0.100259
0.100276
0.100293
0.10031
0.100327
0.100344
0.100361
0.100378
0.100395
0.100411
0.100428
0.100445
0.100462
0.100479
0.100496
0.100513
0.10053
0.100547
0.100564
0.100581
0.100597
0.100614
0.100631
0.100648
0.100665
0.100682
0.100698
0.100715
0.100732
0.100749
0.100766
0.100782
0.100799
0.100816
0.100833
0.10085
0.100866
0.100883
0.1009
0.100917
0.100933
0.10095
0.100967
0.100983
0.101
0.101017
0.101033
0.10105
0.101067
0.101083
0.1011
0.101117
0.101133
0.10115
0.101166
0.101183
0.1012
0.101216
0.101233
0.101249
0.101266
0.101283
0.101299
0.101316
0.101332
0.101349
0.101365
0.101382
0.101398
0.101415
0.101431
0.101448
0.101464
0.101481
0.101497
0.101513
0.10153
0.101546
0.101563
0.101579
0.101596
0.101612
0.101628
0.101645
0.101661
0.101678
0.101694
0.10171
0.101727
0.101743
0.101759
0.101776
0.101792
0.101808
0.101825
0.101841
0.101857
0.101873
0.10189
0.101906
0.101922
0.101938
0.101955
0.101971
0.101987
0.102003
0.10202
0.102036
0.102052
0.102068
0.102084
0.102101
0.102117
0.102133
0.102149
0.102165
0.102181
0.102198
0.102214
0.10223
0.102246
0.102262
0.102278
0.102294
0.10231
0.102326
0.102342
0.102358
0.102375
0.102391
0.102407
0.102423
0.102439
0.102455
0.102471
0.102487
0.102503
0.102519
0.102535
0.102551
0.102567
0.102583
0.102599
0.102615
0.10263
0.102646
0.102662
0.102678
0.102694
0.10271
0.102726
0.102742
0.102758
0.102774
0.10279
0.102805
0.102821
0.102837
0.102853
0.102869
0.102885
0.102901
0.102916
0.102932
0.102948
0.102964
0.10298
0.102996
0.103011
0.103027
0.103043
0.103059
0.103075
0.10309
0.103106
0.103122
0.103138
0.103153
0.103169
0.103185
0.103201
0.103216
0.103232
0.103248
0.103263
0.103279
0.103295
0.103311
0.103326
0.103342
0.103358
0.103373
0.103389
0.103405
0.10342
0.103436
0.103452
0.103467
0.103483
0.103499
0.103514
0.10353
0.103546
0.103561
0.103577
0.103593
0.103608
0.103624
0.10364
0.103655
0.103671
0.103686
0.103702
0.103718
0.103733
0.103749
0.103764
0.10378
0.103796
0.103811
0.103827
0.103842
0.103858
0.103874
0.103889
0.103905
0.10392
0.103936
0.103952
0.103967
0.103983
0.103998
0.104014
0.104029
0.104045
0.104061
0.104076
0.104092
0.104107
0.104123
0.104139
0.104154
0.10417
0.104185
0.104201
0.104216
0.104232
0.104248
0.104263
0.104279
0.104294
0.10431
0.104326
0.104341
0.104357
0.104372
0.104388
0.104403
0.104419
0.104435
0.10445
0.104466
0.104482
0.104497
0.104513
0.104528
0.104544
0.10456
0.104575
0.104591
0.104607
0.104622
0.104638
0.104654
0.104669
0.104685
0.1047
0.104716
0.104732
0.104748
0.104763
0.104779
0.104795
0.10481
0.104826
0.104842
0.104858
0.104873
0.104889
0.104905
0.104921
0.104936
0.104952
0.104968
0.104984
0.104999
0.105015
0.105031
0.105047
0.105063
0.105079
0.105094
0.10511
0.105126
0.105142
0.105158
0.105174
0.10519
0.105206
0.105222
0.105238
0.105254
0.10527
0.105286
0.105302
0.105318
0.105334
0.10535
0.105366
0.105382
0.105398
0.105414
0.10543
0.105446
0.105463
0.105479
0.105495
0.105511
0.105527
0.105544
0.10556
0.105576
0.105592
0.105609
0.105625
0.105641
0.105658
0.105674
0.10569
0.105707
0.105723
0.10574
0.105756
0.105773
0.105789
0.105806
0.105822
0.105839
0.105856
0.105872
0.105889
0.105906
0.105922
0.105939
0.105956
0.105972
0.105989
0.106006
0.106023
0.10604
0.106057
0.106074
0.106091
0.106108
0.106125
0.106142
0.106159
0.106176
0.106193
0.10621
0.106227
0.106244
0.106262
0.106279
0.106296
0.106314
0.106331
0.106348
0.106366
0.106383
0.106401
0.106418
0.106436
0.106454
0.106471
0.106489
0.106507
0.106524
0.106542
0.10656
0.106578
0.106596
0.106614
0.106632
0.10665
0.106668
0.106686
0.106704
0.106722
0.106741
0.106759
0.106777
0.106796
0.106814
0.106833
0.106851
0.10687
0.106888
0.106907
0.106926
0.106944
0.106963
0.106982
0.107001
0.10702
0.107039
0.107058
0.107077
0.107096
0.107115
0.107134
0.107154
0.107173
0.107193
0.107212
0.107232
0.107251
0.107271
0.10729
0.10731
0.10733
0.10735
0.10737
0.10739
0.10741
0.10743
0.10745
0.10747
0.107491
0.107511
0.107532
0.107552
0.107573
0.107593
0.107614
0.107635
0.107656
0.107677
0.107698
0.107719
0.10774
0.107761
0.107782
0.107804
0.107825
0.107846
0.107868
0.10789
0.107911
0.107933
0.107955
0.107977
0.107999
0.108021
0.108043
0.108066
0.108088
0.10811
0.108133
0.108156
0.108178
0.108201
0.108224
0.108247
0.10827
0.108293
0.108316
0.10834
0.108363
0.108386
0.10841
0.108434
0.108458
0.108481
0.108505
0.108529
0.108554
0.108578
0.108602
0.108627
0.108651
0.108676
0.108701
0.108726
0.108751
0.108776
0.108801
0.108826
0.108851
0.108877
0.108903
0.108928
0.108954
0.10898
0.109006
0.109032
0.109059
0.109085
0.109111
0.109138
0.109165
0.109192
0.109219
0.109246
0.109273
0.1093
0.109328
0.109355
0.109383
0.109411
0.109439
0.109467
0.109495
0.109523
0.109552
0.10958
0.109609
0.109638
0.109667
0.109696
0.109725
0.109755
0.109784
0.109814
0.109844
0.109874
0.109904
0.109934
0.109964
0.109995
0.110026
0.110056
0.110087
0.110118
0.11015
0.110181
0.110212
0.110244
0.110276
0.110308
0.11034
0.110372
0.110405
0.110437
0.11047
0.110503
0.110536
0.110569
0.110603
0.110636
0.11067
0.110704
0.110738
0.110772
0.110806
0.110841
0.110876
0.11091
0.110945
0.110981
0.111016
0.111051
0.111087
0.111123
0.111159
0.111195
0.111232
0.111268
0.111305
0.111342
0.111379
0.111416
0.111454
0.111491
0.111529
0.111567
0.111605
0.111644
0.111682
0.111721
0.11176
0.111799
0.111839
0.111878
0.111918
0.111958
0.111998
0.112038
0.112078
0.112119
0.11216
0.112201
0.112242
0.112284
0.112325
0.112367
0.112409
0.112452
0.112494
0.112537
0.112579
0.112623
0.112666
0.112709
0.112753
0.112797
0.112841
0.112885
0.11293
0.112974
0.113019
0.113064
0.11311
0.113155
0.113201
0.113247
0.113293
0.11334
0.113386
0.113433
0.11348
0.113528
0.113575
0.113623
0.113671
0.113719
0.113767
0.113816
0.113865
0.113914
0.113963
0.114013
0.114062
0.114112
0.114162
0.114213
0.114263
0.114314
0.114365
0.114417
0.114468
0.11452
0.114572
0.114624
0.114677
0.114729
0.114782
0.114836
0.114889
0.114943
0.114996
0.115051
0.115105
0.115159
0.115214
0.115269
0.115325
0.11538
0.115436
0.115492
0.115548
0.115604
0.115661
0.115718
0.115775
0.115833
0.11589
0.115948
0.116006
0.116065
0.116123
0.116182
0.116241
0.116301
0.11636
0.11642
0.11648
0.116541
0.116601
0.116662
0.116723
0.116784
0.116846
0.116908
0.11697
0.117032
0.117094
0.117157
0.11722
0.117283
0.117347
0.117411
0.117475
0.117539
0.117603
0.117668
0.117733
0.117798
0.117864
0.117929
0.117995
0.118062
0.118128
0.118195
0.118262
0.118329
0.118396
0.118464
0.118532
0.1186
0.118668
0.118737
0.118806
0.118875
0.118945
0.119014
0.119084
0.119154
0.119225
0.119295
0.119366
0.119437
0.119509
0.11958
0.119652
0.119724
0.119797
0.119869
0.119942
0.120015
0.120088
0.120162
0.120236
0.12031
0.120384
0.120459
0.120534
0.120609
0.120684
0.120759
0.120835
0.120911
0.120987
0.121064
0.121141
0.121218
0.121295
0.121372
0.12145
0.121528
0.121606
0.121684
0.121763
0.121842
0.121921
0.122
0.12208
0.12216
0.12224
0.12232
0.122401
0.122482
0.122563
0.122644
0.122725
0.122807
0.122889
0.122971
0.123054
0.123136
0.123219
0.123302
0.123386
0.123469
0.123553
0.123637
0.123721
0.123806
0.123891
0.123975
0.124061
0.124146
0.124232
0.124318
0.124404
0.12449
0.124577
0.124663
0.12475
0.124837
0.124925
0.125013
0.1251
0.125189
0.125277
0.125365
0.125454
0.125543
0.125632
0.125722
0.125811
0.125901
0.125991
0.126082
0.126172
0.126263
0.126354
0.126445
0.126536
0.126628
0.12672
0.126812
0.126904
0.126997
0.127089
0.127182
0.127275
0.127368
0.127462
0.127556
0.127649
0.127744
0.127838
0.127932
0.128027
0.128122
0.128217
0.128312
0.128408
0.128504
0.1286
0.128696
0.128792
0.128889
0.128985
0.129082
0.12918
0.129277
0.129374
0.129472
0.12957
0.129668
0.129766
0.129865
0.129964
0.130063
0.130162
0.130261
0.13036
0.13046
0.13056
0.13066
0.13076
0.130861
0.130961
0.131062
0.131163
0.131264
0.131366
0.131467
0.131569
0.131671
0.131773
0.131875
0.131977
0.13208
0.132183
0.132286
0.132389
0.132492
0.132596
0.1327
0.132803
0.132908
0.133012
0.133116
0.133221
0.133326
0.13343
0.133536
0.133641
0.133746
0.133852
0.133958
0.134064
0.13417
0.134276
0.134382
0.134489
0.134596
0.134703
0.13481
0.134917
0.135025
0.135132
0.13524
0.135348
0.135456
0.135564
0.135673
0.135781
0.13589
0.135999
0.136108
0.136217
0.136327
0.136436
0.136546
0.136656
0.136766
0.136876
0.136986
0.137097
0.137207
0.137318
0.137429
0.13754
0.137652
0.137763
0.137874
0.137986
0.138098
0.13821
0.138322
0.138434
0.138547
0.138659
0.138772
0.138885
0.138998
0.139111
0.139224
0.139338
0.139451
0.139565
0.139679
0.139793
0.139907
0.140021
0.140136
0.14025
0.140365
0.14048
0.140595
0.14071
0.140825
0.140941
0.141056
0.141172
0.141288
0.141404
0.14152
0.141636
0.141752
0.141869
0.141985
0.142102
0.142219
0.142336
0.142453
0.14257
0.142688
0.142805
0.142923
0.143041
0.143158
0.143276
0.143395
0.143513
0.143631
0.14375
0.143868
0.143987
0.144106
0.144225
0.144344
0.144464
0.144583
0.144702
0.144822
0.144942
0.145062
0.145182
0.145302
0.145422
0.145542
0.145663
0.145783
0.145904
0.146025
0.146146
0.146267
0.146388
0.146509
0.146631
0.146752
0.146874
0.146996
0.147118
0.14724
0.147362
0.147484
0.147606
0.147729
0.147851
0.147974
0.148097
0.14822
0.148343
0.148466
0.148589
0.148712
0.148836
0.148959
0.149083
0.149207
0.149331
0.149454
0.149579
0.149703
0.149827
0.149951
0.150076
0.150201
0.150325
0.15045
0.150575
0.1507
0.150825
0.150951
0.151076
0.151201
0.151327
0.151453
0.151578
0.151704
0.15183
0.151956
0.152082
0.152209
0.152335
0.152462
0.152588
0.152715
0.152842
0.152968
0.153095
0.153223
0.15335
0.153477
0.153604
0.153732
0.153859
0.153987
0.154115
0.154243
0.154371
0.154499
0.154627
0.154755
0.154884
0.155012
0.15514
0.155269
0.155398
0.155527
0.155656
0.155785
0.155914
0.156043
0.156172
0.156302
0.156431
0.156561
0.15669
0.15682
0.15695
0.15708
0.15721
0.15734
0.15747
0.157601
0.157731
0.157862
0.157992
0.158123
0.158254
0.158385
0.158516
0.158647
0.158778
0.158909
0.15904
0.159172
0.159303
0.159435
0.159567
0.159698
0.15983
0.159962
0.160094
0.160226
0.160359
0.160491
0.160623
0.160756
0.160889
0.161021
0.161154
0.161287
0.16142
0.161553
0.161686
0.161819
0.161952
0.162086
0.162219
0.162353
0.162486
0.16262
0.162754
0.162888
0.163022
0.163156
0.16329
0.163424
0.163559
0.163693
0.163828
0.163962
0.164097
0.164232
0.164367
0.164501
0.164636
0.164772
0.164907
0.165042
0.165177
0.165313
0.165448
0.165584
0.16572
0.165856
0.165991
0.166127
0.166263
0.1664
0.166536
0.166672
0.166808
0.166945
0.167082
0.167218
0.167355
0.167492
0.167629
0.167766
0.167903
0.16804
0.168177
0.168314
0.168452
0.168589
0.168727
0.168864
0.169002
0.16914
0.169278
0.169416
0.169554
0.169692
0.16983
0.169969
0.170107
0.170246
0.170384
0.170523
0.170662
0.170801
0.170939
0.171079
0.171218
0.171357
0.171496
0.171635
0.171775
0.171914
0.172054
0.172194
0.172333
0.172473
0.172613
0.172753
0.172893
0.173033
0.173174
0.173314
0.173455
0.173595
0.173736
0.173876
0.174017
0.174158
0.174299
0.17444
0.174581
0.174722
0.174864
0.175005
0.175146
0.175288
0.17543
0.175571
0.175713
0.175855
0.175997
0.176139
0.176281
0.176423
0.176566
0.176708
0.176851
0.176993
0.177136
0.177279
0.177421
0.177564
0.177707
0.17785
0.177993
0.178137
0.17828
0.178423
0.178567
0.178711
0.178854
0.178998
0.179142
0.179286
0.17943
0.179574
0.179718
0.179862
0.180007
0.180151
0.180296
0.180441
0.180585
0.18073
0.180875
0.18102
0.181165
0.18131
0.181455
0.181601
0.181746
0.181892
0.182037
0.182183
0.182329
0.182475
0.182621
0.182767
0.182913
0.183059
0.183205
0.183352
0.183498
0.183645
0.183792
0.183938
0.184085
0.184232
0.184379
0.184526
0.184673
0.184821
0.184968
0.185116
0.185263
0.185411
0.185559
0.185706
0.185854
0.186002
0.186151
0.186299
0.186447
0.186595
0.186744
0.186893
0.187041
0.18719
0.187339
0.187488
0.187637
0.187786
0.187935
0.188084
0.188234
0.188383
0.188533
0.188683
0.188832
0.188982
0.189132
0.189282
0.189433
0.189583
0.189733
0.189884
0.190034
0.190185
0.190336
0.190486
0.190637
0.190788
0.19094
0.191091
0.191242
0.191393
0.191545
0.191697
0.191848
0.192
0.192152
0.192304
0.192456
0.192608
0.19276
0.192913
0.193065
0.193218
0.193371
0.193523
0.193676
0.193829
0.193982
0.194136
0.194289
0.194442
0.194596
0.194749
0.194903
0.195057
0.195211
0.195365
0.195519
0.195673
0.195827
0.195981
0.196136
0.196291
0.196445
0.1966
0.196755
0.19691
0.197065
0.19722
0.197375
0.197531
0.197686
0.197842
0.197998
0.198154
0.19831
0.198466
0.198622
0.198778
0.198934
0.199091
0.199247
0.199404
0.199561
0.199718
0.199875
0.200032
0.200189
0.200346
0.200504
0.200661
0.200819
0.200977
0.201134
0.201292
0.20145
0.201609
0.201767
0.201925
0.202084
0.202242
0.202401
0.20256
0.202719
0.202878
0.203037
0.203196
0.203356
0.203515
0.203675
0.203835
0.203994
0.204154
0.204314
0.204475
0.204635
0.204795
0.204956
0.205116
0.205277
0.205438
0.205599
0.20576
0.205921
0.206083
0.206244
0.206406
0.206567
0.206729
0.206891
0.207053
0.207215
0.207377
0.20754
0.207702
0.207865
0.208027
0.20819
0.208353
0.208516
0.20868
0.208843
0.209006
0.20917
0.209334
0.209497
0.209661
0.209825
0.209989
0.210154
0.210318
0.210483
0.210647
0.210812
0.210977
0.211142
0.211307
0.211472
0.211638
0.211803
0.211969
0.212134
0.2123
0.212466
0.212632
0.212799
0.212965
0.213132
0.213298
0.213465
0.213632
0.213799
0.213966
0.214133
0.214301
0.214468
0.214636
0.214804
0.214972
0.21514
0.215308
0.215476
0.215644
0.215813
0.215982
0.21615
0.216319
0.216488
0.216658
0.216827
0.216997
0.217166
0.217336
0.217506
0.217676
0.217846
0.218016
0.218187
0.218357
0.218528
0.218699
0.21887
0.219041
0.219212
0.219383
0.219555
0.219726
0.219898
0.22007
0.220242
0.220414
0.220586
0.220759
0.220931
0.221104
0.221277
0.22145
0.221623
0.221797
0.22197
0.222144
0.222317
0.222491
0.222665
0.222839
0.223014
0.223188
0.223363
0.223537
0.223712
0.223887
0.224062
0.224237
0.224413
0.224588
0.224764
0.22494
0.225116
0.225292
0.225469
0.225645
0.225822
0.225998
0.226175
0.226352
0.226529
0.226707
0.226884
0.227062
0.22724
0.227418
0.227596
0.227774
0.227952
0.228131
0.22831
0.228488
0.228667
0.228847
0.229026
0.229205
0.229385
0.229565
0.229745
0.229925
0.230105
0.230285
0.230466
0.230647
0.230827
0.231008
0.23119
0.231371
0.231552
0.231734
0.231916
0.232098
0.23228
0.232462
0.232645
0.232827
0.23301
0.233193
0.233376
0.233559
0.233743
0.233926
0.23411
0.234294
0.234478
0.234662
0.234846
0.235031
0.235216
0.2354
0.235586
0.235771
0.235956
0.236142
0.236327
0.236513
0.236699
0.236885
0.237072
0.237258
0.237445
0.237632
0.237819
0.238006
0.238193
0.238381
0.238569
0.238757
0.238945
0.239133
0.239321
0.23951
0.239699
0.239888
0.240077
0.240266
0.240455
0.240645
0.240835
0.241025
0.241215
0.241405
0.241596
0.241786
0.241977
0.242168
0.242359
0.242551
0.242742
0.242934
0.243126
0.243318
0.24351
0.243703
0.243895
0.244088
0.244281
0.244474
0.244668
0.244861
0.245055
0.245249
0.245443
0.245637
0.245832
0.246026
0.246221
0.246416
0.246611
0.246807
0.247002
0.247198
0.247394
0.24759
0.247787
0.247983
0.24818
0.248377
0.248574
0.248771
0.248969
0.249166
0.249364
0.249562
0.24976
0.249959
0.250157
0.250356
0.250555
0.250754
0.250954
0.251153
0.251353
0.251553
0.251753
0.251953
0.252154
0.252355
0.252556
0.252757
0.252958
0.25316
0.253361
0.253563
0.253766
0.253968
0.25417
0.254373
0.254576
0.254779
0.254983
0.255186
0.25539
0.255594
0.255798
0.256002
0.256207
0.256412
0.256617
0.256822
0.257027
0.257233
0.257439
0.257644
0.257851
0.258057
0.258264
0.258471
0.258678
0.258885
0.259092
0.2593
0.259508
0.259716
0.259924
0.260133
0.260341
0.26055
0.26076
0.260969
0.261178
0.261388
0.261598
0.261808
0.262019
0.26223
0.26244
0.262651
0.262863
0.263074
0.263286
0.263498
0.26371
0.263923
0.264135
0.264348
0.264561
0.264774
0.264988
0.265201
0.265415
0.26563
0.265844
0.266059
0.266273
0.266488
0.266704
0.266919
0.267135
0.267351
0.267567
0.267783
0.268
0.268217
0.268434
0.268651
0.268869
0.269086
0.269304
0.269523
0.269741
0.26996
0.270179
0.270398
0.270617
0.270837
0.271057
0.271277
0.271497
0.271717
0.271938
0.272159
0.27238
0.272602
0.272824
0.273046
0.273268
0.27349
0.273713
0.273936
0.274159
0.274382
0.274606
0.27483
0.275054
0.275278
0.275503
0.275727
0.275952
0.276178
0.276403
0.276629
0.276855
0.277081
0.277308
0.277534
0.277761
0.277989
0.278216
0.278444
0.278672
0.2789
0.279128
0.279357
0.279586
0.279815
0.280045
0.280274
0.280504
0.280735
0.280965
0.281196
0.281427
0.281658
0.281889
0.282121
0.282353
0.282585
0.282818
0.28305
0.283283
0.283517
0.28375
0.283984
0.284218
0.284452
0.284687
0.284921
0.285156
0.285392
0.285627
0.285863
0.286099
0.286335
0.286572
0.286809
0.287046
0.287283
0.287521
0.287759
0.287997
0.288235
0.288474
0.288713
0.288952
0.289191
0.289431
0.289671
0.289911
0.290152
0.290393
0.290634
0.290875
0.291117
0.291358
0.291601
0.291843
0.292086
0.292328
0.292572
0.292815
0.293059
0.293303
0.293547
0.293792
0.294036
0.294282
0.294527
0.294773
0.295018
0.295265
0.295511
0.295758
0.296005
0.296252
0.2965
0.296748
0.296996
0.297244
0.297493
0.297742
0.297991
0.29824
0.29849
0.29874
0.298991
0.299241
0.299492
0.299743
0.299995
0.300246
0.300498
0.300751
0.301003
0.301256
0.301509
0.301763
0.302017
0.302271
0.302525
0.302779
0.303034
0.303289
0.303545
0.303801
0.304057
0.304313
0.304569
0.304826
0.305083
0.305341
0.305599
0.305857
0.306115
0.306374
0.306632
0.306892
0.307151
0.307411
0.307671
0.307931
0.308192
0.308453
0.308714
0.308976
0.309237
0.3095
0.309762
0.310025
0.310288
0.310551
0.310815
0.311078
0.311343
0.311607
0.311872
0.312137
0.312402
0.312668
0.312934
0.3132
0.313467
0.313734
0.314001
0.314268
0.314536
0.314804
0.315072
0.315341
0.31561
0.315879
0.316149
0.316419
0.316689
0.316959
0.31723
0.317501
0.317773
0.318044
0.318316
0.318589
0.318861
0.319134
0.319407
0.319681
0.319955
0.320229
0.320503
0.320778
0.321053
0.321328
0.321604
0.32188
0.322156
0.322433
0.32271
0.322987
0.323265
0.323542
0.32382
0.324099
0.324378
0.324657
0.324936
0.325216
0.325496
0.325776
0.326057
0.326338
0.326619
0.3269
0.327182
0.327465
0.327747
0.32803
0.328313
0.328596
0.32888
0.329164
0.329449
0.329733
0.330018
0.330304
0.330589
0.330875
0.331161
0.331448
0.331735
0.332022
0.33231
0.332597
0.332886
0.333174
0.333463
0.333752
0.334041
0.334331
0.334621
0.334912
0.335202
0.335493
0.335785
0.336076
0.336368
0.336661
0.336953
0.337246
0.337539
0.337833
0.338127
0.338421
0.338715
0.33901
0.339305
0.339601
0.339897
0.340193
0.340489
0.340786
0.341083
0.34138
0.341678
0.341976
0.342275
0.342573
0.342872
0.343172
0.343471
0.343771
0.344071
0.344372
0.344673
0.344974
0.345276
0.345578
0.34588
0.346182
0.346485
0.346788
0.347092
0.347396
0.3477
0.348004
0.348309
0.348614
0.34892
0.349225
0.349531
0.349838
0.350145
0.350452
0.350759
0.351067
0.351375
0.351683
0.351992
0.352301
0.35261
0.352919
0.353229
0.35354
0.35385
0.354161
0.354472
0.354784
0.355096
0.355408
0.35572
0.356033
0.356346
0.35666
0.356973
0.357288
0.357602
0.357917
0.358232
0.358547
0.358863
0.359179
0.359495
0.359812
0.360129
0.360446
0.360764
0.361082
0.3614
0.361718
0.362037
0.362357
0.362676
0.362996
0.363316
0.363637
0.363957
0.364278
0.3646
0.364922
0.365244
0.365566
0.365889
0.366212
0.366535
0.366859
0.367183
0.367507
0.367832
0.368157
0.368482
0.368807
0.369133
0.369459
0.369786
0.370113
0.37044
0.370767
0.371095
0.371423
0.371751
0.37208
0.372409
0.372738
0.373068
0.373398
0.373728
0.374058
0.374389
0.37472
0.375052
0.375384
0.375716
0.376048
0.376381
0.376714
0.377047
0.377381
0.377715
0.378049
0.378383
0.378718
0.379053
0.379389
0.379724
0.38006
0.380397
0.380733
0.38107
0.381408
0.381745
0.382083
0.382421
0.38276
0.383098
0.383438
0.383777
0.384116
0.384456
0.384797
0.385137
0.385478
0.385819
0.386161
0.386502
0.386844
0.387187
0.387529
0.387872
0.388215
0.388559
0.388902
0.389247
0.389591
0.389936
0.39028
0.390626
0.390971
0.391317
0.391663
0.392009
0.392356
0.392703
0.39305
0.393397
0.393745
0.394093
0.394442
0.39479
0.395139
0.395488
0.395838
0.396187
0.396537
0.396888
0.397238
0.397589
0.39794
0.398291
0.398643
0.398995
0.399347
0.3997
0.400052
0.400405
0.400759
0.401112
0.401466
0.40182
0.402174
0.402529
0.402884
0.403239
0.403594
0.40395
0.404306
0.404662
0.405018
0.405375
0.405732
0.406089
0.406446
0.406804
0.407162
0.40752
0.407879
0.408237
0.408596
0.408955
0.409315
0.409674
0.410034
0.410395
0.410755
0.411116
0.411477
0.411838
0.412199
0.412561
0.412923
0.413285
0.413647
0.414009
0.414372
0.414735
0.415099
0.415462
0.415826
0.41619
0.416554
0.416918
0.417283
0.417648
0.418013
0.418378
0.418744
0.419109
0.419475
0.419842
0.420208
0.420575
0.420941
0.421308
0.421676
0.422043
0.422411
0.422779
0.423147
0.423515
0.423884
0.424252
0.424621
0.42499
0.42536
0.425729
0.426099
0.426469
0.426839
0.427209
0.42758
0.427951
0.428321
0.428693
0.429064
0.429435
0.429807
0.430179
0.430551
0.430923
0.431295
0.431668
0.432041
0.432414
0.432787
0.43316
0.433533
0.433907
0.434281
0.434655
0.435029
0.435403
0.435778
0.436152
0.436527
0.436902
0.437277
0.437652
0.438028
0.438403
0.438779
0.439155
0.439531
0.439907
0.440283
0.44066
0.441037
0.441413
0.44179
0.442167
0.442544
0.442922
0.443299
0.443677
0.444055
0.444432
0.44481
0.445189
0.445567
0.445945
0.446324
0.446702
0.447081
0.44746
0.447839
0.448218
0.448597
0.448977
0.449356
0.449736
0.450116
0.450495
0.450875
0.451255
0.451635
0.452016
0.452396
0.452776
0.453157
0.453537
0.453918
0.454299
0.45468
0.455061
0.455442
0.455823
0.456204
0.456585
0.456967
0.457348
0.45773
0.458112
0.458493
0.458875
0.459257
0.459639
0.460021
0.460403
0.460785
0.461167
0.461549
0.461932
0.462314
0.462696
0.463079
0.463461
0.463844
0.464227
0.464609
0.464992
0.465375
0.465757
0.46614
0.466523
0.466906
0.467289
0.467672
0.468055
0.468438
0.468821
0.469204
0.469587
0.46997
0.470354
0.470737
0.47112
0.471503
0.471886
0.47227
0.472653
0.473036
0.473419
0.473803
0.474186
0.474569
0.474952
0.475336
0.475719
0.476102
0.476485
0.476869
0.477252
0.477635
0.478018
0.478401
0.478785
0.479168
0.479551
0.479934
0.480317
0.4807
0.481083
0.481466
0.481849
0.482232
0.482615
0.482998
0.48338
0.483763
0.484146
0.484528
0.484911
0.485293
0.485676
0.486058
0.486441
0.486823
0.487205
0.487588
0.48797
0.488352
0.488734
0.489116
0.489497
0.489879
0.490261
0.490643
0.491024
0.491406
0.491787
0.492168
0.492549
0.492931
0.493312
0.493693
0.494073
0.494454
0.494835
0.495215
0.495596
0.495976
0.496356
0.496736
0.497116
0.497496
0.497876
0.498256
0.498635
0.499015
0.499394
0.499773
0.500152
0.500531
0.50091
0.501289
0.501667
0.502046
0.502424
0.502802
0.50318
0.503558
0.503936
0.504313
0.504691
0.505068
0.505445
0.505822
0.506199
0.506575
0.506952
0.507328
0.507704
0.50808
0.508456
0.508832
0.509207
0.509583
0.509958
0.510333
0.510707
0.511082
0.511456
0.511831
0.512205
0.512579
0.512952
0.513326
0.513699
0.514072
0.514445
0.514818
0.51519
0.515562
0.515934
0.516306
0.516678
0.517049
0.517421
0.517792
0.518162
0.518533
0.518903
0.519274
0.519644
0.520013
0.520383
0.520752
0.521121
0.52149
0.521858
0.522227
0.522595
0.522963
0.52333
0.523697
0.524065
0.524431
0.524798
0.525164
0.525531
0.525896
0.526262
0.526627
0.526992
0.527357
0.527722
0.528086
0.52845
0.528814
0.529177
0.529541
0.529904
0.530266
0.530629
0.530991
0.531353
0.531714
0.532075
0.532436
0.532797
0.533157
0.533518
0.533877
0.534237
0.534596
0.534955
0.535314
0.535672
0.53603
0.536388
0.536745
0.537103
0.537459
0.537816
0.538172
0.538528
0.538884
0.539239
0.539594
0.539948
0.540303
0.540657
0.54101
0.541364
0.541717
0.542069
0.542422
0.542774
0.543125
0.543477
0.543828
0.544178
0.544529
0.544879
0.545228
0.545577
0.545926
0.546275
0.546623
0.546971
0.547319
0.547666
0.548013
0.548359
0.548705
0.549051
0.549397
0.549742
0.550086
0.550431
0.550775
0.551118
0.551461
0.551804
0.552147
0.552489
0.55283
0.553172
0.553513
0.553853
0.554194
0.554533
0.554873
0.555212
0.555551
0.555889
0.556227
0.556564
0.556901
0.557238
0.557574
0.55791
0.558246
0.558581
0.558916
0.55925
0.559584
0.559918
0.560251
0.560584
0.560916
0.561248
0.561579
0.56191
0.562241
0.562571
0.562901
0.563231
0.56356
0.563888
0.564217
0.564544
0.564872
0.565199
0.565525
0.565851
0.566177
0.566502
0.566827
0.567151
0.567475
0.567799
0.568122
0.568445
0.568767
0.569089
0.56941
0.569731
0.570052
0.570372
0.570691
0.57101
0.571329
0.571648
0.571965
0.572283
0.5726
0.572916
0.573232
0.573548
0.573863
0.574178
0.574492
0.574806
0.575119
0.575432
0.575745
0.576057
0.576368
0.576679
0.57699
0.5773
0.57761
0.577919
0.578228
0.578536
0.578844
0.579152
0.579459
0.579765
0.580071
0.580377
0.580682
0.580987
0.581291
0.581594
0.581898
0.5822
0.582503
0.582804
0.583106
0.583407
0.583707
0.584007
0.584306
0.584605
0.584904
0.585202
0.585499
0.585796
0.586093
0.586389
0.586685
0.58698
0.587274
0.587568
0.587862
0.588155
0.588448
0.58874
0.589032
0.589323
0.589614
0.589904
0.590194
0.590483
0.590772
0.59106
0.591348
0.591636
0.591922
0.592209
0.592495
0.59278
0.593065
0.593349
0.593633
0.593917
0.5942
0.594482
0.594764
0.595045
0.595326
0.595607
0.595887
0.596166
0.596445
0.596723
0.597001
0.597279
0.597556
0.597832
0.598108
0.598384
0.598659
0.598933
0.599207
0.59948
0.599753
0.600026
0.600298
0.600569
0.60084
0.601111
0.601381
0.60165
0.601919
0.602187
0.602455
0.602723
0.60299
0.603256
0.603522
0.603787
0.604052
0.604317
0.604581
0.604844
0.605107
0.605369
0.605631
0.605892
0.606153
0.606414
0.606674
0.606933
0.607192
0.60745
0.607708
0.607965
0.608222
0.608478
0.608734
0.608989
0.609244
0.609498
0.609752
0.610006
0.610258
0.610511
0.610762
0.611014
0.611264
0.611514
0.611764
0.612013
0.612262
0.61251
0.612758
0.613005
0.613252
0.613498
0.613744
0.613989
0.614234
0.614478
0.614721
0.614965
0.615207
0.615449
0.615691
0.615932
0.616173
0.616413
0.616652
0.616891
0.61713
0.617368
0.617606
0.617843
0.618079
0.618315
0.618551
0.618786
0.619021
0.619255
0.619488
0.619721
0.619954
0.620186
0.620418
0.620649
0.620879
0.621109
0.621339
0.621568
0.621796
0.622024
0.622252
0.622479
0.622705
0.622932
0.623157
0.623382
0.623607
0.623831
0.624054
0.624277
0.6245
0.624722
0.624944
0.625165
0.625385
0.625605
0.625825
0.626044
0.626263
0.626481
0.626698
0.626915
0.627132
0.627348
0.627564
0.627779
0.627994
0.628208
0.628421
0.628635
0.628847
0.629059
0.629271
0.629482
0.629693
0.629903
0.630113
0.630322
0.630531
0.63074
0.630947
0.631155
0.631362
0.631568
0.631774
0.631979
0.632184
0.632389
0.632593
0.632796
0.632999
0.633202
0.633404
0.633605
0.633806
0.634007
0.634207
0.634407
0.634606
0.634804
0.635003
0.6352
0.635398
0.635594
0.635791
0.635987
0.636182
0.636377
0.636571
0.636765
0.636959
0.637152
0.637344
0.637536
0.637728
0.637919
0.63811
0.6383
0.63849
0.638679
0.638868
0.639056
0.639244
0.639431
0.639618
0.639805
0.639991
0.640176
0.640362
0.640546
0.64073
0.640914
0.641097
0.64128
0.641463
0.641644
0.641826
0.642007
0.642187
0.642368
0.642547
0.642726
0.642905
0.643083
0.643261
0.643439
0.643616
0.643792
0.643968
0.644144
0.644319
0.644494
0.644668
0.644842
0.645015
0.645188
0.64536
0.645532
0.645704
0.645875
0.646046
0.646216
0.646386
0.646555
0.646724
0.646893
0.647061
0.647229
0.647396
0.647563
0.647729
0.647895
0.648061
0.648226
0.64839
0.648554
0.648718
0.648882
0.649045
0.649207
0.649369
0.649531
0.649692
0.649853
0.650013
0.650173
0.650333
0.650492
0.650651
0.650809
0.650967
0.651124
0.651281
0.651438
0.651594
0.65175
0.651905
0.65206
0.652215
0.652369
0.652522
0.652676
0.652829
0.652981
0.653133
0.653285
0.653436
0.653587
0.653737
0.653888
0.654037
0.654186
0.654335
0.654484
0.654632
0.654779
0.654927
0.655074
0.65522
0.655366
0.655512
0.655657
0.655802
0.655946
0.65609
0.656234
0.656377
0.65652
0.656663
0.656805
0.656947
0.657088
0.657229
0.657369
0.65751
0.657649
0.657789
0.657928
0.658067
0.658205
0.658343
0.65848
0.658617
0.658754
0.658891
0.659027
0.659162
0.659297
0.659432
0.659567
0.659701
0.659835
0.659968
0.660101
0.660234
0.660366
0.660498
0.660629
0.660761
0.660891
0.661022
0.661152
0.661282
0.661411
0.66154
0.661669
0.661797
0.661925
0.662052
0.662179
0.662306
0.662433
0.662559
0.662685
0.66281
0.662935
0.66306
0.663184
0.663308
0.663432
0.663555
0.663678
0.663801
0.663923
0.664045
0.664166
0.664287
0.664408
0.664529
0.664649
0.664769
0.664888
0.665008
0.665126
0.665245
0.665363
0.665481
0.665598
0.665715
0.665832
0.665949
0.666065
0.666181
0.666296
0.666411
0.666526
0.66664
0.666755
0.666868
0.666982
0.667095
0.667208
0.66732
0.667432
0.667544
0.667656
0.667767
0.667878
0.667989
0.668099
0.668209
0.668318
0.668428
0.668537
0.668645
0.668754
0.668862
0.668969
0.669077
0.669184
0.669291
0.669397
0.669503
0.669609
0.669715
0.66982
0.669925
0.670029
0.670134
0.670238
0.670341
0.670445
0.670548
0.670651
0.670753
0.670855
0.670957
0.671059
0.67116
0.671261
0.671362
0.671462
0.671562
0.671662
0.671762
0.671861
0.67196
0.672059
0.672157
0.672255
0.672353
0.67245
0.672547
0.672644
0.672741
0.672837
0.672933
0.673029
0.673125
0.67322
0.673315
0.673409
0.673504
0.673598
0.673692
0.673785
0.673878
0.673971
0.674064
0.674156
0.674249
0.67434
0.674432
0.674523
0.674614
0.674705
0.674796
0.674886
0.674976
0.675066
0.675155
0.675244
0.675333
0.675422
0.67551
0.675598
0.675686
0.675774
0.675861
0.675948
0.676035
0.676121
0.676208
0.676294
0.676379
0.676465
0.67655
0.676635
0.67672
0.676804
0.676888
0.676972
0.677056
0.67714
0.677223
0.677306
0.677388
0.677471
0.677553
0.677635
0.677717
0.677798
0.67788
0.67796
0.678041
0.678122
0.678202
0.678282
0.678362
0.678441
0.678521
0.6786
0.678678
0.678757
0.678835
0.678913
0.678991
0.679069
0.679146
0.679223
0.6793
0.679377
0.679453
0.67953
0.679606
0.679681
0.679757
0.679832
0.679907
0.679982
0.680057
0.680131
0.680205
0.680279
0.680353
0.680426
0.680499
0.680572
0.680645
0.680718
0.68079
0.680862
0.680934
0.681006
0.681077
0.681149
0.68122
0.681291
0.681361
0.681432
0.681502
0.681572
0.681641
0.681711
0.68178
0.681849
0.681918
0.681987
0.682055
0.682124
0.682192
0.68226
0.682327
0.682395
0.682462
0.682529
0.682596
0.682662
0.682729
0.682795
0.682861
0.682927
0.682992
0.683058
0.683123
0.683188
0.683253
0.683317
0.683382
0.683446
0.68351
0.683574
0.683637
0.683701
0.683764
0.683827
0.68389
0.683952
0.684015
0.684077
0.684139
0.684201
0.684263
0.684324
0.684385
0.684447
0.684507
0.684568
0.684629
0.684689
0.684749
0.684809
0.684869
0.684929
0.684988
0.685047
0.685106
0.685165
0.685224
0.685282
0.685341
0.685399
0.685457
0.685515
0.685572
0.68563
0.685687
0.685744
0.685801
0.685858
0.685914
0.68597
0.686027
0.686083
0.686139
0.686194
0.68625
0.686305
0.68636
0.686415
0.68647
0.686525
0.686579
0.686633
0.686688
0.686742
0.686795
0.686849
0.686902
0.686956
0.687009
0.687062
0.687115
0.687167
0.68722
0.687272
0.687324
0.687376
0.687428
0.68748
0.687531
0.687583
0.687634
0.687685
0.687736
0.687786
0.687837
0.687887
0.687938
0.687988
0.688038
0.688087
0.688137
0.688186
0.688236
0.688285
0.688334
0.688383
0.688432
0.68848
0.688528
0.688577
0.688625
0.688673
0.688721
0.688768
0.688816
0.688863
0.68891
0.688957
0.689004
0.689051
0.689098
0.689144
0.68919
0.689237
0.689283
0.689328
0.689374
0.68942
0.689465
0.689511
0.689556
0.689601
0.689646
0.68969
0.689735
0.68978
0.689824
0.689868
0.689912
0.689956
0.69
0.690044
0.690087
0.69013
0.690174
0.690217
0.69026
0.690303
0.690345
0.690388
0.69043
0.690473
0.690515
0.690557
0.690599
0.690641
0.690682
0.690724
0.690765
0.690806
0.690847
0.690888
0.690929
0.69097
0.691011
0.691051
0.691092
0.691132
0.691172
0.691212
0.691252
0.691292
0.691331
0.691371
0.69141
0.691449
0.691488
0.691527
0.691566
0.691605
0.691644
0.691682
0.691721
0.691759
0.691797
0.691835
0.691873
0.691911
0.691948
0.691986
0.692023
0.692061
0.692098
0.692135
0.692172
0.692209
0.692246
0.692282
0.692319
0.692355
0.692391
0.692428
0.692464
0.6925
0.692535
0.692571
0.692607
0.692642
0.692678
0.692713
0.692748
0.692783
0.692818
0.692853
0.692888
0.692922
0.692957
0.692991
0.693026
0.69306
0.693094
0.693128
0.693162
0.693195
0.693229
0.693263
0.693296
0.693329
0.693363
0.693396
0.693429
0.693462
0.693495
0.693527
0.69356
0.693592
0.693625
0.693657
0.693689
0.693722
0.693754
0.693785
0.693817
0.693849
0.693881
0.693912
0.693944
0.693975
0.694006
0.694037
0.694068
0.694099
0.69413
0.694161
0.694191
0.694222
0.694252
0.694283
0.694313
0.694343
0.694373
0.694403
0.694433
0.694463
0.694493
0.694522
0.694552
0.694581
0.694611
0.69464
0.694669
0.694698
0.694727
0.694756
0.694785
0.694813
0.694842
0.69487
0.694899
0.694927
0.694955
0.694984
0.695012
0.69504
0.695068
0.695095
0.695123
0.695151
0.695178
0.695206
0.695233
0.69526
0.695288
0.695315
0.695342
0.695369
0.695396
0.695422
0.695449
0.695476
0.695502
0.695529
0.695555
0.695581
0.695608
0.695634
0.69566
0.695686
0.695712
0.695737
0.695763
0.695789
0.695814
0.69584
0.695865
0.695891
0.695916
0.695941
0.695966
0.695991
0.696016
0.696041
0.696066
0.69609
0.696115
0.69614
0.696164
0.696188
0.696213
0.696237
0.696261
0.696285
0.696309
0.696333
0.696357
0.696381
0.696405
0.696428
0.696452
0.696475
0.696499
0.696522
0.696545
0.696569
0.696592
0.696615
0.696638
0.696661
0.696684
0.696706
0.696729
0.696752
0.696774
0.696797
0.696819
0.696842
0.696864
0.696886
0.696908
0.69693
0.696953
0.696974
0.696996
0.697018
0.69704
0.697062
0.697083
0.697105
0.697126
0.697148
0.697169
0.69719
0.697212
0.697233
0.697254
0.697275
0.697296
0.697317
0.697337
0.697358
0.697379
0.6974
0.69742
0.697441
0.697461
0.697481
0.697502
0.697522
0.697542
0.697562
0.697582
0.697602
0.697622
0.697642
0.697662
0.697682
0.697701
0.697721
0.697741
0.69776
0.69778
0.697799
0.697818
0.697838
0.697857
0.697876
0.697895
0.697914
0.697933
0.697952
0.697971
0.69799
0.698009
0.698027
0.698046
0.698064
0.698083
0.698101
0.69812
0.698138
0.698156
0.698175
0.698193
0.698211
0.698229
0.698247
0.698265
0.698283
0.698301
0.698319
0.698336
0.698354
0.698372
0.698389
0.698407
0.698424
0.698442
0.698459
0.698476
0.698494
0.698511
0.698528
0.698545
0.698562
0.698579
0.698596
0.698613
0.69863
0.698646
0.698663
0.69868
0.698697
0.698713
0.69873
0.698746
0.698763
0.698779
0.698795
0.698812
0.698828
0.698844
0.69886
0.698876
0.698892
0.698908
0.698924
0.69894
0.698956
0.698972
0.698987
0.699003
0.699019
0.699034
0.69905
0.699065
0.699081
0.699096
0.699112
0.699127
0.699142
0.699157
0.699173
0.699188
0.699203
0.699218
0.699233
0.699248
0.699263
0.699277
0.699292
0.699307
0.699322
0.699336
0.699351
0.699366
0.69938
0.699395
0.699409
0.699424
0.699438
0.699452
0.699467
0.699481
0.699495
0.699509
0.699523
0.699537
0.699551
0.699565
0.699579
0.699593
0.699607
0.699621
0.699635
0.699648
0.699662
0.699676
0.699689
0.699703
0.699716
0.69973
0.699743
0.699757
0.69977
0.699783
0.699797
0.69981
0.699823
0.699836
0.699849
0.699862
0.699875
0.699888
0.699901
0.699914
0.699927
0.69994
0.699953
0.699966
0.699978
0.699991
0.700004
0.700016
0.700029
0.700041
0.700054
0.700066
0.700079
0.700091
0.700104
0.700116
0.700128
0.70014
0.700153
0.700165
0.700177
0.700189
0.700201
0.700213
0.700225
0.700237
0.700249
0.700261
0.700273
0.700284
0.700296
0.700308
0.70032
0.700331
0.700343
0.700354
0.700366
0.700378
0.700389
0.700401
0.700412
0.700423
0.700435
0.700446
0.700457
0.700469
0.70048
0.700491
0.700502
0.700513
0.700524
0.700535
0.700546
0.700557
0.700568
0.700579
0.70059
0.700601
0.700612
0.700623
0.700633
0.700644
0.700655
0.700665
0.700676
0.700687
0.700697
0.700708
0.700718
0.700729
0.700739
0.70075
0.70076
0.70077
0.700781
0.700791
0.700801
0.700812
0.700822
0.700832
0.700842
0.700852
0.700862
0.700872
0.700882
0.700892
0.700902
0.700912
0.700922
0.700932
0.700942
0.700952
0.700961
0.700971
0.700981
0.700991
0.701
0.70101
0.70102
0.701029
0.701039
0.701048
0.701058
0.701067
0.701077
0.701086
0.701095
0.701105
0.701114
0.701123
0.701133
0.701142
0.701151
0.70116
0.70117
0.701179
0.701188
0.701197
0.701206
0.701215
0.701224
0.701233
0.701242
0.701251
0.70126
0.701269
0.701278
0.701286
0.701295
0.701304
0.701313
0.701321
0.70133
0.701339
0.701347
0.701356
0.701365
0.701373
0.701382
0.70139
0.701399
0.701407
0.701416
0.701424
0.701433
0.701441
0.701449
0.701458
0.701466
0.701474
0.701482
0.701491
0.701499
0.701507
0.701515
0.701523
0.701532
0.70154
0.701548
0.701556
0.701564
0.701572
0.70158
0.701588
0.701596
0.701603
0.701611
0.701619
0.701627
0.701635
0.701643
0.70165
0.701658
0.701666
0.701674
0.701681
0.701689
0.701697
0.701704
0.701712
0.701719
0.701727
0.701734
0.701742
0.701749
0.701757
0.701764
0.701772
0.701779
0.701786
0.701794
0.701801
0.701808
0.701816
0.701823
0.70183
0.701837
0.701845
0.701852
0.701859
0.701866
0.701873
0.70188
0.701887
0.701894
0.701902
0.701909
0.701916
0.701923
0.701929
0.701936
0.701943
0.70195
0.701957
0.701964
0.701971
0.701978
0.701984
0.701991
0.701998
0.702005
0.702011
0.702018
0.702025
0.702032
0.702038
0.702045
0.702051
0.702058
0.702065
0.702071
0.702078
0.702084
0.702091
0.702097
0.702104
0.70211
0.702117
0.702123
0.702129
0.702136
0.702142
0.702148
0.702155
0.702161
0.702167
0.702174
0.70218
0.702186
0.702192
0.702198
0.702205
0.702211
0.702217
0.702223
0.702229
0.702235
0.702241
0.702247
0.702253
0.702259
0.702265
0.702271
0.702277
0.702283
0.702289
0.702295
0.702301
0.702307
0.702313
0.702319
0.702325
0.70233
0.702336
0.702342
0.702348
0.702353
0.702359
0.702365
0.702371
0.702376
0.702382
0.702388
0.702393
0.702399
0.702405
0.70241
0.702416
0.702421
0.702427
0.702432
0.702438
0.702443
0.702449
0.702454
0.70246
0.702465
0.702471
0.702476
0.702481
0.702487
0.702492
0.702498
0.702503
0.702508
0.702514
0.702519
0.702524
0.702529
0.702535
0.70254
0.702545
0.70255
0.702555
0.702561
0.702566
0.702571
0.702576
0.702581
0.702586
0.702591
0.702596
0.702602
0.702607
0.702612
0.702617
0.702622
0.702627
0.702632
0.702637
0.702642
0.702646
0.702651
0.702656
0.702661
0.702666
0.702671
0.702676
0.702681
0.702685
0.70269
0.702695
0.7027
0.702705
0.702709
0.702714
0.702719
0.702724
0.702728
0.702733
0.702738
0.702742
0.702747
0.702752
0.702756
0.702761
0.702766
0.70277
0.702775
0.702779
0.702784
0.702788
0.702793
0.702798
0.702802
0.702807
0.702811
0.702815
0.70282
0.702824
0.702829
0.702833
0.702838
0.702842
0.702846
0.702851
0.702855
0.70286
0.702864
0.702868
0.702873
0.702877
0.702881
0.702885
0.70289
0.702894
0.702898
0.702902
0.702907
0.702911
0.702915
0.702919
0.702923
0.702928
0.702932
0.702936
0.70294
0.702944
0.702948
0.702952
0.702956
0.702961
0.702965
0.702969
0.702973
0.702977
0.702981
0.702985
0.702989
0.702993
0.702997
0.703001
0.703005
0.703009
0.703013
0.703017
0.70302
0.703024
0.703028
0.703032
0.703036
0.70304
0.703044
0.703048
0.703051
0.703055
0.703059
0.703063
0.703067
0.70307
0.703074
0.703078
0.703082
0.703085
0.703089
0.703093
0.703097
0.7031
0.703104
0.703108
0.703111
0.703115
0.703119
0.703122
0.703126
0.70313
0.703133
0.703137
0.70314
0.703144
0.703148
0.703151
0.703155
0.703158
0.703162
0.703165
0.703169
0.703172
0.703176
0.703179
0.703183
0.703186
0.70319
0.703193
0.703197
0.7032
0.703204
0.703207
0.70321
0.703214
0.703217
0.703221
0.703224
0.703227
0.703231
0.703234
0.703237
0.703241
0.703244
0.703247
0.703251
0.703254
0.703257
0.703261
0.703264
0.703267
0.70327
0.703274
0.703277
0.70328
0.703283
0.703287
0.70329
0.703293
0.703296
0.703299
0.703302
0.703306
0.703309
0.703312
0.703315
0.703318
0.703321
0.703324
0.703328
0.703331
0.703334
0.703337
0.70334
0.703343
0.703346
0.703349
0.703352
0.703355
0.703358
0.703361
0.703364
0.703367
0.70337
0.703373
0.703376
0.703379
0.703382
0.703385
0.703388
0.703391
0.703394
0.703397
0.7034
0.703403
0.703406
0.703408
0.703411
0.703414
0.703417
0.70342
0.703423
0.703426
0.703428
0.703431
0.703434
0.703437
0.70344
0.703443
0.703445
0.703448
0.703451
0.703454
0.703457
0.703459
0.703462
0.703465
0.703468
0.70347
0.703473
0.703476
0.703478
0.703481
0.703484
0.703487
0.703489
0.703492
0.703495
0.703497
0.7035
0.703503
0.703505
0.703508
0.703511
0.703513
0.703516
0.703518
0.703521
0.703524
0.703526
0.703529
0.703531
0.703534
0.703537
0.703539
0.703542
0.703544
0.703547
0.703549
0.703552
0.703554
0.703557
0.703559
0.703562
0.703564
0.703567
0.703569
0.703572
0.703574
0.703577
0.703579
0.703582
0.703584
0.703587
0.703589
0.703591
0.703594
0.703596
0.703599
0.703601
0.703604
0.703606
0.703608
0.703611
0.703613
0.703615
0.703618
0.70362
0.703623
0.703625
0.703627
0.70363
0.703632
0.703634
0.703637
0.703639
0.703641
0.703643
0.703646
0.703648
0.70365
0.703653
0.703655
0.703657
0.703659
0.703662
0.703664
0.703666
0.703668
0.703671
0.703673
0.703675
0.703677
0.70368
0.703682
0.703684
0.703686
0.703688
0.703691
0.703693
0.703695
0.703697
0.703699
0.703701
0.703704
0.703706
0.703708
0.70371
0.703712
0.703714
0.703716
0.703719
0.703721
0.703723
0.703725
0.703727
0.703729
0.703731
0.703733
0.703735
0.703737
0.703739
0.703741
0.703744
0.703746
0.703748
0.70375
0.703752
0.703754
0.703756
0.703758
0.70376
0.703762
0.703764
0.703766
0.703768
0.70377
0.703772
0.703774
0.703776
0.703778
0.70378
0.703782
0.703784
0.703786
0.703788
0.703789
0.703791
0.703793
0.703795
0.703797
0.703799
0.703801
0.703803
0.703805
0.703807
0.703809
0.703811
0.703812
0.703814
0.703816
0.703818
0.70382
0.703822
0.703824
0.703826
0.703827
0.703829
0.703831
0.703833
0.703835
0.703837
0.703838
0.70384
0.703842
0.703844
0.703846
0.703848
0.703849
0.703851
0.703853
0.703855
0.703857
0.703858
0.70386
0.703862
0.703864
0.703865
0.703867
0.703869
0.703871
0.703872
0.703874
0.703876
0.703878
0.703879
0.703881
0.703883
0.703885
0.703886
0.703888
0.70389
0.703891
0.703893
0.703895
0.703896
0.703898
0.7039
0.703901
0.703903
0.703905
0.703907
0.703908
0.70391
0.703911
0.703913
0.703915
0.703916
0.703918
0.70392
0.703921
0.703923
0.703925
0.703926
0.703928
0.703929
0.703931
0.703933
0.703934
0.703936
0.703937
0.703939
0.703941
0.703942
0.703944
0.703945
0.703947
0.703949
0.70395
0.703952
0.703953
0.703955
0.703956
0.703958
0.703959
0.703961
0.703963
0.703964
0.703966
0.703967
0.703969
0.70397
0.703972
0.703973
0.703975
0.703976
0.703978
0.703979
0.703981
0.703982
0.703984
0.703985
0.703987
0.703988
0.70399
0.703991
0.703993
0.703994
0.703995
0.703997
0.703998
0.704
0.704001
0.704003
0.704004
0.704006
0.704007
0.704008
0.70401
0.704011
0.704013
0.704014
0.704016
0.704017
0.704018
0.70402
0.704021
0.704023
0.704024
0.704025
0.704027
0.704028
0.70403
0.704031
0.704032
0.704034
0.704035
0.704036
0.704038
0.704039
0.704041
0.704042
0.704043
0.704045
0.704046
0.704047
0.704049
0.70405
0.704051
0.704053
0.704054
0.704055
0.704057
0.704058
0.704059
0.704061
0.704062
0.704063
0.704065
0.704066
0.704067
0.704068
0.70407
0.704071
0.704072
0.704074
0.704075
0.704076
0.704077
0.704079
0.70408
0.704081
0.704082
0.704084
0.704085
0.704086
0.704088
0.704089
0.70409
0.704091
0.704093
0.704094
0.704095
0.704096
0.704097
0.704099
0.7041
0.704101
0.704102
0.704104
0.704105
0.704106
0.704107
0.704108
0.70411
0.704111
0.704112
0.704113
0.704114
0.704116
0.704117
0.704118
0.704119
0.70412
0.704122
0.704123
0.704124
0.704125
0.704126
0.704127
0.704129
0.70413
0.704131
0.704132
0.704133
0.704134
0.704136
0.704137
0.704138
0.704139
0.70414
0.704141
0.704142
0.704144
0.704145
0.704146
0.704147
0.704148
0.704149
0.70415
0.704151
0.704153
0.704154
0.704155
0.704156
0.704157
0.704158
0.704159
0.70416
0.704161
0.704162
0.704164
0.704165
0.704166
0.704167
0.704168
0.704169
0.70417
0.704171
0.704172
0.704173
0.704174
0.704175
0.704176
0.704177
0.704179
0.70418
0.704181
0.704182
0.704183
0.704184
0.704185
0.704186
0.704187
0.704188
0.704189
0.70419
0.704191
0.704192
0.704193
0.704194
0.704195
0.704196
0.704197
0.704198
0.704199
0.7042
0.704201
0.704202
0.704203
0.704204
0.704205
0.704206
0.704207
0.704208
0.704209
0.70421
0.704211
0.704212
0.704213
0.704214
0.704215
0.704216
0.704217
0.704218
0.704219
0.70422
0.704221
0.704222
0.704223
0.704224
0.704225
0.704226
0.704227
0.704228
0.704229
0.70423
0.704231
0.704232
0.704232
0.704233
0.704234
0.704235
0.704236
0.704237
0.704238
0.704239
0.70424
0.704241
0.704242
0.704243
0.704244
0.704245
0.704245
0.704246
0.704247
0.704248
0.704249
0.70425
0.704251
0.704252
0.704253
0.704254
0.704255
0.704255
0.704256
0.704257
0.704258
0.704259
0.70426
0.704261
0.704262
0.704263
0.704263
0.704264
0.704265
0.704266
0.704267
0.704268
0.704269
0.70427
0.70427
0.704271
0.704272
0.704273
0.704274
0.704275
0.704276
0.704276
0.704277
0.704278
0.704279
0.70428
0.704281
0.704282
0.704282
0.704283
0.704284
0.704285
0.704286
0.704287
0.704287
0.704288
0.704289
0.70429
0.704291
0.704292
0.704292
0.704293
0.704294
0.704295
0.704296
0.704296
0.704297
0.704298
0.704299
0.7043
0.7043
0.704301
0.704302
0.704303
0.704304
0.704304
0.704305
0.704306
0.704307
0.704308
0.704308
0.704309
0.70431
0.704311
0.704312
0.704312
0.704313
0.704314
0.704315
0.704315
0.704316
0.704317
0.704318
0.704319
0.704319
0.70432
0.704321
0.704322
0.704322
0.704323
0.704324
0.704325
0.704325
0.704326
0.704327
0.704328
0.704328
0.704329
0.70433
0.704331
0.704331
0.704332
0.704333
0.704334
0.704334
0.704335
0.704336
0.704337
0.704337
0.704338
0.704339
0.70434
0.70434
0.704341
0.704342
0.704342
0.704343
0.704344
0.704345
0.704345
0.704346
0.704347
0.704347
0.704348
0.704349
0.70435
0.70435
0.704351
0.704352
0.704352
0.704353
0.704354
0.704355
0.704355
0.704356
0.704357
0.704357
0.704358
0.704359
0.704359
0.70436
0.704361
0.704361
0.704362
0.704363
0.704363
0.704364
0.704365
0.704366
0.704366
0.704367
0.704368
0.704368
0.704369
0.70437
0.70437
0.704371
0.704372
0.704372
0.704373
0.704374
0.704374
0.704375
0.704376
0.704376
0.704377
0.704378
0.704378
0.704379
0.704379
0.70438
0.704381
0.704381
0.704382
0.704383
0.704383
0.704384
0.704385
0.704385
0.704386
0.704387
0.704387
0.704388
0.704388
0.704389
0.70439
0.70439
0.704391
0.704392
0.704392
0.704393
0.704394
0.704394
0.704395
0.704395
0.704396
0.704397
0.704397
0.704398
0.704398
0.704399
0.7044
0.7044
0.704401
0.704402
0.704402
0.704403
0.704403
0.704404
0.704405
0.704405
0.704406
0.704406
0.704407
0.704408
0.704408
0.704409
0.704409
0.70441
0.704411
0.704411
0.704412
0.704412
0.704413
0.704414
0.704414
0.704415
0.704415
0.704416
0.704416
0.704417
0.704418
0.704418
0.704419
0.704419
0.70442
0.70442
0.704421
0.704422
0.704422
0.704423
0.704423
0.704424
0.704424
0.704425
0.704426
0.704426
0.704427
0.704427
0.704428
0.704428
0.704429
0.70443
0.70443
0.704431
0.704431
0.704432
0.704432
0.704433
0.704433
0.704434
0.704435
0.704435
0.704436
0.704436
0.704437
0.704437
0.704438
0.704438
0.704439
0.704439
0.70444
0.704441
0.704441
0.704442
0.704442
0.704443
0.704443
0.704444
0.704444
0.704445
0.704445
0.704446
0.704446
0.704447
0.704447
0.704448
0.704449
0.704449
0.70445
0.70445
0.704451
0.704451
0.704452
0.704452
0.704453
0.704453
0.704454
0.704454
0.704455
0.704455
0.704456
0.704456
0.704457
0.704457
0.704458
0.704458
0.704459
0.704459
0.70446
0.70446
0.704461
0.704461
0.704462
0.704462
0.704463
0.704463
0.704464
0.704464
0.704465
0.704465
0.704466
0.704466
0.704467
0.704467
0.704468
0.704468
0.704469
0.704469
0.70447
0.70447
0.704471
0.704471
0.704472
0.704472
0.704473
0.704473
0.704474
0.704474
0.704475
0.704475
0.704476
0.704476
0.704476
0.704477
0.704477
0.704478
0.704478
0.704479
0.704479
0.70448
0.70448
0.704481
0.704481
0.704482
0.704482
0.704483
0.704483
0.704483
0.704484
0.704484
0.704485
0.704485
0.704486
0.704486
0.704487
0.704487
0.704488
0.704488
0.704489
0.704489
0.704489
0.70449
0.70449
0.704491
0.704491
0.704492
0.704492
0.704493
0.704493
0.704493
0.704494
0.704494
0.704495
0.704495
0.704496
0.704496
0.704497
0.704497
0.704497
0.704498
0.704498
0.704499
0.704499
0.7045
0.7045
0.704501
0.704501
0.704501
0.704502
0.704502
0.704503
0.704503
0.704504
0.704504
0.704504
0.704505
0.704505
0.704506
0.704506
0.704507
0.704507
0.704507
0.704508
0.704508
0.704509
0.704509
0.704509
0.70451
0.70451
0.704511
0.704511
0.704512
0.704512
0.704512
0.704513
0.704513
0.704514
0.704514
0.704514
0.704515
0.704515
0.704516
0.704516
0.704516
0.704517
0.704517
0.704518
0.704518
0.704519
0.704519
0.704519
0.70452
0.70452
0.704521
0.704521
0.704521
0.704522
0.704522
0.704523
0.704523
0.704523
0.704524
0.704524
0.704524
0.704525
0.704525
0.704526
0.704526
0.704526
0.704527
0.704527
0.704528
0.704528
0.704528
0.704529
0.704529
0.70453
0.70453
0.70453
0.704531
0.704531
0.704531
0.704532
0.704532
0.704533
0.704533
0.704533
0.704534
0.704534
0.704535
0.704535
0.704535
0.704536
0.704536
0.704536
0.704537
0.704537
0.704538
0.704538
0.704538
0.704539
0.704539
0.704539
0.70454
0.70454
0.70454
0.704541
0.704541
0.704542
0.704542
0.704542
0.704543
0.704543
0.704543
0.704544
0.704544
0.704544
0.704545
0.704545
0.704546
0.704546
0.704546
0.704547
0.704547
0.704547
0.704548
0.704548
0.704548
0.704549
0.704549
0.704549
0.70455
0.70455
0.704551
0.704551
0.704551
0.704552
0.704552
0.704552
0.704553
0.704553
0.704553
0.704554
0.704554
0.704554
0.704555
0.704555
0.704555
0.704556
0.704556
0.704556
0.704557
0.704557
0.704557
0.704558
0.704558
0.704558
0.704559
0.704559
0.70456
0.70456
0.70456
0.704561
0.704561
0.704561
0.704562
0.704562
0.704562
0.704563
0.704563
0.704563
0.704564
0.704564
0.704564
0.704565
0.704565
0.704565
0.704565
0.704566
0.704566
0.704566
0.704567
0.704567
0.704567
0.704568
0.704568
0.704568
0.704569
0.704569
0.704569
0.70457
0.70457
0.70457
0.704571
0.704571
0.704571
0.704572
0.704572
0.704572
0.704573
0.704573
0.704573
0.704574
0.704574
0.704574
0.704574
0.704575
0.704575
0.704575
0.704576
0.704576
0.704576
0.704577
0.704577
0.704577
0.704578
0.704578
0.704578
0.704579
0.704579
0.704579
0.704579
0.70458
0.70458
0.70458
0.704581
0.704581
0.704581
0.704582
0.704582
0.704582
0.704582
0.704583
0.704583
0.704583
0.704584
0.704584
0.704584
0.704585
0.704585
0.704585
0.704585
0.704586
0.704586
0.704586
0.704587
0.704587
0.704587
0.704588
0.704588
0.704588
0.704588
0.704589
0.704589
0.704589
0.70459
0.70459
0.70459
0.70459
0.704591
0.704591
0.704591
0.704592
0.704592
0.704592
0.704592
0.704593
0.704593
0.704593
0.704594
0.704594
0.704594
0.704594
0.704595
0.704595
0.704595
0.704596
0.704596
0.704596
0.704596
0.704597
0.704597
0.704597
0.704598
0.704598
0.704598
0.704598
0.704599
0.704599
0.704599
0.7046
0.7046
0.7046
0.7046
0.704601
0.704601
0.704601
0.704601
0.704602
0.704602
0.704602
0.704603
0.704603
0.704603
0.704603
0.704604
0.704604
0.704604
0.704604
0.704605
0.704605
0.704605
0.704606
0.704606
0.704606
0.704606
0.704607
0.704607
0.704607
0.704607
0.704608
0.704608
0.704608
0.704608
0.704609
0.704609
0.704609
0.704609
0.70461
0.70461
0.70461
0.704611
0.704611
0.704611
0.704611
0.704612
0.704612
0.704612
0.704612
0.704613
0.704613
0.704613
0.704613
0.704614
0.704614
0.704614
0.704614
0.704615
0.704615
0.704615
0.704615
0.704616
0.704616
0.704616
0.704616
0.704617
0.704617
0.704617
0.704617
0.704618
0.704618
0.704618
0.704618
0.704619
0.704619
0.704619
0.704619
0.70462
0.70462
0.70462
0.70462
0.704621
0.704621
0.704621
0.704621
0.704622
0.704622
0.704622
0.704622
0.704623
0.704623
0.704623
0.704623
0.704624
0.704624
0.704624
0.704624
0.704625
0.704625
0.704625
0.704625
0.704625
0.704626
0.704626
0.704626
0.704626
0.704627
0.704627
0.704627
0.704627
0.704628
0.704628
0.704628
0.704628
0.704629
0.704629
0.704629
0.704629
0.70463
0.70463
0.70463
0.70463
0.70463
0.704631
0.704631
0.704631
0.704631
0.704632
0.704632
0.704632
0.704632
0.704633
0.704633
0.704633
0.704633
0.704633
0.704634
0.704634
0.704634
0.704634
0.704635
0.704635
0.704635
0.704635
0.704635
0.704636
0.704636
0.704636
0.704636
0.704637
0.704637
0.704637
0.704637
0.704637
0.704638
0.704638
0.704638
0.704638
0.704639
0.704639
0.704639
0.704639
0.704639
0.70464
0.70464
0.70464
0.70464
0.704641
0.704641
0.704641
0.704641
0.704641
0.704642
0.704642
0.704642
0.704642
0.704642
0.704643
0.704643
0.704643
0.704643
0.704644
0.704644
0.704644
0.704644
0.704644
0.704645
0.704645
0.704645
0.704645
0.704645
0.704646
0.704646
0.704646
0.704646
0.704647
0.704647
0.704647
0.704647
0.704647
0.704648
0.704648
0.704648
0.704648
0.704648
0.704649
0.704649
0.704649
0.704649
0.704649
0.70465
0.70465
0.70465
0.70465
0.70465
0.704651
0.704651
0.704651
0.704651
0.704651
0.704652
0.704652
0.704652
0.704652
0.704653
0.704653
0.704653
0.704653
0.704653
0.704654
0.704654
0.704654
0.704654
0.704654
0.704655
0.704655
0.704655
0.704655
0.704655
0.704656
0.704656
0.704656
0.704656
0.704656
0.704656
0.704657
0.704657
0.704657
0.704657
0.704657
0.704658
0.704658
0.704658
0.704658
0.704658
0.704659
0.704659
0.704659
0.704659
0.704659
0.70466
0.70466
0.70466
0.70466
0.70466
0.704661
0.704661
0.704661
0.704661
0.704661
0.704662
0.704662
0.704662
0.704662
0.704662
0.704662
0.704663
0.704663
0.704663
0.704663
0.704663
0.704664
0.704664
0.704664
0.704664
0.704664
0.704665
0.704665
0.704665
0.704665
0.704665
0.704665
0.704666
0.704666
0.704666
0.704666
0.704666
0.704667
0.704667
0.704667
0.704667
0.704667
0.704667
0.704668
0.704668
0.704668
0.704668
0.704668
0.704669
0.704669
0.704669
0.704669
0.704669
0.704669
0.70467
0.70467
0.70467
0.70467
0.70467
0.704671
0.704671
0.704671
0.704671
0.704671
0.704671
0.704672
0.704672
0.704672
0.704672
0.704672
0.704672
0.704673
0.704673
0.704673
0.704673
0.704673
0.704674
0.704674
0.704674
0.704674
0.704674
0.704674
0.704675
0.704675
0.704675
0.704675
0.704675
0.704675
0.704676
0.704676
0.704676
0.704676
0.704676
0.704676
0.704677
0.704677
0.704677
0.704677
0.704677
0.704677
0.704678
0.704678
0.704678
0.704678
0.704678
0.704678
0.704679
0.704679
0.704679
0.704679
0.704679
0.704679
0.70468
0.70468
0.70468
0.70468
0.70468
0.70468
0.704681
0.704681
0.704681
0.704681
0.704681
0.704681
0.704682
0.704682
0.704682
0.704682
0.704682
0.704682
0.704683
0.704683
0.704683
0.704683
0.704683
0.704683
0.704684
0.704684
0.704684
0.704684
0.704684
0.704684
0.704685
0.704685
0.704685
0.704685
0.704685
0.704685
0.704686
0.704686
0.704686
0.704686
0.704686
0.704686
0.704686
0.704687
0.704687
0.704687
0.704687
0.704687
0.704687
0.704688
0.704688
0.704688
0.704688
0.704688
0.704688
0.704689
0.704689
0.704689
0.704689
0.704689
0.704689
0.704689
0.70469
0.70469
0.70469
0.70469
0.70469
0.70469
0.704691
0.704691
0.704691
0.704691
0.704691
0.704691
0.704691
0.704692
0.704692
0.704692
0.704692
0.704692
0.704692
0.704693
0.704693
0.704693
0.704693
0.704693
0.704693
0.704693
0.704694
0.704694
0.704694
0.704694
0.704694
0.704694
0.704694
0.704695
0.704695
0.704695
0.704695
0.704695
0.704695
0.704696
0.704696
0.704696
0.704696
0.704696
0.704696
0.704696
0.704697
0.704697
0.704697
0.704697
0.704697
0.704697
0.704697
0.704698
0.704698
0.704698
0.704698
0.704698
0.704698
0.704698
0.704699
0.704699
0.704699
0.704699
0.704699
0.704699
0.704699
0.7047
0.7047
0.7047
0.7047
0.7047
0.7047
0.7047
0.704701
0.704701
0.704701
0.704701
0.704701
0.704701
0.704701
0.704702
0.704702
0.704702
0.704702
0.704702
0.704702
0.704702
0.704703
0.704703
0.704703
0.704703
0.704703
0.704703
0.704703
0.704703
0.704704
0.704704
0.704704
0.704704
0.704704
0.704704
0.704704
0.704705
0.704705
0.704705
0.704705
0.704705
0.704705
0.704705
0.704706
0.704706
0.704706
0.704706
0.704706
0.704706
0.704706
0.704706
0.704707
0.704707
0.704707
0.704707
0.704707
0.704707
0.704707
0.704708
0.704708
0.704708
0.704708
0.704708
0.704708
0.704708
0.704708
0.704709
0.704709
0.704709
0.704709
0.704709
0.704709
0.704709
0.70471
0.70471
0.70471
0.70471
0.70471
0.70471
0.70471
0.70471
0.704711
0.704711
0.704711
0.704711
0.704711
0.704711
0.704711
0.704711
0.704712
0.704712
0.704712
0.704712
0.704712
0.704712
0.704712
0.704713
0.704713
0.704713
0.704713
0.704713
0.704713
0.704713
0.704713
0.704714
0.704714
0.704714
0.704714
0.704714
0.704714
0.704714
0.704714
0.704715
0.704715
0.704715
0.704715
0.704715
0.704715
0.704715
0.704715
0.704716
0.704716
0.704716
0.704716
0.704716
0.704716
0.704716
0.704716
0.704717
0.704717
0.704717
0.704717
0.704717
0.704717
0.704717
0.704717
0.704718
0.704718
0.704718
0.704718
0.704718
0.704718
0.704718
0.704718
0.704718
0.704719
0.704719
0.704719
0.704719
0.704719
0.704719
0.704719
0.704719
0.70472
0.70472
0.70472
0.70472
0.70472
0.70472
0.70472
0.70472
0.704721
0.704721
0.704721
0.704721
0.704721
0.704721
0.704721
0.704721
0.704721
0.704722
0.704722
0.704722
0.704722
0.704722
0.704722
0.704722
0.704722
0.704723
0.704723
0.704723
0.704723
0.704723
0.704723
0.704723
0.704723
0.704723
0.704724
0.704724
0.704724
0.704724
0.704724
0.704724
0.704724
0.704724
0.704724
0.704725
0.704725
0.704725
0.704725
0.704725
0.704725
0.704725
0.704725
0.704726
0.704726
0.704726
0.704726
0.704726
0.704726
0.704726
0.704726
0.704726
0.704727
0.704727
0.704727
0.704727
0.704727
0.704727
0.704727
0.704727
0.704727
0.704728
0.704728
0.704728
0.704728
0.704728
0.704728
0.704728
0.704728
0.704728
0.704729
0.704729
0.704729
0.704729
0.704729
0.704729
0.704729
0.704729
0.704729
0.70473
0.70473
0.70473
0.70473
0.70473
0.70473
0.70473
0.70473
0.70473
0.70473
0.704731
0.704731
0.704731
0.704731
0.704731
0.704731
0.704731
0.704731
0.704731
0.704732
0.704732
0.704732
0.704732
0.704732
0.704732
0.704732
0.704732
0.704732
0.704733
0.704733
0.704733
0.704733
0.704733
0.704733
0.704733
0.704733
0.704733
0.704733
0.704734
0.704734
0.704734
0.704734
0.704734
0.704734
0.704734
0.704734
0.704734
0.704734
0.704735
0.704735
0.704735
0.704735
0.704735
0.704735
0.704735
0.704735
0.704735
0.704736
0.704736
0.704736
0.704736
0.704736
0.704736
0.704736
0.704736
0.704736
0.704736
0.704737
0.704737
0.704737
0.704737
0.704737
0.704737
0.704737
0.704737
0.704737
0.704737
0.704738
0.704738
0.704738
0.704738
0.704738
0.704738
0.704738
0.704738
0.704738
0.704738
0.704739
0.704739
0.704739
0.704739
0.704739
0.704739
0.704739
0.704739
0.704739
0.704739
0.70474
0.70474
0.70474
0.70474
0.70474
0.70474
0.70474
0.70474
0.70474
0.70474
0.704741
0.704741
0.704741
0.704741
0.704741
0.704741
0.704741
0.704741
0.704741
0.704741
0.704742
0.704742
0.704742
0.704742
0.704742
0.704742
0.704742
0.704742
0.704742
0.704742
0.704742
0.704743
0.704743
0.704743
0.704743
0.704743
0.704743
0.704743
0.704743
0.704743
0.704743
0.704744
0.704744
0.704744
0.704744
0.704744
0.704744
0.704744
0.704744
0.704744
0.704744
0.704744
0.704745
0.704745
0.704745
0.704745
0.704745
0.704745
0.704745
0.704745
0.704745
0.704745
0.704745
0.704746
0.704746
0.704746
0.704746
0.704746
0.704746
0.704746
0.704746
0.704746
0.704746
0.704746
0.704747
0.704747
0.704747
0.704747
0.704747
0.704747
0.704747
0.704747
0.704747
0.704747
0.704747
0.704748
0.704748
0.704748
0.704748
0.704748
0.704748
0.704748
0.704748
0.704748
0.704748
0.704748
0.704749
0.704749
0.704749
0.704749
0.704749
0.704749
0.704749
0.704749
0.704749
0.704749
0.704749
0.70475
0.70475
0.70475
0.70475
0.70475
0.70475
0.70475
0.70475
0.70475
0.70475
0.70475
0.704751
0.704751
0.704751
0.704751
0.704751
0.704751
0.704751
0.704751
0.704751
0.704751
0.704751
0.704751
0.704752
0.704752
0.704752
0.704752
0.704752
0.704752
0.704752
0.704752
0.704752
0.704752
0.704752
0.704753
0.704753
0.704753
0.704753
0.704753
0.704753
0.704753
0.704753
0.704753
0.704753
0.704753
0.704753
0.704754
0.704754
0.704754
0.704754
0.704754
0.704754
0.704754
0.704754
0.704754
0.704754
0.704754
0.704754
0.704755
0.704755
0.704755
0.704755
0.704755
0.704755
0.704755
0.704755
0.704755
0.704755
0.704755
0.704755
0.704756
0.704756
0.704756
0.704756
0.704756
0.704756
0.704756
0.704756
0.704756
0.704756
0.704756
0.704756
0.704757
0.704757
0.704757
0.704757
0.704757
0.704757
0.704757
0.704757
0.704757
0.704757
0.704757
0.704757
0.704757
0.704758
0.704758
0.704758
0.704758
0.704758
0.704758
0.704758
0.704758
0.704758
0.704758
0.704758
0.704758
0.704759
0.704759
0.704759
0.704759
0.704759
0.704759
0.704759
0.704759
0.704759
0.704759
0.704759
0.704759
0.704759
0.70476
0.70476
0.70476
0.70476
0.70476
0.70476
0.70476
0.70476
0.70476
0.70476
0.70476
0.70476
0.704761
0.704761
0.704761
0.704761
0.704761
0.704761
0.704761
0.704761
0.704761
0.704761
0.704761
0.704761
0.704761
0.704762
0.704762
0.704762
0.704762
0.704762
0.704762
0.704762
0.704762
0.704762
0.704762
0.704762
0.704762
0.704762
0.704763
0.704763
0.704763
0.704763
0.704763
0.704763
0.704763
0.704763
0.704763
0.704763
0.704763
0.704763
0.704763
0.704764
0.704764
0.704764
0.704764
0.704764
0.704764
0.704764
0.704764
0.704764
0.704764
0.704764
0.704764
0.704764
0.704764
0.704765
0.704765
0.704765
0.704765
0.704765
0.704765
0.704765
0.704765
0.704765
0.704765
0.704765
0.704765
0.704765
0.704766
0.704766
0.704766
0.704766
0.704766
0.704766
0.704766
0.704766
0.704766
0.704766
0.704766
0.704766
0.704766
0.704766
0.704767
0.704767
0.704767
0.704767
0.704767
0.704767
0.704767
0.704767
0.704767
0.704767
0.704767
0.704767
0.704767
0.704767
0.704768
0.704768
0.704768
0.704768
0.704768
0.704768
0.704768
0.704768
0.704768
0.704768
0.704768
0.704768
0.704768
0.704768
0.704769
0.704769
0.704769
0.704769
0.704769
0.704769
0.704769
0.704769
0.704769
0.704769
0.704769
0.704769
0.704769
0.704769
0.70477
0.70477
0.70477
0.70477
0.70477
0.70477
0.70477
0.70477
0.70477
0.70477
0.70477
0.70477
0.70477
0.70477
0.70477
0.704771
0.704771
0.704771
0.704771
0.704771
0.704771
0.704771
0.704771
0.704771
0.704771
0.704771
0.704771
0.704771
0.704771
0.704772
0.704772
0.704772
0.704772
0.704772
0.704772
0.704772
0.704772
0.704772
0.704772
0.704772
0.704772
0.704772
0.704772
0.704772
0.704773
0.704773
0.704773
0.704773
0.704773
0.704773
0.704773
0.704773
0.704773
0.704773
0.704773
0.704773
0.704773
0.704773
0.704773
0.704774
0.704774
0.704774
0.704774
0.704774
0.704774
0.704774
0.704774
0.704774
0.704774
0.704774
0.704774
0.704774
0.704774
0.704774
0.704775
0.704775
0.704775
0.704775
0.704775
0.704775
0.704775
0.704775
0.704775
0.704775
0.704775
0.704775
0.704775
0.704775
0.704775
0.704776
0.704776
0.704776
0.704776
0.704776
0.704776
0.704776
0.704776
0.704776
0.704776
0.704776
0.704776
0.704776
0.704776
0.704776
0.704776
0.704777
0.704777
0.704777
0.704777
0.704777
0.704777
0.704777
0.704777
0.704777
0.704777
0.704777
0.704777
0.704777
0.704777
0.704777
0.704777
0.704778
0.704778
0.704778
0.704778
0.704778
0.704778
0.704778
0.704778
0.704778
0.704778
0.704778
0.704778
0.704778
0.704778
0.704778
0.704778
0.704779
0.704779
0.704779
0.704779
0.704779
0.704779
0.704779
0.704779
0.704779
0.704779
0.704779
0.704779
0.704779
0.704779
0.704779
0.704779
0.70478
0.70478
0.70478
0.70478
0.70478
0.70478
0.70478
0.70478
0.70478
0.70478
0.70478
0.70478
0.70478
0.70478
0.70478
0.70478
0.704781
0.704781
0.704781
0.704781
0.704781
0.704781
0.704781
0.704781
0.704781
0.704781
0.704781
0.704781
0.704781
0.704781
0.704781
0.704781
0.704781
0.704782
0.704782
0.704782
0.704782
0.704782
0.704782
0.704782
0.704782
0.704782
0.704782
0.704782
0.704782
0.704782
0.704782
0.704782
0.704782
0.704782
0.704783
0.704783
0.704783
0.704783
0.704783
0.704783
0.704783
0.704783
0.704783
0.704783
0.704783
0.704783
0.704783
0.704783
0.704783
0.704783
0.704783
0.704784
0.704784
0.704784
0.704784
0.704784
0.704784
0.704784
0.704784
0.704784
0.704784
0.704784
0.704784
0.704784
0.704784
0.704784
0.704784
0.704784
0.704785
0.704785
0.704785
0.704785
0.704785
0.704785
0.704785
0.704785
0.704785
0.704785
0.704785
0.704785
0.704785
0.704785
0.704785
0.704785
0.704785
0.704785
0.704786
0.704786
0.704786
0.704786
0.704786
0.704786
0.704786
0.704786
0.704786
0.704786
0.704786
0.704786
0.704786
0.704786
0.704786
0.704786
0.704786
0.704786
0.704787
0.704787
0.704787
0.704787
0.704787
0.704787
0.704787
0.704787
0.704787
0.704787
0.704787
0.704787
0.704787
0.704787
0.704787
0.704787
0.704787
0.704787
0.704788
0.704788
0.704788
0.704788
0.704788
0.704788
0.704788
0.704788
0.704788
0.704788
0.704788
0.704788
0.704788
0.704788
0.704788
0.704788
0.704788
0.704788
0.704789
0.704789
0.704789
0.704789
0.704789
0.704789
0.704789
0.704789
0.704789
0.704789
0.704789
0.704789
0.704789
0.704789
0.704789
0.704789
0.704789
0.704789
0.704789
0.70479
0.70479
0.70479
0.70479
0.70479
0.70479
0.70479
0.70479
0.70479
0.70479
0.70479
0.70479
0.70479
0.70479
0.70479
0.70479
0.70479
0.70479
0.70479
0.704791
0.704791
0.704791
0.704791
0.704791
0.704791
0.704791
0.704791
0.704791
0.704791
0.704791
0.704791
0.704791
0.704791
0.704791
0.704791
0.704791
0.704791
0.704791
0.704792
0.704792
0.704792
0.704792
0.704792
0.704792
0.704792
0.704792
0.704792
0.704792
0.704792
0.704792
0.704792
0.704792
0.704792
0.704792
0.704792
0.704792
0.704792
0.704793
0.704793
0.704793
0.704793
0.704793
0.704793
0.704793
0.704793
0.704793
0.704793
0.704793
0.704793
0.704793
0.704793
0.704793
0.704793
0.704793
0.704793
0.704793
0.704793
0.704794
0.704794
0.704794
0.704794
0.704794
0.704794
0.704794
0.704794
0.704794
0.704794
0.704794
0.704794
0.704794
0.704794
0.704794
0.704794
0.704794
0.704794
0.704794
0.704794
0.704795
0.704795
0.704795
0.704795
0.704795
0.704795
0.704795
0.704795
0.704795
0.704795
0.704795
0.704795
0.704795
0.704795
0.704795
0.704795
0.704795
0.704795
0.704795
0.704795
0.704796
0.704796
0.704796
0.704796
0.704796
0.704796
0.704796
0.704796
0.704796
0.704796
0.704796
0.704796
0.704796
0.704796
0.704796
0.704796
0.704796
0.704796
0.704796
0.704796
0.704796
0.704797
0.704797
0.704797
0.704797
0.704797
0.704797
0.704797
0.704797
0.704797
0.704797
0.704797
0.704797
0.704797
0.704797
0.704797
0.704797
0.704797
0.704797
0.704797
0.704797
0.704797
0.704798
0.704798
0.704798
0.704798
0.704798
0.704798
0.704798
0.704798
0.704798
0.704798
0.704798
0.704798
0.704798
0.704798
0.704798
0.704798
0.704798
0.704798
0.704798
0.704798
0.704798
0.704799
0.704799
0.704799
0.704799
0.704799
0.704799
0.704799
0.704799
0.704799
0.704799
0.704799
0.704799
0.704799
0.704799
0.704799
0.704799
0.704799
0.704799
0.704799
0.704799
0.704799
0.704799
0.7048
0.7048
0.7048
0.7048
0.7048
0.7048
0.7048
0.7048
0.7048
0.7048
0.7048
0.7048
0.7048
0.7048
0.7048
0.7048
0.7048
0.7048
0.7048
0.7048
0.7048
0.7048
0.704801
0.704801
0.704801
0.704801
0.704801
0.704801
0.704801
0.704801
0.704801
0.704801
0.704801
0.704801
0.704801
0.704801
0.704801
0.704801
0.704801
0.704801
0.704801
0.704801
0.704801
0.704801
0.704802
0.704802
0.704802
0.704802
0.704802
0.704802
0.704802
0.704802
0.704802
0.704802
0.704802
0.704802
0.704802
0.704802
0.704802
0.704802
0.704802
0.704802
0.704802
0.704802
0.704802
0.704802
0.704802
0.704803
0.704803
0.704803
0.704803
0.704803
0.704803
0.704803
0.704803
0.704803
0.704803
0.704803
0.704803
0.704803
0.704803
0.704803
0.704803
0.704803
0.704803
0.704803
0.704803
0.704803
0.704803
0.704803
0.704804
0.704804
0.704804
0.704804
0.704804
0.704804
0.704804
0.704804
0.704804
0.704804
0.704804
0.704804
0.704804
0.704804
0.704804
0.704804
0.704804
0.704804
0.704804
0.704804
0.704804
0.704804
0.704804
0.704804
0.704805
0.704805
0.704805
0.704805
0.704805
0.704805
0.704805
0.704805
0.704805
0.704805
0.704805
0.704805
0.704805
0.704805
0.704805
0.704805
0.704805
0.704805
0.704805
0.704805
0.704805
0.704805
0.704805
0.704806
0.704806
0.704806
0.704806
0.704806
0.704806
0.704806
0.704806
0.704806
0.704806
0.704806
0.704806
0.704806
0.704806
0.704806
0.704806
0.704806
0.704806
0.704806
0.704806
0.704806
0.704806
0.704806
0.704806
0.704806
0.704807
0.704807
0.704807
0.704807
0.704807
0.704807
0.704807
0.704807
0.704807
0.704807
0.704807
0.704807
0.704807
0.704807
0.704807
0.704807
0.704807
0.704807
0.704807
0.704807
0.704807
0.704807
0.704807
0.704807
0.704808
0.704808
0.704808
0.704808
0.704808
0.704808
0.704808
0.704808
0.704808
0.704808
0.704808
0.704808
0.704808
0.704808
0.704808
0.704808
0.704808
0.704808
0.704808
0.704808
0.704808
0.704808
0.704808
0.704808
0.704808
0.704809
0.704809
0.704809
0.704809
0.704809
0.704809
0.704809
0.704809
0.704809
0.704809
0.704809
0.704809
0.704809
0.704809
0.704809
0.704809
0.704809
0.704809
0.704809
0.704809
0.704809
0.704809
0.704809
0.704809
0.704809
0.704809
0.70481
0.70481
0.70481
0.70481
0.70481
0.70481
0.70481
0.70481
0.70481
0.70481
0.70481
0.70481
0.70481
0.70481
0.70481
0.70481
0.70481
0.70481
0.70481
0.70481
0.70481
0.70481
0.70481
0.70481
0.70481
0.70481
0.704811
0.704811
0.704811
0.704811
0.704811
0.704811
0.704811
0.704811
0.704811
0.704811
0.704811
0.704811
0.704811
0.704811
0.704811
0.704811
0.704811
0.704811
0.704811
0.704811
0.704811
0.704811
0.704811
0.704811
0.704811
0.704811
0.704812
0.704812
0.704812
0.704812
0.704812
0.704812
0.704812
0.704812
0.704812
0.704812
0.704812
0.704812
0.704812
0.704812
0.704812
0.704812
0.704812
0.704812
0.704812
0.704812
0.704812
0.704812
0.704812
0.704812
0.704812
0.704812
0.704812
0.704813
0.704813
0.704813
0.704813
0.704813
0.704813
0.704813
0.704813
0.704813
0.704813
0.704813
0.704813
0.704813
0.704813
0.704813
0.704813
0.704813
0.704813
0.704813
0.704813
0.704813
0.704813
0.704813
0.704813
0.704813
0.704813
0.704813
0.704814
0.704814
0.704814
0.704814
0.704814
0.704814
0.704814
0.704814
0.704814
0.704814
0.704814
0.704814
0.704814
0.704814
0.704814
0.704814
0.704814
0.704814
0.704814
0.704814
0.704814
0.704814
0.704814
0.704814
0.704814
0.704814
0.704814
0.704814
0.704815
0.704815
0.704815
0.704815
0.704815
0.704815
0.704815
0.704815
0.704815
0.704815
0.704815
0.704815
0.704815
0.704815
0.704815
0.704815
0.704815
0.704815
0.704815
0.704815
0.704815
0.704815
0.704815
0.704815
0.704815
0.704815
0.704815
0.704815
0.704816
0.704816
0.704816
0.704816
0.704816
0.704816
0.704816
0.704816
0.704816
0.704816
0.704816
0.704816
0.704816
0.704816
0.704816
0.704816
0.704816
0.704816
0.704816
0.704816
0.704816
0.704816
0.704816
0.704816
0.704816
0.704816
0.704816
0.704816
0.704816
0.704817
0.704817
0.704817
0.704817
0.704817
0.704817
0.704817
0.704817
0.704817
0.704817
0.704817
0.704817
0.704817
0.704817
0.704817
0.704817
0.704817
0.704817
0.704817
0.704817
0.704817
0.704817
0.704817
0.704817
0.704817
0.704817
0.704817
0.704817
0.704817
0.704818
0.704818
0.704818
0.704818
0.704818
0.704818
0.704818
0.704818
0.704818
0.704818
0.704818
0.704818
0.704818
0.704818
0.704818
0.704818
0.704818
0.704818
0.704818
0.704818
0.704818
0.704818
0.704818
0.704818
0.704818
0.704818
0.704818
0.704818
0.704818
0.704818
0.704819
0.704819
0.704819
0.704819
0.704819
0.704819
0.704819
0.704819
0.704819
0.704819
0.704819
0.704819
0.704819
0.704819
0.704819
0.704819
0.704819
0.704819
0.704819
0.704819
0.704819
0.704819
0.704819
0.704819
0.704819
0.704819
0.704819
0.704819
0.704819
0.704819
0.704819
0.70482
0.70482
0.70482
0.70482
0.70482
0.70482
0.70482
0.70482
0.70482
0.70482
0.70482
0.70482
0.70482
0.70482
0.70482
0.70482
0.70482
0.70482
0.70482
0.70482
0.70482
0.70482
0.70482
0.70482
0.70482
0.70482
0.70482
0.70482
0.70482
0.70482
0.70482
0.704821
0.704821
0.704821
0.704821
0.704821
0.704821
0.704821
0.704821
0.704821
0.704821
0.704821
0.704821
0.704821
0.704821
0.704821
0.704821
0.704821
0.704821
0.704821
0.704821
0.704821
0.704821
0.704821
0.704821
0.704821
0.704821
0.704821
0.704821
0.704821
0.704821
0.704821
0.704822
0.704822
0.704822
0.704822
0.704822
0.704822
0.704822
0.704822
0.704822
0.704822
0.704822
0.704822
0.704822
0.704822
0.704822
0.704822
0.704822
0.704822
0.704822
0.704822
0.704822
0.704822
0.704822
0.704822
0.704822
0.704822
0.704822
0.704822
0.704822
0.704822
0.704822
0.704822
0.704823
0.704823
0.704823
0.704823
0.704823
0.704823
0.704823
0.704823
0.704823
0.704823
0.704823
0.704823
0.704823
0.704823
0.704823
0.704823
0.704823
0.704823
0.704823
0.704823
0.704823
0.704823
0.704823
0.704823
0.704823
0.704823
0.704823
0.704823
0.704823
0.704823
0.704823
0.704823
0.704823
0.704824
0.704824
0.704824
0.704824
0.704824
0.704824
0.704824
0.704824
0.704824
0.704824
0.704824
0.704824
0.704824
0.704824
0.704824
0.704824
0.704824
0.704824
0.704824
0.704824
0.704824
0.704824
0.704824
0.704824
0.704824
0.704824
0.704824
0.704824
0.704824
0.704824
0.704824
0.704824
0.704824
0.704825
0.704825
0.704825
0.704825
0.704825
0.704825
0.704825
0.704825
0.704825
0.704825
0.704825
0.704825
0.704825
0.704825
0.704825
0.704825
0.704825
0.704825
0.704825
0.704825
0.704825
0.704825
0.704825
0.704825
0.704825
0.704825
0.704825
0.704825
0.704825
0.704825
0.704825
0.704825
0.704825
0.704825
0.704826
0.704826
0.704826
0.704826
0.704826
0.704826
0.704826
0.704826
0.704826
0.704826
0.704826
0.704826
0.704826
0.704826
0.704826
0.704826
0.704826
0.704826
0.704826
0.704826
0.704826
0.704826
0.704826
0.704826
0.704826
0.704826
0.704826
0.704826
0.704826
0.704826
0.704826
0.704826
0.704826
0.704826
0.704826
0.704827
0.704827
0.704827
0.704827
0.704827
0.704827
0.704827
0.704827
0.704827
0.704827
0.704827
0.704827
0.704827
0.704827
0.704827
0.704827
0.704827
0.704827
0.704827
0.704827
0.704827
0.704827
0.704827
0.704827
0.704827
0.704827
0.704827
0.704827
0.704827
0.704827
0.704827
0.704827
0.704827
0.704827
0.704827
0.704827
0.704828
0.704828
0.704828
0.704828
0.704828
0.704828
0.704828
0.704828
0.704828
0.704828
0.704828
0.704828
0.704828
0.704828
0.704828
0.704828
0.704828
0.704828
0.704828
0.704828
0.704828
0.704828
0.704828
0.704828
0.704828
0.704828
0.704828
0.704828
0.704828
0.704828
0.704828
0.704828
0.704828
0.704828
0.704828
0.704828
0.704829
0.704829
0.704829
0.704829
0.704829
0.704829
0.704829
0.704829
0.704829
0.704829
0.704829
0.704829
0.704829
0.704829
0.704829
0.704829
0.704829
0.704829
0.704829
0.704829
0.704829
0.704829
0.704829
0.704829
0.704829
0.704829
0.704829
0.704829
0.704829
0.704829
0.704829
0.704829
0.704829
0.704829
0.704829
0.704829
0.704829
0.70483
0.70483
0.70483
0.70483
0.70483
0.70483
0.70483
0.70483
0.70483
0.70483
0.70483
0.70483
0.70483
0.70483
0.70483
0.70483
0.70483
0.70483
0.70483
0.70483
0.70483
0.70483
0.70483
0.70483
0.70483
0.70483
0.70483
0.70483
0.70483
0.70483
0.70483
0.70483
0.70483
0.70483
0.70483
0.70483
0.70483
0.704831
0.704831
0.704831
0.704831
0.704831
0.704831
0.704831
0.704831
0.704831
0.704831
0.704831
0.704831
0.704831
0.704831
0.704831
0.704831
0.704831
0.704831
0.704831
0.704831
0.704831
0.704831
0.704831
0.704831
0.704831
0.704831
0.704831
0.704831
0.704831
0.704831
0.704831
0.704831
0.704831
0.704831
0.704831
0.704831
0.704831
0.704831
0.704831
0.704832
0.704832
0.704832
0.704832
0.704832
0.704832
0.704832
0.704832
0.704832
0.704832
0.704832
0.704832
0.704832
0.704832
0.704832
0.704832
0.704832
0.704832
0.704832
0.704832
0.704832
0.704832
0.704832
0.704832
0.704832
0.704832
0.704832
0.704832
0.704832
0.704832
0.704832
0.704832
0.704832
0.704832
0.704832
0.704832
0.704832
0.704832
0.704832
0.704833
0.704833
0.704833
0.704833
0.704833
0.704833
0.704833
0.704833
0.704833
0.704833
0.704833
0.704833
0.704833
0.704833
0.704833
0.704833
0.704833
0.704833
0.704833
0.704833
0.704833
0.704833
0.704833
0.704833
0.704833
0.704833
0.704833
0.704833
0.704833
0.704833
0.704833
0.704833
0.704833
0.704833
0.704833
0.704833
0.704833
0.704833
0.704833
0.704833
0.704834
0.704834
0.704834
0.704834
0.704834
0.704834
0.704834
0.704834
0.704834
0.704834
0.704834
0.704834
0.704834
0.704834
0.704834
0.704834
0.704834
0.704834
0.704834
0.704834
0.704834
0.704834
0.704834
0.704834
0.704834
0.704834
0.704834
0.704834
0.704834
0.704834
0.704834
0.704834
0.704834
0.704834
0.704834
0.704834
0.704834
0.704834
0.704834
0.704834
0.704834
0.704835
0.704835
0.704835
0.704835
0.704835
0.704835
0.704835
0.704835
0.704835
0.704835
0.704835
0.704835
0.704835
0.704835
0.704835
0.704835
0.704835
0.704835
0.704835
0.704835
0.704835
0.704835
0.704835
0.704835
0.704835
0.704835
0.704835
0.704835
0.704835
0.704835
0.704835
0.704835
0.704835
0.704835
0.704835
0.704835
0.704835
0.704835
0.704835
0.704835
0.704835
0.704836
0.704836
0.704836
0.704836
0.704836
0.704836
0.704836
0.704836
0.704836
0.704836
0.704836
0.704836
0.704836
0.704836
0.704836
0.704836
0.704836
0.704836
0.704836
0.704836
0.704836
0.704836
0.704836
0.704836
0.704836
0.704836
0.704836
0.704836
0.704836
0.704836
0.704836
0.704836
0.704836
0.704836
0.704836
0.704836
0.704836
0.704836
0.704836
0.704836
0.704836
0.704836
0.704836
0.704837
0.704837
0.704837
0.704837
0.704837
0.704837
0.704837
0.704837
0.704837
0.704837
0.704837
0.704837
0.704837
0.704837
0.704837
0.704837
0.704837
0.704837
0.704837
0.704837
0.704837
0.704837
0.704837
0.704837
0.704837
0.704837
0.704837
0.704837
0.704837
0.704837
0.704837
0.704837
0.704837
0.704837
0.704837
0.704837
0.704837
0.704837
0.704837
0.704837
0.704837
0.704837
0.704837
0.704837
0.704838
0.704838
0.704838
0.704838
0.704838
0.704838
0.704838
0.704838
0.704838
0.704838
0.704838
0.704838
0.704838
0.704838
0.704838
0.704838
0.704838
0.704838
0.704838
0.704838
0.704838
0.704838
0.704838
0.704838
0.704838
0.704838
0.704838
0.704838
0.704838
0.704838
0.704838
0.704838
0.704838
0.704838
0.704838
0.704838
0.704838
0.704838
0.704838
0.704838
0.704838
0.704838
0.704838
0.704838
0.704839
0.704839
0.704839
0.704839
0.704839
0.704839
0.704839
0.704839
0.704839
0.704839
0.704839
0.704839
0.704839
0.704839
0.704839
0.704839
0.704839
0.704839
0.704839
0.704839
0.704839
0.704839
0.704839
0.704839
0.704839
0.704839
0.704839
0.704839
0.704839
0.704839
0.704839
0.704839
0.704839
0.704839
0.704839
0.704839
0.704839
0.704839
0.704839
0.704839
0.704839
0.704839
0.704839
0.704839
0.704839
0.704839
0.70484
0.70484
0.70484
0.70484
0.70484
0.70484
0.70484
0.70484
0.70484
0.70484
0.70484
0.70484
0.70484
0.70484
0.70484
0.70484
0.70484
0.70484
0.70484
0.70484
0.70484
0.70484
0.70484
0.70484
0.70484
0.70484
0.70484
0.70484
0.70484
0.70484
0.70484
0.70484
0.70484
0.70484
0.70484
0.70484
0.70484
0.70484
0.70484
0.70484
0.70484
0.70484
0.70484
0.70484
0.70484
0.70484
0.704841
0.704841
0.704841
0.704841
0.704841
0.704841
0.704841
