0.5
0.495025
0.490099
0.485223
0.480395
0.475615
0.470882
0.466197
0.461558
0.456966
0.452419
0.447917
0.44346
0.439048
0.434679
0.430354
0.426072
0.421832
0.417635
0.41348
0.409365
0.405292
0.401259
0.397267
0.393314
0.3894
0.385526
0.38169
0.377892
0.374132
0.370409
0.366723
0.363075
0.359462
0.355885
0.352344
0.348838
0.345367
0.341931
0.338528
0.33516
0.331825
0.328523
0.325255
0.322018
0.318814
0.315642
0.312501
0.309392
0.306313
0.303265
0.300248
0.29726
0.294302
0.291374
0.288475
0.285605
0.282763
0.279949
0.277164
0.274406
0.271675
0.268972
0.266296
0.263646
0.261023
0.258426
0.255854
0.253309
0.250788
0.248293
0.245822
0.243376
0.240955
0.238557
0.236184
0.233834
0.231507
0.229204
0.226923
0.224665
0.22243
0.220217
0.218026
0.215857
0.213709
0.211583
0.209478
0.207394
0.20533
0.203288
0.201265
0.199263
0.197281
0.195318
0.193375
0.191452
0.189548
0.187662
0.185796
0.183948
0.182119
0.180308
0.178516
0.176741
0.174984
0.173245
0.171523
0.169818
0.168131
0.166461
0.164807
0.163171
0.161551
0.159947
0.15836
0.156789
0.155234
0.153695
0.152172
0.150664
0.149172
0.147696
0.146234
0.144789
0.143358
0.141942
0.140541
0.139156
0.137785
0.136428
0.135087
0.13376
0.132447
0.131149
0.129865
0.128596
0.127341
0.1261
0.124874
0.123662
0.122464
0.12128
0.12011
0.118954
0.117813
0.116685
0.115572
0.114473
0.113388
0.112317
0.11126
0.110218
0.10919
0.108176
0.107176
0.106191
0.10522
0.104263
0.103321
0.102393
0.10148
0.100582
0.0996977
0.0988284
0.0979738
0.0971339
0.0963088
0.0954985
0.094703
0.0939224
0.0931566
0.0924057
0.0916697
0.0909486
0.0902424
0.0895511
0.0888746
0.0882129
0.0875661
0.086934
0.0863165
0.0857138
0.0851255
0.0845517
0.0839923
0.0834472
0.0829162
0.0823993
0.0818963
0.081407
0.0809313
0.0804691
0.0800201
0.0795842
0.0791612
0.078751
0.0783532
0.0779677
0.0775943
0.0772327
0.0768828
0.0765442
0.0762168
0.0759003
0.0755945
0.0752991
0.0750139
0.0747386
0.0744729
0.0742167
0.0739697
0.0737315
0.0735021
0.073281
0.0730681
0.0728632
0.0726659
0.0724761
0.0722935
0.0721179
0.071949
0.0717866
0.0716305
0.0714806
0.0713364
0.071198
0.071065
0.0709373
0.0708147
0.0706969
0.0705838
0.0704753
0.0703711
0.070271
0.070175
0.0700829
0.0699944
0.0699095
0.069828
0.0697497
0.0696746
0.0696025
0.0695333
0.0694668
0.069403
0.0693417
0.0692828
0.0692262
0.0691718
0.0691195
0.0690692
0.0690209
0.0689744
0.0689296
0.0688865
0.0688451
0.0688051
0.0687666
0.0687295
0.0686937
0.0686591
0.0686257
0.0685935
0.0685624
0.0685322
0.0685031
0.0684749
0.0684475
0.068421
0.0683953
0.0683703
0.068346
0.0683225
0.0682995
0.0682771
0.0682554
0.0682341
0.0682134
0.0681931
0.0681733
0.0681539
0.0681349
0.0681163
0.068098
0.0680801
0.0680625
0.0680451
0.068028
0.0680112
0.0679946
0.0679782
0.067962
0.067946
0.0679302
0.0679145
0.067899
0.0678836
0.0678683
0.0678531
0.067838
0.067823
0.067808
0.0677931
0.0677783
0.0677635
0.0677488
0.0677341
0.0677194
0.0677047
0.06769
0.0676754
0.0676607
0.067646
0.0676313
0.0676165
0.0676018
0.067587
0.0675722
0.0675573
0.0675424
0.0675274
0.0675124
0.0674973
0.0674821
0.0674669
0.0674516
0.0674363
0.0674209
0.0674054
0.0673898
0.0673741
0.0673584
0.0673426
0.0673267
0.0673107
0.0672946
0.0672784
0.0672621
0.0672457
0.0672292
0.0672126
0.067196
0.0671792
0.0671623
0.0671453
0.0671282
0.067111
0.0670937
0.0670763
0.0670588
0.0670411
0.0670234
0.0670055
0.0669876
0.0669695
0.0669513
0.066933
0.0669146
0.0668961
0.0668774
0.0668587
0.0668398
0.0668208
0.0668017
0.0667825
0.0667631
0.0667437
0.0667241
0.0667044
0.0666846
0.0666647
0.0666447
0.0666245
0.0666042
0.0665838
0.0665633
0.0665427
0.066522
0.0665011
0.0664801
0.066459
0.0664378
0.0664165
0.0663951
0.0663735
0.0663518
0.06633
0.0663081
0.0662861
0.066264
0.0662417
0.0662193
0.0661968
0.0661742
0.0661515
0.0661287
0.0661057
0.0660826
0.0660595
0.0660362
0.0660128
0.0659892
0.0659656
0.0659418
0.065918
0.065894
0.0658699
0.0658457
0.0658214
0.0657969
0.0657724
0.0657477
0.0657229
0.0656981
0.0656731
0.0656479
0.0656227
0.0655974
0.065572
0.0655464
0.0655207
0.065495
0.0654691
0.0654431
0.065417
0.0653908
0.0653645
0.065338
0.0653115
0.0652848
0.0652581
0.0652312
0.0652042
0.0651772
0.06515
0.0651227
0.0650953
0.0650678
0.0650402
0.0650125
0.0649846
0.0649567
0.0649287
0.0649005
0.0648723
0.0648439
0.0648155
0.0647869
0.0647582
0.0647295
0.0647006
0.0646716
0.0646425
0.0646134
0.0645841
0.0645547
0.0645252
0.0644956
0.0644659
0.0644361
0.0644062
0.0643762
0.0643461
0.0643159
0.0642856
0.0642552
0.0642247
0.0641941
0.0641634
0.0641326
0.0641017
0.0640707
0.0640396
0.0640084
0.0639772
0.0639458
0.0639143
0.0638827
0.063851
0.0638192
0.0637873
0.0637554
0.0637233
0.0636911
0.0636589
0.0636265
0.063594
0.0635615
0.0635288
0.0634961
0.0634633
0.0634303
0.0633973
0.0633642
0.063331
0.0632977
0.0632643
0.0632308
0.0631972
0.0631635
0.0631297
0.0630958
0.0630619
0.0630278
0.0629937
0.0629594
0.0629251
0.0628907
0.0628562
0.0628216
0.0627869
0.0627521
0.0627172
0.0626823
0.0626472
0.0626121
0.0625768
0.0625415
0.0625061
0.0624706
0.062435
0.0623993
0.0623636
0.0623277
0.0622918
0.0622557
0.0622196
0.0621834
0.0621471
0.0621107
0.0620743
0.0620377
0.0620011
0.0619643
0.0619275
0.0618906
0.0618536
0.0618166
0.0617794
0.0617422
0.0617049
0.0616674
0.0616299
0.0615924
0.0615547
0.061517
0.0614791
0.0614412
0.0614032
0.0613651
0.061327
0.0612887
0.0612504
0.061212
0.0611735
0.0611349
0.0610962
0.0610575
0.0610187
0.0609798
0.0609408
0.0609017
0.0608626
0.0608234
0.0607841
0.0607447
0.0607052
0.0606657
0.060626
0.0605863
0.0605466
0.0605067
0.0604668
0.0604267
0.0603866
0.0603465
0.0603062
0.0602659
0.0602255
0.060185
0.0601444
0.0601038
0.0600631
0.0600223
0.0599814
0.0599404
0.0598994
0.0598583
0.0598172
0.0597759
0.0597346
0.0596932
0.0596517
0.0596102
0.0595685
0.0595268
0.0594851
0.0594432
0.0594013
0.0593593
0.0593172
0.0592751
0.0592329
0.0591906
0.0591482
0.0591058
0.0590633
0.0590207
0.0589781
0.0589354
0.0588926
0.0588497
0.0588068
0.0587638
0.0587207
0.0586776
0.0586344
0.0585911
0.0585477
0.0585043
0.0584608
0.0584173
0.0583736
0.0583299
0.0582862
0.0582423
0.0581984
0.0581544
0.0581104
0.0580663
0.0580221
0.0579779
0.0579336
0.0578892
0.0578448
0.0578003
0.0577557
0.057711
0.0576663
0.0576216
0.0575767
0.0575318
0.0574869
0.0574418
0.0573967
0.0573516
0.0573063
0.0572611
0.0572157
0.0571703
0.0571248
0.0570793
0.0570337
0.056988
0.0569423
0.0568965
0.0568506
0.0568047
0.0567587
0.0567127
0.0566666
0.0566204
0.0565742
0.0565279
0.0564816
0.0564352
0.0563887
0.0563422
0.0562956
0.056249
0.0562023
0.0561555
0.0561087
0.0560618
0.0560149
0.0559679
0.0559208
0.0558737
0.0558266
0.0557793
0.0557321
0.0556847
0.0556373
0.0555899
0.0555424
0.0554948
0.0554472
0.0553995
0.0553518
0.055304
0.0552562
0.0552083
0.0551604
0.0551124
0.0550643
0.0550162
0.054968
0.0549198
0.0548716
0.0548233
0.0547749
0.0547265
0.054678
0.0546295
0.0545809
0.0545323
0.0544836
0.0544349
0.0543861
0.0543372
0.0542884
0.0542394
0.0541905
0.0541414
0.0540924
0.0540432
0.0539941
0.0539448
0.0538956
0.0538462
0.0537969
0.0537475
0.053698
0.0536485
0.0535989
0.0535493
0.0534997
0.05345
0.0534002
0.0533505
0.0533006
0.0532508
0.0532008
0.0531509
0.0531009
0.0530508
0.0530007
0.0529506
0.0529004
0.0528502
0.0527999
0.0527496
0.0526992
0.0526488
0.0525984
0.0525479
0.0524974
0.0524468
0.0523962
0.0523456
0.0522949
0.0522442
0.0521934
0.0521426
0.0520918
0.0520409
0.05199
0.051939
0.051888
0.051837
0.0517859
0.0517348
0.0516836
0.0516325
0.0515812
0.05153
0.0514787
0.0514274
0.051376
0.0513246
0.0512732
0.0512217
0.0511702
0.0511187
0.0510671
0.0510155
0.0509639
0.0509122
0.0508605
0.0508087
0.050757
0.0507052
0.0506533
0.0506015
0.0505496
0.0504977
0.0504457
0.0503937
0.0503417
0.0502897
0.0502376
0.0501855
0.0501333
0.0500812
0.050029
0.0499768
0.0499245
0.0498722
0.0498199
0.0497676
0.0497153
0.0496629
0.0496105
0.049558
0.0495056
0.0494531
0.0494006
0.049348
0.0492955
0.0492429
0.0491903
0.0491377
0.049085
0.0490323
0.0489796
0.0489269
0.0488742
0.0488214
0.0487686
0.0487158
0.048663
0.0486101
0.0485573
0.0485044
0.0484515
0.0483985
0.0483456
0.0482926
0.0482396
0.0481866
0.0481336
0.0480806
0.0480275
0.0479744
0.0479213
0.0478682
0.0478151
0.047762
0.0477088
0.0476556
0.0476024
0.0475492
0.047496
0.0474428
0.0473895
0.0473363
0.047283
0.0472297
0.0471764
0.0471231
0.0470698
0.0470165
0.0469631
0.0469098
0.0468564
0.046803
0.0467497
0.0466963
0.0466429
0.0465894
0.046536
0.0464826
0.0464292
0.0463757
0.0463223
0.0462688
0.0462153
0.0461618
0.0461084
0.0460549
0.0460014
0.0459479
0.0458944
0.0458409
0.0457873
0.0457338
0.0456803
0.0456268
0.0455733
0.0455197
0.0454662
0.0454126
0.0453591
0.0453056
0.045252
0.0451985
0.0451449
0.0450914
0.0450378
0.0449843
0.0449308
0.0448772
0.0448237
0.0447701
0.0447166
0.044663
0.0446095
0.044556
0.0445024
0.0444489
0.0443954
0.0443419
0.0442884
0.0442349
0.0441813
0.0441278
0.0440744
0.0440209
0.0439674
0.0439139
0.0438604
0.043807
0.0437535
0.0437001
0.0436466
0.0435932
0.0435398
0.0434864
0.043433
0.0433796
0.0433262
0.0432728
0.0432194
0.0431661
0.0431127
0.0430594
0.0430061
0.0429528
0.0428995
0.0428462
0.042793
0.0427397
0.0426865
0.0426332
0.04258
0.0425268
0.0424736
0.0424205
0.0423673
0.0423142
0.0422611
0.0422079
0.0421549
0.0421018
0.0420487
0.0419957
0.0419427
0.0418897
0.0418367
0.0417837
0.0417308
0.0416779
0.041625
0.0415721
0.0415192
0.0414664
0.0414136
0.0413608
0.041308
0.0412552
0.0412025
0.0411498
0.0410971
0.0410445
0.0409918
0.0409392
0.0408866
0.040834
0.0407815
0.040729
0.0406765
0.040624
0.0405716
0.0405192
0.0404668
0.0404144
0.0403621
0.0403098
0.0402575
0.0402052
0.040153
0.0401008
0.0400487
0.0399965
0.0399444
0.0398923
0.0398403
0.0397883
0.0397363
0.0396843
0.0396324
0.0395805
0.0395287
0.0394768
0.039425
0.0393733
0.0393215
0.0392699
0.0392182
0.0391666
0.039115
0.0390634
0.0390119
0.0389604
0.0389089
0.0388575
0.0388061
0.0387548
0.0387035
0.0386522
0.038601
0.0385498
0.0384986
0.0384475
0.0383964
0.0383453
0.0382943
0.0382433
0.0381924
0.0381415
0.0380907
0.0380398
0.0379891
0.0379383
0.0378876
0.037837
0.0377864
0.0377358
0.0376853
0.0376348
0.0375843
0.0375339
0.0374836
0.0374333
0.037383
0.0373328
0.0372826
0.0372324
0.0371823
0.0371323
0.0370823
0.0370323
0.0369824
0.0369325
0.0368827
0.0368329
0.0367832
0.0367335
0.0366838
0.0366342
0.0365847
0.0365352
0.0364857
0.0364363
0.036387
0.0363377
0.0362884
0.0362392
0.03619
0.0361409
0.0360918
0.0360428
0.0359939
0.0359449
0.0358961
0.0358473
0.0357985
0.0357498
0.0357011
0.0356525
0.035604
0.0355555
0.035507
0.0354586
0.0354103
0.035362
0.0353137
0.0352655
0.0352174
0.0351693
0.0351213
0.0350733
0.0350254
0.0349775
0.0349297
0.0348819
0.0348342
0.0347866
0.034739
0.0346915
0.034644
0.0345965
0.0345492
0.0345019
0.0344546
0.0344074
0.0343603
0.0343132
0.0342661
0.0342192
0.0341723
0.0341254
0.0340786
0.0340319
0.0339852
0.0339386
0.033892
0.0338455
0.033799
0.0337526
0.0337063
0.03366
0.0336138
0.0335677
0.0335216
0.0334756
0.0334296
0.0333837
0.0333378
0.033292
0.0332463
0.0332006
0.033155
0.0331095
0.033064
0.0330186
0.0329732
0.0329279
0.0328827
0.0328375
0.0327924
0.0327473
0.0327024
0.0326574
0.0326126
0.0325678
0.032523
0.0324784
0.0324338
0.0323892
0.0323447
0.0323003
0.032256
0.0322117
0.0321674
0.0321233
0.0320792
0.0320351
0.0319912
0.0319473
0.0319034
0.0318597
0.0318159
0.0317723
0.0317287
0.0316852
0.0316418
0.0315984
0.0315551
0.0315118
0.0314686
0.0314255
0.0313824
0.0313395
0.0312965
0.0312537
0.0312109
0.0311682
0.0311255
0.0310829
0.0310404
0.0309979
0.0309555
0.0309132
0.030871
0.0308288
0.0307867
0.0307446
0.0307026
0.0306607
0.0306188
0.0305771
0.0305353
0.0304937
0.0304521
0.0304106
0.0303692
0.0303278
0.0302865
0.0302452
0.0302041
0.030163
0.0301219
0.0300809
0.03004
0.0299992
0.0299585
0.0299178
0.0298771
0.0298366
0.0297961
0.0297557
0.0297153
0.029675
0.0296348
0.0295947
0.0295546
0.0295146
0.0294747
0.0294348
0.029395
0.0293553
0.0293156
0.029276
0.0292365
0.029197
0.0291576
0.0291183
0.0290791
0.0290399
0.0290008
0.0289617
0.0289228
0.0288839
0.028845
0.0288063
0.0287676
0.028729
0.0286904
0.0286519
0.0286135
0.0285752
0.0285369
0.0284987
0.0284606
0.0284225
0.0283845
0.0283466
0.0283087
0.0282709
0.0282332
0.0281955
0.028158
0.0281204
0.028083
0.0280456
0.0280083
0.0279711
0.0279339
0.0278968
0.0278598
0.0278229
0.027786
0.0277492
0.0277124
0.0276757
0.0276391
0.0276026
0.0275661
0.0275297
0.0274934
0.0274571
0.0274209
0.0273848
0.0273487
0.0273127
0.0272768
0.027241
0.0272052
0.0271695
0.0271338
0.0270983
0.0270628
0.0270273
0.0269919
0.0269566
0.0269214
0.0268863
0.0268512
0.0268161
0.0267812
0.0267463
0.0267115
0.0266767
0.026642
0.0266074
0.0265729
0.0265384
0.026504
0.0264696
0.0264354
0.0264012
0.026367
0.026333
0.0262989
0.026265
0.0262311
0.0261973
0.0261636
0.0261299
0.0260963
0.0260628
0.0260294
0.025996
0.0259626
0.0259294
0.0258962
0.025863
0.02583
0.025797
0.0257641
0.0257312
0.0256984
0.0256657
0.025633
0.0256004
0.0255679
0.0255354
0.025503
0.0254707
0.0254384
0.0254062
0.0253741
0.025342
0.02531
0.0252781
0.0252462
0.0252144
0.0251827
0.025151
0.0251194
0.0250878
0.0250564
0.0250249
0.0249936
0.0249623
0.0249311
0.0248999
0.0248688
0.0248378
0.0248068
0.0247759
0.0247451
0.0247143
0.0246836
0.024653
0.0246224
0.0245919
0.0245614
0.0245311
0.0245007
0.0244705
0.0244403
0.0244101
0.0243801
0.02435
0.0243201
0.0242902
0.0242604
0.0242306
0.0242009
0.0241713
0.0241417
0.0241122
0.0240828
0.0240534
0.024024
0.0239948
0.0239656
0.0239364
0.0239074
0.0238783
0.0238494
0.0238205
0.0237917
0.0237629
0.0237342
0.0237055
0.0236769
0.0236484
0.0236199
0.0235915
0.0235631
0.0235348
0.0235066
0.0234784
0.0234503
0.0234223
0.0233943
0.0233663
0.0233385
0.0233106
0.0232829
0.0232552
0.0232275
0.0232
0.0231724
0.023145
0.0231176
0.0230902
0.0230629
0.0230357
0.0230085
0.0229814
0.0229543
0.0229273
0.0229004
0.0228735
0.0228467
0.0228199
0.0227932
0.0227665
0.0227399
0.0227134
0.0226869
0.0226604
0.0226341
0.0226077
0.0225815
0.0225553
0.0225291
0.022503
0.0224769
0.022451
0.022425
0.0223991
0.0223733
0.0223476
0.0223218
0.0222962
0.0222706
0.022245
0.0222195
0.0221941
0.0221687
0.0221434
0.0221181
0.0220928
0.0220677
0.0220426
0.0220175
0.0219925
0.0219675
0.0219426
0.0219178
0.0218929
0.0218682
0.0218435
0.0218189
0.0217943
0.0217697
0.0217452
0.0217208
0.0216964
0.0216721
0.0216478
0.0216236
0.0215994
0.0215753
0.0215512
0.0215272
0.0215032
0.0214793
0.0214554
0.0214316
0.0214078
0.0213841
0.0213604
0.0213368
0.0213132
0.0212897
0.0212662
0.0212428
0.0212194
0.0211961
0.0211729
0.0211496
0.0211265
0.0211033
0.0210803
0.0210572
0.0210342
0.0210113
0.0209884
0.0209656
0.0209428
0.0209201
0.0208974
0.0208747
0.0208522
0.0208296
0.0208071
0.0207847
0.0207623
0.0207399
0.0207176
0.0206953
0.0206731
0.020651
0.0206288
0.0206068
0.0205847
0.0205628
0.0205408
0.0205189
0.0204971
0.0204753
0.0204535
0.0204318
0.0204102
0.0203886
0.020367
0.0203455
0.020324
0.0203026
0.0202812
0.0202598
0.0202386
0.0202173
0.0201961
0.0201749
0.0201538
0.0201328
0.0201117
0.0200907
0.0200698
0.0200489
0.0200281
0.0200073
0.0199865
0.0199658
0.0199451
0.0199245
0.0199039
0.0198833
0.0198628
0.0198424
0.019822
0.0198016
0.0197813
0.019761
0.0197408
0.0197206
0.0197004
0.0196803
0.0196602
0.0196402
0.0196202
0.0196003
0.0195804
0.0195605
0.0195407
0.0195209
0.0195012
0.0194815
0.0194619
0.0194423
0.0194227
0.0194032
0.0193837
0.0193643
0.0193449
0.0193255
0.0193062
0.019287
0.0192677
0.0192485
0.0192294
0.0192103
0.0191912
0.0191722
0.0191532
0.0191343
0.0191154
0.0190965
0.0190777
0.0190589
0.0190402
0.0190215
0.0190028
0.0189842
0.0189656
0.0189471
0.0189286
0.0189102
0.0188918
0.0188734
0.0188551
0.0188368
0.0188185
0.0188003
0.0187821
0.018764
0.0187459
0.0187279
0.0187098
0.0186919
0.0186739
0.018656
0.0186382
0.0186204
0.0186026
0.0185849
0.0185672
0.0185495
0.0185319
0.0185143
0.0184968
0.0184793
0.0184619
0.0184444
0.0184271
0.0184097
0.0183924
0.0183752
0.018358
0.0183408
0.0183236
0.0183065
0.0182895
0.0182725
0.0182555
0.0182385
0.0182216
0.0182048
0.018188
0.0181712
0.0181544
0.0181377
0.0181211
0.0181044
0.0180878
0.0180713
0.0180548
0.0180383
0.0180219
0.0180055
0.0179891
0.0179728
0.0179565
0.0179403
0.0179241
0.017908
0.0178918
0.0178758
0.0178597
0.0178437
0.0178278
0.0178118
0.017796
0.0177801
0.0177643
0.0177486
0.0177328
0.0177172
0.0177015
0.0176859
0.0176703
0.0176548
0.0176393
0.0176239
0.0176085
0.0175931
0.0175778
0.0175625
0.0175472
0.017532
0.0175169
0.0175017
0.0174866
0.0174716
0.0174566
0.0174416
0.0174267
0.0174118
0.0173969
0.0173821
0.0173673
0.0173526
0.0173379
0.0173233
0.0173087
0.0172941
0.0172796
0.0172651
0.0172506
0.0172362
0.0172218
0.0172075
0.0171932
0.017179
0.0171647
0.0171506
0.0171364
0.0171224
0.0171083
0.0170943
0.0170803
0.0170664
0.0170525
0.0170387
0.0170249
0.0170111
0.0169974
0.0169837
0.0169701
0.0169565
0.0169429
0.0169294
0.0169159
0.0169025
0.0168891
0.0168757
0.0168624
0.0168491
0.0168359
0.0168227
0.0168096
0.0167965
0.0167834
0.0167704
0.0167574
0.0167444
0.0167315
0.0167187
0.0167059
0.0166931
0.0166804
0.0166677
0.016655
0.0166424
0.0166299
0.0166173
0.0166049
0.0165924
0.01658
0.0165677
0.0165553
0.0165431
0.0165308
0.0165187
0.0165065
0.0164944
0.0164824
0.0164703
0.0164584
0.0164464
0.0164345
0.0164227
0.0164109
0.0163991
0.0163874
0.0163757
0.0163641
0.0163525
0.016341
0.0163295
0.016318
0.0163066
0.0162952
0.0162839
0.0162726
0.0162613
0.0162501
0.016239
0.0162278
0.0162168
0.0162057
0.0161947
0.0161838
0.0161729
0.016162
0.0161512
0.0161404
0.0161297
0.016119
0.0161084
0.0160978
0.0160872
0.0160767
0.0160662
0.0160558
0.0160454
0.0160351
0.0160248
0.0160145
0.0160043
0.0159942
0.015984
0.015974
0.0159639
0.0159539
0.015944
0.0159341
0.0159242
0.0159144
0.0159046
0.0158949
0.0158852
0.0158756
0.015866
0.0158564
0.0158469
0.0158375
0.015828
0.0158187
0.0158093
0.0158
0.0157908
0.0157816
0.0157724
0.0157633
0.0157542
0.0157452
0.0157362
0.0157273
0.0157184
0.0157095
0.0157007
0.015692
0.0156832
0.0156746
0.0156659
0.0156573
0.0156488
0.0156403
0.0156318
0.0156234
0.015615
0.0156067
0.0155984
0.0155902
0.015582
0.0155738
0.0155657
0.0155576
0.0155496
0.0155416
0.0155337
0.0155258
0.0155179
0.0155101
0.0155023
0.0154946
0.0154869
0.0154793
0.0154717
0.0154642
0.0154566
0.0154492
0.0154418
0.0154344
0.015427
0.0154197
0.0154125
0.0154053
0.0153981
0.015391
0.0153839
0.0153769
0.0153699
0.0153629
0.015356
0.0153491
0.0153423
0.0153355
0.0153288
0.0153221
0.0153154
0.0153088
0.0153022
0.0152957
0.0152892
0.0152828
0.0152764
0.01527
0.0152637
0.0152574
0.0152512
0.015245
0.0152388
0.0152327
0.0152266
0.0152206
0.0152146
0.0152086
0.0152027
0.0151968
0.015191
0.0151852
0.0151795
0.0151738
0.0151681
0.0151625
0.0151569
0.0151513
0.0151458
0.0151404
0.0151349
0.0151295
0.0151242
0.0151189
0.0151136
0.0151084
0.0151032
0.0150981
0.015093
0.0150879
0.0150829
0.0150779
0.0150729
0.015068
0.0150631
0.0150583
0.0150535
0.0150487
0.015044
0.0150393
0.0150347
0.0150301
0.0150255
0.015021
0.0150165
0.015012
0.0150076
0.0150032
0.0149989
0.0149946
0.0149903
0.0149861
0.0149819
0.0149777
0.0149736
0.0149696
0.0149655
0.0149615
0.0149575
0.0149536
0.0149497
0.0149458
0.014942
0.0149382
0.0149345
0.0149307
0.0149271
0.0149234
0.0149198
0.0149162
0.0149127
0.0149092
0.0149057
0.0149023
0.0148989
0.0148955
0.0148922
0.0148889
0.0148856
0.0148824
0.0148792
0.014876
0.0148729
0.0148698
0.0148667
0.0148637
0.0148607
0.0148578
0.0148548
0.0148519
0.0148491
0.0148462
0.0148435
0.0148407
0.014838
0.0148353
0.0148326
0.01483
0.0148274
0.0148248
0.0148223
0.0148198
0.0148173
0.0148148
0.0148124
0.01481
0.0148077
0.0148054
0.0148031
0.0148008
0.0147986
0.0147964
0.0147942
0.0147921
0.01479
0.0147879
0.0147859
0.0147839
0.0147819
0.0147799
0.014778
0.0147761
0.0147742
0.0147724
0.0147706
0.0147688
0.0147671
0.0147653
0.0147636
0.014762
0.0147603
0.0147587
0.0147571
0.0147556
0.0147541
0.0147526
0.0147511
0.0147496
0.0147482
0.0147468
0.0147455
0.0147441
0.0147428
0.0147415
0.0147403
0.014739
0.0147378
0.0147367
0.0147355
0.0147344
0.0147333
0.0147322
0.0147311
0.0147301
0.0147291
0.0147281
0.0147272
0.0147263
0.0147254
0.0147245
0.0147236
0.0147228
0.014722
0.0147212
0.0147205
0.0147197
0.014719
0.0147183
0.0147177
0.0147171
0.0147164
0.0147158
0.0147153
0.0147147
0.0147142
0.0147137
0.0147132
0.0147128
0.0147124
0.0147119
0.0147116
0.0147112
0.0147108
0.0147105
0.0147102
0.0147099
0.0147097
0.0147095
0.0147092
0.014709
0.0147089
0.0147087
0.0147086
0.0147085
0.0147084
0.0147083
0.0147083
0.0147082
0.0147082
0.0147082
0.0147083
0.0147083
0.0147084
0.0147085
0.0147086
0.0147087
0.0147088
0.014709
0.0147092
0.0147094
0.0147096
0.0147099
0.0147101
0.0147104
0.0147107
0.014711
0.0147113
0.0147117
0.014712
0.0147124
0.0147128
0.0147132
0.0147137
0.0147141
0.0147146
0.0147151
0.0147156
0.0147161
0.0147166
0.0147172
0.0147178
0.0147184
0.014719
0.0147196
0.0147202
0.0147209
0.0147215
0.0147222
0.0147229
0.0147236
0.0147243
0.0147251
0.0147258
0.0147266
0.0147274
0.0147282
0.014729
0.0147299
0.0147307
0.0147316
0.0147324
0.0147333
0.0147342
0.0147352
0.0147361
0.014737
0.014738
0.014739
0.01474
0.014741
0.014742
0.014743
0.014744
0.0147451
0.0147462
0.0147472
0.0147483
0.0147494
0.0147505
0.0147517
0.0147528
0.014754
0.0147551
0.0147563
0.0147575
0.0147587
0.0147599
0.0147612
0.0147624
0.0147636
0.0147649
0.0147662
0.0147675
0.0147688
0.0147701
0.0147714
0.0147727
0.014774
0.0147754
0.0147768
0.0147781
0.0147795
0.0147809
0.0147823
0.0147837
0.0147851
0.0147866
0.014788
0.0147895
0.0147909
0.0147924
0.0147939
0.0147954
0.0147969
0.0147984
0.0147999
0.0148015
0.014803
0.0148045
0.0148061
0.0148077
0.0148092
0.0148108
0.0148124
0.014814
0.0148156
0.0148172
0.0148189
0.0148205
0.0148222
0.0148238
0.0148255
0.0148271
0.0148288
0.0148305
0.0148322
0.0148339
0.0148356
0.0148373
0.014839
0.0148408
0.0148425
0.0148442
0.014846
0.0148477
0.0148495
0.0148513
0.0148531
0.0148549
0.0148566
0.0148584
0.0148603
0.0148621
0.0148639
0.0148657
0.0148675
0.0148694
0.0148712
0.0148731
0.0148749
0.0148768
0.0148787
0.0148806
0.0148824
0.0148843
0.0148862
0.0148881
0.01489
0.0148919
0.0148938
0.0148958
0.0148977
0.0148996
0.0149016
0.0149035
0.0149055
0.0149074
0.0149094
0.0149113
0.0149133
0.0149153
0.0149172
0.0149192
0.0149212
0.0149232
0.0149252
0.0149272
0.0149292
0.0149312
0.0149332
0.0149352
0.0149373
0.0149393
0.0149413
0.0149434
0.0149454
0.0149474
0.0149495
0.0149515
0.0149536
0.0149556
0.0149577
0.0149598
0.0149618
0.0149639
0.014966
0.0149681
0.0149702
0.0149722
0.0149743
0.0149764
0.0149785
0.0149806
0.0149827
0.0149848
0.0149869
0.014989
0.0149911
0.0149933
0.0149954
0.0149975
0.0149996
0.0150018
0.0150039
0.015006
0.0150082
0.0150103
0.0150124
0.0150146
0.0150167
0.0150189
0.015021
0.0150232
0.0150253
0.0150275
0.0150296
0.0150318
0.0150339
0.0150361
0.0150383
0.0150404
0.0150426
0.0150448
0.015047
0.0150491
0.0150513
0.0150535
0.0150557
0.0150578
0.01506
0.0150622
0.0150644
0.0150666
0.0150688
0.015071
0.0150731
0.0150753
0.0150775
0.0150797
0.0150819
0.0150841
0.0150863
0.0150885
0.0150907
0.0150929
0.0150951
0.0150973
0.0150995
0.0151017
0.0151039
0.0151061
0.0151083
0.0151105
0.0151127
0.0151149
0.0151172
0.0151194
0.0151216
0.0151238
0.015126
0.0151282
0.0151304
0.0151326
0.0151348
0.0151371
0.0151393
0.0151415
0.0151437
0.0151459
0.0151481
0.0151503
0.0151525
0.0151548
0.015157
0.0151592
0.0151614
0.0151636
0.0151658
0.015168
0.0151702
0.0151725
0.0151747
0.0151769
0.0151791
0.0151813
0.0151835
0.0151857
0.0151879
0.0151901
0.0151924
0.0151946
0.0151968
0.015199
0.0152012
0.0152034
0.0152056
0.0152078
0.01521
0.0152122
0.0152144
0.0152166
0.0152188
0.015221
0.0152232
0.0152254
0.0152276
0.0152298
0.015232
0.0152342
0.0152364
0.0152386
0.0152408
0.015243
0.0152452
0.0152474
0.0152496
0.0152518
0.015254
0.0152562
0.0152583
0.0152605
0.0152627
0.0152649
0.0152671
0.0152693
0.0152714
0.0152736
0.0152758
0.015278
0.0152801
0.0152823
0.0152845
0.0152867
0.0152888
0.015291
0.0152932
0.0152953
0.0152975
0.0152997
0.0153018
0.015304
0.0153061
0.0153083
0.0153104
0.0153126
0.0153147
0.0153169
0.015319
0.0153212
0.0153233
0.0153255
0.0153276
0.0153298
0.0153319
0.015334
0.0153362
0.0153383
0.0153404
0.0153426
0.0153447
0.0153468
0.0153489
0.0153511
0.0153532
0.0153553
0.0153574
0.0153595
0.0153617
0.0153638
0.0153659
0.015368
0.0153701
0.0153722
0.0153743
0.0153764
0.0153785
0.0153806
0.0153827
0.0153848
0.0153869
0.015389
0.015391
0.0153931
0.0153952
0.0153973
0.0153994
0.0154014
0.0154035
0.0154056
0.0154077
0.0154097
0.0154118
0.0154139
0.0154159
0.015418
0.01542
0.0154221
0.0154241
0.0154262
0.0154282
0.0154303
0.0154323
0.0154344
0.0154364
0.0154384
0.0154405
0.0154425
0.0154445
0.0154466
0.0154486
0.0154506
0.0154526
0.0154546
0.0154567
0.0154587
0.0154607
0.0154627
0.0154647
0.0154667
0.0154687
0.0154707
0.0154727
0.0154747
0.0154767
0.0154787
0.0154807
0.0154826
0.0154846
0.0154866
0.0154886
0.0154905
0.0154925
0.0154945
0.0154965
0.0154984
0.0155004
0.0155023
0.0155043
0.0155063
0.0155082
0.0155102
0.0155121
0.015514
0.015516
0.0155179
0.0155199
0.0155218
0.0155237
0.0155257
0.0155276
0.0155295
0.0155314
0.0155333
0.0155353
0.0155372
0.0155391
0.015541
0.0155429
0.0155448
0.0155467
0.0155486
0.0155505
0.0155524
0.0155543
0.0155562
0.015558
0.0155599
0.0155618
0.0155637
0.0155656
0.0155674
0.0155693
0.0155712
0.015573
0.0155749
0.0155767
0.0155786
0.0155804
0.0155823
0.0155841
0.015586
0.0155878
0.0155897
0.0155915
0.0155933
0.0155952
0.015597
0.0155988
0.0156006
0.0156025
0.0156043
0.0156061
0.0156079
0.0156097
0.0156115
0.0156133
0.0156151
0.0156169
0.0156187
0.0156205
0.0156223
0.0156241
0.0156259
0.0156276
0.0156294
0.0156312
0.015633
0.0156347
0.0156365
0.0156383
0.01564
0.0156418
0.0156436
0.0156453
0.0156471
0.0156488
0.0156506
0.0156523
0.015654
0.0156558
0.0156575
0.0156592
0.015661
0.0156627
0.0156644
0.0156661
0.0156679
0.0156696
0.0156713
0.015673
0.0156747
0.0156764
0.0156781
0.0156798
0.0156815
0.0156832
0.0156849
0.0156866
0.0156883
0.0156899
0.0156916
0.0156933
0.015695
0.0156966
0.0156983
0.0157
0.0157016
0.0157033
0.015705
0.0157066
0.0157083
0.0157099
0.0157116
0.0157132
0.0157148
0.0157165
0.0157181
0.0157197
0.0157214
0.015723
0.0157246
0.0157262
0.0157279
0.0157295
0.0157311
0.0157327
0.0157343
0.0157359
0.0157375
0.0157391
0.0157407
0.0157423
0.0157439
0.0157455
0.0157471
0.0157487
0.0157502
0.0157518
0.0157534
0.015755
0.0157565
0.0157581
0.0157597
0.0157612
0.0157628
0.0157643
0.0157659
0.0157674
0.015769
0.0157705
0.0157721
0.0157736
0.0157751
0.0157767
0.0157782
0.0157797
0.0157813
0.0157828
0.0157843
0.0157858
0.0157873
0.0157889
0.0157904
0.0157919
0.0157934
0.0157949
0.0157964
0.0157979
0.0157994
0.0158009
0.0158023
0.0158038
0.0158053
0.0158068
0.0158083
0.0158097
0.0158112
0.0158127
0.0158142
0.0158156
0.0158171
0.0158185
0.01582
0.0158214
0.0158229
0.0158243
0.0158258
0.0158272
0.0158287
0.0158301
0.0158315
0.015833
0.0158344
0.0158358
0.0158373
0.0158387
0.0158401
0.0158415
0.0158429
0.0158443
0.0158458
0.0158472
0.0158486
0.01585
0.0158514
0.0158528
0.0158542
0.0158555
0.0158569
0.0158583
0.0158597
0.0158611
0.0158625
0.0158638
0.0158652
0.0158666
0.0158679
0.0158693
0.0158707
0.015872
0.0158734
0.0158747
0.0158761
0.0158774
0.0158788
0.0158801
0.0158815
0.0158828
0.0158842
0.0158855
0.0158868
0.0158882
0.0158895
0.0158908
0.0158921
0.0158935
0.0158948
0.0158961
0.0158974
0.0158987
0.0159
0.0159013
0.0159026
0.0159039
0.0159052
0.0159065
0.0159078
0.0159091
0.0159104
0.0159117
0.015913
0.0159142
0.0159155
0.0159168
0.0159181
0.0159193
0.0159206
0.0159219
0.0159231
0.0159244
0.0159256
0.0159269
0.0159282
0.0159294
0.0159307
0.0159319
0.0159331
0.0159344
0.0159356
0.0159369
0.0159381
0.0159393
0.0159406
0.0159418
0.015943
0.0159442
0.0159455
0.0159467
0.0159479
0.0159491
0.0159503
0.0159515
0.0159527
0.0159539
0.0159551
0.0159563
0.0159575
0.0159587
0.0159599
0.0159611
0.0159623
0.0159635
0.0159647
0.0159658
0.015967
0.0159682
0.0159694
0.0159705
0.0159717
0.0159729
0.015974
0.0159752
0.0159764
0.0159775
0.0159787
0.0159798
0.015981
0.0159821
0.0159833
0.0159844
0.0159856
0.0159867
0.0159878
0.015989
0.0159901
0.0159912
0.0159924
0.0159935
0.0159946
0.0159957
0.0159969
0.015998
0.0159991
0.0160002
0.0160013
0.0160024
0.0160035
0.0160046
0.0160057
0.0160068
0.0160079
0.016009
0.0160101
0.0160112
0.0160123
0.0160134
0.0160145
0.0160156
0.0160166
0.0160177
0.0160188
0.0160199
0.0160209
0.016022
0.0160231
0.0160241
0.0160252
0.0160263
0.0160273
0.0160284
0.0160294
0.0160305
0.0160315
0.0160326
0.0160336
0.0160347
0.0160357
0.0160368
0.0160378
0.0160388
0.0160399
0.0160409
0.0160419
0.016043
0.016044
0.016045
0.016046
0.0160471
0.0160481
0.0160491
0.0160501
0.0160511
0.0160521
0.0160531
0.0160541
0.0160551
0.0160561
0.0160571
0.0160581
0.0160591
0.0160601
0.0160611
0.0160621
0.0160631
0.0160641
0.0160651
0.0160661
0.016067
0.016068
0.016069
0.01607
0.0160709
0.0160719
0.0160729
0.0160738
0.0160748
0.0160758
0.0160767
0.0160777
0.0160786
0.0160796
0.0160806
0.0160815
0.0160825
0.0160834
0.0160843
0.0160853
0.0160862
0.0160872
0.0160881
0.016089
0.01609
0.0160909
0.0160918
0.0160928
0.0160937
0.0160946
0.0160955
0.0160965
0.0160974
0.0160983
0.0160992
0.0161001
0.016101
0.0161019
0.0161029
0.0161038
0.0161047
0.0161056
0.0161065
0.0161074
0.0161083
0.0161092
0.0161101
0.0161109
0.0161118
0.0161127
0.0161136
0.0161145
0.0161154
0.0161163
0.0161171
0.016118
0.0161189
0.0161198
0.0161206
0.0161215
0.0161224
0.0161232
0.0161241
0.016125
0.0161258
0.0161267
0.0161275
0.0161284
0.0161293
0.0161301
0.016131
0.0161318
0.0161327
0.0161335
0.0161343
0.0161352
0.016136
0.0161369
0.0161377
0.0161385
0.0161394
0.0161402
0.016141
0.0161419
0.0161427
0.0161435
0.0161443
0.0161452
0.016146
0.0161468
0.0161476
0.0161484
0.0161492
0.0161501
0.0161509
0.0161517
0.0161525
0.0161533
0.0161541
0.0161549
0.0161557
0.0161565
0.0161573
0.0161581
0.0161589
0.0161597
0.0161605
0.0161613
0.016162
0.0161628
0.0161636
0.0161644
0.0161652
0.016166
0.0161667
0.0161675
0.0161683
0.0161691
0.0161698
0.0161706
0.0161714
0.0161721
0.0161729
0.0161737
0.0161744
0.0161752
0.016176
0.0161767
0.0161775
0.0161782
0.016179
0.0161797
0.0161805
0.0161812
0.016182
0.0161827
0.0161835
0.0161842
0.0161849
0.0161857
0.0161864
0.0161872
0.0161879
0.0161886
0.0161894
0.0161901
0.0161908
0.0161916
0.0161923
0.016193
0.0161937
0.0161944
0.0161952
0.0161959
0.0161966
0.0161973
0.016198
0.0161987
0.0161995
0.0162002
0.0162009
0.0162016
0.0162023
0.016203
0.0162037
0.0162044
0.0162051
0.0162058
0.0162065
0.0162072
0.0162079
0.0162086
0.0162093
0.01621
0.0162106
0.0162113
0.016212
0.0162127
0.0162134
0.0162141
0.0162147
0.0162154
0.0162161
0.0162168
0.0162175
0.0162181
0.0162188
0.0162195
0.0162201
0.0162208
0.0162215
0.0162221
0.0162228
0.0162235
0.0162241
0.0162248
0.0162254
0.0162261
0.0162268
0.0162274
0.0162281
0.0162287
0.0162294
0.01623
0.0162307
0.0162313
0.016232
0.0162326
0.0162332
0.0162339
0.0162345
0.0162352
0.0162358
0.0162364
0.0162371
0.0162377
0.0162383
0.016239
0.0162396
0.0162402
0.0162409
0.0162415
0.0162421
0.0162427
0.0162433
0.016244
0.0162446
0.0162452
0.0162458
0.0162464
0.0162471
0.0162477
0.0162483
0.0162489
0.0162495
0.0162501
0.0162507
0.0162513
0.0162519
0.0162525
0.0162531
0.0162537
0.0162543
0.0162549
0.0162555
0.0162561
0.0162567
0.0162573
0.0162579
0.0162585
0.0162591
0.0162597
0.0162603
0.0162608
0.0162614
0.016262
0.0162626
0.0162632
0.0162638
0.0162643
0.0162649
0.0162655
0.0162661
0.0162666
0.0162672
0.0162678
0.0162684
0.0162689
0.0162695
0.0162701
0.0162706
0.0162712
0.0162718
0.0162723
0.0162729
0.0162734
0.016274
0.0162746
0.0162751
0.0162757
0.0162762
0.0162768
0.0162773
0.0162779
0.0162784
0.016279
0.0162795
0.0162801
0.0162806
0.0162812
0.0162817
0.0162823
0.0162828
0.0162833
0.0162839
0.0162844
0.016285
0.0162855
0.016286
0.0162866
0.0162871
0.0162876
0.0162882
0.0162887
0.0162892
0.0162897
0.0162903
0.0162908
0.0162913
0.0162918
0.0162924
0.0162929
0.0162934
0.0162939
0.0162944
0.016295
0.0162955
0.016296
0.0162965
0.016297
0.0162975
0.016298
0.0162985
0.016299
0.0162996
0.0163001
0.0163006
0.0163011
0.0163016
0.0163021
0.0163026
0.0163031
0.0163036
0.0163041
0.0163046
0.0163051
0.0163056
0.0163061
0.0163066
0.016307
0.0163075
0.016308
0.0163085
0.016309
0.0163095
0.01631
0.0163105
0.0163109
0.0163114
0.0163119
0.0163124
0.0163129
0.0163133
0.0163138
0.0163143
0.0163148
0.0163153
0.0163157
0.0163162
0.0163167
0.0163171
0.0163176
0.0163181
0.0163186
0.016319
0.0163195
0.01632
0.0163204
0.0163209
0.0163214
0.0163218
0.0163223
0.0163227
0.0163232
0.0163237
0.0163241
0.0163246
0.016325
0.0163255
0.0163259
0.0163264
0.0163268
0.0163273
0.0163277
0.0163282
0.0163286
0.0163291
0.0163295
0.01633
0.0163304
0.0163309
0.0163313
0.0163317
0.0163322
0.0163326
0.0163331
0.0163335
0.0163339
0.0163344
0.0163348
0.0163352
0.0163357
0.0163361
0.0163365
0.016337
0.0163374
0.0163378
0.0163383
0.0163387
0.0163391
0.0163395
0.01634
0.0163404
0.0163408
0.0163412
0.0163417
0.0163421
0.0163425
0.0163429
0.0163433
0.0163438
0.0163442
0.0163446
0.016345
0.0163454
0.0163458
0.0163462
0.0163467
0.0163471
0.0163475
0.0163479
0.0163483
0.0163487
0.0163491
0.0163495
0.0163499
0.0163503
0.0163507
0.0163511
0.0163515
0.0163519
0.0163523
0.0163527
0.0163531
0.0163535
0.0163539
0.0163543
0.0163547
0.0163551
0.0163555
0.0163559
0.0163563
0.0163567
0.0163571
0.0163575
0.0163579
0.0163582
0.0163586
0.016359
0.0163594
0.0163598
0.0163602
0.0163606
0.0163609
0.0163613
0.0163617
0.0163621
0.0163625
0.0163628
0.0163632
0.0163636
0.016364
0.0163643
0.0163647
0.0163651
0.0163655
0.0163658
0.0163662
0.0163666
0.016367
0.0163673
0.0163677
0.0163681
0.0163684
0.0163688
0.0163692
0.0163695
0.0163699
0.0163703
0.0163706
0.016371
0.0163713
0.0163717
0.0163721
0.0163724
0.0163728
0.0163731
0.0163735
0.0163739
0.0163742
0.0163746
0.0163749
0.0163753
0.0163756
0.016376
0.0163763
0.0163767
0.016377
0.0163774
0.0163777
0.0163781
0.0163784
0.0163788
0.0163791
0.0163795
0.0163798
0.0163802
0.0163805
0.0163808
0.0163812
0.0163815
0.0163819
0.0163822
0.0163825
0.0163829
0.0163832
0.0163836
0.0163839
0.0163842
0.0163846
0.0163849
0.0163852
0.0163856
0.0163859
0.0163862
0.0163866
0.0163869
0.0163872
0.0163875
0.0163879
0.0163882
0.0163885
0.0163889
0.0163892
0.0163895
0.0163898
0.0163902
0.0163905
0.0163908
0.0163911
0.0163914
0.0163918
0.0163921
0.0163924
0.0163927
0.016393
0.0163934
0.0163937
0.016394
0.0163943
0.0163946
0.0163949
0.0163952
0.0163956
0.0163959
0.0163962
0.0163965
0.0163968
0.0163971
0.0163974
0.0163977
0.016398
0.0163983
0.0163987
0.016399
0.0163993
0.0163996
0.0163999
0.0164002
0.0164005
0.0164008
0.0164011
0.0164014
0.0164017
0.016402
0.0164023
0.0164026
0.0164029
0.0164032
0.0164035
0.0164038
0.0164041
0.0164044
0.0164047
0.016405
0.0164052
0.0164055
0.0164058
0.0164061
0.0164064
0.0164067
0.016407
0.0164073
0.0164076
0.0164079
0.0164081
0.0164084
0.0164087
0.016409
0.0164093
0.0164096
0.0164099
0.0164101
0.0164104
0.0164107
0.016411
0.0164113
0.0164116
0.0164118
0.0164121
0.0164124
0.0164127
0.0164129
0.0164132
0.0164135
0.0164138
0.0164141
0.0164143
0.0164146
0.0164149
0.0164151
0.0164154
0.0164157
0.016416
0.0164162
0.0164165
0.0164168
0.016417
0.0164173
0.0164176
0.0164179
0.0164181
0.0164184
0.0164187
0.0164189
0.0164192
0.0164194
0.0164197
0.01642
0.0164202
0.0164205
0.0164208
0.016421
0.0164213
0.0164215
0.0164218
0.0164221
0.0164223
0.0164226
0.0164228
0.0164231
0.0164234
0.0164236
0.0164239
0.0164241
0.0164244
0.0164246
0.0164249
0.0164251
0.0164254
0.0164256
0.0164259
0.0164261
0.0164264
0.0164266
0.0164269
0.0164271
0.0164274
0.0164276
0.0164279
0.0164281
0.0164284
0.0164286
0.0164289
0.0164291
0.0164294
0.0164296
0.0164299
0.0164301
0.0164303
0.0164306
0.0164308
0.0164311
0.0164313
0.0164315
0.0164318
0.016432
0.0164323
0.0164325
0.0164327
0.016433
0.0164332
0.0164335
0.0164337
0.0164339
0.0164342
0.0164344
0.0164346
0.0164349
0.0164351
0.0164353
0.0164356
0.0164358
0.016436
0.0164363
0.0164365
0.0164367
0.0164369
0.0164372
0.0164374
0.0164376
0.0164379
0.0164381
0.0164383
0.0164385
0.0164388
0.016439
0.0164392
0.0164394
0.0164397
0.0164399
0.0164401
0.0164403
0.0164405
0.0164408
0.016441
0.0164412
0.0164414
0.0164417
0.0164419
0.0164421
0.0164423
0.0164425
0.0164427
0.016443
0.0164432
0.0164434
0.0164436
0.0164438
0.016444
0.0164443
0.0164445
0.0164447
0.0164449
0.0164451
0.0164453
0.0164455
0.0164457
0.016446
0.0164462
0.0164464
0.0164466
0.0164468
0.016447
0.0164472
0.0164474
0.0164476
0.0164478
0.0164481
0.0164483
0.0164485
0.0164487
0.0164489
0.0164491
0.0164493
0.0164495
0.0164497
0.0164499
0.0164501
0.0164503
0.0164505
0.0164507
0.0164509
0.0164511
0.0164513
0.0164515
0.0164517
0.0164519
0.0164521
0.0164523
0.0164525
0.0164527
0.0164529
0.0164531
0.0164533
0.0164535
0.0164537
0.0164539
0.0164541
0.0164543
0.0164545
0.0164547
0.0164548
0.016455
0.0164552
0.0164554
0.0164556
0.0164558
0.016456
0.0164562
0.0164564
0.0164566
0.0164568
0.0164569
0.0164571
0.0164573
0.0164575
0.0164577
0.0164579
0.0164581
0.0164583
0.0164584
0.0164586
0.0164588
0.016459
0.0164592
0.0164594
0.0164596
0.0164597
0.0164599
0.0164601
0.0164603
0.0164605
0.0164607
0.0164608
0.016461
0.0164612
0.0164614
0.0164616
0.0164617
0.0164619
0.0164621
0.0164623
0.0164624
0.0164626
0.0164628
0.016463
0.0164632
0.0164633
0.0164635
0.0164637
0.0164639
0.016464
0.0164642
0.0164644
0.0164646
0.0164647
0.0164649
0.0164651
0.0164652
0.0164654
0.0164656
0.0164658
0.0164659
0.0164661
0.0164663
0.0164664
0.0164666
0.0164668
0.0164669
0.0164671
0.0164673
0.0164675
0.0164676
0.0164678
0.016468
0.0164681
0.0164683
0.0164685
0.0164686
0.0164688
0.0164689
0.0164691
0.0164693
0.0164694
0.0164696
0.0164698
0.0164699
0.0164701
0.0164703
0.0164704
0.0164706
0.0164707
0.0164709
0.0164711
0.0164712
0.0164714
0.0164715
0.0164717
0.0164719
0.016472
0.0164722
0.0164723
0.0164725
0.0164726
0.0164728
0.016473
0.0164731
0.0164733
0.0164734
0.0164736
0.0164737
0.0164739
0.016474
0.0164742
0.0164744
0.0164745
0.0164747
0.0164748
0.016475
0.0164751
0.0164753
0.0164754
0.0164756
0.0164757
0.0164759
0.016476
0.0164762
0.0164763
0.0164765
0.0164766
0.0164768
0.0164769
0.0164771
0.0164772
0.0164774
0.0164775
0.0164777
0.0164778
0.016478
0.0164781
0.0164782
0.0164784
0.0164785
0.0164787
0.0164788
0.016479
0.0164791
0.0164793
0.0164794
0.0164795
0.0164797
0.0164798
0.01648
0.0164801
0.0164803
0.0164804
0.0164805
0.0164807
0.0164808
0.016481
0.0164811
0.0164812
0.0164814
0.0164815
0.0164817
0.0164818
0.0164819
0.0164821
0.0164822
0.0164823
0.0164825
0.0164826
0.0164828
0.0164829
0.016483
0.0164832
0.0164833
0.0164834
0.0164836
0.0164837
0.0164838
0.016484
0.0164841
0.0164842
0.0164844
0.0164845
0.0164846
0.0164848
0.0164849
0.016485
0.0164852
0.0164853
0.0164854
0.0164856
0.0164857
0.0164858
0.016486
0.0164861
0.0164862
0.0164863
0.0164865
0.0164866
0.0164867
0.0164869
0.016487
0.0164871
0.0164872
0.0164874
0.0164875
0.0164876
0.0164878
0.0164879
0.016488
0.0164881
0.0164883
0.0164884
0.0164885
0.0164886
0.0164888
0.0164889
0.016489
0.0164891
0.0164892
0.0164894
0.0164895
0.0164896
0.0164897
0.0164899
0.01649
0.0164901
0.0164902
0.0164903
0.0164905
0.0164906
0.0164907
0.0164908
0.0164909
0.0164911
0.0164912
0.0164913
0.0164914
0.0164915
0.0164917
0.0164918
0.0164919
0.016492
0.0164921
0.0164923
0.0164924
0.0164925
0.0164926
0.0164927
0.0164928
0.0164929
0.0164931
0.0164932
0.0164933
0.0164934
0.0164935
0.0164936
0.0164938
0.0164939
0.016494
0.0164941
0.0164942
0.0164943
0.0164944
0.0164945
0.0164947
0.0164948
0.0164949
0.016495
0.0164951
0.0164952
0.0164953
0.0164954
0.0164955
0.0164957
0.0164958
0.0164959
0.016496
0.0164961
0.0164962
0.0164963
0.0164964
0.0164965
0.0164966
0.0164967
0.0164969
0.016497
0.0164971
0.0164972
0.0164973
0.0164974
0.0164975
0.0164976
0.0164977
0.0164978
0.0164979
0.016498
0.0164981
0.0164982
0.0164983
0.0164984
0.0164985
0.0164986
0.0164988
0.0164989
0.016499
0.0164991
0.0164992
0.0164993
0.0164994
0.0164995
0.0164996
0.0164997
0.0164998
0.0164999
0.0165
0.0165001
0.0165002
0.0165003
0.0165004
0.0165005
0.0165006
0.0165007
0.0165008
0.0165009
0.016501
0.0165011
0.0165012
0.0165013
0.0165014
0.0165015
0.0165016
0.0165017
0.0165018
0.0165019
0.016502
0.0165021
0.0165022
0.0165023
0.0165023
0.0165024
0.0165025
0.0165026
0.0165027
0.0165028
0.0165029
0.016503
0.0165031
0.0165032
0.0165033
0.0165034
0.0165035
0.0165036
0.0165037
0.0165038
0.0165039
0.016504
0.016504
0.0165041
0.0165042
0.0165043
0.0165044
0.0165045
0.0165046
0.0165047
0.0165048
0.0165049
0.016505
0.0165051
0.0165051
0.0165052
0.0165053
0.0165054
0.0165055
0.0165056
0.0165057
0.0165058
0.0165059
0.0165059
0.016506
0.0165061
0.0165062
0.0165063
0.0165064
0.0165065
0.0165066
0.0165066
0.0165067
0.0165068
0.0165069
0.016507
0.0165071
0.0165072
0.0165073
0.0165073
0.0165074
0.0165075
0.0165076
0.0165077
0.0165078
0.0165079
0.0165079
0.016508
0.0165081
0.0165082
0.0165083
0.0165084
0.0165084
0.0165085
0.0165086
0.0165087
0.0165088
0.0165089
0.0165089
0.016509
0.0165091
0.0165092
0.0165093
0.0165093
0.0165094
0.0165095
0.0165096
0.0165097
0.0165098
0.0165098
0.0165099
0.01651
0.0165101
0.0165102
0.0165102
0.0165103
0.0165104
0.0165105
0.0165105
0.0165106
0.0165107
0.0165108
0.0165109
0.0165109
0.016511
0.0165111
0.0165112
0.0165113
0.0165113
0.0165114
0.0165115
0.0165116
0.0165116
0.0165117
0.0165118
0.0165119
0.0165119
0.016512
0.0165121
0.0165122
0.0165122
0.0165123
0.0165124
0.0165125
0.0165125
0.0165126
0.0165127
0.0165128
0.0165128
0.0165129
0.016513
0.0165131
0.0165131
0.0165132
0.0165133
0.0165134
0.0165134
0.0165135
0.0165136
0.0165136
0.0165137
0.0165138
0.0165139
0.0165139
0.016514
0.0165141
0.0165141
0.0165142
0.0165143
0.0165144
0.0165144
0.0165145
0.0165146
0.0165146
0.0165147
0.0165148
0.0165149
0.0165149
0.016515
0.0165151
0.0165151
0.0165152
0.0165153
0.0165153
0.0165154
0.0165155
0.0165155
0.0165156
0.0165157
0.0165157
0.0165158
0.0165159
0.016516
0.016516
0.0165161
0.0165162
0.0165162
0.0165163
0.0165164
0.0165164
0.0165165
0.0165166
0.0165166
0.0165167
0.0165168
0.0165168
0.0165169
0.0165169
0.016517
0.0165171
0.0165171
0.0165172
0.0165173
0.0165173
0.0165174
0.0165175
0.0165175
0.0165176
0.0165177
0.0165177
0.0165178
0.0165178
0.0165179
0.016518
0.016518
0.0165181
0.0165182
0.0165182
0.0165183
0.0165183
0.0165184
0.0165185
0.0165185
0.0165186
0.0165187
0.0165187
0.0165188
0.0165188
0.0165189
0.016519
0.016519
0.0165191
0.0165191
0.0165192
0.0165193
0.0165193
0.0165194
0.0165194
0.0165195
0.0165196
0.0165196
0.0165197
0.0165197
0.0165198
0.0165199
0.0165199
0.01652
0.01652
0.0165201
0.0165202
0.0165202
0.0165203
0.0165203
0.0165204
0.0165204
0.0165205
0.0165206
0.0165206
0.0165207
0.0165207
0.0165208
0.0165208
0.0165209
0.016521
0.016521
0.0165211
0.0165211
0.0165212
0.0165212
0.0165213
0.0165214
0.0165214
0.0165215
0.0165215
0.0165216
0.0165216
0.0165217
0.0165217
0.0165218
0.0165219
0.0165219
0.016522
0.016522
0.0165221
0.0165221
0.0165222
0.0165222
0.0165223
0.0165223
0.0165224
0.0165224
0.0165225
0.0165226
0.0165226
0.0165227
0.0165227
0.0165228
0.0165228
0.0165229
0.0165229
0.016523
0.016523
0.0165231
0.0165231
0.0165232
0.0165232
0.0165233
0.0165233
0.0165234
0.0165234
0.0165235
0.0165235
0.0165236
0.0165236
0.0165237
0.0165237
0.0165238
0.0165238
0.0165239
0.0165239
0.016524
0.016524
0.0165241
0.0165241
0.0165242
0.0165242
0.0165243
0.0165243
0.0165244
0.0165244
0.0165245
0.0165245
0.0165246
0.0165246
0.0165247
0.0165247
0.0165248
0.0165248
0.0165249
0.0165249
0.016525
0.016525
0.0165251
0.0165251
0.0165252
0.0165252
0.0165253
0.0165253
0.0165254
0.0165254
0.0165254
0.0165255
0.0165255
0.0165256
0.0165256
0.0165257
0.0165257
0.0165258
0.0165258
0.0165259
0.0165259
0.016526
0.016526
0.016526
0.0165261
0.0165261
0.0165262
0.0165262
0.0165263
0.0165263
0.0165264
0.0165264
0.0165264
0.0165265
0.0165265
0.0165266
0.0165266
0.0165267
0.0165267
0.0165268
0.0165268
0.0165268
0.0165269
0.0165269
0.016527
0.016527
0.0165271
0.0165271
0.0165271
0.0165272
0.0165272
0.0165273
0.0165273
0.0165274
0.0165274
0.0165274
0.0165275
0.0165275
0.0165276
0.0165276
0.0165277
0.0165277
0.0165277
0.0165278
0.0165278
0.0165279
0.0165279
0.0165279
0.016528
0.016528
0.0165281
0.0165281
0.0165282
0.0165282
0.0165282
0.0165283
0.0165283
0.0165284
0.0165284
0.0165284
0.0165285
0.0165285
0.0165286
0.0165286
0.0165286
0.0165287
0.0165287
0.0165288
0.0165288
0.0165288
0.0165289
0.0165289
0.016529
0.016529
0.016529
0.0165291
0.0165291
0.0165291
0.0165292
0.0165292
0.0165293
0.0165293
0.0165293
0.0165294
0.0165294
0.0165294
0.0165295
0.0165295
0.0165296
0.0165296
0.0165296
0.0165297
0.0165297
0.0165297
0.0165298
0.0165298
0.0165299
0.0165299
0.0165299
0.01653
0.01653
0.01653
0.0165301
0.0165301
0.0165302
0.0165302
0.0165302
0.0165303
0.0165303
0.0165303
0.0165304
0.0165304
0.0165304
0.0165305
0.0165305
0.0165305
0.0165306
0.0165306
0.0165307
0.0165307
0.0165307
0.0165308
0.0165308
0.0165308
0.0165309
0.0165309
0.0165309
0.016531
0.016531
0.016531
0.0165311
0.0165311
0.0165311
0.0165312
0.0165312
0.0165312
0.0165313
0.0165313
0.0165313
0.0165314
0.0165314
0.0165314
0.0165315
0.0165315
0.0165315
0.0165316
0.0165316
0.0165316
0.0165317
0.0165317
0.0165317
0.0165318
0.0165318
0.0165318
0.0165319
0.0165319
0.0165319
0.016532
0.016532
0.016532
0.0165321
0.0165321
0.0165321
0.0165322
0.0165322
0.0165322
0.0165322
0.0165323
0.0165323
0.0165323
0.0165324
0.0165324
0.0165324
0.0165325
0.0165325
0.0165325
0.0165326
0.0165326
0.0165326
0.0165327
0.0165327
0.0165327
0.0165327
0.0165328
0.0165328
0.0165328
0.0165329
0.0165329
0.0165329
0.016533
0.016533
0.016533
0.016533
0.0165331
0.0165331
0.0165331
0.0165332
0.0165332
0.0165332
0.0165332
0.0165333
0.0165333
0.0165333
0.0165334
0.0165334
0.0165334
0.0165334
0.0165335
0.0165335
0.0165335
0.0165336
0.0165336
0.0165336
0.0165336
0.0165337
0.0165337
0.0165337
0.0165338
0.0165338
0.0165338
0.0165338
0.0165339
0.0165339
0.0165339
0.016534
0.016534
0.016534
0.016534
0.0165341
0.0165341
0.0165341
0.0165341
0.0165342
0.0165342
0.0165342
0.0165343
0.0165343
0.0165343
0.0165343
0.0165344
0.0165344
0.0165344
0.0165344
0.0165345
0.0165345
0.0165345
0.0165345
0.0165346
0.0165346
0.0165346
0.0165346
0.0165347
0.0165347
0.0165347
0.0165348
0.0165348
0.0165348
0.0165348
0.0165349
0.0165349
0.0165349
0.0165349
0.016535
0.016535
0.016535
0.016535
0.0165351
0.0165351
0.0165351
0.0165351
0.0165352
0.0165352
0.0165352
0.0165352
0.0165353
0.0165353
0.0165353
0.0165353
0.0165353
0.0165354
0.0165354
0.0165354
0.0165354
0.0165355
0.0165355
0.0165355
0.0165355
0.0165356
0.0165356
0.0165356
0.0165356
0.0165357
0.0165357
0.0165357
0.0165357
0.0165358
0.0165358
0.0165358
0.0165358
0.0165358
0.0165359
0.0165359
0.0165359
0.0165359
0.016536
0.016536
0.016536
0.016536
0.0165361
0.0165361
0.0165361
0.0165361
0.0165361
0.0165362
0.0165362
0.0165362
0.0165362
0.0165363
0.0165363
0.0165363
0.0165363
0.0165363
0.0165364
0.0165364
0.0165364
0.0165364
0.0165364
0.0165365
0.0165365
0.0165365
0.0165365
0.0165366
0.0165366
0.0165366
0.0165366
0.0165366
0.0165367
0.0165367
0.0165367
0.0165367
0.0165367
0.0165368
0.0165368
0.0165368
0.0165368
0.0165369
0.0165369
0.0165369
0.0165369
0.0165369
0.016537
0.016537
0.016537
0.016537
0.016537
0.0165371
0.0165371
0.0165371
0.0165371
0.0165371
0.0165372
0.0165372
0.0165372
0.0165372
0.0165372
0.0165373
0.0165373
0.0165373
0.0165373
0.0165373
0.0165374
0.0165374
0.0165374
0.0165374
0.0165374
0.0165374
0.0165375
0.0165375
0.0165375
0.0165375
0.0165375
0.0165376
0.0165376
0.0165376
0.0165376
0.0165376
0.0165377
0.0165377
0.0165377
0.0165377
0.0165377
0.0165378
0.0165378
0.0165378
0.0165378
0.0165378
0.0165378
0.0165379
0.0165379
0.0165379
0.0165379
0.0165379
0.016538
0.016538
0.016538
0.016538
0.016538
0.016538
0.0165381
0.0165381
0.0165381
0.0165381
0.0165381
0.0165381
0.0165382
0.0165382
0.0165382
0.0165382
0.0165382
0.0165383
0.0165383
0.0165383
0.0165383
0.0165383
0.0165383
0.0165384
0.0165384
0.0165384
0.0165384
0.0165384
0.0165384
0.0165385
0.0165385
0.0165385
0.0165385
0.0165385
0.0165385
0.0165386
0.0165386
0.0165386
0.0165386
0.0165386
0.0165386
0.0165387
0.0165387
0.0165387
0.0165387
0.0165387
0.0165387
0.0165387
0.0165388
0.0165388
0.0165388
0.0165388
0.0165388
0.0165388
0.0165389
0.0165389
0.0165389
0.0165389
0.0165389
0.0165389
0.016539
0.016539
0.016539
0.016539
0.016539
0.016539
0.016539
0.0165391
0.0165391
0.0165391
0.0165391
0.0165391
0.0165391
0.0165392
0.0165392
0.0165392
0.0165392
0.0165392
0.0165392
0.0165392
0.0165393
0.0165393
0.0165393
0.0165393
0.0165393
0.0165393
0.0165393
0.0165394
0.0165394
0.0165394
0.0165394
0.0165394
0.0165394
0.0165394
0.0165395
0.0165395
0.0165395
0.0165395
0.0165395
0.0165395
0.0165395
0.0165396
0.0165396
0.0165396
0.0165396
0.0165396
0.0165396
0.0165396
0.0165397
0.0165397
0.0165397
0.0165397
0.0165397
0.0165397
0.0165397
0.0165398
0.0165398
0.0165398
0.0165398
0.0165398
0.0165398
0.0165398
0.0165398
0.0165399
0.0165399
0.0165399
0.0165399
0.0165399
0.0165399
0.0165399
0.01654
0.01654
0.01654
0.01654
0.01654
0.01654
0.01654
0.01654
0.0165401
0.0165401
0.0165401
0.0165401
0.0165401
0.0165401
0.0165401
0.0165401
0.0165402
0.0165402
0.0165402
0.0165402
0.0165402
0.0165402
0.0165402
0.0165402
0.0165403
0.0165403
0.0165403
0.0165403
0.0165403
0.0165403
0.0165403
0.0165403
0.0165404
0.0165404
0.0165404
0.0165404
0.0165404
0.0165404
0.0165404
0.0165404
0.0165404
0.0165405
0.0165405
0.0165405
0.0165405
0.0165405
0.0165405
0.0165405
0.0165405
0.0165406
0.0165406
0.0165406
0.0165406
0.0165406
0.0165406
0.0165406
0.0165406
0.0165406
0.0165407
0.0165407
0.0165407
0.0165407
0.0165407
0.0165407
0.0165407
0.0165407
0.0165407
0.0165408
0.0165408
0.0165408
0.0165408
0.0165408
0.0165408
0.0165408
0.0165408
0.0165408
0.0165409
0.0165409
0.0165409
0.0165409
0.0165409
0.0165409
0.0165409
0.0165409
0.0165409
0.0165409
0.016541
0.016541
0.016541
0.016541
0.016541
0.016541
0.016541
0.016541
0.016541
0.016541
0.0165411
0.0165411
0.0165411
0.0165411
0.0165411
0.0165411
0.0165411
0.0165411
0.0165411
0.0165411
0.0165412
0.0165412
0.0165412
0.0165412
0.0165412
0.0165412
0.0165412
0.0165412
0.0165412
0.0165412
0.0165413
0.0165413
0.0165413
0.0165413
0.0165413
0.0165413
0.0165413
0.0165413
0.0165413
0.0165413
0.0165414
0.0165414
0.0165414
0.0165414
0.0165414
0.0165414
0.0165414
0.0165414
0.0165414
0.0165414
0.0165414
0.0165415
0.0165415
0.0165415
0.0165415
0.0165415
0.0165415
0.0165415
0.0165415
0.0165415
0.0165415
0.0165415
0.0165416
0.0165416
0.0165416
0.0165416
0.0165416
0.0165416
0.0165416
0.0165416
0.0165416
0.0165416
0.0165416
0.0165416
0.0165417
0.0165417
0.0165417
0.0165417
0.0165417
0.0165417
0.0165417
0.0165417
0.0165417
0.0165417
0.0165417
0.0165417
0.0165418
0.0165418
0.0165418
0.0165418
0.0165418
0.0165418
0.0165418
0.0165418
0.0165418
0.0165418
0.0165418
0.0165418
0.0165419
0.0165419
0.0165419
0.0165419
0.0165419
0.0165419
0.0165419
0.0165419
0.0165419
0.0165419
0.0165419
0.0165419
0.0165419
0.016542
0.016542
0.016542
0.016542
0.016542
0.016542
0.016542
0.016542
0.016542
0.016542
0.016542
0.016542
0.016542
0.0165421
0.0165421
0.0165421
0.0165421
0.0165421
0.0165421
0.0165421
0.0165421
0.0165421
0.0165421
0.0165421
0.0165421
0.0165421
0.0165422
0.0165422
0.0165422
0.0165422
0.0165422
0.0165422
0.0165422
0.0165422
0.0165422
0.0165422
0.0165422
0.0165422
0.0165422
0.0165422
0.0165423
0.0165423
0.0165423
0.0165423
0.0165423
0.0165423
0.0165423
0.0165423
0.0165423
0.0165423
0.0165423
0.0165423
0.0165423
0.0165423
0.0165423
0.0165424
0.0165424
0.0165424
0.0165424
0.0165424
0.0165424
0.0165424
0.0165424
0.0165424
0.0165424
0.0165424
0.0165424
0.0165424
0.0165424
0.0165424
0.0165424
0.0165425
0.0165425
0.0165425
0.0165425
0.0165425
0.0165425
0.0165425
0.0165425
0.0165425
0.0165425
0.0165425
0.0165425
0.0165425
0.0165425
0.0165425
0.0165425
0.0165426
0.0165426
0.0165426
0.0165426
0.0165426
0.0165426
0.0165426
0.0165426
0.0165426
0.0165426
0.0165426
0.0165426
0.0165426
0.0165426
0.0165426
0.0165426
0.0165426
0.0165427
0.0165427
0.0165427
0.0165427
0.0165427
0.0165427
0.0165427
0.0165427
0.0165427
0.0165427
0.0165427
0.0165427
0.0165427
0.0165427
0.0165427
0.0165427
0.0165427
0.0165428
0.0165428
0.0165428
0.0165428
0.0165428
0.0165428
0.0165428
0.0165428
0.0165428
0.0165428
0.0165428
0.0165428
0.0165428
0.0165428
0.0165428
0.0165428
0.0165428
0.0165428
0.0165428
0.0165429
0.0165429
0.0165429
0.0165429
0.0165429
0.0165429
0.0165429
0.0165429
0.0165429
0.0165429
0.0165429
0.0165429
0.0165429
0.0165429
0.0165429
0.0165429
0.0165429
0.0165429
0.0165429
0.0165429
0.016543
0.016543
0.016543
0.016543
0.016543
0.016543
0.016543
0.016543
0.016543
0.016543
0.016543
0.016543
0.016543
0.016543
0.016543
0.016543
0.016543
0.016543
0.016543
0.016543
0.016543
0.0165431
0.0165431
0.0165431
0.0165431
0.0165431
0.0165431
0.0165431
0.0165431
0.0165431
0.0165431
0.0165431
0.0165431
0.0165431
0.0165431
0.0165431
0.0165431
0.0165431
0.0165431
0.0165431
0.0165431
0.0165431
0.0165431
0.0165432
0.0165432
0.0165432
0.0165432
0.0165432
0.0165432
0.0165432
0.0165432
0.0165432
0.0165432
0.0165432
0.0165432
0.0165432
0.0165432
0.0165432
0.0165432
0.0165432
0.0165432
0.0165432
0.0165432
0.0165432
0.0165432
0.0165432
0.0165432
0.0165432
0.0165433
0.0165433
0.0165433
0.0165433
0.0165433
0.0165433
0.0165433
0.0165433
0.0165433
0.0165433
0.0165433
0.0165433
0.0165433
0.0165433
0.0165433
0.0165433
0.0165433
0.0165433
0.0165433
0.0165433
0.0165433
0.0165433
0.0165433
0.0165433
0.0165433
0.0165433
0.0165434
0.0165434
0.0165434
0.0165434
0.0165434
0.0165434
0.0165434
0.0165434
0.0165434
0.0165434
0.0165434
0.0165434
0.0165434
0.0165434
0.0165434
0.0165434
0.0165434
0.0165434
0.0165434
0.0165434
0.0165434
0.0165434
0.0165434
0.0165434
0.0165434
0.0165434
0.0165434
0.0165434
0.0165435
0.0165435
0.0165435
0.0165435
0.0165435
0.0165435
0.0165435
0.0165435
0.0165435
0.0165435
0.0165435
0.0165435
0.0165435
0.0165435
0.0165435
0.0165435
0.0165435
0.0165435
0.0165435
0.0165435
0.0165435
0.0165435
0.0165435
0.0165435
0.0165435
0.0165435
0.0165435
0.0165435
0.0165435
0.0165435
0.0165435
0.0165435
0.0165436
0.0165436
0.0165436
0.0165436
0.0165436
0.0165436
0.0165436
0.0165436
0.0165436
0.0165436
0.0165436
0.0165436
0.0165436
0.0165436
0.0165436
0.0165436
0.0165436
0.0165436
0.0165436
0.0165436
0.0165436
0.0165436
0.0165436
0.0165436
0.0165436
0.0165436
0.0165436
0.0165436
0.0165436
0.0165436
0.0165436
0.0165436
0.0165436
0.0165436
0.0165436
0.0165437
0.0165437
0.0165437
0.0165437
0.0165437
0.0165437
0.0165437
0.0165437
0.0165437
0.0165437
0.0165437
0.0165437
0.0165437
0.0165437
0.0165437
0.0165437
0.0165437
0.0165437
0.0165437
0.0165437
0.0165437
0.0165437
0.0165437
0.0165437
0.0165437
0.0165437
0.0165437
0.0165437
0.0165437
0.0165437
0.0165437
0.0165437
0.0165437
0.0165437
0.0165437
0.0165437
0.0165437
0.0165437
0.0165437
0.0165437
0.0165437
0.0165438
0.0165438
0.0165438
0.0165438
0.0165438
0.0165438
0.0165438
0.0165438
0.0165438
0.0165438
0.0165438
0.0165438
0.0165438
0.0165438
0.0165438
0.0165438
0.0165438
0.0165438
0.0165438
0.0165438
0.0165438
0.0165438
0.0165438
0.0165438
0.0165438
0.0165438
0.0165438
0.0165438
0.0165438
0.0165438
0.0165438
0.0165438
0.0165438
0.0165438
0.0165438
0.0165438
0.0165438
0.0165438
0.0165438
0.0165438
0.0165438
0.0165438
0.0165438
0.0165438
0.0165438
0.0165438
0.0165438
0.0165439
0.0165439
0.0165439
0.0165439
0.0165439
0.0165439
0.0165439
0.0165439
0.0165439
0.0165439
0.0165439
0.0165439
0.0165439
0.0165439
0.0165439
0.0165439
0.0165439
0.0165439
0.0165439
0.0165439
0.0165439
0.0165439
0.0165439
0.0165439
0.0165439
0.0165439
0.0165439
0.0165439
0.0165439
0.0165439
0.0165439
0.0165439
0.0165439
0.0165439
0.0165439
0.0165439
0.0165439
0.0165439
0.0165439
0.0165439
0.0165439
0.0165439
0.0165439
0.0165439
0.0165439
0.0165439
0.0165439
0.0165439
0.0165439
0.0165439
0.0165439
0.0165439
0.0165439
0.0165439
0.0165439
0.0165439
0.0165439
0.0165439
0.016544
0.016544
0.016544
0.016544
0.016544
0.016544
0.016544
0.016544
0.016544
0.016544
0.016544
0.016544
0.016544
0.016544
0.016544
0.016544
0.016544
0.016544
0.016544
0.016544
0.016544
0.016544
0.016544
0.016544
0.016544
0.016544
0.016544
0.016544
0.016544
0.016544
0.016544
0.016544
0.016544
0.016544
0.016544
0.016544
0.016544
0.016544
0.016544
0.016544
0.016544
0.016544
0.016544
0.016544
0.016544
0.016544
0.016544
0.016544
0.016544
0.016544
0.016544
0.016544
0.016544
0.016544
0.016544
0.016544
0.016544
0.016544
0.016544
0.016544
0.016544
0.016544
0.016544
0.016544
0.016544
0.016544
0.016544
0.016544
0.016544
0.016544
0.016544
0.016544
0.016544
0.016544
0.016544
0.016544
0.016544
0.016544
0.0165441
0.0165441
0.0165441
0.0165441
0.0165441
0.0165441
0.0165441
0.0165441
0.0165441
0.0165441
0.0165441
0.0165441
0.0165441
0.0165441
0.0165441
0.0165441
0.0165441
0.0165441
0.0165441
0.0165441
0.0165441
0.0165441
0.0165441
0.0165441
0.0165441
0.0165441
0.0165441
0.0165441
0.0165441
0.0165441
0.0165441
0.0165441
0.0165441
0.0165441
0.0165441
0.0165441
0.0165441
0.0165441
0.0165441
0.0165441
0.0165441
0.0165441
0.0165441
0.0165441
0.0165441
0.0165441
0.0165441
0.0165441
0.0165441
0.0165441
0.0165441
0.0165441
0.0165441
0.0165441
0.0165441
0.0165441
0.0165441
0.0165441
0.0165441
0.0165441
0.0165441
0.0165441
0.0165441
0.0165441
0.0165441
0.0165441
0.0165441
0.0165441
0.0165441
0.0165441
0.0165441
0.0165441
0.0165441
0.0165441
0.0165441
0.0165441
0.0165441
0.0165441
0.0165441
0.0165441
0.0165441
0.0165441
0.0165441
0.0165441
0.0165441
0.0165441
0.0165441
0.0165441
0.0165441
0.0165441
0.0165441
0.0165441
0.0165441
0.0165441
0.0165441
0.0165441
0.0165441
0.0165441
0.0165441
0.0165441
0.0165441
0.0165441
0.0165441
0.0165441
0.0165441
0.0165441
0.0165441
0.0165441
0.0165441
0.0165441
0.0165441
0.0165441
0.0165441
0.0165441
0.0165441
0.0165441
0.0165441
0.0165441
0.0165441
0.0165441
0.0165441
0.0165441
0.0165441
0.0165441
0.0165441
0.0165441
0.0165441
0.0165441
0.0165441
0.0165441
0.0165441
0.0165441
0.0165441
0.0165442
0.0165442
0.0165442
0.0165442
0.0165442
0.0165442
0.0165442
0.0165442
0.0165442
0.0165442
0.0165442
0.0165442
0.0165442
0.0165442
0.0165442
0.0165442
0.0165442
0.0165442
0.0165442
0.0165442
0.0165442
0.0165442
0.0165442
0.0165442
0.0165442
0.0165442
0.0165442
0.0165442
0.0165442
0.0165442
0.0165442
0.0165442
0.0165442
0.0165442
0.0165442
0.0165442
0.0165442
0.0165442
0.0165442
0.0165442
0.0165442
0.0165442
0.0165442
0.0165442
0.0165442
0.0165442
0.0165442
0.0165442
0.0165442
0.0165442
0.0165442
0.0165442
0.0165442
0.0165442
0.0165442
0.0165442
0.0165442
0.0165442
0.0165442
0.0165442
0.0165442
0.0165442
0.0165442
0.0165442
0.0165442
0.0165442
0.0165442
0.0165442
0.0165442
0.0165442
0.0165442
0.0165442
0.0165442
0.0165442
0.0165442
0.0165442
0.0165442
0.0165442
0.0165442
0.0165442
0.0165442
0.0165442
0.0165442
0.0165442
0.0165442
0.0165442
0.0165442
0.0165442
0.0165442
0.0165442
0.0165442
0.0165442
0.0165442
0.0165442
0.0165442
0.0165442
0.0165442
0.0165442
0.0165442
0.0165442
0.0165442
0.0165442
0.0165442
0.0165442
0.0165442
0.0165442
0.0165442
0.0165442
0.0165442
0.0165442
0.0165442
0.0165442
0.0165442
0.0165442
0.0165442
0.0165442
0.0165442
0.0165442
0.0165442
0.0165442
0.0165442
0.0165442
0.0165442
0.0165442
0.0165442
0.0165442
0.0165442
0.0165442
0.0165442
0.0165442
0.0165442
0.0165442
0.0165442
0.0165442
0.0165442
0.0165442
0.0165442
0.0165442
0.0165442
0.0165442
0.0165442
0.0165442
0.0165442
0.0165442
0.0165442
0.0165442
0.0165442
0.0165442
0.0165442
0.0165442
0.0165442
0.0165442
0.0165442
0.0165442
0.0165442
0.0165442
0.0165442
0.0165442
0.0165442
0.0165442
0.0165442
0.0165442
0.0165442
0.0165442
0.0165442
0.0165442
0.0165442
0.0165442
0.0165442
0.0165442
0.0165442
0.0165442
0.0165442
0.0165442
0.0165442
0.0165442
0.0165442
0.0165442
0.0165442
0.0165442
0.0165442
0.0165442
0.0165442
0.0165442
0.0165442
0.0165442
0.0165442
0.0165442
0.0165442
0.0165442
0.0165442
0.0165442
0.0165442
0.0165442
0.0165442
0.0165442
0.0165442
0.0165442
0.0165442
0.0165442
0.0165442
0.0165442
0.0165442
0.0165442
0.0165442
0.0165442
0.0165442
0.0165442
0.0165442
0.0165442
0.0165442
0.0165442
0.0165442
0.0165442
0.0165442
0.0165442
0.0165442
0.0165442
0.0165442
0.0165442
0.0165442
0.0165442
0.0165442
0.0165442
0.0165442
0.0165442
0.0165442
0.0165442
0.0165442
0.0165442
0.0165442
0.0165442
0.0165442
0.0165442
0.0165442
0.0165442
0.0165442
0.0165442
0.0165442
0.0165442
0.0165442
0.0165442
0.0165442
0.0165442
0.0165442
0.0165442
0.0165442
0.0165442
0.0165442
0.0165442
0.0165442
0.0165442
0.0165442
0.0165442
0.0165442
0.0165442
0.0165442
0.0165442
0.0165442
0.0165442
0.0165442
0.0165442
0.0165442
0.0165442
0.0165442
0.0165442
0.0165442
0.0165442
0.0165442
0.0165442
0.0165442
0.0165442
0.0165442
0.0165442
0.0165442
0.0165442
0.0165442
0.0165442
0.0165442
0.0165442
0.0165442
0.0165442
0.0165442
0.0165442
0.0165442
0.0165442
0.0165442
0.0165442
0.0165442
0.0165442
0.0165442
0.0165442
0.0165442
0.0165442
0.0165442
0.0165442
0.0165442
0.0165442
0.0165442
0.0165442
0.0165442
0.0165442
0.0165442
0.0165442
0.0165442
0.0165442
0.0165442
0.0165442
0.0165442
0.0165442
0.0165442
0.0165442
0.0165442
0.0165442
0.0165442
0.0165442
0.0165442
0.0165441
0.0165441
0.0165441
0.0165441
0.0165441
0.0165441
0.0165441
0.0165441
0.0165441
0.0165441
0.0165441
0.0165441
0.0165441
0.0165441
0.0165441
0.0165441
0.0165441
0.0165441
0.0165441
0.0165441
0.0165441
0.0165441
0.0165441
0.0165441
0.0165441
0.0165441
0.0165441
0.0165441
0.0165441
0.0165441
0.0165441
0.0165441
0.0165441
0.0165441
0.0165441
0.0165441
0.0165441
0.0165441
0.0165441
0.0165441
0.0165441
0.0165441
0.0165441
0.0165441
0.0165441
0.0165441
0.0165441
0.0165441
0.0165441
0.0165441
0.0165441
0.0165441
0.0165441
0.0165441
0.0165441
0.0165441
0.0165441
0.0165441
0.0165441
0.0165441
0.0165441
0.0165441
0.0165441
0.0165441
0.0165441
0.0165441
0.0165441
0.0165441
0.0165441
0.0165441
0.0165441
0.0165441
0.0165441
0.0165441
0.0165441
0.0165441
0.0165441
0.0165441
0.0165441
0.0165441
0.0165441
0.0165441
0.0165441
0.0165441
0.0165441
0.0165441
0.0165441
0.0165441
0.0165441
0.0165441
0.0165441
0.0165441
0.0165441
0.0165441
0.0165441
0.0165441
0.0165441
0.0165441
0.0165441
0.0165441
0.0165441
0.0165441
0.0165441
0.0165441
0.0165441
0.0165441
0.0165441
0.0165441
0.0165441
0.0165441
0.0165441
0.0165441
0.0165441
0.0165441
0.0165441
0.0165441
0.0165441
0.0165441
0.0165441
0.0165441
0.0165441
0.0165441
0.0165441
0.0165441
0.0165441
0.0165441
0.0165441
0.0165441
0.0165441
0.0165441
0.0165441
0.0165441
0.0165441
0.0165441
0.0165441
0.0165441
0.0165441
0.0165441
0.0165441
0.0165441
0.0165441
0.0165441
0.0165441
0.0165441
0.0165441
0.0165441
0.0165441
0.0165441
0.0165441
0.0165441
0.0165441
0.0165441
0.0165441
0.0165441
0.0165441
0.0165441
0.0165441
0.0165441
0.0165441
0.0165441
0.0165441
0.0165441
0.0165441
0.0165441
0.0165441
0.0165441
0.0165441
0.0165441
0.0165441
0.0165441
0.0165441
0.0165441
0.0165441
0.0165441
0.0165441
0.0165441
0.0165441
0.0165441
0.0165441
0.0165441
0.0165441
0.0165441
0.0165441
0.0165441
0.0165441
0.0165441
0.0165441
0.0165441
0.0165441
0.0165441
0.0165441
0.0165441
0.0165441
0.0165441
0.0165441
0.0165441
0.016544
0.016544
0.016544
0.016544
0.016544
0.016544
0.016544
0.016544
0.016544
0.016544
0.016544
0.016544
0.016544
0.016544
0.016544
0.016544
0.016544
0.016544
0.016544
0.016544
0.016544
0.016544
0.016544
0.016544
0.016544
0.016544
0.016544
0.016544
0.016544
0.016544
0.016544
0.016544
0.016544
0.016544
0.016544
0.016544
0.016544
0.016544
0.016544
0.016544
0.016544
0.016544
0.016544
0.016544
0.016544
0.016544
0.016544
0.016544
0.016544
0.016544
0.016544
0.016544
0.016544
0.016544
0.016544
0.016544
0.016544
0.016544
0.016544
0.016544
0.016544
0.016544
0.016544
0.016544
0.016544
0.016544
0.016544
0.016544
0.016544
0.016544
0.016544
0.016544
0.016544
0.016544
0.016544
0.016544
0.016544
0.016544
0.016544
0.016544
0.016544
0.016544
0.016544
0.016544
0.016544
0.016544
0.016544
0.016544
0.016544
0.016544
0.016544
0.016544
0.016544
0.016544
0.016544
0.016544
0.016544
0.016544
0.016544
0.016544
0.016544
0.016544
0.016544
0.016544
0.016544
0.016544
0.016544
0.016544
0.016544
0.016544
0.016544
0.016544
0.016544
0.016544
0.016544
0.016544
0.016544
0.016544
0.016544
0.016544
0.016544
0.016544
0.016544
0.016544
0.016544
0.016544
0.016544
0.016544
0.016544
0.016544
0.016544
0.016544
0.016544
0.016544
0.016544
0.016544
0.016544
0.016544
0.016544
0.016544
0.016544
0.0165439
0.0165439
0.0165439
0.0165439
0.0165439
0.0165439
0.0165439
0.0165439
0.0165439
0.0165439
0.0165439
0.0165439
0.0165439
0.0165439
0.0165439
0.0165439
0.0165439
0.0165439
0.0165439
0.0165439
0.0165439
0.0165439
0.0165439
0.0165439
0.0165439
0.0165439
0.0165439
0.0165439
0.0165439
0.0165439
0.0165439
0.0165439
0.0165439
0.0165439
0.0165439
0.0165439
0.0165439
0.0165439
0.0165439
0.0165439
0.0165439
0.0165439
0.0165439
0.0165439
0.0165439
0.0165439
0.0165439
0.0165439
0.0165439
0.0165439
0.0165439
0.0165439
0.0165439
0.0165439
0.0165439
0.0165439
0.0165439
0.0165439
0.0165439
0.0165439
0.0165439
0.0165439
0.0165439
0.0165439
0.0165439
0.0165439
0.0165439
0.0165439
0.0165439
0.0165439
0.0165439
0.0165439
0.0165439
0.0165439
0.0165439
0.0165439
0.0165439
0.0165439
0.0165439
0.0165439
0.0165439
0.0165439
0.0165439
0.0165439
0.0165439
0.0165439
0.0165439
0.0165439
0.0165439
0.0165439
0.0165439
0.0165439
0.0165439
0.0165439
0.0165439
0.0165439
0.0165439
0.0165439
0.0165439
0.0165439
0.0165439
0.0165439
0.0165439
0.0165439
0.0165439
0.0165439
0.0165439
0.0165439
0.0165439
0.0165439
0.0165439
0.0165439
0.0165439
0.0165439
0.0165439
0.0165439
0.0165439
0.0165439
0.0165439
0.0165439
0.0165438
0.0165438
0.0165438
0.0165438
0.0165438
0.0165438
0.0165438
0.0165438
0.0165438
0.0165438
0.0165438
0.0165438
0.0165438
0.0165438
0.0165438
0.0165438
0.0165438
0.0165438
0.0165438
0.0165438
0.0165438
0.0165438
0.0165438
0.0165438
0.0165438
0.0165438
0.0165438
0.0165438
0.0165438
0.0165438
0.0165438
0.0165438
0.0165438
0.0165438
0.0165438
0.0165438
0.0165438
0.0165438
0.0165438
0.0165438
0.0165438
0.0165438
0.0165438
0.0165438
0.0165438
0.0165438
0.0165438
0.0165438
0.0165438
0.0165438
0.0165438
0.0165438
0.0165438
0.0165438
0.0165438
0.0165438
0.0165438
0.0165438
0.0165438
0.0165438
0.0165438
0.0165438
0.0165438
0.0165438
0.0165438
0.0165438
0.0165438
0.0165438
0.0165438
0.0165438
0.0165438
0.0165438
0.0165438
0.0165438
0.0165438
0.0165438
0.0165438
0.0165438
0.0165438
0.0165438
0.0165438
0.0165438
0.0165438
0.0165438
0.0165438
0.0165438
0.0165438
0.0165438
0.0165438
0.0165438
0.0165438
0.0165438
0.0165438
0.0165438
0.0165438
0.0165438
0.0165438
0.0165438
0.0165438
0.0165438
0.0165438
0.0165438
0.0165438
0.0165438
0.0165438
0.0165438
0.0165438
0.0165438
0.0165437
0.0165437
0.0165437
0.0165437
0.0165437
0.0165437
0.0165437
0.0165437
0.0165437
0.0165437
0.0165437
0.0165437
0.0165437
0.0165437
0.0165437
0.0165437
0.0165437
0.0165437
0.0165437
0.0165437
0.0165437
0.0165437
0.0165437
0.0165437
0.0165437
0.0165437
0.0165437
0.0165437
0.0165437
0.0165437
0.0165437
0.0165437
0.0165437
0.0165437
0.0165437
0.0165437
0.0165437
0.0165437
0.0165437
0.0165437
0.0165437
0.0165437
0.0165437
0.0165437
0.0165437
0.0165437
0.0165437
0.0165437
0.0165437
0.0165437
0.0165437
0.0165437
0.0165437
0.0165437
0.0165437
0.0165437
0.0165437
0.0165437
0.0165437
0.0165437
0.0165437
0.0165437
0.0165437
0.0165437
0.0165437
0.0165437
0.0165437
0.0165437
0.0165437
0.0165437
0.0165437
0.0165437
0.0165437
0.0165437
0.0165437
0.0165437
0.0165437
0.0165437
0.0165437
0.0165437
0.0165437
0.0165437
0.0165437
0.0165437
0.0165437
0.0165437
0.0165437
0.0165437
0.0165437
0.0165437
0.0165437
0.0165437
0.0165437
0.0165437
0.0165437
0.0165437
0.0165437
0.0165437
0.0165437
0.0165437
0.0165436
0.0165436
0.0165436
0.0165436
0.0165436
0.0165436
0.0165436
0.0165436
0.0165436
0.0165436
0.0165436
0.0165436
0.0165436
0.0165436
0.0165436
0.0165436
0.0165436
0.0165436
0.0165436
0.0165436
0.0165436
0.0165436
0.0165436
0.0165436
0.0165436
0.0165436
0.0165436
0.0165436
0.0165436
0.0165436
0.0165436
0.0165436
0.0165436
0.0165436
0.0165436
0.0165436
0.0165436
0.0165436
0.0165436
0.0165436
0.0165436
0.0165436
0.0165436
0.0165436
0.0165436
0.0165436
0.0165436
0.0165436
0.0165436
0.0165436
0.0165436
0.0165436
0.0165436
0.0165436
0.0165436
0.0165436
0.0165436
0.0165436
0.0165436
0.0165436
0.0165436
0.0165436
0.0165436
0.0165436
0.0165436
0.0165436
0.0165436
0.0165436
0.0165436
0.0165436
0.0165436
0.0165436
0.0165436
0.0165436
0.0165436
0.0165436
0.0165436
0.0165436
0.0165436
0.0165436
0.0165436
0.0165436
0.0165436
0.0165436
0.0165436
0.0165436
0.0165436
0.0165436
0.0165436
0.0165436
0.0165436
0.0165436
0.0165436
0.0165436
0.0165436
0.0165435
0.0165435
0.0165435
0.0165435
0.0165435
0.0165435
0.0165435
0.0165435
0.0165435
0.0165435
0.0165435
0.0165435
0.0165435
0.0165435
0.0165435
0.0165435
0.0165435
0.0165435
0.0165435
0.0165435
0.0165435
0.0165435
0.0165435
0.0165435
0.0165435
0.0165435
0.0165435
0.0165435
0.0165435
0.0165435
0.0165435
0.0165435
0.0165435
0.0165435
0.0165435
0.0165435
0.0165435
0.0165435
0.0165435
0.0165435
0.0165435
0.0165435
0.0165435
0.0165435
0.0165435
0.0165435
0.0165435
0.0165435
0.0165435
0.0165435
0.0165435
0.0165435
0.0165435
0.0165435
0.0165435
0.0165435
0.0165435
0.0165435
0.0165435
0.0165435
0.0165435
0.0165435
0.0165435
0.0165435
0.0165435
0.0165435
0.0165435
0.0165435
0.0165435
0.0165435
0.0165435
0.0165435
0.0165435
0.0165435
0.0165435
0.0165435
0.0165435
0.0165435
0.0165435
0.0165435
0.0165435
0.0165435
0.0165435
0.0165435
0.0165435
0.0165435
0.0165435
0.0165435
0.0165435
0.0165434
0.0165434
0.0165434
0.0165434
0.0165434
0.0165434
0.0165434
0.0165434
0.0165434
0.0165434
0.0165434
0.0165434
0.0165434
0.0165434
0.0165434
0.0165434
0.0165434
0.0165434
0.0165434
0.0165434
0.0165434
0.0165434
0.0165434
0.0165434
0.0165434
0.0165434
0.0165434
0.0165434
0.0165434
0.0165434
0.0165434
0.0165434
0.0165434
0.0165434
0.0165434
0.0165434
0.0165434
0.0165434
0.0165434
0.0165434
0.0165434
0.0165434
0.0165434
0.0165434
0.0165434
0.0165434
0.0165434
0.0165434
0.0165434
0.0165434
0.0165434
0.0165434
0.0165434
0.0165434
0.0165434
0.0165434
0.0165434
0.0165434
0.0165434
0.0165434
0.0165434
0.0165434
0.0165434
0.0165434
0.0165434
0.0165434
0.0165434
0.0165434
0.0165434
0.0165434
0.0165434
0.0165434
0.0165434
0.0165434
0.0165434
0.0165434
0.0165434
0.0165434
0.0165434
0.0165434
0.0165434
0.0165434
0.0165434
0.0165434
0.0165434
0.0165434
0.0165433
0.0165433
0.0165433
0.0165433
0.0165433
0.0165433
0.0165433
0.0165433
0.0165433
0.0165433
0.0165433
0.0165433
0.0165433
0.0165433
0.0165433
0.0165433
0.0165433
0.0165433
0.0165433
0.0165433
0.0165433
0.0165433
0.0165433
0.0165433
0.0165433
0.0165433
0.0165433
0.0165433
0.0165433
0.0165433
0.0165433
0.0165433
0.0165433
0.0165433
0.0165433
0.0165433
0.0165433
0.0165433
0.0165433
0.0165433
0.0165433
0.0165433
0.0165433
0.0165433
0.0165433
0.0165433
0.0165433
0.0165433
0.0165433
0.0165433
0.0165433
0.0165433
0.0165433
0.0165433
0.0165433
0.0165433
0.0165433
0.0165433
0.0165433
0.0165433
0.0165433
0.0165433
0.0165433
0.0165433
0.0165433
0.0165433
0.0165433
0.0165433
0.0165433
0.0165433
0.0165433
0.0165433
0.0165433
0.0165433
0.0165433
0.0165433
0.0165433
0.0165433
0.0165433
0.0165433
0.0165433
0.0165433
0.0165433
0.0165432
0.0165432
0.0165432
0.0165432
0.0165432
0.0165432
0.0165432
0.0165432
0.0165432
0.0165432
0.0165432
0.0165432
0.0165432
0.0165432
0.0165432
0.0165432
0.0165432
0.0165432
0.0165432
0.0165432
0.0165432
0.0165432
0.0165432
0.0165432
0.0165432
0.0165432
0.0165432
0.0165432
0.0165432
0.0165432
0.0165432
0.0165432
0.0165432
0.0165432
0.0165432
0.0165432
0.0165432
0.0165432
0.0165432
0.0165432
0.0165432
0.0165432
0.0165432
0.0165432
0.0165432
0.0165432
0.0165432
0.0165432
0.0165432
0.0165432
0.0165432
0.0165432
0.0165432
0.0165432
0.0165432
0.0165432
0.0165432
0.0165432
0.0165432
0.0165432
0.0165432
0.0165432
0.0165432
0.0165432
0.0165432
0.0165432
0.0165432
0.0165432
0.0165432
0.0165432
0.0165432
0.0165432
0.0165432
0.0165432
0.0165432
0.0165432
0.0165432
0.0165432
0.0165432
0.0165432
0.0165431
0.0165431
0.0165431
0.0165431
0.0165431
0.0165431
0.0165431
0.0165431
0.0165431
0.0165431
0.0165431
0.0165431
0.0165431
0.0165431
0.0165431
0.0165431
0.0165431
0.0165431
0.0165431
0.0165431
0.0165431
0.0165431
0.0165431
0.0165431
0.0165431
0.0165431
0.0165431
0.0165431
0.0165431
0.0165431
0.0165431
0.0165431
0.0165431
0.0165431
0.0165431
0.0165431
0.0165431
0.0165431
0.0165431
0.0165431
0.0165431
0.0165431
0.0165431
0.0165431
0.0165431
0.0165431
0.0165431
0.0165431
0.0165431
0.0165431
0.0165431
0.0165431
0.0165431
0.0165431
0.0165431
0.0165431
0.0165431
0.0165431
0.0165431
0.0165431
0.0165431
0.0165431
0.0165431
0.0165431
0.0165431
0.0165431
0.0165431
0.0165431
0.0165431
0.0165431
0.0165431
0.0165431
0.0165431
0.0165431
0.0165431
0.0165431
0.0165431
0.016543
0.016543
0.016543
0.016543
0.016543
0.016543
0.016543
0.016543
0.016543
0.016543
0.016543
0.016543
0.016543
0.016543
0.016543
0.016543
0.016543
0.016543
0.016543
0.016543
0.016543
0.016543
0.016543
0.016543
0.016543
0.016543
0.016543
0.016543
0.016543
0.016543
0.016543
0.016543
0.016543
0.016543
0.016543
0.016543
0.016543
0.016543
0.016543
0.016543
0.016543
0.016543
0.016543
0.016543
0.016543
0.016543
0.016543
0.016543
0.016543
0.016543
0.016543
0.016543
0.016543
0.016543
0.016543
0.016543
0.016543
0.016543
0.016543
0.016543
0.016543
0.016543
0.016543
0.016543
0.016543
0.016543
0.016543
0.016543
0.016543
0.016543
0.016543
0.016543
0.016543
0.016543
0.016543
0.0165429
0.0165429
0.0165429
0.0165429
0.0165429
0.0165429
0.0165429
0.0165429
0.0165429
0.0165429
0.0165429
0.0165429
0.0165429
0.0165429
0.0165429
0.0165429
0.0165429
0.0165429
0.0165429
0.0165429
0.0165429
0.0165429
0.0165429
0.0165429
0.0165429
0.0165429
0.0165429
0.0165429
0.0165429
0.0165429
0.0165429
0.0165429
0.0165429
0.0165429
0.0165429
0.0165429
0.0165429
0.0165429
0.0165429
0.0165429
0.0165429
0.0165429
0.0165429
0.0165429
0.0165429
0.0165429
0.0165429
0.0165429
0.0165429
0.0165429
0.0165429
0.0165429
0.0165429
0.0165429
0.0165429
0.0165429
0.0165429
0.0165429
0.0165429
0.0165429
0.0165429
0.0165429
0.0165429
0.0165429
0.0165429
0.0165429
0.0165429
0.0165429
0.0165429
0.0165429
0.0165429
0.0165429
0.0165429
0.0165429
0.0165428
0.0165428
0.0165428
0.0165428
0.0165428
0.0165428
0.0165428
0.0165428
0.0165428
0.0165428
0.0165428
0.0165428
0.0165428
0.0165428
0.0165428
0.0165428
0.0165428
0.0165428
0.0165428
0.0165428
0.0165428
0.0165428
0.0165428
0.0165428
0.0165428
0.0165428
0.0165428
0.0165428
0.0165428
0.0165428
0.0165428
0.0165428
0.0165428
0.0165428
0.0165428
0.0165428
0.0165428
0.0165428
0.0165428
0.0165428
0.0165428
0.0165428
0.0165428
0.0165428
0.0165428
0.0165428
0.0165428
0.0165428
0.0165428
0.0165428
0.0165428
0.0165428
0.0165428
0.0165428
0.0165428
0.0165428
0.0165428
0.0165428
0.0165428
0.0165428
0.0165428
0.0165428
0.0165428
0.0165428
0.0165428
0.0165428
0.0165428
0.0165428
0.0165428
0.0165428
0.0165428
0.0165427
0.0165427
0.0165427
0.0165427
0.0165427
0.0165427
0.0165427
0.0165427
0.0165427
0.0165427
0.0165427
0.0165427
0.0165427
0.0165427
0.0165427
0.0165427
0.0165427
0.0165427
0.0165427
0.0165427
0.0165427
0.0165427
0.0165427
0.0165427
0.0165427
0.0165427
0.0165427
0.0165427
0.0165427
0.0165427
0.0165427
0.0165427
0.0165427
0.0165427
0.0165427
0.0165427
0.0165427
0.0165427
0.0165427
0.0165427
0.0165427
0.0165427
0.0165427
0.0165427
0.0165427
0.0165427
0.0165427
0.0165427
0.0165427
0.0165427
0.0165427
0.0165427
0.0165427
0.0165427
0.0165427
0.0165427
0.0165427
0.0165427
0.0165427
0.0165427
0.0165427
0.0165427
0.0165427
0.0165427
0.0165427
0.0165427
0.0165427
0.0165427
0.0165427
0.0165427
0.0165427
0.0165426
0.0165426
0.0165426
0.0165426
0.0165426
0.0165426
0.0165426
0.0165426
0.0165426
0.0165426
0.0165426
0.0165426
0.0165426
0.0165426
0.0165426
0.0165426
0.0165426
0.0165426
0.0165426
0.0165426
0.0165426
0.0165426
0.0165426
0.0165426
0.0165426
0.0165426
0.0165426
0.0165426
0.0165426
0.0165426
0.0165426
0.0165426
0.0165426
0.0165426
0.0165426
0.0165426
0.0165426
0.0165426
0.0165426
0.0165426
0.0165426
0.0165426
0.0165426
0.0165426
0.0165426
0.0165426
0.0165426
0.0165426
0.0165426
0.0165426
0.0165426
0.0165426
0.0165426
0.0165426
0.0165426
0.0165426
0.0165426
0.0165426
0.0165426
0.0165426
0.0165426
0.0165426
0.0165426
0.0165426
0.0165426
0.0165426
0.0165426
0.0165426
0.0165425
0.0165425
0.0165425
0.0165425
0.0165425
0.0165425
0.0165425
0.0165425
0.0165425
0.0165425
0.0165425
0.0165425
0.0165425
0.0165425
0.0165425
0.0165425
0.0165425
0.0165425
0.0165425
0.0165425
0.0165425
0.0165425
0.0165425
0.0165425
0.0165425
0.0165425
0.0165425
0.0165425
0.0165425
0.0165425
0.0165425
0.0165425
0.0165425
0.0165425
0.0165425
0.0165425
0.0165425
0.0165425
0.0165425
0.0165425
0.0165425
0.0165425
0.0165425
0.0165425
0.0165425
0.0165425
0.0165425
0.0165425
0.0165425
0.0165425
0.0165425
0.0165425
0.0165425
0.0165425
0.0165425
0.0165425
0.0165425
0.0165425
0.0165425
0.0165425
0.0165425
0.0165425
0.0165425
0.0165425
0.0165425
0.0165425
0.0165425
0.0165425
0.0165424
0.0165424
0.0165424
0.0165424
0.0165424
0.0165424
0.0165424
0.0165424
0.0165424
0.0165424
0.0165424
0.0165424
0.0165424
0.0165424
0.0165424
0.0165424
0.0165424
0.0165424
0.0165424
0.0165424
0.0165424
0.0165424
0.0165424
0.0165424
0.0165424
0.0165424
0.0165424
0.0165424
0.0165424
0.0165424
0.0165424
0.0165424
0.0165424
0.0165424
0.0165424
0.0165424
0.0165424
0.0165424
0.0165424
0.0165424
0.0165424
0.0165424
0.0165424
0.0165424
0.0165424
0.0165424
0.0165424
0.0165424
0.0165424
0.0165424
0.0165424
0.0165424
0.0165424
0.0165424
0.0165424
0.0165424
0.0165424
0.0165424
0.0165424
0.0165424
0.0165424
0.0165424
0.0165424
0.0165424
0.0165424
0.0165424
0.0165424
0.0165423
0.0165423
0.0165423
0.0165423
0.0165423
0.0165423
0.0165423
0.0165423
0.0165423
0.0165423
0.0165423
0.0165423
0.0165423
0.0165423
0.0165423
0.0165423
0.0165423
0.0165423
0.0165423
0.0165423
0.0165423
0.0165423
0.0165423
0.0165423
0.0165423
0.0165423
0.0165423
0.0165423
0.0165423
0.0165423
0.0165423
0.0165423
0.0165423
0.0165423
0.0165423
0.0165423
0.0165423
0.0165423
0.0165423
0.0165423
0.0165423
0.0165423
0.0165423
0.0165423
0.0165423
0.0165423
0.0165423
0.0165423
0.0165423
0.0165423
0.0165423
0.0165423
0.0165423
0.0165423
0.0165423
0.0165423
0.0165423
0.0165423
0.0165423
0.0165423
0.0165423
0.0165423
0.0165423
0.0165423
0.0165423
0.0165422
0.0165422
0.0165422
0.0165422
0.0165422
0.0165422
0.0165422
0.0165422
0.0165422
0.0165422
0.0165422
0.0165422
0.0165422
0.0165422
0.0165422
0.0165422
0.0165422
0.0165422
0.0165422
0.0165422
0.0165422
0.0165422
0.0165422
0.0165422
0.0165422
0.0165422
0.0165422
0.0165422
0.0165422
0.0165422
0.0165422
0.0165422
0.0165422
0.0165422
0.0165422
0.0165422
0.0165422
0.0165422
0.0165422
0.0165422
0.0165422
0.0165422
0.0165422
0.0165422
0.0165422
0.0165422
0.0165422
0.0165422
0.0165422
0.0165422
0.0165422
0.0165422
0.0165422
0.0165422
0.0165422
0.0165422
0.0165422
0.0165422
0.0165422
0.0165422
0.0165422
0.0165422
0.0165422
0.0165422
0.0165422
0.0165421
0.0165421
0.0165421
0.0165421
0.0165421
0.0165421
0.0165421
0.0165421
0.0165421
0.0165421
0.0165421
0.0165421
0.0165421
0.0165421
0.0165421
0.0165421
0.0165421
0.0165421
0.0165421
0.0165421
0.0165421
0.0165421
0.0165421
0.0165421
0.0165421
0.0165421
0.0165421
0.0165421
0.0165421
0.0165421
0.0165421
0.0165421
0.0165421
0.0165421
0.0165421
0.0165421
0.0165421
0.0165421
0.0165421
0.0165421
0.0165421
0.0165421
0.0165421
0.0165421
0.0165421
0.0165421
0.0165421
0.0165421
0.0165421
0.0165421
0.0165421
0.0165421
0.0165421
0.0165421
0.0165421
0.0165421
0.0165421
0.0165421
0.0165421
0.0165421
0.0165421
0.0165421
0.0165421
0.0165421
0.016542
0.016542
0.016542
0.016542
0.016542
0.016542
0.016542
0.016542
0.016542
0.016542
0.016542
0.016542
0.016542
0.016542
0.016542
0.016542
0.016542
0.016542
0.016542
0.016542
0.016542
0.016542
0.016542
0.016542
0.016542
0.016542
0.016542
0.016542
0.016542
0.016542
0.016542
0.016542
0.016542
0.016542
0.016542
0.016542
0.016542
0.016542
0.016542
0.016542
0.016542
0.016542
0.016542
0.016542
0.016542
0.016542
0.016542
0.016542
0.016542
0.016542
0.016542
0.016542
0.016542
0.016542
0.016542
0.016542
0.016542
0.016542
0.016542
0.016542
0.016542
0.016542
0.016542
0.0165419
0.0165419
0.0165419
0.0165419
0.0165419
0.0165419
0.0165419
0.0165419
0.0165419
0.0165419
0.0165419
0.0165419
0.0165419
0.0165419
0.0165419
0.0165419
0.0165419
0.0165419
0.0165419
0.0165419
0.0165419
0.0165419
0.0165419
0.0165419
0.0165419
0.0165419
0.0165419
0.0165419
0.0165419
0.0165419
0.0165419
0.0165419
0.0165419
0.0165419
0.0165419
0.0165419
0.0165419
0.0165419
0.0165419
0.0165419
0.0165419
0.0165419
0.0165419
0.0165419
0.0165419
0.0165419
0.0165419
0.0165419
0.0165419
0.0165419
0.0165419
0.0165419
0.0165419
0.0165419
0.0165419
0.0165419
0.0165419
0.0165419
0.0165419
0.0165419
0.0165419
0.0165419
0.0165419
0.0165418
0.0165418
0.0165418
0.0165418
0.0165418
0.0165418
0.0165418
0.0165418
0.0165418
0.0165418
0.0165418
0.0165418
0.0165418
0.0165418
0.0165418
0.0165418
0.0165418
0.0165418
0.0165418
0.0165418
0.0165418
0.0165418
0.0165418
0.0165418
0.0165418
0.0165418
0.0165418
0.0165418
0.0165418
0.0165418
0.0165418
0.0165418
0.0165418
0.0165418
0.0165418
0.0165418
0.0165418
0.0165418
0.0165418
0.0165418
0.0165418
0.0165418
0.0165418
0.0165418
0.0165418
0.0165418
0.0165418
0.0165418
0.0165418
0.0165418
0.0165418
0.0165418
0.0165418
0.0165418
0.0165418
0.0165418
0.0165418
0.0165418
0.0165418
0.0165418
0.0165418
0.0165418
0.0165417
0.0165417
0.0165417
0.0165417
0.0165417
0.0165417
0.0165417
0.0165417
0.0165417
0.0165417
0.0165417
0.0165417
0.0165417
0.0165417
0.0165417
0.0165417
0.0165417
0.0165417
0.0165417
0.0165417
0.0165417
0.0165417
0.0165417
0.0165417
0.0165417
0.0165417
0.0165417
0.0165417
0.0165417
0.0165417
0.0165417
0.0165417
0.0165417
0.0165417
0.0165417
0.0165417
0.0165417
0.0165417
0.0165417
0.0165417
0.0165417
0.0165417
0.0165417
0.0165417
0.0165417
0.0165417
0.0165417
0.0165417
0.0165417
0.0165417
0.0165417
0.0165417
0.0165417
0.0165417
0.0165417
0.0165417
0.0165417
0.0165417
0.0165417
0.0165417
0.0165417
0.0165416
0.0165416
0.0165416
0.0165416
0.0165416
0.0165416
0.0165416
0.0165416
0.0165416
0.0165416
0.0165416
0.0165416
0.0165416
0.0165416
0.0165416
0.0165416
0.0165416
0.0165416
0.0165416
0.0165416
0.0165416
0.0165416
0.0165416
0.0165416
0.0165416
0.0165416
0.0165416
0.0165416
0.0165416
0.0165416
0.0165416
0.0165416
0.0165416
0.0165416
0.0165416
0.0165416
0.0165416
0.0165416
0.0165416
0.0165416
0.0165416
0.0165416
0.0165416
0.0165416
0.0165416
0.0165416
0.0165416
0.0165416
0.0165416
0.0165416
0.0165416
0.0165416
0.0165416
0.0165416
0.0165416
0.0165416
0.0165416
0.0165416
0.0165416
0.0165416
0.0165416
0.0165415
0.0165415
0.0165415
0.0165415
0.0165415
0.0165415
0.0165415
0.0165415
0.0165415
0.0165415
0.0165415
0.0165415
0.0165415
0.0165415
0.0165415
0.0165415
0.0165415
0.0165415
0.0165415
0.0165415
0.0165415
0.0165415
0.0165415
0.0165415
0.0165415
0.0165415
0.0165415
0.0165415
0.0165415
0.0165415
0.0165415
0.0165415
0.0165415
0.0165415
0.0165415
0.0165415
0.0165415
0.0165415
0.0165415
0.0165415
0.0165415
0.0165415
0.0165415
0.0165415
0.0165415
0.0165415
0.0165415
0.0165415
0.0165415
0.0165415
0.0165415
0.0165415
0.0165415
0.0165415
0.0165415
0.0165415
0.0165415
0.0165415
0.0165415
0.0165415
0.0165414
0.0165414
0.0165414
0.0165414
0.0165414
0.0165414
0.0165414
0.0165414
0.0165414
0.0165414
0.0165414
0.0165414
0.0165414
0.0165414
0.0165414
0.0165414
0.0165414
0.0165414
0.0165414
0.0165414
0.0165414
0.0165414
0.0165414
0.0165414
0.0165414
0.0165414
0.0165414
0.0165414
0.0165414
0.0165414
0.0165414
0.0165414
0.0165414
0.0165414
0.0165414
0.0165414
0.0165414
0.0165414
0.0165414
0.0165414
0.0165414
0.0165414
0.0165414
0.0165414
0.0165414
0.0165414
0.0165414
0.0165414
0.0165414
0.0165414
0.0165414
0.0165414
0.0165414
0.0165414
0.0165414
0.0165414
0.0165414
0.0165414
0.0165414
0.0165414
0.0165413
0.0165413
0.0165413
0.0165413
0.0165413
0.0165413
0.0165413
0.0165413
0.0165413
0.0165413
0.0165413
0.0165413
0.0165413
0.0165413
0.0165413
0.0165413
0.0165413
0.0165413
0.0165413
0.0165413
0.0165413
0.0165413
0.0165413
0.0165413
0.0165413
0.0165413
0.0165413
0.0165413
0.0165413
0.0165413
0.0165413
0.0165413
0.0165413
0.0165413
0.0165413
0.0165413
0.0165413
0.0165413
0.0165413
0.0165413
0.0165413
0.0165413
0.0165413
0.0165413
0.0165413
0.0165413
0.0165413
0.0165413
0.0165413
0.0165413
0.0165413
0.0165413
0.0165413
0.0165413
0.0165413
0.0165413
0.0165413
0.0165413
0.0165413
0.0165413
0.0165412
0.0165412
0.0165412
0.0165412
0.0165412
0.0165412
0.0165412
0.0165412
0.0165412
0.0165412
0.0165412
0.0165412
0.0165412
0.0165412
0.0165412
0.0165412
0.0165412
0.0165412
0.0165412
0.0165412
0.0165412
0.0165412
0.0165412
0.0165412
0.0165412
0.0165412
0.0165412
0.0165412
0.0165412
0.0165412
0.0165412
0.0165412
0.0165412
0.0165412
0.0165412
0.0165412
0.0165412
0.0165412
0.0165412
0.0165412
0.0165412
0.0165412
0.0165412
0.0165412
0.0165412
0.0165412
0.0165412
0.0165412
0.0165412
0.0165412
0.0165412
0.0165412
0.0165412
0.0165412
0.0165412
0.0165412
0.0165412
0.0165412
0.0165412
0.0165412
0.0165411
0.0165411
0.0165411
0.0165411
0.0165411
0.0165411
0.0165411
0.0165411
0.0165411
0.0165411
0.0165411
0.0165411
0.0165411
0.0165411
0.0165411
0.0165411
0.0165411
0.0165411
0.0165411
0.0165411
0.0165411
0.0165411
0.0165411
0.0165411
0.0165411
0.0165411
0.0165411
0.0165411
0.0165411
0.0165411
0.0165411
0.0165411
0.0165411
0.0165411
0.0165411
0.0165411
0.0165411
0.0165411
0.0165411
0.0165411
0.0165411
0.0165411
0.0165411
0.0165411
0.0165411
0.0165411
0.0165411
0.0165411
0.0165411
0.0165411
0.0165411
0.0165411
0.0165411
0.0165411
0.0165411
0.0165411
0.0165411
0.0165411
0.0165411
0.016541
0.016541
0.016541
0.016541
0.016541
0.016541
0.016541
0.016541
0.016541
0.016541
0.016541
0.016541
0.016541
0.016541
0.016541
0.016541
0.016541
0.016541
0.016541
0.016541
0.016541
0.016541
0.016541
0.016541
0.016541
0.016541
0.016541
0.016541
0.016541
0.016541
0.016541
0.016541
0.016541
0.016541
0.016541
0.016541
0.016541
0.016541
0.016541
0.016541
0.016541
0.016541
0.016541
0.016541
0.016541
0.016541
0.016541
0.016541
0.016541
0.016541
0.016541
0.016541
0.016541
0.016541
0.016541
0.016541
0.016541
0.016541
0.016541
0.0165409
0.0165409
0.0165409
0.0165409
0.0165409
0.0165409
0.0165409
0.0165409
0.0165409
0.0165409
0.0165409
0.0165409
0.0165409
0.0165409
0.0165409
0.0165409
0.0165409
0.0165409
0.0165409
0.0165409
0.0165409
0.0165409
0.0165409
0.0165409
0.0165409
0.0165409
0.0165409
0.0165409
0.0165409
0.0165409
0.0165409
0.0165409
0.0165409
0.0165409
0.0165409
0.0165409
0.0165409
0.0165409
0.0165409
0.0165409
0.0165409
0.0165409
0.0165409
0.0165409
0.0165409
0.0165409
0.0165409
0.0165409
0.0165409
0.0165409
0.0165409
0.0165409
0.0165409
0.0165409
0.0165409
0.0165409
0.0165409
0.0165409
0.0165409
0.0165408
0.0165408
0.0165408
0.0165408
0.0165408
0.0165408
0.0165408
0.0165408
0.0165408
0.0165408
0.0165408
0.0165408
0.0165408
0.0165408
0.0165408
0.0165408
0.0165408
0.0165408
0.0165408
0.0165408
0.0165408
0.0165408
0.0165408
0.0165408
0.0165408
0.0165408
0.0165408
0.0165408
0.0165408
0.0165408
0.0165408
0.0165408
0.0165408
0.0165408
0.0165408
0.0165408
0.0165408
0.0165408
0.0165408
0.0165408
0.0165408
0.0165408
0.0165408
0.0165408
0.0165408
0.0165408
0.0165408
0.0165408
0.0165408
0.0165408
0.0165408
0.0165408
0.0165408
0.0165408
0.0165408
0.0165408
0.0165408
0.0165408
0.0165407
0.0165407
0.0165407
0.0165407
0.0165407
0.0165407
0.0165407
0.0165407
0.0165407
0.0165407
0.0165407
0.0165407
0.0165407
0.0165407
0.0165407
0.0165407
0.0165407
0.0165407
0.0165407
0.0165407
0.0165407
0.0165407
0.0165407
0.0165407
0.0165407
0.0165407
0.0165407
0.0165407
0.0165407
0.0165407
0.0165407
0.0165407
0.0165407
0.0165407
0.0165407
0.0165407
0.0165407
0.0165407
0.0165407
0.0165407
0.0165407
0.0165407
0.0165407
0.0165407
0.0165407
0.0165407
0.0165407
0.0165407
0.0165407
0.0165407
0.0165407
0.0165407
0.0165407
0.0165407
0.0165407
0.0165407
0.0165407
0.0165407
0.0165407
0.0165406
0.0165406
0.0165406
0.0165406
0.0165406
0.0165406
0.0165406
0.0165406
0.0165406
0.0165406
0.0165406
0.0165406
0.0165406
0.0165406
0.0165406
0.0165406
0.0165406
0.0165406
0.0165406
0.0165406
0.0165406
0.0165406
0.0165406
0.0165406
0.0165406
0.0165406
0.0165406
0.0165406
0.0165406
0.0165406
0.0165406
0.0165406
0.0165406
0.0165406
0.0165406
0.0165406
0.0165406
0.0165406
0.0165406
0.0165406
0.0165406
0.0165406
0.0165406
0.0165406
0.0165406
0.0165406
0.0165406
0.0165406
0.0165406
0.0165406
0.0165406
0.0165406
0.0165406
0.0165406
0.0165406
0.0165406
0.0165406
0.0165406
0.0165405
0.0165405
0.0165405
0.0165405
0.0165405
0.0165405
0.0165405
0.0165405
0.0165405
0.0165405
0.0165405
0.0165405
0.0165405
0.0165405
0.0165405
0.0165405
0.0165405
0.0165405
0.0165405
0.0165405
0.0165405
0.0165405
0.0165405
0.0165405
0.0165405
0.0165405
0.0165405
0.0165405
0.0165405
0.0165405
0.0165405
0.0165405
0.0165405
0.0165405
0.0165405
0.0165405
0.0165405
0.0165405
0.0165405
0.0165405
0.0165405
0.0165405
0.0165405
0.0165405
0.0165405
0.0165405
0.0165405
0.0165405
0.0165405
0.0165405
0.0165405
0.0165405
0.0165405
0.0165405
0.0165405
0.0165405
0.0165405
0.0165405
0.0165404
0.0165404
0.0165404
0.0165404
0.0165404
0.0165404
0.0165404
0.0165404
0.0165404
0.0165404
0.0165404
0.0165404
0.0165404
0.0165404
0.0165404
0.0165404
0.0165404
0.0165404
0.0165404
0.0165404
0.0165404
0.0165404
0.0165404
0.0165404
0.0165404
0.0165404
0.0165404
0.0165404
0.0165404
0.0165404
0.0165404
0.0165404
0.0165404
0.0165404
0.0165404
0.0165404
0.0165404
0.0165404
0.0165404
0.0165404
0.0165404
0.0165404
0.0165404
0.0165404
0.0165404
0.0165404
0.0165404
0.0165404
0.0165404
0.0165404
0.0165404
0.0165404
0.0165404
0.0165404
0.0165404
0.0165404
0.0165404
0.0165404
0.0165403
0.0165403
0.0165403
0.0165403
0.0165403
0.0165403
0.0165403
0.0165403
0.0165403
0.0165403
0.0165403
0.0165403
0.0165403
0.0165403
0.0165403
0.0165403
0.0165403
0.0165403
0.0165403
0.0165403
0.0165403
0.0165403
0.0165403
0.0165403
0.0165403
0.0165403
0.0165403
0.0165403
0.0165403
0.0165403
0.0165403
0.0165403
0.0165403
0.0165403
0.0165403
0.0165403
0.0165403
0.0165403
0.0165403
0.0165403
0.0165403
0.0165403
0.0165403
0.0165403
0.0165403
0.0165403
0.0165403
0.0165403
0.0165403
0.0165403
0.0165403
0.0165403
0.0165403
0.0165403
0.0165403
0.0165403
0.0165403
0.0165403
0.0165402
0.0165402
0.0165402
0.0165402
0.0165402
0.0165402
0.0165402
0.0165402
0.0165402
0.0165402
0.0165402
0.0165402
0.0165402
0.0165402
0.0165402
0.0165402
0.0165402
0.0165402
0.0165402
0.0165402
0.0165402
0.0165402
0.0165402
0.0165402
0.0165402
0.0165402
0.0165402
0.0165402
0.0165402
0.0165402
0.0165402
0.0165402
0.0165402
0.0165402
0.0165402
0.0165402
0.0165402
0.0165402
0.0165402
0.0165402
0.0165402
0.0165402
0.0165402
0.0165402
0.0165402
0.0165402
0.0165402
0.0165402
0.0165402
0.0165402
0.0165402
0.0165402
0.0165402
0.0165402
0.0165402
0.0165402
0.0165402
0.0165402
0.0165401
0.0165401
0.0165401
0.0165401
0.0165401
0.0165401
0.0165401
0.0165401
0.0165401
0.0165401
0.0165401
0.0165401
0.0165401
0.0165401
0.0165401
0.0165401
0.0165401
0.0165401
0.0165401
0.0165401
0.0165401
0.0165401
0.0165401
0.0165401
0.0165401
0.0165401
0.0165401
0.0165401
0.0165401
0.0165401
0.0165401
0.0165401
0.0165401
0.0165401
0.0165401
0.0165401
0.0165401
0.0165401
0.0165401
0.0165401
0.0165401
0.0165401
0.0165401
0.0165401
0.0165401
0.0165401
0.0165401
0.0165401
0.0165401
0.0165401
0.0165401
0.0165401
0.0165401
0.0165401
0.0165401
0.0165401
0.0165401
0.0165401
0.01654
0.01654
0.01654
0.01654
0.01654
0.01654
0.01654
0.01654
0.01654
0.01654
0.01654
0.01654
0.01654
0.01654
0.01654
0.01654
0.01654
0.01654
0.01654
0.01654
0.01654
0.01654
0.01654
0.01654
0.01654
0.01654
0.01654
0.01654
0.01654
0.01654
0.01654
0.01654
0.01654
0.01654
0.01654
0.01654
0.01654
0.01654
0.01654
0.01654
0.01654
0.01654
0.01654
0.01654
0.01654
0.01654
0.01654
0.01654
0.01654
0.01654
0.01654
0.01654
0.01654
0.01654
0.01654
0.01654
0.01654
0.01654
0.0165399
0.0165399
0.0165399
0.0165399
0.0165399
0.0165399
0.0165399
0.0165399
0.0165399
0.0165399
0.0165399
0.0165399
0.0165399
0.0165399
0.0165399
0.0165399
0.0165399
0.0165399
0.0165399
0.0165399
0.0165399
0.0165399
0.0165399
0.0165399
0.0165399
0.0165399
0.0165399
0.0165399
0.0165399
0.0165399
0.0165399
0.0165399
0.0165399
0.0165399
0.0165399
0.0165399
0.0165399
0.0165399
0.0165399
0.0165399
0.0165399
0.0165399
0.0165399
0.0165399
0.0165399
0.0165399
0.0165399
0.0165399
0.0165399
0.0165399
0.0165399
0.0165399
0.0165399
0.0165399
0.0165399
0.0165399
0.0165399
0.0165399
0.0165398
0.0165398
0.0165398
0.0165398
0.0165398
0.0165398
0.0165398
0.0165398
0.0165398
0.0165398
0.0165398
0.0165398
0.0165398
0.0165398
0.0165398
0.0165398
0.0165398
0.0165398
0.0165398
0.0165398
0.0165398
0.0165398
0.0165398
0.0165398
0.0165398
0.0165398
0.0165398
0.0165398
0.0165398
0.0165398
0.0165398
0.0165398
0.0165398
0.0165398
0.0165398
0.0165398
0.0165398
0.0165398
0.0165398
0.0165398
0.0165398
0.0165398
0.0165398
0.0165398
0.0165398
0.0165398
0.0165398
0.0165398
0.0165398
0.0165398
0.0165398
0.0165398
0.0165398
0.0165398
0.0165398
0.0165398
0.0165398
0.0165398
0.0165397
0.0165397
0.0165397
0.0165397
0.0165397
0.0165397
0.0165397
0.0165397
0.0165397
0.0165397
0.0165397
0.0165397
0.0165397
0.0165397
0.0165397
0.0165397
0.0165397
0.0165397
0.0165397
0.0165397
0.0165397
0.0165397
0.0165397
0.0165397
0.0165397
0.0165397
0.0165397
0.0165397
0.0165397
0.0165397
0.0165397
0.0165397
0.0165397
0.0165397
0.0165397
0.0165397
0.0165397
0.0165397
0.0165397
0.0165397
0.0165397
0.0165397
0.0165397
0.0165397
0.0165397
0.0165397
0.0165397
0.0165397
0.0165397
0.0165397
0.0165397
0.0165397
0.0165397
0.0165397
0.0165397
0.0165397
0.0165397
0.0165397
0.0165396
0.0165396
0.0165396
0.0165396
0.0165396
0.0165396
0.0165396
0.0165396
0.0165396
0.0165396
0.0165396
0.0165396
0.0165396
0.0165396
0.0165396
0.0165396
0.0165396
0.0165396
0.0165396
0.0165396
0.0165396
0.0165396
0.0165396
0.0165396
0.0165396
0.0165396
0.0165396
0.0165396
0.0165396
0.0165396
0.0165396
0.0165396
0.0165396
0.0165396
0.0165396
0.0165396
0.0165396
0.0165396
0.0165396
0.0165396
0.0165396
0.0165396
0.0165396
0.0165396
0.0165396
0.0165396
0.0165396
0.0165396
0.0165396
0.0165396
0.0165396
0.0165396
0.0165396
0.0165396
0.0165396
0.0165396
0.0165396
0.0165396
0.0165395
0.0165395
0.0165395
0.0165395
0.0165395
0.0165395
0.0165395
0.0165395
0.0165395
0.0165395
0.0165395
0.0165395
0.0165395
0.0165395
0.0165395
0.0165395
0.0165395
0.0165395
0.0165395
0.0165395
0.0165395
0.0165395
0.0165395
0.0165395
0.0165395
0.0165395
0.0165395
0.0165395
0.0165395
0.0165395
0.0165395
0.0165395
0.0165395
0.0165395
0.0165395
0.0165395
0.0165395
0.0165395
0.0165395
0.0165395
0.0165395
0.0165395
0.0165395
0.0165395
0.0165395
0.0165395
0.0165395
0.0165395
0.0165395
0.0165395
0.0165395
0.0165395
0.0165395
0.0165395
0.0165395
0.0165395
0.0165395
0.0165395
0.0165394
0.0165394
0.0165394
0.0165394
0.0165394
0.0165394
0.0165394
0.0165394
0.0165394
0.0165394
0.0165394
0.0165394
0.0165394
0.0165394
0.0165394
0.0165394
0.0165394
0.0165394
0.0165394
0.0165394
0.0165394
0.0165394
0.0165394
0.0165394
0.0165394
0.0165394
0.0165394
0.0165394
0.0165394
0.0165394
0.0165394
0.0165394
0.0165394
0.0165394
0.0165394
0.0165394
0.0165394
0.0165394
0.0165394
0.0165394
0.0165394
0.0165394
0.0165394
0.0165394
0.0165394
0.0165394
0.0165394
0.0165394
0.0165394
0.0165394
0.0165394
0.0165394
0.0165394
0.0165394
0.0165394
0.0165394
0.0165394
0.0165394
0.0165394
0.0165393
0.0165393
0.0165393
0.0165393
0.0165393
0.0165393
0.0165393
0.0165393
0.0165393
0.0165393
0.0165393
0.0165393
0.0165393
0.0165393
0.0165393
0.0165393
0.0165393
0.0165393
0.0165393
0.0165393
0.0165393
0.0165393
0.0165393
0.0165393
0.0165393
0.0165393
0.0165393
0.0165393
0.0165393
0.0165393
0.0165393
0.0165393
0.0165393
0.0165393
0.0165393
0.0165393
0.0165393
0.0165393
0.0165393
0.0165393
0.0165393
0.0165393
0.0165393
0.0165393
0.0165393
0.0165393
0.0165393
0.0165393
0.0165393
0.0165393
0.0165393
0.0165393
0.0165393
0.0165393
0.0165393
0.0165393
0.0165393
0.0165393
0.0165392
0.0165392
0.0165392
0.0165392
0.0165392
0.0165392
0.0165392
0.0165392
0.0165392
0.0165392
0.0165392
0.0165392
0.0165392
0.0165392
0.0165392
0.0165392
0.0165392
0.0165392
0.0165392
0.0165392
0.0165392
0.0165392
0.0165392
0.0165392
0.0165392
0.0165392
0.0165392
0.0165392
0.0165392
0.0165392
0.0165392
0.0165392
0.0165392
0.0165392
0.0165392
0.0165392
0.0165392
0.0165392
0.0165392
0.0165392
0.0165392
0.0165392
0.0165392
0.0165392
0.0165392
0.0165392
0.0165392
0.0165392
0.0165392
0.0165392
0.0165392
0.0165392
0.0165392
0.0165392
0.0165392
0.0165392
0.0165392
0.0165392
0.0165392
0.0165391
0.0165391
0.0165391
0.0165391
0.0165391
0.0165391
0.0165391
0.0165391
0.0165391
0.0165391
0.0165391
0.0165391
0.0165391
0.0165391
0.0165391
0.0165391
0.0165391
0.0165391
0.0165391
0.0165391
0.0165391
0.0165391
0.0165391
0.0165391
0.0165391
0.0165391
0.0165391
0.0165391
0.0165391
0.0165391
0.0165391
0.0165391
0.0165391
0.0165391
0.0165391
0.0165391
0.0165391
0.0165391
0.0165391
0.0165391
0.0165391
0.0165391
0.0165391
0.0165391
0.0165391
0.0165391
0.0165391
0.0165391
0.0165391
0.0165391
0.0165391
0.0165391
0.0165391
0.0165391
0.0165391
0.0165391
0.0165391
0.0165391
0.016539
0.016539
0.016539
0.016539
0.016539
0.016539
0.016539
0.016539
0.016539
0.016539
0.016539
0.016539
0.016539
0.016539
0.016539
0.016539
0.016539
0.016539
0.016539
0.016539
0.016539
0.016539
0.016539
0.016539
0.016539
0.016539
0.016539
0.016539
0.016539
0.016539
0.016539
0.016539
0.016539
0.016539
0.016539
0.016539
0.016539
0.016539
0.016539
0.016539
0.016539
0.016539
0.016539
0.016539
0.016539
0.016539
0.016539
0.016539
0.016539
0.016539
0.016539
0.016539
0.016539
0.016539
0.016539
0.016539
0.016539
0.016539
0.016539
0.0165389
0.0165389
0.0165389
0.0165389
0.0165389
0.0165389
0.0165389
0.0165389
0.0165389
0.0165389
0.0165389
0.0165389
0.0165389
0.0165389
0.0165389
0.0165389
0.0165389
0.0165389
0.0165389
0.0165389
0.0165389
0.0165389
0.0165389
0.0165389
0.0165389
0.0165389
0.0165389
0.0165389
0.0165389
0.0165389
0.0165389
0.0165389
0.0165389
0.0165389
0.0165389
0.0165389
0.0165389
0.0165389
0.0165389
0.0165389
0.0165389
0.0165389
0.0165389
0.0165389
0.0165389
0.0165389
0.0165389
0.0165389
0.0165389
0.0165389
0.0165389
0.0165389
0.0165389
0.0165389
0.0165389
0.0165389
0.0165389
0.0165389
0.0165389
0.0165388
0.0165388
0.0165388
0.0165388
0.0165388
0.0165388
0.0165388
0.0165388
0.0165388
0.0165388
0.0165388
0.0165388
0.0165388
0.0165388
0.0165388
0.0165388
0.0165388
0.0165388
0.0165388
0.0165388
0.0165388
0.0165388
0.0165388
0.0165388
0.0165388
0.0165388
0.0165388
0.0165388
0.0165388
0.0165388
0.0165388
0.0165388
0.0165388
0.0165388
0.0165388
0.0165388
0.0165388
0.0165388
0.0165388
0.0165388
0.0165388
0.0165388
0.0165388
0.0165388
0.0165388
0.0165388
0.0165388
0.0165388
0.0165388
0.0165388
0.0165388
0.0165388
0.0165388
0.0165388
0.0165388
0.0165388
0.0165388
0.0165388
0.0165388
0.0165387
0.0165387
0.0165387
0.0165387
0.0165387
0.0165387
0.0165387
0.0165387
0.0165387
0.0165387
0.0165387
0.0165387
0.0165387
0.0165387
0.0165387
0.0165387
0.0165387
0.0165387
0.0165387
0.0165387
0.0165387
0.0165387
0.0165387
0.0165387
0.0165387
0.0165387
0.0165387
0.0165387
0.0165387
0.0165387
