0.5
0.495025
0.490099
0.485223
0.480395
0.475615
0.470882
0.466197
0.461558
0.456966
0.452419
0.447917
0.44346
0.439048
0.434679
0.430354
0.426072
0.421832
0.417635
0.41348
0.409365
0.405292
0.401259
0.397267
0.393314
0.3894
0.385526
0.38169
0.377892
0.374132
0.370409
0.366723
0.363075
0.359462
0.355885
0.352344
0.348838
0.345367
0.341931
0.338528
0.33516
0.331825
0.328523
0.325255
0.322018
0.318814
0.315642
0.312501
0.309392
0.306313
0.303265
0.300248
0.29726
0.294302
0.291374
0.288475
0.285605
0.282763
0.279949
0.277164
0.274406
0.271675
0.268972
0.266296
0.263646
0.261023
0.258426
0.255854
0.253309
0.250788
0.248293
0.245822
0.243376
0.240955
0.238557
0.236184
0.233834
0.231507
0.229204
0.226923
0.224665
0.22243
0.220217
0.218026
0.215857
0.213709
0.211583
0.209478
0.207394
0.20533
0.203288
0.201265
0.199263
0.197281
0.195318
0.193375
0.191452
0.189548
0.187662
0.185796
0.183948
0.182119
0.180308
0.178516
0.176741
0.174984
0.173245
0.171523
0.169818
0.168131
0.166461
0.164807
0.163171
0.161551
0.159947
0.15836
0.156789
0.155234
0.153695
0.152172
0.150664
0.149172
0.147696
0.146234
0.144789
0.143358
0.141942
0.140541
0.139156
0.137785
0.136428
0.135087
0.13376
0.132447
0.131149
0.129865
0.128596
0.127341
0.1261
0.124874
0.123662
0.122464
0.12128
0.12011
0.118954
0.117813
0.116685
0.115572
0.114473
0.113388
0.112317
0.11126
0.110218
0.10919
0.108176
0.107176
0.106191
0.10522
0.104263
0.103321
0.102393
0.10148
0.100582
0.0996977
0.0988284
0.0979738
0.0971339
0.0963088
0.0954985
0.094703
0.0939224
0.0931566
0.0924058
0.0916698
0.0909487
0.0902425
0.0895511
0.0888747
0.088213
0.0875662
0.0869341
0.0863167
0.0857139
0.0851257
0.0845519
0.0839925
0.0834474
0.0829165
0.0823996
0.0818966
0.0814074
0.0809317
0.0804695
0.0800206
0.0795848
0.0791619
0.0787517
0.078354
0.0779686
0.0775952
0.0772338
0.0768839
0.0765455
0.0762183
0.0759019
0.0755963
0.075301
0.075016
0.0747409
0.0744755
0.0742195
0.0739728
0.0737349
0.0735058
0.0732851
0.0730726
0.0728681
0.0726712
0.0724819
0.0722998
0.0721247
0.0719564
0.0717946
0.0716392
0.0714899
0.0713466
0.0712089
0.0710768
0.07095
0.0708283
0.0707115
0.0705995
0.0704921
0.070389
0.0702903
0.0701956
0.0701048
0.0700178
0.0699344
0.0698544
0.0697779
0.0697045
0.0696342
0.0695669
0.0695024
0.0694406
0.0693815
0.0693248
0.0692705
0.0692186
0.0691688
0.0691211
0.0690755
0.0690318
0.0689899
0.0689498
0.0689115
0.0688747
0.0688395
0.0688058
0.0687735
0.0687425
0.0687129
0.0686845
0.0686573
0.0686312
0.0686063
0.0685823
0.0685594
0.0685374
0.0685163
0.0684961
0.0684767
0.0684581
0.0684402
0.0684231
0.0684067
0.0683909
0.0683757
0.0683612
0.0683472
0.0683338
0.0683209
0.0683084
0.0682965
0.068285
0.068274
0.0682633
0.0682531
0.0682432
0.0682337
0.0682245
0.0682157
0.0682071
0.0681989
0.068191
0.0681833
0.0681758
0.0681686
0.0681617
0.068155
0.0681484
0.0681421
0.068136
0.06813
0.0681243
0.0681187
0.0681132
0.0681079
0.0681027
0.0680977
0.0680928
0.068088
0.0680834
0.0680788
0.0680744
0.06807
0.0680658
0.0680616
0.0680576
0.0680536
0.0680496
0.0680458
0.068042
0.0680383
0.0680347
0.0680311
0.0680275
0.068024
0.0680206
0.0680172
0.0680139
0.0680106
0.0680073
0.0680041
0.0680009
0.0679977
0.0679946
0.0679914
0.0679884
0.0679853
0.0679823
0.0679793
0.0679763
0.0679733
0.0679703
0.0679674
0.0679645
0.0679616
0.0679587
0.0679558
0.0679529
0.06795
0.0679472
0.0679443
0.0679414
0.0679386
0.0679358
0.0679329
0.0679301
0.0679273
0.0679244
0.0679216
0.0679188
0.0679159
0.0679131
0.0679103
0.0679075
0.0679046
0.0679018
0.067899
0.0678961
0.0678933
0.0678904
0.0678876
0.0678847
0.0678819
0.067879
0.0678761
0.0678732
0.0678703
0.0678675
0.0678646
0.0678617
0.0678587
0.0678558
0.0678529
0.06785
0.067847
0.0678441
0.0678411
0.0678381
0.0678352
0.0678322
0.0678292
0.0678262
0.0678232
0.0678201
0.0678171
0.0678141
0.067811
0.067808
0.0678049
0.0678018
0.0677987
0.0677956
0.0677925
0.0677894
0.0677863
0.0677832
0.06778
0.0677768
0.0677737
0.0677705
0.0677673
0.0677641
0.0677609
0.0677577
0.0677545
0.0677512
0.067748
0.0677447
0.0677414
0.0677382
0.0677349
0.0677316
0.0677283
0.0677249
0.0677216
0.0677183
0.0677149
0.0677115
0.0677082
0.0677048
0.0677014
0.067698
0.0676946
0.0676911
0.0676877
0.0676842
0.0676808
0.0676773
0.0676738
0.0676703
0.0676668
0.0676633
0.0676598
0.0676563
0.0676527
0.0676492
0.0676456
0.067642
0.0676385
0.0676349
0.0676313
0.0676277
0.067624
0.0676204
0.0676168
0.0676131
0.0676094
0.0676058
0.0676021
0.0675984
0.0675947
0.067591
0.0675872
0.0675835
0.0675798
0.067576
0.0675722
0.0675685
0.0675647
0.0675609
0.0675571
0.0675533
0.0675495
0.0675456
0.0675418
0.0675379
0.0675341
0.0675302
0.0675263
0.0675224
0.0675185
0.0675146
0.0675107
0.0675068
0.0675029
0.0674989
0.067495
0.067491
0.067487
0.0674831
0.0674791
0.0674751
0.0674711
0.0674671
0.067463
0.067459
0.067455
0.0674509
0.0674469
0.0674428
0.0674387
0.0674346
0.0674305
0.0674264
0.0674223
0.0674182
0.0674141
0.0674099
0.0674058
0.0674017
0.0673975
0.0673933
0.0673891
0.067385
0.0673808
0.0673766
0.0673724
0.0673682
0.0673639
0.0673597
0.0673555
0.0673512
0.067347
0.0673427
0.0673384
0.0673341
0.0673299
0.0673256
0.0673213
0.067317
0.0673126
0.0673083
0.067304
0.0672996
0.0672953
0.067291
0.0672866
0.0672822
0.0672779
0.0672735
0.0672691
0.0672647
0.0672603
0.0672559
0.0672515
0.067247
0.0672426
0.0672382
0.0672337
0.0672293
0.0672248
0.0672204
0.0672159
0.0672114
0.0672069
0.0672024
0.0671979
0.0671934
0.0671889
0.0671844
0.0671799
0.0671754
0.0671708
0.0671663
0.0671618
0.0671572
0.0671526
0.0671481
0.0671435
0.0671389
0.0671344
0.0671298
0.0671252
0.0671206
0.067116
0.0671114
0.0671067
0.0671021
0.0670975
0.0670929
0.0670882
0.0670836
0.0670789
0.0670743
0.0670696
0.0670649
0.0670603
0.0670556
0.0670509
0.0670462
0.0670415
0.0670368
0.0670321
0.0670274
0.0670227
0.067018
0.0670133
0.0670085
0.0670038
0.0669991
0.0669943
0.0669896
0.0669848
0.0669801
0.0669753
0.0669705
0.0669658
0.066961
0.0669562
0.0669514
0.0669466
0.0669418
0.066937
0.0669322
0.0669274
0.0669226
0.0669178
0.066913
0.0669081
0.0669033
0.0668985
0.0668936
0.0668888
0.066884
0.0668791
0.0668743
0.0668694
0.0668645
0.0668597
0.0668548
0.0668499
0.066845
0.0668402
0.0668353
0.0668304
0.0668255
0.0668206
0.0668157
0.0668108
0.0668059
0.066801
0.0667961
0.0667911
0.0667862
0.0667813
0.0667764
0.0667714
0.0667665
0.0667616
0.0667566
0.0667517
0.0667467
0.0667418
0.0667368
0.0667319
0.0667269
0.0667219
0.066717
0.066712
0.066707
0.066702
0.0666971
0.0666921
0.0666871
0.0666821
0.0666771
0.0666721
0.0666671
0.0666621
0.0666571
0.0666521
0.0666471
0.0666421
0.0666371
0.0666321
0.066627
0.066622
0.066617
0.066612
0.0666069
0.0666019
0.0665969
0.0665918
0.0665868
0.0665818
0.0665767
0.0665717
0.0665666
0.0665616
0.0665565
0.0665515
0.0665464
0.0665413
0.0665363
0.0665312
0.0665261
0.0665211
0.066516
0.0665109
0.0665059
0.0665008
0.0664957
0.0664906
0.0664855
0.0664804
0.0664754
0.0664703
0.0664652
0.0664601
0.066455
0.0664499
0.0664448
0.0664397
0.0664346
0.0664295
0.0664244
0.0664193
0.0664142
0.0664091
0.0664039
0.0663988
0.0663937
0.0663886
0.0663835
0.0663784
0.0663732
0.0663681
0.066363
0.0663579
0.0663527
0.0663476
0.0663425
0.0663374
0.0663322
0.0663271
0.066322
0.0663168
0.0663117
0.0663065
0.0663014
0.0662963
0.0662911
0.066286
0.0662808
0.0662757
0.0662705
0.0662654
0.0662602
0.0662551
0.0662499
0.0662448
0.0662396
0.0662345
0.0662293
0.0662242
0.066219
0.0662138
0.0662087
0.0662035
0.0661984
0.0661932
0.066188
0.0661829
0.0661777
0.0661725
0.0661674
0.0661622
0.066157
0.0661519
0.0661467
0.0661415
0.0661364
0.0661312
0.066126
0.0661208
0.0661157
0.0661105
0.0661053
0.0661001
0.066095
0.0660898
0.0660846
0.0660794
0.0660742
0.0660691
0.0660639
0.0660587
0.0660535
0.0660483
0.0660432
0.066038
0.0660328
0.0660276
0.0660224
0.0660172
0.0660121
0.0660069
0.0660017
0.0659965
0.0659913
0.0659861
0.0659809
0.0659758
0.0659706
0.0659654
0.0659602
0.065955
0.0659498
0.0659446
0.0659394
0.0659343
0.0659291
0.0659239
0.0659187
0.0659135
0.0659083
0.0659031
0.0658979
0.0658927
0.0658876
0.0658824
0.0658772
0.065872
0.0658668
0.0658616
0.0658564
0.0658512
0.065846
0.0658408
0.0658356
0.0658305
0.0658253
0.0658201
0.0658149
0.0658097
0.0658045
0.0657993
0.0657941
0.0657889
0.0657837
0.0657786
0.0657734
0.0657682
0.065763
0.0657578
0.0657526
0.0657474
0.0657422
0.065737
0.0657318
0.0657267
0.0657215
0.0657163
0.0657111
0.0657059
0.0657007
0.0656955
0.0656903
0.0656852
0.06568
0.0656748
0.0656696
0.0656644
0.0656592
0.065654
0.0656489
0.0656437
0.0656385
0.0656333
0.0656281
0.0656229
0.0656178
0.0656126
0.0656074
0.0656022
0.065597
0.0655918
0.0655867
0.0655815
0.0655763
0.0655711
0.0655659
0.0655608
0.0655556
0.0655504
0.0655452
0.0655401
0.0655349
0.0655297
0.0655245
0.0655193
0.0655142
0.065509
0.0655038
0.0654986
0.0654935
0.0654883
0.0654831
0.065478
0.0654728
0.0654676
0.0654624
0.0654573
0.0654521
0.0654469
0.0654418
0.0654366
0.0654314
0.0654263
0.0654211
0.0654159
0.0654108
0.0654056
0.0654004
0.0653953
0.0653901
0.065385
0.0653798
0.0653746
0.0653695
0.0653643
0.0653592
0.065354
0.0653488
0.0653437
0.0653385
0.0653334
0.0653282
0.0653231
0.0653179
0.0653127
0.0653076
0.0653024
0.0652973
0.0652921
0.065287
0.0652818
0.0652767
0.0652715
0.0652664
0.0652612
0.0652561
0.065251
0.0652458
0.0652407
0.0652355
0.0652304
0.0652252
0.0652201
0.0652149
0.0652098
0.0652047
0.0651995
0.0651944
0.0651893
0.0651841
0.065179
0.0651738
0.0651687
0.0651636
0.0651584
0.0651533
0.0651482
0.065143
0.0651379
0.0651328
0.0651276
0.0651225
0.0651174
0.0651123
0.0651071
0.065102
0.0650969
0.0650918
0.0650866
0.0650815
0.0650764
0.0650713
0.0650661
0.065061
0.0650559
0.0650508
0.0650457
0.0650405
0.0650354
0.0650303
0.0650252
0.0650201
0.065015
0.0650099
0.0650047
0.0649996
0.0649945
0.0649894
0.0649843
0.0649792
0.0649741
0.064969
0.0649639
0.0649588
0.0649536
0.0649485
0.0649434
0.0649383
0.0649332
0.0649281
0.064923
0.0649179
0.0649128
0.0649077
0.0649026
0.0648975
0.0648924
0.0648873
0.0648822
0.0648771
0.064872
0.064867
0.0648619
0.0648568
0.0648517
0.0648466
0.0648415
0.0648364
0.0648313
0.0648262
0.0648211
0.064816
0.064811
0.0648059
0.0648008
0.0647957
0.0647906
0.0647855
0.0647805
0.0647754
0.0647703
0.0647652
0.0647601
0.064755
0.06475
0.0647449
0.0647398
0.0647347
0.0647297
0.0647246
0.0647195
0.0647144
0.0647094
0.0647043
0.0646992
0.0646941
0.0646891
0.064684
0.0646789
0.0646739
0.0646688
0.0646637
0.0646587
0.0646536
0.0646485
0.0646435
0.0646384
0.0646333
0.0646283
0.0646232
0.0646181
0.0646131
0.064608
0.064603
0.0645979
0.0645928
0.0645878
0.0645827
0.0645777
0.0645726
0.0645675
0.0645625
0.0645574
0.0645524
0.0645473
0.0645423
0.0645372
0.0645322
0.0645271
0.064522
0.064517
0.0645119
0.0645069
0.0645018
0.0644968
0.0644917
0.0644867
0.0644816
0.0644766
0.0644715
0.0644665
0.0644614
0.0644564
0.0644514
0.0644463
0.0644413
0.0644362
0.0644312
0.0644261
0.0644211
0.064416
0.064411
0.064406
0.0644009
0.0643959
0.0643908
0.0643858
0.0643807
0.0643757
0.0643707
0.0643656
0.0643606
0.0643556
0.0643505
0.0643455
0.0643404
0.0643354
0.0643304
0.0643253
0.0643203
0.0643153
0.0643102
0.0643052
0.0643001
0.0642951
0.0642901
0.064285
0.06428
0.064275
0.0642699
0.0642649
0.0642599
0.0642548
0.0642498
0.0642448
0.0642397
0.0642347
0.0642297
0.0642246
0.0642196
0.0642146
0.0642095
0.0642045
0.0641995
0.0641944
0.0641894
0.0641844
0.0641794
0.0641743
0.0641693
0.0641643
0.0641592
0.0641542
0.0641492
0.0641441
0.0641391
0.0641341
0.0641291
0.064124
0.064119
0.064114
0.0641089
0.0641039
0.0640989
0.0640938
0.0640888
0.0640838
0.0640788
0.0640737
0.0640687
0.0640637
0.0640586
0.0640536
0.0640486
0.0640435
0.0640385
0.0640335
0.0640285
0.0640234
0.0640184
0.0640134
0.0640083
0.0640033
0.0639983
0.0639932
0.0639882
0.0639832
0.0639781
0.0639731
0.0639681
0.063963
0.063958
0.063953
0.0639479
0.0639429
0.0639379
0.0639328
0.0639278
0.0639228
0.0639177
0.0639127
0.0639077
0.0639026
0.0638976
0.0638926
0.0638875
0.0638825
0.0638774
0.0638724
0.0638674
0.0638623
0.0638573
0.0638523
0.0638472
0.0638422
0.0638371
0.0638321
0.063827
0.063822
0.063817
0.0638119
0.0638069
0.0638018
0.0637968
0.0637917
0.0637867
0.0637816
0.0637766
0.0637716
0.0637665
0.0637615
0.0637564
0.0637514
0.0637463
0.0637413
0.0637362
0.0637312
0.0637261
0.063721
0.063716
0.0637109
0.0637059
0.0637008
0.0636958
0.0636907
0.0636856
0.0636806
0.0636755
0.0636705
0.0636654
0.0636603
0.0636553
0.0636502
0.0636451
0.0636401
0.063635
0.0636299
0.0636249
0.0636198
0.0636147
0.0636097
0.0636046
0.0635995
0.0635944
0.0635894
0.0635843
0.0635792
0.0635741
0.063569
0.063564
0.0635589
0.0635538
0.0635487
0.0635436
0.0635385
0.0635335
0.0635284
0.0635233
0.0635182
0.0635131
0.063508
0.0635029
0.0634978
0.0634927
0.0634876
0.0634825
0.0634774
0.0634723
0.0634672
0.0634621
0.063457
0.0634519
0.0634468
0.0634417
0.0634366
0.0634314
0.0634263
0.0634212
0.0634161
0.063411
0.0634059
0.0634007
0.0633956
0.0633905
0.0633854
0.0633802
0.0633751
0.06337
0.0633649
0.0633597
0.0633546
0.0633494
0.0633443
0.0633392
0.063334
0.0633289
0.0633237
0.0633186
0.0633134
0.0633083
0.0633031
0.063298
0.0632928
0.0632877
0.0632825
0.0632774
0.0632722
0.063267
0.0632619
0.0632567
0.0632515
0.0632464
0.0632412
0.063236
0.0632308
0.0632256
0.0632205
0.0632153
0.0632101
0.0632049
0.0631997
0.0631945
0.0631893
0.0631841
0.0631789
0.0631737
0.0631685
0.0631633
0.0631581
0.0631529
0.0631477
0.0631425
0.0631373
0.0631321
0.0631268
0.0631216
0.0631164
0.0631112
0.0631059
0.0631007
0.0630955
0.0630902
0.063085
0.0630798
0.0630745
0.0630693
0.063064
0.0630588
0.0630535
0.0630483
0.063043
0.0630378
0.0630325
0.0630272
0.063022
0.0630167
0.0630114
0.0630061
0.0630009
0.0629956
0.0629903
0.062985
0.0629797
0.0629744
0.0629691
0.0629638
0.0629585
0.0629532
0.0629479
0.0629426
0.0629373
0.062932
0.0629267
0.0629214
0.062916
0.0629107
0.0629054
0.0629001
0.0628947
0.0628894
0.062884
0.0628787
0.0628733
0.062868
0.0628626
0.0628573
0.0628519
0.0628466
0.0628412
0.0628358
0.0628305
0.0628251
0.0628197
0.0628143
0.062809
0.0628036
0.0627982
0.0627928
0.0627874
0.062782
0.0627766
0.0627712
0.0627658
0.0627603
0.0627549
0.0627495
0.0627441
0.0627387
0.0627332
0.0627278
0.0627224
0.0627169
0.0627115
0.062706
0.0627006
0.0626951
0.0626897
0.0626842
0.0626787
0.0626733
0.0626678
0.0626623
0.0626568
0.0626513
0.0626459
0.0626404
0.0626349
0.0626294
0.0626239
0.0626184
0.0626129
0.0626073
0.0626018
0.0625963
0.0625908
0.0625852
0.0625797
0.0625742
0.0625686
0.0625631
0.0625575
0.062552
0.0625464
0.0625409
0.0625353
0.0625297
0.0625242
0.0625186
0.062513
0.0625074
0.0625018
0.0624962
0.0624906
0.062485
0.0624794
0.0624738
0.0624682
0.0624626
0.062457
0.0624513
0.0624457
0.0624401
0.0624344
0.0624288
0.0624231
0.0624175
0.0624118
0.0624062
0.0624005
0.0623948
0.0623892
0.0623835
0.0623778
0.0623721
0.0623664
0.0623607
0.062355
0.0623493
0.0623436
0.0623379
0.0623322
0.0623264
0.0623207
0.062315
0.0623093
0.0623035
0.0622978
0.062292
0.0622863
0.0622805
0.0622747
0.062269
0.0622632
0.0622574
0.0622516
0.0622459
0.0622401
0.0622343
0.0622285
0.0622227
0.0622169
0.062211
0.0622052
0.0621994
0.0621936
0.0621877
0.0621819
0.0621761
0.0621702
0.0621644
0.0621585
0.0621526
0.0621468
0.0621409
0.062135
0.0621292
0.0621233
0.0621174
0.0621115
0.0621056
0.0620997
0.0620938
0.0620879
0.062082
0.062076
0.0620701
0.0620642
0.0620582
0.0620523
0.0620464
0.0620404
0.0620344
0.0620285
0.0620225
0.0620166
0.0620106
0.0620046
0.0619986
0.0619926
0.0619866
0.0619806
0.0619746
0.0619686
0.0619626
0.0619566
0.0619506
0.0619445
0.0619385
0.0619325
0.0619264
0.0619204
0.0619143
0.0619083
0.0619022
0.0618962
0.0618901
0.061884
0.0618779
0.0618719
0.0618658
0.0618597
0.0618536
0.0618475
0.0618414
0.0618353
0.0618292
0.061823
0.0618169
0.0618108
0.0618047
0.0617985
0.0617924
0.0617862
0.0617801
0.0617739
0.0617678
0.0617616
0.0617554
0.0617492
0.0617431
0.0617369
0.0617307
0.0617245
0.0617183
0.0617121
0.0617059
0.0616997
0.0616935
0.0616873
0.061681
0.0616748
0.0616686
0.0616624
0.0616561
0.0616499
0.0616436
0.0616374
0.0616311
0.0616249
0.0616186
0.0616123
0.0616061
0.0615998
0.0615935
0.0615872
0.0615809
0.0615746
0.0615684
0.0615621
0.0615558
0.0615494
0.0615431
0.0615368
0.0615305
0.0615242
0.0615179
0.0615115
0.0615052
0.0614989
0.0614925
0.0614862
0.0614798
0.0614735
0.0614671
0.0614608
0.0614544
0.0614481
0.0614417
0.0614353
0.061429
0.0614226
0.0614162
0.0614098
0.0614034
0.0613971
0.0613907
0.0613843
0.0613779
0.0613715
0.0613651
0.0613587
0.0613523
0.0613459
0.0613394
0.061333
0.0613266
0.0613202
0.0613138
0.0613073
0.0613009
0.0612945
0.0612881
0.0612816
0.0612752
0.0612687
0.0612623
0.0612559
0.0612494
0.061243
0.0612365
0.0612301
0.0612236
0.0612172
0.0612107
0.0612043
0.0611978
0.0611913
0.0611849
0.0611784
0.061172
0.0611655
0.061159
0.0611526
0.0611461
0.0611396
0.0611331
0.0611267
0.0611202
0.0611137
0.0611072
0.0611008
0.0610943
0.0610878
0.0610813
0.0610749
0.0610684
0.0610619
0.0610554
0.0610489
0.0610425
0.061036
0.0610295
0.061023
0.0610165
0.0610101
0.0610036
0.0609971
0.0609906
0.0609842
0.0609777
0.0609712
0.0609647
0.0609582
0.0609518
0.0609453
0.0609388
0.0609323
0.0609259
0.0609194
0.0609129
0.0609065
0.0609
0.0608935
0.0608871
0.0608806
0.0608741
0.0608677
0.0608612
0.0608548
0.0608483
0.0608419
0.0608354
0.060829
0.0608225
0.0608161
0.0608096
0.0608032
0.0607968
0.0607903
0.0607839
0.0607775
0.060771
0.0607646
0.0607582
0.0607518
0.0607454
0.060739
0.0607326
0.0607262
0.0607198
0.0607134
0.060707
0.0607006
0.0606942
0.0606878
0.0606814
0.0606751
0.0606687
0.0606623
0.060656
0.0606496
0.0606433
0.0606369
0.0606306
0.0606243
0.0606179
0.0606116
0.0606053
0.060599
0.0605926
0.0605863
0.06058
0.0605737
0.0605675
0.0605612
0.0605549
0.0605486
0.0605424
0.0605361
0.0605299
0.0605236
0.0605174
0.0605111
0.0605049
0.0604987
0.0604925
0.0604863
0.0604801
0.0604739
0.0604677
0.0604615
0.0604553
0.0604492
0.060443
0.0604369
0.0604307
0.0604246
0.0604185
0.0604124
0.0604063
0.0604002
0.0603941
0.060388
0.0603819
0.0603758
0.0603698
0.0603637
0.0603577
0.0603517
0.0603457
0.0603396
0.0603336
0.0603277
0.0603217
0.0603157
0.0603097
0.0603038
0.0602978
0.0602919
0.060286
0.0602801
0.0602742
0.0602683
0.0602624
0.0602565
0.0602507
0.0602448
0.060239
0.0602332
0.0602274
0.0602216
0.0602158
0.06021
0.0602042
0.0601985
0.0601927
0.060187
0.0601813
0.0601756
0.0601699
0.0601642
0.0601586
0.0601529
0.0601473
0.0601416
0.060136
0.0601304
0.0601248
0.0601193
0.0601137
0.0601082
0.0601026
0.0600971
0.0600916
0.0600861
0.0600807
0.0600752
0.0600698
0.0600643
0.0600589
0.0600535
0.0600481
0.0600428
0.0600374
0.0600321
0.0600267
0.0600214
0.0600162
0.0600109
0.0600056
0.0600004
0.0599952
0.0599899
0.0599848
0.0599796
0.0599744
0.0599693
0.0599642
0.0599591
0.059954
0.0599489
0.0599438
0.0599388
0.0599338
0.0599288
0.0599238
0.0599189
0.0599139
0.059909
0.0599041
0.0598992
0.0598943
0.0598895
0.0598847
0.0598798
0.0598751
0.0598703
0.0598655
0.0598608
0.0598561
0.0598514
0.0598467
0.0598421
0.0598375
0.0598329
0.0598283
0.0598237
0.0598192
0.0598146
0.0598101
0.0598057
0.0598012
0.0597968
0.0597924
0.059788
0.0597836
0.0597793
0.0597749
0.0597706
0.0597664
0.0597621
0.0597579
0.0597537
0.0597495
0.0597453
0.0597412
0.0597371
0.059733
0.0597289
0.0597249
0.0597208
0.0597169
0.0597129
0.0597089
0.059705
0.0597011
0.0596973
0.0596934
0.0596896
0.0596858
0.0596821
0.0596783
0.0596746
0.0596709
0.0596673
0.0596636
0.05966
0.0596564
0.0596529
0.0596494
0.0596459
0.0596424
0.059639
0.0596355
0.0596322
0.0596288
0.0596255
0.0596222
0.0596189
0.0596156
0.0596124
0.0596092
0.0596061
0.0596029
0.0595998
0.0595968
0.0595937
0.0595907
0.0595877
0.0595848
0.0595819
0.059579
0.0595761
0.0595733
0.0595705
0.0595677
0.059565
0.0595622
0.0595596
0.0595569
0.0595543
0.0595517
0.0595492
0.0595466
0.0595442
0.0595417
0.0595393
0.0595369
0.0595345
0.0595322
0.0595299
0.0595276
0.0595254
0.0595232
0.0595211
0.0595189
0.0595168
0.0595148
0.0595128
0.0595108
0.0595088
0.0595069
0.059505
0.0595031
0.0595013
0.0594995
0.0594978
0.0594961
0.0594944
0.0594927
0.0594911
0.0594895
0.059488
0.0594865
0.059485
0.0594836
0.0594822
0.0594808
0.0594795
0.0594782
0.059477
0.0594758
0.0594746
0.0594734
0.0594723
0.0594713
0.0594702
0.0594693
0.0594683
0.0594674
0.0594665
0.0594657
0.0594649
0.0594641
0.0594634
0.0594627
0.059462
0.0594614
0.0594608
0.0594603
0.0594598
0.0594593
0.0594589
0.0594585
0.0594582
0.0594579
0.0594576
0.0594574
0.0594572
0.0594571
0.059457
0.0594569
0.0594569
0.0594569
0.059457
0.0594571
0.0594572
0.0594574
0.0594576
0.0594578
0.0594581
0.0594585
0.0594588
0.0594593
0.0594597
0.0594602
0.0594608
0.0594613
0.059462
0.0594626
0.0594633
0.0594641
0.0594649
0.0594657
0.0594666
0.0594675
0.0594684
0.0594694
0.0594705
0.0594715
0.0594727
0.0594738
0.059475
0.0594763
0.0594776
0.0594789
0.0594803
0.0594817
0.0594832
0.0594847
0.0594862
0.0594878
0.0594894
0.0594911
0.0594928
0.0594946
0.0594964
0.0594982
0.0595001
0.059502
0.059504
0.059506
0.0595081
0.0595102
0.0595123
0.0595145
0.0595167
0.059519
0.0595213
0.0595237
0.0595261
0.0595285
0.059531
0.0595335
0.0595361
0.0595387
0.0595414
0.0595441
0.0595468
0.0595496
0.0595524
0.0595553
0.0595582
0.0595612
0.0595642
0.0595673
0.0595704
0.0595735
0.0595767
0.0595799
0.0595832
0.0595865
0.0595898
0.0595932
0.0595967
0.0596001
0.0596037
0.0596072
0.0596109
0.0596145
0.0596182
0.059622
0.0596257
0.0596296
0.0596334
0.0596374
0.0596413
0.0596453
0.0596494
0.0596535
0.0596576
0.0596618
0.059666
0.0596702
0.0596746
0.0596789
0.0596833
0.0596877
0.0596922
0.0596967
0.0597013
0.0597059
0.0597105
0.0597152
0.05972
0.0597247
0.0597296
0.0597344
0.0597393
0.0597443
0.0597492
0.0597543
0.0597593
0.0597645
0.0597696
0.0597748
0.0597801
0.0597853
0.0597907
0.059796
0.0598014
0.0598069
0.0598124
0.0598179
0.0598235
0.0598291
0.0598348
0.0598405
0.0598462
0.059852
0.0598578
0.0598637
0.0598696
0.0598755
0.0598815
0.0598876
0.0598936
0.0598997
0.0599059
0.0599121
0.0599183
0.0599246
0.0599309
0.0599373
0.0599436
0.0599501
0.0599566
0.0599631
0.0599696
0.0599762
0.0599828
0.0599895
0.0599962
0.060003
0.0600098
0.0600166
0.0600235
0.0600304
0.0600373
0.0600443
0.0600513
0.0600584
0.0600655
0.0600726
0.0600798
0.060087
0.0600943
0.0601016
0.0601089
0.0601163
0.0601237
0.0601312
0.0601386
0.0601462
0.0601537
0.0601613
0.0601689
0.0601766
0.0601843
0.0601921
0.0601998
0.0602077
0.0602155
0.0602234
0.0602313
0.0602393
0.0602473
0.0602553
0.0602634
0.0602715
0.0602797
0.0602878
0.060296
0.0603043
0.0603126
0.0603209
0.0603293
0.0603376
0.0603461
0.0603545
0.060363
0.0603715
0.0603801
0.0603887
0.0603973
0.060406
0.0604147
0.0604234
0.0604322
0.060441
0.0604498
0.0604587
0.0604676
0.0604765
0.0604855
0.0604945
0.0605035
0.0605126
0.0605217
0.0605308
0.06054
0.0605491
0.0605584
0.0605676
0.0605769
0.0605862
0.0605956
0.060605
0.0606144
0.0606238
0.0606333
0.0606428
0.0606523
0.0606619
0.0606715
0.0606811
0.0606908
0.0607005
0.0607102
0.0607199
0.0607297
0.0607395
0.0607493
0.0607592
0.0607691
0.060779
0.060789
0.0607989
0.0608089
0.060819
0.060829
0.0608391
0.0608492
0.0608594
0.0608696
0.0608798
0.06089
0.0609003
0.0609105
0.0609209
0.0609312
0.0609416
0.060952
0.0609624
0.0609728
0.0609833
0.0609938
0.0610043
0.0610149
0.0610254
0.061036
0.0610467
0.0610573
0.061068
0.0610787
0.0610894
0.0611002
0.0611109
0.0611217
0.0611326
0.0611434
0.0611543
0.0611652
0.0611761
0.0611871
0.061198
0.061209
0.06122
0.0612311
0.0612421
0.0612532
0.0612643
0.0612755
0.0612866
0.0612978
0.061309
0.0613202
0.0613315
0.0613427
0.061354
0.0613653
0.0613766
0.061388
0.0613994
0.0614107
0.0614222
0.0614336
0.0614451
0.0614565
0.061468
0.0614795
0.0614911
0.0615026
0.0615142
0.0615258
0.0615374
0.0615491
0.0615607
0.0615724
0.0615841
0.0615958
0.0616075
0.0616193
0.061631
0.0616428
0.0616546
0.0616665
0.0616783
0.0616902
0.061702
0.0617139
0.0617258
0.0617378
0.0617497
0.0617617
0.0617737
0.0617857
0.0617977
0.0618097
0.0618218
0.0618338
0.0618459
0.061858
0.0618701
0.0618823
0.0618944
0.0619066
0.0619187
0.0619309
0.0619432
0.0619554
0.0619676
0.0619799
0.0619921
0.0620044
0.0620167
0.062029
0.0620414
0.0620537
0.0620661
0.0620784
0.0620908
0.0621032
0.0621156
0.0621281
0.0621405
0.0621529
0.0621654
0.0621779
0.0621904
0.0622029
0.0622154
0.0622279
0.0622405
0.062253
0.0622656
0.0622782
0.0622908
0.0623034
0.062316
0.0623286
0.0623413
0.0623539
0.0623666
0.0623792
0.0623919
0.0624046
0.0624173
0.0624301
0.0624428
0.0624555
0.0624683
0.062481
0.0624938
0.0625066
0.0625194
0.0625322
0.062545
0.0625578
0.0625706
0.0625835
0.0625963
0.0626092
0.0626221
0.0626349
0.0626478
0.0626607
0.0626736
0.0626865
0.0626995
0.0627124
0.0627253
0.0627383
0.0627512
0.0627642
0.0627772
0.0627901
0.0628031
0.0628161
0.0628291
0.0628421
0.0628552
0.0628682
0.0628812
0.0628943
0.0629073
0.0629204
0.0629334
0.0629465
0.0629596
0.0629726
0.0629857
0.0629988
0.0630119
0.063025
0.0630382
0.0630513
0.0630644
0.0630775
0.0630907
0.0631038
0.063117
0.0631301
0.0631433
0.0631564
0.0631696
0.0631828
0.063196
0.0632091
0.0632223
0.0632355
0.0632487
0.0632619
0.0632751
0.0632884
0.0633016
0.0633148
0.063328
0.0633412
0.0633545
0.0633677
0.063381
0.0633942
0.0634075
0.0634207
0.063434
0.0634472
0.0634605
0.0634738
0.063487
0.0635003
0.0635136
0.0635269
0.0635401
0.0635534
0.0635667
0.06358
0.0635933
0.0636066
0.0636199
0.0636332
0.0636465
0.0636598
0.0636731
0.0636864
0.0636997
0.0637131
0.0637264
0.0637397
0.063753
0.0637663
0.0637797
0.063793
0.0638063
0.0638196
0.063833
0.0638463
0.0638596
0.063873
0.0638863
0.0638996
0.063913
0.0639263
0.0639396
0.063953
0.0639663
0.0639796
0.063993
0.0640063
0.0640197
0.064033
0.0640463
0.0640597
0.064073
0.0640864
0.0640997
0.0641131
0.0641264
0.0641397
0.0641531
0.0641664
0.0641798
0.0641931
0.0642064
0.0642198
0.0642331
0.0642465
0.0642598
0.0642731
0.0642865
0.0642998
0.0643131
0.0643265
0.0643398
0.0643531
0.0643665
0.0643798
0.0643931
0.0644064
0.0644198
0.0644331
0.0644464
0.0644597
0.064473
0.0644864
0.0644997
0.064513
0.0645263
0.0645396
0.0645529
0.0645662
0.0645795
0.0645928
0.0646061
0.0646194
0.0646327
0.064646
0.0646593
0.0646726
0.0646859
0.0646992
0.0647125
0.0647257
0.064739
0.0647523
0.0647656
0.0647788
0.0647921
0.0648054
0.0648186
0.0648319
0.0648452
0.0648584
0.0648717
0.0648849
0.0648981
0.0649114
0.0649246
0.0649379
0.0649511
0.0649643
0.0649775
0.0649908
0.065004
0.0650172
0.0650304
0.0650436
0.0650568
0.06507
0.0650832
0.0650964
0.0651096
0.0651228
0.065136
0.0651492
0.0651623
0.0651755
0.0651887
0.0652018
0.065215
0.0652282
0.0652413
0.0652545
0.0652676
0.0652807
0.0652939
0.065307
0.0653201
0.0653333
0.0653464
0.0653595
0.0653726
0.0653857
0.0653988
0.0654119
0.065425
0.0654381
0.0654512
0.0654643
0.0654773
0.0654904
0.0655035
0.0655165
0.0655296
0.0655426
0.0655557
0.0655687
0.0655818
0.0655948
0.0656078
0.0656208
0.0656339
0.0656469
0.0656599
0.0656729
0.0656859
0.0656989
0.0657119
0.0657249
0.0657378
0.0657508
0.0657638
0.0657768
0.0657897
0.0658027
0.0658156
0.0658286
0.0658415
0.0658544
0.0658674
0.0658803
0.0658932
0.0659061
0.065919
0.0659319
0.0659448
0.0659577
0.0659706
0.0659835
0.0659964
0.0660092
0.0660221
0.0660349
0.0660478
0.0660606
0.0660735
0.0660863
0.0660992
0.066112
0.0661248
0.0661376
0.0661504
0.0661632
0.066176
0.0661888
0.0662016
0.0662144
0.0662272
0.0662399
0.0662527
0.0662655
0.0662782
0.066291
0.0663037
0.0663164
0.0663292
0.0663419
0.0663546
0.0663673
0.06638
0.0663927
0.0664054
0.0664181
0.0664308
0.0664435
0.0664562
0.0664688
0.0664815
0.0664941
0.0665068
0.0665194
0.0665321
0.0665447
0.0665573
0.0665699
0.0665826
0.0665952
0.0666078
0.0666204
0.0666329
0.0666455
0.0666581
0.0666707
0.0666832
0.0666958
0.0667084
0.0667209
0.0667335
0.066746
0.0667585
0.066771
0.0667836
0.0667961
0.0668086
0.0668211
0.0668336
0.0668461
0.0668585
0.066871
0.0668835
0.066896
0.0669084
0.0669209
0.0669333
0.0669458
0.0669582
0.0669706
0.066983
0.0669955
0.0670079
0.0670203
0.0670327
0.0670451
0.0670575
0.0670698
0.0670822
0.0670946
0.0671069
0.0671193
0.0671317
0.067144
0.0671563
0.0671687
0.067181
0.0671933
0.0672056
0.067218
0.0672303
0.0672426
0.0672548
0.0672671
0.0672794
0.0672917
0.067304
0.0673162
0.0673285
0.0673407
0.067353
0.0673652
0.0673774
0.0673897
0.0674019
0.0674141
0.0674263
0.0674385
0.0674507
0.0674629
0.0674751
0.0674873
0.0674995
0.0675116
0.0675238
0.0675359
0.0675481
0.0675602
0.0675724
0.0675845
0.0675966
0.0676088
0.0676209
0.067633
0.0676451
0.0676572
0.0676693
0.0676814
0.0676935
0.0677056
0.0677176
0.0677297
0.0677418
0.0677538
0.0677659
0.0677779
0.0677899
0.067802
0.067814
0.067826
0.0678381
0.0678501
0.0678621
0.0678741
0.0678861
0.0678981
0.06791
0.067922
0.067934
0.067946
0.0679579
0.0679699
0.0679818
0.0679938
0.0680057
0.0680177
0.0680296
0.0680415
0.0680534
0.0680654
0.0680773
0.0680892
0.0681011
0.068113
0.0681249
0.0681367
0.0681486
0.0681605
0.0681724
0.0681842
0.0681961
0.068208
0.0682198
0.0682317
0.0682435
0.0682553
0.0682672
0.068279
0.0682908
0.0683026
0.0683144
0.0683262
0.068338
0.0683498
0.0683616
0.0683734
0.0683852
0.068397
0.0684087
0.0684205
0.0684323
0.068444
0.0684558
0.0684675
0.0684793
0.068491
0.0685028
0.0685145
0.0685262
0.0685379
0.0685497
0.0685614
0.0685731
0.0685848
0.0685965
0.0686082
0.0686199
0.0686316
0.0686433
0.0686549
0.0686666
0.0686783
0.0686899
0.0687016
0.0687133
0.0687249
0.0687366
0.0687482
0.0687599
0.0687715
0.0687831
0.0687948
0.0688064
0.068818
0.0688296
0.0688413
0.0688529
0.0688645
0.0688761
0.0688877
0.0688993
0.0689109
0.0689225
0.068934
0.0689456
0.0689572
0.0689688
0.0689803
0.0689919
0.0690035
0.069015
0.0690266
0.0690381
0.0690497
0.0690612
0.0690728
0.0690843
0.0690959
0.0691074
0.0691189
0.0691305
0.069142
0.0691535
0.069165
0.0691765
0.069188
0.0691996
0.0692111
0.0692226
0.0692341
0.0692456
0.0692571
0.0692685
0.06928
0.0692915
0.069303
0.0693145
0.069326
0.0693374
0.0693489
0.0693604
0.0693718
0.0693833
0.0693948
0.0694062
0.0694177
0.0694291
0.0694406
0.069452
0.0694635
0.0694749
0.0694864
0.0694978
0.0695093
0.0695207
0.0695321
0.0695436
0.069555
0.0695664
0.0695778
0.0695893
0.0696007
0.0696121
0.0696235
0.0696349
0.0696464
0.0696578
0.0696692
0.0696806
0.069692
0.0697034
0.0697148
0.0697262
0.0697376
0.069749
0.0697604
0.0697718
0.0697832
0.0697946
0.069806
0.0698174
0.0698288
0.0698402
0.0698515
0.0698629
0.0698743
0.0698857
0.0698971
0.0699085
0.0699198
0.0699312
0.0699426
0.069954
0.0699654
0.0699767
0.0699881
0.0699995
0.0700109
0.0700222
0.0700336
0.070045
0.0700564
0.0700677
0.0700791
0.0700905
0.0701018
0.0701132
0.0701246
0.0701359
0.0701473
0.0701587
0.07017
0.0701814
0.0701928
0.0702041
0.0702155
0.0702269
0.0702383
0.0702496
0.070261
0.0702724
0.0702837
0.0702951
0.0703065
0.0703178
0.0703292
0.0703406
0.0703519
0.0703633
0.0703747
0.0703861
0.0703974
0.0704088
0.0704202
0.0704315
0.0704429
0.0704543
0.0704657
0.0704771
0.0704884
0.0704998
0.0705112
0.0705226
0.070534
0.0705453
0.0705567
0.0705681
0.0705795
0.0705909
0.0706023
0.0706137
0.0706251
0.0706365
0.0706478
0.0706592
0.0706706
0.070682
0.0706934
0.0707048
0.0707163
0.0707277
0.0707391
0.0707505
0.0707619
0.0707733
0.0707847
0.0707961
0.0708076
0.070819
0.0708304
0.0708418
0.0708533
0.0708647
0.0708761
0.0708876
0.070899
0.0709104
0.0709219
0.0709333
0.0709448
0.0709562
0.0709677
0.0709792
0.0709906
0.0710021
0.0710135
0.071025
0.0710365
0.071048
0.0710594
0.0710709
0.0710824
0.0710939
0.0711054
0.0711169
0.0711284
0.0711399
0.0711514
0.0711629
0.0711744
0.0711859
0.0711974
0.0712089
0.0712205
0.071232
0.0712435
0.0712551
0.0712666
0.0712782
0.0712897
0.0713013
0.0713128
0.0713244
0.0713359
0.0713475
0.0713591
0.0713707
0.0713823
0.0713938
0.0714054
0.071417
0.0714286
0.0714402
0.0714518
0.0714635
0.0714751
0.0714867
0.0714983
0.07151
0.0715216
0.0715333
0.0715449
0.0715566
0.0715682
0.0715799
0.0715916
0.0716032
0.0716149
0.0716266
0.0716383
0.07165
0.0716617
0.0716734
0.0716851
0.0716968
0.0717086
0.0717203
0.071732
0.0717438
0.0717555
0.0717673
0.0717791
0.0717908
0.0718026
0.0718144
0.0718262
0.071838
0.0718498
0.0718616
0.0718734
0.0718852
0.071897
0.0719089
0.0719207
0.0719325
0.0719444
0.0719563
0.0719681
0.07198
0.0719919
0.0720038
0.0720157
0.0720276
0.0720395
0.0720514
0.0720633
0.0720753
0.0720872
0.0720992
0.0721111
0.0721231
0.072135
0.072147
0.072159
0.072171
0.072183
0.072195
0.072207
0.0722191
0.0722311
0.0722431
0.0722552
0.0722673
0.0722793
0.0722914
0.0723035
0.0723156
0.0723277
0.0723398
0.0723519
0.072364
0.0723762
0.0723883
0.0724005
0.0724127
0.0724248
0.072437
0.0724492
0.0724614
0.0724736
0.0724858
0.0724981
0.0725103
0.0725226
0.0725348
0.0725471
0.0725594
0.0725717
0.072584
0.0725963
0.0726086
0.0726209
0.0726333
0.0726456
0.072658
0.0726703
0.0726827
0.0726951
0.0727075
0.0727199
0.0727323
0.0727448
0.0727572
0.0727697
0.0727821
0.0727946
0.0728071
0.0728196
0.0728321
0.0728446
0.0728572
0.0728697
0.0728823
0.0728948
0.0729074
0.07292
0.0729326
0.0729452
0.0729578
0.0729705
0.0729831
0.0729958
0.0730084
0.0730211
0.0730338
0.0730465
0.0730592
0.073072
0.0730847
0.0730975
0.0731102
0.073123
0.0731358
0.0731486
0.0731615
0.0731743
0.0731871
0.0732
0.0732129
0.0732258
0.0732387
0.0732516
0.0732645
0.0732774
0.0732904
0.0733034
0.0733163
0.0733293
0.0733423
0.0733554
0.0733684
0.0733814
0.0733945
0.0734076
0.0734207
0.0734338
0.0734469
0.07346
0.0734732
0.0734863
0.0734995
0.0735127
0.0735259
0.0735391
0.0735524
0.0735656
0.0735789
0.0735922
0.0736055
0.0736188
0.0736321
0.0736454
0.0736588
0.0736722
0.0736856
0.073699
0.0737124
0.0737258
0.0737393
0.0737527
0.0737662
0.0737797
0.0737932
0.0738068
0.0738203
0.0738339
0.0738474
0.073861
0.0738747
0.0738883
0.0739019
0.0739156
0.0739293
0.073943
0.0739567
0.0739704
0.0739842
0.0739979
0.0740117
0.0740255
0.0740393
0.0740532
0.074067
0.0740809
0.0740948
0.0741087
0.0741226
0.0741365
0.0741505
0.0741645
0.0741785
0.0741925
0.0742065
0.0742205
0.0742346
0.0742487
0.0742628
0.0742769
0.0742911
0.0743052
0.0743194
0.0743336
0.0743478
0.0743621
0.0743763
0.0743906
0.0744049
0.0744192
0.0744335
0.0744479
0.0744623
0.0744767
0.0744911
0.0745055
0.07452
0.0745344
0.0745489
0.0745634
0.074578
0.0745925
0.0746071
0.0746217
0.0746363
0.0746509
0.0746656
0.0746803
0.074695
0.0747097
0.0747244
0.0747392
0.074754
0.0747688
0.0747836
0.0747984
0.0748133
0.0748282
0.0748431
0.0748581
0.074873
0.074888
0.074903
0.074918
0.074933
0.0749481
0.0749632
0.0749783
0.0749934
0.0750086
0.0750238
0.075039
0.0750542
0.0750695
0.0750847
0.0751
0.0751153
0.0751307
0.075146
0.0751614
0.0751768
0.0751923
0.0752077
0.0752232
0.0752387
0.0752542
0.0752698
0.0752854
0.075301
0.0753166
0.0753322
0.0753479
0.0753636
0.0753793
0.0753951
0.0754108
0.0754266
0.0754425
0.0754583
0.0754742
0.0754901
0.075506
0.075522
0.0755379
0.0755539
0.07557
0.075586
0.0756021
0.0756182
0.0756343
0.0756505
0.0756666
0.0756828
0.0756991
0.0757153
0.0757316
0.0757479
0.0757643
0.0757806
0.075797
0.0758135
0.0758299
0.0758464
0.0758629
0.0758794
0.075896
0.0759125
0.0759291
0.0759458
0.0759625
0.0759791
0.0759959
0.0760126
0.0760294
0.0760462
0.076063
0.0760799
0.0760968
0.0761137
0.0761306
0.0761476
0.0761646
0.0761817
0.0761987
0.0762158
0.0762329
0.0762501
0.0762673
0.0762845
0.0763017
0.076319
0.0763363
0.0763536
0.076371
0.0763883
0.0764058
0.0764232
0.0764407
0.0764582
0.0764757
0.0764933
0.0765109
0.0765285
0.0765462
0.0765639
0.0765816
0.0765994
0.0766171
0.076635
0.0766528
0.0766707
0.0766886
0.0767065
0.0767245
0.0767425
0.0767605
0.0767786
0.0767967
0.0768148
0.076833
0.0768512
0.0768694
0.0768877
0.076906
0.0769243
0.0769427
0.0769611
0.0769795
0.076998
0.0770164
0.077035
0.0770535
0.0770721
0.0770907
0.0771094
0.0771281
0.0771468
0.0771656
0.0771844
0.0772032
0.0772221
0.077241
0.0772599
0.0772789
0.0772979
0.0773169
0.077336
0.0773551
0.0773742
0.0773934
0.0774126
0.0774318
0.0774511
0.0774704
0.0774898
0.0775092
0.0775286
0.077548
0.0775675
0.0775871
0.0776066
0.0776262
0.0776459
0.0776655
0.0776853
0.077705
0.0777248
0.0777446
0.0777645
0.0777843
0.0778043
0.0778242
0.0778443
0.0778643
0.0778844
0.0779045
0.0779246
0.0779448
0.0779651
0.0779853
0.0780056
0.078026
0.0780464
0.0780668
0.0780872
0.0781077
0.0781283
0.0781488
0.0781694
0.0781901
0.0782108
0.0782315
0.0782523
0.0782731
0.0782939
0.0783148
0.0783357
0.0783567
0.0783777
0.0783987
0.0784198
0.078441
0.0784621
0.0784833
0.0785046
0.0785258
0.0785472
0.0785685
0.0785899
0.0786114
0.0786329
0.0786544
0.078676
0.0786976
0.0787192
0.0787409
0.0787626
0.0787844
0.0788062
0.0788281
0.07885
0.0788719
0.0788939
0.0789159
0.078938
0.0789601
0.0789822
0.0790044
0.0790267
0.0790489
0.0790712
0.0790936
0.079116
0.0791385
0.0791609
0.0791835
0.0792061
0.0792287
0.0792513
0.079274
0.0792968
0.0793196
0.0793424
0.0793653
0.0793882
0.0794112
0.0794342
0.0794572
0.0794803
0.0795035
0.0795267
0.0795499
0.0795732
0.0795965
0.0796199
0.0796433
0.0796667
0.0796902
0.0797138
0.0797374
0.079761
0.0797847
0.0798084
0.0798322
0.079856
0.0798799
0.0799038
0.0799277
0.0799517
0.0799758
0.0799999
0.080024
0.0800482
0.0800724
0.0800967
0.080121
0.0801454
0.0801698
0.0801943
0.0802188
0.0802433
0.0802679
0.0802926
0.0803173
0.080342
0.0803668
0.0803917
0.0804166
0.0804415
0.0804665
0.0804915
0.0805166
0.0805417
0.0805669
0.0805921
0.0806174
0.0806427
0.0806681
0.0806935
0.080719
0.0807445
0.08077
0.0807957
0.0808213
0.080847
0.0808728
0.0808986
0.0809244
0.0809504
0.0809763
0.0810023
0.0810284
0.0810545
0.0810806
0.0811068
0.0811331
0.0811594
0.0811857
0.0812121
0.0812386
0.0812651
0.0812916
0.0813182
0.0813449
0.0813716
0.0813983
0.0814252
0.081452
0.0814789
0.0815059
0.0815329
0.0815599
0.081587
0.0816142
0.0816414
0.0816687
0.081696
0.0817234
0.0817508
0.0817782
0.0818058
0.0818333
0.081861
0.0818886
0.0819164
0.0819441
0.081972
0.0819998
0.0820278
0.0820558
0.0820838
0.0821119
0.08214
0.0821682
0.0821965
0.0822248
0.0822531
0.0822815
0.08231
0.0823385
0.0823671
0.0823957
0.0824244
0.0824531
0.0824819
0.0825107
0.0825396
0.0825685
0.0825975
0.0826266
0.0826557
0.0826848
0.082714
0.0827433
0.0827726
0.0828019
0.0828314
0.0828608
0.0828904
0.0829199
0.0829496
0.0829793
0.083009
0.0830388
0.0830687
0.0830986
0.0831285
0.0831585
0.0831886
0.0832187
0.0832489
0.0832791
0.0833094
0.0833398
0.0833702
0.0834006
0.0834311
0.0834617
0.0834923
0.083523
0.0835537
0.0835845
0.0836153
0.0836462
0.0836771
0.0837081
0.0837392
0.0837703
0.0838015
0.0838327
0.083864
0.0838953
0.0839267
0.0839581
0.0839896
0.0840212
0.0840528
0.0840845
0.0841162
0.084148
0.0841798
0.0842117
0.0842436
0.0842756
0.0843077
0.0843398
0.084372
0.0844042
0.0844365
0.0844688
0.0845012
0.0845337
0.0845662
0.0845987
0.0846314
0.084664
0.0846968
0.0847295
0.0847624
0.0847953
0.0848282
0.0848613
0.0848943
0.0849274
0.0849606
0.0849939
0.0850272
0.0850605
0.0850939
0.0851274
0.0851609
0.0851945
0.0852281
0.0852618
0.0852955
0.0853293
0.0853632
0.0853971
0.0854311
0.0854651
0.0854992
0.0855334
0.0855676
0.0856018
0.0856361
0.0856705
0.0857049
0.0857394
0.0857739
0.0858085
0.0858432
0.0858779
0.0859127
0.0859475
0.0859824
0.0860173
0.0860523
0.0860874
0.0861225
0.0861576
0.0861928
0.0862281
0.0862635
0.0862989
0.0863343
0.0863698
0.0864054
0.086441
0.0864767
0.0865124
0.0865482
0.086584
0.0866199
0.0866559
0.0866919
0.086728
0.0867641
0.0868003
0.0868365
0.0868728
0.0869092
0.0869456
0.0869821
0.0870186
0.0870552
0.0870918
0.0871285
0.0871652
0.087202
0.0872389
0.0872758
0.0873128
0.0873498
0.0873869
0.0874241
0.0874613
0.0874985
0.0875358
0.0875732
0.0876106
0.0876481
0.0876857
0.0877233
0.0877609
0.0877986
0.0878364
0.0878742
0.0879121
0.08795
0.087988
0.088026
0.0880641
0.0881023
0.0881405
0.0881787
0.0882171
0.0882554
0.0882939
0.0883324
0.0883709
0.0884095
0.0884481
0.0884868
0.0885256
0.0885644
0.0886033
0.0886422
0.0886812
0.0887203
0.0887593
0.0887985
0.0888377
0.088877
0.0889163
0.0889556
0.0889951
0.0890345
0.0890741
0.0891136
0.0891533
0.089193
0.0892327
0.0892725
0.0893124
0.0893523
0.0893923
0.0894323
0.0894724
0.0895125
0.0895527
0.0895929
0.0896332
0.0896735
0.0897139
0.0897544
0.0897949
0.0898354
0.089876
0.0899167
0.0899574
0.0899982
0.090039
0.0900799
0.0901208
0.0901618
0.0902028
0.0902439
0.090285
0.0903262
0.0903674
0.0904087
0.0904501
0.0904915
0.0905329
0.0905744
0.090616
0.0906576
0.0906992
0.090741
0.0907827
0.0908245
0.0908664
0.0909083
0.0909503
0.0909923
0.0910343
0.0910765
0.0911186
0.0911608
0.0912031
0.0912454
0.0912878
0.0913302
0.0913727
0.0914152
0.0914578
0.0915004
0.0915431
0.0915858
0.0916286
0.0916714
0.0917142
0.0917572
0.0918001
0.0918431
0.0918862
0.0919293
0.0919725
0.0920157
0.0920589
0.0921023
0.0921456
0.092189
0.0922325
0.092276
0.0923195
0.0923631
0.0924067
0.0924504
0.0924942
0.092538
0.0925818
0.0926257
0.0926696
0.0927136
0.0927576
0.0928017
0.0928458
0.0928899
0.0929341
0.0929784
0.0930227
0.093067
0.0931114
0.0931558
0.0932003
0.0932448
0.0932894
0.093334
0.0933787
0.0934234
0.0934681
0.0935129
0.0935578
0.0936026
0.0936476
0.0936925
0.0937375
0.0937826
0.0938277
0.0938729
0.093918
0.0939633
0.0940085
0.0940539
0.0940992
0.0941446
0.0941901
0.0942355
0.0942811
0.0943266
0.0943723
0.0944179
0.0944636
0.0945093
0.0945551
0.0946009
0.0946468
0.0946927
0.0947387
0.0947846
0.0948307
0.0948767
0.0949228
0.094969
0.0950152
0.0950614
0.0951076
0.0951539
0.0952003
0.0952467
0.0952931
0.0953395
0.095386
0.0954326
0.0954791
0.0955258
0.0955724
0.0956191
0.0956658
0.0957126
0.0957594
0.0958062
0.0958531
0.0959
0.0959469
0.0959939
0.096041
0.096088
0.0961351
0.0961822
0.0962294
0.0962766
0.0963238
0.0963711
0.0964184
0.0964657
0.0965131
0.0965605
0.096608
0.0966555
0.096703
0.0967505
0.0967981
0.0968457
0.0968933
0.096941
0.0969887
0.0970365
0.0970843
0.0971321
0.0971799
0.0972278
0.0972757
0.0973236
0.0973716
0.0974196
0.0974676
0.0975157
0.0975638
0.0976119
0.0976601
0.0977083
0.0977565
0.0978047
0.097853
0.0979013
0.0979497
0.097998
0.0980464
0.0980948
0.0981433
0.0981918
0.0982403
0.0982888
0.0983374
0.098386
0.0984346
0.0984833
0.0985319
0.0985806
0.0986294
0.0986781
0.0987269
0.0987757
0.0988245
0.0988734
0.0989223
0.0989712
0.0990202
0.0990691
0.0991181
0.0991671
0.0992162
0.0992652
0.0993143
0.0993634
0.0994126
0.0994617
0.0995109
0.0995601
0.0996093
0.0996586
0.0997079
0.0997572
0.0998065
0.0998558
0.0999052
0.0999546
0.100004
0.100053
0.100103
0.100152
0.100202
0.100251
0.100301
0.10035
0.1004
0.10045
0.100499
0.100549
0.100599
0.100648
0.100698
0.100748
0.100797
0.100847
0.100897
0.100947
0.100996
0.101046
0.101096
0.101146
0.101196
0.101246
0.101296
0.101346
0.101395
0.101445
0.101495
0.101545
0.101595
0.101645
0.101695
0.101745
0.101796
0.101846
0.101896
0.101946
0.101996
0.102046
0.102096
0.102146
0.102196
0.102247
0.102297
0.102347
0.102397
0.102448
0.102498
0.102548
0.102598
0.102649
0.102699
0.102749
0.1028
0.10285
0.1029
0.102951
0.103001
0.103051
0.103102
0.103152
0.103202
0.103253
0.103303
0.103354
0.103404
0.103454
0.103505
0.103555
0.103606
0.103656
0.103707
0.103757
0.103808
0.103858
0.103909
0.103959
0.10401
0.10406
0.104111
0.104161
0.104212
0.104262
0.104313
0.104363
0.104414
0.104465
0.104515
0.104566
0.104616
0.104667
0.104717
0.104768
0.104819
0.104869
0.10492
0.10497
0.105021
0.105072
0.105122
0.105173
0.105223
0.105274
0.105325
0.105375
0.105426
0.105476
0.105527
0.105578
0.105628
0.105679
0.105729
0.10578
0.105831
0.105881
0.105932
0.105982
0.106033
0.106084
0.106134
0.106185
0.106235
0.106286
0.106337
0.106387
0.106438
0.106488
0.106539
0.106589
0.10664
0.106691
0.106741
0.106792
0.106842
0.106893
0.106943
0.106994
0.107044
0.107095
0.107145
0.107196
0.107246
0.107297
0.107347
0.107398
0.107448
0.107499
0.107549
0.1076
0.10765
0.107701
0.107751
0.107802
0.107852
0.107902
0.107953
0.108003
0.108053
0.108104
0.108154
0.108205
0.108255
0.108305
0.108356
0.108406
0.108456
0.108507
0.108557
0.108607
0.108657
0.108708
0.108758
0.108808
0.108858
0.108908
0.108959
0.109009
0.109059
0.109109
0.109159
0.109209
0.10926
0.10931
0.10936
0.10941
0.10946
0.10951
0.10956
0.10961
0.10966
0.10971
0.10976
0.10981
0.10986
0.10991
0.10996
0.11001
0.110059
0.110109
0.110159
0.110209
0.110259
0.110309
0.110358
0.110408
0.110458
0.110508
0.110557
0.110607
0.110657
0.110706
0.110756
0.110806
0.110855
0.110905
0.110954
0.111004
0.111054
0.111103
0.111153
0.111202
0.111252
0.111301
0.11135
0.1114
0.111449
0.111499
0.111548
0.111597
0.111646
0.111696
0.111745
0.111794
0.111843
0.111893
0.111942
0.111991
0.11204
0.112089
0.112138
0.112187
0.112236
0.112285
0.112334
0.112383
0.112432
0.112481
0.11253
0.112579
0.112628
0.112677
0.112725
0.112774
0.112823
0.112872
0.11292
0.112969
0.113018
0.113066
0.113115
0.113164
0.113212
0.113261
0.113309
0.113358
0.113406
0.113455
0.113503
0.113551
0.1136
0.113648
0.113696
0.113745
0.113793
0.113841
0.113889
0.113937
0.113986
0.114034
0.114082
0.11413
0.114178
0.114226
0.114274
0.114322
0.11437
0.114418
0.114465
0.114513
0.114561
0.114609
0.114656
0.114704
0.114752
0.1148
0.114847
0.114895
0.114942
0.11499
0.115037
0.115085
0.115132
0.11518
0.115227
0.115274
0.115322
0.115369
0.115416
0.115464
0.115511
0.115558
0.115605
0.115652
0.115699
0.115746
0.115793
0.11584
0.115887
0.115934
0.115981
0.116028
0.116075
0.116121
0.116168
0.116215
0.116262
0.116308
0.116355
0.116401
0.116448
0.116495
0.116541
0.116587
0.116634
0.11668
0.116727
0.116773
0.116819
0.116866
0.116912
0.116958
0.117004
0.11705
0.117096
0.117142
0.117188
0.117234
0.11728
0.117326
0.117372
0.117418
0.117464
0.117509
0.117555
0.117601
0.117646
0.117692
0.117738
0.117783
0.117829
0.117874
0.11792
0.117965
0.11801
0.118056
0.118101
0.118146
0.118192
0.118237
0.118282
0.118327
0.118372
0.118417
0.118462
0.118507
0.118552
0.118597
0.118642
0.118687
0.118731
0.118776
0.118821
0.118866
0.11891
0.118955
0.118999
0.119044
0.119088
0.119133
0.119177
0.119222
0.119266
0.11931
0.119354
0.119399
0.119443
0.119487
0.119531
0.119575
0.119619
0.119663
0.119707
0.119751
0.119795
0.119839
0.119882
0.119926
0.11997
0.120013
0.120057
0.120101
0.120144
0.120188
0.120231
0.120275
0.120318
0.120361
0.120405
0.120448
0.120491
0.120534
0.120577
0.12062
0.120664
0.120707
0.12075
0.120792
0.120835
0.120878
0.120921
0.120964
0.121007
0.121049
0.121092
0.121135
0.121177
0.12122
0.121262
0.121305
0.121347
0.121389
0.121432
0.121474
0.121516
0.121558
0.121601
0.121643
0.121685
0.121727
0.121769
0.121811
0.121853
0.121895
0.121936
0.121978
0.12202
0.122062
0.122103
0.122145
0.122186
0.122228
0.122269
0.122311
0.122352
0.122394
0.122435
0.122476
0.122518
0.122559
0.1226
0.122641
0.122682
0.122723
0.122764
0.122805
0.122846
0.122887
0.122928
0.122968
0.123009
0.12305
0.12309
0.123131
0.123172
0.123212
0.123253
0.123293
0.123333
0.123374
0.123414
0.123454
0.123494
0.123535
0.123575
0.123615
0.123655
0.123695
0.123735
0.123775
0.123815
0.123854
0.123894
0.123934
0.123974
0.124013
0.124053
0.124092
0.124132
0.124171
0.124211
0.12425
0.12429
0.124329
0.124368
0.124407
0.124447
0.124486
0.124525
0.124564
0.124603
0.124642
0.124681
0.12472
0.124758
0.124797
0.124836
0.124875
0.124913
0.124952
0.12499
0.125029
0.125067
0.125106
0.125144
0.125182
0.125221
0.125259
0.125297
0.125335
0.125374
0.125412
0.12545
0.125488
0.125526
0.125563
0.125601
0.125639
0.125677
0.125715
0.125752
0.12579
0.125828
0.125865
0.125903
0.12594
0.125977
0.126015
0.126052
0.126089
0.126127
0.126164
0.126201
0.126238
0.126275
0.126312
0.126349
0.126386
0.126423
0.12646
0.126497
0.126533
0.12657
0.126607
0.126643
0.12668
0.126716
0.126753
0.126789
0.126826
0.126862
0.126898
0.126935
0.126971
0.127007
0.127043
0.127079
0.127115
0.127151
0.127187
0.127223
0.127259
0.127295
0.127331
0.127367
0.127402
0.127438
0.127474
0.127509
0.127545
0.12758
0.127616
0.127651
0.127686
0.127722
0.127757
0.127792
0.127827
0.127862
0.127897
0.127932
0.127967
0.128002
0.128037
0.128072
0.128107
0.128142
0.128176
0.128211
0.128246
0.12828
0.128315
0.128349
0.128384
0.128418
0.128453
0.128487
0.128521
0.128556
0.12859
0.128624
0.128658
0.128692
0.128726
0.12876
0.128794
0.128828
0.128862
0.128896
0.128929
0.128963
0.128997
0.129031
0.129064
0.129098
0.129131
0.129165
0.129198
0.129231
0.129265
0.129298
0.129331
0.129365
0.129398
0.129431
0.129464
0.129497
0.12953
0.129563
0.129596
0.129629
0.129661
0.129694
0.129727
0.12976
0.129792
0.129825
0.129857
0.12989
0.129922
0.129955
0.129987
0.13002
0.130052
0.130084
0.130116
0.130149
0.130181
0.130213
0.130245
0.130277
0.130309
0.130341
0.130373
0.130404
0.130436
0.130468
0.1305
0.130531
0.130563
0.130595
0.130626
0.130658
0.130689
0.13072
0.130752
0.130783
0.130814
0.130846
0.130877
0.130908
0.130939
0.13097
0.131001
0.131032
0.131063
0.131094
0.131125
0.131156
0.131187
0.131217
0.131248
0.131279
0.131309
0.13134
0.13137
0.131401
0.131431
0.131462
0.131492
0.131522
0.131553
0.131583
0.131613
0.131643
0.131673
0.131703
0.131733
0.131763
0.131793
0.131823
0.131853
0.131883
0.131913
0.131942
0.131972
0.132002
0.132031
0.132061
0.132091
0.13212
0.132149
0.132179
0.132208
0.132238
0.132267
0.132296
0.132325
0.132355
0.132384
0.132413
0.132442
0.132471
0.1325
0.132529
0.132558
0.132586
0.132615
0.132644
0.132673
0.132701
0.13273
0.132759
0.132787
0.132816
0.132844
0.132873
0.132901
0.132929
0.132958
0.132986
0.133014
0.133042
0.133071
0.133099
0.133127
0.133155
0.133183
0.133211
0.133239
0.133267
0.133295
0.133322
0.13335
0.133378
0.133406
0.133433
0.133461
0.133488
0.133516
0.133543
0.133571
0.133598
0.133626
0.133653
0.13368
0.133708
0.133735
0.133762
0.133789
0.133816
0.133843
0.13387
0.133897
0.133924
0.133951
0.133978
0.134005
0.134032
0.134058
0.134085
0.134112
0.134138
0.134165
0.134192
0.134218
0.134245
0.134271
0.134297
0.134324
0.13435
0.134376
0.134403
0.134429
0.134455
0.134481
0.134507
0.134533
0.134559
0.134585
0.134611
0.134637
0.134663
0.134689
0.134715
0.134741
0.134766
0.134792
0.134818
0.134843
0.134869
0.134894
0.13492
0.134945
0.134971
0.134996
0.135022
0.135047
0.135072
0.135098
0.135123
0.135148
0.135173
0.135198
0.135223
0.135248
0.135273
0.135298
0.135323
0.135348
0.135373
0.135398
0.135422
0.135447
0.135472
0.135497
0.135521
0.135546
0.13557
0.135595
0.135619
0.135644
0.135668
0.135693
0.135717
0.135741
0.135766
0.13579
0.135814
0.135838
0.135862
0.135886
0.13591
0.135934
0.135958
0.135982
0.136006
0.13603
0.136054
0.136078
0.136102
0.136125
0.136149
0.136173
0.136196
0.13622
0.136244
0.136267
0.136291
0.136314
0.136338
0.136361
0.136384
0.136408
0.136431
0.136454
0.136477
0.136501
0.136524
0.136547
0.13657
0.136593
0.136616
0.136639
0.136662
0.136685
0.136708
0.136731
0.136753
0.136776
0.136799
0.136822
0.136844
0.136867
0.136889
0.136912
0.136935
0.136957
0.13698
0.137002
0.137024
0.137047
0.137069
0.137091
0.137114
0.137136
0.137158
0.13718
0.137202
0.137225
0.137247
0.137269
0.137291
0.137313
0.137335
0.137357
0.137378
0.1374
0.137422
0.137444
0.137466
0.137487
0.137509
0.137531
0.137552
0.137574
0.137595
0.137617
0.137638
0.13766
0.137681
0.137703
0.137724
0.137745
0.137767
0.137788
0.137809
0.13783
0.137851
0.137873
0.137894
0.137915
0.137936
0.137957
0.137978
0.137999
0.13802
0.138041
0.138061
0.138082
0.138103
0.138124
0.138145
0.138165
0.138186
0.138207
0.138227
0.138248
0.138268
0.138289
0.138309
0.13833
0.13835
0.13837
0.138391
0.138411
0.138431
0.138452
0.138472
0.138492
0.138512
0.138532
0.138553
0.138573
0.138593
0.138613
0.138633
0.138653
0.138673
0.138692
0.138712
0.138732
0.138752
0.138772
0.138792
0.138811
0.138831
0.138851
0.13887
0.13889
0.138909
0.138929
0.138948
0.138968
0.138987
0.139007
0.139026
0.139046
0.139065
0.139084
0.139103
0.139123
0.139142
0.139161
0.13918
0.139199
0.139219
0.139238
0.139257
0.139276
0.139295
0.139314
0.139333
0.139351
0.13937
0.139389
0.139408
0.139427
0.139445
0.139464
0.139483
0.139502
0.13952
0.139539
0.139557
0.139576
0.139595
0.139613
0.139632
0.13965
0.139668
0.139687
0.139705
0.139723
0.139742
0.13976
0.139778
0.139797
0.139815
0.139833
0.139851
0.139869
0.139887
0.139905
0.139923
0.139941
0.139959
0.139977
0.139995
0.140013
0.140031
0.140049
0.140067
0.140084
0.140102
0.14012
0.140138
0.140155
0.140173
0.140191
0.140208
0.140226
0.140243
0.140261
0.140278
0.140296
0.140313
0.140331
0.140348
0.140365
0.140383
0.1404
0.140417
0.140434
0.140452
0.140469
0.140486
0.140503
0.14052
0.140537
0.140555
0.140572
0.140589
0.140606
0.140623
0.14064
0.140656
0.140673
0.14069
0.140707
0.140724
0.140741
0.140757
0.140774
0.140791
0.140808
0.140824
0.140841
0.140857
0.140874
0.140891
0.140907
0.140924
0.14094
0.140957
0.140973
0.140989
0.141006
0.141022
0.141038
0.141055
0.141071
0.141087
0.141104
0.14112
0.141136
0.141152
0.141168
0.141184
0.1412
0.141216
0.141233
0.141249
0.141265
0.141281
0.141296
0.141312
0.141328
0.141344
0.14136
0.141376
0.141392
0.141407
0.141423
0.141439
0.141455
0.14147
0.141486
0.141501
0.141517
0.141533
0.141548
0.141564
0.141579
0.141595
0.14161
0.141626
0.141641
0.141656
0.141672
0.141687
0.141703
0.141718
0.141733
0.141748
0.141764
0.141779
0.141794
0.141809
0.141824
0.141839
0.141854
0.14187
0.141885
0.1419
0.141915
0.14193
0.141945
0.141959
0.141974
0.141989
0.142004
0.142019
0.142034
0.142049
0.142063
0.142078
0.142093
0.142108
0.142122
0.142137
0.142152
0.142166
0.142181
0.142195
0.14221
0.142224
0.142239
0.142253
0.142268
0.142282
0.142297
0.142311
0.142325
0.14234
0.142354
0.142368
0.142383
0.142397
0.142411
0.142425
0.14244
0.142454
0.142468
0.142482
0.142496
0.14251
0.142524
0.142538
0.142553
0.142567
0.142581
0.142594
0.142608
0.142622
0.142636
0.14265
0.142664
0.142678
0.142692
0.142705
0.142719
0.142733
0.142747
0.14276
0.142774
0.142788
0.142801
0.142815
0.142829
0.142842
0.142856
0.142869
0.142883
0.142896
0.14291
0.142923
0.142937
0.14295
0.142964
0.142977
0.14299
0.143004
0.143017
0.14303
0.143044
0.143057
0.14307
0.143083
0.143097
0.14311
0.143123
0.143136
0.143149
0.143162
0.143175
0.143189
0.143202
0.143215
0.143228
0.143241
0.143254
0.143267
0.143279
0.143292
0.143305
0.143318
0.143331
0.143344
0.143357
0.143369
0.143382
0.143395
0.143408
0.14342
0.143433
0.143446
0.143458
0.143471
0.143484
0.143496
0.143509
0.143521
0.143534
0.143547
0.143559
0.143572
0.143584
0.143596
0.143609
0.143621
0.143634
0.143646
0.143658
0.143671
0.143683
0.143695
0.143708
0.14372
0.143732
0.143744
0.143757
0.143769
0.143781
0.143793
0.143805
0.143817
0.143829
0.143842
0.143854
0.143866
0.143878
0.14389
0.143902
0.143914
0.143926
0.143938
0.143949
0.143961
0.143973
0.143985
0.143997
0.144009
0.144021
0.144032
0.144044
0.144056
0.144068
0.144079
0.144091
0.144103
0.144115
0.144126
0.144138
0.144149
0.144161
0.144173
0.144184
0.144196
0.144207
0.144219
0.14423
0.144242
0.144253
0.144265
0.144276
0.144288
0.144299
0.14431
0.144322
0.144333
0.144344
0.144356
0.144367
0.144378
0.144389
0.144401
0.144412
0.144423
0.144434
0.144446
0.144457
0.144468
0.144479
0.14449
0.144501
0.144512
0.144523
0.144534
0.144545
0.144556
0.144567
0.144578
0.144589
0.1446
0.144611
0.144622
0.144633
0.144644
0.144655
0.144666
0.144676
0.144687
0.144698
0.144709
0.14472
0.14473
0.144741
0.144752
0.144763
0.144773
0.144784
0.144795
0.144805
0.144816
0.144826
0.144837
0.144848
0.144858
0.144869
0.144879
0.14489
0.1449
0.144911
0.144921
0.144932
0.144942
0.144953
0.144963
0.144973
0.144984
0.144994
0.145004
0.145015
0.145025
0.145035
0.145046
0.145056
0.145066
0.145076
0.145087
0.145097
0.145107
0.145117
0.145127
0.145138
0.145148
0.145158
0.145168
0.145178
0.145188
0.145198
0.145208
0.145218
0.145228
0.145238
0.145248
0.145258
0.145268
0.145278
0.145288
0.145298
0.145308
0.145318
0.145328
0.145337
0.145347
0.145357
0.145367
0.145377
0.145386
0.145396
0.145406
0.145416
0.145425
0.145435
0.145445
0.145455
0.145464
0.145474
0.145484
0.145493
0.145503
0.145512
0.145522
0.145531
0.145541
0.145551
0.14556
0.14557
0.145579
0.145589
0.145598
0.145608
0.145617
0.145626
0.145636
0.145645
0.145655
0.145664
0.145673
0.145683
0.145692
0.145701
0.145711
0.14572
0.145729
0.145739
0.145748
0.145757
0.145766
0.145775
0.145785
0.145794
0.145803
0.145812
0.145821
0.14583
0.14584
0.145849
0.145858
0.145867
0.145876
0.145885
0.145894
0.145903
0.145912
0.145921
0.14593
0.145939
0.145948
0.145957
0.145966
0.145975
0.145984
0.145993
0.146001
0.14601
0.146019
0.146028
0.146037
0.146046
0.146054
0.146063
0.146072
0.146081
0.14609
0.146098
0.146107
0.146116
0.146124
0.146133
0.146142
0.14615
0.146159
0.146168
0.146176
0.146185
0.146194
0.146202
0.146211
0.146219
0.146228
0.146236
0.146245
0.146254
0.146262
0.146271
0.146279
0.146287
0.146296
0.146304
0.146313
0.146321
0.14633
0.146338
0.146346
0.146355
0.146363
0.146371
0.14638
0.146388
0.146396
0.146405
0.146413
0.146421
0.14643
0.146438
0.146446
0.146454
0.146463
0.146471
0.146479
0.146487
0.146495
0.146503
0.146512
0.14652
0.146528
0.146536
0.146544
0.146552
0.14656
0.146568
0.146576
0.146584
0.146592
0.1466
0.146608
0.146616
0.146624
0.146632
0.14664
0.146648
0.146656
0.146664
0.146672
0.14668
0.146688
0.146696
0.146704
0.146711
0.146719
0.146727
0.146735
0.146743
0.146751
0.146758
0.146766
0.146774
0.146782
0.146789
0.146797
0.146805
0.146813
0.14682
0.146828
0.146836
0.146843
0.146851
0.146859
0.146866
0.146874
0.146882
0.146889
0.146897
0.146904
0.146912
0.146919
0.146927
0.146935
0.146942
0.14695
0.146957
0.146965
0.146972
0.14698
0.146987
0.146995
0.147002
0.147009
0.147017
0.147024
0.147032
0.147039
0.147046
0.147054
0.147061
0.147069
0.147076
0.147083
0.147091
0.147098
0.147105
0.147112
0.14712
0.147127
0.147134
0.147141
0.147149
0.147156
0.147163
0.14717
0.147178
0.147185
0.147192
0.147199
0.147206
0.147213
0.147221
0.147228
0.147235
0.147242
0.147249
0.147256
0.147263
0.14727
0.147277
0.147284
0.147291
0.147298
0.147305
0.147312
0.147319
0.147326
0.147333
0.14734
0.147347
0.147354
0.147361
0.147368
0.147375
0.147382
0.147389
0.147396
0.147403
0.14741
0.147416
0.147423
0.14743
0.147437
0.147444
0.147451
0.147457
0.147464
0.147471
0.147478
0.147485
0.147491
0.147498
0.147505
0.147511
0.147518
0.147525
0.147532
0.147538
0.147545
0.147552
0.147558
0.147565
0.147572
0.147578
0.147585
0.147592
0.147598
0.147605
0.147611
0.147618
0.147624
0.147631
0.147638
0.147644
0.147651
0.147657
0.147664
0.14767
0.147677
0.147683
0.14769
0.147696
0.147703
0.147709
0.147716
0.147722
0.147728
0.147735
0.147741
0.147748
0.147754
0.14776
0.147767
0.147773
0.14778
0.147786
0.147792
0.147799
0.147805
0.147811
0.147818
0.147824
0.14783
0.147836
0.147843
0.147849
0.147855
0.147861
0.147868
0.147874
0.14788
0.147886
0.147893
0.147899
0.147905
0.147911
0.147917
0.147923
0.14793
0.147936
0.147942
0.147948
0.147954
0.14796
0.147966
0.147972
0.147979
0.147985
0.147991
0.147997
0.148003
0.148009
0.148015
0.148021
0.148027
0.148033
0.148039
0.148045
0.148051
0.148057
0.148063
0.148069
0.148075
0.148081
0.148087
0.148093
0.148099
0.148104
0.14811
0.148116
0.148122
0.148128
0.148134
0.14814
0.148146
0.148151
0.148157
0.148163
0.148169
0.148175
0.148181
0.148186
0.148192
0.148198
0.148204
0.14821
0.148215
0.148221
0.148227
0.148233
0.148238
0.148244
0.14825
0.148255
0.148261
0.148267
0.148273
0.148278
0.148284
0.14829
0.148295
0.148301
0.148306
0.148312
0.148318
0.148323
0.148329
0.148335
0.14834
0.148346
0.148351
0.148357
0.148362
0.148368
0.148374
0.148379
0.148385
0.14839
0.148396
0.148401
0.148407
0.148412
0.148418
0.148423
0.148429
0.148434
0.14844
0.148445
0.148451
0.148456
0.148461
0.148467
0.148472
0.148478
0.148483
0.148488
0.148494
0.148499
0.148505
0.14851
0.148515
0.148521
0.148526
0.148531
0.148537
0.148542
0.148547
0.148553
0.148558
0.148563
0.148569
0.148574
0.148579
0.148584
0.14859
0.148595
0.1486
0.148605
0.148611
0.148616
0.148621
0.148626
0.148631
0.148637
0.148642
0.148647
0.148652
0.148657
0.148663
0.148668
0.148673
0.148678
0.148683
0.148688
0.148693
0.148699
0.148704
0.148709
0.148714
0.148719
0.148724
0.148729
0.148734
0.148739
0.148744
0.148749
0.148754
0.148759
0.148764
0.148769
0.148774
0.14878
0.148785
0.14879
0.148795
0.148799
0.148804
0.148809
0.148814
0.148819
0.148824
0.148829
0.148834
0.148839
0.148844
0.148849
0.148854
0.148859
0.148864
0.148869
0.148873
0.148878
0.148883
0.148888
0.148893
0.148898
0.148903
0.148908
0.148912
0.148917
0.148922
0.148927
0.148932
0.148936
0.148941
0.148946
0.148951
0.148956
0.14896
0.148965
0.14897
0.148975
0.148979
0.148984
0.148989
0.148994
0.148998
0.149003
0.149008
0.149012
0.149017
0.149022
0.149027
0.149031
0.149036
0.149041
0.149045
0.14905
0.149055
0.149059
0.149064
0.149068
0.149073
0.149078
0.149082
0.149087
0.149092
0.149096
0.149101
0.149105
0.14911
0.149114
0.149119
0.149124
0.149128
0.149133
0.149137
0.149142
0.149146
0.149151
0.149155
0.14916
0.149164
0.149169
0.149173
0.149178
0.149182
0.149187
0.149191
0.149196
0.1492
0.149205
0.149209
0.149214
0.149218
0.149223
0.149227
0.149231
0.149236
0.14924
0.149245
0.149249
0.149253
0.149258
0.149262
0.149267
0.149271
0.149275
0.14928
0.149284
0.149288
0.149293
0.149297
0.149301
0.149306
0.14931
0.149314
0.149319
0.149323
0.149327
0.149332
0.149336
0.14934
0.149344
0.149349
0.149353
0.149357
0.149362
0.149366
0.14937
0.149374
0.149378
0.149383
0.149387
0.149391
0.149395
0.1494
0.149404
0.149408
0.149412
0.149416
0.149421
0.149425
0.149429
0.149433
0.149437
0.149441
0.149446
0.14945
0.149454
0.149458
0.149462
0.149466
0.14947
0.149474
0.149479
0.149483
0.149487
0.149491
0.149495
0.149499
0.149503
0.149507
0.149511
0.149515
0.149519
0.149523
0.149527
0.149532
0.149536
0.14954
0.149544
0.149548
0.149552
0.149556
0.14956
0.149564
0.149568
0.149572
0.149576
0.14958
0.149584
0.149588
0.149592
0.149596
0.1496
0.149603
0.149607
0.149611
0.149615
0.149619
0.149623
0.149627
0.149631
0.149635
0.149639
0.149643
0.149647
0.149651
0.149654
0.149658
0.149662
0.149666
0.14967
0.149674
0.149678
0.149682
0.149685
0.149689
0.149693
0.149697
0.149701
0.149705
0.149708
0.149712
0.149716
0.14972
0.149724
0.149727
0.149731
0.149735
0.149739
0.149743
0.149746
0.14975
0.149754
0.149758
0.149761
0.149765
0.149769
0.149773
0.149776
0.14978
0.149784
0.149788
0.149791
0.149795
0.149799
0.149802
0.149806
0.14981
0.149814
0.149817
0.149821
0.149825
0.149828
0.149832
0.149836
0.149839
0.149843
0.149847
0.14985
0.149854
0.149857
0.149861
0.149865
0.149868
0.149872
0.149876
0.149879
0.149883
0.149886
0.14989
0.149894
0.149897
0.149901
0.149904
0.149908
0.149912
0.149915
0.149919
0.149922
0.149926
0.149929
0.149933
0.149936
0.14994
0.149944
0.149947
0.149951
0.149954
0.149958
0.149961
0.149965
0.149968
0.149972
0.149975
0.149979
0.149982
0.149986
0.149989
0.149993
0.149996
0.15
0.150003
0.150006
0.15001
0.150013
0.150017
0.15002
0.150024
0.150027
0.150031
0.150034
0.150037
0.150041
0.150044
0.150048
0.150051
0.150054
0.150058
0.150061
0.150065
0.150068
0.150071
0.150075
0.150078
0.150081
0.150085
0.150088
0.150092
0.150095
0.150098
0.150102
0.150105
0.150108
0.150112
0.150115
0.150118
0.150122
0.150125
0.150128
0.150132
0.150135
0.150138
0.150141
0.150145
0.150148
0.150151
0.150155
0.150158
0.150161
0.150164
0.150168
0.150171
0.150174
0.150177
0.150181
0.150184
0.150187
0.15019
0.150194
0.150197
0.1502
0.150203
0.150207
0.15021
0.150213
0.150216
0.150219
0.150223
0.150226
0.150229
0.150232
0.150235
0.150239
0.150242
0.150245
0.150248
0.150251
0.150254
0.150258
0.150261
0.150264
0.150267
0.15027
0.150273
0.150276
0.15028
0.150283
0.150286
0.150289
0.150292
0.150295
0.150298
0.150301
0.150304
0.150308
0.150311
0.150314
0.150317
0.15032
0.150323
0.150326
0.150329
0.150332
0.150335
0.150338
0.150341
0.150344
0.150348
0.150351
0.150354
0.150357
0.15036
0.150363
0.150366
0.150369
0.150372
0.150375
0.150378
0.150381
0.150384
0.150387
0.15039
0.150393
0.150396
0.150399
0.150402
0.150405
0.150408
0.150411
0.150414
0.150417
0.15042
0.150423
0.150426
0.150429
0.150432
0.150435
0.150437
0.15044
0.150443
0.150446
0.150449
0.150452
0.150455
0.150458
0.150461
0.150464
0.150467
0.15047
0.150473
0.150476
0.150478
0.150481
0.150484
0.150487
0.15049
0.150493
0.150496
0.150499
0.150502
0.150504
0.150507
0.15051
0.150513
0.150516
0.150519
0.150522
0.150524
0.150527
0.15053
0.150533
0.150536
0.150539
0.150541
0.150544
0.150547
0.15055
0.150553
0.150556
0.150558
0.150561
0.150564
0.150567
0.15057
0.150572
0.150575
0.150578
0.150581
0.150583
0.150586
0.150589
0.150592
0.150595
0.150597
0.1506
0.150603
0.150606
0.150608
0.150611
0.150614
0.150617
0.150619
0.150622
0.150625
0.150628
0.15063
0.150633
0.150636
0.150638
0.150641
0.150644
0.150647
0.150649
0.150652
0.150655
0.150657
0.15066
0.150663
0.150665
0.150668
0.150671
0.150673
0.150676
0.150679
0.150682
0.150684
0.150687
0.15069
0.150692
0.150695
0.150697
0.1507
0.150703
0.150705
0.150708
0.150711
0.150713
0.150716
0.150719
0.150721
0.150724
0.150726
0.150729
0.150732
0.150734
0.150737
0.15074
0.150742
0.150745
0.150747
0.15075
0.150752
0.150755
0.150758
0.15076
0.150763
0.150765
0.150768
0.150771
0.150773
0.150776
0.150778
0.150781
0.150783
0.150786
0.150788
0.150791
0.150794
0.150796
0.150799
0.150801
0.150804
0.150806
0.150809
0.150811
0.150814
0.150816
0.150819
0.150821
0.150824
0.150826
0.150829
0.150831
0.150834
0.150836
0.150839
0.150841
0.150844
0.150846
0.150849
0.150851
0.150854
0.150856
0.150859
0.150861
0.150864
0.150866
0.150869
0.150871
0.150874
0.150876
0.150878
0.150881
0.150883
0.150886
0.150888
0.150891
0.150893
0.150896
0.150898
0.1509
0.150903
0.150905
0.150908
0.15091
0.150912
0.150915
0.150917
0.15092
0.150922
0.150924
0.150927
0.150929
0.150932
0.150934
0.150936
0.150939
0.150941
0.150944
0.150946
0.150948
0.150951
0.150953
0.150955
0.150958
0.15096
0.150963
0.150965
0.150967
0.15097
0.150972
0.150974
0.150977
0.150979
0.150981
0.150984
0.150986
0.150988
0.150991
0.150993
0.150995
0.150998
0.151
0.151002
0.151005
0.151007
0.151009
0.151012
0.151014
0.151016
0.151018
0.151021
0.151023
0.151025
0.151028
0.15103
0.151032
0.151034
0.151037
0.151039
0.151041
0.151044
0.151046
0.151048
0.15105
0.151053
0.151055
0.151057
0.151059
0.151062
0.151064
0.151066
0.151068
0.151071
0.151073
0.151075
0.151077
0.15108
0.151082
0.151084
0.151086
0.151088
0.151091
0.151093
0.151095
0.151097
0.1511
0.151102
0.151104
0.151106
0.151108
0.151111
0.151113
0.151115
0.151117
0.151119
0.151122
0.151124
0.151126
0.151128
0.15113
0.151132
0.151135
0.151137
0.151139
0.151141
0.151143
0.151145
0.151148
0.15115
0.151152
0.151154
0.151156
0.151158
0.151161
0.151163
0.151165
0.151167
0.151169
0.151171
0.151173
0.151176
0.151178
0.15118
0.151182
0.151184
0.151186
0.151188
0.15119
0.151193
0.151195
0.151197
0.151199
0.151201
0.151203
0.151205
0.151207
0.151209
0.151211
0.151214
0.151216
0.151218
0.15122
0.151222
0.151224
0.151226
0.151228
0.15123
0.151232
0.151234
0.151236
0.151238
0.151241
0.151243
0.151245
0.151247
0.151249
0.151251
0.151253
0.151255
0.151257
0.151259
0.151261
0.151263
0.151265
0.151267
0.151269
0.151271
0.151273
0.151275
0.151277
0.151279
0.151281
0.151283
0.151285
0.151287
0.151289
0.151291
0.151293
0.151295
0.151297
0.151299
0.151301
0.151303
0.151305
0.151307
0.151309
0.151311
0.151313
0.151315
0.151317
0.151319
0.151321
0.151323
0.151325
0.151327
0.151329
0.151331
0.151333
0.151335
0.151337
0.151339
0.151341
0.151343
0.151345
0.151347
0.151349
0.151351
0.151353
0.151355
0.151357
0.151359
0.151361
0.151363
0.151364
0.151366
0.151368
0.15137
0.151372
0.151374
0.151376
0.151378
0.15138
0.151382
0.151384
0.151386
0.151388
0.151389
0.151391
0.151393
0.151395
0.151397
0.151399
0.151401
0.151403
0.151405
0.151407
0.151408
0.15141
0.151412
0.151414
0.151416
0.151418
0.15142
0.151422
0.151424
0.151425
0.151427
0.151429
0.151431
0.151433
0.151435
0.151437
0.151438
0.15144
0.151442
0.151444
0.151446
0.151448
0.15145
0.151451
0.151453
0.151455
0.151457
0.151459
0.151461
0.151463
0.151464
0.151466
0.151468
0.15147
0.151472
0.151474
0.151475
0.151477
0.151479
0.151481
0.151483
0.151484
0.151486
0.151488
0.15149
0.151492
0.151493
0.151495
0.151497
0.151499
0.151501
0.151503
0.151504
0.151506
0.151508
0.15151
0.151511
0.151513
0.151515
0.151517
0.151519
0.15152
0.151522
0.151524
0.151526
0.151527
0.151529
0.151531
0.151533
0.151535
0.151536
0.151538
0.15154
0.151542
0.151543
0.151545
0.151547
0.151549
0.15155
0.151552
0.151554
0.151556
0.151557
0.151559
0.151561
0.151563
0.151564
0.151566
0.151568
0.15157
0.151571
0.151573
0.151575
0.151576
0.151578
0.15158
0.151582
0.151583
0.151585
0.151587
0.151588
0.15159
0.151592
0.151594
0.151595
0.151597
0.151599
0.1516
0.151602
0.151604
0.151606
0.151607
0.151609
0.151611
0.151612
0.151614
0.151616
0.151617
0.151619
0.151621
0.151622
0.151624
0.151626
0.151627
0.151629
0.151631
0.151632
0.151634
0.151636
0.151637
0.151639
0.151641
0.151642
0.151644
0.151646
0.151647
0.151649
0.151651
0.151652
0.151654
0.151656
0.151657
0.151659
0.151661
0.151662
0.151664
0.151666
0.151667
0.151669
0.15167
0.151672
0.151674
0.151675
0.151677
0.151679
0.15168
0.151682
0.151683
0.151685
0.151687
0.151688
0.15169
0.151692
0.151693
0.151695
0.151696
0.151698
0.1517
0.151701
0.151703
0.151704
0.151706
0.151708
0.151709
0.151711
0.151712
0.151714
0.151716
0.151717
0.151719
0.15172
0.151722
0.151724
0.151725
0.151727
0.151728
0.15173
0.151731
0.151733
0.151735
0.151736
0.151738
0.151739
0.151741
0.151742
0.151744
0.151746
0.151747
0.151749
0.15175
0.151752
0.151753
0.151755
0.151756
0.151758
0.15176
0.151761
0.151763
0.151764
0.151766
0.151767
0.151769
0.15177
0.151772
0.151773
0.151775
0.151777
0.151778
0.15178
0.151781
0.151783
0.151784
0.151786
0.151787
0.151789
0.15179
0.151792
0.151793
0.151795
0.151796
0.151798
0.151799
0.151801
0.151802
0.151804
0.151805
0.151807
0.151808
0.15181
0.151811
0.151813
0.151814
0.151816
0.151817
0.151819
0.15182
0.151822
0.151823
0.151825
0.151826
0.151828
0.151829
0.151831
0.151832
0.151834
0.151835
0.151837
0.151838
0.15184
0.151841
0.151843
0.151844
0.151846
0.151847
0.151849
0.15185
0.151851
0.151853
0.151854
0.151856
0.151857
0.151859
0.15186
0.151862
0.151863
0.151865
0.151866
0.151867
0.151869
0.15187
0.151872
0.151873
0.151875
0.151876
0.151878
0.151879
0.15188
0.151882
0.151883
0.151885
0.151886
0.151888
0.151889
0.151891
0.151892
0.151893
0.151895
0.151896
0.151898
0.151899
0.1519
0.151902
0.151903
0.151905
0.151906
0.151908
0.151909
0.15191
0.151912
0.151913
0.151915
0.151916
0.151917
0.151919
0.15192
0.151922
0.151923
0.151924
0.151926
0.151927
0.151929
0.15193
0.151931
0.151933
0.151934
0.151936
0.151937
0.151938
0.15194
0.151941
0.151943
0.151944
0.151945
0.151947
0.151948
0.151949
0.151951
0.151952
0.151954
0.151955
0.151956
0.151958
0.151959
0.15196
0.151962
0.151963
0.151964
0.151966
0.151967
0.151969
0.15197
0.151971
0.151973
0.151974
0.151975
0.151977
0.151978
0.151979
0.151981
0.151982
0.151983
0.151985
0.151986
0.151987
0.151989
0.15199
0.151991
0.151993
0.151994
0.151995
0.151997
0.151998
0.151999
0.152001
0.152002
0.152003
0.152005
0.152006
0.152007
0.152009
0.15201
0.152011
0.152013
0.152014
0.152015
0.152017
0.152018
0.152019
0.152021
0.152022
0.152023
0.152025
0.152026
0.152027
0.152028
0.15203
0.152031
0.152032
0.152034
0.152035
0.152036
0.152038
0.152039
0.15204
0.152041
0.152043
0.152044
0.152045
0.152047
0.152048
0.152049
0.152051
0.152052
0.152053
0.152054
0.152056
0.152057
0.152058
0.152059
0.152061
0.152062
0.152063
0.152065
0.152066
0.152067
0.152068
0.15207
0.152071
0.152072
0.152073
0.152075
0.152076
0.152077
0.152079
0.15208
0.152081
0.152082
0.152084
0.152085
0.152086
0.152087
0.152089
0.15209
0.152091
0.152092
0.152094
0.152095
0.152096
0.152097
0.152099
0.1521
0.152101
0.152102
0.152104
0.152105
0.152106
0.152107
0.152109
0.15211
0.152111
0.152112
0.152113
0.152115
0.152116
0.152117
0.152118
0.15212
0.152121
0.152122
0.152123
0.152125
0.152126
0.152127
0.152128
0.152129
0.152131
0.152132
0.152133
0.152134
0.152135
0.152137
0.152138
0.152139
0.15214
0.152142
0.152143
0.152144
0.152145
0.152146
0.152148
0.152149
0.15215
0.152151
0.152152
0.152154
0.152155
0.152156
0.152157
0.152158
0.15216
0.152161
0.152162
0.152163
0.152164
0.152166
0.152167
0.152168
0.152169
0.15217
0.152171
0.152173
0.152174
0.152175
0.152176
0.152177
0.152179
0.15218
0.152181
0.152182
0.152183
0.152184
0.152186
0.152187
0.152188
0.152189
0.15219
0.152191
0.152193
0.152194
0.152195
0.152196
0.152197
0.152198
0.1522
0.152201
0.152202
0.152203
0.152204
0.152205
0.152206
0.152208
0.152209
0.15221
0.152211
0.152212
0.152213
0.152215
0.152216
0.152217
0.152218
0.152219
0.15222
0.152221
0.152223
0.152224
0.152225
0.152226
0.152227
0.152228
0.152229
0.152231
0.152232
0.152233
0.152234
0.152235
0.152236
0.152237
0.152238
0.15224
0.152241
0.152242
0.152243
0.152244
0.152245
0.152246
0.152247
0.152249
0.15225
0.152251
0.152252
0.152253
0.152254
0.152255
0.152256
0.152257
0.152259
0.15226
0.152261
0.152262
0.152263
0.152264
0.152265
0.152266
0.152267
0.152269
0.15227
0.152271
0.152272
0.152273
0.152274
0.152275
0.152276
0.152277
0.152278
0.15228
0.152281
0.152282
0.152283
0.152284
0.152285
0.152286
0.152287
0.152288
0.152289
0.15229
0.152292
0.152293
0.152294
0.152295
0.152296
0.152297
0.152298
0.152299
0.1523
0.152301
0.152302
0.152303
0.152304
0.152306
0.152307
0.152308
0.152309
0.15231
0.152311
0.152312
0.152313
0.152314
0.152315
0.152316
0.152317
0.152318
0.152319
0.15232
0.152322
0.152323
0.152324
0.152325
0.152326
0.152327
0.152328
0.152329
0.15233
0.152331
0.152332
0.152333
0.152334
0.152335
0.152336
0.152337
0.152338
0.152339
0.15234
0.152342
0.152343
0.152344
0.152345
0.152346
0.152347
0.152348
0.152349
0.15235
0.152351
0.152352
0.152353
0.152354
0.152355
0.152356
0.152357
0.152358
0.152359
0.15236
0.152361
0.152362
0.152363
0.152364
0.152365
0.152366
0.152367
0.152368
0.152369
0.15237
0.152371
0.152373
0.152374
0.152375
0.152376
0.152377
0.152378
0.152379
0.15238
0.152381
0.152382
0.152383
0.152384
0.152385
0.152386
0.152387
0.152388
0.152389
0.15239
0.152391
0.152392
0.152393
0.152394
0.152395
0.152396
0.152397
0.152398
0.152399
0.1524
0.152401
0.152402
0.152403
0.152404
0.152405
0.152406
0.152407
0.152408
0.152409
0.15241
0.152411
0.152412
0.152413
0.152414
0.152415
0.152416
0.152417
0.152418
0.152419
0.15242
0.152421
0.152422
0.152423
0.152424
0.152424
0.152425
0.152426
0.152427
0.152428
0.152429
0.15243
0.152431
0.152432
0.152433
0.152434
0.152435
0.152436
0.152437
0.152438
0.152439
0.15244
0.152441
0.152442
0.152443
0.152444
0.152445
0.152446
0.152447
0.152448
0.152449
0.15245
0.152451
0.152452
0.152453
0.152454
0.152455
0.152455
0.152456
0.152457
0.152458
0.152459
0.15246
0.152461
0.152462
0.152463
0.152464
0.152465
0.152466
0.152467
0.152468
0.152469
0.15247
0.152471
0.152472
0.152473
0.152474
0.152474
0.152475
0.152476
0.152477
0.152478
0.152479
0.15248
0.152481
0.152482
0.152483
0.152484
0.152485
0.152486
0.152487
0.152488
0.152488
0.152489
0.15249
0.152491
0.152492
0.152493
0.152494
0.152495
0.152496
0.152497
0.152498
0.152499
0.1525
0.152501
0.152501
0.152502
0.152503
0.152504
0.152505
0.152506
0.152507
0.152508
0.152509
0.15251
0.152511
0.152512
0.152512
0.152513
0.152514
0.152515
0.152516
0.152517
0.152518
0.152519
0.15252
0.152521
0.152522
0.152522
0.152523
0.152524
0.152525
0.152526
0.152527
0.152528
0.152529
0.15253
0.152531
0.152532
0.152532
0.152533
0.152534
0.152535
0.152536
0.152537
0.152538
0.152539
0.15254
0.15254
0.152541
0.152542
0.152543
0.152544
0.152545
0.152546
0.152547
0.152548
0.152548
0.152549
0.15255
0.152551
0.152552
0.152553
0.152554
0.152555
0.152556
0.152556
0.152557
0.152558
0.152559
0.15256
0.152561
0.152562
0.152563
0.152563
0.152564
0.152565
0.152566
0.152567
0.152568
0.152569
0.15257
0.15257
0.152571
0.152572
0.152573
0.152574
0.152575
0.152576
0.152577
0.152577
0.152578
0.152579
0.15258
0.152581
0.152582
0.152583
0.152583
0.152584
0.152585
0.152586
0.152587
0.152588
0.152589
0.152589
0.15259
0.152591
0.152592
0.152593
0.152594
0.152595
0.152595
0.152596
0.152597
0.152598
0.152599
0.1526
0.152601
0.152601
0.152602
0.152603
0.152604
0.152605
0.152606
0.152606
0.152607
0.152608
0.152609
0.15261
0.152611
0.152612
0.152612
0.152613
0.152614
0.152615
0.152616
0.152617
0.152617
0.152618
0.152619
0.15262
0.152621
0.152622
0.152622
0.152623
0.152624
0.152625
0.152626
0.152627
0.152627
0.152628
0.152629
0.15263
0.152631
0.152632
0.152632
0.152633
0.152634
0.152635
0.152636
0.152637
0.152637
0.152638
0.152639
0.15264
0.152641
0.152641
0.152642
0.152643
0.152644
0.152645
0.152646
0.152646
0.152647
0.152648
0.152649
0.15265
0.15265
0.152651
0.152652
0.152653
0.152654
0.152654
0.152655
0.152656
0.152657
0.152658
0.152659
0.152659
0.15266
0.152661
0.152662
0.152663
0.152663
0.152664
0.152665
0.152666
0.152667
0.152667
0.152668
0.152669
0.15267
0.152671
0.152671
0.152672
0.152673
0.152674
0.152675
0.152675
0.152676
0.152677
0.152678
0.152679
0.152679
0.15268
0.152681
0.152682
0.152683
0.152683
0.152684
0.152685
0.152686
0.152686
0.152687
0.152688
0.152689
0.15269
0.15269
0.152691
0.152692
0.152693
0.152694
0.152694
0.152695
0.152696
0.152697
0.152697
0.152698
0.152699
0.1527
0.152701
0.152701
0.152702
0.152703
0.152704
0.152704
0.152705
0.152706
0.152707
0.152708
0.152708
0.152709
0.15271
0.152711
0.152711
0.152712
0.152713
0.152714
0.152715
0.152715
0.152716
0.152717
0.152718
0.152718
0.152719
0.15272
0.152721
0.152721
0.152722
0.152723
0.152724
0.152724
0.152725
0.152726
0.152727
0.152728
0.152728
0.152729
0.15273
0.152731
0.152731
0.152732
0.152733
0.152734
0.152734
0.152735
0.152736
0.152737
0.152737
0.152738
0.152739
0.15274
0.15274
0.152741
0.152742
0.152743
0.152743
0.152744
0.152745
0.152746
0.152746
0.152747
0.152748
0.152749
0.152749
0.15275
0.152751
0.152752
0.152752
0.152753
0.152754
0.152755
0.152755
0.152756
0.152757
0.152758
0.152758
0.152759
0.15276
0.152761
0.152761
0.152762
0.152763
0.152763
0.152764
0.152765
0.152766
0.152766
0.152767
0.152768
0.152769
0.152769
0.15277
0.152771
0.152772
0.152772
0.152773
0.152774
0.152774
0.152775
0.152776
0.152777
0.152777
0.152778
0.152779
0.15278
0.15278
0.152781
0.152782
0.152782
0.152783
0.152784
0.152785
0.152785
0.152786
0.152787
0.152788
0.152788
0.152789
0.15279
0.15279
0.152791
0.152792
0.152793
0.152793
0.152794
0.152795
0.152795
0.152796
0.152797
0.152798
0.152798
0.152799
0.1528
0.1528
0.152801
0.152802
0.152803
0.152803
0.152804
0.152805
0.152805
0.152806
0.152807
0.152808
0.152808
0.152809
0.15281
0.15281
0.152811
0.152812
0.152812
0.152813
0.152814
0.152815
0.152815
0.152816
0.152817
0.152817
0.152818
0.152819
0.15282
0.15282
0.152821
0.152822
0.152822
0.152823
0.152824
0.152824
0.152825
0.152826
0.152826
0.152827
0.152828
0.152829
0.152829
0.15283
0.152831
0.152831
0.152832
0.152833
0.152833
0.152834
0.152835
0.152835
0.152836
0.152837
0.152838
0.152838
0.152839
0.15284
0.15284
0.152841
0.152842
0.152842
0.152843
0.152844
0.152844
0.152845
0.152846
0.152846
0.152847
0.152848
0.152849
0.152849
0.15285
0.152851
0.152851
0.152852
0.152853
0.152853
0.152854
0.152855
0.152855
0.152856
0.152857
0.152857
0.152858
0.152859
0.152859
0.15286
0.152861
0.152861
0.152862
0.152863
0.152863
0.152864
0.152865
0.152865
0.152866
0.152867
0.152867
0.152868
0.152869
0.152869
0.15287
0.152871
0.152871
0.152872
0.152873
0.152873
0.152874
0.152875
0.152875
0.152876
0.152877
0.152877
0.152878
0.152879
0.152879
0.15288
0.152881
0.152881
0.152882
0.152883
0.152883
0.152884
0.152885
0.152885
0.152886
0.152887
0.152887
0.152888
0.152889
0.152889
0.15289
0.152891
0.152891
0.152892
0.152893
0.152893
0.152894
0.152895
0.152895
0.152896
0.152897
0.152897
0.152898
0.152898
0.152899
0.1529
0.1529
0.152901
0.152902
0.152902
0.152903
0.152904
0.152904
0.152905
0.152906
0.152906
0.152907
0.152908
0.152908
0.152909
0.152909
0.15291
0.152911
0.152911
0.152912
0.152913
0.152913
0.152914
0.152915
0.152915
0.152916
0.152917
0.152917
0.152918
0.152918
0.152919
0.15292
0.15292
0.152921
0.152922
0.152922
0.152923
0.152924
0.152924
0.152925
0.152925
0.152926
0.152927
0.152927
0.152928
0.152929
0.152929
0.15293
0.15293
0.152931
0.152932
0.152932
0.152933
0.152934
0.152934
0.152935
0.152936
0.152936
0.152937
0.152937
0.152938
0.152939
0.152939
0.15294
0.152941
0.152941
0.152942
0.152942
0.152943
0.152944
0.152944
0.152945
0.152946
0.152946
0.152947
0.152947
0.152948
0.152949
0.152949
0.15295
0.15295
0.152951
0.152952
0.152952
0.152953
0.152954
0.152954
0.152955
0.152955
0.152956
0.152957
0.152957
0.152958
0.152958
0.152959
0.15296
0.15296
0.152961
0.152962
0.152962
0.152963
0.152963
0.152964
0.152965
0.152965
0.152966
0.152966
0.152967
0.152968
0.152968
0.152969
0.152969
0.15297
0.152971
0.152971
0.152972
0.152973
0.152973
0.152974
0.152974
0.152975
0.152976
0.152976
0.152977
0.152977
0.152978
0.152979
0.152979
0.15298
0.15298
0.152981
0.152982
0.152982
0.152983
0.152983
0.152984
0.152985
0.152985
0.152986
0.152986
0.152987
0.152988
0.152988
0.152989
0.152989
0.15299
0.152991
0.152991
0.152992
0.152992
0.152993
0.152993
0.152994
0.152995
0.152995
0.152996
0.152996
0.152997
0.152998
0.152998
0.152999
0.152999
0.153
0.153001
0.153001
0.153002
0.153002
0.153003
0.153004
0.153004
0.153005
0.153005
0.153006
0.153006
0.153007
0.153008
0.153008
0.153009
0.153009
0.15301
0.153011
0.153011
0.153012
0.153012
0.153013
0.153013
0.153014
0.153015
0.153015
0.153016
0.153016
0.153017
0.153018
0.153018
0.153019
0.153019
0.15302
0.15302
0.153021
0.153022
0.153022
0.153023
0.153023
0.153024
0.153024
0.153025
0.153026
0.153026
0.153027
0.153027
0.153028
0.153028
0.153029
0.15303
0.15303
0.153031
0.153031
0.153032
0.153032
0.153033
0.153034
0.153034
0.153035
0.153035
0.153036
0.153036
0.153037
0.153038
0.153038
0.153039
0.153039
0.15304
0.15304
0.153041
0.153042
0.153042
0.153043
0.153043
0.153044
0.153044
0.153045
0.153045
0.153046
0.153047
0.153047
0.153048
0.153048
0.153049
0.153049
0.15305
0.153051
0.153051
0.153052
0.153052
0.153053
0.153053
0.153054
0.153054
0.153055
0.153056
0.153056
0.153057
0.153057
0.153058
0.153058
0.153059
0.153059
0.15306
0.153061
0.153061
0.153062
0.153062
0.153063
0.153063
0.153064
0.153064
0.153065
0.153066
0.153066
0.153067
0.153067
0.153068
0.153068
0.153069
0.153069
0.15307
0.15307
0.153071
0.153072
0.153072
0.153073
0.153073
0.153074
0.153074
0.153075
0.153075
0.153076
0.153077
0.153077
0.153078
0.153078
0.153079
0.153079
0.15308
0.15308
0.153081
0.153081
0.153082
0.153082
0.153083
0.153084
0.153084
0.153085
0.153085
0.153086
0.153086
0.153087
0.153087
0.153088
0.153088
0.153089
0.15309
0.15309
0.153091
0.153091
0.153092
0.153092
0.153093
0.153093
0.153094
0.153094
0.153095
0.153095
0.153096
0.153096
0.153097
0.153098
0.153098
0.153099
0.153099
0.1531
0.1531
0.153101
0.153101
0.153102
0.153102
0.153103
0.153103
0.153104
0.153104
0.153105
0.153106
0.153106
0.153107
0.153107
0.153108
0.153108
0.153109
0.153109
0.15311
0.15311
0.153111
0.153111
0.153112
0.153112
0.153113
0.153113
0.153114
0.153114
0.153115
0.153116
0.153116
0.153117
0.153117
0.153118
0.153118
0.153119
0.153119
0.15312
0.15312
0.153121
0.153121
0.153122
0.153122
0.153123
0.153123
0.153124
0.153124
0.153125
0.153125
0.153126
0.153126
0.153127
0.153128
0.153128
0.153129
0.153129
0.15313
0.15313
0.153131
0.153131
0.153132
0.153132
0.153133
0.153133
0.153134
0.153134
0.153135
0.153135
0.153136
0.153136
0.153137
0.153137
0.153138
0.153138
0.153139
0.153139
0.15314
0.15314
0.153141
0.153141
0.153142
0.153142
0.153143
0.153143
0.153144
0.153144
0.153145
0.153145
0.153146
0.153146
0.153147
0.153147
0.153148
0.153148
0.153149
0.15315
0.15315
0.153151
0.153151
0.153152
0.153152
0.153153
0.153153
0.153154
0.153154
0.153155
0.153155
0.153156
0.153156
0.153157
0.153157
0.153158
0.153158
0.153159
0.153159
0.15316
0.15316
0.153161
0.153161
0.153162
0.153162
0.153163
0.153163
0.153164
0.153164
0.153165
0.153165
0.153166
0.153166
0.153167
0.153167
0.153168
0.153168
0.153169
0.153169
0.15317
0.15317
0.153171
0.153171
0.153171
0.153172
0.153172
0.153173
0.153173
0.153174
0.153174
0.153175
0.153175
0.153176
0.153176
0.153177
0.153177
0.153178
0.153178
0.153179
0.153179
0.15318
0.15318
0.153181
0.153181
0.153182
0.153182
0.153183
0.153183
0.153184
0.153184
0.153185
0.153185
0.153186
0.153186
0.153187
0.153187
0.153188
0.153188
0.153189
0.153189
0.15319
0.15319
0.153191
0.153191
0.153192
0.153192
0.153192
0.153193
0.153193
0.153194
0.153194
0.153195
0.153195
0.153196
0.153196
0.153197
0.153197
0.153198
0.153198
0.153199
0.153199
0.1532
0.1532
0.153201
0.153201
0.153202
0.153202
0.153203
0.153203
0.153204
0.153204
0.153204
0.153205
0.153205
0.153206
0.153206
0.153207
0.153207
0.153208
0.153208
0.153209
0.153209
0.15321
0.15321
0.153211
0.153211
0.153212
0.153212
0.153213
0.153213
0.153214
0.153214
0.153214
0.153215
0.153215
0.153216
0.153216
0.153217
0.153217
0.153218
0.153218
0.153219
0.153219
0.15322
0.15322
0.153221
0.153221
0.153222
0.153222
0.153222
0.153223
0.153223
0.153224
0.153224
0.153225
0.153225
0.153226
0.153226
0.153227
0.153227
0.153228
0.153228
0.153228
0.153229
0.153229
0.15323
0.15323
0.153231
0.153231
0.153232
0.153232
0.153233
0.153233
0.153234
0.153234
0.153235
0.153235
0.153235
0.153236
0.153236
0.153237
0.153237
0.153238
0.153238
0.153239
0.153239
0.15324
0.15324
0.15324
0.153241
0.153241
0.153242
0.153242
0.153243
0.153243
0.153244
0.153244
0.153245
0.153245
0.153246
0.153246
0.153246
0.153247
0.153247
0.153248
0.153248
0.153249
0.153249
0.15325
0.15325
0.153251
0.153251
0.153251
0.153252
0.153252
0.153253
0.153253
0.153254
0.153254
0.153255
0.153255
0.153255
0.153256
0.153256
0.153257
0.153257
0.153258
0.153258
0.153259
0.153259
0.15326
0.15326
0.15326
0.153261
0.153261
0.153262
0.153262
0.153263
0.153263
0.153264
0.153264
0.153264
0.153265
0.153265
0.153266
0.153266
0.153267
0.153267
0.153268
0.153268
0.153268
0.153269
0.153269
0.15327
0.15327
0.153271
0.153271
0.153272
0.153272
0.153272
0.153273
0.153273
0.153274
0.153274
0.153275
0.153275
0.153276
0.153276
0.153276
0.153277
0.153277
0.153278
0.153278
0.153279
0.153279
0.15328
0.15328
0.15328
0.153281
0.153281
0.153282
0.153282
0.153283
0.153283
0.153283
0.153284
0.153284
0.153285
0.153285
0.153286
0.153286
0.153287
0.153287
0.153287
0.153288
0.153288
0.153289
0.153289
0.15329
0.15329
0.15329
0.153291
0.153291
0.153292
0.153292
0.153293
0.153293
0.153293
0.153294
0.153294
0.153295
0.153295
0.153296
0.153296
0.153296
0.153297
0.153297
0.153298
0.153298
0.153299
0.153299
0.153299
0.1533
0.1533
0.153301
0.153301
0.153302
0.153302
0.153302
0.153303
0.153303
0.153304
0.153304
0.153305
0.153305
0.153305
0.153306
0.153306
0.153307
0.153307
0.153308
0.153308
0.153308
0.153309
0.153309
0.15331
0.15331
0.153311
0.153311
0.153311
0.153312
0.153312
0.153313
0.153313
0.153314
0.153314
0.153314
0.153315
0.153315
0.153316
0.153316
0.153317
0.153317
0.153317
0.153318
0.153318
0.153319
0.153319
0.153319
0.15332
0.15332
0.153321
0.153321
0.153322
0.153322
0.153322
0.153323
0.153323
0.153324
0.153324
0.153324
0.153325
0.153325
0.153326
0.153326
0.153327
0.153327
0.153327
0.153328
0.153328
0.153329
0.153329
0.153329
0.15333
0.15333
0.153331
0.153331
0.153332
0.153332
0.153332
0.153333
0.153333
0.153334
0.153334
0.153334
0.153335
0.153335
0.153336
0.153336
0.153336
0.153337
0.153337
0.153338
0.153338
0.153339
0.153339
0.153339
0.15334
0.15334
0.153341
0.153341
0.153341
0.153342
0.153342
0.153343
0.153343
0.153343
0.153344
0.153344
0.153345
0.153345
0.153345
0.153346
0.153346
0.153347
0.153347
0.153348
0.153348
0.153348
0.153349
0.153349
0.15335
0.15335
0.15335
0.153351
0.153351
0.153352
0.153352
0.153352
0.153353
0.153353
0.153354
0.153354
0.153354
0.153355
0.153355
0.153356
0.153356
0.153356
0.153357
0.153357
0.153358
0.153358
0.153358
0.153359
0.153359
0.15336
0.15336
0.15336
0.153361
0.153361
0.153362
0.153362
0.153362
0.153363
0.153363
0.153364
0.153364
0.153364
0.153365
0.153365
0.153366
0.153366
0.153366
0.153367
0.153367
0.153368
0.153368
0.153368
0.153369
0.153369
0.15337
0.15337
0.15337
0.153371
0.153371
0.153372
0.153372
0.153372
0.153373
0.153373
0.153374
0.153374
0.153374
0.153375
0.153375
0.153376
0.153376
0.153376
0.153377
0.153377
0.153377
0.153378
0.153378
0.153379
0.153379
0.153379
0.15338
0.15338
0.153381
0.153381
0.153381
0.153382
0.153382
0.153383
0.153383
0.153383
0.153384
0.153384
0.153385
0.153385
0.153385
0.153386
0.153386
0.153386
0.153387
0.153387
0.153388
0.153388
0.153388
0.153389
0.153389
0.15339
0.15339
0.15339
0.153391
0.153391
0.153391
0.153392
0.153392
0.153393
0.153393
0.153393
0.153394
0.153394
0.153395
0.153395
0.153395
0.153396
0.153396
0.153397
0.153397
0.153397
0.153398
0.153398
0.153398
0.153399
0.153399
0.1534
0.1534
0.1534
0.153401
0.153401
0.153401
0.153402
0.153402
0.153403
0.153403
0.153403
0.153404
0.153404
0.153405
0.153405
0.153405
0.153406
0.153406
0.153406
0.153407
0.153407
0.153408
0.153408
0.153408
0.153409
0.153409
0.153409
0.15341
0.15341
0.153411
0.153411
0.153411
0.153412
0.153412
0.153412
0.153413
0.153413
0.153414
0.153414
0.153414
0.153415
0.153415
0.153415
0.153416
0.153416
0.153417
0.153417
0.153417
0.153418
0.153418
0.153418
0.153419
0.153419
0.15342
0.15342
0.15342
0.153421
0.153421
0.153421
0.153422
0.153422
0.153423
0.153423
0.153423
0.153424
0.153424
0.153424
0.153425
0.153425
0.153426
0.153426
0.153426
0.153427
0.153427
0.153427
0.153428
0.153428
0.153429
0.153429
0.153429
0.15343
0.15343
0.15343
0.153431
0.153431
0.153431
0.153432
0.153432
0.153433
0.153433
0.153433
0.153434
0.153434
0.153434
0.153435
0.153435
0.153436
0.153436
0.153436
0.153437
0.153437
0.153437
0.153438
0.153438
0.153438
0.153439
0.153439
0.15344
0.15344
0.15344
0.153441
0.153441
0.153441
0.153442
0.153442
0.153442
0.153443
0.153443
0.153444
0.153444
0.153444
0.153445
0.153445
0.153445
0.153446
0.153446
0.153446
0.153447
0.153447
0.153448
0.153448
0.153448
0.153449
0.153449
0.153449
0.15345
0.15345
0.15345
0.153451
0.153451
0.153451
0.153452
0.153452
0.153453
0.153453
0.153453
0.153454
0.153454
0.153454
0.153455
0.153455
0.153455
0.153456
0.153456
0.153456
0.153457
0.153457
0.153458
0.153458
0.153458
0.153459
0.153459
0.153459
0.15346
0.15346
0.15346
0.153461
0.153461
0.153461
0.153462
0.153462
0.153463
0.153463
0.153463
0.153464
0.153464
0.153464
0.153465
0.153465
0.153465
0.153466
0.153466
0.153466
0.153467
0.153467
0.153468
0.153468
0.153468
0.153469
0.153469
0.153469
0.15347
0.15347
0.15347
0.153471
0.153471
0.153471
0.153472
0.153472
0.153472
0.153473
0.153473
0.153473
0.153474
0.153474
0.153475
0.153475
0.153475
0.153476
0.153476
0.153476
0.153477
0.153477
0.153477
0.153478
0.153478
0.153478
0.153479
0.153479
0.153479
0.15348
0.15348
0.15348
0.153481
0.153481
0.153481
0.153482
0.153482
0.153483
0.153483
0.153483
0.153484
0.153484
0.153484
0.153485
0.153485
0.153485
0.153486
0.153486
0.153486
0.153487
0.153487
0.153487
0.153488
0.153488
0.153488
0.153489
0.153489
0.153489
0.15349
0.15349
0.15349
0.153491
0.153491
0.153491
0.153492
0.153492
0.153492
0.153493
0.153493
0.153494
0.153494
0.153494
0.153495
0.153495
0.153495
0.153496
0.153496
0.153496
0.153497
0.153497
0.153497
0.153498
0.153498
0.153498
0.153499
0.153499
0.153499
0.1535
0.1535
0.1535
0.153501
0.153501
0.153501
0.153502
0.153502
0.153502
0.153503
0.153503
0.153503
0.153504
0.153504
0.153504
0.153505
0.153505
0.153505
0.153506
0.153506
0.153506
0.153507
0.153507
0.153507
0.153508
0.153508
0.153508
0.153509
0.153509
0.153509
0.15351
0.15351
0.15351
0.153511
0.153511
0.153511
0.153512
0.153512
0.153512
0.153513
0.153513
0.153513
0.153514
0.153514
0.153514
0.153515
0.153515
0.153515
0.153516
0.153516
0.153516
0.153517
0.153517
0.153517
0.153518
0.153518
0.153518
0.153519
0.153519
0.153519
0.15352
0.15352
0.15352
0.153521
0.153521
0.153521
0.153522
0.153522
0.153522
0.153523
0.153523
0.153523
0.153524
0.153524
0.153524
0.153525
0.153525
0.153525
0.153526
0.153526
0.153526
0.153527
0.153527
0.153527
0.153528
0.153528
0.153528
0.153529
0.153529
0.153529
0.15353
0.15353
0.15353
0.153531
0.153531
0.153531
0.153532
0.153532
0.153532
0.153533
0.153533
0.153533
0.153533
0.153534
0.153534
0.153534
0.153535
0.153535
0.153535
0.153536
0.153536
0.153536
0.153537
0.153537
0.153537
0.153538
0.153538
0.153538
0.153539
0.153539
0.153539
0.15354
0.15354
0.15354
0.153541
0.153541
0.153541
0.153542
0.153542
0.153542
0.153543
0.153543
0.153543
0.153543
0.153544
0.153544
0.153544
0.153545
0.153545
0.153545
0.153546
0.153546
0.153546
0.153547
0.153547
0.153547
0.153548
0.153548
0.153548
0.153549
0.153549
0.153549
0.15355
0.15355
0.15355
0.153551
0.153551
0.153551
0.153551
0.153552
0.153552
0.153552
0.153553
0.153553
0.153553
0.153554
0.153554
0.153554
0.153555
0.153555
0.153555
0.153556
0.153556
0.153556
0.153557
0.153557
0.153557
0.153557
0.153558
0.153558
0.153558
0.153559
0.153559
0.153559
0.15356
0.15356
0.15356
0.153561
0.153561
0.153561
0.153562
0.153562
0.153562
0.153563
0.153563
0.153563
0.153563
0.153564
0.153564
0.153564
0.153565
0.153565
0.153565
0.153566
0.153566
0.153566
0.153567
0.153567
0.153567
0.153567
0.153568
0.153568
0.153568
0.153569
0.153569
0.153569
0.15357
0.15357
0.15357
0.153571
0.153571
0.153571
0.153572
0.153572
0.153572
0.153572
0.153573
0.153573
0.153573
0.153574
0.153574
0.153574
0.153575
0.153575
0.153575
0.153576
0.153576
0.153576
0.153576
0.153577
0.153577
0.153577
0.153578
0.153578
0.153578
0.153579
0.153579
0.153579
0.15358
0.15358
0.15358
0.15358
0.153581
0.153581
0.153581
0.153582
0.153582
0.153582
0.153583
0.153583
0.153583
0.153584
0.153584
0.153584
0.153584
0.153585
0.153585
0.153585
0.153586
0.153586
0.153586
0.153587
0.153587
0.153587
0.153587
0.153588
0.153588
0.153588
0.153589
0.153589
0.153589
0.15359
0.15359
0.15359
0.15359
0.153591
0.153591
0.153591
0.153592
0.153592
0.153592
0.153593
0.153593
0.153593
0.153593
0.153594
0.153594
0.153594
0.153595
0.153595
0.153595
0.153596
0.153596
0.153596
0.153596
0.153597
0.153597
0.153597
0.153598
0.153598
0.153598
0.153599
0.153599
0.153599
