0.5
0.495025
0.490099
0.485223
0.480395
0.475615
0.470882
0.466197
0.461558
0.456966
0.452419
0.447917
0.44346
0.439048
0.434679
0.430354
0.426072
0.421832
0.417635
0.41348
0.409365
0.405292
0.401259
0.397267
0.393314
0.3894
0.385526
0.38169
0.377892
0.374132
0.370409
0.366723
0.363075
0.359462
0.355885
0.352344
0.348838
0.345367
0.341931
0.338528
0.33516
0.331825
0.328523
0.325255
0.322018
0.318814
0.315642
0.312501
0.309392
0.306313
0.303265
0.300248
0.29726
0.294302
0.291374
0.288475
0.285605
0.282763
0.279949
0.277164
0.274406
0.271675
0.268972
0.266296
0.263646
0.261023
0.258426
0.255854
0.253309
0.250788
0.248293
0.245822
0.243376
0.240955
0.238557
0.236184
0.233834
0.231507
0.229204
0.226923
0.224665
0.22243
0.220217
0.218026
0.215857
0.213709
0.211583
0.209478
0.207394
0.20533
0.203288
0.201265
0.199263
0.197281
0.195318
0.193375
0.191452
0.189548
0.187662
0.185796
0.183948
0.182119
0.180308
0.178516
0.176741
0.174984
0.173245
0.171523
0.169818
0.168131
0.166461
0.164807
0.163171
0.161551
0.159947
0.15836
0.156789
0.155234
0.153695
0.152172
0.150664
0.149172
0.147696
0.146234
0.144789
0.143358
0.141942
0.140541
0.139156
0.137785
0.136428
0.135087
0.13376
0.132447
0.131149
0.129866
0.128596
0.127341
0.126101
0.124874
0.123662
0.122464
0.12128
0.12011
0.118955
0.117813
0.116686
0.115573
0.114474
0.113389
0.112318
0.111261
0.110219
0.109191
0.108177
0.107178
0.106193
0.105222
0.104266
0.103324
0.102397
0.101484
0.100586
0.0997023
0.0988336
0.0979796
0.0971404
0.096316
0.0955065
0.0947119
0.0939322
0.0931675
0.0924177
0.091683
0.0909632
0.0902585
0.0895687
0.0888939
0.0882341
0.0875892
0.0869593
0.0863441
0.0857438
0.0851581
0.0845872
0.0840308
0.0834888
0.0829612
0.0824478
0.0819486
0.0814633
0.0809919
0.0805341
0.0800898
0.0796589
0.0792411
0.0788363
0.0784442
0.0780647
0.0776975
0.0773424
0.0769993
0.0766678
0.0763477
0.0760388
0.0757409
0.0754537
0.0751769
0.0749103
0.0746537
0.0744068
0.0741694
0.0739411
0.0737218
0.0735112
0.0733091
0.0731151
0.0729291
0.0727509
0.0725801
0.0724165
0.07226
0.0721103
0.0719671
0.0718302
0.0716995
0.0715747
0.0714556
0.071342
0.0712337
0.0711306
0.0710323
0.0709389
0.0708499
0.0707654
0.0706851
0.0706089
0.0705366
0.0704681
0.0704031
0.0703416
0.0702835
0.0702286
0.0701767
0.0701277
0.0700816
0.0700382
0.0699974
0.069959
0.0699231
0.0698894
0.0698579
0.0698285
0.0698011
0.0697756
0.0697519
0.06973
0.0697097
0.0696911
0.069674
0.0696584
0.0696441
0.0696312
0.0696196
0.0696091
0.0695999
0.0695917
0.0695847
0.0695786
0.0695735
0.0695693
0.069566
0.0695635
0.0695618
0.0695609
0.0695607
0.0695612
0.0695624
0.0695642
0.0695666
0.0695695
0.069573
0.069577
0.0695815
0.0695865
0.0695919
0.0695977
0.0696039
0.0696105
0.0696175
0.0696248
0.0696324
0.0696403
0.0696485
0.069657
0.0696658
0.0696748
0.069684
0.0696935
0.0697032
0.069713
0.0697231
0.0697333
0.0697437
0.0697543
0.069765
0.0697758
0.0697868
0.0697979
0.0698091
0.0698204
0.0698318
0.0698433
0.0698549
0.0698666
0.0698784
0.0698902
0.0699021
0.0699141
0.0699261
0.0699382
0.0699503
0.0699625
0.0699747
0.0699869
0.0699992
0.0700115
0.0700238
0.0700362
0.0700485
0.0700609
0.0700733
0.0700857
0.0700982
0.0701106
0.0701231
0.0701355
0.070148
0.0701604
0.0701729
0.0701853
0.0701978
0.0702102
0.0702226
0.0702351
0.0702475
0.0702599
0.0702723
0.0702847
0.070297
0.0703094
0.0703217
0.0703341
0.0703464
0.0703587
0.0703709
0.0703832
0.0703954
0.0704076
0.0704198
0.070432
0.0704441
0.0704563
0.0704684
0.0704804
0.0704925
0.0705045
0.0705165
0.0705285
0.0705405
0.0705524
0.0705643
0.0705762
0.0705881
0.0705999
0.0706117
0.0706235
0.0706353
0.070647
0.0706587
0.0706704
0.070682
0.0706936
0.0707052
0.0707168
0.0707284
0.0707399
0.0707514
0.0707628
0.0707743
0.0707857
0.0707971
0.0708084
0.0708198
0.0708311
0.0708424
0.0708536
0.0708648
0.070876
0.0708872
0.0708983
0.0709095
0.0709206
0.0709316
0.0709427
0.0709537
0.0709647
0.0709756
0.0709865
0.0709975
0.0710083
0.0710192
0.07103
0.0710408
0.0710516
0.0710624
0.0710731
0.0710838
0.0710945
0.0711051
0.0711157
0.0711263
0.0711369
0.0711475
0.071158
0.0711685
0.071179
0.0711894
0.0711998
0.0712102
0.0712206
0.071231
0.0712413
0.0712516
0.0712619
0.0712721
0.0712823
0.0712925
0.0713027
0.0713129
0.071323
0.0713331
0.0713432
0.0713533
0.0713633
0.0713733
0.0713833
0.0713933
0.0714032
0.0714131
0.071423
0.0714329
0.0714428
0.0714526
0.0714624
0.0714722
0.0714819
0.0714916
0.0715014
0.071511
0.0715207
0.0715304
0.07154
0.0715496
0.0715591
0.0715687
0.0715782
0.0715877
0.0715972
0.0716067
0.0716161
0.0716255
0.0716349
0.0716443
0.0716536
0.071663
0.0716723
0.0716816
0.0716908
0.0717001
0.0717093
0.0717185
0.0717276
0.0717368
0.0717459
0.071755
0.0717641
0.0717732
0.0717822
0.0717912
0.0718002
0.0718092
0.0718182
0.0718271
0.071836
0.0718449
0.0718538
0.0718626
0.0718715
0.0718803
0.0718891
0.0718978
0.0719066
0.0719153
0.071924
0.0719327
0.0719413
0.0719499
0.0719586
0.0719672
0.0719757
0.0719843
0.0719928
0.0720013
0.0720098
0.0720183
0.0720267
0.0720351
0.0720435
0.0720519
0.0720603
0.0720686
0.0720769
0.0720852
0.0720935
0.0721018
0.07211
0.0721182
0.0721264
0.0721346
0.0721427
0.0721509
0.072159
0.0721671
0.0721751
0.0721832
0.0721912
0.0721992
0.0722072
0.0722152
0.0722231
0.072231
0.0722389
0.0722468
0.0722547
0.0722625
0.0722703
0.0722781
0.0722859
0.0722937
0.0723014
0.0723091
0.0723168
0.0723245
0.0723321
0.0723398
0.0723474
0.072355
0.0723625
0.0723701
0.0723776
0.0723851
0.0723926
0.0724001
0.0724075
0.072415
0.0724224
0.0724297
0.0724371
0.0724445
0.0724518
0.0724591
0.0724664
0.0724736
0.0724809
0.0724881
0.0724953
0.0725025
0.0725096
0.0725168
0.0725239
0.072531
0.0725381
0.0725451
0.0725521
0.0725592
0.0725662
0.0725731
0.0725801
0.072587
0.0725939
0.0726008
0.0726077
0.0726145
0.0726214
0.0726282
0.072635
0.0726418
0.0726485
0.0726552
0.0726619
0.0726686
0.0726753
0.0726819
0.0726886
0.0726952
0.0727018
0.0727083
0.0727149
0.0727214
0.0727279
0.0727344
0.0727408
0.0727473
0.0727537
0.0727601
0.0727665
0.0727729
0.0727792
0.0727855
0.0727918
0.0727981
0.0728044
0.0728106
0.0728168
0.072823
0.0728292
0.0728354
0.0728415
0.0728476
0.0728537
0.0728598
0.0728659
0.0728719
0.0728779
0.0728839
0.0728899
0.0728958
0.0729018
0.0729077
0.0729136
0.0729195
0.0729253
0.0729311
0.072937
0.0729428
0.0729485
0.0729543
0.07296
0.0729657
0.0729714
0.0729771
0.0729828
0.0729884
0.072994
0.0729996
0.0730052
0.0730107
0.0730162
0.0730218
0.0730273
0.0730327
0.0730382
0.0730436
0.073049
0.0730544
0.0730598
0.0730651
0.0730705
0.0730758
0.0730811
0.0730863
0.0730916
0.0730968
0.073102
0.0731072
0.0731124
0.0731176
0.0731227
0.0731278
0.0731329
0.073138
0.073143
0.0731481
0.0731531
0.0731581
0.073163
0.073168
0.0731729
0.0731778
0.0731827
0.0731876
0.0731925
0.0731973
0.0732021
0.0732069
0.0732117
0.0732164
0.0732212
0.0732259
0.0732306
0.0732353
0.0732399
0.0732446
0.0732492
0.0732538
0.0732584
0.0732629
0.0732675
0.073272
0.0732765
0.073281
0.0732854
0.0732899
0.0732943
0.0732987
0.0733031
0.0733075
0.0733118
0.0733161
0.0733204
0.0733247
0.073329
0.0733332
0.0733375
0.0733417
0.0733459
0.07335
0.0733542
0.0733583
0.0733624
0.0733665
0.0733706
0.0733747
0.0733787
0.0733827
0.0733867
0.0733907
0.0733947
0.0733986
0.0734025
0.0734064
0.0734103
0.0734142
0.073418
0.0734218
0.0734256
0.0734294
0.0734332
0.073437
0.0734407
0.0734444
0.0734481
0.0734518
0.0734554
0.0734591
0.0734627
0.0734663
0.0734699
0.0734734
0.073477
0.0734805
0.073484
0.0734875
0.073491
0.0734944
0.0734978
0.0735012
0.0735046
0.073508
0.0735114
0.0735147
0.073518
0.0735213
0.0735246
0.0735279
0.0735311
0.0735343
0.0735376
0.0735407
0.0735439
0.0735471
0.0735502
0.0735533
0.0735564
0.0735595
0.0735626
0.0735656
0.0735686
0.0735716
0.0735746
0.0735776
0.0735805
0.0735835
0.0735864
0.0735893
0.0735922
0.073595
0.0735979
0.0736007
0.0736035
0.0736063
0.0736091
0.0736118
0.0736146
0.0736173
0.07362
0.0736227
0.0736253
0.073628
0.0736306
0.0736332
0.0736358
0.0736384
0.0736409
0.0736435
0.073646
0.0736485
0.073651
0.0736535
0.0736559
0.0736583
0.0736608
0.0736632
0.0736655
0.0736679
0.0736703
0.0736726
0.0736749
0.0736772
0.0736795
0.0736817
0.073684
0.0736862
0.0736884
0.0736906
0.0736928
0.0736949
0.0736971
0.0736992
0.0737013
0.0737034
0.0737054
0.0737075
0.0737095
0.0737115
0.0737135
0.0737155
0.0737175
0.0737194
0.0737214
0.0737233
0.0737252
0.0737271
0.0737289
0.0737308
0.0737326
0.0737344
0.0737362
0.073738
0.0737398
0.0737415
0.0737433
0.073745
0.0737467
0.0737484
0.07375
0.0737517
0.0737533
0.0737549
0.0737565
0.0737581
0.0737597
0.0737612
0.0737628
0.0737643
0.0737658
0.0737673
0.0737687
0.0737702
0.0737716
0.0737731
0.0737745
0.0737758
0.0737772
0.0737786
0.0737799
0.0737812
0.0737825
0.0737838
0.0737851
0.0737864
0.0737876
0.0737888
0.0737901
0.0737912
0.0737924
0.0737936
0.0737947
0.0737959
0.073797
0.0737981
0.0737992
0.0738002
0.0738013
0.0738023
0.0738034
0.0738044
0.0738054
0.0738063
0.0738073
0.0738082
0.0738092
0.0738101
0.073811
0.0738119
0.0738127
0.0738136
0.0738144
0.0738152
0.0738161
0.0738168
0.0738176
0.0738184
0.0738191
0.0738199
0.0738206
0.0738213
0.073822
0.0738226
0.0738233
0.0738239
0.0738246
0.0738252
0.0738258
0.0738263
0.0738269
0.0738275
0.073828
0.0738285
0.073829
0.0738295
0.07383
0.0738305
0.0738309
0.0738313
0.0738318
0.0738322
0.0738325
0.0738329
0.0738333
0.0738336
0.073834
0.0738343
0.0738346
0.0738349
0.0738351
0.0738354
0.0738356
0.0738359
0.0738361
0.0738363
0.0738365
0.0738367
0.0738368
0.073837
0.0738371
0.0738372
0.0738373
0.0738374
0.0738375
0.0738375
0.0738376
0.0738376
0.0738376
0.0738376
0.0738376
0.0738376
0.0738376
0.0738375
0.0738375
0.0738374
0.0738373
0.0738372
0.0738371
0.0738369
0.0738368
0.0738366
0.0738365
0.0738363
0.0738361
0.0738359
0.0738356
0.0738354
0.0738351
0.0738349
0.0738346
0.0738343
0.073834
0.0738337
0.0738333
0.073833
0.0738326
0.0738323
0.0738319
0.0738315
0.0738311
0.0738306
0.0738302
0.0738298
0.0738293
0.0738288
0.0738283
0.0738278
0.0738273
0.0738268
0.0738262
0.0738257
0.0738251
0.0738245
0.0738239
0.0738233
0.0738227
0.0738221
0.0738214
0.0738208
0.0738201
0.0738194
0.0738187
0.073818
0.0738173
0.0738166
0.0738158
0.0738151
0.0738143
0.0738135
0.0738127
0.0738119
0.0738111
0.0738103
0.0738094
0.0738086
0.0738077
0.0738068
0.0738059
0.073805
0.0738041
0.0738032
0.0738023
0.0738013
0.0738003
0.0737994
0.0737984
0.0737974
0.0737964
0.0737954
0.0737943
0.0737933
0.0737922
0.0737911
0.0737901
0.073789
0.0737879
0.0737867
0.0737856
0.0737845
0.0737833
0.0737822
0.073781
0.0737798
0.0737786
0.0737774
0.0737762
0.0737749
0.0737737
0.0737724
0.0737712
0.0737699
0.0737686
0.0737673
0.073766
0.0737647
0.0737633
0.073762
0.0737606
0.0737593
0.0737579
0.0737565
0.0737551
0.0737537
0.0737523
0.0737508
0.0737494
0.073748
0.0737465
0.073745
0.0737435
0.073742
0.0737405
0.073739
0.0737375
0.0737359
0.0737344
0.0737328
0.0737312
0.0737297
0.0737281
0.0737265
0.0737248
0.0737232
0.0737216
0.0737199
0.0737183
0.0737166
0.0737149
0.0737133
0.0737116
0.0737099
0.0737081
0.0737064
0.0737047
0.0737029
0.0737012
0.0736994
0.0736976
0.0736958
0.073694
0.0736922
0.0736904
0.0736886
0.0736867
0.0736849
0.073683
0.0736812
0.0736793
0.0736774
0.0736755
0.0736736
0.0736717
0.0736697
0.0736678
0.0736659
0.0736639
0.0736619
0.07366
0.073658
0.073656
0.073654
0.073652
0.0736499
0.0736479
0.0736459
0.0736438
0.0736418
0.0736397
0.0736376
0.0736355
0.0736334
0.0736313
0.0736292
0.0736271
0.0736249
0.0736228
0.0736206
0.0736185
0.0736163
0.0736141
0.073612
0.0736098
0.0736075
0.0736053
0.0736031
0.0736009
0.0735986
0.0735964
0.0735941
0.0735919
0.0735896
0.0735873
0.073585
0.0735827
0.0735804
0.0735781
0.0735757
0.0735734
0.0735711
0.0735687
0.0735663
0.073564
0.0735616
0.0735592
0.0735568
0.0735544
0.073552
0.0735496
0.0735472
0.0735447
0.0735423
0.0735398
0.0735374
0.0735349
0.0735324
0.0735299
0.0735274
0.0735249
0.0735224
0.0735199
0.0735174
0.0735148
0.0735123
0.0735098
0.0735072
0.0735046
0.0735021
0.0734995
0.0734969
0.0734943
0.0734917
0.0734891
0.0734865
0.0734838
0.0734812
0.0734786
0.0734759
0.0734733
0.0734706
0.0734679
0.0734653
0.0734626
0.0734599
0.0734572
0.0734545
0.0734517
0.073449
0.0734463
0.0734436
0.0734408
0.0734381
0.0734353
0.0734325
0.0734298
0.073427
0.0734242
0.0734214
0.0734186
0.0734158
0.073413
0.0734102
0.0734074
0.0734045
0.0734017
0.0733988
0.073396
0.0733931
0.0733902
0.0733874
0.0733845
0.0733816
0.0733787
0.0733758
0.0733729
0.07337
0.0733671
0.0733641
0.0733612
0.0733583
0.0733553
0.0733524
0.0733494
0.0733465
0.0733435
0.0733405
0.0733375
0.0733345
0.0733315
0.0733285
0.0733255
0.0733225
0.0733195
0.0733165
0.0733134
0.0733104
0.0733074
0.0733043
0.0733013
0.0732982
0.0732951
0.0732921
0.073289
0.0732859
0.0732828
0.0732797
0.0732766
0.0732735
0.0732704
0.0732673
0.0732642
0.073261
0.0732579
0.0732548
0.0732516
0.0732485
0.0732453
0.0732422
0.073239
0.0732358
0.0732326
0.0732295
0.0732263
0.0732231
0.0732199
0.0732167
0.0732135
0.0732103
0.0732071
0.0732038
0.0732006
0.0731974
0.0731941
0.0731909
0.0731877
0.0731844
0.0731811
0.0731779
0.0731746
0.0731714
0.0731681
0.0731648
0.0731615
0.0731582
0.0731549
0.0731516
0.0731483
0.073145
0.0731417
0.0731384
0.0731351
0.0731318
0.0731284
0.0731251
0.0731218
0.0731184
0.0731151
0.0731117
0.0731084
0.073105
0.0731017
0.0730983
0.0730949
0.0730916
0.0730882
0.0730848
0.0730814
0.073078
0.0730746
0.0730712
0.0730678
0.0730644
0.073061
0.0730576
0.0730542
0.0730508
0.0730473
0.0730439
0.0730405
0.0730371
0.0730336
0.0730302
0.0730267
0.0730233
0.0730198
0.0730164
0.0730129
0.0730095
0.073006
0.0730025
0.0729991
0.0729956
0.0729921
0.0729886
0.0729851
0.0729816
0.0729782
0.0729747
0.0729712
0.0729677
0.0729642
0.0729607
0.0729572
0.0729536
0.0729501
0.0729466
0.0729431
0.0729396
0.072936
0.0729325
0.072929
0.0729254
0.0729219
0.0729184
0.0729148
0.0729113
0.0729077
0.0729042
0.0729006
0.0728971
0.0728935
0.07289
0.0728864
0.0728829
0.0728793
0.0728757
0.0728721
0.0728686
0.072865
0.0728614
0.0728578
0.0728543
0.0728507
0.0728471
0.0728435
0.0728399
0.0728363
0.0728327
0.0728291
0.0728255
0.0728219
0.0728183
0.0728147
0.0728111
0.0728075
0.0728039
0.0728003
0.0727967
0.0727931
0.0727895
0.0727858
0.0727822
0.0727786
0.072775
0.0727714
0.0727677
0.0727641
0.0727605
0.0727568
0.0727532
0.0727496
0.0727459
0.0727423
0.0727387
0.072735
0.0727314
0.0727278
0.0727241
0.0727205
0.0727168
0.0727132
0.0727095
0.0727059
0.0727022
0.0726986
0.0726949
0.0726913
0.0726876
0.072684
0.0726803
0.0726767
0.072673
0.0726693
0.0726657
0.072662
0.0726584
0.0726547
0.072651
0.0726474
0.0726437
0.07264
0.0726364
0.0726327
0.072629
0.0726254
0.0726217
0.072618
0.0726144
0.0726107
0.072607
0.0726034
0.0725997
0.072596
0.0725923
0.0725887
0.072585
0.0725813
0.0725776
0.072574
0.0725703
0.0725666
0.0725629
0.0725592
0.0725556
0.0725519
0.0725482
0.0725445
0.0725409
0.0725372
0.0725335
0.0725298
0.0725261
0.0725224
0.0725188
0.0725151
0.0725114
0.0725077
0.072504
0.0725004
0.0724967
0.072493
0.0724893
0.0724856
0.0724819
0.0724783
0.0724746
0.0724709
0.0724672
0.0724635
0.0724598
0.0724561
0.0724525
0.0724488
0.0724451
0.0724414
0.0724377
0.072434
0.0724304
0.0724267
0.072423
0.0724193
0.0724156
0.0724119
0.0724082
0.0724046
0.0724009
0.0723972
0.0723935
0.0723898
0.0723861
0.0723825
0.0723788
0.0723751
0.0723714
0.0723677
0.072364
0.0723603
0.0723567
0.072353
0.0723493
0.0723456
0.0723419
0.0723382
0.0723346
0.0723309
0.0723272
0.0723235
0.0723198
0.0723161
0.0723124
0.0723088
0.0723051
0.0723014
0.0722977
0.072294
0.0722903
0.0722867
0.072283
0.0722793
0.0722756
0.0722719
0.0722682
0.0722646
0.0722609
0.0722572
0.0722535
0.0722498
0.0722461
0.0722424
0.0722388
0.0722351
0.0722314
0.0722277
0.072224
0.0722203
0.0722167
0.072213
0.0722093
0.0722056
0.0722019
0.0721982
0.0721945
0.0721908
0.0721872
0.0721835
0.0721798
0.0721761
0.0721724
0.0721687
0.072165
0.0721613
0.0721576
0.0721539
0.0721503
0.0721466
0.0721429
0.0721392
0.0721355
0.0721318
0.0721281
0.0721244
0.0721207
0.072117
0.0721133
0.0721096
0.0721059
0.0721022
0.0720985
0.0720948
0.0720911
0.0720874
0.0720837
0.07208
0.0720763
0.0720726
0.0720689
0.0720652
0.0720614
0.0720577
0.072054
0.0720503
0.0720466
0.0720429
0.0720392
0.0720354
0.0720317
0.072028
0.0720243
0.0720206
0.0720168
0.0720131
0.0720094
0.0720056
0.0720019
0.0719982
0.0719944
0.0719907
0.071987
0.0719832
0.0719795
0.0719758
0.071972
0.0719683
0.0719645
0.0719608
0.071957
0.0719533
0.0719495
0.0719457
0.071942
0.0719382
0.0719345
0.0719307
0.0719269
0.0719231
0.0719194
0.0719156
0.0719118
0.071908
0.0719043
0.0719005
0.0718967
0.0718929
0.0718891
0.0718853
0.0718815
0.0718777
0.0718739
0.0718701
0.0718663
0.0718625
0.0718586
0.0718548
0.071851
0.0718472
0.0718433
0.0718395
0.0718357
0.0718318
0.071828
0.0718241
0.0718203
0.0718164
0.0718126
0.0718087
0.0718049
0.071801
0.0717971
0.0717933
0.0717894
0.0717855
0.0717816
0.0717777
0.0717738
0.0717699
0.071766
0.0717621
0.0717582
0.0717543
0.0717504
0.0717465
0.0717425
0.0717386
0.0717347
0.0717307
0.0717268
0.0717228
0.0717189
0.0717149
0.0717109
0.071707
0.071703
0.071699
0.071695
0.0716911
0.0716871
0.0716831
0.0716791
0.071675
0.071671
0.071667
0.071663
0.071659
0.0716549
0.0716509
0.0716468
0.0716428
0.0716387
0.0716347
0.0716306
0.0716265
0.0716224
0.0716184
0.0716143
0.0716102
0.0716061
0.071602
0.0715978
0.0715937
0.0715896
0.0715854
0.0715813
0.0715772
0.071573
0.0715688
0.0715647
0.0715605
0.0715563
0.0715521
0.0715479
0.0715437
0.0715395
0.0715353
0.0715311
0.0715269
0.0715226
0.0715184
0.0715141
0.0715099
0.0715056
0.0715014
0.0714971
0.0714928
0.0714885
0.0714842
0.0714799
0.0714756
0.0714713
0.0714669
0.0714626
0.0714582
0.0714539
0.0714495
0.0714452
0.0714408
0.0714364
0.071432
0.0714276
0.0714232
0.0714188
0.0714143
0.0714099
0.0714055
0.071401
0.0713966
0.0713921
0.0713876
0.0713831
0.0713786
0.0713741
0.0713696
0.0713651
0.0713606
0.071356
0.0713515
0.0713469
0.0713424
0.0713378
0.0713332
0.0713286
0.071324
0.0713194
0.0713148
0.0713101
0.0713055
0.0713009
0.0712962
0.0712915
0.0712868
0.0712822
0.0712775
0.0712728
0.071268
0.0712633
0.0712586
0.0712538
0.0712491
0.0712443
0.0712395
0.0712347
0.0712299
0.0712251
0.0712203
0.0712155
0.0712106
0.0712058
0.0712009
0.0711961
0.0711912
0.0711863
0.0711814
0.0711765
0.0711715
0.0711666
0.0711617
0.0711567
0.0711517
0.0711468
0.0711418
0.0711368
0.0711317
0.0711267
0.0711217
0.0711166
0.0711116
0.0711065
0.0711014
0.0710963
0.0710912
0.0710861
0.071081
0.0710758
0.0710707
0.0710655
0.0710603
0.0710551
0.0710499
0.0710447
0.0710395
0.0710342
0.071029
0.0710237
0.0710185
0.0710132
0.0710079
0.0710026
0.0709972
0.0709919
0.0709865
0.0709812
0.0709758
0.0709704
0.070965
0.0709596
0.0709541
0.0709487
0.0709432
0.0709378
0.0709323
0.0709268
0.0709213
0.0709158
0.0709102
0.0709047
0.0708991
0.0708935
0.0708879
0.0708823
0.0708767
0.0708711
0.0708654
0.0708598
0.0708541
0.0708484
0.0708427
0.070837
0.0708313
0.0708255
0.0708197
0.070814
0.0708082
0.0708024
0.0707966
0.0707907
0.0707849
0.070779
0.0707731
0.0707672
0.0707613
0.0707554
0.0707495
0.0707435
0.0707375
0.0707316
0.0707256
0.0707195
0.0707135
0.0707075
0.0707014
0.0706953
0.0706892
0.0706831
0.070677
0.0706709
0.0706647
0.0706585
0.0706524
0.0706462
0.0706399
0.0706337
0.0706275
0.0706212
0.0706149
0.0706086
0.0706023
0.070596
0.0705896
0.0705833
0.0705769
0.0705705
0.0705641
0.0705576
0.0705512
0.0705447
0.0705382
0.0705317
0.0705252
0.0705187
0.0705122
0.0705056
0.070499
0.0704924
0.0704858
0.0704792
0.0704725
0.0704658
0.0704592
0.0704525
0.0704457
0.070439
0.0704322
0.0704255
0.0704187
0.0704119
0.0704051
0.0703982
0.0703914
0.0703845
0.0703776
0.0703707
0.0703637
0.0703568
0.0703498
0.0703428
0.0703358
0.0703288
0.0703218
0.0703147
0.0703077
0.0703006
0.0702935
0.0702863
0.0702792
0.070272
0.0702648
0.0702576
0.0702504
0.0702432
0.0702359
0.0702287
0.0702214
0.0702141
0.0702067
0.0701994
0.070192
0.0701846
0.0701772
0.0701698
0.0701624
0.0701549
0.0701474
0.0701399
0.0701324
0.0701249
0.0701173
0.0701098
0.0701022
0.0700946
0.070087
0.0700793
0.0700716
0.070064
0.0700563
0.0700485
0.0700408
0.0700331
0.0700253
0.0700175
0.0700097
0.0700018
0.069994
0.0699861
0.0699782
0.0699703
0.0699624
0.0699545
0.0699465
0.0699385
0.0699305
0.0699225
0.0699145
0.0699064
0.0698983
0.0698903
0.0698821
0.069874
0.0698659
0.0698577
0.0698495
0.0698413
0.0698331
0.0698249
0.0698166
0.0698083
0.0698
0.0697917
0.0697834
0.069775
0.0697667
0.0697583
0.0697499
0.0697414
0.069733
0.0697245
0.0697161
0.0697076
0.069699
0.0696905
0.069682
0.0696734
0.0696648
0.0696562
0.0696476
0.0696389
0.0696303
0.0696216
0.0696129
0.0696042
0.0695955
0.0695867
0.0695779
0.0695692
0.0695604
0.0695515
0.0695427
0.0695339
0.069525
0.0695161
0.0695072
0.0694983
0.0694893
0.0694804
0.0694714
0.0694624
0.0694534
0.0694444
0.0694353
0.0694263
0.0694172
0.0694081
0.069399
0.0693899
0.0693808
0.0693716
0.0693624
0.0693532
0.069344
0.0693348
0.0693256
0.0693163
0.069307
0.0692978
0.0692885
0.0692791
0.0692698
0.0692605
0.0692511
0.0692417
0.0692323
0.0692229
0.0692135
0.069204
0.0691946
0.0691851
0.0691756
0.0691661
0.0691566
0.0691471
0.0691375
0.069128
0.0691184
0.0691088
0.0690992
0.0690896
0.06908
0.0690703
0.0690607
0.069051
0.0690413
0.0690316
0.0690219
0.0690122
0.0690024
0.0689927
0.0689829
0.0689731
0.0689633
0.0689535
0.0689437
0.0689339
0.068924
0.0689142
0.0689043
0.0688944
0.0688845
0.0688746
0.0688647
0.0688548
0.0688448
0.0688349
0.0688249
0.0688149
0.0688049
0.0687949
0.0687849
0.0687749
0.0687648
0.0687548
0.0687447
0.0687347
0.0687246
0.0687145
0.0687044
0.0686943
0.0686842
0.068674
0.0686639
0.0686537
0.0686436
0.0686334
0.0686232
0.068613
0.0686028
0.0685926
0.0685824
0.0685722
0.0685619
0.0685517
0.0685414
0.0685312
0.0685209
0.0685106
0.0685003
0.06849
0.0684797
0.0684694
0.0684591
0.0684488
0.0684384
0.0684281
0.0684177
0.0684074
0.068397
0.0683866
0.0683762
0.0683658
0.0683554
0.068345
0.0683346
0.0683242
0.0683138
0.0683034
0.0682929
0.0682825
0.068272
0.0682616
0.0682511
0.0682407
0.0682302
0.0682197
0.0682092
0.0681988
0.0681883
0.0681778
0.0681673
0.0681568
0.0681462
0.0681357
0.0681252
0.0681147
0.0681042
0.0680936
0.0680831
0.0680726
0.068062
0.0680515
0.0680409
0.0680304
0.0680198
0.0680092
0.0679987
0.0679881
0.0679776
0.067967
0.0679564
0.0679458
0.0679353
0.0679247
0.0679141
0.0679035
0.0678929
0.0678823
0.0678717
0.0678611
0.0678506
0.06784
0.0678294
0.0678188
0.0678082
0.0677976
0.067787
0.0677764
0.0677658
0.0677552
0.0677446
0.067734
0.0677234
0.0677128
0.0677022
0.0676916
0.067681
0.0676704
0.0676598
0.0676492
0.0676386
0.067628
0.0676174
0.0676068
0.0675962
0.0675856
0.067575
0.0675644
0.0675538
0.0675433
0.0675327
0.0675221
0.0675115
0.0675009
0.0674904
0.0674798
0.0674692
0.0674586
0.0674481
0.0674375
0.067427
0.0674164
0.0674059
0.0673953
0.0673848
0.0673742
0.0673637
0.0673532
0.0673426
0.0673321
0.0673216
0.0673111
0.0673005
0.06729
0.0672795
0.067269
0.0672585
0.067248
0.0672376
0.0672271
0.0672166
0.0672061
0.0671957
0.0671852
0.0671747
0.0671643
0.0671538
0.0671434
0.067133
0.0671225
0.0671121
0.0671017
0.0670913
0.0670809
0.0670705
0.0670601
0.0670497
0.0670394
0.067029
0.0670186
0.0670083
0.0669979
0.0669876
0.0669773
0.0669669
0.0669566
0.0669463
0.066936
0.0669257
0.0669154
0.0669051
0.0668949
0.0668846
0.0668743
0.0668641
0.0668539
0.0668436
0.0668334
0.0668232
0.066813
0.0668028
0.0667926
0.0667824
0.0667723
0.0667621
0.0667519
0.0667418
0.0667317
0.0667215
0.0667114
0.0667013
0.0666912
0.0666812
0.0666711
0.066661
0.066651
0.0666409
0.0666309
0.0666209
0.0666108
0.0666008
0.0665908
0.0665809
0.0665709
0.0665609
0.066551
0.066541
0.0665311
0.0665212
0.0665113
0.0665014
0.0664915
0.0664816
0.0664718
0.0664619
0.0664521
0.0664423
0.0664325
0.0664227
0.0664129
0.0664031
0.0663933
0.0663836
0.0663738
0.0663641
0.0663544
0.0663447
0.066335
0.0663253
0.0663156
0.066306
0.0662963
0.0662867
0.0662771
0.0662675
0.0662579
0.0662483
0.0662387
0.0662292
0.0662196
0.0662101
0.0662006
0.0661911
0.0661816
0.0661721
0.0661627
0.0661532
0.0661438
0.0661344
0.0661249
0.0661156
0.0661062
0.0660968
0.0660875
0.0660781
0.0660688
0.0660595
0.0660502
0.0660409
0.0660316
0.0660224
0.0660132
0.0660039
0.0659947
0.0659855
0.0659763
0.0659672
0.065958
0.0659489
0.0659398
0.0659307
0.0659216
0.0659125
0.0659034
0.0658944
0.0658854
0.0658763
0.0658673
0.0658584
0.0658494
0.0658404
0.0658315
0.0658226
0.0658137
0.0658048
0.0657959
0.065787
0.0657782
0.0657693
0.0657605
0.0657517
0.0657429
0.0657342
0.0657254
0.0657167
0.065708
0.0656992
0.0656906
0.0656819
0.0656732
0.0656646
0.065656
0.0656473
0.0656388
0.0656302
0.0656216
0.0656131
0.0656045
0.065596
0.0655875
0.0655791
0.0655706
0.0655622
0.0655537
0.0655453
0.0655369
0.0655285
0.0655202
0.0655118
0.0655035
0.0654952
0.0654869
0.0654786
0.0654703
0.0654621
0.0654539
0.0654457
0.0654375
0.0654293
0.0654211
0.065413
0.0654048
0.0653967
0.0653886
0.0653806
0.0653725
0.0653645
0.0653564
0.0653484
0.0653404
0.0653325
0.0653245
0.0653166
0.0653087
0.0653008
0.0652929
0.065285
0.0652771
0.0652693
0.0652615
0.0652537
0.0652459
0.0652381
0.0652304
0.0652227
0.065215
0.0652073
0.0651996
0.0651919
0.0651843
0.0651767
0.0651691
0.0651615
0.0651539
0.0651463
0.0651388
0.0651313
0.0651238
0.0651163
0.0651088
0.0651014
0.065094
0.0650866
0.0650792
0.0650718
0.0650644
0.0650571
0.0650498
0.0650425
0.0650352
0.0650279
0.0650207
0.0650134
0.0650062
0.064999
0.0649918
0.0649847
0.0649775
0.0649704
0.0649633
0.0649562
0.0649491
0.0649421
0.064935
0.064928
0.064921
0.064914
0.0649071
0.0649001
0.0648932
0.0648863
0.0648794
0.0648725
0.0648657
0.0648588
0.064852
0.0648452
0.0648384
0.0648317
0.0648249
0.0648182
0.0648115
0.0648048
0.0647981
0.0647915
0.0647848
0.0647782
0.0647716
0.064765
0.0647584
0.0647519
0.0647454
0.0647389
0.0647324
0.0647259
0.0647194
0.064713
0.0647066
0.0647002
0.0646938
0.0646874
0.0646811
0.0646747
0.0646684
0.0646621
0.0646558
0.0646496
0.0646433
0.0646371
0.0646309
0.0646247
0.0646185
0.0646124
0.0646063
0.0646001
0.064594
0.064588
0.0645819
0.0645759
0.0645698
0.0645638
0.0645578
0.0645519
0.0645459
0.06454
0.0645341
0.0645282
0.0645223
0.0645164
0.0645106
0.0645047
0.0644989
0.0644931
0.0644874
0.0644816
0.0644759
0.0644701
0.0644644
0.0644587
0.0644531
0.0644474
0.0644418
0.0644362
0.0644306
0.064425
0.0644194
0.0644139
0.0644084
0.0644029
0.0643974
0.0643919
0.0643864
0.064381
0.0643756
0.0643702
0.0643648
0.0643594
0.0643541
0.0643487
0.0643434
0.0643381
0.0643329
0.0643276
0.0643223
0.0643171
0.0643119
0.0643067
0.0643015
0.0642964
0.0642912
0.0642861
0.064281
0.0642759
0.0642709
0.0642658
0.0642608
0.0642558
0.0642508
0.0642458
0.0642408
0.0642359
0.0642309
0.064226
0.0642211
0.0642162
0.0642114
0.0642065
0.0642017
0.0641969
0.0641921
0.0641873
0.0641825
0.0641778
0.0641731
0.0641684
0.0641637
0.064159
0.0641543
0.0641497
0.0641451
0.0641405
0.0641359
0.0641313
0.0641267
0.0641222
0.0641177
0.0641132
0.0641087
0.0641042
0.0640998
0.0640953
0.0640909
0.0640865
0.0640821
0.0640777
0.0640734
0.064069
0.0640647
0.0640604
0.0640561
0.0640518
0.0640476
0.0640433
0.0640391
0.0640349
0.0640307
0.0640265
0.0640224
0.0640182
0.0640141
0.06401
0.0640059
0.0640018
0.0639978
0.0639937
0.0639897
0.0639857
0.0639817
0.0639777
0.0639737
0.0639698
0.0639659
0.0639619
0.063958
0.0639542
0.0639503
0.0639464
0.0639426
0.0639388
0.063935
0.0639312
0.0639274
0.0639237
0.0639199
0.0639162
0.0639125
0.0639088
0.0639051
0.0639015
0.0638978
0.0638942
0.0638906
0.063887
0.0638834
0.0638798
0.0638763
0.0638727
0.0638692
0.0638657
0.0638622
0.0638587
0.0638553
0.0638518
0.0638484
0.063845
0.0638416
0.0638382
0.0638348
0.0638315
0.0638281
0.0638248
0.0638215
0.0638182
0.0638149
0.0638117
0.0638084
0.0638052
0.063802
0.0637988
0.0637956
0.0637924
0.0637892
0.0637861
0.063783
0.0637798
0.0637767
0.0637737
0.0637706
0.0637675
0.0637645
0.0637615
0.0637585
0.0637555
0.0637525
0.0637495
0.0637466
0.0637436
0.0637407
0.0637378
0.0637349
0.063732
0.0637291
0.0637263
0.0637235
0.0637206
0.0637178
0.063715
0.0637122
0.0637095
0.0637067
0.063704
0.0637013
0.0636985
0.0636959
0.0636932
0.0636905
0.0636878
0.0636852
0.0636826
0.06368
0.0636774
0.0636748
0.0636722
0.0636696
0.0636671
0.0636646
0.0636621
0.0636596
0.0636571
0.0636546
0.0636521
0.0636497
0.0636472
0.0636448
0.0636424
0.06364
0.0636376
0.0636353
0.0636329
0.0636306
0.0636282
0.0636259
0.0636236
0.0636213
0.0636191
0.0636168
0.0636145
0.0636123
0.0636101
0.0636079
0.0636057
0.0636035
0.0636013
0.0635992
0.063597
0.0635949
0.0635928
0.0635907
0.0635886
0.0635865
0.0635844
0.0635824
0.0635803
0.0635783
0.0635763
0.0635743
0.0635723
0.0635703
0.0635683
0.0635664
0.0635644
0.0635625
0.0635606
0.0635587
0.0635568
0.0635549
0.063553
0.0635512
0.0635493
0.0635475
0.0635457
0.0635438
0.0635421
0.0635403
0.0635385
0.0635367
0.063535
0.0635333
0.0635315
0.0635298
0.0635281
0.0635264
0.0635247
0.0635231
0.0635214
0.0635198
0.0635182
0.0635165
0.0635149
0.0635133
0.0635118
0.0635102
0.0635086
0.0635071
0.0635055
0.063504
0.0635025
0.063501
0.0634995
0.063498
0.0634965
0.0634951
0.0634936
0.0634922
0.0634908
0.0634894
0.063488
0.0634866
0.0634852
0.0634838
0.0634825
0.0634811
0.0634798
0.0634785
0.0634771
0.0634758
0.0634745
0.0634733
0.063472
0.0634707
0.0634695
0.0634682
0.063467
0.0634658
0.0634646
0.0634634
0.0634622
0.063461
0.0634599
0.0634587
0.0634576
0.0634564
0.0634553
0.0634542
0.0634531
0.063452
0.0634509
0.0634498
0.0634488
0.0634477
0.0634467
0.0634456
0.0634446
0.0634436
0.0634426
0.0634416
0.0634406
0.0634397
0.0634387
0.0634377
0.0634368
0.0634359
0.0634349
0.063434
0.0634331
0.0634322
0.0634313
0.0634305
0.0634296
0.0634287
0.0634279
0.0634271
0.0634262
0.0634254
0.0634246
0.0634238
0.063423
0.0634222
0.0634215
0.0634207
0.0634199
0.0634192
0.0634185
0.0634177
0.063417
0.0634163
0.0634156
0.0634149
0.0634142
0.0634136
0.0634129
0.0634123
0.0634116
0.063411
0.0634103
0.0634097
0.0634091
0.0634085
0.0634079
0.0634073
0.0634068
0.0634062
0.0634056
0.0634051
0.0634045
0.063404
0.0634035
0.063403
0.0634025
0.063402
0.0634015
0.063401
0.0634005
0.0634
0.0633996
0.0633991
0.0633987
0.0633983
0.0633978
0.0633974
0.063397
0.0633966
0.0633962
0.0633958
0.0633954
0.0633951
0.0633947
0.0633943
0.063394
0.0633937
0.0633933
0.063393
0.0633927
0.0633924
0.0633921
0.0633918
0.0633915
0.0633912
0.0633909
0.0633907
0.0633904
0.0633902
0.0633899
0.0633897
0.0633895
0.0633892
0.063389
0.0633888
0.0633886
0.0633884
0.0633882
0.0633881
0.0633879
0.0633877
0.0633876
0.0633874
0.0633873
0.0633871
0.063387
0.0633869
0.0633868
0.0633867
0.0633865
0.0633865
0.0633864
0.0633863
0.0633862
0.0633861
0.0633861
0.063386
0.063386
0.0633859
0.0633859
0.0633858
0.0633858
0.0633858
0.0633858
0.0633858
0.0633858
0.0633858
0.0633858
0.0633858
0.0633858
0.0633859
0.0633859
0.0633859
0.063386
0.063386
0.0633861
0.0633862
0.0633862
0.0633863
0.0633864
0.0633865
0.0633866
0.0633867
0.0633868
0.0633869
0.063387
0.0633871
0.0633872
0.0633874
0.0633875
0.0633877
0.0633878
0.063388
0.0633881
0.0633883
0.0633885
0.0633886
0.0633888
0.063389
0.0633892
0.0633894
0.0633896
0.0633898
0.06339
0.0633902
0.0633904
0.0633906
0.0633909
0.0633911
0.0633914
0.0633916
0.0633918
0.0633921
0.0633924
0.0633926
0.0633929
0.0633931
0.0633934
0.0633937
0.063394
0.0633943
0.0633946
0.0633949
0.0633952
0.0633955
0.0633958
0.0633961
0.0633964
0.0633967
0.0633971
0.0633974
0.0633977
0.0633981
0.0633984
0.0633988
0.0633991
0.0633995
0.0633998
0.0634002
0.0634005
0.0634009
0.0634013
0.0634017
0.063402
0.0634024
0.0634028
0.0634032
0.0634036
0.063404
0.0634044
0.0634048
0.0634052
0.0634056
0.063406
0.0634065
0.0634069
0.0634073
0.0634077
0.0634082
0.0634086
0.063409
0.0634095
0.0634099
0.0634103
0.0634108
0.0634112
0.0634117
0.0634122
0.0634126
0.0634131
0.0634135
0.063414
0.0634145
0.0634149
0.0634154
0.0634159
0.0634164
0.0634169
0.0634173
0.0634178
0.0634183
0.0634188
0.0634193
0.0634198
0.0634203
0.0634208
0.0634213
0.0634218
0.0634223
0.0634228
0.0634233
0.0634238
0.0634244
0.0634249
0.0634254
0.0634259
0.0634264
0.063427
0.0634275
0.063428
0.0634285
0.0634291
0.0634296
0.0634301
0.0634307
0.0634312
0.0634317
0.0634323
0.0634328
0.0634333
0.0634339
0.0634344
0.063435
0.0634355
0.0634361
0.0634366
0.0634372
0.0634377
0.0634383
0.0634388
0.0634394
0.0634399
0.0634405
0.063441
0.0634416
0.0634421
0.0634427
0.0634432
0.0634438
0.0634444
0.0634449
0.0634455
0.063446
0.0634466
0.0634472
0.0634477
0.0634483
0.0634488
0.0634494
0.06345
0.0634505
0.0634511
0.0634516
0.0634522
0.0634528
0.0634533
0.0634539
0.0634544
0.063455
0.0634556
0.0634561
0.0634567
0.0634572
0.0634578
0.0634584
0.0634589
0.0634595
0.06346
0.0634606
0.0634611
0.0634617
0.0634623
0.0634628
0.0634634
0.0634639
0.0634645
0.063465
0.0634656
0.0634661
0.0634667
0.0634672
0.0634677
0.0634683
0.0634688
0.0634694
0.0634699
0.0634704
0.063471
0.0634715
0.0634721
0.0634726
0.0634731
0.0634736
0.0634742
0.0634747
0.0634752
0.0634757
0.0634763
0.0634768
0.0634773
0.0634778
0.0634783
0.0634788
0.0634793
0.0634799
0.0634804
0.0634809
0.0634814
0.0634819
0.0634824
0.0634828
0.0634833
0.0634838
0.0634843
0.0634848
0.0634853
0.0634858
0.0634862
0.0634867
0.0634872
0.0634876
0.0634881
0.0634886
0.063489
0.0634895
0.0634899
0.0634904
0.0634908
0.0634913
0.0634917
0.0634922
0.0634926
0.063493
0.0634934
0.0634939
0.0634943
0.0634947
0.0634951
0.0634955
0.0634959
0.0634963
0.0634967
0.0634971
0.0634975
0.0634979
0.0634983
0.0634987
0.0634991
0.0634994
0.0634998
0.0635002
0.0635005
0.0635009
0.0635012
0.0635016
0.0635019
0.0635022
0.0635026
0.0635029
0.0635032
0.0635036
0.0635039
0.0635042
0.0635045
0.0635048
0.0635051
0.0635054
0.0635057
0.0635059
0.0635062
0.0635065
0.0635068
0.063507
0.0635073
0.0635075
0.0635078
0.063508
0.0635082
0.0635085
0.0635087
0.0635089
0.0635091
0.0635093
0.0635095
0.0635097
0.0635099
0.0635101
0.0635103
0.0635105
0.0635106
0.0635108
0.0635109
0.0635111
0.0635112
0.0635114
0.0635115
0.0635116
0.0635117
0.0635119
0.063512
0.0635121
0.0635121
0.0635122
0.0635123
0.0635124
0.0635124
0.0635125
0.0635126
0.0635126
0.0635126
0.0635127
0.0635127
0.0635127
0.0635127
0.0635127
0.0635127
0.0635127
0.0635127
0.0635126
0.0635126
0.0635126
0.0635125
0.0635125
0.0635124
0.0635123
0.0635122
0.0635121
0.063512
0.0635119
0.0635118
0.0635117
0.0635116
0.0635114
0.0635113
0.0635111
0.063511
0.0635108
0.0635106
0.0635104
0.0635102
0.06351
0.0635098
0.0635096
0.0635094
0.0635091
0.0635089
0.0635086
0.0635084
0.0635081
0.0635078
0.0635075
0.0635072
0.0635069
0.0635066
0.0635062
0.0635059
0.0635055
0.0635052
0.0635048
0.0635044
0.063504
0.0635037
0.0635032
0.0635028
0.0635024
0.063502
0.0635015
0.0635011
0.0635006
0.0635001
0.0634996
0.0634991
0.0634986
0.0634981
0.0634976
0.063497
0.0634965
0.0634959
0.0634953
0.0634948
0.0634942
0.0634936
0.0634929
0.0634923
0.0634917
0.063491
0.0634904
0.0634897
0.063489
0.0634883
0.0634876
0.0634869
0.0634862
0.0634854
0.0634847
0.0634839
0.0634832
0.0634824
0.0634816
0.0634808
0.0634799
0.0634791
0.0634783
0.0634774
0.0634765
0.0634756
0.0634747
0.0634738
0.0634729
0.063472
0.063471
0.0634701
0.0634691
0.0634681
0.0634671
0.0634661
0.0634651
0.0634641
0.063463
0.063462
0.0634609
0.0634598
0.0634587
0.0634576
0.0634565
0.0634553
0.0634542
0.063453
0.0634518
0.0634506
0.0634494
0.0634482
0.0634469
0.0634457
0.0634444
0.0634431
0.0634419
0.0634405
0.0634392
0.0634379
0.0634365
0.0634352
0.0634338
0.0634324
0.063431
0.0634296
0.0634281
0.0634267
0.0634252
0.0634237
0.0634222
0.0634207
0.0634192
0.0634176
0.0634161
0.0634145
0.0634129
0.0634113
0.0634097
0.063408
0.0634064
0.0634047
0.063403
0.0634013
0.0633996
0.0633979
0.0633961
0.0633944
0.0633926
0.0633908
0.063389
0.0633872
0.0633853
0.0633835
0.0633816
0.0633797
0.0633778
0.0633758
0.0633739
0.0633719
0.06337
0.063368
0.0633659
0.0633639
0.0633619
0.0633598
0.0633577
0.0633556
0.0633535
0.0633514
0.0633492
0.063347
0.0633448
0.0633426
0.0633404
0.0633382
0.0633359
0.0633336
0.0633313
0.063329
0.0633267
0.0633243
0.063322
0.0633196
0.0633172
0.0633147
0.0633123
0.0633098
0.0633074
0.0633049
0.0633023
0.0632998
0.0632972
0.0632947
0.0632921
0.0632894
0.0632868
0.0632842
0.0632815
0.0632788
0.0632761
0.0632733
0.0632706
0.0632678
0.063265
0.0632622
0.0632594
0.0632565
0.0632536
0.0632508
0.0632478
0.0632449
0.063242
0.063239
0.063236
0.063233
0.0632299
0.0632269
0.0632238
0.0632207
0.0632176
0.0632144
0.0632113
0.0632081
0.0632049
0.0632017
0.0631984
0.0631951
0.0631918
0.0631885
0.0631852
0.0631818
0.0631785
0.0631751
0.0631716
0.0631682
0.0631647
0.0631613
0.0631577
0.0631542
0.0631507
0.0631471
0.0631435
0.0631399
0.0631362
0.0631325
0.0631289
0.0631251
0.0631214
0.0631177
0.0631139
0.0631101
0.0631062
0.0631024
0.0630985
0.0630946
0.0630907
0.0630868
0.0630828
0.0630788
0.0630748
0.0630707
0.0630667
0.0630626
0.0630585
0.0630543
0.0630502
0.063046
0.0630418
0.0630376
0.0630333
0.063029
0.0630247
0.0630204
0.063016
0.0630117
0.0630073
0.0630028
0.0629984
0.0629939
0.0629894
0.0629849
0.0629803
0.0629757
0.0629711
0.0629665
0.0629618
0.0629572
0.0629525
0.0629477
0.062943
0.0629382
0.0629334
0.0629285
0.0629237
0.0629188
0.0629139
0.0629089
0.062904
0.062899
0.062894
0.0628889
0.0628839
0.0628788
0.0628736
0.0628685
0.0628633
0.0628581
0.0628529
0.0628476
0.0628423
0.062837
0.0628317
0.0628263
0.0628209
0.0628155
0.0628101
0.0628046
0.0627991
0.0627936
0.062788
0.0627824
0.0627768
0.0627712
0.0627655
0.0627598
0.0627541
0.0627483
0.0627425
0.0627367
0.0627309
0.062725
0.0627191
0.0627132
0.0627073
0.0627013
0.0626953
0.0626892
0.0626832
0.0626771
0.062671
0.0626648
0.0626586
0.0626524
0.0626462
0.0626399
0.0626336
0.0626273
0.0626209
0.0626146
0.0626081
0.0626017
0.0625952
0.0625887
0.0625822
0.0625756
0.062569
0.0625624
0.0625558
0.0625491
0.0625424
0.0625356
0.0625289
0.0625221
0.0625152
0.0625084
0.0625015
0.0624945
0.0624876
0.0624806
0.0624736
0.0624665
0.0624595
0.0624524
0.0624452
0.0624381
0.0624309
0.0624236
0.0624164
0.0624091
0.0624018
0.0623944
0.062387
0.0623796
0.0623722
0.0623647
0.0623572
0.0623496
0.0623421
0.0623344
0.0623268
0.0623191
0.0623114
0.0623037
0.062296
0.0622882
0.0622803
0.0622725
0.0622646
0.0622567
0.0622487
0.0622407
0.0622327
0.0622246
0.0622166
0.0622084
0.0622003
0.0621921
0.0621839
0.0621757
0.0621674
0.0621591
0.0621507
0.0621424
0.0621339
0.0621255
0.062117
0.0621085
0.0621
0.0620914
0.0620828
0.0620742
0.0620655
0.0620568
0.062048
0.0620393
0.0620305
0.0620216
0.0620128
0.0620039
0.0619949
0.061986
0.0619769
0.0619679
0.0619588
0.0619497
0.0619406
0.0619314
0.0619222
0.061913
0.0619037
0.0618944
0.0618851
0.0618757
0.0618663
0.0618568
0.0618474
0.0618378
0.0618283
0.0618187
0.0618091
0.0617995
0.0617898
0.0617801
0.0617703
0.0617605
0.0617507
0.0617409
0.061731
0.0617211
0.0617111
0.0617011
0.0616911
0.061681
0.0616709
0.0616608
0.0616507
0.0616405
0.0616302
0.06162
0.0616097
0.0615993
0.061589
0.0615786
0.0615681
0.0615576
0.0615471
0.0615366
0.061526
0.0615154
0.0615048
0.0614941
0.0614834
0.0614726
0.0614618
0.061451
0.0614401
0.0614292
0.0614183
0.0614073
0.0613964
0.0613853
0.0613743
0.0613631
0.061352
0.0613408
0.0613296
0.0613184
0.0613071
0.0612958
0.0612844
0.0612731
0.0612616
0.0612502
0.0612387
0.0612272
0.0612156
0.061204
0.0611924
0.0611807
0.061169
0.0611573
0.0611455
0.0611337
0.0611219
0.06111
0.0610981
0.0610861
0.0610741
0.0610621
0.0610501
0.061038
0.0610258
0.0610137
0.0610015
0.0609893
0.060977
0.0609647
0.0609523
0.06094
0.0609276
0.0609151
0.0609026
0.0608901
0.0608776
0.060865
0.0608524
0.0608397
0.060827
0.0608143
0.0608015
0.0607887
0.0607759
0.060763
0.0607501
0.0607372
0.0607242
0.0607112
0.0606982
0.0606851
0.060672
0.0606588
0.0606456
0.0606324
0.0606191
0.0606058
0.0605925
0.0605792
0.0605658
0.0605523
0.0605389
0.0605254
0.0605118
0.0604982
0.0604846
0.060471
0.0604573
0.0604436
0.0604298
0.0604161
0.0604022
0.0603884
0.0603745
0.0603606
0.0603466
0.0603326
0.0603186
0.0603045
0.0602904
0.0602763
0.0602621
0.0602479
0.0602337
0.0602194
0.0602051
0.0601908
0.0601764
0.060162
0.0601475
0.060133
0.0601185
0.060104
0.0600894
0.0600748
0.0600601
0.0600454
0.0600307
0.0600159
0.0600012
0.0599863
0.0599715
0.0599566
0.0599416
0.0599267
0.0599117
0.0598967
0.0598816
0.0598665
0.0598514
0.0598362
0.059821
0.0598058
0.0597905
0.0597752
0.0597599
0.0597445
0.0597291
0.0597136
0.0596982
0.0596827
0.0596671
0.0596516
0.059636
0.0596203
0.0596046
0.0595889
0.0595732
0.0595574
0.0595416
0.0595258
0.0595099
0.059494
0.0594781
0.0594621
0.0594461
0.0594301
0.059414
0.0593979
0.0593818
0.0593656
0.0593494
0.0593332
0.0593169
0.0593006
0.0592843
0.0592679
0.0592515
0.0592351
0.0592187
0.0592022
0.0591856
0.0591691
0.0591525
0.0591359
0.0591192
0.0591026
0.0590858
0.0590691
0.0590523
0.0590355
0.0590187
0.0590018
0.0589849
0.058968
0.058951
0.058934
0.058917
0.0588999
0.0588828
0.0588657
0.0588486
0.0588314
0.0588142
0.0587969
0.0587796
0.0587623
0.058745
0.0587276
0.0587102
0.0586928
0.0586754
0.0586579
0.0586404
0.0586228
0.0586052
0.0585876
0.05857
0.0585523
0.0585346
0.0585169
0.0584991
0.0584814
0.0584635
0.0584457
0.0584278
0.0584099
0.058392
0.058374
0.0583561
0.058338
0.05832
0.0583019
0.0582838
0.0582657
0.0582475
0.0582293
0.0582111
0.0581929
0.0581746
0.0581563
0.058138
0.0581196
0.0581012
0.0580828
0.0580644
0.0580459
0.0580274
0.0580089
0.0579903
0.0579717
0.0579531
0.0579345
0.0579158
0.0578971
0.0578784
0.0578597
0.0578409
0.0578221
0.0578033
0.0577845
0.0577656
0.0577467
0.0577278
0.0577088
0.0576898
0.0576708
0.0576518
0.0576327
0.0576136
0.0575945
0.0575754
0.0575562
0.0575371
0.0575178
0.0574986
0.0574793
0.0574601
0.0574408
0.0574214
0.0574021
0.0573827
0.0573633
0.0573438
0.0573244
0.0573049
0.0572854
0.0572659
0.0572463
0.0572267
0.0572071
0.0571875
0.0571678
0.0571482
0.0571285
0.0571087
0.057089
0.0570692
0.0570494
0.0570296
0.0570098
0.0569899
0.0569701
0.0569502
0.0569302
0.0569103
0.0568903
0.0568703
0.0568503
0.0568303
0.0568102
0.0567901
0.05677
0.0567499
0.0567298
0.0567096
0.0566894
0.0566692
0.056649
0.0566287
0.0566084
0.0565881
0.0565678
0.0565475
0.0565271
0.0565067
0.0564864
0.0564659
0.0564455
0.056425
0.0564046
0.0563841
0.0563635
0.056343
0.0563225
0.0563019
0.0562813
0.0562607
0.05624
0.0562194
0.0561987
0.056178
0.0561573
0.0561366
0.0561158
0.0560951
0.0560743
0.0560535
0.0560327
0.0560118
0.055991
0.0559701
0.0559492
0.0559283
0.0559074
0.0558864
0.0558655
0.0558445
0.0558235
0.0558025
0.0557815
0.0557604
0.0557394
0.0557183
0.0556972
0.0556761
0.0556549
0.0556338
0.0556126
0.0555915
0.0555703
0.0555491
0.0555278
0.0555066
0.0554854
0.0554641
0.0554428
0.0554215
0.0554002
0.0553789
0.0553575
0.0553362
0.0553148
0.0552934
0.055272
0.0552506
0.0552291
0.0552077
0.0551862
0.0551648
0.0551433
0.0551218
0.0551003
0.0550787
0.0550572
0.0550357
0.0550141
0.0549925
0.0549709
0.0549493
0.0549277
0.0549061
0.0548844
0.0548628
0.0548411
0.0548194
0.0547977
0.054776
0.0547543
0.0547326
0.0547109
0.0546891
0.0546673
0.0546456
0.0546238
0.054602
0.0545802
0.0545584
0.0545365
0.0545147
0.0544929
0.054471
0.0544491
0.0544273
0.0544054
0.0543835
0.0543616
0.0543396
0.0543177
0.0542958
0.0542738
0.0542519
0.0542299
0.0542079
0.0541859
0.0541639
0.0541419
0.0541199
0.0540979
0.0540759
0.0540538
0.0540318
0.0540097
0.0539877
0.0539656
0.0539435
0.0539215
0.0538994
0.0538773
0.0538552
0.053833
0.0538109
0.0537888
0.0537666
0.0537445
0.0537224
0.0537002
0.053678
0.0536559
0.0536337
0.0536115
0.0535893
0.0535671
0.0535449
0.0535227
0.0535005
0.0534783
0.053456
0.0534338
0.0534116
0.0533893
0.0533671
0.0533448
0.0533226
0.0533003
0.0532781
0.0532558
0.0532335
0.0532112
0.0531889
0.0531666
0.0531444
0.0531221
0.0530998
0.0530775
0.0530551
0.0530328
0.0530105
0.0529882
0.0529659
0.0529435
0.0529212
0.0528989
0.0528765
0.0528542
0.0528319
0.0528095
0.0527872
0.0527648
0.0527425
0.0527201
0.0526977
0.0526754
0.052653
0.0526307
0.0526083
0.0525859
0.0525636
0.0525412
0.0525188
0.0524964
0.0524741
0.0524517
0.0524293
0.0524069
0.0523845
0.0523622
0.0523398
0.0523174
0.052295
0.0522726
0.0522503
0.0522279
0.0522055
0.0521831
0.0521607
0.0521383
0.0521159
0.0520936
0.0520712
0.0520488
0.0520264
0.052004
0.0519817
0.0519593
0.0519369
0.0519145
0.0518921
0.0518698
0.0518474
0.051825
0.0518026
0.0517803
0.0517579
0.0517355
0.0517132
0.0516908
0.0516684
0.0516461
0.0516237
0.0516014
0.051579
0.0515567
0.0515343
0.051512
0.0514896
0.0514673
0.051445
0.0514226
0.0514003
0.051378
0.0513556
0.0513333
0.051311
0.0512887
0.0512664
0.0512441
0.0512218
0.0511995
0.0511772
0.0511549
0.0511326
0.0511103
0.051088
0.0510657
0.0510435
0.0510212
0.0509989
0.0509767
0.0509544
0.0509322
0.0509099
0.0508877
0.0508655
0.0508432
0.050821
0.0507988
0.0507766
0.0507544
0.0507322
0.05071
0.0506878
0.0506656
0.0506434
0.0506212
0.0505991
0.0505769
0.0505547
0.0505326
0.0505104
0.0504883
0.0504662
0.050444
0.0504219
0.0503998
0.0503777
0.0503556
0.0503335
0.0503114
0.0502893
0.0502673
0.0502452
0.0502231
0.0502011
0.0501791
0.050157
0.050135
0.050113
0.050091
0.050069
0.050047
0.050025
0.050003
0.049981
0.049959
0.0499371
0.0499151
0.0498932
0.0498713
0.0498493
0.0498274
0.0498055
0.0497836
0.0497617
0.0497398
0.049718
0.0496961
0.0496742
0.0496524
0.0496305
0.0496087
0.0495869
0.0495651
0.0495433
0.0495215
0.0494997
0.0494779
0.0494562
0.0494344
0.0494127
0.0493909
0.0493692
0.0493475
0.0493258
0.0493041
0.0492824
0.0492607
0.0492391
0.0492174
0.0491958
0.0491741
0.0491525
0.0491309
0.0491093
0.0490877
0.0490661
0.0490445
0.049023
0.0490014
0.0489799
0.0489584
0.0489368
0.0489153
0.0488938
0.0488723
0.0488509
0.0488294
0.048808
0.0487865
0.0487651
0.0487437
0.0487223
0.0487009
0.0486795
0.0486581
0.0486368
0.0486154
0.0485941
0.0485727
0.0485514
0.0485301
0.0485088
0.0484876
0.0484663
0.0484451
0.0484238
0.0484026
0.0483814
0.0483602
0.048339
0.0483178
0.0482966
0.0482755
0.0482543
0.0482332
0.0482121
0.048191
0.0481699
0.0481488
0.0481278
0.0481067
0.0480857
0.0480647
0.0480436
0.0480226
0.0480017
0.0479807
0.0479597
0.0479388
0.0479179
0.0478969
0.047876
0.0478551
0.0478343
0.0478134
0.0477925
0.0477717
0.0477509
0.0477301
0.0477093
0.0476885
0.0476677
0.047647
0.0476262
0.0476055
0.0475848
0.0475641
0.0475434
0.0475227
0.0475021
0.0474814
0.0474608
0.0474402
0.0474196
0.047399
0.0473784
0.0473579
0.0473373
0.0473168
0.0472963
0.0472758
0.0472553
0.0472348
0.0472144
0.047194
0.0471735
0.0471531
0.0471327
0.0471123
0.047092
0.0470716
0.0470513
0.047031
0.0470107
0.0469904
0.0469701
0.0469498
0.0469296
0.0469094
0.0468892
0.046869
0.0468488
0.0468286
0.0468085
0.0467883
0.0467682
0.0467481
0.046728
0.0467079
0.0466879
0.0466678
0.0466478
0.0466278
0.0466078
0.0465878
0.0465678
0.0465479
0.046528
0.046508
0.0464881
0.0464683
0.0464484
0.0464285
0.0464087
0.0463889
0.0463691
0.0463493
0.0463295
0.0463097
0.04629
0.0462703
0.0462506
0.0462309
0.0462112
0.0461915
0.0461719
0.0461523
0.0461327
0.0461131
0.0460935
0.0460739
0.0460544
0.0460348
0.0460153
0.0459958
0.0459764
0.0459569
0.0459374
0.045918
0.0458986
0.0458792
0.0458598
0.0458405
0.0458211
0.0458018
0.0457825
0.0457632
0.0457439
0.0457246
0.0457054
0.0456862
0.0456669
0.0456477
0.0456286
0.0456094
0.0455903
0.0455711
0.045552
0.0455329
0.0455139
0.0454948
0.0454758
0.0454567
0.0454377
0.0454187
0.0453998
0.0453808
0.0453619
0.0453429
0.045324
0.0453051
0.0452863
0.0452674
0.0452486
0.0452298
0.045211
0.0451922
0.0451734
0.0451547
0.0451359
0.0451172
0.0450985
0.0450798
0.0450612
0.0450425
0.0450239
0.0450053
0.0449867
0.0449681
0.0449496
0.044931
0.0449125
0.044894
0.0448755
0.044857
0.0448386
0.0448201
0.0448017
0.0447833
0.0447649
0.0447466
0.0447282
0.0447099
0.0446916
0.0446733
0.044655
0.0446368
0.0446185
0.0446003
0.0445821
0.0445639
0.0445457
0.0445276
0.0445094
0.0444913
0.0444732
0.0444551
0.0444371
0.044419
0.044401
0.044383
0.044365
0.044347
0.0443291
0.0443111
0.0442932
0.0442753
0.0442574
0.0442395
0.0442217
0.0442039
0.0441861
0.0441683
0.0441505
0.0441327
0.044115
0.0440973
0.0440795
0.0440619
0.0440442
0.0440265
0.0440089
0.0439913
0.0439737
0.0439561
0.0439385
0.043921
0.0439035
0.043886
0.0438685
0.043851
0.0438335
0.0438161
0.0437987
0.0437813
0.0437639
0.0437465
0.0437292
0.0437119
0.0436946
0.0436773
0.04366
0.0436427
0.0436255
0.0436083
0.0435911
0.0435739
0.0435567
0.0435396
0.0435224
0.0435053
0.0434882
0.0434712
0.0434541
0.0434371
0.04342
0.043403
0.0433861
0.0433691
0.0433521
0.0433352
0.0433183
0.0433014
0.0432845
0.0432677
0.0432508
0.043234
0.0432172
0.0432004
0.0431836
0.0431669
0.0431502
0.0431334
0.0431167
0.0431001
0.0430834
0.0430668
0.0430501
0.0430335
0.0430169
0.0430004
0.0429838
0.0429673
0.0429508
0.0429343
0.0429178
0.0429013
0.0428849
0.0428685
0.042852
0.0428357
0.0428193
0.0428029
0.0427866
0.0427703
0.042754
0.0427377
0.0427214
0.0427052
0.042689
0.0426727
0.0426566
0.0426404
0.0426242
0.0426081
0.042592
0.0425759
0.0425598
0.0425437
0.0425277
0.0425116
0.0424956
0.0424796
0.0424637
0.0424477
0.0424318
0.0424158
0.0423999
0.042384
0.0423682
0.0423523
0.0423365
0.0423207
0.0423049
0.0422891
0.0422733
0.0422576
0.0422419
0.0422262
0.0422105
0.0421948
0.0421791
0.0421635
0.0421479
0.0421323
0.0421167
0.0421011
0.0420856
0.0420701
0.0420545
0.042039
0.0420236
0.0420081
0.0419927
0.0419772
0.0419618
0.0419464
0.0419311
0.0419157
0.0419004
0.0418851
0.0418698
0.0418545
0.0418392
0.041824
0.0418088
0.0417935
0.0417783
0.0417632
0.041748
0.0417329
0.0417177
0.0417026
0.0416876
0.0416725
0.0416574
0.0416424
0.0416274
0.0416124
0.0415974
0.0415824
0.0415675
0.0415525
0.0415376
0.0415227
0.0415079
0.041493
0.0414782
0.0414633
0.0414485
0.0414337
0.041419
0.0414042
0.0413895
0.0413747
0.04136
0.0413453
0.0413307
0.041316
0.0413014
0.0412868
0.0412722
0.0412576
0.041243
0.0412285
0.0412139
0.0411994
0.0411849
0.0411705
0.041156
0.0411415
0.0411271
0.0411127
0.0410983
0.0410839
0.0410696
0.0410552
0.0410409
0.0410266
0.0410123
0.040998
0.0409838
0.0409695
0.0409553
0.0409411
0.0409269
0.0409128
0.0408986
0.0408845
0.0408703
0.0408562
0.0408422
0.0408281
0.040814
0.0408
0.040786
0.040772
0.040758
0.040744
0.0407301
0.0407161
0.0407022
0.0406883
0.0406744
0.0406606
0.0406467
0.0406329
0.0406191
0.0406053
0.0405915
0.0405777
0.040564
0.0405502
0.0405365
0.0405228
0.0405091
0.0404955
0.0404818
0.0404682
0.0404546
0.040441
0.0404274
0.0404138
0.0404003
0.0403867
0.0403732
0.0403597
0.0403462
0.0403328
0.0403193
0.0403059
0.0402925
0.0402791
0.0402657
0.0402523
0.040239
0.0402256
0.0402123
0.040199
0.0401857
0.0401724
0.0401592
0.040146
0.0401327
0.0401195
0.0401063
0.0400932
0.04008
0.0400669
0.0400537
0.0400406
0.0400275
0.0400145
0.0400014
0.0399884
0.0399753
0.0399623
0.0399493
0.0399363
0.0399234
0.0399104
0.0398975
0.0398846
0.0398717
0.0398588
0.0398459
0.0398331
0.0398202
0.0398074
0.0397946
0.0397818
0.0397691
0.0397563
0.0397436
0.0397308
0.0397181
0.0397054
0.0396928
0.0396801
0.0396675
0.0396548
0.0396422
0.0396296
0.039617
0.0396045
0.0395919
0.0395794
0.0395669
0.0395544
0.0395419
0.0395294
0.0395169
0.0395045
0.0394921
0.0394797
0.0394673
0.0394549
0.0394425
0.0394302
0.0394178
0.0394055
0.0393932
0.0393809
0.0393687
0.0393564
0.0393442
0.0393319
0.0393197
0.0393075
0.0392953
0.0392832
0.039271
0.0392589
0.0392468
0.0392347
0.0392226
0.0392105
0.0391985
0.0391864
0.0391744
0.0391624
0.0391504
0.0391384
0.0391264
0.0391145
0.0391025
0.0390906
0.0390787
0.0390668
0.0390549
0.0390431
0.0390312
0.0390194
0.0390076
0.0389958
0.038984
0.0389722
0.0389605
0.0389487
0.038937
0.0389253
0.0389136
0.0389019
0.0388902
0.0388786
0.0388669
0.0388553
0.0388437
0.0388321
0.0388205
0.038809
0.0387974
0.0387859
0.0387744
0.0387629
0.0387514
0.0387399
0.0387284
0.038717
0.0387055
0.0386941
0.0386827
0.0386713
0.03866
0.0386486
0.0386372
0.0386259
0.0386146
0.0386033
0.038592
0.0385807
0.0385695
0.0385582
0.038547
0.0385358
0.0385246
0.0385134
0.0385022
0.038491
0.0384799
0.0384688
0.0384576
0.0384465
0.0384354
0.0384244
0.0384133
0.0384023
0.0383912
0.0383802
0.0383692
0.0383582
0.0383472
0.0383363
0.0383253
0.0383144
0.0383035
0.0382925
0.0382817
0.0382708
0.0382599
0.0382491
0.0382382
0.0382274
0.0382166
0.0382058
0.038195
0.0381842
0.0381735
0.0381627
0.038152
0.0381413
0.0381306
0.0381199
0.0381092
0.0380986
0.0380879
0.0380773
0.0380667
0.0380561
0.0380455
0.0380349
0.0380243
0.0380138
0.0380032
0.0379927
0.0379822
0.0379717
0.0379612
0.0379508
0.0379403
0.0379299
0.0379194
0.037909
0.0378986
0.0378882
0.0378778
0.0378675
0.0378571
0.0378468
0.0378365
0.0378262
0.0378159
0.0378056
0.0377953
0.0377851
0.0377748
0.0377646
0.0377544
0.0377442
0.037734
0.0377238
0.0377136
0.0377035
0.0376933
0.0376832
0.0376731
0.037663
0.0376529
0.0376428
0.0376328
0.0376227
0.0376127
0.0376027
0.0375926
0.0375826
0.0375727
0.0375627
0.0375527
0.0375428
0.0375328
0.0375229
0.037513
0.0375031
0.0374932
0.0374834
0.0374735
0.0374637
0.0374538
0.037444
0.0374342
0.0374244
0.0374146
0.0374049
0.0373951
0.0373854
0.0373756
0.0373659
0.0373562
0.0373465
0.0373368
0.0373272
0.0373175
0.0373079
0.0372982
0.0372886
0.037279
0.0372694
0.0372598
0.0372503
0.0372407
0.0372312
0.0372216
0.0372121
0.0372026
0.0371931
0.0371836
0.0371742
0.0371647
0.0371553
0.0371458
0.0371364
0.037127
0.0371176
0.0371082
0.0370988
0.0370895
0.0370801
0.0370708
0.0370614
0.0370521
0.0370428
0.0370335
0.0370243
0.037015
0.0370057
0.0369965
0.0369873
0.0369781
0.0369688
0.0369597
0.0369505
0.0369413
0.0369321
0.036923
0.0369139
0.0369047
0.0368956
0.0368865
0.0368774
0.0368683
0.0368593
0.0368502
0.0368412
0.0368322
0.0368231
0.0368141
0.0368051
0.0367962
0.0367872
0.0367782
0.0367693
0.0367603
0.0367514
0.0367425
0.0367336
0.0367247
0.0367158
0.0367069
0.0366981
0.0366892
0.0366804
0.0366716
0.0366628
0.036654
0.0366452
0.0366364
0.0366276
0.0366189
0.0366101
0.0366014
0.0365927
0.036584
0.0365753
0.0365666
0.0365579
0.0365492
0.0365406
0.0365319
0.0365233
0.0365147
0.0365061
0.0364975
0.0364889
0.0364803
0.0364717
0.0364632
0.0364546
0.0364461
0.0364376
0.0364291
0.0364206
0.0364121
0.0364036
0.0363951
0.0363867
0.0363782
0.0363698
0.0363614
0.036353
0.0363446
0.0363362
0.0363278
0.0363194
0.0363111
0.0363027
0.0362944
0.0362861
0.0362777
0.0362694
0.0362611
0.0362529
0.0362446
0.0362363
0.0362281
0.0362198
0.0362116
0.0362034
0.0361952
0.036187
0.0361788
0.0361706
0.0361624
0.0361543
0.0361461
0.036138
0.0361299
0.0361217
0.0361136
0.0361055
0.0360975
0.0360894
0.0360813
0.0360733
0.0360652
0.0360572
0.0360492
0.0360412
0.0360332
0.0360252
0.0360172
0.0360092
0.0360013
0.0359933
0.0359854
0.0359774
0.0359695
0.0359616
0.0359537
0.0359458
0.0359379
0.0359301
0.0359222
0.0359144
0.0359065
0.0358987
0.0358909
0.0358831
0.0358753
0.0358675
0.0358597
0.0358519
0.0358442
0.0358364
0.0358287
0.0358209
0.0358132
0.0358055
0.0357978
0.0357901
0.0357824
0.0357748
0.0357671
0.0357595
0.0357518
0.0357442
0.0357366
0.035729
0.0357214
0.0357138
0.0357062
0.0356986
0.0356911
0.0356835
0.035676
0.0356684
0.0356609
0.0356534
0.0356459
0.0356384
0.0356309
0.0356234
0.035616
0.0356085
0.0356011
0.0355936
0.0355862
0.0355788
0.0355714
0.035564
0.0355566
0.0355492
0.0355418
0.0355344
0.0355271
0.0355198
0.0355124
0.0355051
0.0354978
0.0354905
0.0354832
0.0354759
0.0354686
0.0354613
0.0354541
0.0354468
0.0354396
0.0354324
0.0354251
0.0354179
0.0354107
0.0354035
0.0353963
0.0353892
0.035382
0.0353748
0.0353677
0.0353605
0.0353534
0.0353463
0.0353392
0.0353321
0.035325
0.0353179
0.0353108
0.0353038
0.0352967
0.0352896
0.0352826
0.0352756
0.0352685
0.0352615
0.0352545
0.0352475
0.0352405
0.0352336
0.0352266
0.0352196
0.0352127
0.0352057
0.0351988
0.0351919
0.035185
0.0351781
0.0351712
0.0351643
0.0351574
0.0351505
0.0351436
0.0351368
0.0351299
0.0351231
0.0351163
0.0351095
0.0351026
0.0350958
0.0350891
0.0350823
0.0350755
0.0350687
0.035062
0.0350552
0.0350485
0.0350417
0.035035
0.0350283
0.0350216
0.0350149
0.0350082
0.0350015
0.0349948
0.0349882
0.0349815
0.0349749
0.0349682
0.0349616
0.034955
0.0349483
0.0349417
0.0349351
0.0349285
0.034922
0.0349154
0.0349088
0.0349023
0.0348957
0.0348892
0.0348826
0.0348761
0.0348696
0.0348631
0.0348566
0.0348501
0.0348436
0.0348371
0.0348307
0.0348242
0.0348178
0.0348113
0.0348049
0.0347985
0.034792
0.0347856
0.0347792
0.0347728
0.0347664
0.0347601
0.0347537
0.0347473
0.034741
0.0347346
0.0347283
0.034722
0.0347156
0.0347093
0.034703
0.0346967
0.0346904
0.0346842
0.0346779
0.0346716
0.0346654
0.0346591
0.0346529
0.0346466
0.0346404
0.0346342
0.034628
0.0346218
0.0346156
0.0346094
0.0346032
0.034597
0.0345909
0.0345847
0.0345786
0.0345724
0.0345663
0.0345602
0.034554
0.0345479
0.0345418
0.0345357
0.0345296
0.0345236
0.0345175
0.0345114
0.0345054
0.0344993
0.0344933
0.0344872
0.0344812
0.0344752
0.0344692
0.0344632
0.0344572
0.0344512
0.0344452
0.0344392
0.0344333
0.0344273
0.0344213
0.0344154
0.0344095
0.0344035
0.0343976
0.0343917
0.0343858
0.0343799
0.034374
0.0343681
0.0343622
0.0343564
0.0343505
0.0343446
0.0343388
0.034333
0.0343271
0.0343213
0.0343155
0.0343097
0.0343039
0.0342981
0.0342923
0.0342865
0.0342807
0.0342749
0.0342692
0.0342634
0.0342577
0.0342519
0.0342462
0.0342405
0.0342347
0.034229
0.0342233
0.0342176
0.0342119
0.0342063
0.0342006
0.0341949
0.0341893
0.0341836
0.0341779
0.0341723
0.0341667
0.034161
0.0341554
0.0341498
0.0341442
0.0341386
0.034133
0.0341274
0.0341218
0.0341163
0.0341107
0.0341052
0.0340996
0.0340941
0.0340885
0.034083
0.0340775
0.0340719
0.0340664
0.0340609
0.0340554
0.03405
0.0340445
0.034039
0.0340335
0.0340281
0.0340226
0.0340172
0.0340117
0.0340063
0.0340008
0.0339954
0.03399
0.0339846
0.0339792
0.0339738
0.0339684
0.033963
0.0339577
0.0339523
0.0339469
0.0339416
0.0339362
0.0339309
0.0339255
0.0339202
0.0339149
0.0339096
0.0339043
0.033899
0.0338937
0.0338884
0.0338831
0.0338778
0.0338726
0.0338673
0.033862
0.0338568
0.0338515
0.0338463
0.0338411
0.0338358
0.0338306
0.0338254
0.0338202
0.033815
0.0338098
0.0338046
0.0337994
0.0337943
0.0337891
0.0337839
0.0337788
0.0337736
0.0337685
0.0337634
0.0337582
0.0337531
0.033748
0.0337429
0.0337378
0.0337327
0.0337276
0.0337225
0.0337174
0.0337123
0.0337073
0.0337022
0.0336972
0.0336921
0.0336871
0.033682
0.033677
0.033672
0.033667
0.0336619
0.0336569
0.0336519
0.0336469
0.033642
0.033637
0.033632
0.033627
0.0336221
0.0336171
0.0336122
0.0336072
0.0336023
0.0335973
0.0335924
0.0335875
0.0335826
0.0335777
0.0335728
0.0335679
0.033563
0.0335581
0.0335532
0.0335483
0.0335435
0.0335386
0.0335338
0.0335289
0.0335241
0.0335192
0.0335144
0.0335096
0.0335047
0.0334999
0.0334951
0.0334903
0.0334855
0.0334807
0.033476
0.0334712
0.0334664
0.0334616
0.0334569
0.0334521
0.0334474
0.0334426
0.0334379
0.0334331
0.0334284
0.0334237
0.033419
0.0334143
0.0334096
0.0334049
0.0334002
0.0333955
0.0333908
0.0333861
0.0333815
0.0333768
0.0333721
0.0333675
0.0333628
0.0333582
0.0333535
0.0333489
0.0333443
0.0333397
0.0333351
0.0333304
0.0333258
0.0333212
0.0333166
0.0333121
0.0333075
0.0333029
0.0332983
0.0332938
0.0332892
0.0332847
0.0332801
0.0332756
0.033271
0.0332665
0.033262
0.0332574
0.0332529
0.0332484
0.0332439
0.0332394
0.0332349
0.0332304
0.0332259
0.0332215
0.033217
0.0332125
0.0332081
0.0332036
0.0331992
0.0331947
0.0331903
0.0331858
0.0331814
0.033177
0.0331726
0.0331682
0.0331637
0.0331593
0.0331549
0.0331505
0.0331462
0.0331418
0.0331374
0.033133
0.0331287
0.0331243
0.0331199
0.0331156
0.0331112
0.0331069
0.0331026
0.0330982
0.0330939
0.0330896
0.0330853
0.033081
0.0330767
0.0330724
0.0330681
0.0330638
0.0330595
0.0330552
0.0330509
0.0330467
0.0330424
0.0330381
0.0330339
0.0330296
0.0330254
0.0330212
0.0330169
0.0330127
0.0330085
0.0330043
0.033
0.0329958
0.0329916
0.0329874
0.0329832
0.0329791
0.0329749
0.0329707
0.0329665
0.0329623
0.0329582
0.032954
0.0329499
0.0329457
0.0329416
0.0329374
0.0329333
0.0329292
0.032925
0.0329209
0.0329168
0.0329127
0.0329086
0.0329045
0.0329004
0.0328963
0.0328922
0.0328881
0.0328841
0.03288
0.0328759
0.0328719
0.0328678
0.0328638
0.0328597
0.0328557
0.0328516
0.0328476
0.0328436
0.0328395
0.0328355
0.0328315
0.0328275
0.0328235
0.0328195
0.0328155
0.0328115
0.0328075
0.0328035
0.0327996
0.0327956
0.0327916
0.0327877
0.0327837
0.0327797
0.0327758
0.0327719
0.0327679
0.032764
0.03276
0.0327561
0.0327522
0.0327483
0.0327444
0.0327405
0.0327366
0.0327327
0.0327288
0.0327249
0.032721
0.0327171
0.0327132
0.0327094
0.0327055
0.0327016
0.0326978
0.0326939
0.0326901
0.0326862
0.0326824
0.0326786
0.0326747
0.0326709
0.0326671
0.0326633
0.0326595
0.0326556
0.0326518
0.032648
0.0326442
0.0326405
0.0326367
0.0326329
0.0326291
0.0326253
0.0326216
0.0326178
0.032614
0.0326103
0.0326065
0.0326028
0.032599
0.0325953
0.0325916
0.0325878
0.0325841
0.0325804
0.0325767
0.032573
0.0325693
0.0325656
0.0325619
0.0325582
0.0325545
0.0325508
0.0325471
0.0325434
0.0325397
0.0325361
0.0325324
0.0325288
0.0325251
0.0325214
0.0325178
0.0325141
0.0325105
0.0325069
0.0325032
0.0324996
0.032496
0.0324924
0.0324888
0.0324851
0.0324815
0.0324779
0.0324743
0.0324707
0.0324672
0.0324636
0.03246
0.0324564
0.0324528
0.0324493
0.0324457
0.0324421
0.0324386
0.032435
0.0324315
0.0324279
0.0324244
0.0324209
0.0324173
0.0324138
0.0324103
0.0324067
0.0324032
0.0323997
0.0323962
0.0323927
0.0323892
0.0323857
0.0323822
0.0323787
0.0323752
0.0323718
0.0323683
0.0323648
0.0323613
0.0323579
0.0323544
0.032351
0.0323475
0.0323441
0.0323406
0.0323372
0.0323337
0.0323303
0.0323269
0.0323234
0.03232
0.0323166
0.0323132
0.0323098
0.0323064
0.032303
0.0322996
0.0322962
0.0322928
0.0322894
0.032286
0.0322826
0.0322793
0.0322759
0.0322725
0.0322692
0.0322658
0.0322624
0.0322591
0.0322557
0.0322524
0.0322491
0.0322457
0.0322424
0.0322391
0.0322357
0.0322324
0.0322291
0.0322258
0.0322225
0.0322192
0.0322159
0.0322126
0.0322093
0.032206
0.0322027
0.0321994
0.0321961
0.0321928
0.0321896
0.0321863
0.032183
0.0321798
0.0321765
0.0321733
0.03217
0.0321668
0.0321635
0.0321603
0.032157
0.0321538
0.0321506
0.0321473
0.0321441
0.0321409
0.0321377
0.0321345
0.0321313
0.0321281
0.0321249
0.0321217
0.0321185
0.0321153
0.0321121
0.0321089
0.0321057
0.0321026
0.0320994
0.0320962
0.032093
0.0320899
0.0320867
0.0320836
0.0320804
0.0320773
0.0320741
0.032071
0.0320679
0.0320647
0.0320616
0.0320585
0.0320553
0.0320522
0.0320491
0.032046
0.0320429
0.0320398
0.0320367
0.0320336
0.0320305
0.0320274
0.0320243
0.0320212
0.0320181
0.0320151
0.032012
0.0320089
0.0320058
0.0320028
0.0319997
0.0319967
0.0319936
0.0319906
0.0319875
0.0319845
0.0319814
0.0319784
0.0319754
0.0319723
0.0319693
0.0319663
0.0319633
0.0319602
0.0319572
0.0319542
0.0319512
0.0319482
0.0319452
0.0319422
0.0319392
0.0319362
0.0319332
0.0319302
0.0319273
0.0319243
0.0319213
0.0319183
0.0319154
0.0319124
0.0319094
0.0319065
0.0319035
0.0319006
0.0318976
0.0318947
0.0318918
0.0318888
0.0318859
0.0318829
0.03188
0.0318771
0.0318742
0.0318713
0.0318683
0.0318654
0.0318625
0.0318596
0.0318567
0.0318538
0.0318509
0.031848
0.0318451
0.0318422
0.0318394
0.0318365
0.0318336
0.0318307
0.0318278
0.031825
0.0318221
0.0318193
0.0318164
0.0318135
0.0318107
0.0318078
0.031805
0.0318021
0.0317993
0.0317965
0.0317936
0.0317908
0.031788
0.0317852
0.0317823
0.0317795
0.0317767
0.0317739
0.0317711
0.0317683
0.0317655
0.0317627
0.0317599
0.0317571
0.0317543
0.0317515
0.0317487
0.0317459
0.0317431
0.0317404
0.0317376
0.0317348
0.0317321
0.0317293
0.0317265
0.0317238
0.031721
0.0317183
0.0317155
0.0317128
0.03171
0.0317073
0.0317046
0.0317018
0.0316991
0.0316964
0.0316936
0.0316909
0.0316882
0.0316855
0.0316828
0.0316801
0.0316773
0.0316746
0.0316719
0.0316692
0.0316665
0.0316639
0.0316612
0.0316585
0.0316558
0.0316531
0.0316504
0.0316478
0.0316451
0.0316424
0.0316397
0.0316371
0.0316344
0.0316318
0.0316291
0.0316265
0.0316238
0.0316212
0.0316185
0.0316159
0.0316132
0.0316106
0.031608
0.0316053
0.0316027
0.0316001
0.0315975
0.0315948
0.0315922
0.0315896
0.031587
0.0315844
0.0315818
0.0315792
0.0315766
0.031574
0.0315714
0.0315688
0.0315662
0.0315636
0.031561
0.0315585
0.0315559
0.0315533
0.0315507
0.0315482
0.0315456
0.031543
0.0315405
0.0315379
0.0315354
0.0315328
0.0315303
0.0315277
0.0315252
0.0315226
0.0315201
0.0315175
0.031515
0.0315125
0.03151
0.0315074
0.0315049
0.0315024
0.0314999
0.0314974
0.0314948
0.0314923
0.0314898
0.0314873
0.0314848
0.0314823
0.0314798
0.0314773
0.0314748
0.0314723
0.0314699
0.0314674
0.0314649
0.0314624
0.0314599
0.0314575
0.031455
0.0314525
0.0314501
0.0314476
0.0314451
0.0314427
0.0314402
0.0314378
0.0314353
0.0314329
0.0314304
0.031428
0.0314255
0.0314231
0.0314207
0.0314182
0.0314158
0.0314134
0.031411
0.0314085
0.0314061
0.0314037
0.0314013
0.0313989
0.0313965
0.0313941
0.0313917
0.0313893
0.0313869
0.0313845
0.0313821
0.0313797
0.0313773
0.0313749
0.0313725
0.0313701
0.0313678
0.0313654
0.031363
0.0313606
0.0313583
0.0313559
0.0313535
0.0313512
0.0313488
0.0313465
0.0313441
0.0313417
0.0313394
0.0313371
0.0313347
0.0313324
0.03133
0.0313277
0.0313254
0.031323
0.0313207
0.0313184
0.031316
0.0313137
0.0313114
0.0313091
0.0313068
0.0313044
0.0313021
0.0312998
0.0312975
0.0312952
0.0312929
0.0312906
0.0312883
0.031286
0.0312837
0.0312814
0.0312792
0.0312769
0.0312746
0.0312723
0.03127
0.0312678
0.0312655
0.0312632
0.0312609
0.0312587
0.0312564
0.0312542
0.0312519
0.0312496
0.0312474
0.0312451
0.0312429
0.0312406
0.0312384
0.0312361
0.0312339
0.0312317
0.0312294
0.0312272
0.031225
0.0312227
0.0312205
0.0312183
0.0312161
0.0312138
0.0312116
0.0312094
0.0312072
0.031205
0.0312028
0.0312006
0.0311984
0.0311962
0.031194
0.0311918
0.0311896
0.0311874
0.0311852
0.031183
0.0311808
0.0311786
0.0311764
0.0311743
0.0311721
0.0311699
0.0311677
0.0311656
0.0311634
0.0311612
0.0311591
0.0311569
0.0311547
0.0311526
0.0311504
0.0311483
0.0311461
0.031144
0.0311418
0.0311397
0.0311375
0.0311354
0.0311333
0.0311311
0.031129
0.0311269
0.0311247
0.0311226
0.0311205
0.0311184
0.0311162
0.0311141
0.031112
0.0311099
0.0311078
0.0311057
0.0311036
0.0311014
0.0310993
0.0310972
0.0310951
0.031093
0.0310909
0.0310889
0.0310868
0.0310847
0.0310826
0.0310805
0.0310784
0.0310763
0.0310743
0.0310722
0.0310701
0.031068
0.031066
0.0310639
0.0310618
0.0310598
0.0310577
0.0310556
0.0310536
0.0310515
0.0310495
0.0310474
0.0310454
0.0310433
0.0310413
0.0310392
0.0310372
0.0310352
0.0310331
0.0310311
0.031029
0.031027
0.031025
0.031023
0.0310209
0.0310189
0.0310169
0.0310149
0.0310129
0.0310108
0.0310088
0.0310068
0.0310048
0.0310028
0.0310008
0.0309988
0.0309968
0.0309948
0.0309928
0.0309908
0.0309888
0.0309868
0.0309848
0.0309828
0.0309808
0.0309789
0.0309769
0.0309749
0.0309729
0.0309709
0.030969
0.030967
0.030965
0.0309631
0.0309611
0.0309591
0.0309572
0.0309552
0.0309532
0.0309513
0.0309493
0.0309474
0.0309454
0.0309435
0.0309415
0.0309396
0.0309376
0.0309357
0.0309338
0.0309318
0.0309299
0.030928
0.030926
0.0309241
0.0309222
0.0309202
0.0309183
0.0309164
0.0309145
0.0309126
0.0309106
0.0309087
0.0309068
0.0309049
0.030903
0.0309011
0.0308992
0.0308973
0.0308954
0.0308935
0.0308916
0.0308897
0.0308878
0.0308859
0.030884
0.0308821
0.0308802
0.0308783
0.0308765
0.0308746
0.0308727
0.0308708
0.0308689
0.0308671
0.0308652
0.0308633
0.0308615
0.0308596
0.0308577
0.0308559
0.030854
0.0308521
0.0308503
0.0308484
0.0308466
0.0308447
0.0308429
0.030841
0.0308392
0.0308373
0.0308355
0.0308336
0.0308318
0.03083
0.0308281
0.0308263
0.0308245
0.0308226
0.0308208
0.030819
0.0308172
0.0308153
0.0308135
0.0308117
0.0308099
0.030808
0.0308062
0.0308044
0.0308026
0.0308008
0.030799
0.0307972
0.0307954
0.0307936
0.0307918
0.03079
0.0307882
0.0307864
0.0307846
0.0307828
0.030781
0.0307792
0.0307774
0.0307756
0.0307739
0.0307721
0.0307703
0.0307685
0.0307667
0.030765
0.0307632
0.0307614
0.0307596
0.0307579
0.0307561
0.0307543
0.0307526
0.0307508
0.030749
0.0307473
0.0307455
0.0307438
0.030742
0.0307403
0.0307385
0.0307368
0.030735
0.0307333
0.0307315
0.0307298
0.030728
0.0307263
0.0307246
0.0307228
0.0307211
0.0307194
0.0307176
0.0307159
0.0307142
0.0307125
0.0307107
0.030709
0.0307073
0.0307056
0.0307039
0.0307021
0.0307004
0.0306987
0.030697
0.0306953
0.0306936
0.0306919
0.0306902
0.0306885
0.0306868
0.0306851
0.0306834
0.0306817
0.03068
0.0306783
0.0306766
0.0306749
0.0306732
0.0306715
0.0306698
0.0306681
0.0306665
0.0306648
0.0306631
0.0306614
0.0306597
0.0306581
0.0306564
0.0306547
0.0306531
0.0306514
0.0306497
0.0306481
0.0306464
0.0306447
0.0306431
0.0306414
0.0306398
0.0306381
0.0306364
0.0306348
0.0306331
0.0306315
0.0306298
0.0306282
0.0306265
0.0306249
0.0306233
0.0306216
0.03062
0.0306183
0.0306167
0.0306151
0.0306134
0.0306118
0.0306102
0.0306085
0.0306069
0.0306053
0.0306037
0.030602
0.0306004
0.0305988
0.0305972
0.0305956
0.030594
0.0305923
0.0305907
0.0305891
0.0305875
0.0305859
0.0305843
0.0305827
0.0305811
0.0305795
0.0305779
0.0305763
0.0305747
0.0305731
0.0305715
0.0305699
0.0305683
0.0305667
0.0305651
0.0305635
0.030562
0.0305604
0.0305588
0.0305572
0.0305556
0.0305541
0.0305525
0.0305509
0.0305493
0.0305478
0.0305462
0.0305446
0.030543
0.0305415
0.0305399
0.0305383
0.0305368
0.0305352
0.0305337
0.0305321
0.0305305
0.030529
0.0305274
0.0305259
0.0305243
0.0305228
0.0305212
0.0305197
0.0305181
0.0305166
0.0305151
0.0305135
0.030512
0.0305104
0.0305089
0.0305074
0.0305058
0.0305043
0.0305028
0.0305012
0.0304997
0.0304982
0.0304966
0.0304951
0.0304936
0.0304921
0.0304906
0.030489
0.0304875
0.030486
0.0304845
0.030483
0.0304815
0.0304799
0.0304784
0.0304769
0.0304754
0.0304739
0.0304724
0.0304709
0.0304694
0.0304679
0.0304664
0.0304649
0.0304634
0.0304619
0.0304604
0.0304589
0.0304574
0.030456
0.0304545
0.030453
0.0304515
0.03045
0.0304485
0.030447
0.0304456
0.0304441
0.0304426
0.0304411
0.0304397
0.0304382
0.0304367
0.0304352
0.0304338
0.0304323
0.0304308
0.0304294
0.0304279
0.0304264
0.030425
0.0304235
0.0304221
0.0304206
0.0304191
0.0304177
0.0304162
0.0304148
0.0304133
0.0304119
0.0304104
0.030409
0.0304075
0.0304061
0.0304046
0.0304032
0.0304018
0.0304003
0.0303989
0.0303974
0.030396
0.0303946
0.0303931
0.0303917
0.0303903
0.0303888
0.0303874
0.030386
0.0303846
0.0303831
0.0303817
0.0303803
0.0303789
0.0303775
0.030376
0.0303746
0.0303732
0.0303718
0.0303704
0.030369
0.0303675
0.0303661
0.0303647
0.0303633
0.0303619
0.0303605
0.0303591
0.0303577
0.0303563
0.0303549
0.0303535
0.0303521
0.0303507
0.0303493
0.0303479
0.0303465
0.0303451
0.0303437
0.0303424
0.030341
0.0303396
0.0303382
0.0303368
0.0303354
0.030334
0.0303327
0.0303313
0.0303299
0.0303285
0.0303272
0.0303258
0.0303244
0.030323
0.0303217
0.0303203
0.0303189
0.0303176
0.0303162
0.0303148
0.0303135
0.0303121
0.0303107
0.0303094
0.030308
0.0303067
0.0303053
0.030304
0.0303026
0.0303012
0.0302999
0.0302985
0.0302972
0.0302958
0.0302945
0.0302931
0.0302918
0.0302905
0.0302891
0.0302878
0.0302864
0.0302851
0.0302838
0.0302824
0.0302811
0.0302797
0.0302784
0.0302771
0.0302758
0.0302744
0.0302731
0.0302718
0.0302704
0.0302691
0.0302678
0.0302665
0.0302651
0.0302638
0.0302625
0.0302612
0.0302599
0.0302585
0.0302572
0.0302559
0.0302546
0.0302533
0.030252
0.0302507
0.0302494
0.0302481
0.0302467
0.0302454
0.0302441
0.0302428
0.0302415
0.0302402
0.0302389
0.0302376
0.0302363
0.030235
0.0302337
0.0302324
0.0302312
0.0302299
0.0302286
0.0302273
0.030226
0.0302247
0.0302234
0.0302221
0.0302208
0.0302196
0.0302183
0.030217
0.0302157
0.0302144
0.0302132
0.0302119
0.0302106
0.0302093
0.0302081
0.0302068
0.0302055
0.0302042
0.030203
0.0302017
0.0302004
0.0301992
0.0301979
0.0301966
0.0301954
0.0301941
0.0301929
0.0301916
0.0301903
0.0301891
0.0301878
0.0301866
0.0301853
0.0301841
0.0301828
0.0301816
0.0301803
0.0301791
0.0301778
0.0301766
0.0301753
0.0301741
0.0301728
0.0301716
0.0301703
0.0301691
0.0301679
0.0301666
0.0301654
0.0301641
0.0301629
0.0301617
0.0301604
0.0301592
0.030158
0.0301567
0.0301555
0.0301543
0.0301531
0.0301518
0.0301506
0.0301494
0.0301482
0.0301469
0.0301457
0.0301445
0.0301433
0.0301421
0.0301408
0.0301396
0.0301384
0.0301372
0.030136
0.0301348
0.0301336
0.0301323
0.0301311
0.0301299
0.0301287
0.0301275
0.0301263
0.0301251
0.0301239
0.0301227
0.0301215
0.0301203
0.0301191
0.0301179
0.0301167
0.0301155
0.0301143
0.0301131
0.0301119
0.0301107
0.0301095
0.0301083
0.0301071
0.030106
0.0301048
0.0301036
0.0301024
0.0301012
0.0301
0.0300988
0.0300977
0.0300965
0.0300953
0.0300941
0.0300929
0.0300918
0.0300906
0.0300894
0.0300882
0.0300871
0.0300859
0.0300847
0.0300836
0.0300824
0.0300812
0.03008
0.0300789
0.0300777
0.0300766
0.0300754
0.0300742
0.0300731
0.0300719
0.0300707
0.0300696
0.0300684
0.0300673
0.0300661
0.030065
0.0300638
0.0300626
0.0300615
0.0300603
0.0300592
0.030058
0.0300569
0.0300557
0.0300546
0.0300534
0.0300523
0.0300512
0.03005
0.0300489
0.0300477
0.0300466
0.0300455
0.0300443
0.0300432
0.030042
0.0300409
0.0300398
0.0300386
0.0300375
0.0300364
0.0300352
0.0300341
0.030033
0.0300318
0.0300307
0.0300296
0.0300285
0.0300273
0.0300262
0.0300251
0.030024
0.0300228
0.0300217
0.0300206
0.0300195
0.0300184
0.0300173
0.0300161
0.030015
0.0300139
0.0300128
0.0300117
0.0300106
0.0300095
0.0300083
0.0300072
0.0300061
0.030005
0.0300039
0.0300028
0.0300017
0.0300006
0.0299995
0.0299984
0.0299973
0.0299962
0.0299951
0.029994
0.0299929
0.0299918
0.0299907
0.0299896
0.0299885
0.0299874
0.0299863
0.0299852
0.0299841
0.0299831
0.029982
0.0299809
0.0299798
0.0299787
0.0299776
0.0299765
0.0299755
0.0299744
0.0299733
0.0299722
0.0299711
0.02997
0.029969
0.0299679
0.0299668
0.0299657
0.0299647
0.0299636
0.0299625
0.0299614
0.0299604
0.0299593
0.0299582
0.0299572
0.0299561
0.029955
0.0299539
0.0299529
0.0299518
0.0299507
0.0299497
0.0299486
0.0299476
0.0299465
0.0299454
0.0299444
0.0299433
0.0299423
0.0299412
0.0299401
0.0299391
0.029938
0.029937
0.0299359
0.0299349
0.0299338
0.0299328
0.0299317
0.0299307
0.0299296
0.0299286
0.0299275
0.0299265
0.0299254
0.0299244
0.0299234
0.0299223
0.0299213
0.0299202
0.0299192
0.0299182
0.0299171
0.0299161
0.029915
0.029914
0.029913
0.0299119
0.0299109
0.0299099
0.0299088
0.0299078
0.0299068
0.0299057
0.0299047
0.0299037
0.0299027
0.0299016
0.0299006
0.0298996
0.0298986
0.0298975
0.0298965
0.0298955
0.0298945
0.0298934
0.0298924
0.0298914
0.0298904
0.0298894
0.0298884
0.0298873
0.0298863
0.0298853
0.0298843
0.0298833
0.0298823
0.0298813
0.0298802
0.0298792
0.0298782
0.0298772
0.0298762
0.0298752
0.0298742
0.0298732
0.0298722
0.0298712
0.0298702
0.0298692
0.0298682
0.0298672
0.0298662
0.0298652
0.0298642
0.0298632
0.0298622
0.0298612
0.0298602
0.0298592
0.0298582
0.0298572
0.0298562
0.0298552
0.0298542
0.0298533
0.0298523
0.0298513
0.0298503
0.0298493
0.0298483
0.0298473
0.0298463
0.0298454
0.0298444
0.0298434
0.0298424
0.0298414
0.0298405
0.0298395
0.0298385
0.0298375
0.0298365
0.0298356
0.0298346
0.0298336
0.0298326
0.0298317
0.0298307
0.0298297
0.0298287
0.0298278
0.0298268
0.0298258
0.0298249
0.0298239
0.0298229
0.029822
0.029821
0.02982
0.0298191
0.0298181
0.0298171
0.0298162
0.0298152
0.0298143
0.0298133
0.0298123
0.0298114
0.0298104
0.0298095
0.0298085
0.0298076
0.0298066
0.0298056
0.0298047
0.0298037
0.0298028
0.0298018
0.0298009
0.0297999
0.029799
0.029798
0.0297971
0.0297961
0.0297952
0.0297942
0.0297933
0.0297924
0.0297914
0.0297905
0.0297895
0.0297886
0.0297876
0.0297867
0.0297858
0.0297848
0.0297839
0.029783
0.029782
0.0297811
0.0297801
0.0297792
0.0297783
0.0297773
0.0297764
0.0297755
0.0297745
0.0297736
0.0297727
0.0297718
0.0297708
0.0297699
0.029769
0.029768
0.0297671
0.0297662
0.0297653
0.0297643
0.0297634
0.0297625
0.0297616
0.0297607
0.0297597
0.0297588
0.0297579
0.029757
0.0297561
0.0297551
0.0297542
0.0297533
0.0297524
0.0297515
0.0297506
0.0297496
0.0297487
0.0297478
0.0297469
0.029746
0.0297451
0.0297442
0.0297433
0.0297424
0.0297415
0.0297406
0.0297396
0.0297387
0.0297378
0.0297369
0.029736
0.0297351
0.0297342
0.0297333
0.0297324
0.0297315
0.0297306
0.0297297
0.0297288
0.0297279
0.029727
0.0297261
0.0297252
0.0297243
0.0297234
0.0297226
0.0297217
0.0297208
0.0297199
0.029719
0.0297181
0.0297172
0.0297163
0.0297154
0.0297145
0.0297137
0.0297128
0.0297119
0.029711
0.0297101
0.0297092
0.0297083
0.0297075
0.0297066
0.0297057
0.0297048
0.0297039
0.0297031
0.0297022
0.0297013
0.0297004
0.0296995
0.0296987
0.0296978
0.0296969
0.029696
0.0296952
0.0296943
0.0296934
0.0296925
0.0296917
0.0296908
0.0296899
0.0296891
0.0296882
0.0296873
0.0296865
0.0296856
0.0296847
0.0296839
0.029683
0.0296821
0.0296813
0.0296804
0.0296795
0.0296787
0.0296778
0.0296769
0.0296761
0.0296752
0.0296744
0.0296735
0.0296726
0.0296718
0.0296709
0.0296701
0.0296692
0.0296684
0.0296675
0.0296667
0.0296658
0.0296649
0.0296641
0.0296632
0.0296624
0.0296615
0.0296607
0.0296598
0.029659
0.0296581
0.0296573
0.0296565
0.0296556
0.0296548
0.0296539
0.0296531
0.0296522
0.0296514
0.0296505
0.0296497
0.0296489
0.029648
0.0296472
0.0296463
0.0296455
0.0296447
0.0296438
0.029643
0.0296421
0.0296413
0.0296405
0.0296396
0.0296388
0.029638
0.0296371
0.0296363
0.0296355
0.0296346
0.0296338
0.029633
0.0296321
0.0296313
0.0296305
0.0296297
0.0296288
0.029628
0.0296272
0.0296263
0.0296255
0.0296247
0.0296239
0.029623
0.0296222
0.0296214
0.0296206
0.0296198
0.0296189
0.0296181
0.0296173
0.0296165
0.0296157
0.0296148
0.029614
0.0296132
0.0296124
0.0296116
0.0296108
0.0296099
0.0296091
0.0296083
0.0296075
0.0296067
0.0296059
0.0296051
0.0296043
0.0296034
0.0296026
0.0296018
0.029601
0.0296002
0.0295994
0.0295986
0.0295978
0.029597
0.0295962
0.0295954
0.0295946
0.0295938
0.029593
0.0295922
0.0295913
0.0295905
0.0295897
0.0295889
0.0295881
0.0295873
0.0295865
0.0295857
0.029585
0.0295842
0.0295834
0.0295826
0.0295818
0.029581
0.0295802
0.0295794
0.0295786
0.0295778
0.029577
0.0295762
0.0295754
0.0295746
0.0295738
0.029573
0.0295723
0.0295715
0.0295707
0.0295699
0.0295691
0.0295683
0.0295675
0.0295667
0.029566
0.0295652
0.0295644
0.0295636
0.0295628
0.029562
0.0295613
0.0295605
0.0295597
0.0295589
0.0295581
0.0295574
0.0295566
0.0295558
0.029555
0.0295542
0.0295535
0.0295527
0.0295519
0.0295511
0.0295504
0.0295496
0.0295488
0.029548
0.0295473
0.0295465
0.0295457
0.029545
0.0295442
0.0295434
0.0295426
0.0295419
0.0295411
0.0295403
0.0295396
0.0295388
0.029538
0.0295373
0.0295365
0.0295357
0.029535
0.0295342
0.0295335
0.0295327
0.0295319
0.0295312
0.0295304
0.0295296
0.0295289
0.0295281
0.0295274
0.0295266
0.0295258
0.0295251
0.0295243
0.0295236
0.0295228
0.0295221
0.0295213
0.0295205
0.0295198
0.029519
0.0295183
0.0295175
0.0295168
0.029516
0.0295153
0.0295145
0.0295138
0.029513
0.0295123
0.0295115
0.0295108
0.02951
0.0295093
0.0295085
0.0295078
0.029507
0.0295063
0.0295055
0.0295048
0.0295041
0.0295033
0.0295026
0.0295018
0.0295011
0.0295003
0.0294996
0.0294989
0.0294981
0.0294974
0.0294966
0.0294959
0.0294952
0.0294944
0.0294937
0.029493
0.0294922
0.0294915
0.0294907
0.02949
0.0294893
0.0294885
0.0294878
0.0294871
0.0294863
0.0294856
0.0294849
0.0294841
0.0294834
0.0294827
0.029482
0.0294812
0.0294805
0.0294798
0.029479
0.0294783
0.0294776
0.0294769
0.0294761
0.0294754
0.0294747
0.029474
0.0294732
0.0294725
0.0294718
0.0294711
0.0294703
0.0294696
0.0294689
0.0294682
0.0294675
0.0294667
0.029466
0.0294653
0.0294646
0.0294639
0.0294631
0.0294624
0.0294617
0.029461
0.0294603
0.0294596
0.0294588
0.0294581
0.0294574
0.0294567
0.029456
0.0294553
0.0294546
0.0294538
0.0294531
0.0294524
0.0294517
0.029451
0.0294503
0.0294496
0.0294489
0.0294482
0.0294475
0.0294467
0.029446
0.0294453
0.0294446
0.0294439
0.0294432
0.0294425
0.0294418
0.0294411
0.0294404
0.0294397
0.029439
0.0294383
0.0294376
0.0294369
0.0294362
0.0294355
0.0294348
0.0294341
0.0294334
0.0294327
0.029432
0.0294313
0.0294306
0.0294299
0.0294292
0.0294285
0.0294278
0.0294271
0.0294264
0.0294257
0.029425
0.0294243
0.0294236
0.029423
0.0294223
0.0294216
0.0294209
0.0294202
0.0294195
0.0294188
0.0294181
0.0294174
0.0294167
0.0294161
0.0294154
0.0294147
0.029414
0.0294133
0.0294126
0.0294119
0.0294112
0.0294106
0.0294099
0.0294092
0.0294085
0.0294078
0.0294071
0.0294065
0.0294058
0.0294051
0.0294044
0.0294037
0.0294031
0.0294024
0.0294017
0.029401
0.0294003
0.0293997
0.029399
0.0293983
0.0293976
0.029397
0.0293963
0.0293956
0.0293949
0.0293942
0.0293936
0.0293929
0.0293922
0.0293916
0.0293909
0.0293902
0.0293895
0.0293889
0.0293882
0.0293875
0.0293869
0.0293862
0.0293855
0.0293848
0.0293842
0.0293835
0.0293828
0.0293822
0.0293815
0.0293808
0.0293802
0.0293795
0.0293788
0.0293782
0.0293775
0.0293768
0.0293762
0.0293755
0.0293749
0.0293742
0.0293735
0.0293729
0.0293722
0.0293716
0.0293709
0.0293702
0.0293696
0.0293689
0.0293683
0.0293676
0.0293669
0.0293663
0.0293656
0.029365
0.0293643
0.0293637
0.029363
0.0293623
0.0293617
0.029361
0.0293604
0.0293597
0.0293591
0.0293584
0.0293578
0.0293571
0.0293565
0.0293558
0.0293552
0.0293545
0.0293539
0.0293532
0.0293526
0.0293519
0.0293513
0.0293506
0.02935
0.0293493
0.0293487
0.029348
0.0293474
0.0293467
0.0293461
0.0293454
0.0293448
0.0293441
0.0293435
0.0293429
0.0293422
0.0293416
0.0293409
0.0293403
0.0293396
0.029339
0.0293384
0.0293377
0.0293371
0.0293364
0.0293358
0.0293352
0.0293345
0.0293339
0.0293333
0.0293326
0.029332
0.0293313
0.0293307
0.0293301
0.0293294
0.0293288
0.0293282
0.0293275
0.0293269
0.0293263
0.0293256
0.029325
0.0293244
0.0293237
0.0293231
0.0293225
0.0293218
0.0293212
0.0293206
0.0293199
0.0293193
0.0293187
0.0293181
0.0293174
0.0293168
0.0293162
0.0293155
0.0293149
0.0293143
0.0293137
0.029313
0.0293124
0.0293118
0.0293112
0.0293105
0.0293099
0.0293093
0.0293087
0.029308
0.0293074
0.0293068
0.0293062
0.0293056
0.0293049
0.0293043
0.0293037
0.0293031
0.0293025
0.0293018
0.0293012
0.0293006
0.0293
0.0292994
0.0292987
0.0292981
0.0292975
0.0292969
0.0292963
0.0292957
0.029295
0.0292944
0.0292938
0.0292932
0.0292926
0.029292
0.0292914
0.0292907
0.0292901
0.0292895
0.0292889
0.0292883
0.0292877
0.0292871
0.0292865
0.0292859
0.0292852
0.0292846
0.029284
0.0292834
0.0292828
0.0292822
0.0292816
0.029281
0.0292804
0.0292798
0.0292792
0.0292786
0.029278
0.0292774
0.0292767
0.0292761
0.0292755
0.0292749
0.0292743
0.0292737
0.0292731
0.0292725
0.0292719
0.0292713
0.0292707
0.0292701
0.0292695
0.0292689
0.0292683
0.0292677
0.0292671
0.0292665
0.0292659
0.0292653
0.0292647
0.0292641
0.0292635
0.0292629
0.0292623
0.0292617
0.0292611
0.0292605
0.02926
0.0292594
0.0292588
0.0292582
0.0292576
0.029257
0.0292564
0.0292558
0.0292552
0.0292546
0.029254
0.0292534
0.0292528
0.0292522
0.0292517
0.0292511
0.0292505
0.0292499
0.0292493
0.0292487
0.0292481
0.0292475
0.0292469
0.0292464
0.0292458
0.0292452
0.0292446
0.029244
0.0292434
0.0292428
0.0292423
0.0292417
0.0292411
0.0292405
0.0292399
0.0292393
0.0292387
0.0292382
0.0292376
0.029237
0.0292364
0.0292358
0.0292353
0.0292347
0.0292341
0.0292335
0.0292329
0.0292324
0.0292318
0.0292312
0.0292306
0.02923
0.0292295
0.0292289
0.0292283
0.0292277
0.0292272
0.0292266
0.029226
0.0292254
0.0292249
0.0292243
0.0292237
0.0292231
0.0292226
0.029222
0.0292214
0.0292208
0.0292203
0.0292197
0.0292191
0.0292185
0.029218
0.0292174
0.0292168
0.0292163
0.0292157
0.0292151
0.0292145
0.029214
0.0292134
0.0292128
0.0292123
0.0292117
0.0292111
0.0292106
0.02921
0.0292094
0.0292089
0.0292083
0.0292077
0.0292072
0.0292066
0.029206
0.0292055
0.0292049
0.0292043
0.0292038
0.0292032
0.0292027
0.0292021
0.0292015
0.029201
0.0292004
0.0291998
0.0291993
0.0291987
0.0291982
0.0291976
0.029197
0.0291965
0.0291959
0.0291954
0.0291948
0.0291943
0.0291937
0.0291931
0.0291926
0.029192
0.0291915
0.0291909
0.0291904
0.0291898
0.0291892
0.0291887
0.0291881
0.0291876
0.029187
0.0291865
0.0291859
0.0291854
0.0291848
0.0291843
0.0291837
0.0291831
0.0291826
0.029182
0.0291815
0.0291809
0.0291804
0.0291798
0.0291793
0.0291787
0.0291782
0.0291776
0.0291771
0.0291765
0.029176
0.0291754
0.0291749
0.0291744
0.0291738
0.0291733
0.0291727
0.0291722
0.0291716
0.0291711
0.0291705
0.02917
0.0291694
0.0291689
0.0291683
0.0291678
0.0291673
0.0291667
0.0291662
0.0291656
0.0291651
0.0291645
0.029164
0.0291635
0.0291629
0.0291624
0.0291618
0.0291613
0.0291608
0.0291602
0.0291597
0.0291591
0.0291586
0.0291581
0.0291575
0.029157
0.0291564
0.0291559
0.0291554
0.0291548
0.0291543
0.0291538
0.0291532
0.0291527
0.0291522
0.0291516
0.0291511
0.0291505
0.02915
0.0291495
0.0291489
0.0291484
0.0291479
0.0291473
0.0291468
0.0291463
0.0291457
0.0291452
0.0291447
0.0291442
0.0291436
0.0291431
0.0291426
0.029142
0.0291415
0.029141
0.0291404
0.0291399
0.0291394
0.0291389
0.0291383
0.0291378
0.0291373
0.0291367
0.0291362
0.0291357
0.0291352
0.0291346
0.0291341
0.0291336
0.0291331
0.0291325
0.029132
0.0291315
0.029131
0.0291304
0.0291299
0.0291294
0.0291289
0.0291283
0.0291278
0.0291273
0.0291268
0.0291263
0.0291257
0.0291252
0.0291247
0.0291242
0.0291236
0.0291231
0.0291226
0.0291221
0.0291216
0.029121
0.0291205
0.02912
0.0291195
0.029119
0.0291185
0.0291179
0.0291174
0.0291169
0.0291164
0.0291159
0.0291154
0.0291148
0.0291143
0.0291138
0.0291133
0.0291128
0.0291123
0.0291118
0.0291112
0.0291107
0.0291102
0.0291097
0.0291092
0.0291087
0.0291082
0.0291076
0.0291071
0.0291066
0.0291061
0.0291056
0.0291051
0.0291046
0.0291041
0.0291036
0.029103
0.0291025
0.029102
0.0291015
0.029101
0.0291005
0.0291
0.0290995
0.029099
0.0290985
0.029098
0.0290975
0.029097
0.0290964
0.0290959
0.0290954
0.0290949
0.0290944
0.0290939
0.0290934
0.0290929
0.0290924
0.0290919
0.0290914
0.0290909
0.0290904
0.0290899
0.0290894
0.0290889
0.0290884
0.0290879
0.0290874
0.0290869
0.0290864
0.0290859
0.0290854
0.0290849
0.0290844
0.0290839
0.0290834
0.0290829
0.0290824
0.0290819
0.0290814
0.0290809
0.0290804
0.0290799
0.0290794
0.0290789
0.0290784
0.0290779
0.0290774
0.0290769
0.0290764
0.0290759
0.0290754
0.0290749
0.0290744
0.0290739
0.0290734
0.0290729
0.0290724
0.0290719
0.0290715
0.029071
0.0290705
0.02907
0.0290695
0.029069
0.0290685
0.029068
0.0290675
0.029067
0.0290665
0.029066
0.0290656
0.0290651
0.0290646
0.0290641
0.0290636
0.0290631
0.0290626
0.0290621
0.0290616
0.0290611
0.0290607
0.0290602
0.0290597
0.0290592
0.0290587
0.0290582
0.0290577
0.0290573
0.0290568
0.0290563
0.0290558
0.0290553
0.0290548
0.0290543
0.0290539
0.0290534
0.0290529
0.0290524
0.0290519
0.0290514
0.0290509
0.0290505
0.02905
0.0290495
0.029049
0.0290485
0.0290481
0.0290476
0.0290471
0.0290466
0.0290461
0.0290456
0.0290452
0.0290447
0.0290442
0.0290437
0.0290433
0.0290428
0.0290423
0.0290418
0.0290413
0.0290409
0.0290404
0.0290399
0.0290394
0.0290389
0.0290385
0.029038
0.0290375
0.029037
0.0290366
0.0290361
0.0290356
0.0290351
0.0290347
0.0290342
0.0290337
0.0290332
0.0290328
0.0290323
0.0290318
0.0290313
0.0290309
0.0290304
0.0290299
0.0290295
0.029029
0.0290285
0.029028
0.0290276
0.0290271
0.0290266
0.0290261
0.0290257
0.0290252
0.0290247
0.0290243
0.0290238
0.0290233
0.0290229
0.0290224
0.0290219
0.0290215
0.029021
0.0290205
0.02902
0.0290196
0.0290191
0.0290186
0.0290182
0.0290177
0.0290172
0.0290168
0.0290163
0.0290158
0.0290154
0.0290149
0.0290145
0.029014
0.0290135
0.0290131
0.0290126
0.0290121
0.0290117
0.0290112
0.0290107
0.0290103
0.0290098
0.0290093
0.0290089
0.0290084
0.029008
0.0290075
0.029007
0.0290066
0.0290061
0.0290057
0.0290052
0.0290047
0.0290043
0.0290038
0.0290034
0.0290029
0.0290024
0.029002
0.0290015
0.0290011
0.0290006
0.0290001
0.0289997
0.0289992
0.0289988
0.0289983
0.0289979
0.0289974
0.0289969
0.0289965
0.028996
0.0289956
0.0289951
0.0289947
0.0289942
0.0289937
0.0289933
0.0289928
0.0289924
0.0289919
0.0289915
0.028991
0.0289906
0.0289901
0.0289897
0.0289892
0.0289888
0.0289883
0.0289879
0.0289874
0.0289869
0.0289865
0.028986
0.0289856
0.0289851
0.0289847
0.0289842
0.0289838
0.0289833
0.0289829
0.0289824
0.028982
0.0289815
0.0289811
0.0289806
0.0289802
0.0289797
0.0289793
0.0289788
0.0289784
0.028978
0.0289775
0.0289771
0.0289766
0.0289762
0.0289757
0.0289753
0.0289748
0.0289744
0.0289739
0.0289735
0.028973
0.0289726
0.0289722
0.0289717
0.0289713
0.0289708
0.0289704
0.0289699
0.0289695
0.028969
0.0289686
0.0289682
0.0289677
0.0289673
0.0289668
0.0289664
0.0289659
0.0289655
0.0289651
0.0289646
0.0289642
0.0289637
0.0289633
0.0289629
0.0289624
0.028962
0.0289615
0.0289611
0.0289607
0.0289602
0.0289598
0.0289593
0.0289589
0.0289585
0.028958
0.0289576
0.0289572
0.0289567
0.0289563
0.0289558
0.0289554
0.028955
0.0289545
0.0289541
0.0289537
0.0289532
0.0289528
0.0289524
0.0289519
0.0289515
0.028951
0.0289506
0.0289502
0.0289497
0.0289493
0.0289489
0.0289484
0.028948
0.0289476
0.0289471
0.0289467
0.0289463
0.0289458
0.0289454
0.028945
0.0289445
0.0289441
0.0289437
0.0289433
0.0289428
0.0289424
0.028942
0.0289415
0.0289411
0.0289407
0.0289402
0.0289398
0.0289394
0.028939
0.0289385
0.0289381
0.0289377
0.0289372
0.0289368
0.0289364
0.028936
0.0289355
0.0289351
0.0289347
0.0289342
0.0289338
0.0289334
0.028933
0.0289325
0.0289321
0.0289317
0.0289313
0.0289308
0.0289304
0.02893
0.0289296
0.0289291
0.0289287
0.0289283
0.0289279
0.0289274
0.028927
0.0289266
0.0289262
0.0289257
0.0289253
0.0289249
0.0289245
0.028924
0.0289236
0.0289232
0.0289228
0.0289224
0.0289219
0.0289215
0.0289211
0.0289207
0.0289203
0.0289198
0.0289194
0.028919
0.0289186
0.0289182
0.0289177
0.0289173
0.0289169
0.0289165
0.0289161
0.0289156
0.0289152
0.0289148
0.0289144
0.028914
0.0289136
0.0289131
0.0289127
0.0289123
0.0289119
0.0289115
0.028911
0.0289106
0.0289102
0.0289098
0.0289094
0.028909
0.0289086
0.0289081
0.0289077
0.0289073
0.0289069
0.0289065
0.0289061
0.0289057
0.0289052
0.0289048
0.0289044
0.028904
0.0289036
0.0289032
0.0289028
0.0289023
0.0289019
0.0289015
0.0289011
0.0289007
0.0289003
0.0288999
0.0288995
0.0288991
0.0288986
0.0288982
0.0288978
0.0288974
0.028897
0.0288966
0.0288962
0.0288958
0.0288954
0.028895
0.0288945
0.0288941
0.0288937
0.0288933
0.0288929
0.0288925
0.0288921
0.0288917
0.0288913
0.0288909
0.0288905
0.0288901
0.0288896
0.0288892
0.0288888
0.0288884
0.028888
0.0288876
0.0288872
0.0288868
0.0288864
0.028886
0.0288856
0.0288852
0.0288848
0.0288844
0.028884
0.0288836
0.0288832
0.0288828
0.0288824
0.028882
0.0288815
0.0288811
0.0288807
0.0288803
0.0288799
0.0288795
0.0288791
0.0288787
0.0288783
0.0288779
0.0288775
0.0288771
0.0288767
0.0288763
0.0288759
0.0288755
0.0288751
0.0288747
0.0288743
0.0288739
0.0288735
0.0288731
0.0288727
0.0288723
0.0288719
0.0288715
0.0288711
0.0288707
0.0288703
0.0288699
0.0288695
0.0288691
0.0288687
0.0288683
0.0288679
0.0288675
0.0288672
0.0288668
0.0288664
0.028866
0.0288656
0.0288652
0.0288648
0.0288644
0.028864
0.0288636
0.0288632
0.0288628
0.0288624
0.028862
0.0288616
0.0288612
0.0288608
0.0288604
0.02886
0.0288596
0.0288592
0.0288589
0.0288585
0.0288581
0.0288577
0.0288573
0.0288569
0.0288565
0.0288561
0.0288557
0.0288553
0.0288549
0.0288545
0.0288541
0.0288538
0.0288534
0.028853
0.0288526
0.0288522
0.0288518
0.0288514
0.028851
0.0288506
0.0288502
0.0288499
0.0288495
0.0288491
0.0288487
0.0288483
0.0288479
0.0288475
0.0288471
0.0288467
0.0288464
0.028846
0.0288456
0.0288452
0.0288448
0.0288444
0.028844
0.0288437
0.0288433
0.0288429
0.0288425
0.0288421
0.0288417
0.0288413
0.0288409
0.0288406
0.0288402
0.0288398
0.0288394
0.028839
0.0288386
0.0288383
0.0288379
0.0288375
0.0288371
0.0288367
0.0288363
0.028836
0.0288356
0.0288352
0.0288348
0.0288344
0.028834
0.0288337
0.0288333
0.0288329
0.0288325
0.0288321
0.0288317
0.0288314
0.028831
0.0288306
0.0288302
0.0288298
0.0288295
0.0288291
0.0288287
0.0288283
0.0288279
0.0288276
0.0288272
0.0288268
0.0288264
0.028826
0.0288257
0.0288253
0.0288249
0.0288245
0.0288242
0.0288238
0.0288234
0.028823
0.0288226
0.0288223
0.0288219
0.0288215
0.0288211
0.0288208
0.0288204
0.02882
0.0288196
0.0288192
0.0288189
0.0288185
0.0288181
0.0288177
0.0288174
0.028817
0.0288166
0.0288162
0.0288159
0.0288155
0.0288151
0.0288147
0.0288144
0.028814
0.0288136
0.0288133
0.0288129
0.0288125
0.0288121
0.0288118
0.0288114
0.028811
0.0288106
0.0288103
0.0288099
0.0288095
0.0288092
0.0288088
0.0288084
0.028808
0.0288077
0.0288073
0.0288069
0.0288066
0.0288062
0.0288058
0.0288054
0.0288051
0.0288047
0.0288043
0.028804
0.0288036
0.0288032
0.0288029
0.0288025
0.0288021
0.0288017
0.0288014
0.028801
0.0288006
0.0288003
0.0287999
0.0287995
0.0287992
0.0287988
0.0287984
0.0287981
0.0287977
0.0287973
0.028797
0.0287966
0.0287962
0.0287959
0.0287955
0.0287951
0.0287948
0.0287944
0.028794
0.0287937
0.0287933
0.0287929
0.0287926
0.0287922
0.0287918
0.0287915
0.0287911
0.0287908
0.0287904
0.02879
0.0287897
0.0287893
0.0287889
0.0287886
0.0287882
0.0287878
0.0287875
0.0287871
0.0287868
0.0287864
0.028786
0.0287857
0.0287853
0.0287849
0.0287846
0.0287842
0.0287839
0.0287835
0.0287831
0.0287828
0.0287824
0.0287821
0.0287817
0.0287813
0.028781
0.0287806
0.0287803
0.0287799
0.0287795
0.0287792
0.0287788
0.0287785
0.0287781
0.0287777
0.0287774
0.028777
0.0287767
0.0287763
0.0287759
0.0287756
0.0287752
0.0287749
0.0287745
0.0287742
0.0287738
0.0287734
0.0287731
0.0287727
0.0287724
0.028772
0.0287717
0.0287713
0.0287709
0.0287706
0.0287702
0.0287699
0.0287695
0.0287692
0.0287688
0.0287685
0.0287681
0.0287678
0.0287674
0.028767
0.0287667
0.0287663
0.028766
0.0287656
0.0287653
0.0287649
0.0287646
0.0287642
0.0287639
0.0287635
0.0287632
0.0287628
0.0287624
0.0287621
0.0287617
0.0287614
0.028761
0.0287607
0.0287603
0.02876
0.0287596
0.0287593
0.0287589
0.0287586
0.0287582
0.0287579
0.0287575
0.0287572
0.0287568
0.0287565
0.0287561
0.0287558
0.0287554
0.0287551
0.0287547
0.0287544
0.028754
0.0287537
0.0287533
0.028753
0.0287526
0.0287523
0.0287519
0.0287516
0.0287512
0.0287509
0.0287505
0.0287502
0.0287498
0.0287495
0.0287492
0.0287488
0.0287485
0.0287481
0.0287478
0.0287474
0.0287471
0.0287467
0.0287464
0.028746
0.0287457
0.0287453
0.028745
0.0287447
0.0287443
0.028744
0.0287436
0.0287433
0.0287429
0.0287426
0.0287422
0.0287419
0.0287415
0.0287412
0.0287409
0.0287405
0.0287402
0.0287398
0.0287395
0.0287391
0.0287388
0.0287385
0.0287381
0.0287378
0.0287374
0.0287371
0.0287367
0.0287364
0.0287361
0.0287357
0.0287354
0.028735
0.0287347
0.0287344
0.028734
0.0287337
0.0287333
0.028733
0.0287326
0.0287323
0.028732
0.0287316
0.0287313
0.0287309
0.0287306
0.0287303
0.0287299
0.0287296
0.0287292
0.0287289
0.0287286
0.0287282
0.0287279
0.0287276
0.0287272
0.0287269
0.0287265
0.0287262
0.0287259
0.0287255
0.0287252
0.0287248
0.0287245
0.0287242
0.0287238
0.0287235
0.0287232
0.0287228
0.0287225
0.0287222
0.0287218
0.0287215
0.0287211
0.0287208
0.0287205
0.0287201
0.0287198
0.0287195
0.0287191
0.0287188
0.0287185
0.0287181
0.0287178
0.0287175
0.0287171
0.0287168
0.0287165
0.0287161
0.0287158
0.0287155
0.0287151
0.0287148
0.0287145
0.0287141
0.0287138
0.0287135
0.0287131
0.0287128
0.0287125
0.0287121
0.0287118
0.0287115
0.0287111
0.0287108
0.0287105
0.0287101
0.0287098
0.0287095
0.0287091
0.0287088
0.0287085
0.0287081
0.0287078
0.0287075
0.0287071
0.0287068
0.0287065
0.0287062
0.0287058
0.0287055
0.0287052
0.0287048
0.0287045
0.0287042
0.0287038
0.0287035
0.0287032
0.0287029
0.0287025
0.0287022
0.0287019
0.0287015
0.0287012
0.0287009
0.0287006
0.0287002
0.0286999
0.0286996
0.0286993
0.0286989
0.0286986
0.0286983
0.0286979
0.0286976
0.0286973
0.028697
0.0286966
0.0286963
0.028696
0.0286957
0.0286953
0.028695
0.0286947
0.0286944
0.028694
0.0286937
0.0286934
0.0286931
0.0286927
0.0286924
0.0286921
0.0286918
0.0286914
0.0286911
0.0286908
0.0286905
0.0286901
0.0286898
0.0286895
0.0286892
0.0286888
0.0286885
0.0286882
0.0286879
0.0286875
0.0286872
0.0286869
0.0286866
0.0286863
0.0286859
0.0286856
0.0286853
0.028685
0.0286846
0.0286843
0.028684
0.0286837
0.0286834
0.028683
0.0286827
0.0286824
0.0286821
0.0286817
0.0286814
0.0286811
0.0286808
0.0286805
0.0286801
0.0286798
0.0286795
0.0286792
0.0286789
0.0286785
0.0286782
0.0286779
0.0286776
0.0286773
0.028677
0.0286766
0.0286763
0.028676
0.0286757
0.0286754
0.028675
0.0286747
0.0286744
0.0286741
0.0286738
0.0286735
0.0286731
0.0286728
0.0286725
0.0286722
0.0286719
0.0286715
0.0286712
0.0286709
0.0286706
0.0286703
0.02867
0.0286696
0.0286693
0.028669
0.0286687
0.0286684
0.0286681
0.0286678
0.0286674
0.0286671
0.0286668
0.0286665
0.0286662
0.0286659
0.0286655
0.0286652
0.0286649
0.0286646
0.0286643
0.028664
0.0286637
0.0286633
0.028663
0.0286627
0.0286624
0.0286621
0.0286618
0.0286615
0.0286612
0.0286608
0.0286605
0.0286602
0.0286599
0.0286596
0.0286593
0.028659
0.0286587
0.0286583
0.028658
0.0286577
0.0286574
0.0286571
0.0286568
0.0286565
0.0286562
0.0286559
0.0286555
0.0286552
0.0286549
0.0286546
0.0286543
0.028654
0.0286537
0.0286534
0.0286531
0.0286527
0.0286524
0.0286521
0.0286518
0.0286515
0.0286512
0.0286509
0.0286506
0.0286503
0.02865
0.0286497
0.0286493
0.028649
0.0286487
0.0286484
0.0286481
0.0286478
0.0286475
0.0286472
0.0286469
0.0286466
0.0286463
0.028646
0.0286457
0.0286453
0.028645
0.0286447
0.0286444
0.0286441
0.0286438
0.0286435
0.0286432
0.0286429
0.0286426
0.0286423
0.028642
0.0286417
0.0286414
0.0286411
0.0286408
0.0286404
0.0286401
0.0286398
0.0286395
0.0286392
0.0286389
0.0286386
0.0286383
0.028638
0.0286377
0.0286374
0.0286371
0.0286368
0.0286365
0.0286362
0.0286359
0.0286356
0.0286353
0.028635
0.0286347
0.0286344
0.0286341
0.0286338
0.0286335
0.0286332
0.0286328
0.0286325
0.0286322
0.0286319
0.0286316
0.0286313
0.028631
0.0286307
0.0286304
0.0286301
0.0286298
0.0286295
0.0286292
0.0286289
0.0286286
0.0286283
0.028628
0.0286277
0.0286274
0.0286271
0.0286268
0.0286265
0.0286262
0.0286259
0.0286256
0.0286253
0.028625
0.0286247
0.0286244
0.0286241
0.0286238
0.0286235
0.0286232
0.0286229
0.0286226
0.0286223
0.028622
0.0286217
0.0286214
0.0286211
0.0286208
0.0286205
0.0286202
0.0286199
0.0286196
0.0286193
0.0286191
0.0286188
0.0286185
0.0286182
0.0286179
0.0286176
0.0286173
0.028617
0.0286167
0.0286164
0.0286161
0.0286158
0.0286155
0.0286152
0.0286149
0.0286146
0.0286143
0.028614
0.0286137
0.0286134
0.0286131
0.0286128
0.0286125
0.0286122
0.0286119
0.0286116
0.0286114
0.0286111
0.0286108
0.0286105
0.0286102
0.0286099
0.0286096
0.0286093
0.028609
0.0286087
0.0286084
0.0286081
0.0286078
0.0286075
0.0286072
0.0286069
0.0286067
0.0286064
0.0286061
0.0286058
0.0286055
0.0286052
0.0286049
0.0286046
0.0286043
0.028604
0.0286037
0.0286034
0.0286031
0.0286029
0.0286026
0.0286023
0.028602
0.0286017
0.0286014
0.0286011
0.0286008
0.0286005
0.0286002
0.0285999
0.0285997
0.0285994
0.0285991
0.0285988
0.0285985
0.0285982
0.0285979
0.0285976
0.0285973
0.028597
0.0285968
0.0285965
0.0285962
0.0285959
0.0285956
0.0285953
0.028595
0.0285947
0.0285944
0.0285942
0.0285939
0.0285936
0.0285933
0.028593
0.0285927
0.0285924
0.0285921
0.0285918
0.0285916
0.0285913
0.028591
0.0285907
0.0285904
0.0285901
0.0285898
0.0285896
0.0285893
0.028589
0.0285887
0.0285884
0.0285881
0.0285878
0.0285875
0.0285873
0.028587
0.0285867
0.0285864
0.0285861
0.0285858
0.0285855
0.0285853
0.028585
0.0285847
0.0285844
0.0285841
0.0285838
0.0285835
0.0285833
0.028583
0.0285827
0.0285824
0.0285821
0.0285818
0.0285816
0.0285813
0.028581
0.0285807
0.0285804
0.0285801
0.0285799
0.0285796
0.0285793
0.028579
0.0285787
0.0285784
0.0285782
0.0285779
0.0285776
0.0285773
0.028577
0.0285767
0.0285765
0.0285762
0.0285759
0.0285756
0.0285753
0.0285751
0.0285748
0.0285745
0.0285742
0.0285739
0.0285736
0.0285734
0.0285731
0.0285728
0.0285725
0.0285722
0.028572
0.0285717
0.0285714
0.0285711
0.0285708
0.0285706
0.0285703
0.02857
0.0285697
0.0285694
0.0285692
0.0285689
0.0285686
0.0285683
0.028568
0.0285678
0.0285675
0.0285672
0.0285669
0.0285666
0.0285664
0.0285661
0.0285658
0.0285655
0.0285652
0.028565
0.0285647
0.0285644
0.0285641
0.0285639
0.0285636
0.0285633
0.028563
0.0285627
0.0285625
0.0285622
0.0285619
0.0285616
0.0285614
0.0285611
0.0285608
0.0285605
0.0285603
0.02856
0.0285597
