0.5
0.495025
0.490099
0.485223
0.480395
0.475615
0.470882
0.466197
0.461558
0.456966
0.452419
0.447917
0.44346
0.439048
0.434679
0.430354
0.426072
0.421832
0.417635
0.41348
0.409365
0.405292
0.401259
0.397267
0.393314
0.3894
0.385526
0.38169
0.377892
0.374132
0.370409
0.366723
0.363075
0.359462
0.355885
0.352344
0.348838
0.345367
0.341931
0.338528
0.33516
0.331825
0.328523
0.325255
0.322018
0.318814
0.315642
0.312501
0.309392
0.306313
0.303265
0.300248
0.29726
0.294302
0.291374
0.288475
0.285605
0.282763
0.279949
0.277164
0.274406
0.271675
0.268972
0.266296
0.263646
0.261023
0.258426
0.255854
0.253309
0.250788
0.248293
0.245822
0.243376
0.240955
0.238557
0.236184
0.233834
0.231507
0.229204
0.226923
0.224665
0.22243
0.220217
0.218026
0.215857
0.213709
0.211583
0.209478
0.207394
0.20533
0.203288
0.201265
0.199263
0.197281
0.195318
0.193375
0.191452
0.189548
0.187662
0.185796
0.183948
0.182119
0.180308
0.178516
0.176741
0.174984
0.173245
0.171523
0.169818
0.168131
0.166461
0.164807
0.163171
0.161551
0.159947
0.15836
0.156789
0.155234
0.153695
0.152172
0.150664
0.149172
0.147696
0.146234
0.144789
0.143358
0.141942
0.140541
0.139156
0.137785
0.136428
0.135087
0.13376
0.132447
0.131149
0.129866
0.128596
0.127341
0.126101
0.124874
0.123662
0.122464
0.12128
0.12011
0.118955
0.117813
0.116686
0.115573
0.114474
0.113389
0.112318
0.111261
0.110219
0.109191
0.108177
0.107178
0.106193
0.105222
0.104266
0.103324
0.102397
0.101484
0.100586
0.0997023
0.0988336
0.0979796
0.0971403
0.096316
0.0955064
0.0947118
0.0939321
0.0931674
0.0924176
0.0916828
0.0909631
0.0902583
0.0895685
0.0888937
0.0882338
0.0875889
0.0869589
0.0863437
0.0857433
0.0851576
0.0845865
0.08403
0.083488
0.0829603
0.0824468
0.0819474
0.081462
0.0809904
0.0805324
0.0800879
0.0796568
0.0792388
0.0788337
0.0784413
0.0780615
0.077694
0.0773385
0.076995
0.076663
0.0763425
0.0760331
0.0757347
0.0754468
0.0751695
0.0749022
0.0746449
0.0743972
0.074159
0.0739299
0.0737096
0.0734981
0.0732949
0.0730998
0.0729127
0.0727332
0.0725611
0.0723962
0.0722382
0.072087
0.0719422
0.0718037
0.0716713
0.0715447
0.0714237
0.0713081
0.0711977
0.0710924
0.0709919
0.0708961
0.0708048
0.0707177
0.0706348
0.0705559
0.0704808
0.0704093
0.0703414
0.0702768
0.0702155
0.0701572
0.0701019
0.0700494
0.0699997
0.0699525
0.0699079
0.0698656
0.0698255
0.0697877
0.0697519
0.0697181
0.0696862
0.069656
0.0696276
0.0696009
0.0695757
0.0695519
0.0695296
0.0695087
0.069489
0.0694705
0.0694532
0.069437
0.0694219
0.0694077
0.0693945
0.0693822
0.0693707
0.0693601
0.0693502
0.069341
0.0693325
0.0693246
0.0693173
0.0693107
0.0693045
0.0692989
0.0692937
0.069289
0.0692847
0.0692808
0.0692773
0.0692742
0.0692713
0.0692688
0.0692665
0.0692646
0.0692628
0.0692613
0.06926
0.0692589
0.0692579
0.0692572
0.0692566
0.0692561
0.0692557
0.0692554
0.0692553
0.0692552
0.0692552
0.0692553
0.0692554
0.0692556
0.0692558
0.069256
0.0692563
0.0692566
0.0692569
0.0692571
0.0692574
0.0692577
0.0692579
0.0692582
0.0692584
0.0692585
0.0692587
0.0692588
0.0692588
0.0692588
0.0692588
0.0692586
0.0692585
0.0692582
0.0692579
0.0692575
0.0692571
0.0692566
0.069256
0.0692553
0.0692545
0.0692537
0.0692527
0.0692517
0.0692506
0.0692494
0.0692481
0.0692468
0.0692453
0.0692437
0.0692421
0.0692403
0.0692385
0.0692365
0.0692345
0.0692323
0.0692301
0.0692277
0.0692253
0.0692227
0.0692201
0.0692173
0.0692144
0.0692115
0.0692084
0.0692053
0.069202
0.0691986
0.0691952
0.0691916
0.0691879
0.0691841
0.0691802
0.0691762
0.0691722
0.069168
0.0691637
0.0691593
0.0691548
0.0691502
0.0691455
0.0691407
0.0691358
0.0691308
0.0691257
0.0691205
0.0691152
0.0691098
0.0691043
0.0690988
0.0690931
0.0690873
0.0690814
0.0690754
0.0690694
0.0690632
0.069057
0.0690506
0.0690442
0.0690376
0.069031
0.0690243
0.0690175
0.0690106
0.0690036
0.0689965
0.0689893
0.0689821
0.0689747
0.0689673
0.0689597
0.0689521
0.0689444
0.0689366
0.0689288
0.0689208
0.0689128
0.0689047
0.0688965
0.0688882
0.0688798
0.0688714
0.0688628
0.0688542
0.0688455
0.0688367
0.0688279
0.068819
0.06881
0.0688009
0.0687917
0.0687825
0.0687732
0.0687638
0.0687543
0.0687448
0.0687352
0.0687255
0.0687157
0.0687059
0.068696
0.068686
0.068676
0.0686658
0.0686557
0.0686454
0.0686351
0.0686247
0.0686142
0.0686037
0.0685931
0.0685824
0.0685717
0.0685609
0.0685501
0.0685391
0.0685281
0.0685171
0.068506
0.0684948
0.0684836
0.0684723
0.0684609
0.0684495
0.068438
0.0684264
0.0684148
0.0684032
0.0683914
0.0683797
0.0683678
0.0683559
0.068344
0.0683319
0.0683199
0.0683078
0.0682956
0.0682833
0.068271
0.0682587
0.0682463
0.0682338
0.0682213
0.0682088
0.0681962
0.0681835
0.0681708
0.068158
0.0681452
0.0681323
0.0681194
0.0681064
0.0680934
0.0680803
0.0680672
0.068054
0.0680408
0.0680275
0.0680142
0.0680009
0.0679875
0.067974
0.0679605
0.067947
0.0679334
0.0679197
0.0679061
0.0678923
0.0678786
0.0678647
0.0678509
0.067837
0.067823
0.067809
0.067795
0.0677809
0.0677668
0.0677527
0.0677385
0.0677242
0.06771
0.0676956
0.0676813
0.0676669
0.0676525
0.067638
0.0676235
0.0676089
0.0675943
0.0675797
0.067565
0.0675503
0.0675356
0.0675208
0.067506
0.0674911
0.0674762
0.0674613
0.0674463
0.0674313
0.0674163
0.0674013
0.0673862
0.067371
0.0673558
0.0673406
0.0673254
0.0673101
0.0672948
0.0672795
0.0672641
0.0672487
0.0672333
0.0672178
0.0672023
0.0671868
0.0671712
0.0671557
0.06714
0.0671244
0.0671087
0.067093
0.0670772
0.0670615
0.0670457
0.0670298
0.067014
0.0669981
0.0669822
0.0669662
0.0669503
0.0669342
0.0669182
0.0669022
0.0668861
0.06687
0.0668538
0.0668377
0.0668215
0.0668052
0.066789
0.0667727
0.0667564
0.0667401
0.0667238
0.0667074
0.066691
0.0666746
0.0666581
0.0666416
0.0666251
0.0666086
0.0665921
0.0665755
0.0665589
0.0665423
0.0665256
0.066509
0.0664923
0.0664756
0.0664588
0.0664421
0.0664253
0.0664085
0.0663917
0.0663748
0.066358
0.0663411
0.0663242
0.0663073
0.0662903
0.0662733
0.0662563
0.0662393
0.0662223
0.0662052
0.0661882
0.0661711
0.066154
0.0661368
0.0661197
0.0661025
0.0660853
0.0660681
0.0660509
0.0660336
0.0660163
0.065999
0.0659817
0.0659644
0.0659471
0.0659297
0.0659123
0.0658949
0.0658775
0.0658601
0.0658426
0.0658252
0.0658077
0.0657902
0.0657727
0.0657551
0.0657376
0.06572
0.0657024
0.0656848
0.0656672
0.0656496
0.0656319
0.0656143
0.0655966
0.0655789
0.0655612
0.0655435
0.0655257
0.065508
0.0654902
0.0654724
0.0654546
0.0654368
0.0654189
0.0654011
0.0653832
0.0653654
0.0653475
0.0653296
0.0653117
0.0652937
0.0652758
0.0652578
0.0652398
0.0652219
0.0652039
0.0651859
0.0651678
0.0651498
0.0651317
0.0651137
0.0650956
0.0650775
0.0650594
0.0650413
0.0650232
0.065005
0.0649869
0.0649687
0.0649505
0.0649323
0.0649141
0.0648959
0.0648777
0.0648595
0.0648412
0.064823
0.0648047
0.0647864
0.0647681
0.0647498
0.0647315
0.0647132
0.0646948
0.0646765
0.0646581
0.0646398
0.0646214
0.064603
0.0645846
0.0645662
0.0645478
0.0645294
0.0645109
0.0644925
0.064474
0.0644555
0.0644371
0.0644186
0.0644001
0.0643816
0.064363
0.0643445
0.064326
0.0643074
0.0642889
0.0642703
0.0642517
0.0642332
0.0642146
0.064196
0.0641774
0.0641588
0.0641401
0.0641215
0.0641029
0.0640842
0.0640655
0.0640469
0.0640282
0.0640095
0.0639908
0.0639721
0.0639534
0.0639347
0.063916
0.0638972
0.0638785
0.0638598
0.063841
0.0638222
0.0638035
0.0637847
0.0637659
0.0637471
0.0637283
0.0637095
0.0636907
0.0636719
0.0636531
0.0636342
0.0636154
0.0635965
0.0635777
0.0635588
0.06354
0.0635211
0.0635022
0.0634833
0.0634644
0.0634455
0.0634266
0.0634077
0.0633888
0.0633699
0.0633509
0.063332
0.063313
0.0632941
0.0632751
0.0632562
0.0632372
0.0632182
0.0631992
0.0631803
0.0631613
0.0631423
0.0631233
0.0631043
0.0630852
0.0630662
0.0630472
0.0630282
0.0630091
0.0629901
0.0629711
0.062952
0.0629329
0.0629139
0.0628948
0.0628757
0.0628567
0.0628376
0.0628185
0.0627994
0.0627803
0.0627612
0.0627421
0.062723
0.0627039
0.0626848
0.0626656
0.0626465
0.0626274
0.0626082
0.0625891
0.06257
0.0625508
0.0625317
0.0625125
0.0624933
0.0624742
0.062455
0.0624358
0.0624166
0.0623974
0.0623783
0.0623591
0.0623399
0.0623207
0.0623015
0.0622823
0.062263
0.0622438
0.0622246
0.0622054
0.0621862
0.0621669
0.0621477
0.0621285
0.0621092
0.06209
0.0620707
0.0620515
0.0620322
0.062013
0.0619937
0.0619744
0.0619552
0.0619359
0.0619166
0.0618973
0.0618781
0.0618588
0.0618395
0.0618202
0.0618009
0.0617816
0.0617623
0.061743
0.0617237
0.0617044
0.0616851
0.0616658
0.0616465
0.0616271
0.0616078
0.0615885
0.0615692
0.0615498
0.0615305
0.0615112
0.0614918
0.0614725
0.0614531
0.0614338
0.0614144
0.0613951
0.0613757
0.0613564
0.061337
0.0613177
0.0612983
0.0612789
0.0612596
0.0612402
0.0612208
0.0612014
0.0611821
0.0611627
0.0611433
0.0611239
0.0611045
0.0610851
0.0610658
0.0610464
0.061027
0.0610076
0.0609882
0.0609688
0.0609494
0.06093
0.0609106
0.0608912
0.0608717
0.0608523
0.0608329
0.0608135
0.0607941
0.0607747
0.0607552
0.0607358
0.0607164
0.060697
0.0606775
0.0606581
0.0606387
0.0606192
0.0605998
0.0605804
0.0605609
0.0605415
0.0605221
0.0605026
0.0604832
0.0604637
0.0604443
0.0604248
0.0604054
0.0603859
0.0603665
0.060347
0.0603276
0.0603081
0.0602887
0.0602692
0.0602497
0.0602303
0.0602108
0.0601914
0.0601719
0.0601524
0.060133
0.0601135
0.060094
0.0600745
0.0600551
0.0600356
0.0600161
0.0599966
0.0599772
0.0599577
0.0599382
0.0599187
0.0598992
0.0598798
0.0598603
0.0598408
0.0598213
0.0598018
0.0597823
0.0597629
0.0597434
0.0597239
0.0597044
0.0596849
0.0596654
0.0596459
0.0596264
0.0596069
0.0595874
0.0595679
0.0595484
0.0595289
0.0595094
0.0594899
0.0594704
0.0594509
0.0594314
0.0594119
0.0593924
0.0593729
0.0593534
0.0593339
0.0593144
0.0592949
0.0592754
0.0592559
0.0592364
0.0592169
0.0591974
0.0591779
0.0591583
0.0591388
0.0591193
0.0590998
0.0590803
0.0590608
0.0590413
0.0590218
0.0590023
0.0589827
0.0589632
0.0589437
0.0589242
0.0589047
0.0588852
0.0588656
0.0588461
0.0588266
0.0588071
0.0587876
0.0587681
0.0587485
0.058729
0.0587095
0.05869
0.0586705
0.0586509
0.0586314
0.0586119
0.0585924
0.0585728
0.0585533
0.0585338
0.0585143
0.0584948
0.0584752
0.0584557
0.0584362
0.0584167
0.0583971
0.0583776
0.0583581
0.0583386
0.058319
0.0582995
0.05828
0.0582605
0.0582409
0.0582214
0.0582019
0.0581824
0.0581628
0.0581433
0.0581238
0.0581043
0.0580847
0.0580652
0.0580457
0.0580262
0.0580066
0.0579871
0.0579676
0.0579481
0.0579285
0.057909
0.0578895
0.05787
0.0578504
0.0578309
0.0578114
0.0577919
0.0577723
0.0577528
0.0577333
0.0577137
0.0576942
0.0576747
0.0576552
0.0576356
0.0576161
0.0575966
0.0575771
0.0575575
0.057538
0.0575185
0.057499
0.0574794
0.0574599
0.0574404
0.0574209
0.0574013
0.0573818
0.0573623
0.0573428
0.0573232
0.0573037
0.0572842
0.0572647
0.0572451
0.0572256
0.0572061
0.0571866
0.057167
0.0571475
0.057128
0.0571085
0.057089
0.0570694
0.0570499
0.0570304
0.0570109
0.0569913
0.0569718
0.0569523
0.0569328
0.0569133
0.0568937
0.0568742
0.0568547
0.0568352
0.0568157
0.0567961
0.0567766
0.0567571
0.0567376
0.0567181
0.0566985
0.056679
0.0566595
0.05664
0.0566205
0.056601
0.0565814
0.0565619
0.0565424
0.0565229
0.0565034
0.0564839
0.0564643
0.0564448
0.0564253
0.0564058
0.0563863
0.0563668
0.0563473
0.0563277
0.0563082
0.0562887
0.0562692
0.0562497
0.0562302
0.0562107
0.0561912
0.0561716
0.0561521
0.0561326
0.0561131
0.0560936
0.0560741
0.0560546
0.0560351
0.0560156
0.0559961
0.0559765
0.055957
0.0559375
0.055918
0.0558985
0.055879
0.0558595
0.05584
0.0558205
0.055801
0.0557815
0.055762
0.0557425
0.055723
0.0557034
0.0556839
0.0556644
0.0556449
0.0556254
0.0556059
0.0555864
0.0555669
0.0555474
0.0555279
0.0555084
0.0554889
0.0554694
0.0554499
0.0554304
0.0554109
0.0553914
0.0553719
0.0553524
0.0553329
0.0553134
0.0552939
0.0552744
0.0552549
0.0552354
0.0552159
0.0551964
0.0551769
0.0551574
0.0551379
0.0551184
0.0550989
0.0550794
0.0550599
0.0550404
0.0550209
0.0550014
0.0549819
0.0549625
0.054943
0.0549235
0.054904
0.0548845
0.054865
0.0548455
0.054826
0.0548065
0.054787
0.0547675
0.054748
0.0547285
0.054709
0.0546895
0.0546701
0.0546506
0.0546311
0.0546116
0.0545921
0.0545726
0.0545531
0.0545336
0.0545141
0.0544946
0.0544751
0.0544557
0.0544362
0.0544167
0.0543972
0.0543777
0.0543582
0.0543387
0.0543192
0.0542997
0.0542803
0.0542608
0.0542413
0.0542218
0.0542023
0.0541828
0.0541633
0.0541438
0.0541243
0.0541049
0.0540854
0.0540659
0.0540464
0.0540269
0.0540074
0.0539879
0.0539684
0.053949
0.0539295
0.05391
0.0538905
0.053871
0.0538515
0.053832
0.0538125
0.0537931
0.0537736
0.0537541
0.0537346
0.0537151
0.0536956
0.0536761
0.0536567
0.0536372
0.0536177
0.0535982
0.0535787
0.0535592
0.0535397
0.0535202
0.0535008
0.0534813
0.0534618
0.0534423
0.0534228
0.0534033
0.0533838
0.0533643
0.0533449
0.0533254
0.0533059
0.0532864
0.0532669
0.0532474
0.0532279
0.0532084
0.0531889
0.0531695
0.05315
0.0531305
0.053111
0.0530915
0.053072
0.0530525
0.053033
0.0530135
0.052994
0.0529746
0.0529551
0.0529356
0.0529161
0.0528966
0.0528771
0.0528576
0.0528381
0.0528186
0.0527991
0.0527796
0.0527601
0.0527406
0.0527211
0.0527016
0.0526821
0.0526627
0.0526432
0.0526237
0.0526042
0.0525847
0.0525652
0.0525457
0.0525262
0.0525067
0.0524872
0.0524677
0.0524482
0.0524287
0.0524092
0.0523897
0.0523702
0.0523506
0.0523311
0.0523116
0.0522921
0.0522726
0.0522531
0.0522336
0.0522141
0.0521946
0.0521751
0.0521556
0.0521361
0.0521166
0.052097
0.0520775
0.052058
0.0520385
0.052019
0.0519995
0.05198
0.0519604
0.0519409
0.0519214
0.0519019
0.0518824
0.0518629
0.0518433
0.0518238
0.0518043
0.0517848
0.0517652
0.0517457
0.0517262
0.0517067
0.0516871
0.0516676
0.0516481
0.0516285
0.051609
0.0515895
0.0515699
0.0515504
0.0515309
0.0515113
0.0514918
0.0514723
0.0514527
0.0514332
0.0514136
0.0513941
0.0513745
0.051355
0.0513355
0.0513159
0.0512964
0.0512768
0.0512573
0.0512377
0.0512182
0.0511986
0.051179
0.0511595
0.0511399
0.0511204
0.0511008
0.0510812
0.0510617
0.0510421
0.0510225
0.051003
0.0509834
0.0509638
0.0509443
0.0509247
0.0509051
0.0508855
0.0508659
0.0508464
0.0508268
0.0508072
0.0507876
0.050768
0.0507484
0.0507289
0.0507093
0.0506897
0.0506701
0.0506505
0.0506309
0.0506113
0.0505917
0.0505721
0.0505525
0.0505329
0.0505132
0.0504936
0.050474
0.0504544
0.0504348
0.0504152
0.0503955
0.0503759
0.0503563
0.0503367
0.050317
0.0502974
0.0502778
0.0502581
0.0502385
0.0502189
0.0501992
0.0501796
0.0501599
0.0501403
0.0501206
0.050101
0.0500813
0.0500617
0.050042
0.0500223
0.0500027
0.049983
0.0499633
0.0499437
0.049924
0.0499043
0.0498846
0.049865
0.0498453
0.0498256
0.0498059
0.0497862
0.0497665
0.0497468
0.0497271
0.0497074
0.0496877
0.049668
0.0496483
0.0496286
0.0496088
0.0495891
0.0495694
0.0495497
0.0495299
0.0495102
0.0494905
0.0494707
0.049451
0.0494312
0.0494115
0.0493917
0.049372
0.0493522
0.0493325
0.0493127
0.0492929
0.0492732
0.0492534
0.0492336
0.0492138
0.049194
0.0491743
0.0491545
0.0491347
0.0491149
0.0490951
0.0490753
0.0490555
0.0490356
0.0490158
0.048996
0.0489762
0.0489563
0.0489365
0.0489167
0.0488968
0.048877
0.0488572
0.0488373
0.0488174
0.0487976
0.0487777
0.0487579
0.048738
0.0487181
0.0486982
0.0486783
0.0486585
0.0486386
0.0486187
0.0485988
0.0485789
0.0485589
0.048539
0.0485191
0.0484992
0.0484793
0.0484593
0.0484394
0.0484194
0.0483995
0.0483795
0.0483596
0.0483396
0.0483197
0.0482997
0.0482797
0.0482597
0.0482398
0.0482198
0.0481998
0.0481798
0.0481598
0.0481398
0.0481197
0.0480997
0.0480797
0.0480597
0.0480396
0.0480196
0.0479995
0.0479795
0.0479594
0.0479394
0.0479193
0.0478992
0.0478791
0.0478591
0.047839
0.0478189
0.0477988
0.0477787
0.0477585
0.0477384
0.0477183
0.0476982
0.047678
0.0476579
0.0476377
0.0476176
0.0475974
0.0475772
0.0475571
0.0475369
0.0475167
0.0474965
0.0474763
0.0474561
0.0474359
0.0474157
0.0473955
0.0473752
0.047355
0.0473347
0.0473145
0.0472942
0.047274
0.0472537
0.0472334
0.0472131
0.0471928
0.0471725
0.0471522
0.0471319
0.0471116
0.0470913
0.047071
0.0470506
0.0470303
0.0470099
0.0469895
0.0469692
0.0469488
0.0469284
0.046908
0.0468876
0.0468672
0.0468468
0.0468264
0.046806
0.0467855
0.0467651
0.0467446
0.0467242
0.0467037
0.0466832
0.0466628
0.0466423
0.0466218
0.0466013
0.0465807
0.0465602
0.0465397
0.0465192
0.0464986
0.0464781
0.0464575
0.0464369
0.0464164
0.0463958
0.0463752
0.0463546
0.046334
0.0463133
0.0462927
0.0462721
0.0462514
0.0462308
0.0462101
0.0461894
0.0461688
0.0461481
0.0461274
0.0461067
0.046086
0.0460652
0.0460445
0.0460238
0.046003
0.0459823
0.0459615
0.0459407
0.0459199
0.0458991
0.0458783
0.0458575
0.0458367
0.0458159
0.045795
0.0457742
0.0457533
0.0457324
0.0457116
0.0456907
0.0456698
0.0456489
0.045628
0.045607
0.0455861
0.0455652
0.0455442
0.0455232
0.0455023
0.0454813
0.0454603
0.0454393
0.0454183
0.0453973
0.0453762
0.0453552
0.0453341
0.0453131
0.045292
0.0452709
0.0452498
0.0452287
0.0452076
0.0451865
0.0451654
0.0451442
0.0451231
0.0451019
0.0450808
0.0450596
0.0450384
0.0450172
0.044996
0.0449747
0.0449535
0.0449323
0.044911
0.0448898
0.0448685
0.0448472
0.0448259
0.0448046
0.0447833
0.044762
0.0447406
0.0447193
0.0446979
0.0446766
0.0446552
0.0446338
0.0446124
0.044591
0.0445696
0.0445482
0.0445267
0.0445053
0.0444838
0.0444624
0.0444409
0.0444194
0.0443979
0.0443764
0.0443548
0.0443333
0.0443118
0.0442902
0.0442687
0.0442471
0.0442255
0.0442039
0.0441823
0.0441607
0.044139
0.0441174
0.0440958
0.0440741
0.0440524
0.0440307
0.0440091
0.0439874
0.0439656
0.0439439
0.0439222
0.0439004
0.0438787
0.0438569
0.0438352
0.0438134
0.0437916
0.0437698
0.0437479
0.0437261
0.0437043
0.0436824
0.0436606
0.0436387
0.0436168
0.0435949
0.043573
0.0435511
0.0435292
0.0435073
0.0434853
0.0434634
0.0434414
0.0434194
0.0433975
0.0433755
0.0433535
0.0433315
0.0433094
0.0432874
0.0432653
0.0432433
0.0432212
0.0431992
0.0431771
0.043155
0.0431329
0.0431108
0.0430886
0.0430665
0.0430444
0.0430222
0.043
0.0429779
0.0429557
0.0429335
0.0429113
0.0428891
0.0428668
0.0428446
0.0428224
0.0428001
0.0427779
0.0427556
0.0427333
0.042711
0.0426887
0.0426664
0.0426441
0.0426218
0.0425994
0.0425771
0.0425547
0.0425323
0.04251
0.0424876
0.0424652
0.0424428
0.0424204
0.042398
0.0423755
0.0423531
0.0423306
0.0423082
0.0422857
0.0422633
0.0422408
0.0422183
0.0421958
0.0421733
0.0421508
0.0421282
0.0421057
0.0420832
0.0420606
0.042038
0.0420155
0.0419929
0.0419703
0.0419477
0.0419251
0.0419025
0.0418799
0.0418573
0.0418346
0.041812
0.0417894
0.0417667
0.041744
0.0417214
0.0416987
0.041676
0.0416533
0.0416306
0.0416079
0.0415852
0.0415624
0.0415397
0.041517
0.0414942
0.0414715
0.0414487
0.0414259
0.0414032
0.0413804
0.0413576
0.0413348
0.041312
0.0412892
0.0412664
0.0412436
0.0412207
0.0411979
0.0411751
0.0411522
0.0411294
0.0411065
0.0410836
0.0410608
0.0410379
0.041015
0.0409921
0.0409692
0.0409463
0.0409234
0.0409005
0.0408776
0.0408546
0.0408317
0.0408088
0.0407858
0.0407629
0.0407399
0.040717
0.040694
0.040671
0.0406481
0.0406251
0.0406021
0.0405791
0.0405561
0.0405331
0.0405101
0.0404871
0.0404641
0.0404411
0.0404181
0.0403951
0.040372
0.040349
0.040326
0.0403029
0.0402799
0.0402568
0.0402338
0.0402107
0.0401877
0.0401646
0.0401415
0.0401185
0.0400954
0.0400723
0.0400492
0.0400261
0.040003
0.03998
0.0399569
0.0399338
0.0399107
0.0398876
0.0398645
0.0398414
0.0398182
0.0397951
0.039772
0.0397489
0.0397258
0.0397027
0.0396795
0.0396564
0.0396333
0.0396101
0.039587
0.0395639
0.0395407
0.0395176
0.0394945
0.0394713
0.0394482
0.039425
0.0394019
0.0393787
0.0393556
0.0393324
0.0393093
0.0392861
0.039263
0.0392398
0.0392167
0.0391935
0.0391704
0.0391472
0.0391241
0.0391009
0.0390778
0.0390546
0.0390315
0.0390083
0.0389852
0.038962
0.0389388
0.0389157
0.0388925
0.0388694
0.0388462
0.0388231
0.0387999
0.0387768
0.0387536
0.0387305
0.0387073
0.0386842
0.038661
0.0386379
0.0386148
0.0385916
0.0385685
0.0385453
0.0385222
0.0384991
0.0384759
0.0384528
0.0384297
0.0384066
0.0383834
0.0383603
0.0383372
0.0383141
0.038291
0.0382679
0.0382448
0.0382217
0.0381986
0.0381755
0.0381524
0.0381293
0.0381062
0.0380831
0.03806
0.0380369
0.0380139
0.0379908
0.0379677
0.0379447
0.0379216
0.0378986
0.0378755
0.0378525
0.0378294
0.0378064
0.0377834
0.0377603
0.0377373
0.0377143
0.0376913
0.0376683
0.0376453
0.0376223
0.0375993
0.0375763
0.0375533
0.0375304
0.0375074
0.0374844
0.0374615
0.0374385
0.0374156
0.0373926
0.0373697
0.0373468
0.0373239
0.037301
0.037278
0.0372552
0.0372323
0.0372094
0.0371865
0.0371636
0.0371408
0.0371179
0.0370951
0.0370722
0.0370494
0.0370266
0.0370038
0.0369809
0.0369581
0.0369354
0.0369126
0.0368898
0.036867
0.0368443
0.0368215
0.0367988
0.0367761
0.0367533
0.0367306
0.0367079
0.0366852
0.0366625
0.0366399
0.0366172
0.0365945
0.0365719
0.0365493
0.0365266
0.036504
0.0364814
0.0364588
0.0364362
0.0364137
0.0363911
0.0363686
0.036346
0.0363235
0.036301
0.0362785
0.036256
0.0362335
0.036211
0.0361885
0.0361661
0.0361436
0.0361212
0.0360988
0.0360764
0.036054
0.0360316
0.0360093
0.0359869
0.0359646
0.0359423
0.0359199
0.0358976
0.0358753
0.0358531
0.0358308
0.0358086
0.0357863
0.0357641
0.0357419
0.0357197
0.0356975
0.0356754
0.0356532
0.0356311
0.0356089
0.0355868
0.0355647
0.0355427
0.0355206
0.0354986
0.0354765
0.0354545
0.0354325
0.0354105
0.0353885
0.0353666
0.0353446
0.0353227
0.0353008
0.0352789
0.035257
0.0352351
0.0352133
0.0351915
0.0351697
0.0351479
0.0351261
0.0351043
0.0350826
0.0350608
0.0350391
0.0350174
0.0349957
0.0349741
0.0349524
0.0349308
0.0349092
0.0348876
0.034866
0.0348445
0.0348229
0.0348014
0.0347799
0.0347584
0.0347369
0.0347155
0.0346941
0.0346726
0.0346513
0.0346299
0.0346085
0.0345872
0.0345659
0.0345446
0.0345233
0.034502
0.0344808
0.0344596
0.0344384
0.0344172
0.034396
0.0343749
0.0343538
0.0343327
0.0343116
0.0342905
0.0342695
0.0342485
0.0342275
0.0342065
0.0341855
0.0341646
0.0341437
0.0341228
0.0341019
0.034081
0.0340602
0.0340394
0.0340186
0.0339978
0.0339771
0.0339564
0.0339357
0.033915
0.0338943
0.0338737
0.0338531
0.0338325
0.0338119
0.0337913
0.0337708
0.0337503
0.0337298
0.0337094
0.0336889
0.0336685
0.0336481
0.0336278
0.0336074
0.0335871
0.0335668
0.0335465
0.0335263
0.033506
0.0334858
0.0334657
0.0334455
0.0334254
0.0334052
0.0333852
0.0333651
0.0333451
0.033325
0.0333051
0.0332851
0.0332651
0.0332452
0.0332253
0.0332055
0.0331856
0.0331658
0.033146
0.0331262
0.0331065
0.0330868
0.0330671
0.0330474
0.0330277
0.0330081
0.0329885
0.032969
0.0329494
0.0329299
0.0329104
0.0328909
0.0328715
0.0328521
0.0328327
0.0328133
0.032794
0.0327746
0.0327553
0.0327361
0.0327168
0.0326976
0.0326784
0.0326593
0.0326402
0.032621
0.032602
0.0325829
0.0325639
0.0325449
0.0325259
0.032507
0.032488
0.0324691
0.0324503
0.0324314
0.0324126
0.0323938
0.0323751
0.0323563
0.0323376
0.0323189
0.0323003
0.0322817
0.0322631
0.0322445
0.0322259
0.0322074
0.0321889
0.0321705
0.032152
0.0321336
0.0321152
0.0320969
0.0320786
0.0320603
0.032042
0.0320238
0.0320055
0.0319874
0.0319692
0.0319511
0.031933
0.0319149
0.0318968
0.0318788
0.0318608
0.0318429
0.0318249
0.031807
0.0317891
0.0317713
0.0317535
0.0317357
0.0317179
0.0317002
0.0316825
0.0316648
0.0316471
0.0316295
0.0316119
0.0315943
0.0315768
0.0315593
0.0315418
0.0315244
0.0315069
0.0314895
0.0314722
0.0314548
0.0314375
0.0314202
0.031403
0.0313858
0.0313686
0.0313514
0.0313343
0.0313172
0.0313001
0.031283
0.031266
0.031249
0.031232
0.0312151
0.0311982
0.0311813
0.0311645
0.0311477
0.0311309
0.0311141
0.0310974
0.0310807
0.031064
0.0310474
0.0310307
0.0310142
0.0309976
0.0309811
0.0309646
0.0309481
0.0309317
0.0309152
0.0308989
0.0308825
0.0308662
0.0308499
0.0308336
0.0308174
0.0308012
0.030785
0.0307688
0.0307527
0.0307366
0.0307206
0.0307045
0.0306885
0.0306726
0.0306566
0.0306407
0.0306248
0.030609
0.0305931
0.0305773
0.0305616
0.0305458
0.0305301
0.0305144
0.0304988
0.0304831
0.0304676
0.030452
0.0304365
0.0304209
0.0304055
0.03039
0.0303746
0.0303592
0.0303438
0.0303285
0.0303132
0.0302979
0.0302827
0.0302675
0.0302523
0.0302371
0.030222
0.0302069
0.0301918
0.0301768
0.0301618
0.0301468
0.0301319
0.0301169
0.030102
0.0300872
0.0300723
0.0300575
0.0300428
0.030028
0.0300133
0.0299986
0.0299839
0.0299693
0.0299547
0.0299401
0.0299256
0.0299111
0.0298966
0.0298821
0.0298677
0.0298533
0.0298389
0.0298246
0.0298102
0.029796
0.0297817
0.0297675
0.0297533
0.0297391
0.029725
0.0297108
0.0296968
0.0296827
0.0296687
0.0296547
0.0296407
0.0296268
0.0296128
0.029599
0.0295851
0.0295713
0.0295575
0.0295437
0.02953
0.0295162
0.0295026
0.0294889
0.0294753
0.0294617
0.0294481
0.0294345
0.029421
0.0294075
0.0293941
0.0293806
0.0293672
0.0293539
0.0293405
0.0293272
0.0293139
0.0293006
0.0292874
0.0292742
0.029261
0.0292479
0.0292347
0.0292216
0.0292086
0.0291955
0.0291825
0.0291695
0.0291566
0.0291436
0.0291307
0.0291179
0.029105
0.0290922
0.0290794
0.0290666
0.0290539
0.0290412
0.0290285
0.0290158
0.0290032
0.0289906
0.028978
0.0289655
0.028953
0.0289405
0.028928
0.0289156
0.0289032
0.0288908
0.0288784
0.0288661
0.0288538
0.0288415
0.0288293
0.0288171
0.0288049
0.0287927
0.0287805
0.0287684
0.0287563
0.0287443
0.0287322
0.0287202
0.0287083
0.0286963
0.0286844
0.0286725
0.0286606
0.0286487
0.0286369
0.0286251
0.0286134
0.0286016
0.0285899
0.0285782
0.0285665
0.0285549
0.0285433
0.0285317
0.0285201
0.0285086
0.0284971
0.0284856
0.0284741
0.0284627
0.0284513
0.0284399
0.0284286
0.0284172
0.0284059
0.0283946
0.0283834
0.0283722
0.028361
0.0283498
0.0283386
0.0283275
0.0283164
0.0283053
0.0282943
0.0282832
0.0282722
0.0282613
0.0282503
0.0282394
0.0282285
0.0282176
0.0282068
0.0281959
0.0281851
0.0281744
0.0281636
0.0281529
0.0281422
0.0281315
0.0281209
0.0281102
0.0280996
0.028089
0.0280785
0.028068
0.0280575
0.028047
0.0280365
0.0280261
0.0280157
0.0280053
0.0279949
0.0279846
0.0279743
0.027964
0.0279537
0.0279435
0.0279333
0.0279231
0.0279129
0.0279027
0.0278926
0.0278825
0.0278724
0.0278624
0.0278524
0.0278424
0.0278324
0.0278224
0.0278125
0.0278026
0.0277927
0.0277828
0.027773
0.0277632
0.0277534
0.0277436
0.0277338
0.0277241
0.0277144
0.0277047
0.0276951
0.0276854
0.0276758
0.0276662
0.0276567
0.0276471
0.0276376
0.0276281
0.0276186
0.0276092
0.0275997
0.0275903
0.0275809
0.0275716
0.0275622
0.0275529
0.0275436
0.0275343
0.0275251
0.0275158
0.0275066
0.0274974
0.0274883
0.0274791
0.02747
0.0274609
0.0274518
0.0274428
0.0274337
0.0274247
0.0274157
0.0274067
0.0273978
0.0273889
0.0273799
0.0273711
0.0273622
0.0273533
0.0273445
0.0273357
0.0273269
0.0273182
0.0273094
0.0273007
0.027292
0.0272833
0.0272747
0.0272661
0.0272574
0.0272488
0.0272403
0.0272317
0.0272232
0.0272147
0.0272062
0.0271977
0.0271893
0.0271808
0.0271724
0.027164
0.0271557
0.0271473
0.027139
0.0271307
0.0271224
0.0271141
0.0271059
0.0270976
0.0270894
0.0270812
0.0270731
0.0270649
0.0270568
0.0270487
0.0270406
0.0270325
0.0270245
0.0270164
0.0270084
0.0270004
0.0269925
0.0269845
0.0269766
0.0269687
0.0269608
0.0269529
0.026945
0.0269372
0.0269294
0.0269216
0.0269138
0.026906
0.0268983
0.0268905
0.0268828
0.0268752
0.0268675
0.0268598
0.0268522
0.0268446
0.026837
0.0268294
0.0268219
0.0268143
0.0268068
0.0267993
0.0267918
0.0267843
0.0267769
0.0267694
0.026762
0.0267546
0.0267473
0.0267399
0.0267326
0.0267252
0.0267179
0.0267106
0.0267034
0.0266961
0.0266889
0.0266817
0.0266745
0.0266673
0.0266601
0.026653
0.0266458
0.0266387
0.0266316
0.0266246
0.0266175
0.0266105
0.0266034
0.0265964
0.0265894
0.0265825
0.0265755
0.0265686
0.0265616
0.0265547
0.0265478
0.026541
0.0265341
0.0265273
0.0265204
0.0265136
0.0265068
0.0265001
0.0264933
0.0264866
0.0264799
0.0264731
0.0264665
0.0264598
0.0264531
0.0264465
0.0264398
0.0264332
0.0264266
0.0264201
0.0264135
0.026407
0.0264004
0.0263939
0.0263874
0.0263809
0.0263745
0.026368
0.0263616
0.0263552
0.0263487
0.0263424
0.026336
0.0263296
0.0263233
0.026317
0.0263106
0.0263043
0.0262981
0.0262918
0.0262856
0.0262793
0.0262731
0.0262669
0.0262607
0.0262545
0.0262484
0.0262422
0.0262361
0.02623
0.0262239
0.0262178
0.0262117
0.0262057
0.0261996
0.0261936
0.0261876
0.0261816
0.0261756
0.0261696
0.0261637
0.0261577
0.0261518
0.0261459
0.02614
0.0261341
0.0261283
0.0261224
0.0261166
0.0261107
0.0261049
0.0260991
0.0260933
0.0260876
0.0260818
0.0260761
0.0260703
0.0260646
0.0260589
0.0260532
0.0260476
0.0260419
0.0260363
0.0260306
0.026025
0.0260194
0.0260138
0.0260082
0.0260027
0.0259971
0.0259916
0.0259861
0.0259805
0.025975
0.0259696
0.0259641
0.0259586
0.0259532
0.0259478
0.0259423
0.0259369
0.0259315
0.0259261
0.0259208
0.0259154
0.0259101
0.0259048
0.0258994
0.0258941
0.0258888
0.0258836
0.0258783
0.025873
0.0258678
0.0258626
0.0258574
0.0258521
0.025847
0.0258418
0.0258366
0.0258315
0.0258263
0.0258212
0.0258161
0.025811
0.0258059
0.0258008
0.0257957
0.0257907
0.0257856
0.0257806
0.0257755
0.0257705
0.0257655
0.0257606
0.0257556
0.0257506
0.0257457
0.0257407
0.0257358
0.0257309
0.025726
0.0257211
0.0257162
0.0257113
0.0257065
0.0257016
0.0256968
0.025692
0.0256871
0.0256823
0.0256775
0.0256728
0.025668
0.0256632
0.0256585
0.0256537
0.025649
0.0256443
0.0256396
0.0256349
0.0256302
0.0256256
0.0256209
0.0256163
0.0256116
0.025607
0.0256024
0.0255978
0.0255932
0.0255886
0.025584
0.0255794
0.0255749
0.0255703
0.0255658
0.0255613
0.0255568
0.0255523
0.0255478
0.0255433
0.0255388
0.0255344
0.0255299
0.0255255
0.0255211
0.0255166
0.0255122
0.0255078
0.0255034
0.0254991
0.0254947
0.0254903
0.025486
0.0254816
0.0254773
0.025473
0.0254687
0.0254644
0.0254601
0.0254558
0.0254515
0.0254473
0.025443
0.0254388
0.0254345
0.0254303
0.0254261
0.0254219
0.0254177
0.0254135
0.0254093
0.0254051
0.025401
0.0253968
0.0253927
0.0253886
0.0253844
0.0253803
0.0253762
0.0253721
0.025368
0.025364
0.0253599
0.0253558
0.0253518
0.0253477
0.0253437
0.0253397
0.0253357
0.0253317
0.0253277
0.0253237
0.0253197
0.0253157
0.0253117
0.0253078
0.0253038
0.0252999
0.025296
0.0252921
0.0252881
0.0252842
0.0252803
0.0252765
0.0252726
0.0252687
0.0252648
0.025261
0.0252571
0.0252533
0.0252495
0.0252457
0.0252418
0.025238
0.0252342
0.0252304
0.0252267
0.0252229
0.0252191
0.0252154
0.0252116
0.0252079
0.0252041
0.0252004
0.0251967
0.025193
0.0251893
0.0251856
0.0251819
0.0251782
0.0251745
0.0251709
0.0251672
0.0251636
0.0251599
0.0251563
0.0251527
0.025149
0.0251454
0.0251418
0.0251382
0.0251346
0.025131
0.0251275
0.0251239
0.0251203
0.0251168
0.0251132
0.0251097
0.0251062
0.0251026
0.0250991
0.0250956
0.0250921
0.0250886
0.0250851
0.0250816
0.0250781
0.0250747
0.0250712
0.0250677
0.0250643
0.0250609
0.0250574
0.025054
0.0250506
0.0250471
0.0250437
0.0250403
0.0250369
0.0250335
0.0250301
0.0250268
0.0250234
0.02502
0.0250167
0.0250133
0.02501
0.0250066
0.0250033
0.025
0.0249966
0.0249933
0.02499
0.0249867
0.0249834
0.0249801
0.0249768
0.0249736
0.0249703
0.024967
0.0249638
0.0249605
0.0249573
0.024954
0.0249508
0.0249476
0.0249443
0.0249411
0.0249379
0.0249347
0.0249315
0.0249283
0.0249251
0.0249219
0.0249187
0.0249156
0.0249124
0.0249092
0.0249061
0.0249029
0.0248998
0.0248966
0.0248935
0.0248904
0.0248872
0.0248841
0.024881
0.0248779
0.0248748
0.0248717
0.0248686
0.0248655
0.0248624
0.0248594
0.0248563
0.0248532
0.0248502
0.0248471
0.0248441
0.024841
0.024838
0.0248349
0.0248319
0.0248289
0.0248258
0.0248228
0.0248198
0.0248168
0.0248138
0.0248108
0.0248078
0.0248048
0.0248018
0.0247989
0.0247959
0.0247929
0.02479
0.024787
0.024784
0.0247811
0.0247781
0.0247752
0.0247723
0.0247693
0.0247664
0.0247635
0.0247606
0.0247576
0.0247547
0.0247518
0.0247489
0.024746
0.0247431
0.0247402
0.0247374
0.0247345
0.0247316
0.0247287
0.0247258
0.024723
0.0247201
0.0247173
0.0247144
0.0247116
0.0247087
0.0247059
0.024703
0.0247002
0.0246974
0.0246946
0.0246917
0.0246889
0.0246861
0.0246833
0.0246805
0.0246777
0.0246749
0.0246721
0.0246693
0.0246665
0.0246637
0.0246609
0.0246582
0.0246554
0.0246526
0.0246498
0.0246471
0.0246443
0.0246416
0.0246388
0.0246361
0.0246333
0.0246306
0.0246278
0.0246251
0.0246224
0.0246196
0.0246169
0.0246142
0.0246115
0.0246087
0.024606
0.0246033
0.0246006
0.0245979
0.0245952
0.0245925
0.0245898
0.0245871
0.0245844
0.0245817
0.024579
0.0245764
0.0245737
0.024571
0.0245683
0.0245657
0.024563
0.0245603
0.0245577
0.024555
0.0245524
0.0245497
0.0245471
0.0245444
0.0245418
0.0245391
0.0245365
0.0245338
0.0245312
0.0245286
0.0245259
0.0245233
0.0245207
0.0245181
0.0245154
0.0245128
0.0245102
0.0245076
0.024505
0.0245024
0.0244998
0.0244971
0.0244945
0.0244919
0.0244893
0.0244867
0.0244842
0.0244816
0.024479
0.0244764
0.0244738
0.0244712
0.0244686
0.0244661
0.0244635
0.0244609
0.0244583
0.0244557
0.0244532
0.0244506
0.024448
0.0244455
0.0244429
0.0244403
0.0244378
0.0244352
0.0244327
0.0244301
0.0244276
0.024425
0.0244225
0.0244199
0.0244174
0.0244148
0.0244123
0.0244097
0.0244072
0.0244047
0.0244021
0.0243996
0.024397
0.0243945
0.024392
0.0243894
0.0243869
0.0243844
0.0243819
0.0243793
0.0243768
0.0243743
0.0243718
0.0243692
0.0243667
0.0243642
0.0243617
0.0243592
0.0243566
0.0243541
0.0243516
0.0243491
0.0243466
0.0243441
0.0243416
0.0243391
0.0243365
0.024334
0.0243315
0.024329
0.0243265
0.024324
0.0243215
0.024319
0.0243165
0.024314
0.0243115
0.024309
0.0243065
0.024304
0.0243015
0.024299
0.0242965
0.024294
0.0242915
0.024289
0.0242865
0.024284
0.0242815
0.024279
0.0242765
0.024274
0.0242716
0.0242691
0.0242666
0.0242641
0.0242616
0.0242591
0.0242566
0.0242541
0.0242516
0.0242491
0.0242466
0.0242441
0.0242416
0.0242392
0.0242367
0.0242342
0.0242317
0.0242292
0.0242267
0.0242242
0.0242217
0.0242192
0.0242167
0.0242142
0.0242117
0.0242092
0.0242068
0.0242043
0.0242018
0.0241993
0.0241968
0.0241943
0.0241918
0.0241893
0.0241868
0.0241843
0.0241818
0.0241793
0.0241768
0.0241743
0.0241718
0.0241693
0.0241668
0.0241643
0.0241618
0.0241593
0.0241568
0.0241543
0.0241518
0.0241493
0.0241468
0.0241443
0.0241418
0.0241393
0.0241368
0.0241343
0.0241317
0.0241292
0.0241267
0.0241242
0.0241217
0.0241192
0.0241167
0.0241142
0.0241116
0.0241091
0.0241066
0.0241041
0.0241016
0.024099
0.0240965
0.024094
0.0240915
0.0240889
0.0240864
0.0240839
0.0240813
0.0240788
0.0240763
0.0240737
0.0240712
0.0240687
0.0240661
0.0240636
0.024061
0.0240585
0.0240559
0.0240534
0.0240508
0.0240483
0.0240457
0.0240432
0.0240406
0.0240381
0.0240355
0.0240329
0.0240304
0.0240278
0.0240253
0.0240227
0.0240201
0.0240175
0.024015
0.0240124
0.0240098
0.0240072
0.0240047
0.0240021
0.0239995
0.0239969
0.0239943
0.0239917
0.0239891
0.0239865
0.0239839
0.0239813
0.0239787
0.0239761
0.0239735
0.0239709
0.0239683
0.0239657
0.0239631
0.0239605
0.0239579
0.0239552
0.0239526
0.02395
0.0239473
0.0239447
0.0239421
0.0239394
0.0239368
0.0239342
0.0239315
0.0239289
0.0239262
0.0239236
0.0239209
0.0239183
0.0239156
0.0239129
0.0239103
0.0239076
0.0239049
0.0239023
0.0238996
0.0238969
0.0238942
0.0238915
0.0238889
0.0238862
0.0238835
0.0238808
0.0238781
0.0238754
0.0238727
0.02387
0.0238673
0.0238645
0.0238618
0.0238591
0.0238564
0.0238537
0.0238509
0.0238482
0.0238455
0.0238427
0.02384
0.0238372
0.0238345
0.0238317
0.023829
0.0238262
0.0238234
0.0238207
0.0238179
0.0238151
0.0238124
0.0238096
0.0238068
0.023804
0.0238012
0.0237984
0.0237956
0.0237928
0.02379
0.0237872
0.0237844
0.0237816
0.0237788
0.0237759
0.0237731
0.0237703
0.0237674
0.0237646
0.0237618
0.0237589
0.0237561
0.0237532
0.0237504
0.0237475
0.0237446
0.0237418
0.0237389
0.023736
0.0237331
0.0237302
0.0237273
0.0237245
0.0237216
0.0237186
0.0237157
0.0237128
0.0237099
0.023707
0.0237041
0.0237011
0.0236982
0.0236953
0.0236923
0.0236894
0.0236864
0.0236835
0.0236805
0.0236776
0.0236746
0.0236716
0.0236686
0.0236657
0.0236627
0.0236597
0.0236567
0.0236537
0.0236507
0.0236477
0.0236447
0.0236416
0.0236386
0.0236356
0.0236325
0.0236295
0.0236265
0.0236234
0.0236204
0.0236173
0.0236142
0.0236112
0.0236081
0.023605
0.0236019
0.0235989
0.0235958
0.0235927
0.0235896
0.0235865
0.0235833
0.0235802
0.0235771
0.023574
0.0235708
0.0235677
0.0235646
0.0235614
0.0235583
0.0235551
0.0235519
0.0235488
0.0235456
0.0235424
0.0235392
0.023536
0.0235328
0.0235296
0.0235264
0.0235232
0.02352
0.0235168
0.0235135
0.0235103
0.023507
0.0235038
0.0235005
0.0234973
0.023494
0.0234908
0.0234875
0.0234842
0.0234809
0.0234776
0.0234743
0.023471
0.0234677
0.0234644
0.0234611
0.0234577
0.0234544
0.0234511
0.0234477
0.0234444
0.023441
0.0234376
0.0234343
0.0234309
0.0234275
0.0234241
0.0234207
0.0234173
0.0234139
0.0234105
0.0234071
0.0234037
0.0234002
0.0233968
0.0233933
0.0233899
0.0233864
0.023383
0.0233795
0.023376
0.0233725
0.023369
0.0233655
0.023362
0.0233585
0.023355
0.0233515
0.023348
0.0233444
0.0233409
0.0233374
0.0233338
0.0233302
0.0233267
0.0233231
0.0233195
0.0233159
0.0233123
0.0233087
0.0233051
0.0233015
0.0232979
0.0232943
0.0232906
0.023287
0.0232833
0.0232797
0.023276
0.0232723
0.0232687
0.023265
0.0232613
0.0232576
0.0232539
0.0232502
0.0232465
0.0232427
0.023239
0.0232353
0.0232315
0.0232278
0.023224
0.0232202
0.0232164
0.0232127
0.0232089
0.0232051
0.0232013
0.0231975
0.0231936
0.0231898
0.023186
0.0231821
0.0231783
0.0231744
0.0231706
0.0231667
0.0231628
0.0231589
0.023155
0.0231511
0.0231472
0.0231433
0.0231394
0.0231355
0.0231315
0.0231276
0.0231236
0.0231197
0.0231157
0.0231117
0.0231077
0.0231037
0.0230997
0.0230957
0.0230917
0.0230877
0.0230837
0.0230796
0.0230756
0.0230715
0.0230675
0.0230634
0.0230593
0.0230552
0.0230511
0.023047
0.0230429
0.0230388
0.0230347
0.0230306
0.0230264
0.0230223
0.0230181
0.023014
0.0230098
0.0230056
0.0230014
0.0229972
0.022993
0.0229888
0.0229846
0.0229804
0.0229761
0.0229719
0.0229676
0.0229634
0.0229591
0.0229548
0.0229505
0.0229462
0.0229419
0.0229376
0.0229333
0.022929
0.0229246
0.0229203
0.0229159
0.0229116
0.0229072
0.0229028
0.0228984
0.022894
0.0228896
0.0228852
0.0228808
0.0228764
0.022872
0.0228675
0.0228631
0.0228586
0.0228541
0.0228496
0.0228452
0.0228407
0.0228362
0.0228316
0.0228271
0.0228226
0.0228181
0.0228135
0.022809
0.0228044
0.0227998
0.0227952
0.0227906
0.0227861
0.0227814
0.0227768
0.0227722
0.0227676
0.0227629
0.0227583
0.0227536
0.022749
0.0227443
0.0227396
0.0227349
0.0227302
0.0227255
0.0227208
0.022716
0.0227113
0.0227065
0.0227018
0.022697
0.0226923
0.0226875
0.0226827
0.0226779
0.0226731
0.0226683
0.0226634
0.0226586
0.0226538
0.0226489
0.022644
0.0226392
0.0226343
0.0226294
0.0226245
0.0226196
0.0226147
0.0226098
0.0226048
0.0225999
0.0225949
0.02259
0.022585
0.02258
0.022575
0.02257
0.022565
0.02256
0.022555
0.02255
0.0225449
0.0225399
0.0225348
0.0225298
0.0225247
0.0225196
0.0225145
0.0225094
0.0225043
0.0224992
0.022494
0.0224889
0.0224837
0.0224786
0.0224734
0.0224682
0.022463
0.0224579
0.0224526
0.0224474
0.0224422
0.022437
0.0224317
0.0224265
0.0224212
0.022416
0.0224107
0.0224054
0.0224001
0.0223948
0.0223895
0.0223842
0.0223788
0.0223735
0.0223682
0.0223628
0.0223574
0.0223521
0.0223467
0.0223413
0.0223359
0.0223305
0.022325
0.0223196
0.0223142
0.0223087
0.0223033
0.0222978
0.0222923
0.0222868
0.0222813
0.0222758
0.0222703
0.0222648
0.0222593
0.0222537
0.0222482
0.0222426
0.0222371
0.0222315
0.0222259
0.0222203
0.0222147
0.0222091
0.0222035
0.0221978
0.0221922
0.0221865
0.0221809
0.0221752
0.0221695
0.0221639
0.0221582
0.0221525
0.0221468
0.022141
0.0221353
0.0221296
0.0221238
0.0221181
0.0221123
0.0221065
0.0221007
0.0220949
0.0220891
0.0220833
0.0220775
0.0220717
0.0220659
0.02206
0.0220542
0.0220483
0.0220424
0.0220365
0.0220306
0.0220247
0.0220188
0.0220129
0.022007
0.0220011
0.0219951
0.0219892
0.0219832
0.0219772
0.0219713
0.0219653
0.0219593
0.0219533
0.0219473
0.0219412
0.0219352
0.0219292
0.0219231
0.0219171
0.021911
0.0219049
0.0218988
0.0218927
0.0218866
0.0218805
0.0218744
0.0218683
0.0218622
0.021856
0.0218499
0.0218437
0.0218375
0.0218313
0.0218252
0.021819
0.0218128
0.0218066
0.0218003
0.0217941
0.0217879
0.0217816
0.0217754
0.0217691
0.0217628
0.0217566
0.0217503
0.021744
0.0217377
0.0217313
0.021725
0.0217187
0.0217124
0.021706
0.0216997
0.0216933
0.0216869
0.0216805
0.0216742
0.0216678
0.0216614
0.021655
0.0216485
0.0216421
0.0216357
0.0216292
0.0216228
0.0216163
0.0216098
0.0216034
0.0215969
0.0215904
0.0215839
0.0215774
0.0215709
0.0215643
0.0215578
0.0215513
0.0215447
0.0215382
0.0215316
0.021525
0.0215185
0.0215119
0.0215053
0.0214987
0.0214921
0.0214855
0.0214788
0.0214722
0.0214656
0.0214589
0.0214523
0.0214456
0.0214389
0.0214322
0.0214256
0.0214189
0.0214122
0.0214055
0.0213987
0.021392
0.0213853
0.0213785
0.0213718
0.0213651
0.0213583
0.0213515
0.0213448
0.021338
0.0213312
0.0213244
0.0213176
0.0213108
0.021304
0.0212971
0.0212903
0.0212835
0.0212766
0.0212698
0.0212629
0.0212561
0.0212492
0.0212423
0.0212354
0.0212285
0.0212216
0.0212147
0.0212078
0.0212009
0.021194
0.021187
0.0211801
0.0211731
0.0211662
0.0211592
0.0211523
0.0211453
0.0211383
0.0211313
0.0211243
0.0211173
0.0211103
0.0211033
0.0210963
0.0210893
0.0210822
0.0210752
0.0210682
0.0210611
0.021054
0.021047
0.0210399
0.0210328
0.0210258
0.0210187
0.0210116
0.0210045
0.0209974
0.0209903
0.0209832
0.020976
0.0209689
0.0209618
0.0209546
0.0209475
0.0209403
0.0209332
0.020926
0.0209189
0.0209117
0.0209045
0.0208973
0.0208901
0.0208829
0.0208757
0.0208685
0.0208613
0.0208541
0.0208469
0.0208396
0.0208324
0.0208252
0.0208179
0.0208107
0.0208034
0.0207962
0.0207889
0.0207816
0.0207743
0.0207671
0.0207598
0.0207525
0.0207452
0.0207379
0.0207306
0.0207233
0.020716
0.0207087
0.0207013
0.020694
0.0206867
0.0206793
0.020672
0.0206646
0.0206573
0.0206499
0.0206426
0.0206352
0.0206278
0.0206205
0.0206131
0.0206057
0.0205983
0.0205909
0.0205835
0.0205761
0.0205687
0.0205613
0.0205539
0.0205465
0.0205391
0.0205316
0.0205242
0.0205168
0.0205093
0.0205019
0.0204945
0.020487
0.0204795
0.0204721
0.0204646
0.0204572
0.0204497
0.0204422
0.0204348
0.0204273
0.0204198
0.0204123
0.0204048
0.0203973
0.0203898
0.0203823
0.0203748
0.0203673
0.0203598
0.0203523
0.0203448
0.0203373
0.0203298
0.0203222
0.0203147
0.0203072
0.0202996
0.0202921
0.0202846
0.020277
0.0202695
0.0202619
0.0202544
0.0202468
0.0202393
0.0202317
0.0202242
0.0202166
0.020209
0.0202015
0.0201939
0.0201863
0.0201787
0.0201712
0.0201636
0.020156
0.0201484
0.0201408
0.0201332
0.0201256
0.020118
0.0201104
0.0201028
0.0200952
0.0200876
0.02008
0.0200724
0.0200648
0.0200572
0.0200496
0.020042
0.0200344
0.0200267
0.0200191
0.0200115
0.0200039
0.0199963
0.0199886
0.019981
0.0199734
0.0199657
0.0199581
0.0199505
0.0199428
0.0199352
0.0199276
0.0199199
0.0199123
0.0199046
0.019897
0.0198894
0.0198817
0.0198741
0.0198664
0.0198588
0.0198511
0.0198435
0.0198358
0.0198282
0.0198205
0.0198129
0.0198052
0.0197976
0.0197899
0.0197822
0.0197746
0.0197669
0.0197593
0.0197516
0.0197439
0.0197363
0.0197286
0.019721
0.0197133
0.0197056
0.019698
0.0196903
0.0196827
0.019675
0.0196673
0.0196597
0.019652
0.0196443
0.0196367
0.019629
0.0196214
0.0196137
0.019606
0.0195984
0.0195907
0.019583
0.0195754
0.0195677
0.0195601
0.0195524
0.0195447
0.0195371
0.0195294
0.0195218
0.0195141
0.0195064
0.0194988
0.0194911
0.0194835
0.0194758
0.0194682
0.0194605
0.0194529
0.0194452
0.0194376
0.0194299
0.0194223
0.0194146
0.019407
0.0193993
0.0193917
0.019384
0.0193764
0.0193687
0.0193611
0.0193534
0.0193458
0.0193382
0.0193305
0.0193229
0.0193153
0.0193076
0.0193
0.0192924
0.0192847
0.0192771
0.0192695
0.0192619
0.0192542
0.0192466
0.019239
0.0192314
0.0192238
0.0192162
0.0192085
0.0192009
0.0191933
0.0191857
0.0191781
0.0191705
0.0191629
0.0191553
0.0191477
0.0191401
0.0191325
0.0191249
0.0191174
0.0191098
0.0191022
0.0190946
0.019087
0.0190795
0.0190719
0.0190643
0.0190567
0.0190492
0.0190416
0.019034
0.0190265
0.0190189
0.0190114
0.0190038
0.0189963
0.0189887
0.0189812
0.0189736
0.0189661
0.0189586
0.018951
0.0189435
0.018936
0.0189284
0.0189209
0.0189134
0.0189059
0.0188984
0.0188909
0.0188834
0.0188759
0.0188684
0.0188609
0.0188534
0.0188459
0.0188384
0.0188309
0.0188234
0.0188159
0.0188085
0.018801
0.0187935
0.0187861
0.0187786
0.0187711
0.0187637
0.0187562
0.0187488
0.0187413
0.0187339
0.0187265
0.018719
0.0187116
0.0187042
0.0186968
0.0186893
0.0186819
0.0186745
0.0186671
0.0186597
0.0186523
0.0186449
0.0186375
0.0186301
0.0186227
0.0186154
0.018608
0.0186006
0.0185933
0.0185859
0.0185785
0.0185712
0.0185638
0.0185565
0.0185491
0.0185418
0.0185345
0.0185271
0.0185198
0.0185125
0.0185052
0.0184979
0.0184905
0.0184832
0.0184759
0.0184687
0.0184614
0.0184541
0.0184468
0.0184395
0.0184322
0.018425
0.0184177
0.0184105
0.0184032
0.018396
0.0183887
0.0183815
0.0183742
0.018367
0.0183598
0.0183526
0.0183453
0.0183381
0.0183309
0.0183237
0.0183165
0.0183093
0.0183022
0.018295
0.0182878
0.0182806
0.0182735
0.0182663
0.0182591
0.018252
0.0182448
0.0182377
0.0182306
0.0182234
0.0182163
0.0182092
0.0182021
0.018195
0.0181879
0.0181808
0.0181737
0.0181666
0.0181595
0.0181524
0.0181454
0.0181383
0.0181312
0.0181242
0.0181171
0.0181101
0.018103
0.018096
0.018089
0.0180819
0.0180749
0.0180679
0.0180609
0.0180539
0.0180469
0.0180399
0.0180329
0.018026
0.018019
0.018012
0.0180051
0.0179981
0.0179912
0.0179842
0.0179773
0.0179704
0.0179634
0.0179565
0.0179496
0.0179427
0.0179358
0.0179289
0.017922
0.0179151
0.0179082
0.0179014
0.0178945
0.0178876
0.0178808
0.0178739
0.0178671
0.0178602
0.0178534
0.0178466
0.0178398
0.017833
0.0178262
0.0178194
0.0178126
0.0178058
0.017799
0.0177922
0.0177854
0.0177787
0.0177719
0.0177652
0.0177584
0.0177517
0.017745
0.0177382
0.0177315
0.0177248
0.0177181
0.0177114
0.0177047
0.017698
0.0176913
0.0176847
0.017678
0.0176713
0.0176647
0.017658
0.0176514
0.0176448
0.0176381
0.0176315
0.0176249
0.0176183
0.0176117
0.0176051
0.0175985
0.0175919
0.0175853
0.0175788
0.0175722
0.0175656
0.0175591
0.0175525
0.017546
0.0175395
0.0175329
0.0175264
0.0175199
0.0175134
0.0175069
0.0175004
0.0174939
0.0174875
0.017481
0.0174745
0.0174681
0.0174616
0.0174552
0.0174487
0.0174423
0.0174359
0.0174295
0.0174231
0.0174167
0.0174103
0.0174039
0.0173975
0.0173911
0.0173848
0.0173784
0.017372
0.0173657
0.0173593
0.017353
0.0173467
0.0173404
0.017334
0.0173277
0.0173214
0.0173152
0.0173089
0.0173026
0.0172963
0.0172901
0.0172838
0.0172775
0.0172713
0.0172651
0.0172588
0.0172526
0.0172464
0.0172402
0.017234
0.0172278
0.0172216
0.0172154
0.0172092
0.0172031
0.0171969
0.0171908
0.0171846
0.0171785
0.0171724
0.0171662
0.0171601
0.017154
0.0171479
0.0171418
0.0171357
0.0171296
0.0171236
0.0171175
0.0171114
0.0171054
0.0170993
0.0170933
0.0170873
0.0170812
0.0170752
0.0170692
0.0170632
0.0170572
0.0170512
0.0170452
0.0170393
0.0170333
0.0170273
0.0170214
0.0170154
0.0170095
0.0170036
0.0169976
0.0169917
0.0169858
0.0169799
0.016974
0.0169681
0.0169623
0.0169564
0.0169505
0.0169447
0.0169388
0.016933
0.0169271
0.0169213
0.0169155
0.0169097
0.0169038
0.016898
0.0168922
0.0168865
0.0168807
0.0168749
0.0168691
0.0168634
0.0168576
0.0168519
0.0168462
0.0168404
0.0168347
0.016829
0.0168233
0.0168176
0.0168119
0.0168062
0.0168005
0.0167949
0.0167892
0.0167835
0.0167779
0.0167722
0.0167666
0.016761
0.0167554
0.0167498
0.0167441
0.0167385
0.016733
0.0167274
0.0167218
0.0167162
0.0167107
0.0167051
0.0166996
0.016694
0.0166885
0.016683
0.0166775
0.0166719
0.0166664
0.0166609
0.0166555
0.01665
0.0166445
0.016639
0.0166336
0.0166281
0.0166227
0.0166172
0.0166118
0.0166064
0.016601
0.0165955
0.0165901
0.0165848
0.0165794
0.016574
0.0165686
0.0165632
0.0165579
0.0165525
0.0165472
0.0165419
0.0165365
0.0165312
0.0165259
0.0165206
0.0165153
0.01651
0.0165047
0.0164994
0.0164941
0.0164889
0.0164836
0.0164784
0.0164731
0.0164679
0.0164627
0.0164574
0.0164522
0.016447
0.0164418
0.0164366
0.0164314
0.0164263
0.0164211
0.0164159
0.0164108
0.0164056
0.0164005
0.0163953
0.0163902
0.0163851
0.01638
0.0163749
0.0163698
0.0163647
0.0163596
0.0163545
0.0163494
0.0163444
0.0163393
0.0163343
0.0163292
0.0163242
0.0163192
0.0163142
0.0163091
0.0163041
0.0162991
0.0162941
0.0162892
0.0162842
0.0162792
0.0162742
0.0162693
0.0162643
0.0162594
0.0162544
0.0162495
0.0162446
0.0162397
0.0162348
0.0162299
0.016225
0.0162201
0.0162152
0.0162103
0.0162055
0.0162006
0.0161958
0.0161909
0.0161861
0.0161812
0.0161764
0.0161716
0.0161668
0.016162
0.0161572
0.0161524
0.0161476
0.0161429
0.0161381
0.0161333
0.0161286
0.0161238
0.0161191
0.0161143
0.0161096
0.0161049
0.0161002
0.0160955
0.0160908
0.0160861
0.0160814
0.0160767
0.0160721
0.0160674
0.0160627
0.0160581
0.0160534
0.0160488
0.0160442
0.0160395
0.0160349
0.0160303
0.0160257
0.0160211
0.0160165
0.0160119
0.0160074
0.0160028
0.0159982
0.0159937
0.0159891
0.0159846
0.01598
0.0159755
0.015971
0.0159665
0.015962
0.0159575
0.015953
0.0159485
0.015944
0.0159395
0.0159351
0.0159306
0.0159261
0.0159217
0.0159173
0.0159128
0.0159084
0.015904
0.0158996
0.0158951
0.0158907
0.0158863
0.015882
0.0158776
0.0158732
0.0158688
0.0158645
0.0158601
0.0158558
0.0158514
0.0158471
0.0158428
0.0158384
0.0158341
0.0158298
0.0158255
0.0158212
0.0158169
0.0158126
0.0158084
0.0158041
0.0157998
0.0157956
0.0157913
0.0157871
0.0157828
0.0157786
0.0157744
0.0157702
0.0157659
0.0157617
0.0157575
0.0157533
0.0157492
0.015745
0.0157408
0.0157366
0.0157325
0.0157283
0.0157242
0.01572
0.0157159
0.0157118
0.0157076
0.0157035
0.0156994
0.0156953
0.0156912
0.0156871
0.015683
0.0156789
0.0156749
0.0156708
0.0156667
0.0156627
0.0156586
0.0156546
0.0156506
0.0156465
0.0156425
0.0156385
0.0156345
0.0156305
0.0156265
0.0156225
0.0156185
0.0156145
0.0156105
0.0156066
0.0156026
0.0155987
0.0155947
0.0155908
0.0155868
0.0155829
0.015579
0.015575
0.0155711
0.0155672
0.0155633
0.0155594
0.0155555
0.0155517
0.0155478
0.0155439
0.01554
0.0155362
0.0155323
0.0155285
0.0155246
0.0155208
0.015517
0.0155132
0.0155093
0.0155055
0.0155017
0.0154979
0.0154941
0.0154903
0.0154866
0.0154828
0.015479
0.0154753
0.0154715
0.0154677
0.015464
0.0154603
0.0154565
0.0154528
0.0154491
0.0154454
0.0154416
0.0154379
0.0154342
0.0154305
0.0154269
0.0154232
0.0154195
0.0154158
0.0154122
0.0154085
0.0154048
0.0154012
0.0153976
0.0153939
0.0153903
0.0153867
0.015383
0.0153794
0.0153758
0.0153722
0.0153686
0.015365
0.0153614
0.0153579
0.0153543
0.0153507
0.0153471
0.0153436
0.01534
0.0153365
0.015333
0.0153294
0.0153259
0.0153224
0.0153188
0.0153153
0.0153118
0.0153083
0.0153048
0.0153013
0.0152978
0.0152944
0.0152909
0.0152874
0.015284
0.0152805
0.015277
0.0152736
0.0152701
0.0152667
0.0152633
0.0152599
0.0152564
0.015253
0.0152496
0.0152462
0.0152428
0.0152394
0.015236
0.0152326
0.0152293
0.0152259
0.0152225
0.0152192
0.0152158
0.0152124
0.0152091
0.0152058
0.0152024
0.0151991
0.0151958
0.0151924
0.0151891
0.0151858
0.0151825
0.0151792
0.0151759
0.0151726
0.0151693
0.0151661
0.0151628
0.0151595
0.0151563
0.015153
0.0151498
0.0151465
0.0151433
0.01514
0.0151368
0.0151336
0.0151303
0.0151271
0.0151239
0.0151207
0.0151175
0.0151143
0.0151111
0.0151079
0.0151047
0.0151016
0.0150984
0.0150952
0.0150921
0.0150889
0.0150858
0.0150826
0.0150795
0.0150763
0.0150732
0.0150701
0.0150669
0.0150638
0.0150607
0.0150576
0.0150545
0.0150514
0.0150483
0.0150452
0.0150421
0.0150391
0.015036
0.0150329
0.0150298
0.0150268
0.0150237
0.0150207
0.0150176
0.0150146
0.0150116
0.0150085
0.0150055
0.0150025
0.0149995
0.0149965
0.0149934
0.0149904
0.0149874
0.0149845
0.0149815
0.0149785
0.0149755
0.0149725
0.0149696
0.0149666
0.0149636
0.0149607
0.0149577
0.0149548
0.0149518
0.0149489
0.014946
0.014943
0.0149401
0.0149372
0.0149343
0.0149314
0.0149285
0.0149256
0.0149227
0.0149198
0.0149169
0.014914
0.0149111
0.0149083
0.0149054
0.0149025
0.0148997
0.0148968
0.014894
0.0148911
0.0148883
0.0148854
0.0148826
0.0148798
0.0148769
0.0148741
0.0148713
0.0148685
0.0148657
0.0148629
0.0148601
0.0148573
0.0148545
0.0148517
0.0148489
0.0148462
0.0148434
0.0148406
0.0148378
0.0148351
0.0148323
0.0148296
0.0148268
0.0148241
0.0148214
0.0148186
0.0148159
0.0148132
0.0148104
0.0148077
0.014805
0.0148023
0.0147996
0.0147969
0.0147942
0.0147915
0.0147888
0.0147861
0.0147835
0.0147808
0.0147781
0.0147755
0.0147728
0.0147701
0.0147675
0.0147648
0.0147622
0.0147595
0.0147569
0.0147543
0.0147516
0.014749
0.0147464
0.0147438
0.0147412
0.0147386
0.0147359
0.0147333
0.0147307
0.0147282
0.0147256
0.014723
0.0147204
0.0147178
0.0147152
0.0147127
0.0147101
0.0147075
0.014705
0.0147024
0.0146999
0.0146973
0.0146948
0.0146923
0.0146897
0.0146872
0.0146847
0.0146821
0.0146796
0.0146771
0.0146746
0.0146721
0.0146696
0.0146671
0.0146646
0.0146621
0.0146596
0.0146571
0.0146547
0.0146522
0.0146497
0.0146472
0.0146448
0.0146423
0.0146399
0.0146374
0.0146349
0.0146325
0.0146301
0.0146276
0.0146252
0.0146228
0.0146203
0.0146179
0.0146155
0.0146131
0.0146106
0.0146082
0.0146058
0.0146034
0.014601
0.0145986
0.0145962
0.0145939
0.0145915
0.0145891
0.0145867
0.0145843
0.014582
0.0145796
0.0145772
0.0145749
0.0145725
0.0145702
0.0145678
0.0145655
0.0145632
0.0145608
0.0145585
0.0145561
0.0145538
0.0145515
0.0145492
0.0145469
0.0145446
0.0145422
0.0145399
0.0145376
0.0145353
0.014533
0.0145307
0.0145285
0.0145262
0.0145239
0.0145216
0.0145193
0.0145171
0.0145148
0.0145125
0.0145103
0.014508
0.0145058
0.0145035
0.0145013
0.014499
0.0144968
0.0144945
0.0144923
0.0144901
0.0144879
0.0144856
0.0144834
0.0144812
0.014479
0.0144768
0.0144746
0.0144724
0.0144702
0.014468
0.0144658
0.0144636
0.0144614
0.0144592
0.014457
0.0144548
0.0144527
0.0144505
0.0144483
0.0144462
0.014444
0.0144418
0.0144397
0.0144375
0.0144354
0.0144332
0.0144311
0.014429
0.0144268
0.0144247
0.0144226
0.0144204
0.0144183
0.0144162
0.0144141
0.0144119
0.0144098
0.0144077
0.0144056
0.0144035
0.0144014
0.0143993
0.0143972
0.0143951
0.0143931
0.014391
0.0143889
0.0143868
0.0143847
0.0143827
0.0143806
0.0143785
0.0143765
0.0143744
0.0143724
0.0143703
0.0143683
0.0143662
0.0143642
0.0143621
0.0143601
0.0143581
0.014356
0.014354
0.014352
0.0143499
0.0143479
0.0143459
0.0143439
0.0143419
0.0143399
0.0143379
0.0143359
0.0143339
0.0143319
0.0143299
0.0143279
0.0143259
0.0143239
0.0143219
0.0143199
0.014318
0.014316
0.014314
0.0143121
0.0143101
0.0143081
0.0143062
0.0143042
0.0143023
0.0143003
0.0142984
0.0142964
0.0142945
0.0142925
0.0142906
0.0142887
0.0142867
0.0142848
0.0142829
0.0142809
0.014279
0.0142771
0.0142752
0.0142733
0.0142714
0.0142695
0.0142676
0.0142657
0.0142638
0.0142619
0.01426
0.0142581
0.0142562
0.0142543
0.0142524
0.0142505
0.0142487
0.0142468
0.0142449
0.0142431
0.0142412
0.0142393
0.0142375
0.0142356
0.0142338
0.0142319
0.01423
0.0142282
0.0142264
0.0142245
0.0142227
0.0142208
0.014219
0.0142172
0.0142153
0.0142135
0.0142117
0.0142099
0.014208
0.0142062
0.0142044
0.0142026
0.0142008
0.014199
0.0141972
0.0141954
0.0141936
0.0141918
0.01419
0.0141882
0.0141864
0.0141846
0.0141828
0.0141811
0.0141793
0.0141775
0.0141757
0.014174
0.0141722
0.0141704
0.0141687
0.0141669
0.0141651
0.0141634
0.0141616
0.0141599
0.0141581
0.0141564
0.0141546
0.0141529
0.0141512
0.0141494
0.0141477
0.0141459
0.0141442
0.0141425
0.0141408
0.014139
0.0141373
0.0141356
0.0141339
0.0141322
0.0141305
0.0141288
0.014127
0.0141253
0.0141236
0.0141219
0.0141202
0.0141186
0.0141169
0.0141152
0.0141135
0.0141118
0.0141101
0.0141084
0.0141068
0.0141051
0.0141034
0.0141017
0.0141001
0.0140984
0.0140967
0.0140951
0.0140934
0.0140918
0.0140901
0.0140884
0.0140868
0.0140851
0.0140835
0.0140819
0.0140802
0.0140786
0.0140769
0.0140753
0.0140737
0.014072
0.0140704
0.0140688
0.0140672
0.0140655
0.0140639
0.0140623
0.0140607
0.0140591
0.0140575
0.0140558
0.0140542
0.0140526
0.014051
0.0140494
0.0140478
0.0140462
0.0140446
0.014043
0.0140415
0.0140399
0.0140383
0.0140367
0.0140351
0.0140335
0.014032
0.0140304
0.0140288
0.0140272
0.0140257
0.0140241
0.0140225
0.014021
0.0140194
0.0140179
0.0140163
0.0140148
0.0140132
0.0140117
0.0140101
0.0140086
0.014007
0.0140055
0.0140039
0.0140024
0.0140009
0.0139993
0.0139978
0.0139963
0.0139947
0.0139932
0.0139917
0.0139902
0.0139886
0.0139871
0.0139856
0.0139841
0.0139826
0.0139811
0.0139796
0.0139781
0.0139766
0.0139751
0.0139736
0.0139721
0.0139706
0.0139691
0.0139676
0.0139661
0.0139646
0.0139631
0.0139616
0.0139602
0.0139587
0.0139572
0.0139557
0.0139542
0.0139528
0.0139513
0.0139498
0.0139484
0.0139469
0.0139454
0.013944
0.0139425
0.0139411
0.0139396
0.0139381
0.0139367
0.0139352
0.0139338
0.0139324
0.0139309
0.0139295
0.013928
0.0139266
0.0139251
0.0139237
0.0139223
0.0139209
0.0139194
0.013918
0.0139166
0.0139151
0.0139137
0.0139123
0.0139109
0.0139095
0.0139081
0.0139066
0.0139052
0.0139038
0.0139024
0.013901
0.0138996
0.0138982
0.0138968
0.0138954
0.013894
0.0138926
0.0138912
0.0138898
0.0138884
0.013887
0.0138857
0.0138843
0.0138829
0.0138815
0.0138801
0.0138787
0.0138774
0.013876
0.0138746
0.0138733
0.0138719
0.0138705
0.0138692
0.0138678
0.0138664
0.0138651
0.0138637
0.0138623
0.013861
0.0138596
0.0138583
0.0138569
0.0138556
0.0138542
0.0138529
0.0138516
0.0138502
0.0138489
0.0138475
0.0138462
0.0138449
0.0138435
0.0138422
0.0138409
0.0138395
0.0138382
0.0138369
0.0138356
0.0138342
0.0138329
0.0138316
0.0138303
0.013829
0.0138277
0.0138263
0.013825
0.0138237
0.0138224
0.0138211
0.0138198
0.0138185
0.0138172
0.0138159
0.0138146
0.0138133
0.013812
0.0138107
0.0138094
0.0138081
0.0138068
0.0138056
0.0138043
0.013803
0.0138017
0.0138004
0.0137991
0.0137979
0.0137966
0.0137953
0.013794
0.0137928
0.0137915
0.0137902
0.013789
0.0137877
0.0137864
0.0137852
0.0137839
0.0137827
0.0137814
0.0137801
0.0137789
0.0137776
0.0137764
0.0137751
0.0137739
0.0137726
0.0137714
0.0137702
0.0137689
0.0137677
0.0137664
0.0137652
0.013764
0.0137627
0.0137615
0.0137603
0.013759
0.0137578
0.0137566
0.0137553
0.0137541
0.0137529
0.0137517
0.0137505
0.0137492
0.013748
0.0137468
0.0137456
0.0137444
0.0137432
0.013742
0.0137407
0.0137395
0.0137383
0.0137371
0.0137359
0.0137347
0.0137335
0.0137323
0.0137311
0.0137299
0.0137287
0.0137275
0.0137263
0.0137252
0.013724
0.0137228
0.0137216
0.0137204
0.0137192
0.013718
0.0137169
0.0137157
0.0137145
0.0137133
0.0137122
0.013711
0.0137098
0.0137086
0.0137075
0.0137063
0.0137051
0.013704
0.0137028
0.0137016
0.0137005
0.0136993
0.0136982
0.013697
0.0136958
0.0136947
0.0136935
0.0136924
0.0136912
0.0136901
0.0136889
0.0136878
0.0136866
0.0136855
0.0136844
0.0136832
0.0136821
0.0136809
0.0136798
0.0136787
0.0136775
0.0136764
0.0136753
0.0136741
0.013673
0.0136719
0.0136707
0.0136696
0.0136685
0.0136674
0.0136662
0.0136651
0.013664
0.0136629
0.0136618
0.0136607
0.0136595
0.0136584
0.0136573
0.0136562
0.0136551
0.013654
0.0136529
0.0136518
0.0136507
0.0136496
0.0136485
0.0136474
0.0136463
0.0136452
0.0136441
0.013643
0.0136419
0.0136408
0.0136397
0.0136386
0.0136375
0.0136364
0.0136353
0.0136343
0.0136332
0.0136321
0.013631
0.0136299
0.0136288
0.0136278
0.0136267
0.0136256
0.0136245
0.0136235
0.0136224
0.0136213
0.0136202
0.0136192
0.0136181
0.013617
0.013616
0.0136149
0.0136138
0.0136128
0.0136117
0.0136107
0.0136096
0.0136085
0.0136075
0.0136064
0.0136054
0.0136043
0.0136033
0.0136022
0.0136012
0.0136001
0.0135991
0.013598
0.013597
0.013596
0.0135949
0.0135939
0.0135928
0.0135918
0.0135908
0.0135897
0.0135887
0.0135876
0.0135866
0.0135856
0.0135845
0.0135835
0.0135825
0.0135815
0.0135804
0.0135794
0.0135784
0.0135774
0.0135763
0.0135753
0.0135743
0.0135733
0.0135723
0.0135712
0.0135702
0.0135692
0.0135682
0.0135672
0.0135662
0.0135652
0.0135642
0.0135632
0.0135621
0.0135611
0.0135601
0.0135591
0.0135581
0.0135571
0.0135561
0.0135551
0.0135541
0.0135531
0.0135521
0.0135511
0.0135502
0.0135492
0.0135482
0.0135472
0.0135462
0.0135452
0.0135442
0.0135432
0.0135422
0.0135413
0.0135403
0.0135393
0.0135383
0.0135373
0.0135363
0.0135354
0.0135344
0.0135334
0.0135324
0.0135315
0.0135305
0.0135295
0.0135286
0.0135276
0.0135266
0.0135256
0.0135247
0.0135237
0.0135227
0.0135218
0.0135208
0.0135199
0.0135189
0.0135179
0.013517
0.013516
0.0135151
0.0135141
0.0135132
0.0135122
0.0135112
0.0135103
0.0135093
0.0135084
0.0135074
0.0135065
0.0135056
0.0135046
0.0135037
0.0135027
0.0135018
0.0135008
0.0134999
0.013499
0.013498
0.0134971
0.0134961
0.0134952
0.0134943
0.0134933
0.0134924
0.0134915
0.0134905
0.0134896
0.0134887
0.0134877
0.0134868
0.0134859
0.013485
0.013484
0.0134831
0.0134822
0.0134813
0.0134804
0.0134794
0.0134785
0.0134776
0.0134767
0.0134758
0.0134749
0.0134739
0.013473
0.0134721
0.0134712
0.0134703
0.0134694
0.0134685
0.0134676
0.0134667
0.0134657
0.0134648
0.0134639
0.013463
0.0134621
0.0134612
0.0134603
0.0134594
0.0134585
0.0134576
0.0134567
0.0134558
0.013455
0.0134541
0.0134532
0.0134523
0.0134514
0.0134505
0.0134496
0.0134487
0.0134478
0.0134469
0.013446
0.0134452
0.0134443
0.0134434
0.0134425
0.0134416
0.0134408
0.0134399
0.013439
0.0134381
0.0134372
0.0134364
0.0134355
0.0134346
0.0134337
0.0134329
0.013432
0.0134311
0.0134303
0.0134294
0.0134285
0.0134276
0.0134268
0.0134259
0.013425
0.0134242
0.0134233
0.0134225
0.0134216
0.0134207
0.0134199
0.013419
0.0134182
0.0134173
0.0134164
0.0134156
0.0134147
0.0134139
0.013413
0.0134122
0.0134113
0.0134105
0.0134096
0.0134088
0.0134079
0.0134071
0.0134062
0.0134054
0.0134045
0.0134037
0.0134029
0.013402
0.0134012
0.0134003
0.0133995
0.0133986
0.0133978
0.013397
0.0133961
0.0133953
0.0133945
0.0133936
0.0133928
0.013392
0.0133911
0.0133903
0.0133895
0.0133886
0.0133878
0.013387
0.0133862
0.0133853
0.0133845
0.0133837
0.0133829
0.013382
0.0133812
0.0133804
0.0133796
0.0133787
0.0133779
0.0133771
0.0133763
0.0133755
0.0133747
0.0133738
0.013373
0.0133722
0.0133714
0.0133706
0.0133698
0.013369
0.0133682
0.0133673
0.0133665
0.0133657
0.0133649
0.0133641
0.0133633
0.0133625
0.0133617
0.0133609
0.0133601
0.0133593
0.0133585
0.0133577
0.0133569
0.0133561
0.0133553
0.0133545
0.0133537
0.0133529
0.0133521
0.0133513
0.0133505
0.0133497
0.0133489
0.0133482
0.0133474
0.0133466
0.0133458
0.013345
0.0133442
0.0133434
0.0133426
0.0133419
0.0133411
0.0133403
0.0133395
0.0133387
0.0133379
0.0133372
0.0133364
0.0133356
0.0133348
0.013334
0.0133333
0.0133325
0.0133317
0.0133309
0.0133302
0.0133294
0.0133286
0.0133278
0.0133271
0.0133263
0.0133255
0.0133248
0.013324
0.0133232
0.0133225
0.0133217
0.0133209
0.0133202
0.0133194
0.0133186
0.0133179
0.0133171
0.0133164
0.0133156
0.0133148
0.0133141
0.0133133
0.0133126
0.0133118
0.013311
0.0133103
0.0133095
0.0133088
0.013308
0.0133073
0.0133065
0.0133058
0.013305
0.0133043
0.0133035
0.0133028
0.013302
0.0133013
0.0133005
0.0132998
0.013299
0.0132983
0.0132975
0.0132968
0.0132961
0.0132953
0.0132946
0.0132938
0.0132931
0.0132924
0.0132916
0.0132909
0.0132901
0.0132894
0.0132887
0.0132879
0.0132872
0.0132865
0.0132857
0.013285
0.0132843
0.0132835
0.0132828
0.0132821
0.0132813
0.0132806
0.0132799
0.0132792
0.0132784
0.0132777
0.013277
0.0132762
0.0132755
0.0132748
0.0132741
0.0132734
0.0132726
0.0132719
0.0132712
0.0132705
0.0132698
0.013269
0.0132683
0.0132676
0.0132669
0.0132662
0.0132654
0.0132647
0.013264
0.0132633
0.0132626
0.0132619
0.0132612
0.0132605
0.0132597
0.013259
0.0132583
0.0132576
0.0132569
0.0132562
0.0132555
0.0132548
0.0132541
0.0132534
0.0132527
0.013252
0.0132513
0.0132506
0.0132499
0.0132492
0.0132485
0.0132478
0.0132471
0.0132464
0.0132457
0.013245
0.0132443
0.0132436
0.0132429
0.0132422
0.0132415
0.0132408
0.0132401
0.0132394
0.0132387
0.013238
0.0132373
0.0132366
0.013236
0.0132353
0.0132346
0.0132339
0.0132332
0.0132325
0.0132318
0.0132311
0.0132305
0.0132298
0.0132291
0.0132284
0.0132277
0.013227
0.0132264
0.0132257
0.013225
0.0132243
0.0132236
0.013223
0.0132223
0.0132216
0.0132209
0.0132203
0.0132196
0.0132189
0.0132182
0.0132176
0.0132169
0.0132162
0.0132155
0.0132149
0.0132142
0.0132135
0.0132129
0.0132122
0.0132115
0.0132109
0.0132102
0.0132095
0.0132089
0.0132082
0.0132075
0.0132069
0.0132062
0.0132055
0.0132049
0.0132042
0.0132035
0.0132029
0.0132022
0.0132016
0.0132009
0.0132002
0.0131996
0.0131989
0.0131983
0.0131976
0.013197
0.0131963
0.0131956
0.013195
0.0131943
0.0131937
0.013193
0.0131924
0.0131917
0.0131911
0.0131904
0.0131898
0.0131891
0.0131885
0.0131878
0.0131872
0.0131865
0.0131859
0.0131852
0.0131846
0.0131839
0.0131833
0.0131827
0.013182
0.0131814
0.0131807
0.0131801
0.0131794
0.0131788
0.0131782
0.0131775
0.0131769
0.0131762
0.0131756
0.013175
0.0131743
0.0131737
0.0131731
0.0131724
0.0131718
0.0131712
0.0131705
0.0131699
0.0131693
0.0131686
0.013168
0.0131674
0.0131667
0.0131661
0.0131655
0.0131648
0.0131642
0.0131636
0.013163
0.0131623
0.0131617
0.0131611
0.0131604
0.0131598
0.0131592
0.0131586
0.0131579
0.0131573
0.0131567
0.0131561
0.0131555
0.0131548
0.0131542
0.0131536
0.013153
0.0131524
0.0131517
0.0131511
0.0131505
0.0131499
0.0131493
0.0131486
0.013148
0.0131474
0.0131468
0.0131462
0.0131456
0.013145
0.0131443
0.0131437
0.0131431
0.0131425
0.0131419
0.0131413
0.0131407
0.0131401
0.0131395
0.0131389
0.0131382
0.0131376
0.013137
0.0131364
0.0131358
0.0131352
0.0131346
0.013134
0.0131334
0.0131328
0.0131322
0.0131316
0.013131
0.0131304
0.0131298
0.0131292
0.0131286
0.013128
0.0131274
0.0131268
0.0131262
0.0131256
0.013125
0.0131244
0.0131238
0.0131232
0.0131226
0.013122
0.0131214
0.0131208
0.0131202
0.0131196
0.0131191
0.0131185
0.0131179
0.0131173
0.0131167
0.0131161
0.0131155
0.0131149
0.0131143
0.0131137
0.0131132
0.0131126
0.013112
0.0131114
0.0131108
0.0131102
0.0131096
0.0131091
0.0131085
0.0131079
0.0131073
0.0131067
0.0131061
0.0131056
0.013105
0.0131044
0.0131038
0.0131032
0.0131027
0.0131021
0.0131015
0.0131009
0.0131003
0.0130998
0.0130992
0.0130986
0.013098
0.0130975
0.0130969
0.0130963
0.0130957
0.0130952
0.0130946
0.013094
0.0130934
0.0130929
0.0130923
0.0130917
0.0130912
0.0130906
0.01309
0.0130895
0.0130889
0.0130883
0.0130877
0.0130872
0.0130866
0.013086
0.0130855
0.0130849
0.0130843
0.0130838
0.0130832
0.0130827
0.0130821
0.0130815
0.013081
0.0130804
0.0130798
0.0130793
0.0130787
0.0130782
0.0130776
0.013077
0.0130765
0.0130759
0.0130754
0.0130748
0.0130742
0.0130737
0.0130731
0.0130726
0.013072
0.0130715
0.0130709
0.0130704
0.0130698
0.0130693
0.0130687
0.0130681
0.0130676
0.013067
0.0130665
0.0130659
0.0130654
0.0130648
0.0130643
0.0130637
0.0130632
0.0130626
0.0130621
0.0130615
0.013061
0.0130605
0.0130599
0.0130594
0.0130588
0.0130583
0.0130577
0.0130572
0.0130566
0.0130561
0.0130555
0.013055
0.0130545
0.0130539
0.0130534
0.0130528
0.0130523
0.0130518
0.0130512
0.0130507
0.0130501
0.0130496
0.0130491
0.0130485
0.013048
0.0130475
0.0130469
0.0130464
0.0130458
0.0130453
0.0130448
0.0130442
0.0130437
0.0130432
0.0130426
0.0130421
0.0130416
0.013041
0.0130405
0.01304
0.0130394
0.0130389
0.0130384
0.0130379
0.0130373
0.0130368
0.0130363
0.0130357
0.0130352
0.0130347
0.0130342
0.0130336
0.0130331
0.0130326
0.013032
0.0130315
0.013031
0.0130305
0.01303
0.0130294
0.0130289
0.0130284
0.0130279
0.0130273
0.0130268
0.0130263
0.0130258
0.0130253
0.0130247
0.0130242
0.0130237
0.0130232
0.0130227
0.0130221
0.0130216
0.0130211
0.0130206
0.0130201
0.0130196
0.013019
0.0130185
0.013018
0.0130175
0.013017
0.0130165
0.0130159
0.0130154
0.0130149
0.0130144
0.0130139
0.0130134
0.0130129
0.0130124
0.0130119
0.0130113
0.0130108
0.0130103
0.0130098
0.0130093
0.0130088
0.0130083
0.0130078
0.0130073
0.0130068
0.0130063
0.0130058
0.0130052
0.0130047
0.0130042
0.0130037
0.0130032
0.0130027
0.0130022
0.0130017
0.0130012
0.0130007
0.0130002
0.0129997
0.0129992
0.0129987
0.0129982
0.0129977
0.0129972
0.0129967
0.0129962
0.0129957
0.0129952
0.0129947
0.0129942
0.0129937
0.0129932
0.0129927
0.0129922
0.0129917
0.0129912
0.0129907
0.0129902
0.0129897
0.0129893
0.0129888
0.0129883
0.0129878
0.0129873
0.0129868
0.0129863
0.0129858
0.0129853
0.0129848
0.0129843
0.0129838
0.0129834
0.0129829
0.0129824
0.0129819
0.0129814
0.0129809
0.0129804
0.0129799
0.0129794
0.012979
0.0129785
0.012978
0.0129775
0.012977
0.0129765
0.012976
0.0129756
0.0129751
0.0129746
0.0129741
0.0129736
0.0129731
0.0129727
0.0129722
0.0129717
0.0129712
0.0129707
0.0129703
0.0129698
0.0129693
0.0129688
0.0129683
0.0129679
0.0129674
0.0129669
0.0129664
0.0129659
0.0129655
0.012965
0.0129645
0.012964
0.0129636
0.0129631
0.0129626
0.0129621
0.0129617
0.0129612
0.0129607
0.0129602
0.0129598
0.0129593
0.0129588
0.0129583
0.0129579
0.0129574
0.0129569
0.0129565
0.012956
0.0129555
0.012955
0.0129546
0.0129541
0.0129536
0.0129532
0.0129527
0.0129522
0.0129518
0.0129513
0.0129508
0.0129504
0.0129499
0.0129494
0.012949
0.0129485
0.012948
0.0129476
0.0129471
0.0129466
0.0129462
0.0129457
0.0129452
0.0129448
0.0129443
0.0129439
0.0129434
0.0129429
0.0129425
0.012942
0.0129416
0.0129411
0.0129406
0.0129402
0.0129397
0.0129393
0.0129388
0.0129383
0.0129379
0.0129374
0.012937
0.0129365
0.012936
0.0129356
0.0129351
0.0129347
0.0129342
0.0129338
0.0129333
0.0129329
0.0129324
0.012932
0.0129315
0.012931
0.0129306
0.0129301
0.0129297
0.0129292
0.0129288
0.0129283
0.0129279
0.0129274
0.012927
0.0129265
0.0129261
0.0129256
0.0129252
0.0129247
0.0129243
0.0129238
0.0129234
0.0129229
0.0129225
0.012922
0.0129216
0.0129211
0.0129207
0.0129203
0.0129198
0.0129194
0.0129189
0.0129185
0.012918
0.0129176
0.0129171
0.0129167
0.0129163
0.0129158
0.0129154
0.0129149
0.0129145
0.012914
0.0129136
0.0129132
0.0129127
0.0129123
0.0129118
0.0129114
0.012911
0.0129105
0.0129101
0.0129096
0.0129092
0.0129088
0.0129083
0.0129079
0.0129074
0.012907
0.0129066
0.0129061
0.0129057
0.0129053
0.0129048
0.0129044
0.012904
0.0129035
0.0129031
0.0129027
0.0129022
0.0129018
0.0129014
0.0129009
0.0129005
0.0129001
0.0128996
0.0128992
0.0128988
0.0128983
0.0128979
0.0128975
0.012897
0.0128966
0.0128962
0.0128957
0.0128953
0.0128949
0.0128945
0.012894
0.0128936
0.0128932
0.0128927
0.0128923
0.0128919
0.0128915
0.012891
0.0128906
0.0128902
0.0128898
0.0128893
0.0128889
0.0128885
0.0128881
0.0128876
0.0128872
0.0128868
0.0128864
0.0128859
0.0128855
0.0128851
0.0128847
0.0128843
0.0128838
0.0128834
0.012883
0.0128826
0.0128821
0.0128817
0.0128813
0.0128809
0.0128805
0.01288
0.0128796
0.0128792
0.0128788
0.0128784
0.012878
0.0128775
0.0128771
0.0128767
0.0128763
0.0128759
0.0128755
0.012875
0.0128746
0.0128742
0.0128738
0.0128734
0.012873
0.0128725
0.0128721
0.0128717
0.0128713
0.0128709
0.0128705
0.0128701
0.0128697
0.0128692
0.0128688
0.0128684
0.012868
0.0128676
0.0128672
0.0128668
0.0128664
0.012866
0.0128655
0.0128651
0.0128647
0.0128643
0.0128639
0.0128635
0.0128631
0.0128627
0.0128623
0.0128619
0.0128615
0.0128611
0.0128606
0.0128602
0.0128598
0.0128594
0.012859
0.0128586
0.0128582
0.0128578
0.0128574
0.012857
0.0128566
0.0128562
0.0128558
0.0128554
0.012855
0.0128546
0.0128542
0.0128538
0.0128534
0.012853
0.0128526
0.0128522
0.0128518
0.0128514
0.012851
0.0128506
0.0128502
0.0128498
0.0128494
0.012849
0.0128486
0.0128482
0.0128478
0.0128474
0.012847
0.0128466
0.0128462
0.0128458
0.0128454
0.012845
0.0128446
0.0128442
0.0128438
0.0128434
0.012843
0.0128426
0.0128422
0.0128418
0.0128414
0.012841
0.0128406
0.0128402
0.0128399
0.0128395
0.0128391
0.0128387
0.0128383
0.0128379
0.0128375
0.0128371
0.0128367
0.0128363
0.0128359
0.0128355
0.0128352
0.0128348
0.0128344
0.012834
0.0128336
0.0128332
0.0128328
0.0128324
0.012832
0.0128316
0.0128313
0.0128309
0.0128305
0.0128301
0.0128297
0.0128293
0.0128289
0.0128286
0.0128282
0.0128278
0.0128274
0.012827
0.0128266
0.0128262
0.0128259
0.0128255
0.0128251
0.0128247
0.0128243
0.0128239
0.0128236
0.0128232
0.0128228
0.0128224
0.012822
0.0128216
0.0128213
0.0128209
0.0128205
0.0128201
0.0128197
0.0128194
0.012819
0.0128186
0.0128182
0.0128178
0.0128175
0.0128171
0.0128167
0.0128163
0.0128159
0.0128156
0.0128152
0.0128148
0.0128144
0.0128141
0.0128137
0.0128133
0.0128129
0.0128125
0.0128122
0.0128118
0.0128114
0.012811
0.0128107
0.0128103
0.0128099
0.0128095
0.0128092
0.0128088
0.0128084
0.012808
0.0128077
0.0128073
0.0128069
0.0128066
0.0128062
0.0128058
0.0128054
0.0128051
0.0128047
0.0128043
0.012804
0.0128036
0.0128032
0.0128028
0.0128025
0.0128021
0.0128017
0.0128014
0.012801
0.0128006
0.0128003
0.0127999
0.0127995
0.0127992
0.0127988
0.0127984
0.012798
0.0127977
0.0127973
0.0127969
0.0127966
0.0127962
0.0127958
0.0127955
0.0127951
0.0127948
0.0127944
0.012794
0.0127937
0.0127933
0.0127929
0.0127926
0.0127922
0.0127918
0.0127915
0.0127911
0.0127907
0.0127904
0.01279
0.0127897
0.0127893
0.0127889
0.0127886
0.0127882
0.0127879
0.0127875
0.0127871
0.0127868
0.0127864
0.012786
0.0127857
0.0127853
0.012785
0.0127846
0.0127843
0.0127839
0.0127835
0.0127832
0.0127828
0.0127825
0.0127821
0.0127817
0.0127814
0.012781
0.0127807
0.0127803
0.01278
0.0127796
0.0127792
0.0127789
0.0127785
0.0127782
0.0127778
0.0127775
0.0127771
0.0127768
0.0127764
0.0127761
0.0127757
0.0127753
0.012775
0.0127746
0.0127743
0.0127739
0.0127736
0.0127732
0.0127729
0.0127725
0.0127722
0.0127718
0.0127715
0.0127711
0.0127708
0.0127704
0.0127701
0.0127697
0.0127694
0.012769
0.0127687
0.0127683
0.012768
0.0127676
0.0127673
0.0127669
0.0127666
0.0127662
0.0127659
0.0127655
0.0127652
0.0127648
0.0127645
0.0127641
0.0127638
0.0127634
0.0127631
0.0127628
0.0127624
0.0127621
0.0127617
0.0127614
0.012761
0.0127607
0.0127603
0.01276
0.0127596
0.0127593
0.012759
0.0127586
0.0127583
0.0127579
0.0127576
0.0127572
0.0127569
0.0127566
0.0127562
0.0127559
0.0127555
0.0127552
0.0127548
0.0127545
0.0127542
0.0127538
0.0127535
0.0127531
0.0127528
0.0127525
0.0127521
0.0127518
0.0127514
0.0127511
0.0127508
0.0127504
0.0127501
0.0127497
0.0127494
0.0127491
0.0127487
0.0127484
0.0127481
0.0127477
0.0127474
0.012747
0.0127467
0.0127464
0.012746
0.0127457
0.0127454
0.012745
0.0127447
0.0127444
0.012744
0.0127437
0.0127434
0.012743
0.0127427
0.0127423
0.012742
0.0127417
0.0127413
0.012741
0.0127407
0.0127403
0.01274
0.0127397
0.0127393
0.012739
0.0127387
0.0127384
0.012738
0.0127377
0.0127374
0.012737
0.0127367
0.0127364
0.012736
0.0127357
0.0127354
0.012735
0.0127347
0.0127344
0.0127341
0.0127337
0.0127334
0.0127331
0.0127327
0.0127324
0.0127321
0.0127318
0.0127314
0.0127311
0.0127308
0.0127304
0.0127301
0.0127298
0.0127295
0.0127291
0.0127288
0.0127285
0.0127282
0.0127278
0.0127275
0.0127272
0.0127269
0.0127265
0.0127262
0.0127259
0.0127256
0.0127252
0.0127249
0.0127246
0.0127243
0.0127239
0.0127236
0.0127233
0.012723
0.0127226
0.0127223
0.012722
0.0127217
0.0127214
0.012721
0.0127207
0.0127204
0.0127201
0.0127197
0.0127194
0.0127191
0.0127188
0.0127185
0.0127181
0.0127178
0.0127175
0.0127172
0.0127169
0.0127165
0.0127162
0.0127159
0.0127156
0.0127153
0.0127149
0.0127146
0.0127143
0.012714
0.0127137
0.0127134
0.012713
0.0127127
0.0127124
0.0127121
0.0127118
0.0127115
0.0127111
0.0127108
0.0127105
0.0127102
0.0127099
0.0127096
0.0127092
0.0127089
0.0127086
0.0127083
0.012708
0.0127077
0.0127074
0.012707
0.0127067
0.0127064
0.0127061
0.0127058
0.0127055
0.0127052
0.0127048
0.0127045
0.0127042
0.0127039
0.0127036
0.0127033
0.012703
0.0127027
0.0127024
0.012702
0.0127017
0.0127014
0.0127011
0.0127008
0.0127005
0.0127002
0.0126999
0.0126996
0.0126992
0.0126989
0.0126986
0.0126983
0.012698
0.0126977
0.0126974
0.0126971
0.0126968
0.0126965
0.0126962
0.0126959
0.0126955
0.0126952
0.0126949
0.0126946
0.0126943
0.012694
0.0126937
0.0126934
0.0126931
0.0126928
0.0126925
0.0126922
0.0126919
0.0126916
0.0126913
0.0126909
0.0126906
0.0126903
0.01269
0.0126897
0.0126894
0.0126891
0.0126888
0.0126885
0.0126882
0.0126879
0.0126876
0.0126873
0.012687
0.0126867
0.0126864
0.0126861
0.0126858
0.0126855
0.0126852
0.0126849
0.0126846
0.0126843
0.012684
0.0126837
0.0126834
0.0126831
0.0126828
0.0126825
0.0126822
0.0126819
0.0126816
0.0126813
0.012681
0.0126807
0.0126804
0.0126801
0.0126798
0.0126795
0.0126792
0.0126789
0.0126786
0.0126783
0.012678
0.0126777
0.0126774
0.0126771
0.0126768
0.0126765
0.0126762
0.0126759
0.0126756
0.0126753
0.012675
0.0126747
0.0126744
0.0126741
0.0126738
0.0126735
0.0126732
0.0126729
0.0126726
0.0126724
0.0126721
0.0126718
0.0126715
0.0126712
0.0126709
0.0126706
0.0126703
0.01267
0.0126697
0.0126694
0.0126691
0.0126688
0.0126685
0.0126682
0.0126679
0.0126677
0.0126674
0.0126671
0.0126668
0.0126665
0.0126662
0.0126659
0.0126656
0.0126653
0.012665
0.0126647
0.0126644
0.0126642
0.0126639
0.0126636
0.0126633
0.012663
0.0126627
0.0126624
0.0126621
0.0126618
0.0126616
0.0126613
0.012661
0.0126607
0.0126604
0.0126601
0.0126598
0.0126595
0.0126592
0.012659
0.0126587
0.0126584
0.0126581
0.0126578
0.0126575
0.0126572
0.0126569
0.0126567
0.0126564
0.0126561
0.0126558
0.0126555
0.0126552
0.0126549
0.0126547
0.0126544
0.0126541
0.0126538
0.0126535
0.0126532
0.0126529
0.0126527
0.0126524
0.0126521
0.0126518
0.0126515
0.0126512
0.012651
0.0126507
0.0126504
0.0126501
0.0126498
0.0126495
0.0126493
0.012649
0.0126487
0.0126484
0.0126481
0.0126479
0.0126476
0.0126473
0.012647
0.0126467
0.0126464
0.0126462
0.0126459
0.0126456
0.0126453
0.012645
0.0126448
0.0126445
0.0126442
0.0126439
0.0126436
0.0126434
0.0126431
0.0126428
0.0126425
0.0126422
0.012642
0.0126417
0.0126414
0.0126411
0.0126409
0.0126406
0.0126403
0.01264
0.0126397
0.0126395
0.0126392
0.0126389
0.0126386
0.0126384
0.0126381
0.0126378
0.0126375
0.0126373
0.012637
0.0126367
0.0126364
0.0126362
0.0126359
0.0126356
0.0126353
0.012635
0.0126348
0.0126345
0.0126342
0.012634
0.0126337
0.0126334
0.0126331
0.0126329
0.0126326
0.0126323
0.012632
0.0126318
0.0126315
0.0126312
0.0126309
0.0126307
0.0126304
0.0126301
0.0126299
0.0126296
0.0126293
0.012629
0.0126288
0.0126285
0.0126282
0.0126279
0.0126277
0.0126274
0.0126271
0.0126269
0.0126266
0.0126263
0.0126261
0.0126258
0.0126255
0.0126252
0.012625
0.0126247
0.0126244
0.0126242
0.0126239
0.0126236
0.0126234
0.0126231
0.0126228
0.0126225
0.0126223
0.012622
0.0126217
0.0126215
0.0126212
0.0126209
0.0126207
0.0126204
0.0126201
0.0126199
0.0126196
0.0126193
0.0126191
0.0126188
0.0126185
0.0126183
0.012618
0.0126177
0.0126175
0.0126172
0.0126169
0.0126167
0.0126164
0.0126161
0.0126159
0.0126156
0.0126154
0.0126151
0.0126148
0.0126146
0.0126143
0.012614
0.0126138
0.0126135
0.0126132
0.012613
0.0126127
0.0126124
0.0126122
0.0126119
0.0126117
0.0126114
0.0126111
0.0126109
0.0126106
0.0126103
0.0126101
0.0126098
0.0126096
0.0126093
0.012609
0.0126088
0.0126085
0.0126082
0.012608
0.0126077
0.0126075
0.0126072
0.0126069
0.0126067
0.0126064
0.0126062
0.0126059
0.0126056
0.0126054
0.0126051
0.0126049
0.0126046
0.0126043
0.0126041
0.0126038
0.0126036
0.0126033
0.0126031
0.0126028
0.0126025
0.0126023
0.012602
0.0126018
0.0126015
0.0126012
0.012601
0.0126007
0.0126005
0.0126002
0.0126
0.0125997
0.0125994
0.0125992
0.0125989
0.0125987
0.0125984
0.0125982
0.0125979
0.0125977
0.0125974
0.0125971
0.0125969
0.0125966
0.0125964
0.0125961
0.0125959
0.0125956
0.0125954
0.0125951
0.0125948
0.0125946
0.0125943
0.0125941
0.0125938
0.0125936
0.0125933
0.0125931
0.0125928
0.0125926
0.0125923
0.0125921
0.0125918
0.0125915
0.0125913
0.012591
0.0125908
0.0125905
0.0125903
0.01259
0.0125898
0.0125895
0.0125893
0.012589
0.0125888
0.0125885
0.0125883
0.012588
0.0125878
0.0125875
0.0125873
0.012587
0.0125868
0.0125865
0.0125863
0.012586
0.0125858
0.0125855
0.0125853
0.012585
0.0125848
0.0125845
0.0125843
0.012584
0.0125838
0.0125835
0.0125833
0.012583
0.0125828
0.0125825
0.0125823
0.012582
0.0125818
0.0125815
0.0125813
0.012581
0.0125808
0.0125805
0.0125803
0.0125801
0.0125798
0.0125796
0.0125793
0.0125791
0.0125788
0.0125786
0.0125783
0.0125781
0.0125778
0.0125776
0.0125773
0.0125771
0.0125769
0.0125766
0.0125764
0.0125761
0.0125759
0.0125756
0.0125754
0.0125751
0.0125749
0.0125746
0.0125744
0.0125742
0.0125739
0.0125737
0.0125734
0.0125732
0.0125729
0.0125727
0.0125725
0.0125722
0.012572
0.0125717
0.0125715
0.0125712
0.012571
0.0125708
0.0125705
0.0125703
0.01257
0.0125698
0.0125695
0.0125693
0.0125691
0.0125688
0.0125686
0.0125683
0.0125681
0.0125679
0.0125676
0.0125674
0.0125671
0.0125669
0.0125666
0.0125664
0.0125662
0.0125659
0.0125657
0.0125654
0.0125652
0.012565
0.0125647
0.0125645
0.0125642
0.012564
0.0125638
0.0125635
0.0125633
0.0125631
0.0125628
0.0125626
0.0125623
0.0125621
0.0125619
0.0125616
0.0125614
0.0125611
0.0125609
0.0125607
0.0125604
0.0125602
0.01256
0.0125597
0.0125595
0.0125592
0.012559
0.0125588
0.0125585
0.0125583
0.0125581
0.0125578
0.0125576
0.0125574
0.0125571
0.0125569
0.0125566
0.0125564
0.0125562
0.0125559
0.0125557
0.0125555
0.0125552
0.012555
0.0125548
0.0125545
0.0125543
0.0125541
0.0125538
0.0125536
0.0125534
0.0125531
0.0125529
0.0125527
0.0125524
0.0125522
0.012552
0.0125517
0.0125515
0.0125513
0.012551
0.0125508
0.0125506
0.0125503
0.0125501
0.0125499
0.0125496
0.0125494
0.0125492
0.0125489
0.0125487
0.0125485
0.0125482
0.012548
0.0125478
0.0125475
0.0125473
0.0125471
0.0125469
0.0125466
0.0125464
0.0125462
0.0125459
0.0125457
0.0125455
0.0125452
0.012545
0.0125448
0.0125445
0.0125443
0.0125441
0.0125439
0.0125436
0.0125434
0.0125432
0.0125429
0.0125427
0.0125425
0.0125423
0.012542
0.0125418
0.0125416
0.0125413
0.0125411
0.0125409
0.0125407
0.0125404
0.0125402
0.01254
0.0125397
0.0125395
0.0125393
0.0125391
0.0125388
0.0125386
0.0125384
0.0125382
0.0125379
0.0125377
0.0125375
0.0125372
0.012537
0.0125368
0.0125366
0.0125363
0.0125361
0.0125359
0.0125357
0.0125354
0.0125352
0.012535
0.0125348
0.0125345
0.0125343
0.0125341
0.0125339
0.0125336
0.0125334
0.0125332
0.012533
0.0125327
0.0125325
0.0125323
0.0125321
0.0125318
0.0125316
0.0125314
0.0125312
0.0125309
0.0125307
0.0125305
0.0125303
0.0125301
0.0125298
0.0125296
0.0125294
0.0125292
0.0125289
0.0125287
0.0125285
0.0125283
0.0125281
0.0125278
0.0125276
0.0125274
0.0125272
0.0125269
0.0125267
0.0125265
0.0125263
0.0125261
0.0125258
0.0125256
0.0125254
0.0125252
0.012525
0.0125247
0.0125245
0.0125243
0.0125241
0.0125239
0.0125236
0.0125234
0.0125232
0.012523
0.0125228
0.0125225
0.0125223
0.0125221
0.0125219
0.0125217
0.0125214
0.0125212
0.012521
0.0125208
0.0125206
0.0125203
0.0125201
0.0125199
0.0125197
0.0125195
0.0125193
0.012519
0.0125188
0.0125186
0.0125184
0.0125182
0.0125179
0.0125177
0.0125175
0.0125173
0.0125171
0.0125169
0.0125166
0.0125164
0.0125162
0.012516
0.0125158
0.0125156
0.0125153
0.0125151
0.0125149
0.0125147
0.0125145
0.0125143
0.012514
0.0125138
0.0125136
0.0125134
0.0125132
0.012513
0.0125128
0.0125125
0.0125123
0.0125121
0.0125119
0.0125117
0.0125115
0.0125113
0.012511
0.0125108
0.0125106
0.0125104
0.0125102
0.01251
0.0125098
0.0125095
0.0125093
0.0125091
0.0125089
0.0125087
0.0125085
0.0125083
0.012508
0.0125078
0.0125076
0.0125074
0.0125072
0.012507
0.0125068
0.0125066
0.0125063
0.0125061
0.0125059
0.0125057
0.0125055
0.0125053
0.0125051
0.0125049
0.0125047
0.0125044
0.0125042
0.012504
0.0125038
0.0125036
0.0125034
0.0125032
0.012503
0.0125028
0.0125025
0.0125023
0.0125021
0.0125019
0.0125017
0.0125015
0.0125013
0.0125011
0.0125009
0.0125007
0.0125004
0.0125002
0.0125
0.0124998
0.0124996
0.0124994
0.0124992
0.012499
0.0124988
0.0124986
0.0124984
0.0124981
0.0124979
0.0124977
0.0124975
0.0124973
0.0124971
0.0124969
0.0124967
0.0124965
0.0124963
0.0124961
0.0124959
0.0124957
0.0124954
0.0124952
0.012495
0.0124948
0.0124946
0.0124944
0.0124942
0.012494
0.0124938
0.0124936
0.0124934
0.0124932
0.012493
0.0124928
0.0124926
0.0124924
0.0124921
0.0124919
0.0124917
0.0124915
0.0124913
0.0124911
0.0124909
0.0124907
0.0124905
0.0124903
0.0124901
0.0124899
0.0124897
0.0124895
0.0124893
0.0124891
0.0124889
0.0124887
0.0124885
0.0124883
0.0124881
0.0124878
0.0124876
0.0124874
0.0124872
0.012487
0.0124868
0.0124866
0.0124864
0.0124862
0.012486
0.0124858
0.0124856
0.0124854
0.0124852
0.012485
0.0124848
0.0124846
0.0124844
0.0124842
0.012484
0.0124838
0.0124836
0.0124834
0.0124832
0.012483
0.0124828
0.0124826
0.0124824
0.0124822
0.012482
0.0124818
0.0124816
0.0124814
0.0124812
0.012481
0.0124808
0.0124806
0.0124804
0.0124802
0.01248
0.0124798
0.0124796
0.0124794
0.0124792
0.012479
0.0124788
0.0124786
0.0124784
0.0124782
0.012478
0.0124778
0.0124776
0.0124774
0.0124772
0.012477
0.0124768
0.0124766
0.0124764
0.0124762
0.012476
0.0124758
0.0124756
0.0124754
0.0124752
0.012475
0.0124748
0.0124746
0.0124744
0.0124742
0.012474
0.0124738
0.0124736
0.0124734
0.0124732
0.012473
0.0124728
0.0124726
0.0124724
0.0124722
0.012472
0.0124718
0.0124716
0.0124714
0.0124712
0.012471
0.0124708
0.0124707
0.0124705
0.0124703
0.0124701
0.0124699
0.0124697
0.0124695
0.0124693
0.0124691
0.0124689
0.0124687
0.0124685
0.0124683
0.0124681
0.0124679
0.0124677
0.0124675
0.0124673
0.0124671
0.0124669
0.0124667
0.0124666
0.0124664
0.0124662
0.012466
0.0124658
0.0124656
0.0124654
0.0124652
0.012465
0.0124648
0.0124646
0.0124644
0.0124642
0.012464
0.0124638
0.0124636
0.0124635
0.0124633
0.0124631
0.0124629
0.0124627
0.0124625
0.0124623
0.0124621
0.0124619
0.0124617
0.0124615
0.0124613
0.0124611
0.0124609
0.0124608
0.0124606
0.0124604
0.0124602
0.01246
0.0124598
0.0124596
0.0124594
0.0124592
0.012459
0.0124588
0.0124587
0.0124585
0.0124583
0.0124581
0.0124579
0.0124577
0.0124575
0.0124573
0.0124571
0.0124569
0.0124567
0.0124566
0.0124564
0.0124562
0.012456
0.0124558
0.0124556
0.0124554
0.0124552
0.012455
0.0124548
0.0124547
0.0124545
0.0124543
0.0124541
0.0124539
0.0124537
0.0124535
0.0124533
0.0124531
0.012453
0.0124528
0.0124526
0.0124524
0.0124522
0.012452
0.0124518
0.0124516
0.0124515
0.0124513
0.0124511
0.0124509
0.0124507
0.0124505
0.0124503
0.0124501
0.01245
0.0124498
0.0124496
0.0124494
0.0124492
0.012449
0.0124488
0.0124486
0.0124485
0.0124483
0.0124481
0.0124479
0.0124477
0.0124475
0.0124473
0.0124472
0.012447
0.0124468
0.0124466
0.0124464
0.0124462
0.012446
0.0124459
0.0124457
0.0124455
0.0124453
0.0124451
0.0124449
0.0124447
0.0124446
0.0124444
0.0124442
0.012444
0.0124438
0.0124436
0.0124434
0.0124433
0.0124431
0.0124429
0.0124427
0.0124425
0.0124423
0.0124422
0.012442
0.0124418
0.0124416
0.0124414
0.0124412
0.0124411
0.0124409
0.0124407
0.0124405
0.0124403
0.0124401
0.01244
0.0124398
0.0124396
0.0124394
0.0124392
0.012439
0.0124389
0.0124387
0.0124385
0.0124383
0.0124381
0.0124379
0.0124378
0.0124376
0.0124374
0.0124372
0.012437
0.0124369
0.0124367
0.0124365
0.0124363
0.0124361
0.0124359
0.0124358
0.0124356
0.0124354
0.0124352
0.012435
0.0124349
0.0124347
0.0124345
0.0124343
0.0124341
0.012434
0.0124338
0.0124336
0.0124334
0.0124332
0.0124331
0.0124329
0.0124327
0.0124325
0.0124323
0.0124322
0.012432
0.0124318
0.0124316
0.0124314
0.0124313
0.0124311
0.0124309
0.0124307
0.0124305
0.0124304
0.0124302
0.01243
0.0124298
0.0124296
0.0124295
0.0124293
0.0124291
0.0124289
0.0124288
0.0124286
0.0124284
0.0124282
0.012428
0.0124279
0.0124277
0.0124275
0.0124273
0.0124272
0.012427
0.0124268
0.0124266
0.0124264
0.0124263
0.0124261
0.0124259
0.0124257
0.0124256
0.0124254
0.0124252
0.012425
0.0124248
0.0124247
0.0124245
0.0124243
0.0124241
0.012424
0.0124238
0.0124236
0.0124234
0.0124233
0.0124231
0.0124229
0.0124227
0.0124226
0.0124224
0.0124222
0.012422
0.0124219
0.0124217
0.0124215
0.0124213
0.0124212
0.012421
0.0124208
0.0124206
0.0124205
0.0124203
0.0124201
0.0124199
0.0124198
0.0124196
0.0124194
0.0124192
0.0124191
0.0124189
0.0124187
0.0124185
0.0124184
0.0124182
0.012418
0.0124178
0.0124177
0.0124175
0.0124173
0.0124171
0.012417
0.0124168
0.0124166
0.0124164
0.0124163
0.0124161
0.0124159
0.0124158
0.0124156
0.0124154
0.0124152
0.0124151
0.0124149
0.0124147
0.0124145
0.0124144
0.0124142
0.012414
0.0124139
0.0124137
0.0124135
0.0124133
0.0124132
0.012413
0.0124128
0.0124127
0.0124125
0.0124123
0.0124121
0.012412
0.0124118
0.0124116
0.0124115
0.0124113
0.0124111
0.0124109
0.0124108
0.0124106
0.0124104
0.0124103
0.0124101
0.0124099
0.0124097
0.0124096
0.0124094
0.0124092
0.0124091
0.0124089
0.0124087
0.0124086
0.0124084
0.0124082
0.012408
0.0124079
0.0124077
0.0124075
0.0124074
0.0124072
0.012407
0.0124069
0.0124067
0.0124065
0.0124063
0.0124062
0.012406
0.0124058
0.0124057
0.0124055
0.0124053
0.0124052
0.012405
0.0124048
0.0124047
0.0124045
0.0124043
0.0124042
0.012404
0.0124038
0.0124036
0.0124035
0.0124033
0.0124031
0.012403
0.0124028
0.0124026
0.0124025
0.0124023
0.0124021
0.012402
0.0124018
0.0124016
0.0124015
0.0124013
0.0124011
0.012401
0.0124008
0.0124006
0.0124005
0.0124003
0.0124001
0.0124
0.0123998
0.0123996
0.0123995
0.0123993
0.0123991
0.012399
0.0123988
0.0123986
0.0123985
0.0123983
0.0123981
0.012398
0.0123978
0.0123976
0.0123975
0.0123973
0.0123971
0.012397
0.0123968
0.0123966
0.0123965
0.0123963
0.0123962
0.012396
0.0123958
0.0123957
0.0123955
0.0123953
0.0123952
0.012395
0.0123948
0.0123947
0.0123945
0.0123943
0.0123942
0.012394
0.0123938
0.0123937
0.0123935
0.0123934
0.0123932
0.012393
0.0123929
0.0123927
0.0123925
0.0123924
0.0123922
0.012392
0.0123919
0.0123917
0.0123916
0.0123914
0.0123912
0.0123911
0.0123909
0.0123907
0.0123906
0.0123904
0.0123903
0.0123901
0.0123899
0.0123898
0.0123896
0.0123894
0.0123893
0.0123891
0.012389
0.0123888
0.0123886
0.0123885
0.0123883
0.0123881
0.012388
0.0123878
0.0123877
0.0123875
0.0123873
0.0123872
0.012387
0.0123868
0.0123867
0.0123865
0.0123864
0.0123862
0.012386
0.0123859
0.0123857
0.0123856
0.0123854
0.0123852
0.0123851
0.0123849
0.0123848
0.0123846
0.0123844
0.0123843
0.0123841
0.012384
0.0123838
0.0123836
0.0123835
0.0123833
0.0123832
0.012383
0.0123828
0.0123827
0.0123825
0.0123824
0.0123822
0.012382
0.0123819
0.0123817
0.0123816
0.0123814
0.0123812
0.0123811
0.0123809
0.0123808
0.0123806
0.0123804
0.0123803
0.0123801
0.01238
0.0123798
0.0123797
0.0123795
0.0123793
0.0123792
0.012379
0.0123789
0.0123787
0.0123785
0.0123784
0.0123782
0.0123781
0.0123779
0.0123778
0.0123776
0.0123774
0.0123773
0.0123771
0.012377
0.0123768
0.0123766
0.0123765
0.0123763
0.0123762
0.012376
0.0123759
0.0123757
0.0123755
0.0123754
0.0123752
0.0123751
0.0123749
0.0123748
0.0123746
0.0123745
0.0123743
0.0123741
0.012374
0.0123738
0.0123737
0.0123735
0.0123734
0.0123732
0.012373
0.0123729
0.0123727
0.0123726
0.0123724
0.0123723
0.0123721
0.012372
0.0123718
0.0123716
0.0123715
0.0123713
0.0123712
0.012371
0.0123709
0.0123707
0.0123706
0.0123704
0.0123702
0.0123701
0.0123699
0.0123698
0.0123696
0.0123695
0.0123693
0.0123692
0.012369
0.0123689
0.0123687
0.0123685
0.0123684
0.0123682
0.0123681
0.0123679
0.0123678
0.0123676
0.0123675
0.0123673
0.0123672
0.012367
0.0123669
0.0123667
0.0123665
0.0123664
0.0123662
0.0123661
0.0123659
0.0123658
0.0123656
0.0123655
0.0123653
0.0123652
0.012365
0.0123649
0.0123647
0.0123646
0.0123644
0.0123642
0.0123641
0.0123639
0.0123638
0.0123636
0.0123635
0.0123633
0.0123632
0.012363
0.0123629
0.0123627
0.0123626
0.0123624
0.0123623
0.0123621
0.012362
0.0123618
0.0123617
0.0123615
0.0123614
0.0123612
0.0123611
0.0123609
0.0123608
0.0123606
0.0123604
0.0123603
0.0123601
0.01236
0.0123598
0.0123597
0.0123595
0.0123594
0.0123592
0.0123591
0.0123589
0.0123588
0.0123586
0.0123585
0.0123583
0.0123582
0.012358
0.0123579
0.0123577
0.0123576
0.0123574
0.0123573
0.0123571
0.012357
0.0123568
0.0123567
0.0123565
0.0123564
0.0123562
0.0123561
0.0123559
0.0123558
0.0123556
0.0123555
0.0123553
0.0123552
0.012355
0.0123549
0.0123547
0.0123546
0.0123544
0.0123543
0.0123541
0.012354
0.0123539
0.0123537
0.0123536
0.0123534
0.0123533
0.0123531
0.012353
0.0123528
0.0123527
0.0123525
0.0123524
0.0123522
0.0123521
0.0123519
0.0123518
0.0123516
0.0123515
0.0123513
0.0123512
0.012351
0.0123509
0.0123507
0.0123506
0.0123504
0.0123503
0.0123502
0.01235
0.0123499
0.0123497
0.0123496
0.0123494
0.0123493
0.0123491
0.012349
0.0123488
0.0123487
0.0123485
0.0123484
0.0123482
0.0123481
0.0123479
0.0123478
0.0123477
0.0123475
0.0123474
0.0123472
0.0123471
0.0123469
0.0123468
0.0123466
0.0123465
0.0123463
0.0123462
0.012346
0.0123459
0.0123458
0.0123456
0.0123455
0.0123453
0.0123452
0.012345
0.0123449
0.0123447
0.0123446
0.0123444
0.0123443
0.0123442
0.012344
0.0123439
0.0123437
0.0123436
0.0123434
0.0123433
0.0123431
0.012343
0.0123429
0.0123427
0.0123426
0.0123424
0.0123423
0.0123421
0.012342
0.0123418
0.0123417
0.0123416
0.0123414
0.0123413
0.0123411
0.012341
0.0123408
0.0123407
0.0123405
0.0123404
0.0123403
0.0123401
0.01234
0.0123398
0.0123397
0.0123395
0.0123394
0.0123393
0.0123391
0.012339
0.0123388
0.0123387
0.0123385
0.0123384
0.0123383
0.0123381
0.012338
0.0123378
0.0123377
0.0123375
0.0123374
0.0123373
0.0123371
0.012337
0.0123368
0.0123367
0.0123365
0.0123364
0.0123363
0.0123361
0.012336
0.0123358
0.0123357
0.0123355
0.0123354
0.0123353
0.0123351
0.012335
0.0123348
0.0123347
0.0123346
0.0123344
0.0123343
0.0123341
0.012334
0.0123339
0.0123337
0.0123336
0.0123334
0.0123333
0.0123331
0.012333
0.0123329
0.0123327
0.0123326
0.0123324
0.0123323
0.0123322
0.012332
0.0123319
0.0123317
0.0123316
0.0123315
0.0123313
0.0123312
0.012331
0.0123309
0.0123308
0.0123306
0.0123305
0.0123303
0.0123302
0.0123301
0.0123299
0.0123298
0.0123296
0.0123295
0.0123294
0.0123292
0.0123291
0.0123289
0.0123288
0.0123287
0.0123285
0.0123284
0.0123282
0.0123281
0.012328
0.0123278
0.0123277
0.0123275
0.0123274
0.0123273
0.0123271
0.012327
0.0123269
0.0123267
0.0123266
0.0123264
0.0123263
0.0123262
0.012326
0.0123259
0.0123257
0.0123256
0.0123255
0.0123253
0.0123252
0.0123251
0.0123249
0.0123248
0.0123246
0.0123245
0.0123244
0.0123242
0.0123241
0.0123239
0.0123238
0.0123237
0.0123235
0.0123234
0.0123233
0.0123231
0.012323
0.0123228
0.0123227
0.0123226
0.0123224
0.0123223
0.0123222
0.012322
0.0123219
0.0123218
0.0123216
0.0123215
0.0123213
0.0123212
0.0123211
0.0123209
0.0123208
0.0123207
0.0123205
0.0123204
0.0123202
0.0123201
0.01232
0.0123198
0.0123197
0.0123196
0.0123194
0.0123193
0.0123192
0.012319
0.0123189
0.0123188
0.0123186
0.0123185
0.0123183
0.0123182
0.0123181
0.0123179
0.0123178
0.0123177
0.0123175
0.0123174
0.0123173
0.0123171
0.012317
0.0123169
0.0123167
0.0123166
0.0123165
0.0123163
0.0123162
0.012316
0.0123159
0.0123158
0.0123156
0.0123155
0.0123154
0.0123152
0.0123151
0.012315
0.0123148
0.0123147
0.0123146
0.0123144
0.0123143
0.0123142
0.012314
0.0123139
0.0123138
0.0123136
0.0123135
0.0123134
0.0123132
0.0123131
0.012313
0.0123128
0.0123127
0.0123126
0.0123124
0.0123123
0.0123122
0.012312
0.0123119
0.0123118
0.0123116
0.0123115
0.0123114
0.0123112
0.0123111
0.012311
0.0123108
0.0123107
0.0123106
0.0123104
0.0123103
0.0123102
0.01231
0.0123099
0.0123098
0.0123096
0.0123095
0.0123094
0.0123092
0.0123091
0.012309
0.0123088
0.0123087
0.0123086
0.0123084
0.0123083
0.0123082
0.012308
0.0123079
0.0123078
0.0123076
0.0123075
0.0123074
0.0123073
0.0123071
0.012307
0.0123069
0.0123067
0.0123066
0.0123065
0.0123063
0.0123062
0.0123061
0.0123059
0.0123058
0.0123057
0.0123055
0.0123054
0.0123053
0.0123051
0.012305
0.0123049
0.0123048
0.0123046
0.0123045
0.0123044
0.0123042
0.0123041
0.012304
0.0123038
0.0123037
0.0123036
0.0123035
0.0123033
0.0123032
0.0123031
0.0123029
0.0123028
0.0123027
0.0123025
0.0123024
0.0123023
0.0123021
0.012302
0.0123019
0.0123018
0.0123016
0.0123015
0.0123014
0.0123012
0.0123011
0.012301
0.0123009
0.0123007
0.0123006
0.0123005
0.0123003
0.0123002
0.0123001
0.0122999
0.0122998
0.0122997
0.0122996
0.0122994
0.0122993
0.0122992
0.012299
0.0122989
0.0122988
0.0122987
0.0122985
0.0122984
0.0122983
0.0122981
0.012298
0.0122979
0.0122978
0.0122976
0.0122975
0.0122974
0.0122972
0.0122971
0.012297
0.0122969
0.0122967
0.0122966
0.0122965
0.0122963
0.0122962
0.0122961
0.012296
0.0122958
0.0122957
0.0122956
0.0122955
0.0122953
0.0122952
0.0122951
0.0122949
0.0122948
0.0122947
0.0122946
0.0122944
0.0122943
0.0122942
0.0122941
0.0122939
0.0122938
0.0122937
0.0122935
0.0122934
0.0122933
0.0122932
0.012293
0.0122929
0.0122928
0.0122927
0.0122925
0.0122924
0.0122923
0.0122922
0.012292
0.0122919
0.0122918
0.0122916
0.0122915
0.0122914
0.0122913
0.0122911
0.012291
0.0122909
0.0122908
0.0122906
0.0122905
0.0122904
0.0122903
0.0122901
0.01229
0.0122899
0.0122898
0.0122896
0.0122895
0.0122894
0.0122893
0.0122891
0.012289
0.0122889
0.0122888
0.0122886
0.0122885
0.0122884
0.0122883
0.0122881
0.012288
0.0122879
0.0122878
0.0122876
0.0122875
0.0122874
0.0122873
0.0122871
0.012287
0.0122869
0.0122868
0.0122866
0.0122865
0.0122864
0.0122863
0.0122861
0.012286
0.0122859
0.0122858
0.0122856
0.0122855
0.0122854
0.0122853
0.0122851
0.012285
0.0122849
0.0122848
0.0122846
0.0122845
0.0122844
0.0122843
0.0122841
0.012284
0.0122839
0.0122838
0.0122837
0.0122835
0.0122834
0.0122833
0.0122832
0.012283
0.0122829
0.0122828
0.0122827
0.0122825
0.0122824
0.0122823
0.0122822
0.0122821
0.0122819
0.0122818
0.0122817
0.0122816
0.0122814
0.0122813
0.0122812
0.0122811
0.0122809
0.0122808
0.0122807
0.0122806
0.0122805
0.0122803
0.0122802
0.0122801
0.01228
0.0122798
0.0122797
0.0122796
0.0122795
0.0122794
0.0122792
0.0122791
0.012279
0.0122789
0.0122787
0.0122786
0.0122785
0.0122784
0.0122783
0.0122781
0.012278
0.0122779
0.0122778
0.0122776
0.0122775
0.0122774
0.0122773
0.0122772
0.012277
0.0122769
0.0122768
0.0122767
0.0122766
0.0122764
0.0122763
0.0122762
0.0122761
0.012276
0.0122758
0.0122757
0.0122756
0.0122755
0.0122753
0.0122752
0.0122751
0.012275
0.0122749
0.0122747
0.0122746
0.0122745
0.0122744
0.0122743
0.0122741
0.012274
0.0122739
0.0122738
0.0122737
0.0122735
0.0122734
0.0122733
0.0122732
0.0122731
0.0122729
0.0122728
0.0122727
0.0122726
0.0122725
0.0122723
0.0122722
0.0122721
0.012272
0.0122719
0.0122717
0.0122716
0.0122715
0.0122714
0.0122713
0.0122711
0.012271
0.0122709
0.0122708
0.0122707
0.0122706
0.0122704
0.0122703
0.0122702
0.0122701
0.01227
0.0122698
0.0122697
0.0122696
0.0122695
0.0122694
0.0122692
0.0122691
0.012269
0.0122689
0.0122688
0.0122687
0.0122685
0.0122684
0.0122683
0.0122682
0.0122681
0.0122679
0.0122678
0.0122677
0.0122676
0.0122675
0.0122673
0.0122672
0.0122671
0.012267
0.0122669
0.0122668
0.0122666
0.0122665
0.0122664
0.0122663
0.0122662
0.0122661
0.0122659
0.0122658
0.0122657
0.0122656
0.0122655
0.0122653
0.0122652
0.0122651
0.012265
0.0122649
0.0122648
0.0122646
0.0122645
0.0122644
0.0122643
0.0122642
0.0122641
0.0122639
0.0122638
0.0122637
0.0122636
0.0122635
0.0122634
0.0122632
0.0122631
0.012263
0.0122629
0.0122628
0.0122627
0.0122625
0.0122624
0.0122623
0.0122622
0.0122621
0.012262
0.0122618
0.0122617
0.0122616
0.0122615
0.0122614
0.0122613
0.0122611
0.012261
0.0122609
0.0122608
0.0122607
0.0122606
0.0122605
0.0122603
0.0122602
0.0122601
0.01226
0.0122599
0.0122598
0.0122596
0.0122595
0.0122594
0.0122593
0.0122592
0.0122591
0.0122589
0.0122588
0.0122587
0.0122586
0.0122585
0.0122584
0.0122583
0.0122581
0.012258
0.0122579
0.0122578
0.0122577
0.0122576
0.0122575
0.0122573
0.0122572
0.0122571
0.012257
0.0122569
0.0122568
0.0122567
0.0122565
0.0122564
0.0122563
0.0122562
0.0122561
0.012256
0.0122559
0.0122557
0.0122556
0.0122555
0.0122554
0.0122553
0.0122552
0.0122551
0.0122549
0.0122548
0.0122547
0.0122546
0.0122545
0.0122544
0.0122543
0.0122541
0.012254
0.0122539
0.0122538
0.0122537
0.0122536
0.0122535
0.0122533
0.0122532
0.0122531
0.012253
0.0122529
0.0122528
0.0122527
0.0122526
0.0122524
0.0122523
0.0122522
0.0122521
0.012252
0.0122519
0.0122518
0.0122516
0.0122515
0.0122514
0.0122513
0.0122512
0.0122511
0.012251
0.0122509
0.0122507
0.0122506
0.0122505
0.0122504
0.0122503
0.0122502
0.0122501
0.01225
0.0122498
0.0122497
0.0122496
0.0122495
0.0122494
0.0122493
0.0122492
0.0122491
0.0122489
0.0122488
0.0122487
0.0122486
0.0122485
0.0122484
0.0122483
0.0122482
0.0122481
0.0122479
0.0122478
0.0122477
0.0122476
0.0122475
0.0122474
0.0122473
0.0122472
0.012247
0.0122469
0.0122468
0.0122467
0.0122466
0.0122465
0.0122464
0.0122463
0.0122462
0.012246
0.0122459
0.0122458
0.0122457
0.0122456
0.0122455
0.0122454
0.0122453
0.0122452
0.012245
0.0122449
0.0122448
0.0122447
0.0122446
0.0122445
0.0122444
0.0122443
0.0122442
0.0122441
0.0122439
0.0122438
0.0122437
0.0122436
0.0122435
0.0122434
0.0122433
0.0122432
0.0122431
0.0122429
0.0122428
0.0122427
0.0122426
0.0122425
0.0122424
0.0122423
0.0122422
0.0122421
0.012242
0.0122418
0.0122417
0.0122416
0.0122415
0.0122414
0.0122413
0.0122412
0.0122411
0.012241
0.0122409
0.0122408
0.0122406
0.0122405
0.0122404
0.0122403
0.0122402
0.0122401
0.01224
0.0122399
0.0122398
0.0122397
0.0122396
0.0122394
0.0122393
0.0122392
0.0122391
0.012239
0.0122389
0.0122388
0.0122387
0.0122386
0.0122385
0.0122384
