0.5
0.495025
0.490099
0.485223
0.480395
0.475615
0.470882
0.466197
0.461558
0.456966
0.452419
0.447917
0.44346
0.439048
0.434679
0.430354
0.426072
0.421832
0.417635
0.41348
0.409365
0.405292
0.401259
0.397267
0.393314
0.3894
0.385526
0.38169
0.377892
0.374132
0.370409
0.366723
0.363075
0.359462
0.355885
0.352344
0.348838
0.345367
0.341931
0.338528
0.33516
0.331825
0.328523
0.325255
0.322018
0.318814
0.315642
0.312501
0.309392
0.306313
0.303265
0.300248
0.29726
0.294302
0.291374
0.288475
0.285605
0.282763
0.279949
0.277164
0.274406
0.271675
0.268972
0.266296
0.263646
0.261023
0.258426
0.255854
0.253309
0.250788
0.248293
0.245822
0.243376
0.240955
0.238557
0.236184
0.233834
0.231507
0.229204
0.226923
0.224665
0.22243
0.220217
0.218026
0.215857
0.213709
0.211583
0.209478
0.207394
0.20533
0.203288
0.201265
0.199263
0.197281
0.195318
0.193375
0.191452
0.189548
0.187662
0.185796
0.183948
0.182119
0.180308
0.178516
0.176741
0.174984
0.173245
0.171523
0.169818
0.168131
0.166461
0.164807
0.163171
0.161551
0.159947
0.15836
0.156789
0.155234
0.153695
0.152172
0.150664
0.149172
0.147696
0.146234
0.144789
0.143358
0.141942
0.140541
0.139156
0.137785
0.136428
0.135087
0.13376
0.132447
0.131149
0.129866
0.128596
0.127341
0.126101
0.124874
0.123662
0.122464
0.12128
0.12011
0.118955
0.117813
0.116686
0.115573
0.114474
0.113389
0.112318
0.111261
0.110219
0.109191
0.108177
0.107178
0.106193
0.105222
0.104266
0.103324
0.102397
0.101484
0.100586
0.0997024
0.0988336
0.0979796
0.0971404
0.0963161
0.0955065
0.0947119
0.0939323
0.0931676
0.0924178
0.0916831
0.0909633
0.0902586
0.0895689
0.0888941
0.0882343
0.0875895
0.0869595
0.0863444
0.0857441
0.0851585
0.0845876
0.0840312
0.0834893
0.0829618
0.0824485
0.0819494
0.0814642
0.0809928
0.0805352
0.080091
0.0796602
0.0792426
0.0788379
0.078446
0.0780667
0.0776997
0.0773448
0.0770019
0.0766706
0.0763508
0.0760422
0.0757446
0.0754577
0.0751813
0.0749151
0.0746589
0.0744124
0.0741754
0.0739476
0.0737288
0.0735187
0.0733171
0.0731237
0.0729383
0.0727607
0.0725905
0.0724277
0.0722719
0.0721229
0.0719805
0.0718444
0.0717146
0.0715906
0.0714725
0.0713598
0.0712525
0.0711504
0.0710532
0.0709608
0.070873
0.0707896
0.0707105
0.0706355
0.0705645
0.0704972
0.0704336
0.0703735
0.0703168
0.0702633
0.0702129
0.0701655
0.0701209
0.0700791
0.0700399
0.0700032
0.0699689
0.069937
0.0699073
0.0698797
0.0698541
0.0698305
0.0698087
0.0697887
0.0697705
0.0697538
0.0697388
0.0697252
0.0697131
0.0697023
0.0696928
0.0696846
0.0696776
0.0696717
0.069667
0.0696632
0.0696605
0.0696587
0.0696578
0.0696578
0.0696586
0.0696602
0.0696626
0.0696657
0.0696694
0.0696738
0.0696789
0.0696845
0.0696907
0.0696975
0.0697047
0.0697125
0.0697207
0.0697294
0.0697385
0.069748
0.0697578
0.0697681
0.0697787
0.0697896
0.0698008
0.0698124
0.0698242
0.0698363
0.0698486
0.0698612
0.0698741
0.0698871
0.0699004
0.0699138
0.0699274
0.0699413
0.0699552
0.0699694
0.0699837
0.0699981
0.0700127
0.0700274
0.0700422
0.0700571
0.0700722
0.0700873
0.0701025
0.0701178
0.0701332
0.0701487
0.0701643
0.0701799
0.0701956
0.0702114
0.0702272
0.070243
0.0702589
0.0702749
0.0702909
0.0703069
0.070323
0.0703391
0.0703552
0.0703714
0.0703876
0.0704038
0.07042
0.0704363
0.0704525
0.0704688
0.0704851
0.0705014
0.0705177
0.070534
0.0705504
0.0705667
0.070583
0.0705994
0.0706157
0.070632
0.0706484
0.0706647
0.070681
0.0706974
0.0707137
0.07073
0.0707463
0.0707626
0.0707789
0.0707952
0.0708115
0.0708277
0.070844
0.0708602
0.0708765
0.0708927
0.0709089
0.0709251
0.0709412
0.0709574
0.0709736
0.0709897
0.0710058
0.0710219
0.071038
0.0710541
0.0710702
0.0710862
0.0711022
0.0711183
0.0711343
0.0711502
0.0711662
0.0711821
0.0711981
0.071214
0.0712299
0.0712458
0.0712616
0.0712775
0.0712933
0.0713091
0.0713249
0.0713407
0.0713564
0.0713722
0.0713879
0.0714036
0.0714193
0.071435
0.0714506
0.0714663
0.0714819
0.0714975
0.0715131
0.0715287
0.0715442
0.0715598
0.0715753
0.0715908
0.0716063
0.0716217
0.0716372
0.0716526
0.0716681
0.0716835
0.0716989
0.0717142
0.0717296
0.0717449
0.0717602
0.0717756
0.0717908
0.0718061
0.0718214
0.0718366
0.0718519
0.0718671
0.0718823
0.0718975
0.0719126
0.0719278
0.0719429
0.0719581
0.0719732
0.0719883
0.0720034
0.0720184
0.0720335
0.0720485
0.0720636
0.0720786
0.0720936
0.0721086
0.0721235
0.0721385
0.0721534
0.0721684
0.0721833
0.0721982
0.0722131
0.072228
0.0722428
0.0722577
0.0722725
0.0722874
0.0723022
0.072317
0.0723318
0.0723466
0.0723613
0.0723761
0.0723908
0.0724056
0.0724203
0.072435
0.0724497
0.0724644
0.0724791
0.0724937
0.0725084
0.072523
0.0725377
0.0725523
0.0725669
0.0725815
0.0725961
0.0726107
0.0726253
0.0726398
0.0726544
0.0726689
0.0726835
0.072698
0.0727125
0.072727
0.0727415
0.072756
0.0727705
0.0727849
0.0727994
0.0728138
0.0728283
0.0728427
0.0728571
0.0728715
0.0728859
0.0729003
0.0729147
0.0729291
0.0729435
0.0729578
0.0729722
0.0729865
0.0730009
0.0730152
0.0730295
0.0730438
0.0730581
0.0730724
0.0730867
0.073101
0.0731153
0.0731296
0.0731438
0.0731581
0.0731723
0.0731866
0.0732008
0.073215
0.0732293
0.0732435
0.0732577
0.0732719
0.0732861
0.0733003
0.0733145
0.0733286
0.0733428
0.073357
0.0733711
0.0733853
0.0733994
0.0734136
0.0734277
0.0734418
0.073456
0.0734701
0.0734842
0.0734983
0.0735124
0.0735265
0.0735406
0.0735547
0.0735688
0.0735828
0.0735969
0.073611
0.073625
0.0736391
0.0736531
0.0736672
0.0736812
0.0736953
0.0737093
0.0737233
0.0737374
0.0737514
0.0737654
0.0737794
0.0737934
0.0738074
0.0738214
0.0738354
0.0738494
0.0738634
0.0738774
0.0738914
0.0739053
0.0739193
0.0739333
0.0739473
0.0739612
0.0739752
0.0739891
0.0740031
0.074017
0.074031
0.0740449
0.0740589
0.0740728
0.0740867
0.0741007
0.0741146
0.0741285
0.0741425
0.0741564
0.0741703
0.0741842
0.0741981
0.074212
0.0742259
0.0742398
0.0742538
0.0742677
0.0742816
0.0742954
0.0743093
0.0743232
0.0743371
0.074351
0.0743649
0.0743788
0.0743927
0.0744065
0.0744204
0.0744343
0.0744482
0.074462
0.0744759
0.0744898
0.0745037
0.0745175
0.0745314
0.0745453
0.0745591
0.074573
0.0745868
0.0746007
0.0746146
0.0746284
0.0746423
0.0746561
0.07467
0.0746838
0.0746977
0.0747115
0.0747254
0.0747392
0.0747531
0.0747669
0.0747808
0.0747946
0.0748085
0.0748223
0.0748361
0.07485
0.0748638
0.0748777
0.0748915
0.0749054
0.0749192
0.074933
0.0749469
0.0749607
0.0749746
0.0749884
0.0750022
0.0750161
0.0750299
0.0750438
0.0750576
0.0750714
0.0750853
0.0750991
0.075113
0.0751268
0.0751406
0.0751545
0.0751683
0.0751822
0.075196
0.0752099
0.0752237
0.0752375
0.0752514
0.0752652
0.0752791
0.0752929
0.0753068
0.0753206
0.0753345
0.0753483
0.0753622
0.075376
0.0753899
0.0754037
0.0754176
0.0754314
0.0754453
0.0754591
0.075473
0.0754868
0.0755007
0.0755146
0.0755284
0.0755423
0.0755561
0.07557
0.0755839
0.0755977
0.0756116
0.0756255
0.0756394
0.0756532
0.0756671
0.075681
0.0756949
0.0757087
0.0757226
0.0757365
0.0757504
0.0757643
0.0757781
0.075792
0.0758059
0.0758198
0.0758337
0.0758476
0.0758615
0.0758754
0.0758893
0.0759032
0.0759171
0.075931
0.0759449
0.0759588
0.0759727
0.0759867
0.0760006
0.0760145
0.0760284
0.0760423
0.0760563
0.0760702
0.0760841
0.076098
0.076112
0.0761259
0.0761398
0.0761538
0.0761677
0.0761817
0.0761956
0.0762096
0.0762235
0.0762375
0.0762514
0.0762654
0.0762794
0.0762933
0.0763073
0.0763213
0.0763352
0.0763492
0.0763632
0.0763772
0.0763911
0.0764051
0.0764191
0.0764331
0.0764471
0.0764611
0.0764751
0.0764891
0.0765031
0.0765171
0.0765311
0.0765451
0.0765592
0.0765732
0.0765872
0.0766012
0.0766153
0.0766293
0.0766433
0.0766574
0.0766714
0.0766854
0.0766995
0.0767135
0.0767276
0.0767417
0.0767557
0.0767698
0.0767838
0.0767979
0.076812
0.0768261
0.0768401
0.0768542
0.0768683
0.0768824
0.0768965
0.0769106
0.0769247
0.0769388
0.0769529
0.076967
0.0769811
0.0769952
0.0770094
0.0770235
0.0770376
0.0770517
0.0770659
0.07708
0.0770942
0.0771083
0.0771224
0.0771366
0.0771508
0.0771649
0.0771791
0.0771932
0.0772074
0.0772216
0.0772358
0.07725
0.0772641
0.0772783
0.0772925
0.0773067
0.0773209
0.0773351
0.0773493
0.0773636
0.0773778
0.077392
0.0774062
0.0774204
0.0774347
0.0774489
0.0774632
0.0774774
0.0774916
0.0775059
0.0775202
0.0775344
0.0775487
0.077563
0.0775772
0.0775915
0.0776058
0.0776201
0.0776344
0.0776487
0.077663
0.0776773
0.0776916
0.0777059
0.0777202
0.0777345
0.0777488
0.0777632
0.0777775
0.0777918
0.0778062
0.0778205
0.0778349
0.0778492
0.0778636
0.0778779
0.0778923
0.0779067
0.077921
0.0779354
0.0779498
0.0779642
0.0779786
0.077993
0.0780074
0.0780218
0.0780362
0.0780506
0.078065
0.0780794
0.0780939
0.0781083
0.0781227
0.0781372
0.0781516
0.0781661
0.0781805
0.078195
0.0782095
0.0782239
0.0782384
0.0782529
0.0782674
0.0782818
0.0782963
0.0783108
0.0783253
0.0783398
0.0783544
0.0783689
0.0783834
0.0783979
0.0784124
0.078427
0.0784415
0.0784561
0.0784706
0.0784852
0.0784997
0.0785143
0.0785288
0.0785434
0.078558
0.0785726
0.0785872
0.0786017
0.0786163
0.0786309
0.0786455
0.0786602
0.0786748
0.0786894
0.078704
0.0787186
0.0787333
0.0787479
0.0787626
0.0787772
0.0787919
0.0788065
0.0788212
0.0788358
0.0788505
0.0788652
0.0788799
0.0788946
0.0789093
0.078924
0.0789387
0.0789534
0.0789681
0.0789828
0.0789975
0.0790122
0.079027
0.0790417
0.0790565
0.0790712
0.079086
0.0791007
0.0791155
0.0791302
0.079145
0.0791598
0.0791746
0.0791894
0.0792042
0.079219
0.0792338
0.0792486
0.0792634
0.0792782
0.079293
0.0793078
0.0793227
0.0793375
0.0793524
0.0793672
0.0793821
0.0793969
0.0794118
0.0794266
0.0794415
0.0794564
0.0794713
0.0794862
0.0795011
0.079516
0.0795309
0.0795458
0.0795607
0.0795756
0.0795905
0.0796055
0.0796204
0.0796353
0.0796503
0.0796652
0.0796802
0.0796951
0.0797101
0.0797251
0.07974
0.079755
0.07977
0.079785
0.0798
0.079815
0.07983
0.079845
0.07986
0.0798751
0.0798901
0.0799051
0.0799202
0.0799352
0.0799502
0.0799653
0.0799804
0.0799954
0.0800105
0.0800256
0.0800406
0.0800557
0.0800708
0.0800859
0.080101
0.0801161
0.0801312
0.0801463
0.0801615
0.0801766
0.0801917
0.0802069
0.080222
0.0802372
0.0802523
0.0802675
0.0802826
0.0802978
0.080313
0.0803281
0.0803433
0.0803585
0.0803737
0.0803889
0.0804041
0.0804193
0.0804345
0.0804498
0.080465
0.0804802
0.0804954
0.0805107
0.0805259
0.0805412
0.0805564
0.0805717
0.080587
0.0806022
0.0806175
0.0806328
0.0806481
0.0806634
0.0806787
0.080694
0.0807093
0.0807246
0.0807399
0.0807552
0.0807706
0.0807859
0.0808013
0.0808166
0.0808319
0.0808473
0.0808627
0.080878
0.0808934
0.0809088
0.0809242
0.0809395
0.0809549
0.0809703
0.0809857
0.0810011
0.0810166
0.081032
0.0810474
0.0810628
0.0810783
0.0810937
0.0811091
0.0811246
0.08114
0.0811555
0.081171
0.0811864
0.0812019
0.0812174
0.0812329
0.0812484
0.0812639
0.0812794
0.0812949
0.0813104
0.0813259
0.0813414
0.0813569
0.0813725
0.081388
0.0814036
0.0814191
0.0814347
0.0814502
0.0814658
0.0814813
0.0814969
0.0815125
0.0815281
0.0815437
0.0815593
0.0815748
0.0815905
0.0816061
0.0816217
0.0816373
0.0816529
0.0816685
0.0816842
0.0816998
0.0817155
0.0817311
0.0817468
0.0817624
0.0817781
0.0817938
0.0818094
0.0818251
0.0818408
0.0818565
0.0818722
0.0818879
0.0819036
0.0819193
0.081935
0.0819507
0.0819664
0.0819822
0.0819979
0.0820136
0.0820294
0.0820451
0.0820609
0.0820766
0.0820924
0.0821082
0.082124
0.0821397
0.0821555
0.0821713
0.0821871
0.0822029
0.0822187
0.0822345
0.0822503
0.0822661
0.082282
0.0822978
0.0823136
0.0823295
0.0823453
0.0823612
0.082377
0.0823929
0.0824087
0.0824246
0.0824405
0.0824563
0.0824722
0.0824881
0.082504
0.0825199
0.0825358
0.0825517
0.0825676
0.0825835
0.0825994
0.0826154
0.0826313
0.0826472
0.0826632
0.0826791
0.0826951
0.082711
0.082727
0.0827429
0.0827589
0.0827749
0.0827908
0.0828068
0.0828228
0.0828388
0.0828548
0.0828708
0.0828868
0.0829028
0.0829188
0.0829348
0.0829509
0.0829669
0.0829829
0.082999
0.083015
0.083031
0.0830471
0.0830632
0.0830792
0.0830953
0.0831113
0.0831274
0.0831435
0.0831596
0.0831757
0.0831918
0.0832079
0.083224
0.0832401
0.0832562
0.0832723
0.0832884
0.0833045
0.0833206
0.0833368
0.0833529
0.0833691
0.0833852
0.0834014
0.0834175
0.0834337
0.0834498
0.083466
0.0834822
0.0834983
0.0835145
0.0835307
0.0835469
0.0835631
0.0835793
0.0835955
0.0836117
0.0836279
0.0836441
0.0836603
0.0836765
0.0836928
0.083709
0.0837252
0.0837415
0.0837577
0.083774
0.0837902
0.0838065
0.0838227
0.083839
0.0838553
0.0838715
0.0838878
0.0839041
0.0839204
0.0839367
0.083953
0.0839693
0.0839856
0.0840019
0.0840182
0.0840345
0.0840508
0.0840671
0.0840835
0.0840998
0.0841161
0.0841325
0.0841488
0.0841651
0.0841815
0.0841978
0.0842142
0.0842306
0.0842469
0.0842633
0.0842797
0.084296
0.0843124
0.0843288
0.0843452
0.0843616
0.084378
0.0843944
0.0844108
0.0844272
0.0844436
0.08446
0.0844764
0.0844929
0.0845093
0.0845257
0.0845421
0.0845586
0.084575
0.0845915
0.0846079
0.0846243
0.0846408
0.0846573
0.0846737
0.0846902
0.0847067
0.0847231
0.0847396
0.0847561
0.0847726
0.084789
0.0848055
0.084822
0.0848385
0.084855
0.0848715
0.084888
0.0849045
0.084921
0.0849376
0.0849541
0.0849706
0.0849871
0.0850037
0.0850202
0.0850367
0.0850533
0.0850698
0.0850863
0.0851029
0.0851194
0.085136
0.0851526
0.0851691
0.0851857
0.0852022
0.0852188
0.0852354
0.085252
0.0852685
0.0852851
0.0853017
0.0853183
0.0853349
0.0853515
0.0853681
0.0853847
0.0854013
0.0854179
0.0854345
0.0854511
0.0854677
0.0854843
0.0855009
0.0855176
0.0855342
0.0855508
0.0855675
0.0855841
0.0856007
0.0856174
0.085634
0.0856506
0.0856673
0.0856839
0.0857006
0.0857172
0.0857339
0.0857506
0.0857672
0.0857839
0.0858005
0.0858172
0.0858339
0.0858506
0.0858672
0.0858839
0.0859006
0.0859173
0.0859339
0.0859506
0.0859673
0.085984
0.0860007
0.0860174
0.0860341
0.0860508
0.0860675
0.0860842
0.0861009
0.0861176
0.0861343
0.086151
0.0861678
0.0861845
0.0862012
0.0862179
0.0862346
0.0862513
0.0862681
0.0862848
0.0863015
0.0863183
0.086335
0.0863517
0.0863685
0.0863852
0.0864019
0.0864187
0.0864354
0.0864522
0.0864689
0.0864856
0.0865024
0.0865191
0.0865359
0.0865526
0.0865694
0.0865862
0.0866029
0.0866197
0.0866364
0.0866532
0.0866699
0.0866867
0.0867035
0.0867202
0.086737
0.0867538
0.0867705
0.0867873
0.0868041
0.0868208
0.0868376
0.0868544
0.0868711
0.0868879
0.0869047
0.0869215
0.0869382
0.086955
0.0869718
0.0869886
0.0870054
0.0870221
0.0870389
0.0870557
0.0870725
0.0870893
0.087106
0.0871228
0.0871396
0.0871564
0.0871732
0.0871899
0.0872067
0.0872235
0.0872403
0.0872571
0.0872739
0.0872906
0.0873074
0.0873242
0.087341
0.0873578
0.0873746
0.0873913
0.0874081
0.0874249
0.0874417
0.0874585
0.0874752
0.087492
0.0875088
0.0875256
0.0875424
0.0875591
0.0875759
0.0875927
0.0876095
0.0876262
0.087643
0.0876598
0.0876766
0.0876933
0.0877101
0.0877269
0.0877437
0.0877604
0.0877772
0.087794
0.0878107
0.0878275
0.0878442
0.087861
0.0878778
0.0878945
0.0879113
0.087928
0.0879448
0.0879615
0.0879783
0.087995
0.0880118
0.0880285
0.0880453
0.088062
0.0880788
0.0880955
0.0881122
0.088129
0.0881457
0.0881624
0.0881791
0.0881959
0.0882126
0.0882293
0.088246
0.0882627
0.0882795
0.0882962
0.0883129
0.0883296
0.0883463
0.088363
0.0883797
0.0883964
0.0884131
0.0884298
0.0884464
0.0884631
0.0884798
0.0884965
0.0885132
0.0885298
0.0885465
0.0885631
0.0885798
0.0885965
0.0886131
0.0886298
0.0886464
0.088663
0.0886797
0.0886963
0.0887129
0.0887296
0.0887462
0.0887628
0.0887794
0.088796
0.0888126
0.0888292
0.0888458
0.0888624
0.088879
0.0888956
0.0889122
0.0889287
0.0889453
0.0889619
0.0889784
0.088995
0.0890115
0.0890281
0.0890446
0.0890612
0.0890777
0.0890942
0.0891107
0.0891272
0.0891437
0.0891602
0.0891767
0.0891932
0.0892097
0.0892262
0.0892427
0.0892591
0.0892756
0.089292
0.0893085
0.0893249
0.0893414
0.0893578
0.0893742
0.0893906
0.089407
0.0894234
0.0894398
0.0894562
0.0894726
0.089489
0.0895054
0.0895217
0.0895381
0.0895544
0.0895708
0.0895871
0.0896034
0.0896197
0.089636
0.0896523
0.0896686
0.0896849
0.0897012
0.0897175
0.0897337
0.08975
0.0897662
0.0897825
0.0897987
0.0898149
0.0898311
0.0898473
0.0898635
0.0898797
0.0898959
0.0899121
0.0899282
0.0899444
0.0899605
0.0899767
0.0899928
0.0900089
0.090025
0.0900411
0.0900572
0.0900733
0.0900894
0.0901054
0.0901215
0.0901375
0.0901535
0.0901696
0.0901856
0.0902016
0.0902175
0.0902335
0.0902495
0.0902655
0.0902814
0.0902973
0.0903133
0.0903292
0.0903451
0.090361
0.0903769
0.0903927
0.0904086
0.0904244
0.0904403
0.0904561
0.0904719
0.0904877
0.0905035
0.0905193
0.0905351
0.0905508
0.0905666
0.0905823
0.090598
0.0906137
0.0906294
0.0906451
0.0906608
0.0906764
0.0906921
0.0907077
0.0907233
0.090739
0.0907545
0.0907701
0.0907857
0.0908013
0.0908168
0.0908323
0.0908479
0.0908634
0.0908788
0.0908943
0.0909098
0.0909252
0.0909407
0.0909561
0.0909715
0.0909869
0.0910023
0.0910177
0.091033
0.0910484
0.0910637
0.091079
0.0910943
0.0911096
0.0911248
0.0911401
0.0911553
0.0911706
0.0911858
0.091201
0.0912161
0.0912313
0.0912465
0.0912616
0.0912767
0.0912918
0.0913069
0.091322
0.091337
0.0913521
0.0913671
0.0913821
0.0913971
0.0914121
0.0914271
0.091442
0.0914569
0.0914719
0.0914868
0.0915017
0.0915165
0.0915314
0.0915462
0.091561
0.0915758
0.0915906
0.0916054
0.0916202
0.0916349
0.0916496
0.0916643
0.091679
0.0916937
0.0917084
0.091723
0.0917376
0.0917522
0.0917668
0.0917814
0.0917959
0.0918105
0.091825
0.0918395
0.091854
0.0918685
0.0918829
0.0918973
0.0919118
0.0919262
0.0919405
0.0919549
0.0919693
0.0919836
0.0919979
0.0920122
0.0920265
0.0920407
0.092055
0.0920692
0.0920834
0.0920976
0.0921118
0.0921259
0.0921401
0.0921542
0.0921683
0.0921824
0.0921964
0.0922105
0.0922245
0.0922385
0.0922525
0.0922665
0.0922804
0.0922944
0.0923083
0.0923222
0.0923361
0.0923499
0.0923638
0.0923776
0.0923914
0.0924052
0.092419
0.0924327
0.0924465
0.0924602
0.0924739
0.0924875
0.0925012
0.0925149
0.0925285
0.0925421
0.0925557
0.0925692
0.0925828
0.0925963
0.0926098
0.0926233
0.0926368
0.0926503
0.0926637
0.0926771
0.0926905
0.0927039
0.0927173
0.0927306
0.092744
0.0927573
0.0927706
0.0927838
0.0927971
0.0928103
0.0928235
0.0928367
0.0928499
0.0928631
0.0928762
0.0928894
0.0929025
0.0929156
0.0929286
0.0929417
0.0929547
0.0929677
0.0929807
0.0929937
0.0930067
0.0930196
0.0930325
0.0930454
0.0930583
0.0930712
0.093084
0.0930968
0.0931097
0.0931225
0.0931352
0.093148
0.0931607
0.0931734
0.0931861
0.0931988
0.0932115
0.0932241
0.0932368
0.0932494
0.093262
0.0932745
0.0932871
0.0932996
0.0933122
0.0933247
0.0933371
0.0933496
0.0933621
0.0933745
0.0933869
0.0933993
0.0934117
0.093424
0.0934364
0.0934487
0.093461
0.0934733
0.0934855
0.0934978
0.09351
0.0935222
0.0935344
0.0935466
0.0935588
0.0935709
0.0935831
0.0935952
0.0936073
0.0936193
0.0936314
0.0936434
0.0936554
0.0936674
0.0936794
0.0936914
0.0937034
0.0937153
0.0937272
0.0937391
0.093751
0.0937629
0.0937747
0.0937865
0.0937983
0.0938101
0.0938219
0.0938337
0.0938454
0.0938572
0.0938689
0.0938806
0.0938922
0.0939039
0.0939155
0.0939272
0.0939388
0.0939504
0.093962
0.0939735
0.0939851
0.0939966
0.0940081
0.0940196
0.0940311
0.0940425
0.094054
0.0940654
0.0940768
0.0940882
0.0940996
0.0941109
0.0941223
0.0941336
0.0941449
0.0941562
0.0941675
0.0941787
0.09419
0.0942012
0.0942124
0.0942236
0.0942348
0.094246
0.0942571
0.0942683
0.0942794
0.0942905
0.0943016
0.0943126
0.0943237
0.0943347
0.0943457
0.0943567
0.0943677
0.0943787
0.0943897
0.0944006
0.0944115
0.0944224
0.0944333
0.0944442
0.0944551
0.0944659
0.0944768
0.0944876
0.0944984
0.0945092
0.0945199
0.0945307
0.0945414
0.0945521
0.0945628
0.0945735
0.0945842
0.0945949
0.0946055
0.0946161
0.0946268
0.0946374
0.0946479
0.0946585
0.0946691
0.0946796
0.0946901
0.0947006
0.0947111
0.0947216
0.0947321
0.0947425
0.094753
0.0947634
0.0947738
0.0947842
0.0947945
0.0948049
0.0948152
0.0948256
0.0948359
0.0948462
0.0948564
0.0948667
0.094877
0.0948872
0.0948974
0.0949076
0.0949178
0.094928
0.0949382
0.0949483
0.0949585
0.0949686
0.0949787
0.0949888
0.0949989
0.0950089
0.095019
0.095029
0.095039
0.095049
0.095059
0.095069
0.095079
0.0950889
0.0950988
0.0951088
0.0951187
0.0951286
0.0951384
0.0951483
0.0951581
0.095168
0.0951778
0.0951876
0.0951974
0.0952072
0.0952169
0.0952267
0.0952364
0.0952461
0.0952558
0.0952655
0.0952752
0.0952849
0.0952945
0.0953042
0.0953138
0.0953234
0.095333
0.0953426
0.0953521
0.0953617
0.0953712
0.0953808
0.0953903
0.0953998
0.0954093
0.0954188
0.0954282
0.0954377
0.0954471
0.0954565
0.0954659
0.0954753
0.0954847
0.0954941
0.0955034
0.0955128
0.0955221
0.0955314
0.0955407
0.09555
0.0955593
0.0955685
0.0955778
0.095587
0.0955962
0.0956055
0.0956147
0.0956238
0.095633
0.0956422
0.0956513
0.0956605
0.0956696
0.0956787
0.0956878
0.0956969
0.0957059
0.095715
0.095724
0.0957331
0.0957421
0.0957511
0.0957601
0.0957691
0.0957781
0.095787
0.095796
0.0958049
0.0958138
0.0958228
0.0958317
0.0958405
0.0958494
0.0958583
0.0958671
0.095876
0.0958848
0.0958936
0.0959024
0.0959112
0.09592
0.0959288
0.0959375
0.0959463
0.095955
0.0959638
0.0959725
0.0959812
0.0959899
0.0959985
0.0960072
0.0960159
0.0960245
0.0960332
0.0960418
0.0960504
0.096059
0.0960676
0.0960762
0.0960847
0.0960933
0.0961019
0.0961104
0.0961189
0.0961274
0.0961359
0.0961444
0.0961529
0.0961614
0.0961699
0.0961783
0.0961868
0.0961952
0.0962036
0.096212
0.0962204
0.0962288
0.0962372
0.0962456
0.096254
0.0962623
0.0962707
0.096279
0.0962873
0.0962956
0.0963039
0.0963122
0.0963205
0.0963288
0.0963371
0.0963453
0.0963536
0.0963618
0.09637
0.0963782
0.0963865
0.0963947
0.0964028
0.096411
0.0964192
0.0964274
0.0964355
0.0964437
0.0964518
0.0964599
0.0964681
0.0964762
0.0964843
0.0964924
0.0965005
0.0965085
0.0965166
0.0965247
0.0965327
0.0965408
0.0965488
0.0965568
0.0965648
0.0965728
0.0965808
0.0965888
0.0965968
0.0966048
0.0966128
0.0966207
0.0966287
0.0966366
0.0966446
0.0966525
0.0966604
0.0966683
0.0966762
0.0966841
0.096692
0.0966999
0.0967078
0.0967156
0.0967235
0.0967313
0.0967392
0.096747
0.0967548
0.0967627
0.0967705
0.0967783
0.0967861
0.0967939
0.0968017
0.0968094
0.0968172
0.096825
0.0968327
0.0968405
0.0968482
0.096856
0.0968637
0.0968714
0.0968791
0.0968868
0.0968945
0.0969022
0.0969099
0.0969176
0.0969253
0.0969329
0.0969406
0.0969483
0.0969559
0.0969636
0.0969712
0.0969788
0.0969864
0.0969941
0.0970017
0.0970093
0.0970169
0.0970244
0.097032
0.0970396
0.0970472
0.0970547
0.0970623
0.0970699
0.0970774
0.0970849
0.0970925
0.0971
0.0971075
0.097115
0.0971226
0.0971301
0.0971376
0.097145
0.0971525
0.09716
0.0971675
0.097175
0.0971824
0.0971899
0.0971973
0.0972048
0.0972122
0.0972196
0.0972271
0.0972345
0.0972419
0.0972493
0.0972567
0.0972641
0.0972715
0.0972789
0.0972863
0.0972936
0.097301
0.0973084
0.0973157
0.0973231
0.0973304
0.0973378
0.0973451
0.0973525
0.0973598
0.0973671
0.0973744
0.0973817
0.097389
0.0973963
0.0974036
0.0974109
0.0974182
0.0974255
0.0974327
0.09744
0.0974473
0.0974545
0.0974618
0.097469
0.0974762
0.0974835
0.0974907
0.0974979
0.0975051
0.0975123
0.0975195
0.0975267
0.0975339
0.0975411
0.0975483
0.0975555
0.0975627
0.0975698
0.097577
0.0975841
0.0975913
0.0975984
0.0976056
0.0976127
0.0976198
0.097627
0.0976341
0.0976412
0.0976483
0.0976554
0.0976625
0.0976696
0.0976767
0.0976838
0.0976908
0.0976979
0.097705
0.097712
0.0977191
0.0977261
0.0977332
0.0977402
0.0977472
0.0977543
0.0977613
0.0977683
0.0977753
0.0977823
0.0977893
0.0977963
0.0978033
0.0978103
0.0978172
0.0978242
0.0978312
0.0978381
0.0978451
0.097852
0.097859
0.0978659
0.0978728
0.0978797
0.0978867
0.0978936
0.0979005
0.0979074
0.0979143
0.0979212
0.097928
0.0979349
0.0979418
0.0979487
0.0979555
0.0979624
0.0979692
0.0979761
0.0979829
0.0979897
0.0979965
0.0980034
0.0980102
0.098017
0.0980238
0.0980306
0.0980374
0.0980441
0.0980509
0.0980577
0.0980644
0.0980712
0.0980779
0.0980847
0.0980914
0.0980982
0.0981049
0.0981116
0.0981183
0.098125
0.0981317
0.0981384
0.0981451
0.0981518
0.0981584
0.0981651
0.0981718
0.0981784
0.0981851
0.0981917
0.0981983
0.098205
0.0982116
0.0982182
0.0982248
0.0982314
0.098238
0.0982446
0.0982511
0.0982577
0.0982643
0.0982708
0.0982774
0.0982839
0.0982905
0.098297
0.0983035
0.09831
0.0983165
0.098323
0.0983295
0.098336
0.0983425
0.098349
0.0983554
0.0983619
0.0983683
0.0983748
0.0983812
0.0983876
0.0983941
0.0984005
0.0984069
0.0984133
0.0984197
0.098426
0.0984324
0.0984388
0.0984451
0.0984515
0.0984578
0.0984642
0.0984705
0.0984768
0.0984831
0.0984894
0.0984957
0.098502
0.0985083
0.0985146
0.0985208
0.0985271
0.0985333
0.0985396
0.0985458
0.098552
0.0985582
0.0985644
0.0985706
0.0985768
0.098583
0.0985892
0.0985953
0.0986015
0.0986076
0.0986138
0.0986199
0.098626
0.0986321
0.0986382
0.0986443
0.0986504
0.0986565
0.0986626
0.0986686
0.0986747
0.0986807
0.0986867
0.0986928
0.0986988
0.0987048
0.0987108
0.0987168
0.0987227
0.0987287
0.0987347
0.0987406
0.0987466
0.0987525
0.0987584
0.0987643
0.0987702
0.0987761
0.098782
0.0987879
0.0987938
0.0987996
0.0988055
0.0988113
0.0988171
0.0988229
0.0988287
0.0988345
0.0988403
0.0988461
0.0988519
0.0988576
0.0988634
0.0988691
0.0988749
0.0988806
0.0988863
0.098892
0.0988977
0.0989033
0.098909
0.0989147
0.0989203
0.098926
0.0989316
0.0989372
0.0989428
0.0989484
0.098954
0.0989596
0.0989651
0.0989707
0.0989762
0.0989818
0.0989873
0.0989928
0.0989983
0.0990038
0.0990093
0.0990147
0.0990202
0.0990256
0.0990311
0.0990365
0.0990419
0.0990473
0.0990527
0.0990581
0.0990634
0.0990688
0.0990742
0.0990795
0.0990848
0.0990901
0.0990954
0.0991007
0.099106
0.0991113
0.0991165
0.0991218
0.099127
0.0991322
0.0991374
0.0991426
0.0991478
0.099153
0.0991582
0.0991633
0.0991685
0.0991736
0.0991787
0.0991838
0.0991889
0.099194
0.0991991
0.0992041
0.0992092
0.0992142
0.0992192
0.0992242
0.0992292
0.0992342
0.0992392
0.0992442
0.0992491
0.099254
0.099259
0.0992639
0.0992688
0.0992737
0.0992786
0.0992834
0.0992883
0.0992931
0.0992979
0.0993028
0.0993076
0.0993123
0.0993171
0.0993219
0.0993266
0.0993314
0.0993361
0.0993408
0.0993455
0.0993502
0.0993549
0.0993595
0.0993642
0.0993688
0.0993735
0.0993781
0.0993827
0.0993872
0.0993918
0.0993964
0.0994009
0.0994055
0.09941
0.0994145
0.099419
0.0994235
0.0994279
0.0994324
0.0994368
0.0994413
0.0994457
0.0994501
0.0994545
0.0994588
0.0994632
0.0994675
0.0994719
0.0994762
0.0994805
0.0994848
0.0994891
0.0994933
0.0994976
0.0995018
0.0995061
0.0995103
0.0995145
0.0995187
0.0995228
0.099527
0.0995311
0.0995353
0.0995394
0.0995435
0.0995476
0.0995516
0.0995557
0.0995598
0.0995638
0.0995678
0.0995718
0.0995758
0.0995798
0.0995837
0.0995877
0.0995916
0.0995956
0.0995995
0.0996034
0.0996072
0.0996111
0.0996149
0.0996188
0.0996226
0.0996264
0.0996302
0.099634
0.0996377
0.0996415
0.0996452
0.099649
0.0996527
0.0996564
0.09966
0.0996637
0.0996673
0.099671
0.0996746
0.0996782
0.0996818
0.0996854
0.0996889
0.0996925
0.099696
0.0996995
0.099703
0.0997065
0.09971
0.0997135
0.0997169
0.0997203
0.0997238
0.0997272
0.0997306
0.0997339
0.0997373
0.0997406
0.099744
0.0997473
0.0997506
0.0997538
0.0997571
0.0997604
0.0997636
0.0997668
0.09977
0.0997732
0.0997764
0.0997796
0.0997827
0.0997859
0.099789
0.0997921
0.0997952
0.0997982
0.0998013
0.0998043
0.0998074
0.0998104
0.0998134
0.0998164
0.0998193
0.0998223
0.0998252
0.0998281
0.099831
0.0998339
0.0998368
0.0998397
0.0998425
0.0998453
0.0998482
0.099851
0.0998537
0.0998565
0.0998593
0.099862
0.0998647
0.0998674
0.0998701
0.0998728
0.0998755
0.0998781
0.0998807
0.0998834
0.099886
0.0998885
0.0998911
0.0998937
0.0998962
0.0998987
0.0999012
0.0999037
0.0999062
0.0999087
0.0999111
0.0999135
0.099916
0.0999184
0.0999207
0.0999231
0.0999255
0.0999278
0.0999301
0.0999324
0.0999347
0.099937
0.0999392
0.0999415
0.0999437
0.0999459
0.0999481
0.0999503
0.0999525
0.0999546
0.0999568
0.0999589
0.099961
0.0999631
0.0999651
0.0999672
0.0999692
0.0999712
0.0999733
0.0999753
0.0999772
0.0999792
0.0999811
0.0999831
0.099985
0.0999869
0.0999888
0.0999906
0.0999925
0.0999943
0.0999961
0.0999979
0.0999997
0.100001
0.100003
0.100005
0.100007
0.100008
0.10001
0.100012
0.100013
0.100015
0.100017
0.100018
0.10002
0.100022
0.100023
0.100025
0.100026
0.100028
0.100029
0.100031
0.100032
0.100034
0.100035
0.100036
0.100038
0.100039
0.100041
0.100042
0.100043
0.100045
0.100046
0.100047
0.100049
0.10005
0.100051
0.100052
0.100054
0.100055
0.100056
0.100057
0.100058
0.100059
0.100061
0.100062
0.100063
0.100064
0.100065
0.100066
0.100067
0.100068
0.100069
0.10007
0.100071
0.100072
0.100073
0.100074
0.100075
0.100076
0.100076
0.100077
0.100078
0.100079
0.10008
0.100081
0.100081
0.100082
0.100083
0.100084
0.100084
0.100085
0.100086
0.100086
0.100087
0.100088
0.100088
0.100089
0.100089
0.10009
0.10009
0.100091
0.100092
0.100092
0.100093
0.100093
0.100093
0.100094
0.100094
0.100095
0.100095
0.100096
0.100096
0.100096
0.100097
0.100097
0.100097
0.100098
0.100098
0.100098
0.100098
0.100099
0.100099
0.100099
0.100099
0.100099
0.100099
0.1001
0.1001
0.1001
0.1001
0.1001
0.1001
0.1001
0.1001
0.1001
0.1001
0.1001
0.1001
0.1001
0.1001
0.1001
0.1001
0.1001
0.100099
0.100099
0.100099
0.100099
0.100099
0.100099
0.100098
0.100098
0.100098
0.100098
0.100097
0.100097
0.100097
0.100096
0.100096
0.100096
0.100095
0.100095
0.100094
0.100094
0.100094
0.100093
0.100093
0.100092
0.100092
0.100091
0.100091
0.10009
0.10009
0.100089
0.100088
0.100088
0.100087
0.100087
0.100086
0.100085
0.100085
0.100084
0.100083
0.100082
0.100082
0.100081
0.10008
0.100079
0.100079
0.100078
0.100077
0.100076
0.100075
0.100074
0.100073
0.100073
0.100072
0.100071
0.10007
0.100069
0.100068
0.100067
0.100066
0.100065
0.100064
0.100063
0.100062
0.10006
0.100059
0.100058
0.100057
0.100056
0.100055
0.100054
0.100052
0.100051
0.10005
0.100049
0.100048
0.100046
0.100045
0.100044
0.100042
0.100041
0.10004
0.100038
0.100037
0.100036
0.100034
0.100033
0.100031
0.10003
0.100029
0.100027
0.100026
0.100024
0.100023
0.100021
0.10002
0.100018
0.100016
0.100015
0.100013
0.100012
0.10001
0.100008
0.100007
0.100005
0.100003
0.100002
0.1
0.0999983
0.0999966
0.0999948
0.0999931
0.0999913
0.0999895
0.0999877
0.0999859
0.099984
0.0999822
0.0999803
0.0999785
0.0999766
0.0999747
0.0999727
0.0999708
0.0999689
0.0999669
0.0999649
0.0999629
0.0999609
0.0999589
0.0999569
0.0999549
0.0999528
0.0999507
0.0999486
0.0999465
0.0999444
0.0999423
0.0999402
0.099938
0.0999358
0.0999337
0.0999315
0.0999293
0.099927
0.0999248
0.0999226
0.0999203
0.099918
0.0999157
0.0999134
0.0999111
0.0999088
0.0999065
0.0999041
0.0999017
0.0998994
0.099897
0.0998946
0.0998921
0.0998897
0.0998872
0.0998848
0.0998823
0.0998798
0.0998773
0.0998748
0.0998723
0.0998697
0.0998672
0.0998646
0.099862
0.0998595
0.0998569
0.0998542
0.0998516
0.099849
0.0998463
0.0998436
0.099841
0.0998383
0.0998355
0.0998328
0.0998301
0.0998273
0.0998246
0.0998218
0.099819
0.0998162
0.0998134
0.0998106
0.0998078
0.0998049
0.0998021
0.0997992
0.0997963
0.0997934
0.0997905
0.0997876
0.0997846
0.0997817
0.0997787
0.0997757
0.0997728
0.0997698
0.0997668
0.0997637
0.0997607
0.0997577
0.0997546
0.0997515
0.0997484
0.0997453
0.0997422
0.0997391
0.099736
0.0997328
0.0997297
0.0997265
0.0997233
0.0997201
0.0997169
0.0997137
0.0997105
0.0997073
0.099704
0.0997007
0.0996975
0.0996942
0.0996909
0.0996876
0.0996842
0.0996809
0.0996776
0.0996742
0.0996708
0.0996675
0.0996641
0.0996607
0.0996572
0.0996538
0.0996504
0.0996469
0.0996435
0.09964
0.0996365
0.099633
0.0996295
0.099626
0.0996225
0.0996189
0.0996154
0.0996118
0.0996082
0.0996046
0.099601
0.0995974
0.0995938
0.0995902
0.0995865
0.0995829
0.0995792
0.0995755
0.0995719
0.0995682
0.0995644
0.0995607
0.099557
0.0995533
0.0995495
0.0995457
0.099542
0.0995382
0.0995344
0.0995306
0.0995268
0.0995229
0.0995191
0.0995153
0.0995114
0.0995075
0.0995037
0.0994998
0.0994959
0.099492
0.099488
0.0994841
0.0994802
0.0994762
0.0994722
0.0994683
0.0994643
0.0994603
0.0994563
0.0994523
0.0994483
0.0994442
0.0994402
0.0994361
0.0994321
0.099428
0.0994239
0.0994198
0.0994157
0.0994116
0.0994075
0.0994033
0.0993992
0.099395
0.0993909
0.0993867
0.0993825
0.0993783
0.0993741
0.0993699
0.0993657
0.0993615
0.0993572
0.099353
0.0993487
0.0993444
0.0993402
0.0993359
0.0993316
0.0993273
0.099323
0.0993186
0.0993143
0.09931
0.0993056
0.0993012
0.0992969
0.0992925
0.0992881
0.0992837
0.0992793
0.0992749
0.0992705
0.099266
0.0992616
0.0992571
0.0992527
0.0992482
0.0992437
0.0992392
0.0992347
0.0992302
0.0992257
0.0992212
0.0992167
0.0992121
0.0992076
0.099203
0.0991985
0.0991939
0.0991893
0.0991847
0.0991801
0.0991755
0.0991709
0.0991663
0.0991616
0.099157
0.0991524
0.0991477
0.099143
0.0991384
0.0991337
0.099129
0.0991243
0.0991196
0.0991149
0.0991102
0.0991054
0.0991007
0.099096
0.0990912
0.0990864
0.0990817
0.0990769
0.0990721
0.0990673
0.0990625
0.0990577
0.0990529
0.0990481
0.0990433
0.0990384
0.0990336
0.0990287
0.0990239
0.099019
0.0990142
0.0990093
0.0990044
0.0989995
0.0989946
0.0989897
0.0989848
0.0989799
0.0989749
0.09897
0.0989651
0.0989601
0.0989551
0.0989502
0.0989452
0.0989402
0.0989353
0.0989303
0.0989253
0.0989203
0.0989153
0.0989102
0.0989052
0.0989002
0.0988952
0.0988901
0.0988851
0.09888
0.0988749
0.0988699
0.0988648
0.0988597
0.0988546
0.0988496
0.0988445
0.0988393
0.0988342
0.0988291
0.098824
0.0988189
0.0988137
0.0988086
0.0988035
0.0987983
0.0987931
0.098788
0.0987828
0.0987776
0.0987725
0.0987673
0.0987621
0.0987569
0.0987517
0.0987465
0.0987413
0.098736
0.0987308
0.0987256
0.0987204
0.0987151
0.0987099
0.0987046
0.0986994
0.0986941
0.0986888
0.0986836
0.0986783
0.098673
0.0986677
0.0986625
0.0986572
0.0986519
0.0986466
0.0986412
0.0986359
0.0986306
0.0986253
0.09862
0.0986146
0.0986093
0.098604
0.0985986
0.0985933
0.0985879
0.0985826
0.0985772
0.0985718
0.0985665
0.0985611
0.0985557
0.0985503
0.098545
0.0985396
0.0985342
0.0985288
0.0985234
0.098518
0.0985126
0.0985071
0.0985017
0.0984963
0.0984909
0.0984855
0.09848
0.0984746
0.0984692
0.0984637
0.0984583
0.0984528
0.0984474
0.0984419
0.0984365
0.098431
0.0984256
0.0984201
0.0984146
0.0984092
0.0984037
0.0983982
0.0983927
0.0983872
0.0983818
0.0983763
0.0983708
0.0983653
0.0983598
0.0983543
0.0983488
0.0983433
0.0983378
0.0983323
0.0983268
0.0983212
0.0983157
0.0983102
0.0983047
0.0982992
0.0982936
0.0982881
0.0982826
0.0982771
0.0982715
0.098266
0.0982605
0.0982549
0.0982494
0.0982438
0.0982383
0.0982328
0.0982272
0.0982217
0.0982161
0.0982106
0.098205
0.0981995
0.0981939
0.0981884
0.0981828
0.0981773
0.0981717
0.0981661
0.0981606
0.098155
0.0981495
0.0981439
0.0981383
0.0981328
0.0981272
0.0981216
0.0981161
0.0981105
0.0981049
0.0980994
0.0980938
0.0980882
0.0980827
0.0980771
0.0980715
0.098066
0.0980604
0.0980548
0.0980493
0.0980437
0.0980381
0.0980326
0.098027
0.0980214
0.0980158
0.0980103
0.0980047
0.0979991
0.0979936
0.097988
0.0979824
0.0979769
0.0979713
0.0979657
0.0979602
0.0979546
0.0979491
0.0979435
0.0979379
0.0979324
0.0979268
0.0979213
0.0979157
0.0979102
0.0979046
0.0978991
0.0978935
0.097888
0.0978824
0.0978769
0.0978713
0.0978658
0.0978602
0.0978547
0.0978492
0.0978436
0.0978381
0.0978326
0.097827
0.0978215
0.097816
0.0978104
0.0978049
0.0977994
0.0977939
0.0977884
0.0977829
0.0977773
0.0977718
0.0977663
0.0977608
0.0977553
0.0977498
0.0977443
0.0977388
0.0977334
0.0977279
0.0977224
0.0977169
0.0977114
0.097706
0.0977005
0.097695
0.0976896
0.0976841
0.0976786
0.0976732
0.0976677
0.0976623
0.0976568
0.0976514
0.097646
0.0976405
0.0976351
0.0976297
0.0976243
0.0976188
0.0976134
0.097608
0.0976026
0.0975972
0.0975918
0.0975864
0.097581
0.0975757
0.0975703
0.0975649
0.0975595
0.0975542
0.0975488
0.0975435
0.0975381
0.0975328
0.0975274
0.0975221
0.0975168
0.0975114
0.0975061
0.0975008
0.0974955
0.0974902
0.0974849
0.0974796
0.0974743
0.097469
0.0974638
0.0974585
0.0974532
0.097448
0.0974427
0.0974375
0.0974322
0.097427
0.0974218
0.0974166
0.0974113
0.0974061
0.0974009
0.0973957
0.0973906
0.0973854
0.0973802
0.097375
0.0973699
0.0973647
0.0973596
0.0973544
0.0973493
0.0973442
0.097339
0.0973339
0.0973288
0.0973237
0.0973186
0.0973135
0.0973085
0.0973034
0.0972983
0.0972933
0.0972882
0.0972832
0.0972782
0.0972731
0.0972681
0.0972631
0.0972581
0.0972531
0.0972482
0.0972432
0.0972382
0.0972333
0.0972283
0.0972234
0.0972184
0.0972135
0.0972086
0.0972037
0.0971988
0.0971939
0.0971891
0.0971842
0.0971793
0.0971745
0.0971696
0.0971648
0.09716
0.0971552
0.0971504
0.0971456
0.0971408
0.097136
0.0971313
0.0971265
0.0971218
0.097117
0.0971123
0.0971076
0.0971029
0.0970982
0.0970935
0.0970889
0.0970842
0.0970795
0.0970749
0.0970703
0.0970657
0.097061
0.0970565
0.0970519
0.0970473
0.0970427
0.0970382
0.0970336
0.0970291
0.0970246
0.0970201
0.0970156
0.0970111
0.0970066
0.0970022
0.0969977
0.0969933
0.0969889
0.0969845
0.0969801
0.0969757
0.0969713
0.0969669
0.0969626
0.0969582
0.0969539
0.0969496
0.0969453
0.096941
0.0969367
0.0969325
0.0969282
0.096924
0.0969198
0.0969156
0.0969114
0.0969072
0.096903
0.0968989
0.0968947
0.0968906
0.0968865
0.0968824
0.0968783
0.0968742
0.0968702
0.0968661
0.0968621
0.0968581
0.0968541
0.0968501
0.0968461
0.0968421
0.0968382
0.0968343
0.0968303
0.0968264
0.0968225
0.0968187
0.0968148
0.096811
0.0968072
0.0968033
0.0967995
0.0967958
0.096792
0.0967883
0.0967845
0.0967808
0.0967771
0.0967734
0.0967697
0.0967661
0.0967624
0.0967588
0.0967552
0.0967516
0.0967481
0.0967445
0.096741
0.0967374
0.0967339
0.0967304
0.096727
0.0967235
0.0967201
0.0967166
0.0967132
0.0967098
0.0967065
0.0967031
0.0966998
0.0966965
0.0966932
0.0966899
0.0966866
0.0966834
0.0966801
0.0966769
0.0966737
0.0966705
0.0966674
0.0966642
0.0966611
0.096658
0.0966549
0.0966519
0.0966488
0.0966458
0.0966428
0.0966398
0.0966368
0.0966338
0.0966309
0.096628
0.0966251
0.0966222
0.0966194
0.0966165
0.0966137
0.0966109
0.0966081
0.0966054
0.0966026
0.0965999
0.0965972
0.0965945
0.0965919
0.0965892
0.0965866
0.096584
0.0965814
0.0965789
0.0965763
0.0965738
0.0965713
0.0965689
0.0965664
0.096564
0.0965616
0.0965592
0.0965568
0.0965544
0.0965521
0.0965498
0.0965475
0.0965453
0.096543
0.0965408
0.0965386
0.0965364
0.0965343
0.0965322
0.0965301
0.096528
0.0965259
0.0965239
0.0965219
0.0965199
0.0965179
0.0965159
0.096514
0.0965121
0.0965102
0.0965084
0.0965065
0.0965047
0.0965029
0.0965012
0.0964994
0.0964977
0.096496
0.0964943
0.0964927
0.0964911
0.0964895
0.0964879
0.0964864
0.0964848
0.0964833
0.0964819
0.0964804
0.096479
0.0964776
0.0964762
0.0964748
0.0964735
0.0964722
0.0964709
0.0964697
0.0964684
0.0964672
0.096466
0.0964649
0.0964638
0.0964627
0.0964616
0.0964605
0.0964595
0.0964585
0.0964575
0.0964566
0.0964557
0.0964548
0.0964539
0.0964531
0.0964522
0.0964515
0.0964507
0.09645
0.0964492
0.0964486
0.0964479
0.0964473
0.0964467
0.0964461
0.0964455
0.096445
0.0964445
0.0964441
0.0964436
0.0964432
0.0964428
0.0964425
0.0964421
0.0964418
0.0964416
0.0964413
0.0964411
0.0964409
0.0964408
0.0964406
0.0964405
0.0964405
0.0964404
0.0964404
0.0964404
0.0964404
0.0964405
0.0964406
0.0964407
0.0964409
0.0964411
0.0964413
0.0964415
0.0964418
0.0964421
0.0964424
0.0964428
0.0964432
0.0964436
0.0964441
0.0964445
0.096445
0.0964456
0.0964462
0.0964468
0.0964474
0.0964481
0.0964487
0.0964495
0.0964502
0.096451
0.0964518
0.0964527
0.0964535
0.0964544
0.0964554
0.0964564
0.0964574
0.0964584
0.0964594
0.0964605
0.0964617
0.0964628
0.096464
0.0964652
0.0964665
0.0964678
0.0964691
0.0964704
0.0964718
0.0964732
0.0964747
0.0964761
0.0964776
0.0964792
0.0964808
0.0964824
0.096484
0.0964857
0.0964874
0.0964891
0.0964909
0.0964927
0.0964945
0.0964964
0.0964983
0.0965002
0.0965022
0.0965042
0.0965062
0.0965083
0.0965104
0.0965125
0.0965147
0.0965169
0.0965191
0.0965214
0.0965237
0.096526
0.0965284
0.0965308
0.0965333
0.0965357
0.0965382
0.0965408
0.0965434
0.096546
0.0965486
0.0965513
0.096554
0.0965568
0.0965595
0.0965624
0.0965652
0.0965681
0.096571
0.096574
0.096577
0.09658
0.0965831
0.0965862
0.0965893
0.0965925
0.0965957
0.0965989
0.0966022
0.0966055
0.0966089
0.0966123
0.0966157
0.0966191
0.0966226
0.0966262
0.0966297
0.0966333
0.096637
0.0966406
0.0966444
0.0966481
0.0966519
0.0966557
0.0966596
0.0966635
0.0966674
0.0966714
0.0966754
0.0966794
0.0966835
0.0966876
0.0966917
0.0966959
0.0967002
0.0967044
0.0967087
0.0967131
0.0967174
0.0967218
0.0967263
0.0967308
0.0967353
0.0967399
0.0967445
0.0967491
0.0967538
0.0967585
0.0967632
0.096768
0.0967728
0.0967777
0.0967826
0.0967876
0.0967925
0.0967975
0.0968026
0.0968077
0.0968128
0.096818
0.0968232
0.0968285
0.0968337
0.0968391
0.0968444
0.0968498
0.0968553
0.0968607
0.0968663
0.0968718
0.0968774
0.096883
0.0968887
0.0968944
0.0969002
0.096906
0.0969118
0.0969177
0.0969236
0.0969295
0.0969355
0.0969415
0.0969476
0.0969537
0.0969598
0.096966
0.0969722
0.0969785
0.0969848
0.0969911
0.0969975
0.0970039
0.0970104
0.0970169
0.0970234
0.09703
0.0970366
0.0970433
0.09705
0.0970567
0.0970635
0.0970703
0.0970772
0.0970841
0.097091
0.097098
0.097105
0.0971121
0.0971192
0.0971263
0.0971335
0.0971407
0.0971479
0.0971552
0.0971626
0.09717
0.0971774
0.0971848
0.0971923
0.0971999
0.0972075
0.0972151
0.0972228
0.0972305
0.0972382
0.097246
0.0972538
0.0972617
0.0972696
0.0972775
0.0972855
0.0972936
0.0973016
0.0973097
0.0973179
0.0973261
0.0973343
0.0973426
0.0973509
0.0973593
0.0973677
0.0973761
0.0973846
0.0973931
0.0974017
0.0974103
0.0974189
0.0974276
0.0974363
0.0974451
0.0974539
0.0974628
0.0974716
0.0974806
0.0974896
0.0974986
0.0975076
0.0975167
0.0975259
0.097535
0.0975443
0.0975535
0.0975628
0.0975722
0.0975816
0.097591
0.0976004
0.09761
0.0976195
0.0976291
0.0976387
0.0976484
0.0976581
0.0976679
0.0976777
0.0976875
0.0976974
0.0977073
0.0977173
0.0977273
0.0977373
0.0977474
0.0977576
0.0977677
0.0977779
0.0977882
0.0977985
0.0978088
0.0978192
0.0978296
0.0978401
0.0978506
0.0978611
0.0978717
0.0978823
0.097893
0.0979037
0.0979145
0.0979253
0.0979361
0.097947
0.0979579
0.0979688
0.0979798
0.0979909
0.098002
0.0980131
0.0980242
0.0980354
0.0980467
0.098058
0.0980693
0.0980807
0.0980921
0.0981035
0.098115
0.0981266
0.0981381
0.0981498
0.0981614
0.0981731
0.0981849
0.0981966
0.0982085
0.0982203
0.0982322
0.0982442
0.0982562
0.0982682
0.0982803
0.0982924
0.0983045
0.0983167
0.0983289
0.0983412
0.0983535
0.0983659
0.0983783
0.0983907
0.0984032
0.0984157
0.0984283
0.0984409
0.0984535
0.0984662
0.0984789
0.0984917
0.0985045
0.0985173
0.0985302
0.0985432
0.0985561
0.0985691
0.0985822
0.0985953
0.0986084
0.0986216
0.0986348
0.098648
0.0986613
0.0986746
0.098688
0.0987014
0.0987149
0.0987284
0.0987419
0.0987555
0.0987691
0.0987827
0.0987964
0.0988102
0.0988239
0.0988378
0.0988516
0.0988655
0.0988794
0.0988934
0.0989074
0.0989215
0.0989356
0.0989497
0.0989639
0.0989781
0.0989923
0.0990066
0.0990209
0.0990353
0.0990497
0.0990642
0.0990787
0.0990932
0.0991078
0.0991224
0.099137
0.0991517
0.0991664
0.0991812
0.099196
0.0992108
0.0992257
0.0992406
0.0992556
0.0992706
0.0992856
0.0993007
0.0993158
0.0993309
0.0993461
0.0993613
0.0993766
0.0993919
0.0994073
0.0994226
0.0994381
0.0994535
0.099469
0.0994845
0.0995001
0.0995157
0.0995314
0.0995471
0.0995628
0.0995786
0.0995944
0.0996102
0.0996261
0.099642
0.0996579
0.0996739
0.09969
0.099706
0.0997221
0.0997383
0.0997544
0.0997707
0.0997869
0.0998032
0.0998195
0.0998359
0.0998523
0.0998687
0.0998852
0.0999017
0.0999182
0.0999348
0.0999515
0.0999681
0.0999848
0.100002
0.100018
0.100035
0.100052
0.100069
0.100086
0.100103
0.10012
0.100137
0.100154
0.100171
0.100188
0.100205
0.100222
0.10024
0.100257
0.100274
0.100291
0.100309
0.100326
0.100344
0.100361
0.100379
0.100396
0.100414
0.100432
0.100449
0.100467
0.100485
0.100502
0.10052
0.100538
0.100556
0.100574
0.100592
0.10061
0.100628
0.100646
0.100664
0.100682
0.1007
0.100718
0.100736
0.100755
0.100773
0.100791
0.10081
0.100828
0.100846
0.100865
0.100883
0.100902
0.10092
0.100939
0.100958
0.100976
0.100995
0.101014
0.101032
0.101051
0.10107
0.101089
0.101108
0.101127
0.101145
0.101164
0.101183
0.101202
0.101222
0.101241
0.10126
0.101279
0.101298
0.101317
0.101337
0.101356
0.101375
0.101395
0.101414
0.101433
0.101453
0.101472
0.101492
0.101511
0.101531
0.101551
0.10157
0.10159
0.10161
0.101629
0.101649
0.101669
0.101689
0.101708
0.101728
0.101748
0.101768
0.101788
0.101808
0.101828
0.101848
0.101868
0.101888
0.101909
0.101929
0.101949
0.101969
0.101989
0.10201
0.10203
0.10205
0.102071
0.102091
0.102112
0.102132
0.102152
0.102173
0.102194
0.102214
0.102235
0.102255
0.102276
0.102297
0.102317
0.102338
0.102359
0.10238
0.102401
0.102421
0.102442
0.102463
0.102484
0.102505
0.102526
0.102547
0.102568
0.102589
0.10261
0.102631
0.102652
0.102674
0.102695
0.102716
0.102737
0.102759
0.10278
0.102801
0.102823
0.102844
0.102865
0.102887
0.102908
0.10293
0.102951
0.102973
0.102994
0.103016
0.103038
0.103059
0.103081
0.103102
0.103124
0.103146
0.103168
0.103189
0.103211
0.103233
0.103255
0.103277
0.103299
0.103321
0.103343
0.103365
0.103387
0.103409
0.103431
0.103453
0.103475
0.103497
0.103519
0.103541
0.103563
0.103585
0.103608
0.10363
0.103652
0.103675
0.103697
0.103719
0.103742
0.103764
0.103786
0.103809
0.103831
0.103854
0.103876
0.103899
0.103921
0.103944
0.103966
0.103989
0.104011
0.104034
0.104057
0.104079
0.104102
0.104125
0.104148
0.10417
0.104193
0.104216
0.104239
0.104262
0.104284
0.104307
0.10433
0.104353
0.104376
0.104399
0.104422
0.104445
0.104468
0.104491
0.104514
0.104537
0.10456
0.104583
0.104607
0.10463
0.104653
0.104676
0.104699
0.104723
0.104746
0.104769
0.104792
0.104816
0.104839
0.104862
0.104886
0.104909
0.104932
0.104956
0.104979
0.105003
0.105026
0.10505
0.105073
0.105097
0.10512
0.105144
0.105167
0.105191
0.105214
0.105238
0.105262
0.105285
0.105309
0.105333
0.105356
0.10538
0.105404
0.105427
0.105451
0.105475
0.105499
0.105523
0.105546
0.10557
0.105594
0.105618
0.105642
0.105666
0.10569
0.105713
0.105737
0.105761
0.105785
0.105809
0.105833
0.105857
0.105881
0.105905
0.105929
0.105953
0.105977
0.106002
0.106026
0.10605
0.106074
0.106098
0.106122
0.106146
0.106171
0.106195
0.106219
0.106243
0.106267
0.106292
0.106316
0.10634
0.106364
0.106389
0.106413
0.106437
0.106462
0.106486
0.10651
0.106535
0.106559
0.106584
0.106608
0.106632
0.106657
0.106681
0.106706
0.10673
0.106755
0.106779
0.106804
0.106828
0.106853
0.106877
0.106902
0.106926
0.106951
0.106975
0.107
0.107025
0.107049
0.107074
0.107098
0.107123
0.107148
0.107172
0.107197
0.107222
0.107246
0.107271
0.107296
0.10732
0.107345
0.10737
0.107395
0.107419
0.107444
0.107469
0.107494
0.107518
0.107543
0.107568
0.107593
0.107617
0.107642
0.107667
0.107692
0.107717
0.107742
0.107767
0.107791
0.107816
0.107841
0.107866
0.107891
0.107916
0.107941
0.107966
0.107991
0.108015
0.10804
0.108065
0.10809
0.108115
0.10814
0.108165
0.10819
0.108215
0.10824
0.108265
0.10829
0.108315
0.10834
0.108365
0.10839
0.108415
0.10844
0.108465
0.10849
0.108515
0.108541
0.108566
0.108591
0.108616
0.108641
0.108666
0.108691
0.108716
0.108741
0.108766
0.108791
0.108817
0.108842
0.108867
0.108892
0.108917
0.108942
0.108967
0.108992
0.109018
0.109043
0.109068
0.109093
0.109118
0.109143
0.109169
0.109194
0.109219
0.109244
0.109269
0.109294
0.10932
0.109345
0.10937
0.109395
0.10942
0.109446
0.109471
0.109496
0.109521
0.109547
0.109572
0.109597
0.109622
0.109647
0.109673
0.109698
0.109723
0.109748
0.109774
0.109799
0.109824
0.109849
0.109875
0.1099
0.109925
0.10995
0.109976
0.110001
0.110026
0.110051
0.110077
0.110102
0.110127
0.110152
0.110178
0.110203
0.110228
0.110253
0.110279
0.110304
0.110329
0.110355
0.11038
0.110405
0.11043
0.110456
0.110481
0.110506
0.110531
0.110557
0.110582
0.110607
0.110632
0.110658
0.110683
0.110708
0.110734
0.110759
0.110784
0.110809
0.110835
0.11086
0.110885
0.11091
0.110936
0.110961
0.110986
0.111011
0.111037
0.111062
0.111087
0.111112
0.111138
0.111163
0.111188
0.111213
0.111239
0.111264
0.111289
0.111314
0.11134
0.111365
0.11139
0.111415
0.11144
0.111466
0.111491
0.111516
0.111541
0.111567
0.111592
0.111617
0.111642
0.111667
0.111693
0.111718
0.111743
0.111768
0.111793
0.111819
0.111844
0.111869
0.111894
0.111919
0.111944
0.11197
0.111995
0.11202
0.112045
0.11207
0.112095
0.112121
0.112146
0.112171
0.112196
0.112221
0.112246
0.112271
0.112297
0.112322
0.112347
0.112372
0.112397
0.112422
0.112447
0.112472
0.112497
0.112522
0.112548
0.112573
0.112598
0.112623
0.112648
0.112673
0.112698
0.112723
0.112748
0.112773
0.112798
0.112823
0.112848
0.112873
0.112898
0.112923
0.112948
0.112973
0.112998
0.113023
0.113048
0.113073
0.113098
0.113123
0.113148
0.113173
0.113198
0.113223
0.113248
0.113273
0.113298
0.113322
0.113347
0.113372
0.113397
0.113422
0.113447
0.113472
0.113497
0.113522
0.113546
0.113571
0.113596
0.113621
0.113646
0.113671
0.113695
0.11372
0.113745
0.11377
0.113795
0.113819
0.113844
0.113869
0.113894
0.113918
0.113943
0.113968
0.113993
0.114017
0.114042
0.114067
0.114092
0.114116
0.114141
0.114166
0.11419
0.114215
0.11424
0.114264
0.114289
0.114314
0.114338
0.114363
0.114387
0.114412
0.114437
0.114461
0.114486
0.11451
0.114535
0.11456
0.114584
0.114609
0.114633
0.114658
0.114682
0.114707
0.114731
0.114756
0.11478
0.114805
0.114829
0.114854
0.114878
0.114902
0.114927
0.114951
0.114976
0.115
0.115025
0.115049
0.115073
0.115098
0.115122
0.115146
0.115171
0.115195
0.115219
0.115244
0.115268
0.115292
0.115317
0.115341
0.115365
0.115389
0.115414
0.115438
0.115462
0.115486
0.115511
0.115535
0.115559
0.115583
0.115607
0.115631
0.115656
0.11568
0.115704
0.115728
0.115752
0.115776
0.1158
0.115824
0.115849
0.115873
0.115897
0.115921
0.115945
0.115969
0.115993
0.116017
0.116041
0.116065
0.116089
0.116113
0.116137
0.116161
0.116185
0.116208
0.116232
0.116256
0.11628
0.116304
0.116328
0.116352
0.116376
0.1164
0.116423
0.116447
0.116471
0.116495
0.116519
0.116542
0.116566
0.11659
0.116614
0.116637
0.116661
0.116685
0.116708
0.116732
0.116756
0.116779
0.116803
0.116827
0.11685
0.116874
0.116898
0.116921
0.116945
0.116968
0.116992
0.117016
0.117039
0.117063
0.117086
0.11711
0.117133
0.117157
0.11718
0.117204
0.117227
0.11725
0.117274
0.117297
0.117321
0.117344
0.117367
0.117391
0.117414
0.117438
0.117461
0.117484
0.117508
0.117531
0.117554
0.117577
0.117601
0.117624
0.117647
0.11767
0.117694
0.117717
0.11774
0.117763
0.117786
0.117809
0.117833
0.117856
0.117879
0.117902
0.117925
0.117948
0.117971
0.117994
0.118017
0.11804
0.118063
0.118086
0.118109
0.118132
0.118155
0.118178
0.118201
0.118224
0.118247
0.11827
0.118293
0.118316
0.118339
0.118362
0.118384
0.118407
0.11843
0.118453
0.118476
0.118498
0.118521
0.118544
0.118567
0.118589
0.118612
0.118635
0.118658
0.11868
0.118703
0.118726
0.118748
0.118771
0.118793
0.118816
0.118839
0.118861
0.118884
0.118906
0.118929
0.118951
0.118974
0.118996
0.119019
0.119041
0.119064
0.119086
0.119109
0.119131
0.119154
0.119176
0.119198
0.119221
0.119243
0.119265
0.119288
0.11931
0.119332
0.119355
0.119377
0.119399
0.119421
0.119444
0.119466
0.119488
0.11951
0.119533
0.119555
0.119577
0.119599
0.119621
0.119643
0.119665
0.119687
0.119709
0.119732
0.119754
0.119776
0.119798
0.11982
0.119842
0.119864
0.119886
0.119908
0.119929
0.119951
0.119973
0.119995
0.120017
0.120039
0.120061
0.120083
0.120105
0.120126
0.120148
0.12017
0.120192
0.120213
0.120235
0.120257
0.120279
0.1203
0.120322
0.120344
0.120365
0.120387
0.120409
0.12043
0.120452
0.120474
0.120495
0.120517
0.120538
0.12056
0.120581
0.120603
0.120624
0.120646
0.120667
0.120689
0.12071
0.120732
0.120753
0.120774
0.120796
0.120817
0.120839
0.12086
0.120881
0.120903
0.120924
0.120945
0.120966
0.120988
0.121009
0.12103
0.121051
0.121073
0.121094
0.121115
0.121136
0.121157
0.121178
0.121199
0.121221
0.121242
0.121263
0.121284
0.121305
0.121326
0.121347
0.121368
0.121389
0.12141
0.121431
0.121452
0.121473
0.121494
0.121515
0.121535
0.121556
0.121577
0.121598
0.121619
0.12164
0.12166
0.121681
0.121702
0.121723
0.121744
0.121764
0.121785
0.121806
0.121826
0.121847
0.121868
0.121888
0.121909
0.12193
0.12195
0.121971
0.121991
0.122012
0.122033
0.122053
0.122074
0.122094
0.122115
0.122135
0.122155
0.122176
0.122196
0.122217
0.122237
0.122258
0.122278
0.122298
0.122319
0.122339
0.122359
0.12238
0.1224
0.12242
0.12244
0.122461
0.122481
0.122501
0.122521
0.122542
0.122562
0.122582
0.122602
0.122622
0.122642
0.122662
0.122682
0.122702
0.122723
0.122743
0.122763
0.122783
0.122803
0.122823
0.122843
0.122863
0.122882
0.122902
0.122922
0.122942
0.122962
0.122982
0.123002
0.123022
0.123041
0.123061
0.123081
0.123101
0.123121
0.12314
0.12316
0.12318
0.1232
0.123219
0.123239
0.123259
0.123278
0.123298
0.123317
0.123337
0.123357
0.123376
0.123396
0.123415
0.123435
0.123454
0.123474
0.123493
0.123513
0.123532
0.123552
0.123571
0.123591
0.12361
0.123629
0.123649
0.123668
0.123687
0.123707
0.123726
0.123745
0.123765
0.123784
0.123803
0.123822
0.123842
0.123861
0.12388
0.123899
0.123918
0.123938
0.123957
0.123976
0.123995
0.124014
0.124033
0.124052
0.124071
0.12409
0.124109
0.124128
0.124147
0.124166
0.124185
0.124204
0.124223
0.124242
0.124261
0.12428
0.124299
0.124318
0.124337
0.124355
0.124374
0.124393
0.124412
0.124431
0.124449
0.124468
0.124487
0.124506
0.124524
0.124543
0.124562
0.12458
0.124599
0.124618
0.124636
0.124655
0.124673
0.124692
0.124711
0.124729
0.124748
0.124766
0.124785
0.124803
0.124822
0.12484
0.124859
0.124877
0.124895
0.124914
0.124932
0.124951
0.124969
0.124987
0.125006
0.125024
0.125042
0.12506
0.125079
0.125097
0.125115
0.125133
0.125152
0.12517
0.125188
0.125206
0.125224
0.125243
0.125261
0.125279
0.125297
0.125315
0.125333
0.125351
0.125369
0.125387
0.125405
0.125423
0.125441
0.125459
0.125477
0.125495
0.125513
0.125531
0.125549
0.125567
0.125585
0.125602
0.12562
0.125638
0.125656
0.125674
0.125691
0.125709
0.125727
0.125745
0.125762
0.12578
0.125798
0.125816
0.125833
0.125851
0.125869
0.125886
0.125904
0.125921
0.125939
0.125957
0.125974
0.125992
0.126009
0.126027
0.126044
0.126062
0.126079
0.126097
0.126114
0.126132
0.126149
0.126166
0.126184
0.126201
0.126218
0.126236
0.126253
0.12627
0.126288
0.126305
0.126322
0.12634
0.126357
0.126374
0.126391
0.126409
0.126426
0.126443
0.12646
0.126477
0.126494
0.126511
0.126529
0.126546
0.126563
0.12658
0.126597
0.126614
0.126631
0.126648
0.126665
0.126682
0.126699
0.126716
0.126733
0.12675
0.126767
0.126784
0.1268
0.126817
0.126834
0.126851
0.126868
0.126885
0.126901
0.126918
0.126935
0.126952
0.126968
0.126985
0.127002
0.127019
0.127035
0.127052
0.127069
0.127085
0.127102
0.127119
0.127135
0.127152
0.127168
0.127185
0.127201
0.127218
0.127235
0.127251
0.127268
0.127284
0.127301
0.127317
0.127333
0.12735
0.127366
0.127383
0.127399
0.127415
0.127432
0.127448
0.127464
0.127481
0.127497
0.127513
0.12753
0.127546
0.127562
0.127578
0.127595
0.127611
0.127627
0.127643
0.127659
0.127676
0.127692
0.127708
0.127724
0.12774
0.127756
0.127772
0.127788
0.127804
0.12782
0.127836
0.127852
0.127868
0.127884
0.1279
0.127916
0.127932
0.127948
0.127964
0.12798
0.127996
0.128012
0.128028
0.128044
0.128059
0.128075
0.128091
0.128107
0.128123
0.128138
0.128154
0.12817
0.128186
0.128201
0.128217
0.128233
0.128248
0.128264
0.12828
0.128295
0.128311
0.128327
0.128342
0.128358
0.128373
0.128389
0.128404
0.12842
0.128435
0.128451
0.128466
0.128482
0.128497
0.128513
0.128528
0.128544
0.128559
0.128574
0.12859
0.128605
0.128621
0.128636
0.128651
0.128667
0.128682
0.128697
0.128712
0.128728
0.128743
0.128758
0.128773
0.128789
0.128804
0.128819
0.128834
0.128849
0.128865
0.12888
0.128895
0.12891
0.128925
0.12894
0.128955
0.12897
0.128985
0.129
0.129015
0.12903
0.129045
0.12906
0.129075
0.12909
0.129105
0.12912
0.129135
0.12915
0.129165
0.12918
0.129195
0.12921
0.129224
0.129239
0.129254
0.129269
0.129284
0.129298
0.129313
0.129328
0.129343
0.129357
0.129372
0.129387
0.129402
0.129416
0.129431
0.129446
0.12946
0.129475
0.129489
0.129504
0.129519
0.129533
0.129548
0.129562
0.129577
0.129591
0.129606
0.12962
0.129635
0.129649
0.129664
0.129678
0.129693
0.129707
0.129722
0.129736
0.12975
0.129765
0.129779
0.129793
0.129808
0.129822
0.129836
0.129851
0.129865
0.129879
0.129894
0.129908
0.129922
0.129936
0.129951
0.129965
0.129979
0.129993
0.130007
0.130021
0.130036
0.13005
0.130064
0.130078
0.130092
0.130106
0.13012
0.130134
0.130148
0.130162
0.130176
0.13019
0.130204
0.130218
0.130232
0.130246
0.13026
0.130274
0.130288
0.130302
0.130316
0.13033
0.130344
0.130358
0.130371
0.130385
0.130399
0.130413
0.130427
0.130441
0.130454
0.130468
0.130482
0.130496
0.130509
0.130523
0.130537
0.130551
0.130564
0.130578
0.130592
0.130605
0.130619
0.130632
0.130646
0.13066
0.130673
0.130687
0.1307
0.130714
0.130728
0.130741
0.130755
0.130768
0.130782
0.130795
0.130809
0.130822
0.130835
0.130849
0.130862
0.130876
0.130889
0.130903
0.130916
0.130929
0.130943
0.130956
0.130969
0.130983
0.130996
0.131009
0.131023
0.131036
0.131049
0.131062
0.131076
0.131089
0.131102
0.131115
0.131128
0.131142
0.131155
0.131168
0.131181
0.131194
0.131207
0.131221
0.131234
0.131247
0.13126
0.131273
0.131286
0.131299
0.131312
0.131325
0.131338
0.131351
0.131364
0.131377
0.13139
0.131403
0.131416
0.131429
0.131442
0.131455
0.131468
0.13148
0.131493
0.131506
0.131519
0.131532
0.131545
0.131558
0.13157
0.131583
0.131596
0.131609
0.131622
0.131634
0.131647
0.13166
0.131672
0.131685
0.131698
0.131711
0.131723
0.131736
0.131749
0.131761
0.131774
0.131786
0.131799
0.131812
0.131824
0.131837
0.131849
0.131862
0.131875
0.131887
0.1319
0.131912
0.131925
0.131937
0.13195
0.131962
0.131974
0.131987
0.131999
0.132012
0.132024
0.132037
0.132049
0.132061
0.132074
0.132086
0.132098
0.132111
0.132123
0.132135
0.132148
0.13216
0.132172
0.132185
0.132197
0.132209
0.132221
0.132234
0.132246
0.132258
0.13227
0.132282
0.132295
0.132307
0.132319
0.132331
0.132343
0.132355
0.132367
0.13238
0.132392
0.132404
0.132416
0.132428
0.13244
0.132452
0.132464
0.132476
0.132488
0.1325
0.132512
0.132524
0.132536
0.132548
0.13256
0.132572
0.132584
0.132596
0.132608
0.132619
0.132631
0.132643
0.132655
0.132667
0.132679
0.132691
0.132702
0.132714
0.132726
0.132738
0.13275
0.132761
0.132773
0.132785
0.132797
0.132808
0.13282
0.132832
0.132843
0.132855
0.132867
0.132879
0.13289
0.132902
0.132913
0.132925
0.132937
0.132948
0.13296
0.132972
0.132983
0.132995
0.133006
0.133018
0.133029
0.133041
0.133052
0.133064
0.133075
0.133087
0.133098
0.13311
0.133121
0.133133
0.133144
0.133156
0.133167
0.133178
0.13319
0.133201
0.133213
0.133224
0.133235
0.133247
0.133258
0.133269
0.133281
0.133292
0.133303
0.133314
0.133326
0.133337
0.133348
0.13336
0.133371
0.133382
0.133393
0.133404
0.133416
0.133427
0.133438
0.133449
0.13346
0.133471
0.133483
0.133494
0.133505
0.133516
0.133527
0.133538
0.133549
0.13356
0.133571
0.133582
0.133594
0.133605
0.133616
0.133627
0.133638
0.133649
0.13366
0.133671
0.133682
0.133692
0.133703
0.133714
0.133725
0.133736
0.133747
0.133758
0.133769
0.13378
0.133791
0.133802
0.133812
0.133823
0.133834
0.133845
0.133856
0.133867
0.133877
0.133888
0.133899
0.13391
0.13392
0.133931
0.133942
0.133953
0.133963
0.133974
0.133985
0.133995
0.134006
0.134017
0.134028
0.134038
0.134049
0.134059
0.13407
0.134081
0.134091
0.134102
0.134113
0.134123
0.134134
0.134144
0.134155
0.134165
0.134176
0.134186
0.134197
0.134207
0.134218
0.134228
0.134239
0.134249
0.13426
0.13427
0.134281
0.134291
0.134302
0.134312
0.134322
0.134333
0.134343
0.134354
0.134364
0.134374
0.134385
0.134395
0.134405
0.134416
0.134426
0.134436
0.134447
0.134457
0.134467
0.134478
0.134488
0.134498
0.134508
0.134519
0.134529
0.134539
0.134549
0.134559
0.13457
0.13458
0.13459
0.1346
0.13461
0.134621
0.134631
0.134641
0.134651
0.134661
0.134671
0.134681
0.134691
0.134701
0.134712
0.134722
0.134732
0.134742
0.134752
0.134762
0.134772
0.134782
0.134792
0.134802
0.134812
0.134822
0.134832
0.134842
0.134852
0.134862
0.134872
0.134881
0.134891
0.134901
0.134911
0.134921
0.134931
0.134941
0.134951
0.134961
0.13497
0.13498
0.13499
0.135
0.13501
0.13502
0.135029
0.135039
0.135049
0.135059
0.135069
0.135078
0.135088
0.135098
0.135108
0.135117
0.135127
0.135137
0.135146
0.135156
0.135166
0.135175
0.135185
0.135195
0.135204
0.135214
0.135224
0.135233
0.135243
0.135253
0.135262
0.135272
0.135281
0.135291
0.1353
0.13531
0.13532
0.135329
0.135339
0.135348
0.135358
0.135367
0.135377
0.135386
0.135396
0.135405
0.135415
0.135424
0.135434
0.135443
0.135452
0.135462
0.135471
0.135481
0.13549
0.1355
0.135509
0.135518
0.135528
0.135537
0.135546
0.135556
0.135565
0.135574
0.135584
0.135593
0.135602
0.135612
0.135621
0.13563
0.13564
0.135649
0.135658
0.135667
0.135677
0.135686
0.135695
0.135704
0.135713
0.135723
0.135732
0.135741
0.13575
0.135759
0.135769
0.135778
0.135787
0.135796
0.135805
0.135814
0.135823
0.135833
0.135842
0.135851
0.13586
0.135869
0.135878
0.135887
0.135896
0.135905
0.135914
0.135923
0.135932
0.135941
0.13595
0.135959
0.135968
0.135977
0.135986
0.135995
0.136004
0.136013
0.136022
0.136031
0.13604
0.136049
0.136058
0.136067
0.136076
0.136085
0.136094
0.136102
0.136111
0.13612
0.136129
0.136138
0.136147
0.136156
0.136164
0.136173
0.136182
0.136191
0.1362
0.136208
0.136217
0.136226
0.136235
0.136244
0.136252
0.136261
0.13627
0.136279
0.136287
0.136296
0.136305
0.136313
0.136322
0.136331
0.13634
0.136348
0.136357
0.136366
0.136374
0.136383
0.136391
0.1364
0.136409
0.136417
0.136426
0.136435
0.136443
0.136452
0.13646
0.136469
0.136478
0.136486
0.136495
0.136503
0.136512
0.13652
0.136529
0.136537
0.136546
0.136554
0.136563
0.136571
0.13658
0.136588
0.136597
0.136605
0.136614
0.136622
0.136631
0.136639
0.136647
0.136656
0.136664
0.136673
0.136681
0.136689
0.136698
0.136706
0.136715
0.136723
0.136731
0.13674
0.136748
0.136756
0.136765
0.136773
0.136781
0.13679
0.136798
0.136806
0.136814
0.136823
0.136831
0.136839
0.136848
0.136856
0.136864
0.136872
0.13688
0.136889
0.136897
0.136905
0.136913
0.136922
0.13693
0.136938
0.136946
0.136954
0.136962
0.136971
0.136979
0.136987
0.136995
0.137003
0.137011
0.137019
0.137027
0.137036
0.137044
0.137052
0.13706
0.137068
0.137076
0.137084
0.137092
0.1371
0.137108
0.137116
0.137124
0.137132
0.13714
0.137148
0.137156
0.137164
0.137172
0.13718
0.137188
0.137196
0.137204
0.137212
0.13722
0.137228
0.137236
0.137244
0.137252
0.13726
0.137268
0.137276
0.137283
0.137291
0.137299
0.137307
0.137315
0.137323
0.137331
0.137339
0.137346
0.137354
0.137362
0.13737
0.137378
0.137386
0.137393
0.137401
0.137409
0.137417
0.137425
0.137432
0.13744
0.137448
0.137456
0.137463
0.137471
0.137479
0.137487
0.137494
0.137502
0.13751
0.137517
0.137525
0.137533
0.13754
0.137548
0.137556
0.137564
0.137571
0.137579
0.137586
0.137594
0.137602
0.137609
0.137617
0.137625
0.137632
0.13764
0.137647
0.137655
0.137663
0.13767
0.137678
0.137685
0.137693
0.1377
0.137708
0.137716
0.137723
0.137731
0.137738
0.137746
0.137753
0.137761
0.137768
0.137776
0.137783
0.137791
0.137798
0.137806
0.137813
0.137821
0.137828
0.137835
0.137843
0.13785
0.137858
0.137865
0.137873
0.13788
0.137887
0.137895
0.137902
0.13791
0.137917
0.137924
0.137932
0.137939
0.137946
0.137954
0.137961
0.137968
0.137976
0.137983
0.13799
0.137998
0.138005
0.138012
0.13802
0.138027
0.138034
0.138041
0.138049
0.138056
0.138063
0.13807
0.138078
0.138085
0.138092
0.138099
0.138107
0.138114
0.138121
0.138128
0.138136
0.138143
0.13815
0.138157
0.138164
0.138171
0.138179
0.138186
0.138193
0.1382
0.138207
0.138214
0.138222
0.138229
0.138236
0.138243
0.13825
0.138257
0.138264
0.138271
0.138278
0.138285
0.138293
0.1383
0.138307
0.138314
0.138321
0.138328
0.138335
0.138342
0.138349
0.138356
0.138363
0.13837
0.138377
0.138384
0.138391
0.138398
0.138405
0.138412
0.138419
0.138426
0.138433
0.13844
0.138447
0.138454
0.138461
0.138468
0.138475
0.138481
0.138488
0.138495
0.138502
0.138509
0.138516
0.138523
0.13853
0.138537
0.138544
0.13855
0.138557
0.138564
0.138571
0.138578
0.138585
0.138592
0.138598
0.138605
0.138612
0.138619
0.138626
0.138632
0.138639
0.138646
0.138653
0.13866
0.138666
0.138673
0.13868
0.138687
0.138693
0.1387
0.138707
0.138714
0.13872
0.138727
0.138734
0.138741
0.138747
0.138754
0.138761
0.138767
0.138774
0.138781
0.138787
0.138794
0.138801
0.138807
0.138814
0.138821
0.138827
0.138834
0.138841
0.138847
0.138854
0.138861
0.138867
0.138874
0.13888
0.138887
0.138894
0.1389
0.138907
0.138913
0.13892
0.138927
0.138933
0.13894
0.138946
0.138953
0.138959
0.138966
0.138972
0.138979
0.138986
0.138992
0.138999
0.139005
0.139012
0.139018
0.139025
0.139031
0.139038
0.139044
0.139051
0.139057
0.139063
0.13907
0.139076
0.139083
0.139089
0.139096
0.139102
0.139109
0.139115
0.139121
0.139128
0.139134
0.139141
0.139147
0.139153
0.13916
0.139166
0.139173
0.139179
0.139185
0.139192
0.139198
0.139204
0.139211
0.139217
0.139223
0.13923
0.139236
0.139242
0.139249
0.139255
0.139261
0.139268
0.139274
0.13928
0.139287
0.139293
0.139299
0.139305
0.139312
0.139318
0.139324
0.139331
0.139337
0.139343
0.139349
0.139356
0.139362
0.139368
0.139374
0.13938
0.139387
0.139393
0.139399
0.139405
0.139411
0.139418
0.139424
0.13943
0.139436
0.139442
0.139449
0.139455
0.139461
0.139467
0.139473
0.139479
0.139485
0.139492
0.139498
0.139504
0.13951
0.139516
0.139522
0.139528
0.139534
0.13954
0.139547
0.139553
0.139559
0.139565
0.139571
0.139577
0.139583
0.139589
0.139595
0.139601
0.139607
0.139613
0.139619
0.139625
0.139631
0.139637
0.139643
0.139649
0.139655
0.139661
0.139667
0.139673
0.139679
0.139685
0.139691
0.139697
0.139703
0.139709
0.139715
0.139721
0.139727
0.139733
0.139739
0.139745
0.139751
0.139757
0.139763
0.139769
0.139775
0.139781
0.139787
0.139792
0.139798
0.139804
0.13981
0.139816
0.139822
0.139828
0.139834
0.13984
0.139845
0.139851
0.139857
0.139863
0.139869
0.139875
0.13988
0.139886
0.139892
0.139898
0.139904
0.13991
0.139915
0.139921
0.139927
0.139933
0.139939
0.139944
0.13995
0.139956
0.139962
0.139968
0.139973
0.139979
0.139985
0.139991
0.139996
0.140002
0.140008
0.140014
0.140019
0.140025
0.140031
0.140036
0.140042
0.140048
0.140054
0.140059
0.140065
0.140071
0.140076
0.140082
0.140088
0.140093
0.140099
0.140105
0.14011
0.140116
0.140122
0.140127
0.140133
0.140139
0.140144
0.14015
0.140156
0.140161
0.140167
0.140173
0.140178
0.140184
0.140189
0.140195
0.140201
0.140206
0.140212
0.140217
0.140223
0.140229
0.140234
0.14024
0.140245
0.140251
0.140256
0.140262
0.140267
0.140273
0.140279
0.140284
0.14029
0.140295
0.140301
0.140306
0.140312
0.140317
0.140323
0.140328
0.140334
0.140339
0.140345
0.14035
0.140356
0.140361
0.140367
0.140372
0.140378
0.140383
0.140389
0.140394
0.140399
0.140405
0.14041
0.140416
0.140421
0.140427
0.140432
0.140438
0.140443
0.140448
0.140454
0.140459
0.140465
0.14047
0.140475
0.140481
0.140486
0.140492
0.140497
0.140502
0.140508
0.140513
0.140518
0.140524
0.140529
0.140534
0.14054
0.140545
0.140551
0.140556
0.140561
0.140567
0.140572
0.140577
0.140582
0.140588
0.140593
0.140598
0.140604
0.140609
0.140614
0.14062
0.140625
0.14063
0.140635
0.140641
0.140646
0.140651
0.140657
0.140662
0.140667
0.140672
0.140678
0.140683
0.140688
0.140693
0.140699
0.140704
0.140709
0.140714
0.140719
0.140725
0.14073
0.140735
0.14074
0.140745
0.140751
0.140756
0.140761
0.140766
0.140771
0.140777
0.140782
0.140787
0.140792
0.140797
0.140802
0.140808
0.140813
0.140818
0.140823
0.140828
0.140833
0.140838
0.140844
0.140849
0.140854
0.140859
0.140864
0.140869
0.140874
0.140879
0.140884
0.14089
0.140895
0.1409
0.140905
0.14091
0.140915
0.14092
0.140925
0.14093
0.140935
0.14094
0.140945
0.14095
0.140956
0.140961
0.140966
0.140971
0.140976
0.140981
0.140986
0.140991
0.140996
0.141001
0.141006
0.141011
0.141016
0.141021
0.141026
0.141031
0.141036
0.141041
0.141046
0.141051
0.141056
0.141061
0.141066
0.141071
0.141076
0.141081
0.141086
0.141091
0.141095
0.1411
0.141105
0.14111
0.141115
0.14112
0.141125
0.14113
0.141135
0.14114
0.141145
0.14115
0.141155
0.14116
0.141164
0.141169
0.141174
0.141179
0.141184
0.141189
0.141194
0.141199
0.141204
0.141208
0.141213
0.141218
0.141223
0.141228
0.141233
0.141238
0.141242
0.141247
0.141252
0.141257
0.141262
0.141267
0.141271
0.141276
0.141281
0.141286
0.141291
0.141295
0.1413
0.141305
0.14131
0.141315
0.141319
0.141324
0.141329
0.141334
0.141339
0.141343
0.141348
0.141353
0.141358
0.141362
0.141367
0.141372
0.141377
0.141381
0.141386
0.141391
0.141396
0.1414
0.141405
0.14141
0.141415
0.141419
0.141424
0.141429
0.141434
0.141438
0.141443
0.141448
0.141452
0.141457
0.141462
0.141466
0.141471
0.141476
0.14148
0.141485
0.14149
0.141495
0.141499
0.141504
0.141509
0.141513
0.141518
0.141522
0.141527
0.141532
0.141536
0.141541
0.141546
0.14155
0.141555
0.14156
0.141564
0.141569
0.141573
0.141578
0.141583
0.141587
0.141592
0.141596
0.141601
0.141606
0.14161
0.141615
0.141619
0.141624
0.141629
0.141633
0.141638
0.141642
0.141647
0.141651
0.141656
0.141661
0.141665
0.14167
0.141674
0.141679
0.141683
0.141688
0.141692
0.141697
0.141701
0.141706
0.141711
0.141715
0.14172
0.141724
0.141729
0.141733
0.141738
0.141742
0.141747
0.141751
0.141756
0.14176
0.141765
0.141769
0.141774
0.141778
0.141782
0.141787
0.141791
0.141796
0.1418
0.141805
0.141809
0.141814
0.141818
0.141823
0.141827
0.141832
0.141836
0.14184
0.141845
0.141849
0.141854
0.141858
0.141863
0.141867
0.141871
0.141876
0.14188
0.141885
0.141889
0.141893
0.141898
0.141902
0.141907
0.141911
0.141915
0.14192
0.141924
0.141928
0.141933
0.141937
0.141942
0.141946
0.14195
0.141955
0.141959
0.141963
0.141968
0.141972
0.141976
0.141981
0.141985
0.141989
0.141994
0.141998
0.142002
0.142007
0.142011
0.142015
0.14202
0.142024
0.142028
0.142033
0.142037
0.142041
0.142046
0.14205
0.142054
0.142058
0.142063
0.142067
0.142071
0.142076
0.14208
0.142084
0.142088
0.142093
0.142097
0.142101
0.142105
0.14211
0.142114
0.142118
0.142122
0.142127
0.142131
0.142135
0.142139
0.142144
0.142148
0.142152
0.142156
0.142161
0.142165
0.142169
0.142173
0.142177
0.142182
0.142186
0.14219
0.142194
0.142198
0.142203
0.142207
0.142211
0.142215
0.142219
0.142224
0.142228
0.142232
0.142236
0.14224
0.142244
0.142249
0.142253
0.142257
0.142261
0.142265
0.142269
0.142274
0.142278
0.142282
0.142286
0.14229
0.142294
0.142298
0.142302
0.142307
0.142311
0.142315
0.142319
0.142323
0.142327
0.142331
0.142335
0.14234
0.142344
0.142348
0.142352
0.142356
0.14236
0.142364
0.142368
0.142372
0.142376
0.14238
0.142385
0.142389
0.142393
0.142397
0.142401
0.142405
0.142409
0.142413
0.142417
0.142421
0.142425
0.142429
0.142433
0.142437
0.142441
0.142445
0.142449
0.142453
0.142457
0.142461
0.142465
0.14247
0.142474
0.142478
0.142482
0.142486
0.14249
0.142494
0.142498
0.142502
0.142506
0.14251
0.142514
0.142518
0.142522
0.142526
0.14253
0.142533
0.142537
0.142541
0.142545
0.142549
0.142553
0.142557
0.142561
0.142565
0.142569
0.142573
0.142577
0.142581
0.142585
0.142589
0.142593
0.142597
0.142601
0.142605
0.142609
0.142613
0.142616
0.14262
0.142624
0.142628
0.142632
0.142636
0.14264
0.142644
0.142648
0.142652
0.142656
0.14266
0.142663
0.142667
0.142671
0.142675
0.142679
0.142683
0.142687
0.142691
0.142695
0.142698
0.142702
0.142706
0.14271
0.142714
0.142718
0.142722
0.142725
0.142729
0.142733
0.142737
0.142741
0.142745
0.142749
0.142752
0.142756
0.14276
0.142764
0.142768
0.142772
0.142775
0.142779
0.142783
0.142787
0.142791
0.142794
0.142798
0.142802
0.142806
0.14281
0.142814
0.142817
0.142821
0.142825
0.142829
0.142832
0.142836
0.14284
0.142844
0.142848
0.142851
0.142855
0.142859
0.142863
0.142866
0.14287
0.142874
0.142878
0.142882
0.142885
0.142889
0.142893
0.142897
0.1429
0.142904
0.142908
0.142912
0.142915
0.142919
0.142923
0.142926
0.14293
0.142934
0.142938
0.142941
0.142945
0.142949
0.142953
0.142956
0.14296
0.142964
0.142967
0.142971
0.142975
0.142978
0.142982
0.142986
0.14299
0.142993
0.142997
0.143001
0.143004
0.143008
0.143012
0.143015
0.143019
0.143023
0.143026
0.14303
0.143034
0.143037
0.143041
0.143045
0.143048
0.143052
0.143056
0.143059
0.143063
0.143067
0.14307
0.143074
0.143078
0.143081
0.143085
0.143088
0.143092
0.143096
0.143099
0.143103
0.143107
0.14311
0.143114
0.143117
0.143121
0.143125
0.143128
0.143132
0.143135
0.143139
0.143143
0.143146
0.14315
0.143153
0.143157
0.143161
0.143164
0.143168
0.143171
0.143175
0.143179
0.143182
0.143186
0.143189
0.143193
0.143196
0.1432
0.143203
0.143207
0.143211
0.143214
0.143218
0.143221
0.143225
0.143228
0.143232
0.143235
0.143239
0.143243
0.143246
0.14325
0.143253
0.143257
0.14326
0.143264
0.143267
0.143271
0.143274
0.143278
0.143281
0.143285
0.143288
0.143292
0.143295
0.143299
0.143302
0.143306
0.143309
0.143313
0.143316
0.14332
0.143323
0.143327
0.14333
0.143334
0.143337
0.143341
0.143344
0.143348
0.143351
0.143355
0.143358
0.143362
0.143365
0.143369
0.143372
0.143375
0.143379
0.143382
0.143386
0.143389
0.143393
0.143396
0.1434
0.143403
0.143406
0.14341
0.143413
0.143417
0.14342
0.143424
0.143427
0.14343
0.143434
0.143437
0.143441
0.143444
0.143448
0.143451
0.143454
0.143458
0.143461
0.143465
0.143468
0.143471
0.143475
0.143478
0.143482
0.143485
0.143488
0.143492
0.143495
0.143499
0.143502
0.143505
0.143509
0.143512
0.143515
0.143519
0.143522
0.143526
0.143529
0.143532
0.143536
0.143539
0.143542
0.143546
0.143549
0.143552
0.143556
0.143559
0.143563
0.143566
0.143569
0.143573
0.143576
0.143579
0.143583
0.143586
0.143589
0.143593
0.143596
0.143599
0.143603
0.143606
0.143609
0.143613
0.143616
0.143619
0.143622
0.143626
0.143629
0.143632
0.143636
0.143639
0.143642
0.143646
0.143649
0.143652
0.143655
0.143659
0.143662
0.143665
0.143669
0.143672
0.143675
0.143678
0.143682
0.143685
0.143688
0.143692
0.143695
0.143698
0.143701
0.143705
0.143708
0.143711
0.143714
0.143718
0.143721
0.143724
0.143727
0.143731
0.143734
0.143737
0.14374
0.143744
0.143747
0.14375
0.143753
0.143757
0.14376
0.143763
0.143766
0.14377
0.143773
0.143776
0.143779
0.143782
0.143786
0.143789
0.143792
0.143795
0.143799
0.143802
0.143805
0.143808
0.143811
0.143815
0.143818
0.143821
0.143824
0.143827
0.143831
0.143834
0.143837
0.14384
0.143843
0.143846
0.14385
0.143853
0.143856
0.143859
0.143862
0.143866
0.143869
0.143872
0.143875
0.143878
0.143881
0.143885
0.143888
0.143891
0.143894
0.143897
0.1439
0.143903
0.143907
0.14391
0.143913
0.143916
0.143919
0.143922
0.143925
0.143929
0.143932
0.143935
0.143938
0.143941
0.143944
0.143947
0.143951
0.143954
0.143957
0.14396
0.143963
0.143966
0.143969
0.143972
0.143975
0.143979
0.143982
0.143985
0.143988
0.143991
0.143994
0.143997
0.144
0.144003
0.144006
0.14401
0.144013
0.144016
0.144019
0.144022
0.144025
0.144028
0.144031
0.144034
0.144037
0.14404
0.144043
0.144046
0.14405
0.144053
0.144056
0.144059
0.144062
0.144065
0.144068
0.144071
0.144074
0.144077
0.14408
0.144083
0.144086
0.144089
0.144092
0.144095
0.144098
0.144101
0.144104
0.144108
0.144111
0.144114
0.144117
0.14412
0.144123
0.144126
0.144129
0.144132
0.144135
0.144138
0.144141
0.144144
0.144147
0.14415
0.144153
0.144156
0.144159
0.144162
0.144165
0.144168
0.144171
0.144174
0.144177
0.14418
0.144183
0.144186
0.144189
0.144192
0.144195
0.144198
0.144201
0.144204
0.144207
0.14421
0.144213
0.144216
0.144219
0.144222
0.144225
0.144228
0.144231
0.144234
0.144237
0.144239
0.144242
0.144245
0.144248
0.144251
0.144254
0.144257
0.14426
0.144263
0.144266
0.144269
0.144272
0.144275
0.144278
0.144281
0.144284
0.144287
0.14429
0.144293
0.144295
0.144298
0.144301
0.144304
0.144307
0.14431
0.144313
0.144316
0.144319
0.144322
0.144325
0.144328
0.144331
0.144333
0.144336
0.144339
0.144342
0.144345
0.144348
0.144351
0.144354
0.144357
0.14436
0.144362
0.144365
0.144368
0.144371
0.144374
0.144377
0.14438
0.144383
0.144386
0.144388
0.144391
0.144394
0.144397
0.1444
0.144403
0.144406
0.144409
0.144411
0.144414
0.144417
0.14442
0.144423
0.144426
0.144429
0.144432
0.144434
0.144437
0.14444
0.144443
0.144446
0.144449
0.144451
0.144454
0.144457
0.14446
0.144463
0.144466
0.144469
0.144471
0.144474
0.144477
0.14448
0.144483
0.144486
0.144488
0.144491
0.144494
0.144497
0.1445
0.144502
0.144505
0.144508
0.144511
0.144514
0.144517
0.144519
0.144522
0.144525
0.144528
0.144531
0.144533
0.144536
0.144539
0.144542
0.144545
0.144547
0.14455
0.144553
0.144556
0.144559
0.144561
0.144564
0.144567
0.14457
0.144573
0.144575
0.144578
0.144581
0.144584
0.144586
0.144589
0.144592
0.144595
0.144597
0.1446
0.144603
0.144606
0.144609
0.144611
0.144614
0.144617
0.14462
0.144622
0.144625
0.144628
0.144631
0.144633
0.144636
0.144639
0.144642
0.144644
0.144647
0.14465
0.144653
0.144655
0.144658
0.144661
0.144664
0.144666
0.144669
0.144672
0.144674
0.144677
0.14468
0.144683
0.144685
0.144688
0.144691
0.144694
0.144696
0.144699
0.144702
0.144704
0.144707
0.14471
0.144713
0.144715
0.144718
0.144721
0.144723
0.144726
0.144729
0.144731
0.144734
0.144737
0.14474
0.144742
0.144745
0.144748
0.14475
0.144753
0.144756
0.144758
0.144761
0.144764
0.144766
0.144769
0.144772
0.144774
0.144777
0.14478
0.144782
0.144785
0.144788
0.14479
0.144793
0.144796
0.144798
0.144801
0.144804
0.144806
0.144809
0.144812
0.144814
0.144817
0.14482
0.144822
0.144825
0.144828
0.14483
0.144833
0.144836
0.144838
0.144841
0.144844
0.144846
0.144849
0.144852
0.144854
0.144857
0.144859
0.144862
0.144865
0.144867
0.14487
0.144873
0.144875
0.144878
0.14488
0.144883
0.144886
0.144888
0.144891
0.144894
0.144896
0.144899
0.144901
0.144904
0.144907
0.144909
0.144912
0.144914
0.144917
0.14492
0.144922
0.144925
0.144927
0.14493
0.144933
0.144935
0.144938
0.14494
0.144943
0.144946
0.144948
0.144951
0.144953
0.144956
0.144958
0.144961
0.144964
0.144966
0.144969
0.144971
0.144974
0.144977
0.144979
0.144982
0.144984
0.144987
0.144989
0.144992
0.144995
0.144997
0.145
0.145002
0.145005
0.145007
0.14501
0.145012
0.145015
0.145018
0.14502
0.145023
0.145025
0.145028
0.14503
0.145033
0.145035
0.145038
0.14504
0.145043
0.145046
0.145048
0.145051
0.145053
0.145056
0.145058
0.145061
0.145063
0.145066
0.145068
0.145071
0.145073
0.145076
0.145078
0.145081
0.145083
0.145086
0.145089
0.145091
0.145094
0.145096
0.145099
0.145101
0.145104
0.145106
0.145109
0.145111
0.145114
0.145116
0.145119
0.145121
0.145124
0.145126
0.145129
0.145131
0.145134
0.145136
0.145139
0.145141
0.145144
0.145146
0.145149
0.145151
0.145154
0.145156
0.145158
0.145161
0.145163
0.145166
0.145168
0.145171
0.145173
0.145176
0.145178
0.145181
0.145183
0.145186
0.145188
0.145191
0.145193
0.145196
0.145198
0.1452
0.145203
0.145205
0.145208
0.14521
0.145213
0.145215
0.145218
0.14522
0.145223
0.145225
0.145227
0.14523
0.145232
0.145235
0.145237
0.14524
0.145242
0.145245
0.145247
0.145249
0.145252
0.145254
0.145257
0.145259
0.145262
0.145264
0.145266
0.145269
0.145271
0.145274
0.145276
0.145279
0.145281
0.145283
0.145286
0.145288
0.145291
0.145293
0.145296
0.145298
0.1453
0.145303
0.145305
0.145308
0.14531
0.145312
0.145315
0.145317
0.14532
0.145322
0.145324
0.145327
0.145329
0.145332
0.145334
0.145336
0.145339
0.145341
0.145344
0.145346
0.145348
0.145351
0.145353
0.145356
0.145358
0.14536
0.145363
0.145365
0.145367
0.14537
0.145372
0.145375
0.145377
0.145379
0.145382
0.145384
0.145386
0.145389
0.145391
0.145394
0.145396
0.145398
0.145401
0.145403
0.145405
0.145408
0.14541
0.145412
0.145415
0.145417
0.14542
0.145422
0.145424
0.145427
0.145429
0.145431
0.145434
0.145436
0.145438
0.145441
0.145443
0.145445
0.145448
0.14545
0.145452
0.145455
0.145457
0.145459
0.145462
0.145464
0.145466
0.145469
0.145471
0.145473
0.145476
0.145478
0.14548
0.145483
0.145485
0.145487
0.14549
0.145492
0.145494
0.145497
0.145499
0.145501
0.145504
0.145506
0.145508
0.14551
0.145513
0.145515
0.145517
0.14552
0.145522
0.145524
0.145527
0.145529
0.145531
0.145534
0.145536
0.145538
0.14554
0.145543
0.145545
0.145547
0.14555
0.145552
0.145554
0.145556
0.145559
0.145561
0.145563
0.145566
0.145568
0.14557
0.145572
0.145575
0.145577
0.145579
0.145582
0.145584
0.145586
0.145588
0.145591
0.145593
0.145595
0.145598
0.1456
0.145602
0.145604
0.145607
0.145609
0.145611
0.145613
0.145616
0.145618
0.14562
0.145622
0.145625
0.145627
0.145629
0.145631
0.145634
0.145636
0.145638
0.14564
0.145643
0.145645
0.145647
0.145649
0.145652
0.145654
0.145656
0.145658
0.145661
0.145663
0.145665
0.145667
0.14567
0.145672
0.145674
0.145676
0.145679
0.145681
0.145683
0.145685
0.145687
0.14569
0.145692
0.145694
0.145696
0.145699
0.145701
0.145703
0.145705
0.145707
0.14571
0.145712
0.145714
0.145716
0.145719
0.145721
0.145723
0.145725
0.145727
0.14573
0.145732
0.145734
0.145736
0.145738
0.145741
0.145743
0.145745
0.145747
0.145749
0.145752
0.145754
0.145756
0.145758
0.14576
0.145763
0.145765
0.145767
0.145769
0.145771
0.145774
0.145776
0.145778
0.14578
0.145782
0.145784
0.145787
0.145789
0.145791
0.145793
0.145795
0.145798
0.1458
0.145802
0.145804
0.145806
0.145808
0.145811
0.145813
0.145815
0.145817
0.145819
0.145821
0.145824
0.145826
0.145828
0.14583
0.145832
0.145834
0.145837
0.145839
0.145841
0.145843
0.145845
0.145847
0.145849
0.145852
0.145854
0.145856
0.145858
0.14586
0.145862
0.145864
0.145867
0.145869
0.145871
0.145873
0.145875
0.145877
0.145879
0.145882
0.145884
0.145886
0.145888
0.14589
0.145892
0.145894
0.145897
0.145899
0.145901
0.145903
0.145905
0.145907
0.145909
0.145911
0.145914
0.145916
0.145918
0.14592
0.145922
0.145924
0.145926
0.145928
0.145931
0.145933
0.145935
0.145937
0.145939
0.145941
0.145943
0.145945
0.145947
0.14595
0.145952
0.145954
0.145956
0.145958
0.14596
0.145962
0.145964
0.145966
0.145968
0.145971
0.145973
0.145975
0.145977
0.145979
0.145981
0.145983
0.145985
0.145987
0.145989
0.145992
0.145994
0.145996
0.145998
0.146
0.146002
0.146004
0.146006
0.146008
0.14601
0.146012
0.146014
0.146016
0.146019
0.146021
0.146023
0.146025
0.146027
0.146029
0.146031
0.146033
0.146035
0.146037
0.146039
0.146041
0.146043
0.146045
0.146048
0.14605
0.146052
0.146054
0.146056
0.146058
0.14606
0.146062
0.146064
0.146066
0.146068
0.14607
0.146072
0.146074
0.146076
0.146078
0.14608
0.146082
0.146085
0.146087
0.146089
0.146091
0.146093
0.146095
0.146097
0.146099
0.146101
0.146103
0.146105
0.146107
0.146109
0.146111
0.146113
0.146115
0.146117
0.146119
0.146121
0.146123
0.146125
0.146127
0.146129
0.146131
0.146133
0.146135
0.146137
0.146139
0.146141
0.146144
0.146146
0.146148
0.14615
0.146152
0.146154
0.146156
0.146158
0.14616
0.146162
0.146164
0.146166
0.146168
0.14617
0.146172
0.146174
0.146176
0.146178
0.14618
0.146182
0.146184
0.146186
0.146188
0.14619
0.146192
0.146194
0.146196
0.146198
0.1462
0.146202
0.146204
0.146206
0.146208
0.14621
0.146212
0.146214
0.146216
0.146218
0.14622
0.146222
0.146224
0.146226
0.146228
0.14623
0.146232
0.146234
0.146236
0.146238
0.146239
0.146241
0.146243
0.146245
0.146247
0.146249
0.146251
0.146253
0.146255
0.146257
0.146259
0.146261
0.146263
0.146265
0.146267
0.146269
0.146271
0.146273
0.146275
0.146277
0.146279
0.146281
0.146283
0.146285
0.146287
0.146289
0.146291
0.146293
0.146295
0.146297
0.146298
0.1463
0.146302
0.146304
0.146306
0.146308
0.14631
0.146312
0.146314
0.146316
0.146318
0.14632
0.146322
0.146324
0.146326
0.146328
0.14633
0.146332
0.146333
0.146335
0.146337
0.146339
0.146341
0.146343
0.146345
0.146347
0.146349
0.146351
0.146353
0.146355
0.146357
0.146359
0.146361
0.146362
0.146364
0.146366
0.146368
0.14637
0.146372
0.146374
0.146376
0.146378
0.14638
0.146382
0.146384
0.146386
0.146387
0.146389
0.146391
0.146393
0.146395
0.146397
0.146399
0.146401
0.146403
0.146405
0.146407
0.146408
0.14641
0.146412
0.146414
0.146416
0.146418
0.14642
0.146422
0.146424
0.146426
0.146427
0.146429
0.146431
0.146433
0.146435
0.146437
0.146439
0.146441
0.146443
0.146445
0.146446
0.146448
0.14645
0.146452
0.146454
0.146456
0.146458
0.14646
0.146461
0.146463
0.146465
0.146467
0.146469
0.146471
0.146473
0.146475
0.146477
0.146478
0.14648
0.146482
0.146484
0.146486
0.146488
0.14649
0.146492
0.146493
0.146495
0.146497
0.146499
0.146501
0.146503
0.146505
0.146506
0.146508
0.14651
0.146512
0.146514
0.146516
0.146518
0.14652
0.146521
0.146523
0.146525
0.146527
0.146529
0.146531
0.146532
0.146534
0.146536
0.146538
0.14654
0.146542
0.146544
0.146545
0.146547
0.146549
0.146551
0.146553
0.146555
0.146557
0.146558
0.14656
0.146562
0.146564
0.146566
0.146568
0.146569
0.146571
0.146573
0.146575
0.146577
0.146579
0.14658
0.146582
0.146584
0.146586
0.146588
0.14659
0.146591
0.146593
0.146595
0.146597
0.146599
0.146601
0.146602
0.146604
0.146606
0.146608
0.14661
0.146611
0.146613
0.146615
0.146617
0.146619
0.146621
0.146622
0.146624
0.146626
0.146628
0.14663
0.146631
0.146633
0.146635
0.146637
0.146639
0.146641
0.146642
0.146644
0.146646
0.146648
0.14665
0.146651
0.146653
0.146655
0.146657
0.146659
0.14666
0.146662
0.146664
0.146666
0.146668
0.146669
0.146671
0.146673
0.146675
0.146677
0.146678
0.14668
0.146682
0.146684
0.146686
0.146687
0.146689
0.146691
0.146693
0.146694
0.146696
0.146698
0.1467
0.146702
0.146703
0.146705
0.146707
0.146709
0.146711
0.146712
0.146714
0.146716
0.146718
0.146719
0.146721
0.146723
0.146725
0.146727
0.146728
0.14673
0.146732
0.146734
0.146735
0.146737
0.146739
0.146741
0.146742
0.146744
0.146746
0.146748
0.14675
0.146751
0.146753
0.146755
0.146757
0.146758
0.14676
0.146762
0.146764
0.146765
0.146767
0.146769
0.146771
0.146772
0.146774
0.146776
0.146778
0.146779
0.146781
0.146783
0.146785
0.146786
0.146788
0.14679
0.146792
0.146793
0.146795
0.146797
0.146799
0.1468
0.146802
0.146804
0.146806
0.146807
0.146809
0.146811
0.146813
0.146814
0.146816
0.146818
0.14682
0.146821
0.146823
0.146825
0.146826
0.146828
0.14683
0.146832
0.146833
0.146835
0.146837
0.146839
0.14684
0.146842
0.146844
0.146845
0.146847
0.146849
0.146851
0.146852
0.146854
0.146856
0.146858
0.146859
0.146861
0.146863
0.146864
0.146866
0.146868
0.14687
0.146871
0.146873
0.146875
0.146876
0.146878
0.14688
0.146882
0.146883
0.146885
0.146887
0.146888
0.14689
0.146892
0.146894
0.146895
0.146897
0.146899
0.1469
0.146902
0.146904
0.146905
0.146907
0.146909
0.146911
0.146912
0.146914
0.146916
0.146917
0.146919
0.146921
0.146922
0.146924
0.146926
0.146928
0.146929
0.146931
0.146933
0.146934
0.146936
0.146938
0.146939
0.146941
0.146943
0.146944
0.146946
0.146948
0.146949
0.146951
0.146953
0.146955
0.146956
0.146958
0.14696
0.146961
0.146963
0.146965
0.146966
0.146968
0.14697
0.146971
0.146973
0.146975
0.146976
0.146978
0.14698
0.146981
0.146983
0.146985
0.146986
0.146988
0.14699
0.146991
0.146993
0.146995
0.146996
0.146998
0.147
0.147001
0.147003
0.147005
0.147006
0.147008
0.14701
0.147011
0.147013
0.147015
0.147016
0.147018
0.14702
0.147021
0.147023
0.147025
0.147026
0.147028
0.14703
0.147031
0.147033
0.147034
0.147036
0.147038
0.147039
0.147041
0.147043
0.147044
0.147046
0.147048
0.147049
0.147051
0.147053
0.147054
0.147056
0.147058
0.147059
0.147061
0.147062
0.147064
0.147066
0.147067
0.147069
0.147071
0.147072
0.147074
0.147076
0.147077
0.147079
0.14708
0.147082
0.147084
0.147085
0.147087
0.147089
0.14709
0.147092
0.147093
0.147095
0.147097
0.147098
0.1471
0.147102
0.147103
0.147105
0.147106
0.147108
0.14711
0.147111
0.147113
0.147115
0.147116
0.147118
0.147119
0.147121
0.147123
0.147124
0.147126
0.147128
0.147129
0.147131
0.147132
0.147134
0.147136
0.147137
0.147139
0.14714
0.147142
0.147144
0.147145
0.147147
0.147148
0.14715
0.147152
0.147153
0.147155
0.147156
0.147158
0.14716
0.147161
0.147163
0.147165
0.147166
0.147168
0.147169
0.147171
0.147172
0.147174
0.147176
0.147177
0.147179
0.14718
0.147182
0.147184
0.147185
0.147187
0.147188
0.14719
0.147192
0.147193
0.147195
0.147196
0.147198
0.1472
0.147201
0.147203
0.147204
0.147206
0.147207
0.147209
0.147211
0.147212
0.147214
0.147215
0.147217
0.147219
0.14722
0.147222
0.147223
0.147225
0.147226
0.147228
0.14723
0.147231
0.147233
0.147234
0.147236
0.147237
0.147239
0.147241
0.147242
0.147244
0.147245
0.147247
0.147248
0.14725
0.147252
0.147253
0.147255
0.147256
0.147258
0.147259
0.147261
0.147263
0.147264
0.147266
0.147267
0.147269
0.14727
0.147272
0.147273
0.147275
0.147277
0.147278
0.14728
0.147281
0.147283
0.147284
0.147286
0.147287
0.147289
0.147291
0.147292
0.147294
0.147295
0.147297
0.147298
0.1473
0.147301
0.147303
0.147305
0.147306
0.147308
0.147309
0.147311
0.147312
0.147314
0.147315
0.147317
0.147318
0.14732
0.147322
0.147323
0.147325
0.147326
0.147328
0.147329
0.147331
0.147332
0.147334
0.147335
0.147337
0.147338
0.14734
0.147341
0.147343
0.147345
0.147346
0.147348
0.147349
0.147351
0.147352
0.147354
0.147355
0.147357
0.147358
0.14736
0.147361
0.147363
0.147364
0.147366
0.147367
0.147369
0.147371
0.147372
0.147374
0.147375
0.147377
0.147378
0.14738
0.147381
0.147383
0.147384
0.147386
0.147387
0.147389
0.14739
0.147392
0.147393
0.147395
0.147396
0.147398
0.147399
0.147401
0.147402
0.147404
0.147405
0.147407
0.147408
0.14741
0.147411
0.147413
0.147414
0.147416
0.147417
0.147419
0.14742
0.147422
0.147423
0.147425
0.147426
0.147428
0.147429
0.147431
0.147432
0.147434
0.147435
0.147437
0.147438
0.14744
0.147441
0.147443
0.147444
0.147446
0.147447
0.147449
0.14745
0.147452
0.147453
0.147455
0.147456
0.147458
0.147459
0.147461
0.147462
0.147464
0.147465
0.147467
0.147468
0.14747
0.147471
0.147473
0.147474
0.147476
0.147477
0.147479
0.14748
0.147482
0.147483
0.147485
0.147486
0.147488
0.147489
0.147491
0.147492
0.147493
0.147495
0.147496
0.147498
0.147499
0.147501
0.147502
0.147504
0.147505
0.147507
0.147508
0.14751
0.147511
0.147513
0.147514
0.147516
0.147517
0.147519
0.14752
0.147521
0.147523
0.147524
0.147526
0.147527
0.147529
0.14753
0.147532
0.147533
0.147535
0.147536
0.147538
0.147539
0.14754
0.147542
0.147543
0.147545
0.147546
0.147548
0.147549
0.147551
0.147552
0.147554
0.147555
0.147556
0.147558
0.147559
0.147561
0.147562
0.147564
0.147565
0.147567
0.147568
0.14757
0.147571
0.147572
0.147574
0.147575
0.147577
0.147578
0.14758
0.147581
0.147583
0.147584
0.147585
0.147587
0.147588
0.14759
0.147591
0.147593
0.147594
0.147596
0.147597
0.147598
0.1476
0.147601
0.147603
0.147604
0.147606
0.147607
0.147608
0.14761
0.147611
0.147613
0.147614
0.147616
0.147617
0.147619
0.14762
0.147621
0.147623
0.147624
0.147626
0.147627
0.147629
0.14763
0.147631
0.147633
0.147634
0.147636
0.147637
0.147639
0.14764
0.147641
0.147643
0.147644
0.147646
0.147647
0.147648
0.14765
0.147651
0.147653
0.147654
0.147656
0.147657
0.147658
0.14766
0.147661
0.147663
0.147664
0.147665
0.147667
0.147668
0.14767
0.147671
0.147673
0.147674
0.147675
0.147677
0.147678
0.14768
0.147681
0.147682
0.147684
0.147685
0.147687
0.147688
0.147689
0.147691
0.147692
0.147694
0.147695
0.147696
0.147698
0.147699
0.147701
0.147702
0.147703
0.147705
0.147706
0.147708
0.147709
0.14771
0.147712
0.147713
0.147715
0.147716
0.147717
0.147719
0.14772
0.147722
0.147723
0.147724
0.147726
0.147727
0.147729
0.14773
0.147731
0.147733
0.147734
0.147736
0.147737
0.147738
0.14774
0.147741
0.147743
0.147744
0.147745
0.147747
0.147748
0.147749
0.147751
0.147752
0.147754
0.147755
0.147756
0.147758
0.147759
0.147761
0.147762
0.147763
0.147765
0.147766
0.147767
0.147769
0.14777
0.147772
0.147773
0.147774
0.147776
0.147777
0.147778
0.14778
0.147781
0.147783
0.147784
0.147785
0.147787
0.147788
0.147789
0.147791
0.147792
0.147794
0.147795
0.147796
0.147798
0.147799
0.1478
0.147802
0.147803
0.147804
0.147806
0.147807
0.147809
0.14781
0.147811
0.147813
0.147814
0.147815
0.147817
0.147818
0.147819
0.147821
0.147822
0.147824
0.147825
0.147826
0.147828
0.147829
0.14783
0.147832
0.147833
0.147834
0.147836
0.147837
0.147838
0.14784
0.147841
0.147842
0.147844
0.147845
0.147847
0.147848
0.147849
0.147851
0.147852
0.147853
0.147855
0.147856
0.147857
0.147859
0.14786
0.147861
0.147863
0.147864
0.147865
0.147867
0.147868
0.147869
0.147871
0.147872
0.147873
0.147875
0.147876
0.147877
0.147879
0.14788
0.147881
0.147883
0.147884
0.147886
0.147887
0.147888
0.14789
0.147891
0.147892
0.147894
0.147895
0.147896
0.147898
0.147899
0.1479
0.147902
0.147903
0.147904
0.147906
0.147907
0.147908
0.14791
0.147911
0.147912
0.147913
0.147915
0.147916
0.147917
0.147919
0.14792
0.147921
0.147923
0.147924
0.147925
0.147927
0.147928
0.147929
0.147931
0.147932
0.147933
0.147935
0.147936
0.147937
0.147939
0.14794
0.147941
0.147943
0.147944
0.147945
0.147947
0.147948
0.147949
0.14795
0.147952
0.147953
0.147954
0.147956
0.147957
0.147958
0.14796
0.147961
0.147962
0.147964
0.147965
0.147966
0.147968
0.147969
0.14797
0.147971
0.147973
0.147974
0.147975
0.147977
0.147978
0.147979
0.147981
0.147982
0.147983
0.147985
0.147986
0.147987
0.147988
0.14799
0.147991
0.147992
0.147994
0.147995
0.147996
0.147998
0.147999
0.148
0.148001
0.148003
0.148004
0.148005
0.148007
0.148008
0.148009
0.14801
0.148012
0.148013
0.148014
0.148016
0.148017
0.148018
0.14802
0.148021
0.148022
0.148023
0.148025
0.148026
0.148027
0.148029
0.14803
0.148031
0.148032
0.148034
0.148035
0.148036
0.148038
0.148039
0.14804
0.148041
0.148043
0.148044
0.148045
0.148047
0.148048
0.148049
0.14805
0.148052
0.148053
0.148054
0.148056
0.148057
0.148058
0.148059
0.148061
0.148062
0.148063
0.148064
0.148066
0.148067
0.148068
0.14807
0.148071
0.148072
0.148073
0.148075
0.148076
0.148077
0.148078
0.14808
0.148081
0.148082
0.148084
0.148085
0.148086
0.148087
0.148089
0.14809
0.148091
0.148092
0.148094
0.148095
0.148096
0.148097
0.148099
0.1481
0.148101
0.148103
0.148104
0.148105
0.148106
0.148108
0.148109
0.14811
0.148111
0.148113
0.148114
0.148115
0.148116
0.148118
0.148119
0.14812
0.148121
0.148123
0.148124
0.148125
0.148126
0.148128
0.148129
0.14813
0.148131
0.148133
0.148134
0.148135
0.148136
0.148138
0.148139
0.14814
0.148141
0.148143
0.148144
0.148145
0.148146
0.148148
0.148149
0.14815
0.148151
0.148153
0.148154
0.148155
0.148156
0.148158
0.148159
0.14816
0.148161
0.148163
0.148164
0.148165
0.148166
0.148168
0.148169
0.14817
0.148171
0.148173
0.148174
0.148175
0.148176
0.148178
0.148179
0.14818
0.148181
0.148183
0.148184
0.148185
0.148186
0.148187
0.148189
0.14819
0.148191
0.148192
0.148194
0.148195
0.148196
0.148197
0.148199
0.1482
0.148201
0.148202
0.148203
0.148205
0.148206
0.148207
0.148208
0.14821
0.148211
0.148212
0.148213
0.148215
0.148216
0.148217
0.148218
0.148219
0.148221
0.148222
0.148223
0.148224
0.148226
0.148227
0.148228
0.148229
0.14823
0.148232
0.148233
0.148234
0.148235
0.148237
0.148238
0.148239
0.14824
0.148241
0.148243
0.148244
0.148245
0.148246
0.148247
0.148249
0.14825
