0.5
0.495025
0.490099
0.485223
0.480395
0.475615
0.470882
0.466197
0.461558
0.456966
0.452419
0.447917
0.44346
0.439048
0.434679
0.430354
0.426072
0.421832
0.417635
0.41348
0.409365
0.405292
0.401259
0.397267
0.393314
0.3894
0.385526
0.38169
0.377892
0.374132
0.370409
0.366723
0.363075
0.359462
0.355885
0.352344
0.348838
0.345367
0.341931
0.338528
0.33516
0.331825
0.328523
0.325255
0.322018
0.318814
0.315642
0.312501
0.309392
0.306313
0.303265
0.300248
0.29726
0.294302
0.291374
0.288475
0.285605
0.282763
0.279949
0.277164
0.274406
0.271675
0.268972
0.266296
0.263646
0.261023
0.258426
0.255854
0.253309
0.250788
0.248293
0.245822
0.243376
0.240955
0.238557
0.236184
0.233834
0.231507
0.229204
0.226923
0.224665
0.22243
0.220217
0.218026
0.215857
0.213709
0.211583
0.209478
0.207394
0.20533
0.203288
0.201265
0.199263
0.197281
0.195318
0.193375
0.191452
0.189548
0.187662
0.185796
0.183948
0.182119
0.180308
0.178516
0.176741
0.174984
0.173245
0.171523
0.169818
0.168131
0.166461
0.164807
0.163171
0.161551
0.159947
0.15836
0.156789
0.155234
0.153695
0.152172
0.150664
0.149172
0.147696
0.146234
0.144789
0.143358
0.141942
0.140541
0.139156
0.137785
0.136428
0.135087
0.13376
0.132447
0.131149
0.129865
0.128596
0.127341
0.1261
0.124874
0.123662
0.122464
0.12128
0.12011
0.118954
0.117813
0.116685
0.115572
0.114473
0.113388
0.112317
0.111261
0.110218
0.10919
0.108176
0.107176
0.106191
0.10522
0.104264
0.103321
0.102394
0.101481
0.100582
0.0996985
0.0988294
0.0979749
0.0971352
0.0963102
0.0955001
0.0947048
0.0939244
0.0931589
0.0924082
0.0916725
0.0909518
0.0902459
0.089555
0.0888789
0.0882177
0.0875714
0.0869398
0.086323
0.0857209
0.0851333
0.0845603
0.0840017
0.0834574
0.0829274
0.0824115
0.0819095
0.0814214
0.0809469
0.0804859
0.0800383
0.0796039
0.0791824
0.0787738
0.0783777
0.077994
0.0776225
0.077263
0.0769151
0.0765788
0.0762537
0.0759396
0.0756363
0.0753435
0.075061
0.0747886
0.0745259
0.0742728
0.0740289
0.0737941
0.0735681
0.0733506
0.0731415
0.0729403
0.072747
0.0725613
0.0723829
0.0722116
0.0720471
0.0718894
0.071738
0.0715929
0.0714538
0.0713205
0.0711927
0.0710704
0.0709533
0.0708412
0.0707339
0.0706313
0.0705332
0.0704394
0.0703497
0.0702641
0.0701823
0.0701041
0.0700295
0.0699584
0.0698905
0.0698257
0.069764
0.0697051
0.069649
0.0695956
0.0695448
0.0694964
0.0694504
0.0694066
0.0693649
0.0693254
0.0692878
0.0692521
0.0692183
0.0691861
0.0691557
0.0691268
0.0690995
0.0690736
0.0690492
0.069026
0.0690042
0.0689836
0.0689641
0.0689458
0.0689286
0.0689123
0.0688971
0.0688828
0.0688694
0.0688569
0.0688451
0.0688342
0.068824
0.0688145
0.0688057
0.0687976
0.0687901
0.0687832
0.0687768
0.068771
0.0687658
0.068761
0.0687567
0.0687528
0.0687494
0.0687464
0.0687438
0.0687416
0.0687398
0.0687382
0.0687371
0.0687362
0.0687356
0.0687354
0.0687354
0.0687356
0.0687361
0.0687369
0.0687379
0.0687391
0.0687405
0.0687421
0.0687439
0.0687459
0.068748
0.0687504
0.0687529
0.0687555
0.0687583
0.0687612
0.0687643
0.0687674
0.0687707
0.0687742
0.0687777
0.0687813
0.0687851
0.0687889
0.0687928
0.0687968
0.0688009
0.0688051
0.0688094
0.0688137
0.0688181
0.0688226
0.0688271
0.0688317
0.0688364
0.0688411
0.0688459
0.0688507
0.0688556
0.0688605
0.0688654
0.0688705
0.0688755
0.0688806
0.0688857
0.0688909
0.0688961
0.0689014
0.0689066
0.068912
0.0689173
0.0689227
0.0689281
0.0689335
0.0689389
0.0689444
0.0689499
0.0689554
0.068961
0.0689666
0.0689722
0.0689778
0.0689834
0.0689891
0.0689947
0.0690004
0.0690061
0.0690119
0.0690176
0.0690234
0.0690291
0.0690349
0.0690407
0.0690466
0.0690524
0.0690582
0.0690641
0.06907
0.0690759
0.0690818
0.0690877
0.0690936
0.0690995
0.0691055
0.0691114
0.0691174
0.0691234
0.0691294
0.0691354
0.0691414
0.0691474
0.0691535
0.0691595
0.0691656
0.0691716
0.0691777
0.0691838
0.0691899
0.069196
0.0692021
0.0692082
0.0692143
0.0692205
0.0692266
0.0692328
0.0692389
0.0692451
0.0692513
0.0692575
0.0692637
0.0692699
0.0692761
0.0692823
0.0692886
0.0692948
0.0693011
0.0693073
0.0693136
0.0693199
0.0693262
0.0693325
0.0693388
0.0693451
0.0693514
0.0693577
0.0693641
0.0693704
0.0693767
0.0693831
0.0693895
0.0693959
0.0694022
0.0694086
0.069415
0.0694214
0.0694279
0.0694343
0.0694407
0.0694472
0.0694536
0.0694601
0.0694665
0.069473
0.0694795
0.069486
0.0694925
0.069499
0.0695055
0.0695121
0.0695186
0.0695251
0.0695317
0.0695382
0.0695448
0.0695514
0.069558
0.0695646
0.0695712
0.0695778
0.0695844
0.069591
0.0695976
0.0696043
0.0696109
0.0696176
0.0696243
0.0696309
0.0696376
0.0696443
0.069651
0.0696577
0.0696645
0.0696712
0.0696779
0.0696847
0.0696914
0.0696982
0.069705
0.0697117
0.0697185
0.0697253
0.0697321
0.0697389
0.0697458
0.0697526
0.0697594
0.0697663
0.0697731
0.06978
0.0697869
0.0697937
0.0698006
0.0698075
0.0698144
0.0698214
0.0698283
0.0698352
0.0698422
0.0698491
0.0698561
0.069863
0.06987
0.069877
0.069884
0.069891
0.069898
0.069905
0.069912
0.0699191
0.0699261
0.0699332
0.0699402
0.0699473
0.0699544
0.0699615
0.0699686
0.0699757
0.0699828
0.0699899
0.0699971
0.0700042
0.0700114
0.0700185
0.0700257
0.0700329
0.07004
0.0700472
0.0700544
0.0700616
0.0700689
0.0700761
0.0700833
0.0700906
0.0700978
0.0701051
0.0701124
0.0701196
0.0701269
0.0701342
0.0701415
0.0701489
0.0701562
0.0701635
0.0701708
0.0701782
0.0701856
0.0701929
0.0702003
0.0702077
0.0702151
0.0702225
0.0702299
0.0702373
0.0702447
0.0702522
0.0702596
0.0702671
0.0702745
0.070282
0.0702895
0.070297
0.0703045
0.070312
0.0703195
0.070327
0.0703345
0.0703421
0.0703496
0.0703572
0.0703647
0.0703723
0.0703799
0.0703875
0.0703951
0.0704027
0.0704103
0.0704179
0.0704256
0.0704332
0.0704409
0.0704485
0.0704562
0.0704639
0.0704715
0.0704792
0.0704869
0.0704946
0.0705024
0.0705101
0.0705178
0.0705256
0.0705333
0.0705411
0.0705489
0.0705566
0.0705644
0.0705722
0.07058
0.0705878
0.0705956
0.0706035
0.0706113
0.0706191
0.070627
0.0706349
0.0706427
0.0706506
0.0706585
0.0706664
0.0706743
0.0706822
0.0706901
0.0706981
0.070706
0.0707139
0.0707219
0.0707298
0.0707378
0.0707458
0.0707538
0.0707618
0.0707698
0.0707778
0.0707858
0.0707938
0.0708019
0.0708099
0.070818
0.070826
0.0708341
0.0708422
0.0708502
0.0708583
0.0708664
0.0708745
0.0708827
0.0708908
0.0708989
0.0709071
0.0709152
0.0709234
0.0709315
0.0709397
0.0709479
0.0709561
0.0709643
0.0709725
0.0709807
0.0709889
0.0709971
0.0710054
0.0710136
0.0710219
0.0710301
0.0710384
0.0710467
0.071055
0.0710633
0.0710716
0.0710799
0.0710882
0.0710965
0.0711049
0.0711132
0.0711215
0.0711299
0.0711383
0.0711466
0.071155
0.0711634
0.0711718
0.0711802
0.0711886
0.071197
0.0712055
0.0712139
0.0712224
0.0712308
0.0712393
0.0712477
0.0712562
0.0712647
0.0712732
0.0712817
0.0712902
0.0712987
0.0713072
0.0713157
0.0713243
0.0713328
0.0713414
0.0713499
0.0713585
0.0713671
0.0713757
0.0713842
0.0713928
0.0714015
0.0714101
0.0714187
0.0714273
0.071436
0.0714446
0.0714532
0.0714619
0.0714706
0.0714792
0.0714879
0.0714966
0.0715053
0.071514
0.0715227
0.0715315
0.0715402
0.0715489
0.0715577
0.0715664
0.0715752
0.0715839
0.0715927
0.0716015
0.0716103
0.0716191
0.0716279
0.0716367
0.0716455
0.0716543
0.0716631
0.071672
0.0716808
0.0716897
0.0716986
0.0717074
0.0717163
0.0717252
0.0717341
0.071743
0.0717519
0.0717608
0.0717697
0.0717786
0.0717876
0.0717965
0.0718055
0.0718144
0.0718234
0.0718324
0.0718413
0.0718503
0.0718593
0.0718683
0.0718773
0.0718864
0.0718954
0.0719044
0.0719134
0.0719225
0.0719315
0.0719406
0.0719497
0.0719587
0.0719678
0.0719769
0.071986
0.0719951
0.0720042
0.0720133
0.0720225
0.0720316
0.0720407
0.0720499
0.072059
0.0720682
0.0720774
0.0720865
0.0720957
0.0721049
0.0721141
0.0721233
0.0721325
0.0721417
0.072151
0.0721602
0.0721694
0.0721787
0.0721879
0.0721972
0.0722065
0.0722158
0.072225
0.0722343
0.0722436
0.0722529
0.0722622
0.0722716
0.0722809
0.0722902
0.0722995
0.0723089
0.0723182
0.0723276
0.072337
0.0723463
0.0723557
0.0723651
0.0723745
0.0723839
0.0723933
0.0724027
0.0724122
0.0724216
0.072431
0.0724405
0.0724499
0.0724594
0.0724689
0.0724783
0.0724878
0.0724973
0.0725068
0.0725163
0.0725258
0.0725353
0.0725448
0.0725544
0.0725639
0.0725734
0.072583
0.0725925
0.0726021
0.0726117
0.0726213
0.0726308
0.0726404
0.07265
0.0726596
0.0726693
0.0726789
0.0726885
0.0726981
0.0727078
0.0727174
0.0727271
0.0727367
0.0727464
0.0727561
0.0727658
0.0727754
0.0727851
0.0727948
0.0728046
0.0728143
0.072824
0.0728337
0.0728435
0.0728532
0.072863
0.0728727
0.0728825
0.0728922
0.072902
0.0729118
0.0729216
0.0729314
0.0729412
0.072951
0.0729608
0.0729707
0.0729805
0.0729903
0.0730002
0.07301
0.0730199
0.0730298
0.0730397
0.0730495
0.0730594
0.0730693
0.0730792
0.0730891
0.0730991
0.073109
0.0731189
0.0731288
0.0731388
0.0731487
0.0731587
0.0731687
0.0731786
0.0731886
0.0731986
0.0732086
0.0732186
0.0732286
0.0732386
0.0732486
0.0732587
0.0732687
0.0732787
0.0732888
0.0732988
0.0733089
0.073319
0.073329
0.0733391
0.0733492
0.0733593
0.0733694
0.0733795
0.0733896
0.0733998
0.0734099
0.07342
0.0734302
0.0734403
0.0734505
0.0734607
0.0734708
0.073481
0.0734912
0.0735014
0.0735116
0.0735218
0.073532
0.0735422
0.0735525
0.0735627
0.0735729
0.0735832
0.0735934
0.0736037
0.073614
0.0736242
0.0736345
0.0736448
0.0736551
0.0736654
0.0736757
0.0736861
0.0736964
0.0737067
0.0737171
0.0737274
0.0737378
0.0737481
0.0737585
0.0737689
0.0737792
0.0737896
0.0738
0.0738104
0.0738208
0.0738313
0.0738417
0.0738521
0.0738625
0.073873
0.0738834
0.0738939
0.0739044
0.0739148
0.0739253
0.0739358
0.0739463
0.0739568
0.0739673
0.0739778
0.0739883
0.0739989
0.0740094
0.07402
0.0740305
0.0740411
0.0740516
0.0740622
0.0740728
0.0740834
0.074094
0.0741046
0.0741152
0.0741258
0.0741364
0.074147
0.0741577
0.0741683
0.074179
0.0741896
0.0742003
0.074211
0.0742216
0.0742323
0.074243
0.0742537
0.0742644
0.0742751
0.0742859
0.0742966
0.0743073
0.0743181
0.0743288
0.0743396
0.0743503
0.0743611
0.0743719
0.0743827
0.0743935
0.0744043
0.0744151
0.0744259
0.0744367
0.0744476
0.0744584
0.0744692
0.0744801
0.074491
0.0745018
0.0745127
0.0745236
0.0745345
0.0745454
0.0745563
0.0745672
0.0745781
0.074589
0.0746
0.0746109
0.0746219
0.0746328
0.0746438
0.0746547
0.0746657
0.0746767
0.0746877
0.0746987
0.0747097
0.0747207
0.0747317
0.0747428
0.0747538
0.0747649
0.0747759
0.074787
0.074798
0.0748091
0.0748202
0.0748313
0.0748424
0.0748535
0.0748646
0.0748757
0.0748868
0.074898
0.0749091
0.0749203
0.0749314
0.0749426
0.0749538
0.074965
0.0749761
0.0749873
0.0749985
0.0750098
0.075021
0.0750322
0.0750434
0.0750547
0.0750659
0.0750772
0.0750884
0.0750997
0.075111
0.0751223
0.0751336
0.0751449
0.0751562
0.0751675
0.0751788
0.0751902
0.0752015
0.0752129
0.0752242
0.0752356
0.075247
0.0752584
0.0752697
0.0752811
0.0752926
0.075304
0.0753154
0.0753268
0.0753383
0.0753497
0.0753611
0.0753726
0.0753841
0.0753956
0.075407
0.0754185
0.07543
0.0754415
0.0754531
0.0754646
0.0754761
0.0754877
0.0754992
0.0755108
0.0755223
0.0755339
0.0755455
0.0755571
0.0755687
0.0755803
0.0755919
0.0756035
0.0756151
0.0756268
0.0756384
0.0756501
0.0756617
0.0756734
0.0756851
0.0756968
0.0757085
0.0757202
0.0757319
0.0757436
0.0757553
0.0757671
0.0757788
0.0757906
0.0758023
0.0758141
0.0758259
0.0758377
0.0758494
0.0758613
0.0758731
0.0758849
0.0758967
0.0759085
0.0759204
0.0759322
0.0759441
0.075956
0.0759679
0.0759797
0.0759916
0.0760035
0.0760155
0.0760274
0.0760393
0.0760512
0.0760632
0.0760751
0.0760871
0.0760991
0.0761111
0.076123
0.076135
0.0761471
0.0761591
0.0761711
0.0761831
0.0761952
0.0762072
0.0762193
0.0762313
0.0762434
0.0762555
0.0762676
0.0762797
0.0762918
0.0763039
0.0763161
0.0763282
0.0763403
0.0763525
0.0763647
0.0763768
0.076389
0.0764012
0.0764134
0.0764256
0.0764378
0.0764501
0.0764623
0.0764746
0.0764868
0.0764991
0.0765113
0.0765236
0.0765359
0.0765482
0.0765605
0.0765728
0.0765852
0.0765975
0.0766098
0.0766222
0.0766346
0.0766469
0.0766593
0.0766717
0.0766841
0.0766965
0.0767089
0.0767214
0.0767338
0.0767462
0.0767587
0.0767712
0.0767836
0.0767961
0.0768086
0.0768211
0.0768336
0.0768461
0.0768587
0.0768712
0.0768838
0.0768963
0.0769089
0.0769215
0.076934
0.0769466
0.0769592
0.0769719
0.0769845
0.0769971
0.0770098
0.0770224
0.0770351
0.0770478
0.0770604
0.0770731
0.0770858
0.0770985
0.0771113
0.077124
0.0771367
0.0771495
0.0771622
0.077175
0.0771878
0.0772006
0.0772134
0.0772262
0.077239
0.0772518
0.0772647
0.0772775
0.0772904
0.0773033
0.0773161
0.077329
0.0773419
0.0773548
0.0773678
0.0773807
0.0773936
0.0774066
0.0774195
0.0774325
0.0774455
0.0774585
0.0774715
0.0774845
0.0774975
0.0775105
0.0775236
0.0775366
0.0775497
0.0775627
0.0775758
0.0775889
0.077602
0.0776151
0.0776283
0.0776414
0.0776545
0.0776677
0.0776808
0.077694
0.0777072
0.0777204
0.0777336
0.0777468
0.07776
0.0777733
0.0777865
0.0777998
0.0778131
0.0778263
0.0778396
0.0778529
0.0778662
0.0778796
0.0778929
0.0779062
0.0779196
0.077933
0.0779463
0.0779597
0.0779731
0.0779865
0.0779999
0.0780134
0.0780268
0.0780403
0.0780537
0.0780672
0.0780807
0.0780942
0.0781077
0.0781212
0.0781347
0.0781483
0.0781618
0.0781754
0.0781889
0.0782025
0.0782161
0.0782297
0.0782433
0.078257
0.0782706
0.0782843
0.0782979
0.0783116
0.0783253
0.078339
0.0783527
0.0783664
0.0783801
0.0783938
0.0784076
0.0784214
0.0784351
0.0784489
0.0784627
0.0784765
0.0784903
0.0785042
0.078518
0.0785319
0.0785457
0.0785596
0.0785735
0.0785874
0.0786013
0.0786152
0.0786292
0.0786431
0.0786571
0.078671
0.078685
0.078699
0.078713
0.078727
0.078741
0.0787551
0.0787691
0.0787832
0.0787973
0.0788114
0.0788255
0.0788396
0.0788537
0.0788678
0.078882
0.0788961
0.0789103
0.0789245
0.0789387
0.0789529
0.0789671
0.0789813
0.0789956
0.0790098
0.0790241
0.0790383
0.0790526
0.0790669
0.0790812
0.0790956
0.0791099
0.0791243
0.0791386
0.079153
0.0791674
0.0791818
0.0791962
0.0792106
0.079225
0.0792395
0.079254
0.0792684
0.0792829
0.0792974
0.0793119
0.0793264
0.079341
0.0793555
0.0793701
0.0793846
0.0793992
0.0794138
0.0794284
0.079443
0.0794577
0.0794723
0.079487
0.0795016
0.0795163
0.079531
0.0795457
0.0795605
0.0795752
0.0795899
0.0796047
0.0796195
0.0796342
0.079649
0.0796638
0.0796787
0.0796935
0.0797083
0.0797232
0.0797381
0.079753
0.0797679
0.0797828
0.0797977
0.0798126
0.0798276
0.0798425
0.0798575
0.0798725
0.0798875
0.0799025
0.0799175
0.0799326
0.0799476
0.0799627
0.0799778
0.0799928
0.0800079
0.0800231
0.0800382
0.0800533
0.0800685
0.0800836
0.0800988
0.080114
0.0801292
0.0801444
0.0801597
0.0801749
0.0801902
0.0802054
0.0802207
0.080236
0.0802513
0.0802666
0.080282
0.0802973
0.0803127
0.0803281
0.0803434
0.0803588
0.0803743
0.0803897
0.0804051
0.0804206
0.080436
0.0804515
0.080467
0.0804825
0.080498
0.0805135
0.0805291
0.0805446
0.0805602
0.0805758
0.0805914
0.080607
0.0806226
0.0806382
0.0806539
0.0806695
0.0806852
0.0807009
0.0807166
0.0807323
0.080748
0.0807638
0.0807795
0.0807953
0.080811
0.0808268
0.0808426
0.0808584
0.0808743
0.0808901
0.080906
0.0809218
0.0809377
0.0809536
0.0809695
0.0809854
0.0810013
0.0810173
0.0810332
0.0810492
0.0810652
0.0810812
0.0810972
0.0811132
0.0811292
0.0811453
0.0811613
0.0811774
0.0811935
0.0812096
0.0812257
0.0812418
0.081258
0.0812741
0.0812903
0.0813064
0.0813226
0.0813388
0.081355
0.0813712
0.0813875
0.0814037
0.08142
0.0814362
0.0814525
0.0814688
0.0814851
0.0815015
0.0815178
0.0815341
0.0815505
0.0815669
0.0815832
0.0815996
0.081616
0.0816325
0.0816489
0.0816653
0.0816818
0.0816983
0.0817147
0.0817312
0.0817477
0.0817643
0.0817808
0.0817973
0.0818139
0.0818304
0.081847
0.0818636
0.0818802
0.0818968
0.0819134
0.0819301
0.0819467
0.0819634
0.08198
0.0819967
0.0820134
0.0820301
0.0820468
0.0820635
0.0820803
0.082097
0.0821138
0.0821305
0.0821473
0.0821641
0.0821809
0.0821977
0.0822146
0.0822314
0.0822483
0.0822651
0.082282
0.0822989
0.0823158
0.0823327
0.0823496
0.0823665
0.0823834
0.0824004
0.0824173
0.0824343
0.0824513
0.0824682
0.0824852
0.0825022
0.0825193
0.0825363
0.0825533
0.0825704
0.0825874
0.0826045
0.0826216
0.0826387
0.0826558
0.0826729
0.08269
0.0827071
0.0827242
0.0827414
0.0827585
0.0827757
0.0827929
0.08281
0.0828272
0.0828444
0.0828616
0.0828789
0.0828961
0.0829133
0.0829306
0.0829478
0.0829651
0.0829824
0.0829996
0.0830169
0.0830342
0.0830515
0.0830688
0.0830862
0.0831035
0.0831208
0.0831382
0.0831555
0.0831729
0.0831902
0.0832076
0.083225
0.0832424
0.0832598
0.0832772
0.0832946
0.083312
0.0833295
0.0833469
0.0833643
0.0833818
0.0833993
0.0834167
0.0834342
0.0834517
0.0834692
0.0834866
0.0835041
0.0835216
0.0835392
0.0835567
0.0835742
0.0835917
0.0836093
0.0836268
0.0836444
0.0836619
0.0836795
0.083697
0.0837146
0.0837322
0.0837498
0.0837673
0.0837849
0.0838025
0.0838201
0.0838377
0.0838554
0.083873
0.0838906
0.0839082
0.0839258
0.0839435
0.0839611
0.0839788
0.0839964
0.0840141
0.0840317
0.0840494
0.0840671
0.0840847
0.0841024
0.0841201
0.0841378
0.0841554
0.0841731
0.0841908
0.0842085
0.0842262
0.0842439
0.0842616
0.0842793
0.084297
0.0843147
0.0843325
0.0843502
0.0843679
0.0843856
0.0844033
0.0844211
0.0844388
0.0844565
0.0844743
0.084492
0.0845097
0.0845275
0.0845452
0.0845629
0.0845807
0.0845984
0.0846162
0.0846339
0.0846517
0.0846694
0.0846872
0.0847049
0.0847227
0.0847404
0.0847582
0.0847759
0.0847937
0.0848115
0.0848292
0.084847
0.0848647
0.0848825
0.0849002
0.084918
0.0849357
0.0849535
0.0849712
0.084989
0.0850068
0.0850245
0.0850423
0.08506
0.0850778
0.0850955
0.0851133
0.085131
0.0851487
0.0851665
0.0851842
0.085202
0.0852197
0.0852375
0.0852552
0.0852729
0.0852907
0.0853084
0.0853261
0.0853438
0.0853616
0.0853793
0.085397
0.0854147
0.0854324
0.0854502
0.0854679
0.0854856
0.0855033
0.085521
0.0855387
0.0855564
0.0855741
0.0855917
0.0856094
0.0856271
0.0856448
0.0856625
0.0856801
0.0856978
0.0857155
0.0857331
0.0857508
0.0857684
0.0857861
0.0858037
0.0858213
0.085839
0.0858566
0.0858742
0.0858918
0.0859095
0.0859271
0.0859447
0.0859623
0.0859799
0.0859975
0.086015
0.0860326
0.0860502
0.0860678
0.0860853
0.0861029
0.0861204
0.086138
0.0861555
0.0861731
0.0861906
0.0862081
0.0862256
0.0862431
0.0862606
0.0862781
0.0862956
0.0863131
0.0863306
0.0863481
0.0863655
0.086383
0.0864004
0.0864179
0.0864353
0.0864528
0.0864702
0.0864876
0.086505
0.0865224
0.0865398
0.0865572
0.0865746
0.0865919
0.0866093
0.0866267
0.086644
0.0866614
0.0866787
0.086696
0.0867133
0.0867306
0.0867479
0.0867652
0.0867825
0.0867998
0.0868171
0.0868343
0.0868516
0.0868688
0.086886
0.0869033
0.0869205
0.0869377
0.0869549
0.0869721
0.0869892
0.0870064
0.0870236
0.0870407
0.0870579
0.087075
0.0870921
0.0871092
0.0871263
0.0871434
0.0871605
0.0871776
0.0871946
0.0872117
0.0872287
0.0872457
0.0872628
0.0872798
0.0872968
0.0873138
0.0873307
0.0873477
0.0873647
0.0873816
0.0873985
0.0874155
0.0874324
0.0874493
0.0874662
0.087483
0.0874999
0.0875168
0.0875336
0.0875504
0.0875673
0.0875841
0.0876009
0.0876176
0.0876344
0.0876512
0.0876679
0.0876847
0.0877014
0.0877181
0.0877348
0.0877515
0.0877682
0.0877848
0.0878015
0.0878181
0.0878347
0.0878513
0.0878679
0.0878845
0.0879011
0.0879176
0.0879342
0.0879507
0.0879672
0.0879837
0.0880002
0.0880167
0.0880331
0.0880496
0.088066
0.0880824
0.0880988
0.0881152
0.0881316
0.0881479
0.0881643
0.0881806
0.0881969
0.0882132
0.0882295
0.0882458
0.088262
0.0882783
0.0882945
0.0883107
0.0883269
0.0883431
0.0883592
0.0883754
0.0883915
0.0884076
0.0884237
0.0884398
0.0884559
0.0884719
0.088488
0.088504
0.08852
0.088536
0.0885519
0.0885679
0.0885838
0.0885997
0.0886156
0.0886315
0.0886474
0.0886632
0.088679
0.0886948
0.0887106
0.0887264
0.0887422
0.0887579
0.0887736
0.0887893
0.088805
0.0888207
0.0888363
0.088852
0.0888676
0.0888832
0.0888987
0.0889143
0.0889298
0.0889453
0.0889608
0.0889763
0.0889918
0.0890072
0.0890226
0.089038
0.0890534
0.0890688
0.0890841
0.0890994
0.0891147
0.08913
0.0891453
0.0891605
0.0891757
0.0891909
0.0892061
0.0892213
0.0892364
0.0892515
0.0892666
0.0892817
0.0892967
0.0893118
0.0893268
0.0893418
0.0893567
0.0893717
0.0893866
0.0894015
0.0894164
0.0894312
0.0894461
0.0894609
0.0894757
0.0894904
0.0895052
0.0895199
0.0895346
0.0895493
0.0895639
0.0895786
0.0895932
0.0896078
0.0896223
0.0896369
0.0896514
0.0896659
0.0896803
0.0896948
0.0897092
0.0897236
0.089738
0.0897523
0.0897666
0.0897809
0.0897952
0.0898095
0.0898237
0.0898379
0.0898521
0.0898662
0.0898803
0.0898944
0.0899085
0.0899226
0.0899366
0.0899506
0.0899646
0.0899785
0.0899924
0.0900063
0.0900202
0.0900341
0.0900479
0.0900617
0.0900755
0.0900892
0.0901029
0.0901166
0.0901303
0.0901439
0.0901575
0.0901711
0.0901847
0.0901982
0.0902117
0.0902252
0.0902387
0.0902521
0.0902655
0.0902789
0.0902922
0.0903056
0.0903188
0.0903321
0.0903453
0.0903586
0.0903717
0.0903849
0.090398
0.0904111
0.0904242
0.0904373
0.0904503
0.0904633
0.0904762
0.0904892
0.0905021
0.0905149
0.0905278
0.0905406
0.0905534
0.0905662
0.0905789
0.0905916
0.0906043
0.090617
0.0906296
0.0906422
0.0906547
0.0906673
0.0906798
0.0906923
0.0907047
0.0907171
0.0907295
0.0907419
0.0907542
0.0907665
0.0907788
0.0907911
0.0908033
0.0908155
0.0908276
0.0908398
0.0908519
0.090864
0.090876
0.090888
0.0909
0.090912
0.0909239
0.0909358
0.0909476
0.0909595
0.0909713
0.0909831
0.0909948
0.0910065
0.0910182
0.0910299
0.0910415
0.0910531
0.0910647
0.0910762
0.0910878
0.0910992
0.0911107
0.0911221
0.0911335
0.0911449
0.0911562
0.0911675
0.0911788
0.09119
0.0912012
0.0912124
0.0912236
0.0912347
0.0912458
0.0912568
0.0912679
0.0912789
0.0912899
0.0913008
0.0913117
0.0913226
0.0913334
0.0913443
0.0913551
0.0913658
0.0913766
0.0913873
0.0913979
0.0914086
0.0914192
0.0914298
0.0914403
0.0914508
0.0914613
0.0914718
0.0914822
0.0914926
0.091503
0.0915133
0.0915236
0.0915339
0.0915442
0.0915544
0.0915646
0.0915747
0.0915849
0.091595
0.0916051
0.0916151
0.0916251
0.0916351
0.091645
0.091655
0.0916649
0.0916747
0.0916845
0.0916943
0.0917041
0.0917139
0.0917236
0.0917333
0.0917429
0.0917525
0.0917621
0.0917717
0.0917812
0.0917907
0.0918002
0.0918097
0.0918191
0.0918285
0.0918378
0.0918471
0.0918564
0.0918657
0.091875
0.0918842
0.0918933
0.0919025
0.0919116
0.0919207
0.0919298
0.0919388
0.0919478
0.0919568
0.0919657
0.0919747
0.0919836
0.0919924
0.0920013
0.0920101
0.0920188
0.0920276
0.0920363
0.092045
0.0920536
0.0920623
0.0920709
0.0920795
0.092088
0.0920965
0.092105
0.0921135
0.0921219
0.0921303
0.0921387
0.092147
0.0921553
0.0921636
0.0921719
0.0921801
0.0921883
0.0921965
0.0922047
0.0922128
0.0922209
0.092229
0.092237
0.092245
0.092253
0.092261
0.0922689
0.0922768
0.0922847
0.0922925
0.0923003
0.0923081
0.0923159
0.0923236
0.0923313
0.092339
0.0923467
0.0923543
0.0923619
0.0923695
0.0923771
0.0923846
0.0923921
0.0923995
0.092407
0.0924144
0.0924218
0.0924292
0.0924365
0.0924438
0.0924511
0.0924584
0.0924656
0.0924728
0.09248
0.0924872
0.0924943
0.0925014
0.0925085
0.0925155
0.0925226
0.0925296
0.0925365
0.0925435
0.0925504
0.0925573
0.0925642
0.092571
0.0925779
0.0925847
0.0925914
0.0925982
0.0926049
0.0926116
0.0926183
0.092625
0.0926316
0.0926382
0.0926448
0.0926513
0.0926579
0.0926644
0.0926709
0.0926773
0.0926837
0.0926902
0.0926965
0.0927029
0.0927092
0.0927156
0.0927219
0.0927281
0.0927344
0.0927406
0.0927468
0.092753
0.0927591
0.0927653
0.0927714
0.0927774
0.0927835
0.0927895
0.0927956
0.0928016
0.0928075
0.0928135
0.0928194
0.0928253
0.0928312
0.092837
0.0928429
0.0928487
0.0928545
0.0928603
0.092866
0.0928717
0.0928774
0.0928831
0.0928888
0.0928944
0.0929
0.0929056
0.0929112
0.0929168
0.0929223
0.0929278
0.0929333
0.0929388
0.0929442
0.0929497
0.0929551
0.0929605
0.0929658
0.0929712
0.0929765
0.0929818
0.0929871
0.0929924
0.0929976
0.0930028
0.093008
0.0930132
0.0930184
0.0930235
0.0930287
0.0930338
0.0930389
0.0930439
0.093049
0.093054
0.093059
0.093064
0.093069
0.093074
0.0930789
0.0930838
0.0930887
0.0930936
0.0930985
0.0931033
0.0931081
0.0931129
0.0931177
0.0931225
0.0931272
0.093132
0.0931367
0.0931414
0.0931461
0.0931507
0.0931554
0.09316
0.0931646
0.0931692
0.0931738
0.0931784
0.0931829
0.0931874
0.0931919
0.0931964
0.0932009
0.0932054
0.0932098
0.0932142
0.0932186
0.093223
0.0932274
0.0932318
0.0932361
0.0932404
0.0932448
0.093249
0.0932533
0.0932576
0.0932618
0.0932661
0.0932703
0.0932745
0.0932787
0.0932829
0.093287
0.0932911
0.0932953
0.0932994
0.0933035
0.0933076
0.0933116
0.0933157
0.0933197
0.0933237
0.0933277
0.0933317
0.0933357
0.0933397
0.0933436
0.0933476
0.0933515
0.0933554
0.0933593
0.0933632
0.093367
0.0933709
0.0933747
0.0933786
0.0933824
0.0933862
0.09339
0.0933937
0.0933975
0.0934013
0.093405
0.0934087
0.0934124
0.0934161
0.0934198
0.0934235
0.0934271
0.0934308
0.0934344
0.093438
0.0934417
0.0934453
0.0934488
0.0934524
0.093456
0.0934595
0.0934631
0.0934666
0.0934701
0.0934736
0.0934771
0.0934806
0.0934841
0.0934875
0.093491
0.0934944
0.0934978
0.0935013
0.0935047
0.0935081
0.0935114
0.0935148
0.0935182
0.0935215
0.0935249
0.0935282
0.0935315
0.0935348
0.0935382
0.0935414
0.0935447
0.093548
0.0935513
0.0935545
0.0935578
0.093561
0.0935642
0.0935674
0.0935706
0.0935738
0.093577
0.0935802
0.0935834
0.0935865
0.0935897
0.0935928
0.093596
0.0935991
0.0936022
0.0936053
0.0936084
0.0936115
0.0936146
0.0936177
0.0936207
0.0936238
0.0936268
0.0936299
0.0936329
0.093636
0.093639
0.093642
0.093645
0.093648
0.093651
0.093654
0.0936569
0.0936599
0.0936629
0.0936658
0.0936688
0.0936717
0.0936746
0.0936776
0.0936805
0.0936834
0.0936863
0.0936892
0.0936921
0.093695
0.0936979
0.0937007
0.0937036
0.0937065
0.0937093
0.0937122
0.093715
0.0937179
0.0937207
0.0937235
0.0937263
0.0937291
0.093732
0.0937348
0.0937376
0.0937404
0.0937431
0.0937459
0.0937487
0.0937515
0.0937542
0.093757
0.0937598
0.0937625
0.0937653
0.093768
0.0937707
0.0937735
0.0937762
0.0937789
0.0937817
0.0937844
0.0937871
0.0937898
0.0937925
0.0937952
0.0937979
0.0938006
0.0938033
0.093806
0.0938086
0.0938113
0.093814
0.0938167
0.0938193
0.093822
0.0938247
0.0938273
0.09383
0.0938326
0.0938353
0.0938379
0.0938405
0.0938432
0.0938458
0.0938484
0.0938511
0.0938537
0.0938563
0.0938589
0.0938616
0.0938642
0.0938668
0.0938694
0.093872
0.0938746
0.0938772
0.0938798
0.0938824
0.093885
0.0938876
0.0938902
0.0938928
0.0938954
0.093898
0.0939006
0.0939032
0.0939058
0.0939083
0.0939109
0.0939135
0.0939161
0.0939187
0.0939212
0.0939238
0.0939264
0.0939289
0.0939315
0.0939341
0.0939367
0.0939392
0.0939418
0.0939444
0.0939469
0.0939495
0.0939521
0.0939546
0.0939572
0.0939598
0.0939623
0.0939649
0.0939674
0.09397
0.0939726
0.0939751
0.0939777
0.0939803
0.0939828
0.0939854
0.0939879
0.0939905
0.0939931
0.0939956
0.0939982
0.0940008
0.0940033
0.0940059
0.0940085
0.094011
0.0940136
0.0940162
0.0940187
0.0940213
0.0940239
0.0940264
0.094029
0.0940316
0.0940342
0.0940367
0.0940393
0.0940419
0.0940445
0.094047
0.0940496
0.0940522
0.0940548
0.0940574
0.09406
0.0940625
0.0940651
0.0940677
0.0940703
0.0940729
0.0940755
0.0940781
0.0940807
0.0940833
0.0940859
0.0940885
0.0940911
0.0940937
0.0940963
0.094099
0.0941016
0.0941042
0.0941068
0.0941094
0.0941121
0.0941147
0.0941173
0.09412
0.0941226
0.0941252
0.0941279
0.0941305
0.0941332
0.0941358
0.0941385
0.0941411
0.0941438
0.0941464
0.0941491
0.0941518
0.0941544
0.0941571
0.0941598
0.0941625
0.0941651
0.0941678
0.0941705
0.0941732
0.0941759
0.0941786
0.0941813
0.094184
0.0941867
0.0941894
0.0941921
0.0941949
0.0941976
0.0942003
0.094203
0.0942058
0.0942085
0.0942112
0.094214
0.0942167
0.0942195
0.0942223
0.094225
0.0942278
0.0942306
0.0942333
0.0942361
0.0942389
0.0942417
0.0942445
0.0942473
0.0942501
0.0942529
0.0942557
0.0942585
0.0942613
0.0942641
0.094267
0.0942698
0.0942726
0.0942755
0.0942783
0.0942812
0.094284
0.0942869
0.0942897
0.0942926
0.0942955
0.0942984
0.0943012
0.0943041
0.094307
0.0943099
0.0943128
0.0943157
0.0943186
0.0943216
0.0943245
0.0943274
0.0943303
0.0943333
0.0943362
0.0943392
0.0943421
0.0943451
0.0943481
0.094351
0.094354
0.094357
0.09436
0.094363
0.094366
0.094369
0.094372
0.094375
0.094378
0.0943811
0.0943841
0.0943871
0.0943902
0.0943932
0.0943963
0.0943994
0.0944024
0.0944055
0.0944086
0.0944117
0.0944148
0.0944179
0.094421
0.0944241
0.0944272
0.0944303
0.0944335
0.0944366
0.0944398
0.0944429
0.0944461
0.0944492
0.0944524
0.0944556
0.0944587
0.0944619
0.0944651
0.0944683
0.0944715
0.0944747
0.094478
0.0944812
0.0944844
0.0944877
0.0944909
0.0944942
0.0944974
0.0945007
0.094504
0.0945073
0.0945105
0.0945138
0.0945171
0.0945204
0.0945238
0.0945271
0.0945304
0.0945337
0.0945371
0.0945404
0.0945438
0.0945472
0.0945505
0.0945539
0.0945573
0.0945607
0.0945641
0.0945675
0.0945709
0.0945743
0.0945778
0.0945812
0.0945846
0.0945881
0.0945915
0.094595
0.0945985
0.094602
0.0946054
0.0946089
0.0946124
0.0946159
0.0946195
0.094623
0.0946265
0.0946301
0.0946336
0.0946372
0.0946407
0.0946443
0.0946479
0.0946514
0.094655
0.0946586
0.0946622
0.0946659
0.0946695
0.0946731
0.0946767
0.0946804
0.094684
0.0946877
0.0946914
0.0946951
0.0946987
0.0947024
0.0947061
0.0947098
0.0947136
0.0947173
0.094721
0.0947247
0.0947285
0.0947323
0.094736
0.0947398
0.0947436
0.0947474
0.0947512
0.094755
0.0947588
0.0947626
0.0947664
0.0947703
0.0947741
0.0947779
0.0947818
0.0947857
0.0947896
0.0947934
0.0947973
0.0948012
0.0948051
0.0948091
0.094813
0.0948169
0.0948209
0.0948248
0.0948288
0.0948327
0.0948367
0.0948407
0.0948447
0.0948487
0.0948527
0.0948567
0.0948608
0.0948648
0.0948688
0.0948729
0.0948769
0.094881
0.0948851
0.0948892
0.0948933
0.0948974
0.0949015
0.0949056
0.0949097
0.0949139
0.094918
0.0949222
0.0949263
0.0949305
0.0949347
0.0949389
0.0949431
0.0949473
0.0949515
0.0949557
0.0949599
0.0949642
0.0949684
0.0949727
0.094977
0.0949812
0.0949855
0.0949898
0.0949941
0.0949984
0.0950027
0.0950071
0.0950114
0.0950157
0.0950201
0.0950245
0.0950288
0.0950332
0.0950376
0.095042
0.0950464
0.0950508
0.0950552
0.0950597
0.0950641
0.0950686
0.095073
0.0950775
0.095082
0.0950865
0.095091
0.0950955
0.0951
0.0951045
0.095109
0.0951136
0.0951181
0.0951227
0.0951272
0.0951318
0.0951364
0.095141
0.0951456
0.0951502
0.0951548
0.0951595
0.0951641
0.0951687
0.0951734
0.0951781
0.0951827
0.0951874
0.0951921
0.0951968
0.0952015
0.0952062
0.095211
0.0952157
0.0952204
0.0952252
0.09523
0.0952347
0.0952395
0.0952443
0.0952491
0.0952539
0.0952587
0.0952636
0.0952684
0.0952732
0.0952781
0.095283
0.0952878
0.0952927
0.0952976
0.0953025
0.0953074
0.0953123
0.0953173
0.0953222
0.0953271
0.0953321
0.0953371
0.095342
0.095347
0.095352
0.095357
0.095362
0.095367
0.0953721
0.0953771
0.0953821
0.0953872
0.0953923
0.0953973
0.0954024
0.0954075
0.0954126
0.0954177
0.0954228
0.095428
0.0954331
0.0954382
0.0954434
0.0954486
0.0954537
0.0954589
0.0954641
0.0954693
0.0954745
0.0954797
0.095485
0.0954902
0.0954955
0.0955007
0.095506
0.0955112
0.0955165
0.0955218
0.0955271
0.0955324
0.0955378
0.0955431
0.0955484
0.0955538
0.0955591
0.0955645
0.0955699
0.0955752
0.0955806
0.095586
0.0955914
0.0955969
0.0956023
0.0956077
0.0956132
0.0956186
0.0956241
0.0956296
0.0956351
0.0956405
0.095646
0.0956516
0.0956571
0.0956626
0.0956681
0.0956737
0.0956792
0.0956848
0.0956904
0.095696
0.0957016
0.0957072
0.0957128
0.0957184
0.095724
0.0957297
0.0957353
0.095741
0.0957466
0.0957523
0.095758
0.0957637
0.0957694
0.0957751
0.0957808
0.0957865
0.0957923
0.095798
0.0958038
0.0958095
0.0958153
0.0958211
0.0958269
0.0958327
0.0958385
0.0958443
0.0958501
0.095856
0.0958618
0.0958677
0.0958735
0.0958794
0.0958853
0.0958912
0.0958971
0.095903
0.0959089
0.0959148
0.0959207
0.0959267
0.0959326
0.0959386
0.0959446
0.0959506
0.0959565
0.0959625
0.0959685
0.0959746
0.0959806
0.0959866
0.0959927
0.0959987
0.0960048
0.0960108
0.0960169
0.096023
0.0960291
0.0960352
0.0960413
0.0960474
0.0960535
0.0960597
0.0960658
0.096072
0.0960781
0.0960843
0.0960905
0.0960967
0.0961029
0.0961091
0.0961153
0.0961215
0.0961278
0.096134
0.0961403
0.0961465
0.0961528
0.0961591
0.0961654
0.0961717
0.096178
0.0961843
0.0961906
0.0961969
0.0962033
0.0962096
0.096216
0.0962223
0.0962287
0.0962351
0.0962415
0.0962479
0.0962543
0.0962607
0.0962671
0.0962735
0.09628
0.0962864
0.0962929
0.0962994
0.0963058
0.0963123
0.0963188
0.0963253
0.0963318
0.0963383
0.0963449
0.0963514
0.0963579
0.0963645
0.0963711
0.0963776
0.0963842
0.0963908
0.0963974
0.096404
0.0964106
0.0964172
0.0964238
0.0964305
0.0964371
0.0964438
0.0964504
0.0964571
0.0964638
0.0964704
0.0964771
0.0964838
0.0964906
0.0964973
0.096504
0.0965107
0.0965175
0.0965242
0.096531
0.0965377
0.0965445
0.0965513
0.0965581
0.0965649
0.0965717
0.0965785
0.0965853
0.0965922
0.096599
0.0966059
0.0966127
0.0966196
0.0966265
0.0966333
0.0966402
0.0966471
0.096654
0.0966609
0.0966679
0.0966748
0.0966817
0.0966887
0.0966956
0.0967026
0.0967095
0.0967165
0.0967235
0.0967305
0.0967375
0.0967445
0.0967515
0.0967585
0.0967656
0.0967726
0.0967796
0.0967867
0.0967938
0.0968008
0.0968079
0.096815
0.0968221
0.0968292
0.0968363
0.0968434
0.0968505
0.0968577
0.0968648
0.096872
0.0968791
0.0968863
0.0968934
0.0969006
0.0969078
0.096915
0.0969222
0.0969294
0.0969366
0.0969438
0.0969511
0.0969583
0.0969655
0.0969728
0.0969801
0.0969873
0.0969946
0.0970019
0.0970092
0.0970165
0.0970238
0.0970311
0.0970384
0.0970457
0.0970531
0.0970604
0.0970677
0.0970751
0.0970825
0.0970898
0.0970972
0.0971046
0.097112
0.0971194
0.0971268
0.0971342
0.0971416
0.097149
0.0971565
0.0971639
0.0971714
0.0971788
0.0971863
0.0971937
0.0972012
0.0972087
0.0972162
0.0972237
0.0972312
0.0972387
0.0972462
0.0972537
0.0972613
0.0972688
0.0972764
0.0972839
0.0972915
0.097299
0.0973066
0.0973142
0.0973218
0.0973294
0.097337
0.0973446
0.0973522
0.0973598
0.0973674
0.0973751
0.0973827
0.0973904
0.097398
0.0974057
0.0974133
0.097421
0.0974287
0.0974364
0.0974441
0.0974518
0.0974595
0.0974672
0.0974749
0.0974826
0.0974904
0.0974981
0.0975058
0.0975136
0.0975213
0.0975291
0.0975369
0.0975447
0.0975524
0.0975602
0.097568
0.0975758
0.0975836
0.0975914
0.0975993
0.0976071
0.0976149
0.0976228
0.0976306
0.0976385
0.0976463
0.0976542
0.097662
0.0976699
0.0976778
0.0976857
0.0976936
0.0977015
0.0977094
0.0977173
0.0977252
0.0977331
0.0977411
0.097749
0.0977569
0.0977649
0.0977728
0.0977808
0.0977888
0.0977967
0.0978047
0.0978127
0.0978207
0.0978287
0.0978367
0.0978447
0.0978527
0.0978607
0.0978687
0.0978767
0.0978848
0.0978928
0.0979008
0.0979089
0.0979169
0.097925
0.0979331
0.0979411
0.0979492
0.0979573
0.0979654
0.0979735
0.0979816
0.0979897
0.0979978
0.0980059
0.098014
0.0980221
0.0980303
0.0980384
0.0980465
0.0980547
0.0980628
0.098071
0.0980791
0.0980873
0.0980955
0.0981036
0.0981118
0.09812
0.0981282
0.0981364
0.0981446
0.0981528
0.098161
0.0981692
0.0981774
0.0981857
0.0981939
0.0982021
0.0982104
0.0982186
0.0982268
0.0982351
0.0982434
0.0982516
0.0982599
0.0982682
0.0982764
0.0982847
0.098293
0.0983013
0.0983096
0.0983179
0.0983262
0.0983345
0.0983428
0.0983511
0.0983594
0.0983678
0.0983761
0.0983844
0.0983928
0.0984011
0.0984094
0.0984178
0.0984261
0.0984345
0.0984429
0.0984512
0.0984596
0.098468
0.0984764
0.0984847
0.0984931
0.0985015
0.0985099
0.0985183
0.0985267
0.0985351
0.0985435
0.098552
0.0985604
0.0985688
0.0985772
0.0985857
0.0985941
0.0986025
0.098611
0.0986194
0.0986279
0.0986363
0.0986448
0.0986532
0.0986617
0.0986702
0.0986786
0.0986871
0.0986956
0.0987041
0.0987125
0.098721
0.0987295
0.098738
0.0987465
0.098755
0.0987635
0.098772
0.0987805
0.0987891
0.0987976
0.0988061
0.0988146
0.0988231
0.0988317
0.0988402
0.0988487
0.0988573
0.0988658
0.0988744
0.0988829
0.0988915
0.0989
0.0989086
0.0989171
0.0989257
0.0989343
0.0989428
0.0989514
0.09896
0.0989685
0.0989771
0.0989857
0.0989943
0.0990029
0.0990115
0.0990201
0.0990286
0.0990372
0.0990458
0.0990544
0.099063
0.0990717
0.0990803
0.0990889
0.0990975
0.0991061
0.0991147
0.0991233
0.099132
0.0991406
0.0991492
0.0991578
0.0991665
0.0991751
0.0991837
0.0991924
0.099201
0.0992096
0.0992183
0.0992269
0.0992356
0.0992442
0.0992529
0.0992615
0.0992702
0.0992788
0.0992875
0.0992962
0.0993048
0.0993135
0.0993221
0.0993308
0.0993395
0.0993481
0.0993568
0.0993655
0.0993741
0.0993828
0.0993915
0.0994002
0.0994088
0.0994175
0.0994262
0.0994349
0.0994436
0.0994523
0.0994609
0.0994696
0.0994783
0.099487
0.0994957
0.0995044
0.0995131
0.0995218
0.0995305
0.0995391
0.0995478
0.0995565
0.0995652
0.0995739
0.0995826
0.0995913
0.0996
0.0996087
0.0996174
0.0996261
0.0996348
0.0996435
0.0996522
0.0996609
0.0996696
0.0996783
0.099687
0.0996957
0.0997044
0.0997132
0.0997219
0.0997306
0.0997393
0.099748
0.0997567
0.0997654
0.0997741
0.0997828
0.0997915
0.0998002
0.0998089
0.0998176
0.0998263
0.099835
0.0998437
0.0998524
0.0998611
0.0998698
0.0998785
0.0998873
0.099896
0.0999047
0.0999134
0.0999221
0.0999308
0.0999395
0.0999482
0.0999569
0.0999656
0.0999743
0.099983
0.0999917
0.1
0.100009
0.100018
0.100026
0.100035
0.100044
0.100053
0.100061
0.10007
0.100079
0.100087
0.100096
0.100105
0.100113
0.100122
0.100131
0.100139
0.100148
0.100157
0.100165
0.100174
0.100183
0.100191
0.1002
0.100209
0.100217
0.100226
0.100235
0.100243
0.100252
0.100261
0.100269
0.100278
0.100287
0.100295
0.100304
0.100313
0.100321
0.10033
0.100339
0.100347
0.100356
0.100364
0.100373
0.100382
0.10039
0.100399
0.100408
0.100416
0.100425
0.100433
0.100442
0.100451
0.100459
0.100468
0.100476
0.100485
0.100494
0.100502
0.100511
0.100519
0.100528
0.100537
0.100545
0.100554
0.100562
0.100571
0.100579
0.100588
0.100597
0.100605
0.100614
0.100622
0.100631
0.100639
0.100648
0.100656
0.100665
0.100673
0.100682
0.10069
0.100699
0.100707
0.100716
0.100724
0.100733
0.100741
0.10075
0.100758
0.100767
0.100775
0.100784
0.100792
0.100801
0.100809
0.100818
0.100826
0.100835
0.100843
0.100852
0.10086
0.100868
0.100877
0.100885
0.100894
0.100902
0.100911
0.100919
0.100927
0.100936
0.100944
0.100953
0.100961
0.100969
0.100978
0.100986
0.100994
0.101003
0.101011
0.10102
0.101028
0.101036
0.101045
0.101053
0.101061
0.10107
0.101078
0.101086
0.101094
0.101103
0.101111
0.101119
0.101128
0.101136
0.101144
0.101152
0.101161
0.101169
0.101177
0.101185
0.101194
0.101202
0.10121
0.101218
0.101226
0.101235
0.101243
0.101251
0.101259
0.101267
0.101276
0.101284
0.101292
0.1013
0.101308
0.101316
0.101324
0.101333
0.101341
0.101349
0.101357
0.101365
0.101373
0.101381
0.101389
0.101397
0.101405
0.101413
0.101422
0.10143
0.101438
0.101446
0.101454
0.101462
0.10147
0.101478
0.101486
0.101494
0.101502
0.10151
0.101518
0.101525
0.101533
0.101541
0.101549
0.101557
0.101565
0.101573
0.101581
0.101589
0.101597
0.101605
0.101612
0.10162
0.101628
0.101636
0.101644
0.101652
0.101659
0.101667
0.101675
0.101683
0.101691
0.101698
0.101706
0.101714
0.101722
0.101729
0.101737
0.101745
0.101753
0.10176
0.101768
0.101776
0.101783
0.101791
0.101799
0.101806
0.101814
0.101822
0.101829
0.101837
0.101844
0.101852
0.10186
0.101867
0.101875
0.101882
0.10189
0.101897
0.101905
0.101912
0.10192
0.101927
0.101935
0.101942
0.10195
0.101957
0.101965
0.101972
0.10198
0.101987
0.101994
0.102002
0.102009
0.102017
0.102024
0.102031
0.102039
0.102046
0.102053
0.102061
0.102068
0.102075
0.102082
0.10209
0.102097
0.102104
0.102111
0.102119
0.102126
0.102133
0.10214
0.102147
0.102155
0.102162
0.102169
0.102176
0.102183
0.10219
0.102197
0.102204
0.102211
0.102218
0.102226
0.102233
0.10224
0.102247
0.102254
0.102261
0.102268
0.102275
0.102282
0.102288
0.102295
0.102302
0.102309
0.102316
0.102323
0.10233
0.102337
0.102344
0.10235
0.102357
0.102364
0.102371
0.102378
0.102384
0.102391
0.102398
0.102405
0.102411
0.102418
0.102425
0.102431
0.102438
0.102445
0.102451
0.102458
0.102465
0.102471
0.102478
0.102484
0.102491
0.102497
0.102504
0.102511
0.102517
0.102524
0.10253
0.102536
0.102543
0.102549
0.102556
0.102562
0.102569
0.102575
0.102581
0.102588
0.102594
0.1026
0.102607
0.102613
0.102619
0.102626
0.102632
0.102638
0.102644
0.10265
0.102657
0.102663
0.102669
0.102675
0.102681
0.102687
0.102694
0.1027
0.102706
0.102712
0.102718
0.102724
0.10273
0.102736
0.102742
0.102748
0.102754
0.10276
0.102766
0.102772
0.102778
0.102783
0.102789
0.102795
0.102801
0.102807
0.102813
0.102818
0.102824
0.10283
0.102836
0.102841
0.102847
0.102853
0.102859
0.102864
0.10287
0.102876
0.102881
0.102887
0.102892
0.102898
0.102904
0.102909
0.102915
0.10292
0.102926
0.102931
0.102937
0.102942
0.102947
0.102953
0.102958
0.102964
0.102969
0.102974
0.10298
0.102985
0.10299
0.102996
0.103001
0.103006
0.103011
0.103016
0.103022
0.103027
0.103032
0.103037
0.103042
0.103047
0.103052
0.103058
0.103063
0.103068
0.103073
0.103078
0.103083
0.103088
0.103093
0.103098
0.103102
0.103107
0.103112
0.103117
0.103122
0.103127
0.103132
0.103136
0.103141
0.103146
0.103151
0.103155
0.10316
0.103165
0.10317
0.103174
0.103179
0.103183
0.103188
0.103193
0.103197
0.103202
0.103206
0.103211
0.103215
0.10322
0.103224
0.103229
0.103233
0.103237
0.103242
0.103246
0.103251
0.103255
0.103259
0.103264
0.103268
0.103272
0.103276
0.103281
0.103285
0.103289
0.103293
0.103297
0.103301
0.103305
0.10331
0.103314
0.103318
0.103322
0.103326
0.10333
0.103334
0.103338
0.103342
0.103345
0.103349
0.103353
0.103357
0.103361
0.103365
0.103369
0.103372
0.103376
0.10338
0.103384
0.103387
0.103391
0.103395
0.103398
0.103402
0.103406
0.103409
0.103413
0.103416
0.10342
0.103423
0.103427
0.10343
0.103434
0.103437
0.103441
0.103444
0.103447
0.103451
0.103454
0.103457
0.103461
0.103464
0.103467
0.10347
0.103474
0.103477
0.10348
0.103483
0.103486
0.103489
0.103493
0.103496
0.103499
0.103502
0.103505
0.103508
0.103511
0.103514
0.103517
0.103519
0.103522
0.103525
0.103528
0.103531
0.103534
0.103537
0.103539
0.103542
0.103545
0.103548
0.10355
0.103553
0.103556
0.103558
0.103561
0.103563
0.103566
0.103569
0.103571
0.103574
0.103576
0.103579
0.103581
0.103583
0.103586
0.103588
0.103591
0.103593
0.103595
0.103598
0.1036
0.103602
0.103604
0.103607
0.103609
0.103611
0.103613
0.103615
0.103617
0.10362
0.103622
0.103624
0.103626
0.103628
0.10363
0.103632
0.103634
0.103636
0.103637
0.103639
0.103641
0.103643
0.103645
0.103647
0.103649
0.10365
0.103652
0.103654
0.103655
0.103657
0.103659
0.10366
0.103662
0.103664
0.103665
0.103667
0.103668
0.10367
0.103671
0.103673
0.103674
0.103676
0.103677
0.103679
0.10368
0.103681
0.103683
0.103684
0.103685
0.103686
0.103688
0.103689
0.10369
0.103691
0.103692
0.103694
0.103695
0.103696
0.103697
0.103698
0.103699
0.1037
0.103701
0.103702
0.103703
0.103704
0.103705
0.103706
0.103707
0.103707
0.103708
0.103709
0.10371
0.103711
0.103711
0.103712
0.103713
0.103713
0.103714
0.103715
0.103715
0.103716
0.103716
0.103717
0.103718
0.103718
0.103719
0.103719
0.103719
0.10372
0.10372
0.103721
0.103721
0.103721
0.103722
0.103722
0.103722
0.103723
0.103723
0.103723
0.103723
0.103723
0.103724
0.103724
0.103724
0.103724
0.103724
0.103724
0.103724
0.103724
0.103724
0.103724
0.103724
0.103724
0.103724
0.103724
0.103724
0.103723
0.103723
0.103723
0.103723
0.103723
0.103722
0.103722
0.103722
0.103721
0.103721
0.103721
0.10372
0.10372
0.10372
0.103719
0.103719
0.103718
0.103718
0.103717
0.103717
0.103716
0.103715
0.103715
0.103714
0.103714
0.103713
0.103712
0.103711
0.103711
0.10371
0.103709
0.103708
0.103708
0.103707
0.103706
0.103705
0.103704
0.103703
0.103702
0.103701
0.1037
0.103699
0.103698
0.103697
0.103696
0.103695
0.103694
0.103693
0.103692
0.103691
0.103689
0.103688
0.103687
0.103686
0.103685
0.103683
0.103682
0.103681
0.103679
0.103678
0.103677
0.103675
0.103674
0.103672
0.103671
0.103669
0.103668
0.103666
0.103665
0.103663
0.103662
0.10366
0.103659
0.103657
0.103655
0.103654
0.103652
0.10365
0.103648
0.103647
0.103645
0.103643
0.103641
0.103639
0.103638
0.103636
0.103634
0.103632
0.10363
0.103628
0.103626
0.103624
0.103622
0.10362
0.103618
0.103616
0.103614
0.103612
0.10361
0.103608
0.103605
0.103603
0.103601
0.103599
0.103597
0.103594
0.103592
0.10359
0.103587
0.103585
0.103583
0.10358
0.103578
0.103576
0.103573
0.103571
0.103568
0.103566
0.103563
0.103561
0.103558
0.103556
0.103553
0.103551
0.103548
0.103545
0.103543
0.10354
0.103537
0.103535
0.103532
0.103529
0.103526
0.103524
0.103521
0.103518
0.103515
0.103512
0.10351
0.103507
0.103504
0.103501
0.103498
0.103495
0.103492
0.103489
0.103486
0.103483
0.10348
0.103477
0.103474
0.103471
0.103468
0.103464
0.103461
0.103458
0.103455
0.103452
0.103449
0.103445
0.103442
0.103439
0.103435
0.103432
0.103429
0.103425
0.103422
0.103419
0.103415
0.103412
0.103409
0.103405
0.103402
0.103398
0.103395
0.103391
0.103388
0.103384
0.103381
0.103377
0.103373
0.10337
0.103366
0.103362
0.103359
0.103355
0.103351
0.103348
0.103344
0.10334
0.103336
0.103333
0.103329
0.103325
0.103321
0.103317
0.103314
0.10331
0.103306
0.103302
0.103298
0.103294
0.10329
0.103286
0.103282
0.103278
0.103274
0.10327
0.103266
0.103262
0.103258
0.103254
0.10325
0.103245
0.103241
0.103237
0.103233
0.103229
0.103225
0.10322
0.103216
0.103212
0.103208
0.103203
0.103199
0.103195
0.10319
0.103186
0.103182
0.103177
0.103173
0.103168
0.103164
0.10316
0.103155
0.103151
0.103146
0.103142
0.103137
0.103133
0.103128
0.103124
0.103119
0.103114
0.10311
0.103105
0.103101
0.103096
0.103091
0.103087
0.103082
0.103077
0.103072
0.103068
0.103063
0.103058
0.103053
0.103049
0.103044
0.103039
0.103034
0.103029
0.103024
0.10302
0.103015
0.10301
0.103005
0.103
0.102995
0.10299
0.102985
0.10298
0.102975
0.10297
0.102965
0.10296
0.102955
0.10295
0.102945
0.10294
0.102935
0.102929
0.102924
0.102919
0.102914
0.102909
0.102904
0.102898
0.102893
0.102888
0.102883
0.102878
0.102872
0.102867
0.102862
0.102856
0.102851
0.102846
0.10284
0.102835
0.10283
0.102824
0.102819
0.102814
0.102808
0.102803
0.102797
0.102792
0.102786
0.102781
0.102775
0.10277
0.102764
0.102759
0.102753
0.102748
0.102742
0.102737
0.102731
0.102725
0.10272
0.102714
0.102709
0.102703
0.102697
0.102692
0.102686
0.10268
0.102674
0.102669
0.102663
0.102657
0.102652
0.102646
0.10264
0.102634
0.102628
0.102623
0.102617
0.102611
0.102605
0.102599
0.102593
0.102588
0.102582
0.102576
0.10257
0.102564
0.102558
0.102552
0.102546
0.10254
0.102534
0.102528
0.102522
0.102516
0.10251
0.102504
0.102498
0.102492
0.102486
0.10248
0.102474
0.102468
0.102462
0.102456
0.102449
0.102443
0.102437
0.102431
0.102425
0.102419
0.102412
0.102406
0.1024
0.102394
0.102388
0.102381
0.102375
0.102369
0.102363
0.102356
0.10235
0.102344
0.102338
0.102331
0.102325
0.102319
0.102312
0.102306
0.1023
0.102293
0.102287
0.10228
0.102274
0.102268
0.102261
0.102255
0.102248
0.102242
0.102235
0.102229
0.102223
0.102216
0.10221
0.102203
0.102197
0.10219
0.102184
0.102177
0.102171
0.102164
0.102157
0.102151
0.102144
0.102138
0.102131
0.102125
0.102118
0.102111
0.102105
0.102098
0.102091
0.102085
0.102078
0.102071
0.102065
0.102058
0.102051
0.102045
0.102038
0.102031
0.102025
0.102018
0.102011
0.102004
0.101998
0.101991
0.101984
0.101977
0.101971
0.101964
0.101957
0.10195
0.101943
0.101937
0.10193
0.101923
0.101916
0.101909
0.101902
0.101895
0.101889
0.101882
0.101875
0.101868
0.101861
0.101854
0.101847
0.10184
0.101833
0.101826
0.10182
0.101813
0.101806
0.101799
0.101792
0.101785
0.101778
0.101771
0.101764
0.101757
0.10175
0.101743
0.101736
0.101729
0.101722
0.101715
0.101708
0.1017
0.101693
0.101686
0.101679
0.101672
0.101665
0.101658
0.101651
0.101644
0.101637
0.10163
0.101622
0.101615
0.101608
0.101601
0.101594
0.101587
0.10158
0.101572
0.101565
0.101558
0.101551
0.101544
0.101537
0.101529
0.101522
0.101515
0.101508
0.101501
0.101493
0.101486
0.101479
0.101472
0.101464
0.101457
0.10145
0.101443
0.101435
0.101428
0.101421
0.101413
0.101406
0.101399
0.101392
0.101384
0.101377
0.10137
0.101362
0.101355
0.101348
0.10134
0.101333
0.101326
0.101318
0.101311
0.101304
0.101296
0.101289
0.101281
0.101274
0.101267
0.101259
0.101252
0.101245
0.101237
0.10123
0.101222
0.101215
0.101208
0.1012
0.101193
0.101185
0.101178
0.10117
0.101163
0.101155
0.101148
0.101141
0.101133
0.101126
0.101118
0.101111
0.101103
0.101096
0.101088
0.101081
0.101073
0.101066
0.101058
0.101051
0.101043
0.101036
0.101028
0.101021
0.101013
0.101006
0.100998
0.100991
0.100983
0.100976
0.100968
0.10096
0.100953
0.100945
0.100938
0.10093
0.100923
0.100915
0.100908
0.1009
0.100892
0.100885
0.100877
0.10087
0.100862
0.100855
0.100847
0.100839
0.100832
0.100824
0.100817
0.100809
0.100801
0.100794
0.100786
0.100778
0.100771
0.100763
0.100756
0.100748
0.10074
0.100733
0.100725
0.100717
0.10071
0.100702
0.100694
0.100687
0.100679
0.100671
0.100664
0.100656
0.100648
0.100641
0.100633
0.100625
0.100618
0.10061
0.100602
0.100595
0.100587
0.100579
0.100572
0.100564
0.100556
0.100549
0.100541
0.100533
0.100525
0.100518
0.10051
0.100502
0.100495
0.100487
0.100479
0.100472
0.100464
0.100456
0.100448
0.100441
0.100433
0.100425
0.100417
0.10041
0.100402
0.100394
0.100386
0.100379
0.100371
0.100363
0.100356
0.100348
0.10034
0.100332
0.100325
0.100317
0.100309
0.100301
0.100294
0.100286
0.100278
0.10027
0.100263
0.100255
0.100247
0.100239
0.100231
0.100224
0.100216
0.100208
0.1002
0.100193
0.100185
0.100177
0.100169
0.100162
0.100154
0.100146
0.100138
0.10013
0.100123
0.100115
0.100107
0.100099
0.100091
0.100084
0.100076
0.100068
0.10006
0.100053
0.100045
0.100037
0.100029
0.100021
0.100014
0.100006
0.099998
0.0999902
0.0999824
0.0999746
0.0999668
0.099959
0.0999512
0.0999434
0.0999356
0.0999278
0.09992
0.0999122
0.0999044
0.0998966
0.0998888
0.099881
0.0998732
0.0998654
0.0998576
0.0998498
0.099842
0.0998342
0.0998264
0.0998186
0.0998108
0.099803
0.0997952
0.0997874
0.0997796
0.0997718
0.0997639
0.0997561
0.0997483
0.0997405
0.0997327
0.0997249
0.0997171
0.0997093
0.0997015
0.0996937
0.0996859
0.0996781
0.0996703
0.0996625
0.0996547
0.0996468
0.099639
0.0996312
0.0996234
0.0996156
0.0996078
0.0996
0.0995922
0.0995844
0.0995766
0.0995688
0.099561
0.0995532
0.0995454
0.0995376
0.0995298
0.099522
0.0995142
0.0995064
0.0994986
0.0994908
0.099483
0.0994752
0.0994674
0.0994596
0.0994518
0.099444
0.0994362
0.0994284
0.0994206
0.0994128
0.099405
0.0993972
0.0993894
0.0993816
0.0993738
0.099366
0.0993582
0.0993504
0.0993426
0.0993349
0.0993271
0.0993193
0.0993115
0.0993037
0.0992959
0.0992881
0.0992803
0.0992726
0.0992648
0.099257
0.0992492
0.0992414
0.0992337
0.0992259
0.0992181
0.0992103
0.0992026
0.0991948
0.099187
0.0991792
0.0991715
0.0991637
0.0991559
0.0991482
0.0991404
0.0991326
0.0991249
0.0991171
0.0991093
0.0991016
0.0990938
0.099086
0.0990783
0.0990705
0.0990628
0.099055
0.0990473
0.0990395
0.0990318
0.099024
0.0990163
0.0990085
0.0990008
0.098993
0.0989853
0.0989775
0.0989698
0.0989621
0.0989543
0.0989466
0.0989388
0.0989311
0.0989234
0.0989156
0.0989079
0.0989002
0.0988925
0.0988847
0.098877
0.0988693
0.0988616
0.0988538
0.0988461
0.0988384
0.0988307
0.098823
0.0988153
0.0988076
0.0987999
0.0987921
0.0987844
0.0987767
0.098769
0.0987613
0.0987536
0.0987459
0.0987382
0.0987305
0.0987229
0.0987152
0.0987075
0.0986998
0.0986921
0.0986844
0.0986767
0.0986691
0.0986614
0.0986537
0.098646
0.0986384
0.0986307
0.098623
0.0986153
0.0986077
0.0986
0.0985924
0.0985847
0.098577
0.0985694
0.0985617
0.0985541
0.0985464
0.0985388
0.0985311
0.0985235
0.0985158
0.0985082
0.0985006
0.0984929
0.0984853
0.0984776
0.09847
0.0984624
0.0984548
0.0984471
0.0984395
0.0984319
0.0984243
0.0984167
0.098409
0.0984014
0.0983938
0.0983862
0.0983786
0.098371
0.0983634
0.0983558
0.0983482
0.0983406
0.098333
0.0983254
0.0983178
0.0983102
0.0983027
0.0982951
0.0982875
0.0982799
0.0982723
0.0982648
0.0982572
0.0982496
0.0982421
0.0982345
0.0982269
0.0982194
0.0982118
0.0982043
0.0981967
0.0981892
0.0981816
0.0981741
0.0981665
0.098159
0.0981514
0.0981439
0.0981364
0.0981288
0.0981213
0.0981138
0.0981063
0.0980987
0.0980912
0.0980837
0.0980762
0.0980687
0.0980612
0.0980537
0.0980462
0.0980387
0.0980312
0.0980237
0.0980162
0.0980087
0.0980012
0.0979937
0.0979862
0.0979787
0.0979712
0.0979638
0.0979563
0.0979488
0.0979414
0.0979339
0.0979264
0.097919
0.0979115
0.097904
0.0978966
0.0978891
0.0978817
0.0978742
0.0978668
0.0978594
0.0978519
0.0978445
0.0978371
0.0978296
0.0978222
0.0978148
0.0978074
0.0977999
0.0977925
0.0977851
0.0977777
0.0977703
0.0977629
0.0977555
0.0977481
0.0977407
0.0977333
0.0977259
0.0977185
0.0977111
0.0977037
0.0976964
0.097689
0.0976816
0.0976742
0.0976669
0.0976595
0.0976521
0.0976448
0.0976374
0.0976301
0.0976227
0.0976154
0.097608
0.0976007
0.0975933
0.097586
0.0975786
0.0975713
0.097564
0.0975567
0.0975493
0.097542
0.0975347
0.0975274
0.0975201
0.0975128
0.0975054
0.0974981
0.0974908
0.0974835
0.0974763
0.097469
0.0974617
0.0974544
0.0974471
0.0974398
0.0974325
0.0974253
0.097418
0.0974107
0.0974035
0.0973962
0.0973889
0.0973817
0.0973744
0.0973672
0.0973599
0.0973527
0.0973455
0.0973382
0.097331
0.0973237
0.0973165
0.0973093
0.0973021
0.0972949
0.0972876
0.0972804
0.0972732
0.097266
0.0972588
0.0972516
0.0972444
0.0972372
0.09723
0.0972228
0.0972156
0.0972085
0.0972013
0.0971941
0.0971869
0.0971798
0.0971726
0.0971654
0.0971583
0.0971511
0.0971439
0.0971368
0.0971296
0.0971225
0.0971154
0.0971082
0.0971011
0.097094
0.0970868
0.0970797
0.0970726
0.0970655
0.0970583
0.0970512
0.0970441
0.097037
0.0970299
0.0970228
0.0970157
0.0970086
0.0970015
0.0969944
0.0969873
0.0969803
0.0969732
0.0969661
0.096959
0.096952
0.0969449
0.0969378
0.0969308
0.0969237
0.0969167
0.0969096
0.0969026
0.0968955
0.0968885
0.0968815
0.0968744
0.0968674
0.0968604
0.0968534
0.0968463
0.0968393
0.0968323
0.0968253
0.0968183
0.0968113
0.0968043
0.0967973
0.0967903
0.0967833
0.0967763
0.0967693
0.0967624
0.0967554
0.0967484
0.0967414
0.0967345
0.0967275
0.0967205
0.0967136
0.0967066
0.0966997
0.0966927
0.0966858
0.0966789
0.0966719
0.096665
0.0966581
0.0966511
0.0966442
0.0966373
0.0966304
0.0966235
0.0966165
0.0966096
0.0966027
0.0965958
0.0965889
0.096582
0.0965752
0.0965683
0.0965614
0.0965545
0.0965476
0.0965408
0.0965339
0.096527
0.0965202
0.0965133
0.0965064
0.0964996
0.0964927
0.0964859
0.0964791
0.0964722
0.0964654
0.0964585
0.0964517
0.0964449
0.0964381
0.0964313
0.0964244
0.0964176
0.0964108
0.096404
0.0963972
0.0963904
0.0963836
0.0963768
0.09637
0.0963633
0.0963565
0.0963497
0.0963429
0.0963362
0.0963294
0.0963226
0.0963159
0.0963091
0.0963024
0.0962956
0.0962889
0.0962821
0.0962754
0.0962686
0.0962619
0.0962552
0.0962485
0.0962417
0.096235
0.0962283
0.0962216
0.0962149
0.0962082
0.0962015
0.0961948
0.0961881
0.0961814
0.0961747
0.096168
0.0961613
0.0961547
0.096148
0.0961413
0.0961347
0.096128
0.0961213
0.0961147
0.096108
0.0961014
0.0960947
0.0960881
0.0960815
0.0960748
0.0960682
0.0960616
0.0960549
0.0960483
0.0960417
0.0960351
0.0960285
0.0960219
0.0960153
0.0960087
0.0960021
0.0959955
0.0959889
0.0959823
0.0959757
0.0959691
0.0959626
0.095956
0.0959494
0.0959429
0.0959363
0.0959297
0.0959232
0.0959166
0.0959101
0.0959035
0.095897
0.0958905
0.0958839
0.0958774
0.0958709
0.0958643
0.0958578
0.0958513
0.0958448
0.0958383
0.0958318
0.0958253
0.0958188
0.0958123
0.0958058
0.0957993
0.0957928
0.0957863
0.0957799
0.0957734
0.0957669
0.0957605
0.095754
0.0957475
0.0957411
0.0957346
0.0957282
0.0957217
0.0957153
0.0957089
0.0957024
0.095696
0.0956896
0.0956831
0.0956767
0.0956703
0.0956639
0.0956575
0.0956511
0.0956447
0.0956383
0.0956319
0.0956255
0.0956191
0.0956127
0.0956063
0.0955999
0.0955936
0.0955872
0.0955808
0.0955745
0.0955681
0.0955617
0.0955554
0.095549
0.0955427
0.0955364
0.09553
0.0955237
0.0955173
0.095511
0.0955047
0.0954984
0.095492
0.0954857
0.0954794
0.0954731
0.0954668
0.0954605
0.0954542
0.0954479
0.0954416
0.0954353
0.0954291
0.0954228
0.0954165
0.0954102
0.095404
0.0953977
0.0953914
0.0953852
0.0953789
0.0953727
0.0953664
0.0953602
0.0953539
0.0953477
0.0953415
0.0953352
0.095329
0.0953228
0.0953166
0.0953104
0.0953041
0.0952979
0.0952917
0.0952855
0.0952793
0.0952731
0.0952669
0.0952608
0.0952546
0.0952484
0.0952422
0.095236
0.0952299
0.0952237
0.0952175
0.0952114
0.0952052
0.0951991
0.0951929
0.0951868
0.0951806
0.0951745
0.0951684
0.0951622
0.0951561
0.09515
0.0951439
0.0951377
0.0951316
0.0951255
0.0951194
0.0951133
0.0951072
0.0951011
0.095095
0.0950889
0.0950828
0.0950768
0.0950707
0.0950646
0.0950585
0.0950525
0.0950464
0.0950403
0.0950343
0.0950282
0.0950222
0.0950161
0.0950101
0.095004
0.094998
0.094992
0.0949859
0.0949799
0.0949739
0.0949679
0.0949619
0.0949558
0.0949498
0.0949438
0.0949378
0.0949318
0.0949258
0.0949198
0.0949138
0.0949079
0.0949019
0.0948959
0.0948899
0.094884
0.094878
0.094872
0.0948661
0.0948601
0.0948542
0.0948482
0.0948423
0.0948363
0.0948304
0.0948244
0.0948185
0.0948126
0.0948067
0.0948007
0.0947948
0.0947889
0.094783
0.0947771
0.0947712
0.0947653
0.0947594
0.0947535
0.0947476
0.0947417
0.0947358
0.0947299
0.0947241
0.0947182
0.0947123
0.0947065
0.0947006
0.0946947
0.0946889
0.094683
0.0946772
0.0946713
0.0946655
0.0946597
0.0946538
0.094648
0.0946422
0.0946363
0.0946305
0.0946247
0.0946189
0.0946131
0.0946073
0.0946015
0.0945957
0.0945899
0.0945841
0.0945783
0.0945725
0.0945667
0.0945609
0.0945551
0.0945494
0.0945436
0.0945378
0.0945321
0.0945263
0.0945206
0.0945148
0.0945091
0.0945033
0.0944976
0.0944918
0.0944861
0.0944804
0.0944746
0.0944689
0.0944632
0.0944575
0.0944517
0.094446
0.0944403
0.0944346
0.0944289
0.0944232
0.0944175
0.0944118
0.0944061
0.0944005
0.0943948
0.0943891
0.0943834
0.0943778
0.0943721
0.0943664
0.0943608
0.0943551
0.0943494
0.0943438
0.0943382
0.0943325
0.0943269
0.0943212
0.0943156
0.09431
0.0943043
0.0942987
0.0942931
0.0942875
0.0942819
0.0942763
0.0942706
0.094265
0.0942594
0.0942538
0.0942483
0.0942427
0.0942371
0.0942315
0.0942259
0.0942203
0.0942148
0.0942092
0.0942036
0.0941981
0.0941925
0.0941869
0.0941814
0.0941758
0.0941703
0.0941647
0.0941592
0.0941537
0.0941481
0.0941426
0.0941371
0.0941316
0.094126
0.0941205
0.094115
0.0941095
0.094104
0.0940985
0.094093
0.0940875
0.094082
0.0940765
0.094071
0.0940655
0.0940601
0.0940546
0.0940491
0.0940436
0.0940382
0.0940327
0.0940272
0.0940218
0.0940163
0.0940109
0.0940054
0.094
0.0939946
0.0939891
0.0939837
0.0939783
0.0939728
0.0939674
0.093962
0.0939566
0.0939511
0.0939457
0.0939403
0.0939349
0.0939295
0.0939241
0.0939187
0.0939133
0.093908
0.0939026
0.0938972
0.0938918
0.0938864
0.0938811
0.0938757
0.0938703
0.093865
0.0938596
0.0938543
0.0938489
0.0938436
0.0938382
0.0938329
0.0938275
0.0938222
0.0938169
0.0938115
0.0938062
0.0938009
0.0937956
0.0937902
0.0937849
0.0937796
0.0937743
0.093769
0.0937637
0.0937584
0.0937531
0.0937478
0.0937425
0.0937373
0.093732
0.0937267
0.0937214
0.0937162
0.0937109
0.0937056
0.0937004
0.0936951
0.0936898
0.0936846
0.0936793
0.0936741
0.0936689
0.0936636
0.0936584
0.0936531
0.0936479
0.0936427
0.0936375
0.0936322
0.093627
0.0936218
0.0936166
0.0936114
0.0936062
0.093601
0.0935958
0.0935906
0.0935854
0.0935802
0.093575
0.0935699
0.0935647
0.0935595
0.0935543
0.0935492
0.093544
0.0935388
0.0935337
0.0935285
0.0935234
0.0935182
0.0935131
0.0935079
0.0935028
0.0934976
0.0934925
0.0934874
0.0934822
0.0934771
0.093472
0.0934669
0.0934618
0.0934566
0.0934515
0.0934464
0.0934413
0.0934362
0.0934311
0.093426
0.0934209
0.0934159
0.0934108
0.0934057
0.0934006
0.0933955
0.0933905
0.0933854
0.0933803
0.0933753
0.0933702
0.0933651
0.0933601
0.093355
0.09335
0.0933449
0.0933399
0.0933349
0.0933298
0.0933248
0.0933198
0.0933147
0.0933097
0.0933047
0.0932997
0.0932947
0.0932897
0.0932847
0.0932796
0.0932746
0.0932696
0.0932647
0.0932597
0.0932547
0.0932497
0.0932447
0.0932397
0.0932347
0.0932298
0.0932248
0.0932198
0.0932149
0.0932099
0.0932049
0.0932
0.093195
0.0931901
0.0931851
0.0931802
0.0931753
0.0931703
0.0931654
0.0931605
0.0931555
0.0931506
0.0931457
0.0931408
0.0931358
0.0931309
0.093126
0.0931211
0.0931162
0.0931113
0.0931064
0.0931015
0.0930966
0.0930917
0.0930868
0.093082
0.0930771
0.0930722
0.0930673
0.0930625
0.0930576
0.0930527
0.0930479
0.093043
0.0930381
0.0930333
0.0930284
0.0930236
0.0930188
0.0930139
0.0930091
0.0930042
0.0929994
0.0929946
0.0929897
0.0929849
0.0929801
0.0929753
0.0929705
0.0929657
0.0929608
0.092956
0.0929512
0.0929464
0.0929416
0.0929368
0.0929321
0.0929273
0.0929225
0.0929177
0.0929129
0.0929081
0.0929034
0.0928986
0.0928938
0.0928891
0.0928843
0.0928795
0.0928748
0.09287
0.0928653
0.0928605
0.0928558
0.092851
0.0928463
0.0928416
0.0928368
0.0928321
0.0928274
0.0928227
0.0928179
0.0928132
0.0928085
0.0928038
0.0927991
0.0927944
0.0927897
0.092785
0.0927803
0.0927756
0.0927709
0.0927662
0.0927615
0.0927568
0.0927521
0.0927475
0.0927428
0.0927381
0.0927334
0.0927288
0.0927241
0.0927195
0.0927148
0.0927101
0.0927055
0.0927008
0.0926962
0.0926915
0.0926869
0.0926823
0.0926776
0.092673
0.0926684
0.0926637
0.0926591
0.0926545
0.0926499
0.0926453
0.0926407
0.092636
0.0926314
0.0926268
0.0926222
0.0926176
0.092613
0.0926084
0.0926038
0.0925993
0.0925947
0.0925901
0.0925855
0.0925809
0.0925764
0.0925718
0.0925672
0.0925627
0.0925581
0.0925535
0.092549
0.0925444
0.0925399
0.0925353
0.0925308
0.0925262
0.0925217
0.0925172
0.0925126
0.0925081
0.0925036
0.092499
0.0924945
0.09249
0.0924855
0.092481
0.0924765
0.0924719
0.0924674
0.0924629
0.0924584
0.0924539
0.0924494
0.0924449
0.0924405
0.092436
0.0924315
0.092427
0.0924225
0.092418
0.0924136
0.0924091
0.0924046
0.0924002
0.0923957
0.0923912
0.0923868
0.0923823
0.0923779
0.0923734
0.092369
0.0923645
0.0923601
0.0923557
0.0923512
0.0923468
0.0923424
0.0923379
0.0923335
0.0923291
0.0923247
0.0923202
0.0923158
0.0923114
0.092307
0.0923026
0.0922982
0.0922938
0.0922894
0.092285
0.0922806
0.0922762
0.0922718
0.0922675
0.0922631
0.0922587
0.0922543
0.0922499
0.0922456
0.0922412
0.0922368
0.0922325
0.0922281
0.0922237
0.0922194
0.092215
0.0922107
0.0922063
0.092202
0.0921977
0.0921933
0.092189
0.0921846
0.0921803
0.092176
0.0921717
0.0921673
0.092163
0.0921587
0.0921544
0.0921501
0.0921458
0.0921414
0.0921371
0.0921328
0.0921285
0.0921242
0.0921199
0.0921157
0.0921114
0.0921071
0.0921028
0.0920985
0.0920942
0.09209
0.0920857
0.0920814
0.0920771
0.0920729
0.0920686
0.0920643
0.0920601
0.0920558
0.0920516
0.0920473
0.0920431
0.0920388
0.0920346
0.0920303
0.0920261
0.0920219
0.0920176
0.0920134
0.0920092
0.092005
0.0920007
0.0919965
0.0919923
0.0919881
0.0919839
0.0919797
0.0919755
0.0919712
0.091967
0.0919628
0.0919586
0.0919545
0.0919503
0.0919461
0.0919419
0.0919377
0.0919335
0.0919293
0.0919252
0.091921
0.0919168
0.0919126
0.0919085
0.0919043
0.0919002
0.091896
0.0918918
0.0918877
0.0918835
0.0918794
0.0918752
0.0918711
0.0918669
0.0918628
0.0918587
0.0918545
0.0918504
0.0918463
0.0918421
0.091838
0.0918339
0.0918298
0.0918257
0.0918216
0.0918174
0.0918133
0.0918092
0.0918051
0.091801
0.0917969
0.0917928
0.0917887
0.0917846
0.0917805
0.0917765
0.0917724
0.0917683
0.0917642
0.0917601
0.0917561
0.091752
0.0917479
0.0917438
0.0917398
0.0917357
0.0917317
0.0917276
0.0917235
0.0917195
0.0917154
0.0917114
0.0917073
0.0917033
0.0916993
0.0916952
0.0916912
0.0916872
0.0916831
0.0916791
0.0916751
0.091671
0.091667
0.091663
0.091659
0.091655
0.091651
0.091647
0.0916429
0.0916389
0.0916349
0.0916309
0.0916269
0.0916229
0.091619
0.091615
0.091611
0.091607
0.091603
0.091599
0.0915951
0.0915911
0.0915871
0.0915831
0.0915792
0.0915752
0.0915712
0.0915673
0.0915633
0.0915594
0.0915554
0.0915514
0.0915475
0.0915436
0.0915396
0.0915357
0.0915317
0.0915278
0.0915239
0.0915199
0.091516
0.0915121
0.0915081
0.0915042
0.0915003
0.0914964
0.0914925
0.0914885
0.0914846
0.0914807
0.0914768
0.0914729
0.091469
0.0914651
0.0914612
0.0914573
0.0914534
0.0914495
0.0914456
0.0914417
0.0914379
0.091434
0.0914301
0.0914262
0.0914223
0.0914185
0.0914146
0.0914107
0.0914069
0.091403
0.0913991
0.0913953
0.0913914
0.0913876
0.0913837
0.0913799
0.091376
0.0913722
0.0913683
0.0913645
0.0913607
0.0913568
0.091353
0.0913492
0.0913453
0.0913415
0.0913377
0.0913339
0.09133
0.0913262
0.0913224
0.0913186
0.0913148
0.091311
0.0913072
0.0913034
0.0912996
0.0912958
0.091292
0.0912882
0.0912844
0.0912806
0.0912768
0.091273
0.0912692
0.0912654
0.0912617
0.0912579
0.0912541
0.0912503
0.0912466
0.0912428
0.091239
0.0912353
0.0912315
0.0912277
0.091224
0.0912202
0.0912165
0.0912127
0.091209
0.0912052
0.0912015
0.0911977
0.091194
0.0911903
0.0911865
0.0911828
0.0911791
0.0911753
0.0911716
0.0911679
0.0911642
0.0911605
0.0911567
0.091153
0.0911493
0.0911456
0.0911419
0.0911382
0.0911345
0.0911308
0.0911271
0.0911234
0.0911197
0.091116
0.0911123
0.0911086
0.0911049
0.0911012
0.0910976
0.0910939
0.0910902
0.0910865
0.0910828
0.0910792
0.0910755
0.0910718
0.0910682
0.0910645
0.0910608
0.0910572
0.0910535
0.0910499
0.0910462
0.0910426
0.0910389
0.0910353
0.0910316
0.091028
0.0910244
0.0910207
0.0910171
0.0910134
0.0910098
0.0910062
0.0910026
0.0909989
0.0909953
0.0909917
0.0909881
0.0909845
0.0909808
0.0909772
0.0909736
0.09097
0.0909664
0.0909628
0.0909592
0.0909556
0.090952
0.0909484
0.0909448
0.0909412
0.0909376
0.0909341
0.0909305
0.0909269
0.0909233
0.0909197
0.0909162
0.0909126
0.090909
0.0909054
0.0909019
0.0908983
0.0908947
0.0908912
0.0908876
0.0908841
0.0908805
0.090877
0.0908734
0.0908699
0.0908663
0.0908628
0.0908592
0.0908557
0.0908521
0.0908486
0.0908451
0.0908415
0.090838
0.0908345
0.0908309
0.0908274
0.0908239
0.0908204
0.0908169
0.0908133
0.0908098
0.0908063
0.0908028
0.0907993
0.0907958
0.0907923
0.0907888
0.0907853
0.0907818
0.0907783
0.0907748
0.0907713
0.0907678
0.0907643
0.0907608
0.0907574
0.0907539
0.0907504
0.0907469
0.0907434
0.09074
0.0907365
0.090733
0.0907296
0.0907261
0.0907226
0.0907192
0.0907157
0.0907123
0.0907088
0.0907053
0.0907019
0.0906984
0.090695
0.0906915
0.0906881
0.0906847
0.0906812
0.0906778
0.0906743
0.0906709
0.0906675
0.0906641
0.0906606
0.0906572
0.0906538
0.0906504
0.0906469
0.0906435
0.0906401
0.0906367
0.0906333
0.0906299
0.0906265
0.090623
0.0906196
0.0906162
0.0906128
0.0906094
0.090606
0.0906027
0.0905993
0.0905959
0.0905925
0.0905891
0.0905857
0.0905823
0.0905789
0.0905756
0.0905722
0.0905688
0.0905654
0.0905621
0.0905587
0.0905553
0.090552
0.0905486
0.0905452
0.0905419
0.0905385
0.0905352
0.0905318
0.0905285
0.0905251
0.0905218
0.0905184
0.0905151
0.0905117
0.0905084
0.0905051
0.0905017
0.0904984
0.090495
0.0904917
0.0904884
0.0904851
0.0904817
0.0904784
0.0904751
0.0904718
0.0904685
0.0904651
0.0904618
0.0904585
0.0904552
0.0904519
0.0904486
0.0904453
0.090442
0.0904387
0.0904354
0.0904321
0.0904288
0.0904255
0.0904222
0.0904189
0.0904156
0.0904123
0.0904091
0.0904058
0.0904025
0.0903992
0.0903959
0.0903927
0.0903894
0.0903861
0.0903829
0.0903796
0.0903763
0.0903731
0.0903698
0.0903665
0.0903633
0.09036
0.0903568
0.0903535
0.0903503
0.090347
0.0903438
0.0903405
0.0903373
0.090334
0.0903308
0.0903276
0.0903243
0.0903211
0.0903179
0.0903146
0.0903114
0.0903082
0.090305
0.0903017
0.0902985
0.0902953
0.0902921
0.0902889
0.0902856
0.0902824
0.0902792
0.090276
0.0902728
0.0902696
0.0902664
0.0902632
0.09026
0.0902568
0.0902536
0.0902504
0.0902472
0.090244
0.0902408
0.0902377
0.0902345
0.0902313
0.0902281
0.0902249
0.0902218
0.0902186
0.0902154
0.0902122
0.0902091
0.0902059
0.0902027
0.0901996
0.0901964
0.0901932
0.0901901
0.0901869
0.0901838
0.0901806
0.0901775
0.0901743
0.0901712
0.090168
0.0901649
0.0901617
0.0901586
0.0901554
0.0901523
0.0901492
0.090146
0.0901429
0.0901398
0.0901366
0.0901335
0.0901304
0.0901272
0.0901241
0.090121
0.0901179
0.0901148
0.0901117
0.0901085
0.0901054
0.0901023
0.0900992
0.0900961
0.090093
0.0900899
0.0900868
0.0900837
0.0900806
0.0900775
0.0900744
0.0900713
0.0900682
0.0900651
0.090062
0.0900589
0.0900559
0.0900528
0.0900497
0.0900466
0.0900435
0.0900405
0.0900374
0.0900343
0.0900312
0.0900282
0.0900251
0.090022
0.090019
0.0900159
0.0900129
0.0900098
0.0900067
0.0900037
0.0900006
0.0899976
0.0899945
0.0899915
0.0899884
0.0899854
0.0899823
0.0899793
0.0899763
0.0899732
0.0899702
0.0899672
0.0899641
0.0899611
0.0899581
0.089955
0.089952
0.089949
0.089946
0.0899429
0.0899399
0.0899369
0.0899339
0.0899309
0.0899278
0.0899248
0.0899218
0.0899188
0.0899158
0.0899128
0.0899098
0.0899068
0.0899038
0.0899008
0.0898978
0.0898948
0.0898918
0.0898888
0.0898858
0.0898828
0.0898799
0.0898769
0.0898739
0.0898709
0.0898679
0.0898649
0.089862
0.089859
0.089856
0.089853
0.0898501
0.0898471
0.0898441
0.0898412
0.0898382
0.0898352
0.0898323
0.0898293
0.0898264
0.0898234
0.0898205
0.0898175
0.0898146
0.0898116
0.0898087
0.0898057
0.0898028
0.0897998
0.0897969
0.0897939
0.089791
0.0897881
0.0897851
0.0897822
0.0897793
0.0897763
0.0897734
0.0897705
0.0897676
0.0897646
0.0897617
0.0897588
0.0897559
0.089753
0.08975
0.0897471
0.0897442
0.0897413
0.0897384
0.0897355
0.0897326
0.0897297
0.0897268
0.0897239
0.089721
0.0897181
0.0897152
0.0897123
0.0897094
0.0897065
0.0897036
0.0897007
0.0896978
0.0896949
0.0896921
0.0896892
0.0896863
0.0896834
0.0896805
0.0896777
0.0896748
0.0896719
0.089669
0.0896662
0.0896633
0.0896604
0.0896576
0.0896547
0.0896518
0.089649
0.0896461
0.0896433
0.0896404
0.0896376
0.0896347
0.0896318
0.089629
0.0896261
0.0896233
0.0896205
0.0896176
0.0896148
0.0896119
0.0896091
0.0896063
0.0896034
0.0896006
0.0895977
0.0895949
0.0895921
0.0895893
0.0895864
0.0895836
0.0895808
0.089578
0.0895751
0.0895723
0.0895695
0.0895667
0.0895639
0.0895611
0.0895582
0.0895554
0.0895526
0.0895498
0.089547
0.0895442
0.0895414
0.0895386
0.0895358
0.089533
0.0895302
0.0895274
0.0895246
0.0895218
0.089519
0.0895163
0.0895135
0.0895107
0.0895079
0.0895051
0.0895023
0.0894996
0.0894968
0.089494
0.0894912
0.0894884
0.0894857
0.0894829
0.0894801
0.0894774
0.0894746
0.0894718
0.0894691
0.0894663
0.0894635
0.0894608
0.089458
0.0894553
0.0894525
0.0894498
0.089447
0.0894443
0.0894415
0.0894388
0.089436
0.0894333
0.0894305
0.0894278
0.0894251
0.0894223
0.0894196
0.0894168
0.0894141
0.0894114
0.0894086
0.0894059
0.0894032
0.0894005
0.0893977
0.089395
0.0893923
0.0893896
0.0893868
0.0893841
0.0893814
0.0893787
0.089376
0.0893733
0.0893706
0.0893678
0.0893651
0.0893624
0.0893597
0.089357
0.0893543
0.0893516
0.0893489
0.0893462
0.0893435
0.0893408
0.0893381
0.0893354
0.0893328
0.0893301
0.0893274
0.0893247
0.089322
0.0893193
0.0893166
0.089314
0.0893113
0.0893086
0.0893059
0.0893032
0.0893006
0.0892979
0.0892952
0.0892926
0.0892899
0.0892872
0.0892846
0.0892819
0.0892792
0.0892766
0.0892739
0.0892713
0.0892686
0.0892659
0.0892633
0.0892606
0.089258
0.0892553
0.0892527
0.08925
0.0892474
0.0892447
0.0892421
0.0892395
0.0892368
0.0892342
0.0892315
0.0892289
0.0892263
0.0892236
0.089221
0.0892184
0.0892158
0.0892131
0.0892105
0.0892079
0.0892052
0.0892026
0.0892
0.0891974
0.0891948
0.0891922
0.0891895
0.0891869
0.0891843
0.0891817
0.0891791
0.0891765
0.0891739
0.0891713
0.0891687
0.0891661
0.0891635
0.0891609
0.0891583
0.0891557
0.0891531
0.0891505
0.0891479
0.0891453
0.0891427
0.0891401
0.0891375
0.0891349
0.0891323
0.0891298
0.0891272
0.0891246
0.089122
0.0891194
0.0891169
0.0891143
0.0891117
0.0891091
0.0891066
0.089104
0.0891014
0.0890989
0.0890963
0.0890937
0.0890912
0.0890886
0.089086
0.0890835
0.0890809
0.0890784
0.0890758
0.0890733
0.0890707
0.0890681
0.0890656
0.089063
0.0890605
0.089058
0.0890554
0.0890529
0.0890503
0.0890478
0.0890452
0.0890427
0.0890402
0.0890376
0.0890351
0.0890326
0.08903
0.0890275
0.089025
0.0890224
0.0890199
0.0890174
0.0890149
0.0890123
0.0890098
0.0890073
0.0890048
0.0890023
0.0889997
0.0889972
0.0889947
0.0889922
0.0889897
0.0889872
0.0889847
0.0889822
0.0889797
0.0889772
0.0889747
0.0889722
0.0889696
0.0889671
0.0889647
0.0889622
0.0889597
0.0889572
0.0889547
0.0889522
0.0889497
0.0889472
0.0889447
0.0889422
0.0889397
0.0889373
0.0889348
0.0889323
0.0889298
0.0889273
0.0889249
0.0889224
0.0889199
0.0889174
0.088915
0.0889125
0.08891
0.0889075
0.0889051
0.0889026
0.0889001
0.0888977
0.0888952
0.0888928
0.0888903
0.0888878
0.0888854
0.0888829
0.0888805
0.088878
0.0888756
0.0888731
0.0888707
0.0888682
0.0888658
0.0888633
0.0888609
0.0888584
0.088856
0.0888535
0.0888511
0.0888487
0.0888462
0.0888438
0.0888414
0.0888389
0.0888365
0.0888341
0.0888316
0.0888292
0.0888268
0.0888243
0.0888219
0.0888195
0.0888171
0.0888147
0.0888122
0.0888098
0.0888074
0.088805
0.0888026
0.0888002
0.0887977
0.0887953
0.0887929
0.0887905
0.0887881
0.0887857
0.0887833
0.0887809
0.0887785
0.0887761
0.0887737
0.0887713
0.0887689
0.0887665
0.0887641
0.0887617
0.0887593
0.0887569
0.0887545
0.0887521
0.0887497
0.0887474
0.088745
0.0887426
0.0887402
0.0887378
0.0887354
0.0887331
0.0887307
0.0887283
0.0887259
0.0887235
0.0887212
0.0887188
0.0887164
0.0887141
0.0887117
0.0887093
0.088707
0.0887046
0.0887022
0.0886999
0.0886975
0.0886951
0.0886928
0.0886904
0.0886881
0.0886857
0.0886834
0.088681
0.0886786
0.0886763
0.0886739
0.0886716
0.0886692
0.0886669
0.0886646
0.0886622
0.0886599
0.0886575
0.0886552
0.0886528
0.0886505
0.0886482
0.0886458
0.0886435
0.0886412
0.0886388
0.0886365
0.0886342
0.0886318
0.0886295
0.0886272
0.0886249
0.0886225
0.0886202
0.0886179
0.0886156
0.0886133
0.0886109
0.0886086
0.0886063
0.088604
0.0886017
0.0885994
0.088597
0.0885947
0.0885924
0.0885901
0.0885878
0.0885855
0.0885832
0.0885809
0.0885786
0.0885763
0.088574
0.0885717
0.0885694
0.0885671
0.0885648
0.0885625
0.0885602
0.0885579
0.0885556
0.0885533
0.0885511
0.0885488
0.0885465
0.0885442
0.0885419
0.0885396
0.0885373
0.0885351
0.0885328
0.0885305
0.0885282
0.088526
0.0885237
0.0885214
0.0885191
0.0885169
0.0885146
0.0885123
0.0885101
0.0885078
0.0885055
0.0885033
0.088501
0.0884987
0.0884965
0.0884942
0.0884919
0.0884897
0.0884874
0.0884852
0.0884829
0.0884807
0.0884784
0.0884762
0.0884739
0.0884717
0.0884694
0.0884672
0.0884649
0.0884627
0.0884604
0.0884582
0.0884559
0.0884537
0.0884515
0.0884492
0.088447
0.0884448
0.0884425
0.0884403
0.0884381
0.0884358
0.0884336
0.0884314
0.0884291
0.0884269
0.0884247
0.0884225
0.0884202
0.088418
0.0884158
0.0884136
0.0884114
0.0884091
0.0884069
0.0884047
0.0884025
0.0884003
0.0883981
0.0883958
0.0883936
0.0883914
0.0883892
0.088387
0.0883848
0.0883826
0.0883804
0.0883782
0.088376
0.0883738
0.0883716
0.0883694
0.0883672
0.088365
0.0883628
0.0883606
0.0883584
0.0883562
0.088354
0.0883518
0.0883496
0.0883475
0.0883453
0.0883431
0.0883409
0.0883387
0.0883365
0.0883343
0.0883322
0.08833
0.0883278
0.0883256
0.0883235
0.0883213
0.0883191
0.0883169
0.0883148
0.0883126
0.0883104
0.0883082
0.0883061
0.0883039
0.0883017
0.0882996
0.0882974
0.0882953
0.0882931
0.0882909
0.0882888
0.0882866
0.0882845
0.0882823
0.0882801
0.088278
0.0882758
0.0882737
0.0882715
0.0882694
0.0882672
0.0882651
0.0882629
0.0882608
0.0882587
0.0882565
0.0882544
0.0882522
0.0882501
0.0882479
0.0882458
0.0882437
0.0882415
0.0882394
0.0882373
0.0882351
0.088233
0.0882309
0.0882287
0.0882266
0.0882245
0.0882223
0.0882202
0.0882181
0.088216
0.0882138
0.0882117
0.0882096
0.0882075
0.0882054
0.0882032
0.0882011
0.088199
0.0881969
0.0881948
0.0881927
0.0881906
0.0881884
0.0881863
0.0881842
0.0881821
0.08818
0.0881779
0.0881758
0.0881737
0.0881716
0.0881695
0.0881674
0.0881653
0.0881632
0.0881611
0.088159
0.0881569
0.0881548
0.0881527
0.0881506
0.0881485
0.0881464
0.0881443
0.0881423
0.0881402
0.0881381
0.088136
0.0881339
0.0881318
0.0881297
0.0881277
0.0881256
0.0881235
0.0881214
0.0881193
0.0881173
0.0881152
0.0881131
0.088111
0.088109
0.0881069
0.0881048
0.0881028
0.0881007
0.0880986
0.0880966
0.0880945
0.0880924
0.0880904
0.0880883
0.0880862
0.0880842
0.0880821
0.0880801
0.088078
0.0880759
0.0880739
0.0880718
0.0880698
0.0880677
0.0880657
0.0880636
0.0880616
0.0880595
0.0880575
0.0880554
0.0880534
0.0880513
0.0880493
0.0880472
0.0880452
0.0880432
0.0880411
0.0880391
0.088037
0.088035
0.088033
0.0880309
0.0880289
0.0880269
0.0880248
0.0880228
0.0880208
0.0880187
0.0880167
0.0880147
0.0880126
0.0880106
0.0880086
0.0880066
0.0880046
0.0880025
0.0880005
0.0879985
0.0879965
0.0879944
0.0879924
0.0879904
0.0879884
0.0879864
0.0879844
0.0879824
0.0879803
0.0879783
0.0879763
0.0879743
0.0879723
0.0879703
0.0879683
0.0879663
0.0879643
0.0879623
0.0879603
0.0879583
0.0879563
0.0879543
0.0879523
0.0879503
0.0879483
0.0879463
0.0879443
0.0879423
0.0879403
0.0879383
0.0879363
0.0879343
0.0879323
0.0879304
0.0879284
0.0879264
0.0879244
0.0879224
0.0879204
0.0879184
0.0879165
0.0879145
0.0879125
0.0879105
0.0879085
0.0879066
0.0879046
0.0879026
0.0879006
0.0878987
0.0878967
0.0878947
0.0878928
0.0878908
0.0878888
0.0878869
0.0878849
0.0878829
0.087881
0.087879
0.087877
0.0878751
0.0878731
0.0878711
0.0878692
0.0878672
0.0878653
0.0878633
0.0878614
0.0878594
0.0878574
0.0878555
0.0878535
0.0878516
0.0878496
0.0878477
0.0878457
0.0878438
0.0878418
0.0878399
0.087838
0.087836
0.0878341
0.0878321
0.0878302
0.0878282
0.0878263
0.0878244
0.0878224
0.0878205
0.0878185
0.0878166
0.0878147
0.0878127
0.0878108
0.0878089
0.087807
0.087805
0.0878031
0.0878012
0.0877992
0.0877973
0.0877954
0.0877935
0.0877915
0.0877896
0.0877877
0.0877858
0.0877839
0.0877819
0.08778
0.0877781
0.0877762
0.0877743
0.0877724
0.0877704
0.0877685
0.0877666
0.0877647
0.0877628
0.0877609
0.087759
0.0877571
0.0877552
0.0877533
0.0877514
0.0877494
0.0877475
0.0877456
0.0877437
0.0877418
0.0877399
0.087738
0.0877361
0.0877342
0.0877323
0.0877305
0.0877286
0.0877267
0.0877248
0.0877229
0.087721
0.0877191
0.0877172
0.0877153
0.0877134
0.0877115
0.0877097
0.0877078
0.0877059
0.087704
0.0877021
0.0877002
0.0876984
0.0876965
0.0876946
0.0876927
0.0876909
0.087689
0.0876871
0.0876852
0.0876834
0.0876815
0.0876796
0.0876777
0.0876759
0.087674
0.0876721
0.0876703
0.0876684
0.0876665
0.0876647
0.0876628
0.0876609
0.0876591
0.0876572
0.0876554
0.0876535
0.0876516
0.0876498
0.0876479
0.0876461
0.0876442
0.0876423
0.0876405
0.0876386
0.0876368
0.0876349
0.0876331
0.0876312
0.0876294
0.0876275
0.0876257
0.0876238
0.087622
0.0876202
0.0876183
0.0876165
0.0876146
0.0876128
0.0876109
0.0876091
0.0876073
0.0876054
0.0876036
0.0876018
0.0875999
0.0875981
0.0875963
0.0875944
0.0875926
0.0875908
0.0875889
0.0875871
0.0875853
0.0875834
0.0875816
0.0875798
0.087578
0.0875761
0.0875743
0.0875725
0.0875707
0.0875688
0.087567
0.0875652
0.0875634
0.0875616
0.0875597
0.0875579
0.0875561
0.0875543
0.0875525
0.0875507
0.0875489
0.087547
0.0875452
0.0875434
0.0875416
0.0875398
0.087538
0.0875362
0.0875344
0.0875326
0.0875308
0.087529
0.0875272
0.0875254
0.0875236
0.0875218
0.08752
0.0875182
0.0875164
0.0875146
0.0875128
0.087511
0.0875092
0.0875074
0.0875056
0.0875038
0.087502
0.0875002
0.0874984
0.0874967
0.0874949
0.0874931
0.0874913
0.0874895
0.0874877
0.0874859
0.0874842
0.0874824
0.0874806
0.0874788
0.087477
0.0874752
0.0874735
0.0874717
0.0874699
0.0874681
0.0874664
0.0874646
0.0874628
0.087461
0.0874593
0.0874575
0.0874557
0.087454
0.0874522
0.0874504
0.0874487
0.0874469
0.0874451
0.0874434
0.0874416
0.0874398
0.0874381
0.0874363
0.0874345
0.0874328
0.087431
0.0874293
0.0874275
0.0874258
0.087424
0.0874222
0.0874205
0.0874187
0.087417
0.0874152
0.0874135
0.0874117
0.08741
0.0874082
0.0874065
0.0874047
0.087403
0.0874012
0.0873995
0.0873977
0.087396
0.0873943
0.0873925
0.0873908
0.087389
0.0873873
0.0873856
0.0873838
0.0873821
0.0873803
0.0873786
0.0873769
0.0873751
0.0873734
0.0873717
0.0873699
0.0873682
0.0873665
0.0873647
0.087363
0.0873613
0.0873596
0.0873578
0.0873561
0.0873544
0.0873527
0.0873509
0.0873492
0.0873475
0.0873458
0.087344
0.0873423
0.0873406
0.0873389
0.0873372
0.0873354
0.0873337
0.087332
0.0873303
0.0873286
0.0873269
0.0873252
0.0873235
0.0873217
0.08732
0.0873183
0.0873166
0.0873149
0.0873132
0.0873115
0.0873098
0.0873081
0.0873064
0.0873047
0.087303
0.0873013
0.0872996
0.0872979
0.0872962
0.0872945
0.0872928
0.0872911
0.0872894
0.0872877
0.087286
0.0872843
0.0872826
0.0872809
0.0872792
0.0872775
0.0872758
0.0872741
0.0872724
0.0872708
0.0872691
0.0872674
0.0872657
0.087264
0.0872623
0.0872606
0.087259
0.0872573
0.0872556
0.0872539
0.0872522
0.0872506
0.0872489
0.0872472
0.0872455
0.0872438
0.0872422
0.0872405
0.0872388
0.0872371
0.0872355
0.0872338
0.0872321
0.0872305
0.0872288
0.0872271
0.0872254
0.0872238
0.0872221
0.0872204
0.0872188
0.0872171
0.0872155
0.0872138
0.0872121
0.0872105
0.0872088
0.0872071
0.0872055
0.0872038
0.0872022
0.0872005
0.0871988
0.0871972
0.0871955
0.0871939
0.0871922
0.0871906
0.0871889
0.0871873
0.0871856
0.087184
0.0871823
0.0871807
0.087179
0.0871774
0.0871757
0.0871741
0.0871724
0.0871708
0.0871691
0.0871675
0.0871659
0.0871642
0.0871626
0.0871609
0.0871593
0.0871577
0.087156
0.0871544
0.0871527
0.0871511
0.0871495
0.0871478
0.0871462
0.0871446
0.0871429
0.0871413
0.0871397
0.087138
0.0871364
0.0871348
0.0871331
0.0871315
0.0871299
0.0871283
0.0871266
0.087125
0.0871234
0.0871218
0.0871201
0.0871185
0.0871169
0.0871153
0.0871137
0.087112
0.0871104
0.0871088
0.0871072
0.0871056
0.087104
0.0871023
0.0871007
0.0870991
0.0870975
0.0870959
0.0870943
0.0870927
0.0870911
0.0870894
0.0870878
0.0870862
0.0870846
0.087083
0.0870814
0.0870798
0.0870782
0.0870766
0.087075
0.0870734
0.0870718
0.0870702
0.0870686
0.087067
0.0870654
0.0870638
0.0870622
0.0870606
0.087059
0.0870574
0.0870558
0.0870542
0.0870526
0.087051
0.0870494
0.0870478
0.0870462
0.0870446
0.0870431
0.0870415
0.0870399
0.0870383
0.0870367
0.0870351
0.0870335
0.0870319
0.0870304
0.0870288
0.0870272
0.0870256
0.087024
0.0870225
0.0870209
0.0870193
0.0870177
0.0870161
0.0870146
0.087013
0.0870114
0.0870098
0.0870083
0.0870067
0.0870051
0.0870035
0.087002
0.0870004
0.0869988
0.0869972
0.0869957
0.0869941
0.0869925
0.086991
0.0869894
0.0869878
0.0869863
0.0869847
0.0869831
0.0869816
0.08698
0.0869785
0.0869769
0.0869753
0.0869738
0.0869722
0.0869707
0.0869691
0.0869675
0.086966
0.0869644
0.0869629
0.0869613
0.0869598
0.0869582
0.0869567
0.0869551
0.0869536
0.086952
0.0869504
0.0869489
0.0869474
0.0869458
0.0869443
0.0869427
0.0869412
0.0869396
0.0869381
0.0869365
0.086935
0.0869334
0.0869319
0.0869304
0.0869288
0.0869273
0.0869257
0.0869242
0.0869227
0.0869211
0.0869196
0.086918
0.0869165
0.086915
0.0869134
0.0869119
0.0869104
0.0869088
0.0869073
0.0869058
0.0869042
0.0869027
0.0869012
0.0868997
0.0868981
0.0868966
0.0868951
0.0868935
0.086892
0.0868905
0.086889
0.0868874
0.0868859
0.0868844
0.0868829
0.0868814
0.0868798
0.0868783
0.0868768
0.0868753
0.0868738
0.0868722
0.0868707
0.0868692
0.0868677
0.0868662
0.0868647
0.0868631
0.0868616
0.0868601
0.0868586
0.0868571
0.0868556
0.0868541
0.0868526
0.0868511
0.0868496
0.086848
0.0868465
0.086845
0.0868435
0.086842
0.0868405
0.086839
0.0868375
0.086836
0.0868345
0.086833
0.0868315
0.08683
0.0868285
0.086827
0.0868255
0.086824
0.0868225
0.086821
0.0868195
0.086818
0.0868165
0.086815
0.0868136
0.0868121
0.0868106
0.0868091
0.0868076
0.0868061
0.0868046
0.0868031
0.0868016
0.0868001
0.0867987
0.0867972
0.0867957
0.0867942
0.0867927
0.0867912
0.0867898
0.0867883
0.0867868
0.0867853
0.0867838
0.0867823
0.0867809
0.0867794
0.0867779
0.0867764
0.086775
0.0867735
0.086772
0.0867705
0.0867691
0.0867676
0.0867661
0.0867646
0.0867632
0.0867617
0.0867602
0.0867588
0.0867573
0.0867558
0.0867543
0.0867529
0.0867514
0.0867499
0.0867485
0.086747
0.0867455
0.0867441
0.0867426
0.0867412
0.0867397
0.0867382
0.0867368
0.0867353
0.0867339
0.0867324
0.0867309
0.0867295
0.086728
0.0867266
0.0867251
0.0867237
0.0867222
0.0867207
0.0867193
0.0867178
0.0867164
0.0867149
0.0867135
0.086712
0.0867106
0.0867091
0.0867077
0.0867062
0.0867048
0.0867033
0.0867019
0.0867004
0.086699
0.0866976
0.0866961
0.0866947
0.0866932
0.0866918
0.0866903
0.0866889
0.0866875
0.086686
0.0866846
0.0866831
0.0866817
0.0866803
0.0866788
0.0866774
0.086676
0.0866745
0.0866731
0.0866717
0.0866702
0.0866688
0.0866674
0.0866659
0.0866645
0.0866631
0.0866616
0.0866602
0.0866588
0.0866573
0.0866559
0.0866545
0.0866531
0.0866516
0.0866502
0.0866488
0.0866474
0.0866459
0.0866445
0.0866431
0.0866417
0.0866402
0.0866388
0.0866374
0.086636
0.0866346
0.0866331
0.0866317
0.0866303
0.0866289
0.0866275
0.0866261
0.0866247
0.0866232
0.0866218
0.0866204
0.086619
0.0866176
0.0866162
0.0866148
0.0866134
0.0866119
0.0866105
0.0866091
0.0866077
0.0866063
0.0866049
0.0866035
0.0866021
0.0866007
0.0865993
0.0865979
0.0865965
0.0865951
0.0865937
0.0865923
0.0865909
0.0865895
0.0865881
0.0865867
0.0865853
0.0865839
0.0865825
0.0865811
0.0865797
0.0865783
0.0865769
0.0865755
0.0865741
0.0865727
0.0865713
0.0865699
0.0865685
0.0865671
0.0865657
0.0865644
0.086563
0.0865616
0.0865602
0.0865588
0.0865574
0.086556
0.0865546
0.0865532
0.0865519
0.0865505
0.0865491
0.0865477
0.0865463
0.0865449
0.0865436
0.0865422
0.0865408
0.0865394
0.086538
0.0865367
0.0865353
0.0865339
0.0865325
0.0865311
0.0865298
0.0865284
0.086527
0.0865256
0.0865243
0.0865229
0.0865215
0.0865202
0.0865188
0.0865174
0.086516
0.0865147
0.0865133
0.0865119
0.0865106
0.0865092
0.0865078
0.0865065
0.0865051
0.0865037
0.0865024
0.086501
0.0864996
0.0864983
0.0864969
0.0864955
0.0864942
0.0864928
0.0864915
0.0864901
0.0864887
0.0864874
0.086486
0.0864847
0.0864833
0.0864819
0.0864806
0.0864792
0.0864779
0.0864765
0.0864752
0.0864738
0.0864725
0.0864711
0.0864698
0.0864684
0.0864671
0.0864657
0.0864644
0.086463
0.0864617
0.0864603
0.086459
0.0864576
0.0864563
0.0864549
0.0864536
0.0864522
0.0864509
0.0864495
0.0864482
0.0864468
0.0864455
0.0864442
0.0864428
0.0864415
0.0864401
0.0864388
0.0864375
0.0864361
0.0864348
0.0864334
0.0864321
0.0864308
0.0864294
0.0864281
0.0864268
0.0864254
0.0864241
0.0864228
0.0864214
0.0864201
0.0864188
0.0864174
0.0864161
0.0864148
0.0864134
0.0864121
0.0864108
0.0864095
0.0864081
0.0864068
0.0864055
0.0864041
0.0864028
0.0864015
0.0864002
0.0863988
0.0863975
0.0863962
0.0863949
0.0863936
0.0863922
0.0863909
0.0863896
0.0863883
0.086387
0.0863856
0.0863843
0.086383
0.0863817
0.0863804
0.0863791
0.0863777
0.0863764
0.0863751
0.0863738
0.0863725
0.0863712
0.0863699
0.0863685
0.0863672
0.0863659
0.0863646
0.0863633
0.086362
0.0863607
0.0863594
0.0863581
0.0863568
0.0863554
0.0863541
0.0863528
0.0863515
0.0863502
0.0863489
0.0863476
0.0863463
0.086345
0.0863437
0.0863424
0.0863411
0.0863398
0.0863385
0.0863372
0.0863359
0.0863346
0.0863333
0.086332
0.0863307
0.0863294
0.0863281
0.0863268
0.0863255
0.0863242
0.0863229
0.0863217
0.0863204
0.0863191
0.0863178
0.0863165
0.0863152
0.0863139
0.0863126
0.0863113
0.08631
0.0863087
0.0863075
0.0863062
0.0863049
0.0863036
0.0863023
0.086301
0.0862997
0.0862985
0.0862972
0.0862959
0.0862946
0.0862933
0.086292
0.0862908
0.0862895
0.0862882
0.0862869
0.0862856
0.0862844
0.0862831
0.0862818
0.0862805
0.0862792
0.086278
0.0862767
0.0862754
0.0862741
0.0862729
0.0862716
0.0862703
0.086269
0.0862678
0.0862665
0.0862652
0.086264
0.0862627
0.0862614
0.0862602
0.0862589
0.0862576
0.0862563
0.0862551
0.0862538
0.0862525
0.0862513
0.08625
0.0862488
0.0862475
0.0862462
0.086245
0.0862437
0.0862424
0.0862412
0.0862399
0.0862386
0.0862374
0.0862361
0.0862349
0.0862336
0.0862323
0.0862311
0.0862298
0.0862286
0.0862273
0.0862261
0.0862248
0.0862236
0.0862223
0.086221
0.0862198
0.0862185
0.0862173
0.086216
0.0862148
0.0862135
0.0862123
0.086211
0.0862098
0.0862085
0.0862073
0.086206
0.0862048
0.0862035
0.0862023
0.086201
0.0861998
0.0861986
0.0861973
0.0861961
0.0861948
0.0861936
0.0861923
0.0861911
0.0861898
0.0861886
0.0861874
0.0861861
0.0861849
0.0861836
0.0861824
0.0861812
0.0861799
0.0861787
0.0861775
0.0861762
0.086175
0.0861737
0.0861725
0.0861713
0.08617
0.0861688
0.0861676
0.0861663
0.0861651
0.0861639
0.0861626
0.0861614
0.0861602
0.0861589
0.0861577
0.0861565
0.0861553
0.086154
0.0861528
0.0861516
0.0861504
0.0861491
0.0861479
0.0861467
0.0861454
0.0861442
0.086143
0.0861418
0.0861406
0.0861393
0.0861381
0.0861369
0.0861357
0.0861344
0.0861332
0.086132
0.0861308
0.0861296
0.0861283
0.0861271
0.0861259
0.0861247
0.0861235
0.0861223
0.086121
0.0861198
0.0861186
0.0861174
0.0861162
0.086115
0.0861138
0.0861125
0.0861113
0.0861101
0.0861089
0.0861077
0.0861065
0.0861053
0.0861041
0.0861029
0.0861017
0.0861005
0.0860992
0.086098
0.0860968
0.0860956
0.0860944
0.0860932
0.086092
0.0860908
0.0860896
0.0860884
0.0860872
0.086086
0.0860848
0.0860836
0.0860824
0.0860812
0.08608
0.0860788
0.0860776
0.0860764
0.0860752
0.086074
0.0860728
0.0860716
0.0860704
0.0860692
0.086068
0.0860668
0.0860656
0.0860644
0.0860632
0.086062
0.0860609
0.0860597
0.0860585
0.0860573
0.0860561
0.0860549
0.0860537
0.0860525
0.0860513
0.0860501
0.086049
0.0860478
0.0860466
0.0860454
0.0860442
0.086043
0.0860418
0.0860406
0.0860395
0.0860383
0.0860371
0.0860359
0.0860347
0.0860335
0.0860324
0.0860312
0.08603
0.0860288
0.0860276
0.0860265
0.0860253
0.0860241
0.0860229
0.0860217
0.0860206
0.0860194
0.0860182
0.086017
0.0860159
0.0860147
0.0860135
0.0860123
0.0860112
0.08601
0.0860088
0.0860076
0.0860065
0.0860053
0.0860041
0.086003
0.0860018
0.0860006
0.0859995
0.0859983
0.0859971
0.0859959
0.0859948
0.0859936
0.0859924
0.0859913
0.0859901
0.0859889
0.0859878
0.0859866
0.0859855
0.0859843
0.0859831
0.085982
0.0859808
0.0859796
0.0859785
0.0859773
0.0859762
0.085975
0.0859738
0.0859727
0.0859715
0.0859704
0.0859692
0.085968
0.0859669
0.0859657
0.0859646
0.0859634
0.0859623
0.0859611
0.08596
0.0859588
0.0859576
0.0859565
0.0859553
0.0859542
0.085953
0.0859519
0.0859507
0.0859496
0.0859484
0.0859473
0.0859461
0.085945
0.0859438
0.0859427
0.0859415
0.0859404
0.0859392
0.0859381
0.085937
0.0859358
0.0859347
0.0859335
0.0859324
0.0859312
0.0859301
0.0859289
0.0859278
0.0859267
0.0859255
0.0859244
0.0859232
0.0859221
0.085921
0.0859198
0.0859187
0.0859175
0.0859164
0.0859153
0.0859141
0.085913
0.0859119
0.0859107
0.0859096
0.0859084
0.0859073
0.0859062
0.085905
0.0859039
0.0859028
0.0859016
0.0859005
0.0858994
0.0858982
0.0858971
0.085896
0.0858949
0.0858937
0.0858926
0.0858915
0.0858903
0.0858892
0.0858881
0.085887
0.0858858
0.0858847
0.0858836
0.0858825
0.0858813
0.0858802
0.0858791
0.085878
0.0858768
0.0858757
0.0858746
0.0858735
0.0858723
0.0858712
0.0858701
0.085869
0.0858679
0.0858667
0.0858656
0.0858645
0.0858634
0.0858623
0.0858611
0.08586
0.0858589
0.0858578
0.0858567
0.0858556
0.0858544
0.0858533
0.0858522
0.0858511
0.08585
0.0858489
0.0858478
0.0858467
0.0858455
0.0858444
0.0858433
0.0858422
0.0858411
0.08584
0.0858389
0.0858378
0.0858367
0.0858356
0.0858344
0.0858333
0.0858322
0.0858311
0.08583
0.0858289
0.0858278
0.0858267
0.0858256
0.0858245
0.0858234
0.0858223
0.0858212
0.0858201
0.085819
0.0858179
0.0858168
0.0858157
0.0858146
0.0858135
0.0858124
0.0858113
0.0858102
0.0858091
0.085808
0.0858069
0.0858058
0.0858047
0.0858036
0.0858025
0.0858014
0.0858003
0.0857992
0.0857981
0.085797
0.0857959
0.0857948
0.0857937
0.0857926
0.0857916
0.0857905
0.0857894
0.0857883
0.0857872
0.0857861
0.085785
0.0857839
0.0857828
0.0857817
0.0857807
0.0857796
0.0857785
0.0857774
0.0857763
0.0857752
0.0857741
0.0857731
0.085772
0.0857709
0.0857698
0.0857687
0.0857676
0.0857666
0.0857655
0.0857644
0.0857633
0.0857622
0.0857611
0.0857601
0.085759
0.0857579
0.0857568
0.0857557
0.0857547
0.0857536
0.0857525
0.0857514
0.0857504
0.0857493
0.0857482
0.0857471
0.0857461
0.085745
0.0857439
0.0857428
0.0857418
0.0857407
0.0857396
0.0857385
0.0857375
0.0857364
0.0857353
0.0857342
0.0857332
0.0857321
0.085731
0.08573
0.0857289
0.0857278
0.0857268
0.0857257
0.0857246
0.0857236
0.0857225
0.0857214
0.0857204
0.0857193
0.0857182
0.0857172
0.0857161
0.085715
0.085714
0.0857129
0.0857118
0.0857108
0.0857097
0.0857087
0.0857076
0.0857065
0.0857055
0.0857044
0.0857034
0.0857023
0.0857012
0.0857002
0.0856991
0.0856981
0.085697
0.0856959
0.0856949
0.0856938
0.0856928
0.0856917
0.0856907
0.0856896
0.0856886
0.0856875
0.0856864
0.0856854
0.0856843
0.0856833
0.0856822
0.0856812
0.0856801
0.0856791
0.085678
0.085677
0.0856759
0.0856749
0.0856738
0.0856728
0.0856717
0.0856707
0.0856696
0.0856686
0.0856675
0.0856665
0.0856655
0.0856644
0.0856634
0.0856623
0.0856613
0.0856602
0.0856592
0.0856581
0.0856571
0.0856561
0.085655
0.085654
0.0856529
0.0856519
0.0856508
0.0856498
0.0856488
0.0856477
0.0856467
0.0856456
0.0856446
0.0856436
0.0856425
0.0856415
0.0856405
0.0856394
0.0856384
0.0856373
0.0856363
0.0856353
0.0856342
0.0856332
0.0856322
0.0856311
0.0856301
0.0856291
0.085628
0.085627
0.085626
0.0856249
0.0856239
0.0856229
0.0856219
0.0856208
0.0856198
0.0856188
0.0856177
0.0856167
0.0856157
0.0856146
0.0856136
0.0856126
0.0856116
0.0856105
0.0856095
0.0856085
0.0856075
0.0856064
0.0856054
0.0856044
0.0856034
0.0856023
0.0856013
0.0856003
0.0855993
0.0855983
0.0855972
0.0855962
0.0855952
0.0855942
0.0855931
0.0855921
0.0855911
0.0855901
0.0855891
0.0855881
0.085587
0.085586
0.085585
0.085584
0.085583
0.0855819
0.0855809
0.0855799
0.0855789
0.0855779
0.0855769
0.0855759
0.0855748
0.0855738
0.0855728
0.0855718
0.0855708
0.0855698
0.0855688
0.0855678
0.0855667
0.0855657
0.0855647
0.0855637
0.0855627
0.0855617
0.0855607
0.0855597
0.0855587
0.0855577
0.0855567
0.0855557
0.0855546
0.0855536
0.0855526
0.0855516
0.0855506
0.0855496
0.0855486
0.0855476
0.0855466
0.0855456
0.0855446
0.0855436
0.0855426
0.0855416
0.0855406
0.0855396
0.0855386
0.0855376
0.0855366
0.0855356
0.0855346
0.0855336
0.0855326
0.0855316
0.0855306
0.0855296
0.0855286
0.0855276
0.0855266
0.0855256
0.0855246
0.0855236
0.0855226
0.0855216
0.0855206
0.0855196
0.0855186
0.0855177
0.0855167
0.0855157
0.0855147
0.0855137
0.0855127
0.0855117
0.0855107
0.0855097
0.0855087
0.0855077
0.0855067
0.0855058
0.0855048
0.0855038
0.0855028
0.0855018
0.0855008
0.0854998
0.0854988
0.0854979
0.0854969
0.0854959
0.0854949
0.0854939
0.0854929
0.0854919
0.085491
0.08549
0.085489
0.085488
0.085487
0.085486
0.0854851
0.0854841
0.0854831
0.0854821
0.0854811
0.0854802
0.0854792
0.0854782
0.0854772
0.0854762
0.0854753
0.0854743
0.0854733
0.0854723
0.0854714
0.0854704
0.0854694
0.0854684
0.0854674
0.0854665
0.0854655
0.0854645
0.0854635
0.0854626
0.0854616
0.0854606
0.0854597
0.0854587
0.0854577
0.0854567
0.0854558
0.0854548
0.0854538
0.0854528
0.0854519
0.0854509
0.0854499
0.085449
0.085448
0.085447
0.0854461
0.0854451
0.0854441
0.0854432
0.0854422
0.0854412
0.0854403
0.0854393
0.0854383
0.0854374
0.0854364
0.0854354
0.0854345
0.0854335
0.0854325
0.0854316
0.0854306
0.0854297
0.0854287
0.0854277
0.0854268
0.0854258
0.0854248
0.0854239
0.0854229
0.085422
0.085421
0.08542
0.0854191
0.0854181
0.0854172
0.0854162
0.0854153
0.0854143
0.0854133
0.0854124
0.0854114
0.0854105
0.0854095
0.0854086
0.0854076
0.0854067
0.0854057
0.0854047
0.0854038
0.0854028
0.0854019
0.0854009
0.0854
0.085399
0.0853981
0.0853971
0.0853962
0.0853952
0.0853943
0.0853933
0.0853924
0.0853914
0.0853905
0.0853895
0.0853886
0.0853876
0.0853867
0.0853857
0.0853848
0.0853838
0.0853829
0.0853819
0.085381
0.0853801
0.0853791
0.0853782
0.0853772
0.0853763
0.0853753
0.0853744
0.0853734
0.0853725
0.0853716
0.0853706
0.0853697
0.0853687
0.0853678
0.0853669
0.0853659
0.085365
0.085364
0.0853631
0.0853622
0.0853612
0.0853603
0.0853593
0.0853584
0.0853575
0.0853565
0.0853556
0.0853547
0.0853537
0.0853528
0.0853518
0.0853509
0.08535
0.085349
0.0853481
0.0853472
0.0853462
0.0853453
0.0853444
0.0853434
0.0853425
0.0853416
0.0853406
0.0853397
0.0853388
0.0853378
0.0853369
0.085336
0.0853351
0.0853341
0.0853332
0.0853323
0.0853313
0.0853304
0.0853295
0.0853286
0.0853276
0.0853267
0.0853258
0.0853248
0.0853239
0.085323
0.0853221
0.0853211
0.0853202
0.0853193
0.0853184
0.0853174
0.0853165
0.0853156
0.0853147
0.0853138
0.0853128
0.0853119
0.085311
0.0853101
0.0853091
0.0853082
0.0853073
0.0853064
0.0853055
0.0853045
0.0853036
0.0853027
0.0853018
0.0853009
0.0853
0.085299
0.0852981
0.0852972
0.0852963
0.0852954
0.0852944
0.0852935
0.0852926
0.0852917
0.0852908
0.0852899
0.085289
0.085288
0.0852871
0.0852862
0.0852853
0.0852844
0.0852835
0.0852826
0.0852817
0.0852807
0.0852798
0.0852789
0.085278
0.0852771
0.0852762
0.0852753
0.0852744
0.0852735
0.0852726
0.0852716
0.0852707
0.0852698
0.0852689
0.085268
0.0852671
0.0852662
0.0852653
0.0852644
0.0852635
0.0852626
0.0852617
0.0852608
0.0852599
0.085259
0.0852581
0.0852572
0.0852563
0.0852554
0.0852544
0.0852535
0.0852526
0.0852517
0.0852508
0.0852499
0.085249
0.0852481
0.0852472
0.0852463
0.0852454
0.0852445
0.0852436
0.0852427
0.0852418
0.0852409
0.0852401
0.0852392
0.0852383
0.0852374
0.0852365
0.0852356
0.0852347
0.0852338
0.0852329
0.085232
0.0852311
0.0852302
0.0852293
0.0852284
0.0852275
0.0852266
0.0852257
0.0852248
0.0852239
0.0852231
0.0852222
0.0852213
0.0852204
0.0852195
0.0852186
0.0852177
0.0852168
0.0852159
0.085215
0.0852142
0.0852133
0.0852124
0.0852115
0.0852106
0.0852097
0.0852088
0.0852079
0.0852071
0.0852062
0.0852053
0.0852044
0.0852035
0.0852026
0.0852017
0.0852009
0.0852
0.0851991
0.0851982
0.0851973
0.0851964
0.0851956
0.0851947
0.0851938
0.0851929
0.085192
0.0851911
0.0851903
0.0851894
0.0851885
0.0851876
0.0851867
0.0851859
0.085185
0.0851841
0.0851832
0.0851824
0.0851815
0.0851806
0.0851797
0.0851788
0.085178
0.0851771
0.0851762
0.0851753
0.0851745
0.0851736
0.0851727
0.0851718
0.085171
0.0851701
0.0851692
0.0851683
0.0851675
0.0851666
0.0851657
0.0851648
0.085164
0.0851631
0.0851622
0.0851614
0.0851605
0.0851596
0.0851587
0.0851579
0.085157
0.0851561
0.0851553
0.0851544
0.0851535
0.0851527
0.0851518
0.0851509
0.0851501
0.0851492
0.0851483
0.0851475
0.0851466
0.0851457
0.0851449
0.085144
0.0851431
0.0851423
0.0851414
0.0851405
0.0851397
0.0851388
0.0851379
0.0851371
0.0851362
0.0851354
0.0851345
0.0851336
0.0851328
0.0851319
0.0851311
0.0851302
0.0851293
0.0851285
0.0851276
0.0851267
0.0851259
0.085125
0.0851242
0.0851233
0.0851225
0.0851216
0.0851207
0.0851199
0.085119
0.0851182
0.0851173
0.0851165
0.0851156
0.0851147
0.0851139
0.085113
0.0851122
0.0851113
0.0851105
0.0851096
0.0851088
0.0851079
0.0851071
0.0851062
0.0851053
0.0851045
0.0851036
0.0851028
0.0851019
0.0851011
0.0851002
0.0850994
0.0850985
0.0850977
0.0850968
0.085096
0.0850951
0.0850943
0.0850934
0.0850926
0.0850917
0.0850909
0.08509
0.0850892
0.0850884
0.0850875
0.0850867
0.0850858
0.085085
0.0850841
0.0850833
0.0850824
0.0850816
0.0850807
0.0850799
0.0850791
0.0850782
0.0850774
0.0850765
0.0850757
0.0850748
0.085074
0.0850732
0.0850723
0.0850715
0.0850706
0.0850698
0.085069
0.0850681
0.0850673
0.0850664
0.0850656
0.0850648
0.0850639
0.0850631
0.0850622
0.0850614
0.0850606
0.0850597
0.0850589
0.085058
0.0850572
0.0850564
0.0850555
0.0850547
0.0850539
0.085053
0.0850522
0.0850514
0.0850505
0.0850497
0.0850489
0.085048
0.0850472
0.0850464
0.0850455
0.0850447
0.0850439
0.085043
0.0850422
0.0850414
0.0850405
0.0850397
0.0850389
0.085038
0.0850372
0.0850364
0.0850356
0.0850347
0.0850339
0.0850331
0.0850322
0.0850314
0.0850306
0.0850297
0.0850289
0.0850281
0.0850273
0.0850264
0.0850256
0.0850248
0.085024
0.0850231
0.0850223
0.0850215
0.0850207
