0.5
0.452419
0.409365
0.370409
0.33516
0.303265
0.274406
0.248293
0.224665
0.203285
0.18394
0.166436
0.150597
0.136266
0.123299
0.111565
0.100948
0.0913419
0.0826496
0.0747844
0.0676678
0.0612283
0.0554017
0.0501295
0.0453591
0.0410426
0.0371369
0.0336028
0.0304051
0.0275117
0.0248936
0.0225247
0.0203812
0.0184416
0.0166867
0.0150987
0.0136619
0.0123618
0.0111854
0.010121
0.00915785
0.00828637
0.00749782
0.00678431
0.00613869
0.00555452
0.00502594
0.00454766
0.00411489
0.00372331
0.00336899
0.00304839
0.0027583
0.00249581
0.0022583
0.0020434
0.00184894
0.00167299
0.00151379
0.00136973
0.00123938
0.00112144
0.00101472
0.000918158
0.000830783
0.000751724
0.000680188
0.00061546
0.000556891
0.000503896
0.000455944
0.000412555
0.000373295
0.000337772
0.000305628
0.000276544
0.000250227
0.000226415
0.000204869
0.000185373
0.000167733
0.000151771
0.000137328
0.000124259
0.000112435
0.000101735
9.20536e-05
8.32936e-05
7.53671e-05
6.8195e-05
6.17054e-05
5.58334e-05
5.05201e-05
4.57125e-05
4.13624e-05
3.74262e-05
3.38647e-05
3.0642e-05
2.7726e-05
2.50876e-05
2.27002e-05
2.054e-05
1.85853e-05
1.68167e-05
1.52164e-05
1.37684e-05
1.24581e-05
1.12726e-05
1.01999e-05
9.22921e-06
8.35093e-06
7.55624e-06
6.83717e-06
6.18653e-06
5.5978e-06
5.0651e-06
4.58309e-06
4.14695e-06
3.75232e-06
3.39524e-06
3.07214e-06
2.77979e-06
2.51526e-06
2.2759e-06
2.05932e-06
1.86335e-06
1.68603e-06
1.52558e-06
1.3804e-06
1.24904e-06
1.13018e-06
1.02263e-06
9.25312e-07
8.37257e-07
7.57581e-07
6.85488e-07
6.20255e-07
5.6123e-07
5.07822e-07
4.59496e-07
4.1577e-07
3.76204e-07
3.40403e-07
3.0801e-07
2.78699e-07
2.52177e-07
2.28179e-07
2.06465e-07
1.86817e-07
1.69039e-07
1.52953e-07
1.38398e-07
1.25228e-07
1.13311e-07
1.02528e-07
9.27709e-08
8.39426e-08
7.59544e-08
6.87264e-08
6.21862e-08
5.62684e-08
5.09138e-08
4.60687e-08
4.16847e-08
3.77179e-08
3.41285e-08
3.08808e-08
2.79421e-08
2.5283e-08
2.2877e-08
2.07e-08
1.87301e-08
1.69477e-08
1.53349e-08
1.38756e-08
1.25552e-08
1.13604e-08
1.02793e-08
9.30112e-09
8.416e-09
7.61511e-09
6.89044e-09
6.23473e-09
5.64142e-09
5.10457e-09
4.6188e-09
4.17927e-09
3.78156e-09
3.42169e-09
3.09608e-09
2.80145e-09
2.53485e-09
2.29363e-09
2.07536e-09
1.87787e-09
1.69916e-09
1.53747e-09
1.39116e-09
1.25877e-09
1.13898e-09
1.0306e-09
9.32521e-10
8.4378e-10
7.63484e-10
6.90829e-10
6.25088e-10
5.65603e-10
5.11779e-10
4.63077e-10
4.19009e-10
3.79135e-10
3.43056e-10
3.1041e-10
2.8087e-10
2.54142e-10
2.29957e-10
2.08074e-10
1.88273e-10
1.70357e-10
1.54145e-10
1.39476e-10
1.26203e-10
1.14193e-10
1.03327e-10
9.34937e-11
8.45966e-11
7.65462e-11
6.92619e-11
6.26707e-11
5.67068e-11
5.13105e-11
4.64276e-11
4.20095e-11
3.80117e-11
3.43944e-11
3.11214e-11
2.81598e-11
2.548e-11
2.30553e-11
2.08613e-11
1.88761e-11
1.70798e-11
1.54544e-11
1.39838e-11
1.2653e-11
1.14489e-11
1.03594e-11
9.37359e-12
8.48158e-12
7.67445e-12
6.94413e-12
6.28331e-12
5.68537e-12
5.14434e-12
4.65479e-12
4.21183e-12
3.81102e-12
3.44835e-12
3.1202e-12
2.82327e-12
2.5546e-12
2.3115e-12
2.09153e-12
1.8925e-12
1.7124e-12
1.54945e-12
1.402e-12
1.26858e-12
1.14786e-12
1.03863e-12
9.39787e-13
8.50355e-13
7.69433e-13
6.96212e-13
6.29959e-13
5.7001e-13
5.15767e-13
4.66685e-13
4.22274e-13
3.82089e-13
3.45729e-13
3.12828e-13
2.83059e-13
2.56122e-13
2.31749e-13
2.09695e-13
1.8974e-13
1.71684e-13
1.55346e-13
1.40563e-13
1.27187e-13
1.15083e-13
1.04132e-13
9.42222e-14
8.52558e-14
7.71426e-14
6.98015e-14
6.3159e-14
5.71487e-14
5.17103e-14
4.67894e-14
4.23368e-14
3.83079e-14
3.46624e-14
3.13639e-14
2.83792e-14
2.56786e-14
2.32349e-14
2.10238e-14
1.90232e-14
1.72129e-14
1.55748e-14
1.40927e-14
1.27516e-14
1.15381e-14
1.04401e-14
9.44663e-15
8.54766e-15
7.73425e-15
6.99824e-15
6.33227e-15
5.72967e-15
5.18442e-15
4.69106e-15
4.24465e-15
3.84072e-15
3.47522e-15
3.14451e-15
2.84527e-15
2.57451e-15
2.32951e-15
2.10783e-15
1.90724e-15
1.72575e-15
1.56152e-15
1.41292e-15
1.27846e-15
1.1568e-15
1.04672e-15
9.4711e-16
8.56981e-16
7.75428e-16
7.01637e-16
6.34867e-16
5.74451e-16
5.19785e-16
4.70321e-16
4.25564e-16
3.85066e-16
3.48423e-16
3.15266e-16
2.85264e-16
2.58118e-16
2.33555e-16
2.11329e-16
1.91218e-16
1.73022e-16
1.56556e-16
1.41658e-16
1.28178e-16
1.1598e-16
1.04943e-16
9.49563e-17
8.59201e-17
7.77437e-17
7.03454e-17
6.36512e-17
5.7594e-17
5.21132e-17
4.7154e-17
4.26667e-17
3.86064e-17
3.49325e-17
3.16083e-17
2.86003e-17
2.58787e-17
2.3416e-17
2.11877e-17
1.91714e-17
1.7347e-17
1.56962e-17
1.42025e-17
1.2851e-17
1.1628e-17
1.05215e-17
9.52023e-18
8.61426e-18
7.79451e-18
7.05276e-18
6.38161e-18
5.77432e-18
5.22482e-18
4.72761e-18
4.27772e-18
3.87064e-18
3.5023e-18
3.16901e-18
2.86744e-18
2.59457e-18
2.34766e-18
2.12425e-18
1.9221e-18
1.73919e-18
1.57369e-18
1.42393e-18
1.28843e-18
1.16582e-18
1.05487e-18
9.5449e-19
8.63658e-19
7.8147e-19
7.07103e-19
6.39814e-19
5.78927e-19
5.23835e-19
4.73986e-19
4.2888e-19
3.88067e-19
3.51137e-19
3.17722e-19
2.87487e-19
2.60129e-19
2.35375e-19
2.12976e-19
1.92708e-19
1.7437e-19
1.57776e-19
1.42762e-19
1.29176e-19
1.16884e-19
1.05761e-19
9.56962e-20
8.65895e-20
7.83495e-20
7.08935e-20
6.41471e-20
5.80427e-20
5.25192e-20
4.75214e-20
4.29991e-20
3.89072e-20
3.52047e-20
3.18545e-20
2.88232e-20
2.60803e-20
2.35984e-20
2.13527e-20
1.93208e-20
1.74821e-20
1.58185e-20
1.43132e-20
1.29511e-20
1.17186e-20
1.06035e-20
9.59441e-21
8.68138e-21
7.85524e-21
7.10772e-21
6.43133e-21
5.81931e-21
5.26553e-21
4.76445e-21
4.31105e-21
3.9008e-21
3.52959e-21
3.19371e-21
2.88978e-21
2.61479e-21
2.36596e-21
2.14081e-21
1.93708e-21
1.75274e-21
1.58595e-21
1.43503e-21
1.29846e-21
1.1749e-21
1.06309e-21
9.61927e-22
8.70387e-22
7.87559e-22
7.12613e-22
6.44799e-22
5.83438e-22
5.27917e-22
4.77679e-22
4.32222e-22
3.91091e-22
3.53873e-22
3.20198e-22
2.89727e-22
2.62156e-22
2.37209e-22
2.14635e-22
1.9421e-22
1.75728e-22
1.59006e-22
1.43874e-22
1.30183e-22
1.17794e-22
1.06585e-22
9.64419e-23
