0.5
0.495025
0.490099
0.485223
0.480395
0.475615
0.470882
0.466197
0.461558
0.456966
0.452419
0.447917
0.44346
0.439048
0.434679
0.430354
0.426072
0.421832
0.417635
0.41348
0.409365
0.405292
0.401259
0.397267
0.393314
0.3894
0.385526
0.38169
0.377892
0.374132
0.370409
0.366723
0.363075
0.359462
0.355885
0.352344
0.348838
0.345367
0.341931
0.338528
0.33516
0.331825
0.328523
0.325255
0.322018
0.318814
0.315642
0.312501
0.309392
0.306313
0.303265
0.300248
0.29726
0.294302
0.291374
0.288475
0.285605
0.282763
0.279949
0.277164
0.274406
0.271675
0.268972
0.266296
0.263646
0.261023
0.258426
0.255854
0.253309
0.250788
0.248293
0.245822
0.243376
0.240955
0.238557
0.236184
0.233834
0.231507
0.229204
0.226923
0.224665
0.22243
0.220217
0.218026
0.215857
0.213709
0.211583
0.209478
0.207394
0.20533
0.203288
0.201265
0.199263
0.197281
0.195318
0.193375
0.191452
0.189548
0.187662
0.185796
0.183948
0.182119
0.180308
0.178516
0.176741
0.174984
0.173245
0.171523
0.169818
0.168131
0.166461
0.164807
0.163171
0.161551
0.159947
0.15836
0.156789
0.155234
0.153695
0.152172
0.150664
0.149172
0.147696
0.146234
0.144789
0.143358
0.141942
0.140541
0.139156
0.137785
0.136428
0.135087
0.13376
0.132447
0.131149
0.129865
0.128596
0.127341
0.1261
0.124874
0.123661
0.122463
0.121279
0.12011
0.118954
0.117812
0.116685
0.115571
0.114472
0.113387
0.112316
0.111259
0.110217
0.109188
0.108174
0.107175
0.106189
0.105218
0.104261
0.103319
0.102391
0.101477
0.100578
0.0996939
0.0988242
0.0979691
0.0971287
0.0963031
0.0954921
0.094696
0.0939146
0.0931481
0.0923963
0.0916594
0.0909373
0.09023
0.0895375
0.0888598
0.0881968
0.0875485
0.0869149
0.0862958
0.0856913
0.0851012
0.0845255
0.083964
0.0834167
0.0828833
0.0823639
0.0818583
0.0813663
0.0808877
0.0804225
0.0799703
0.0795312
0.0791047
0.0786909
0.0782893
0.0779
0.0775225
0.0771568
0.0768025
0.0764595
0.0761274
0.0758062
0.0754955
0.075195
0.0749046
0.074624
0.0743529
0.0740912
0.0738384
0.0735945
0.0733591
0.0731321
0.0729131
0.0727019
0.0724983
0.0723021
0.0721131
0.0719309
0.0717554
0.0715863
0.0714235
0.0712668
0.0711158
0.0709705
0.0708307
0.070696
0.0705664
0.0704417
0.0703217
0.0702061
0.070095
0.069988
0.0698851
0.069786
0.0696906
0.0695989
0.0695106
0.0694256
0.0693438
0.069265
0.0691892
0.0691162
0.0690459
0.0689782
0.068913
0.0688502
0.0687897
0.0687314
0.0686752
0.0686211
0.0685688
0.0685185
0.0684699
0.0684231
0.0683779
0.0683343
0.0682921
0.0682515
0.0682122
0.0681742
0.0681376
0.0681021
0.0680679
0.0680347
0.0680026
0.0679716
0.0679415
0.0679124
0.0678842
0.0678569
0.0678304
0.0678048
0.0677799
0.0677557
0.0677322
0.0677094
0.0676873
0.0676658
0.0676449
0.0676245
0.0676047
0.0675855
0.0675667
0.0675485
0.0675307
0.0675134
0.0674965
0.06748
0.0674639
0.0674482
0.0674328
0.0674179
0.0674032
0.0673889
0.0673749
0.0673612
0.0673478
0.0673347
0.0673219
0.0673093
0.067297
0.0672849
0.0672731
0.0672614
0.06725
0.0672388
0.0672279
0.0672171
0.0672065
0.0671961
0.0671858
0.0671758
0.0671659
0.0671561
0.0671466
0.0671371
0.0671279
0.0671187
0.0671097
0.0671009
0.0670921
0.0670835
0.0670751
0.0670667
0.0670584
0.0670503
0.0670423
0.0670344
0.0670266
0.0670188
0.0670112
0.0670037
0.0669963
0.066989
0.0669817
0.0669746
0.0669675
0.0669606
0.0669537
0.0669468
0.0669401
0.0669335
0.0669269
0.0669204
0.0669139
0.0669076
0.0669013
0.066895
0.0668889
0.0668828
0.0668768
0.0668708
0.0668649
0.0668591
0.0668533
0.0668476
0.0668419
0.0668363
0.0668308
0.0668253
0.0668199
0.0668145
0.0668092
0.0668039
0.0667987
0.0667936
0.0667885
0.0667834
0.0667784
0.0667734
0.0667685
0.0667637
0.0667589
0.0667541
0.0667494
0.0667447
0.0667401
0.0667355
0.066731
0.0667265
0.0667221
0.0667177
0.0667133
0.066709
0.0667047
0.0667005
0.0666963
0.0666922
0.0666881
0.066684
0.06668
0.066676
0.0666721
0.0666682
0.0666644
0.0666605
0.0666568
0.066653
0.0666493
0.0666456
0.066642
0.0666384
0.0666349
0.0666314
0.0666279
0.0666244
0.066621
0.0666177
0.0666143
0.066611
0.0666078
0.0666045
0.0666013
0.0665982
0.066595
0.0665919
0.0665889
0.0665859
0.0665829
0.0665799
0.066577
0.0665741
0.0665712
0.0665684
0.0665656
0.0665628
0.0665601
0.0665574
0.0665547
0.0665521
0.0665495
0.0665469
0.0665444
0.0665419
0.0665394
0.0665369
0.0665345
0.0665321
0.0665298
0.0665274
0.0665251
0.0665229
0.0665206
0.0665184
0.0665162
0.0665141
0.0665119
0.0665098
0.0665078
0.0665057
0.0665037
0.0665017
0.0664997
0.0664978
0.0664959
0.066494
0.0664922
0.0664904
0.0664886
0.0664868
0.0664851
0.0664833
0.0664816
0.06648
0.0664783
0.0664767
0.0664752
0.0664736
0.0664721
0.0664706
0.0664691
0.0664676
0.0664662
0.0664648
0.0664634
0.066462
0.0664607
0.0664594
0.0664581
0.0664569
0.0664556
0.0664544
0.0664532
0.0664521
0.0664509
0.0664498
0.0664487
0.0664476
0.0664466
0.0664456
0.0664446
0.0664436
0.0664427
0.0664417
0.0664408
0.0664399
0.0664391
0.0664382
0.0664374
0.0664366
0.0664359
0.0664351
0.0664344
0.0664337
0.066433
0.0664324
0.0664317
0.0664311
0.0664305
0.0664299
0.0664294
0.0664288
0.0664283
0.0664279
0.0664274
0.0664269
0.0664265
0.0664261
0.0664257
0.0664254
0.066425
0.0664247
0.0664244
0.0664241
0.0664239
0.0664236
0.0664234
0.0664232
0.066423
0.0664228
0.0664227
0.0664226
0.0664225
0.0664224
0.0664223
0.0664223
0.0664223
0.0664223
0.0664223
0.0664223
0.0664224
0.0664224
0.0664225
0.0664226
0.0664228
0.0664229
0.0664231
0.0664233
0.0664235
0.0664237
0.0664239
0.0664242
0.0664245
0.0664248
0.0664251
0.0664254
0.0664258
0.0664261
0.0664265
0.0664269
0.0664274
0.0664278
0.0664283
0.0664287
0.0664292
0.0664297
0.0664303
0.0664308
0.0664314
0.066432
0.0664326
0.0664332
0.0664338
0.0664345
0.0664351
0.0664358
0.0664365
0.0664372
0.066438
0.0664387
0.0664395
0.0664403
0.0664411
0.0664419
0.0664427
0.0664436
0.0664444
0.0664453
0.0664462
0.0664472
0.0664481
0.066449
0.06645
0.066451
0.066452
0.066453
0.066454
0.0664551
0.0664562
0.0664572
0.0664583
0.0664594
0.0664606
0.0664617
0.0664629
0.0664641
0.0664652
0.0664665
0.0664677
0.0664689
0.0664702
0.0664714
0.0664727
0.066474
0.0664753
0.0664767
0.066478
0.0664794
0.0664808
0.0664822
0.0664836
0.066485
0.0664864
0.0664879
0.0664893
0.0664908
0.0664923
0.0664938
0.0664954
0.0664969
0.0664985
0.0665
0.0665016
0.0665032
0.0665049
0.0665065
0.0665081
0.0665098
0.0665115
0.0665132
0.0665149
0.0665166
0.0665183
0.0665201
0.0665218
0.0665236
0.0665254
0.0665272
0.066529
0.0665309
0.0665327
0.0665346
0.0665365
0.0665384
0.0665403
0.0665422
0.0665441
0.0665461
0.0665481
0.06655
0.066552
0.066554
0.0665561
0.0665581
0.0665601
0.0665622
0.0665643
0.0665664
0.0665685
0.0665706
0.0665727
0.0665749
0.066577
0.0665792
0.0665814
0.0665836
0.0665858
0.0665881
0.0665903
0.0665926
0.0665948
0.0665971
0.0665994
0.0666017
0.0666041
0.0666064
0.0666087
0.0666111
0.0666135
0.0666159
0.0666183
0.0666207
0.0666231
0.0666256
0.0666281
0.0666305
0.066633
0.0666355
0.066638
0.0666406
0.0666431
0.0666457
0.0666482
0.0666508
0.0666534
0.066656
0.0666586
0.0666613
0.0666639
0.0666666
0.0666692
0.0666719
0.0666746
0.0666773
0.0666801
0.0666828
0.0666856
0.0666883
0.0666911
0.0666939
0.0666967
0.0666995
0.0667024
0.0667052
0.0667081
0.0667109
0.0667138
0.0667167
0.0667196
0.0667226
0.0667255
0.0667284
0.0667314
0.0667344
0.0667374
0.0667404
0.0667434
0.0667464
0.0667494
0.0667525
0.0667556
0.0667586
0.0667617
0.0667648
0.0667679
0.0667711
0.0667742
0.0667774
0.0667805
0.0667837
0.0667869
0.0667901
0.0667933
0.0667966
0.0667998
0.0668031
0.0668063
0.0668096
0.0668129
0.0668162
0.0668195
0.0668229
0.0668262
0.0668296
0.0668329
0.0668363
0.0668397
0.0668431
0.0668466
0.06685
0.0668534
0.0668569
0.0668604
0.0668639
0.0668674
0.0668709
0.0668744
0.0668779
0.0668815
0.066885
0.0668886
0.0668922
0.0668958
0.0668994
0.066903
0.0669067
0.0669103
0.066914
0.0669176
0.0669213
0.066925
0.0669287
0.0669325
0.0669362
0.0669399
0.0669437
0.0669475
0.0669513
0.0669551
0.0669589
0.0669627
0.0669665
0.0669704
0.0669742
0.0669781
0.066982
0.0669859
0.0669898
0.0669937
0.0669977
0.0670016
0.0670056
0.0670095
0.0670135
0.0670175
0.0670215
0.0670256
0.0670296
0.0670336
0.0670377
0.0670418
0.0670458
0.0670499
0.0670541
0.0670582
0.0670623
0.0670665
0.0670706
0.0670748
0.067079
0.0670832
0.0670874
0.0670916
0.0670958
0.0671001
0.0671043
0.0671086
0.0671129
0.0671172
0.0671215
0.0671258
0.0671301
0.0671345
0.0671388
0.0671432
0.0671476
0.067152
0.0671564
0.0671608
0.0671652
0.0671697
0.0671741
0.0671786
0.0671831
0.0671876
0.0671921
0.0671966
0.0672011
0.0672057
0.0672102
0.0672148
0.0672194
0.067224
0.0672286
0.0672332
0.0672378
0.0672425
0.0672471
0.0672518
0.0672565
0.0672612
0.0672659
0.0672706
0.0672753
0.06728
0.0672848
0.0672896
0.0672943
0.0672991
0.0673039
0.0673087
0.0673136
0.0673184
0.0673233
0.0673281
0.067333
0.0673379
0.0673428
0.0673477
0.0673526
0.0673576
0.0673625
0.0673675
0.0673725
0.0673775
0.0673825
0.0673875
0.0673925
0.0673975
0.0674026
0.0674076
0.0674127
0.0674178
0.0674229
0.067428
0.0674331
0.0674383
0.0674434
0.0674486
0.0674538
0.067459
0.0674642
0.0674694
0.0674746
0.0674798
0.0674851
0.0674903
0.0674956
0.0675009
0.0675062
0.0675115
0.0675168
0.0675222
0.0675275
0.0675329
0.0675383
0.0675436
0.067549
0.0675545
0.0675599
0.0675653
0.0675708
0.0675762
0.0675817
0.0675872
0.0675927
0.0675982
0.0676037
0.0676093
0.0676148
0.0676204
0.0676259
0.0676315
0.0676371
0.0676427
0.0676484
0.067654
0.0676597
0.0676653
0.067671
0.0676767
0.0676824
0.0676881
0.0676938
0.0676996
0.0677053
0.0677111
0.0677168
0.0677226
0.0677284
0.0677342
0.0677401
0.0677459
0.0677518
0.0677576
0.0677635
0.0677694
0.0677753
0.0677812
0.0677871
0.0677931
0.067799
0.067805
0.067811
0.067817
0.067823
0.067829
0.067835
0.067841
0.0678471
0.0678532
0.0678592
0.0678653
0.0678714
0.0678776
0.0678837
0.0678898
0.067896
0.0679021
0.0679083
0.0679145
0.0679207
0.0679269
0.0679332
0.0679394
0.0679457
0.067952
0.0679582
0.0679645
0.0679708
0.0679772
0.0679835
0.0679898
0.0679962
0.0680026
0.068009
0.0680154
0.0680218
0.0680282
0.0680346
0.0680411
0.0680475
0.068054
0.0680605
0.068067
0.0680735
0.06808
0.0680866
0.0680931
0.0680997
0.0681063
0.0681129
0.0681195
0.0681261
0.0681327
0.0681394
0.068146
0.0681527
0.0681594
0.0681661
0.0681728
0.0681795
0.0681862
0.068193
0.0681997
0.0682065
0.0682133
0.0682201
0.0682269
0.0682337
0.0682406
0.0682474
0.0682543
0.0682612
0.0682681
0.068275
0.0682819
0.0682888
0.0682957
0.0683027
0.0683097
0.0683167
0.0683237
0.0683307
0.0683377
0.0683447
0.0683518
0.0683588
0.0683659
0.068373
0.0683801
0.0683872
0.0683943
0.0684015
0.0684086
0.0684158
0.068423
0.0684302
0.0684374
0.0684446
0.0684518
0.0684591
0.0684663
0.0684736
0.0684809
0.0684882
0.0684955
0.0685028
0.0685102
0.0685175
0.0685249
0.0685323
0.0685396
0.068547
0.0685545
0.0685619
0.0685693
0.0685768
0.0685843
0.0685918
0.0685993
0.0686068
0.0686143
0.0686218
0.0686294
0.068637
0.0686445
0.0686521
0.0686597
0.0686674
0.068675
0.0686826
0.0686903
0.068698
0.0687057
0.0687134
0.0687211
0.0687288
0.0687365
0.0687443
0.0687521
0.0687599
0.0687676
0.0687755
0.0687833
0.0687911
0.068799
0.0688068
0.0688147
0.0688226
0.0688305
0.0688384
0.0688464
0.0688543
0.0688623
0.0688702
0.0688782
0.0688862
0.0688942
0.0689023
0.0689103
0.0689184
0.0689264
0.0689345
0.0689426
0.0689507
0.0689589
0.068967
0.0689751
0.0689833
0.0689915
0.0689997
0.0690079
0.0690161
0.0690243
0.0690326
0.0690409
0.0690491
0.0690574
0.0690657
0.069074
0.0690824
0.0690907
0.0690991
0.0691075
0.0691158
0.0691243
0.0691327
0.0691411
0.0691495
0.069158
0.0691665
0.069175
0.0691835
0.069192
0.0692005
0.069209
0.0692176
0.0692262
0.0692348
0.0692434
0.069252
0.0692606
0.0692692
0.0692779
0.0692866
0.0692952
0.0693039
0.0693127
0.0693214
0.0693301
0.0693389
0.0693476
0.0693564
0.0693652
0.069374
0.0693829
0.0693917
0.0694006
0.0694094
0.0694183
0.0694272
0.0694361
0.069445
0.069454
0.0694629
0.0694719
0.0694809
0.0694899
0.0694989
0.0695079
0.069517
0.069526
0.0695351
0.0695442
0.0695533
0.0695624
0.0695715
0.0695807
0.0695898
0.069599
0.0696082
0.0696174
0.0696266
0.0696358
0.0696451
0.0696543
0.0696636
0.0696729
0.0696822
0.0696915
0.0697008
0.0697102
0.0697196
0.0697289
0.0697383
0.0697477
0.0697571
0.0697666
0.069776
0.0697855
0.069795
0.0698045
0.069814
0.0698235
0.069833
0.0698426
0.0698522
0.0698617
0.0698713
0.069881
0.0698906
0.0699002
0.0699099
0.0699196
0.0699292
0.0699389
0.0699487
0.0699584
0.0699681
0.0699779
0.0699877
0.0699975
0.0700073
0.0700171
0.0700269
0.0700368
0.0700467
0.0700565
0.0700664
0.0700764
0.0700863
0.0700962
0.0701062
0.0701162
0.0701261
0.0701362
0.0701462
0.0701562
0.0701663
0.0701763
0.0701864
0.0701965
0.0702066
0.0702167
0.0702269
0.070237
0.0702472
0.0702574
0.0702676
0.0702778
0.070288
0.0702983
0.0703086
0.0703188
0.0703291
0.0703394
0.0703498
0.0703601
0.0703705
0.0703808
0.0703912
0.0704016
0.070412
0.0704225
0.0704329
0.0704434
0.0704539
0.0704644
0.0704749
0.0704854
0.070496
0.0705065
0.0705171
0.0705277
0.0705383
0.0705489
0.0705596
0.0705702
0.0705809
0.0705916
0.0706023
0.070613
0.0706237
0.0706345
0.0706452
0.070656
0.0706668
0.0706776
0.0706884
0.0706993
0.0707101
0.070721
0.0707319
0.0707428
0.0707537
0.0707647
0.0707756
0.0707866
0.0707976
0.0708086
0.0708196
0.0708307
0.0708417
0.0708528
0.0708639
0.070875
0.0708861
0.0708972
0.0709084
0.0709195
0.0709307
0.0709419
0.0709531
0.0709644
0.0709756
0.0709869
0.0709982
0.0710095
0.0710208
0.0710321
0.0710434
0.0710548
0.0710662
0.0710776
0.071089
0.0711004
0.0711119
0.0711233
0.0711348
0.0711463
0.0711578
0.0711693
0.0711809
0.0711924
0.071204
0.0712156
0.0712272
0.0712388
0.0712505
0.0712621
0.0712738
0.0712855
0.0712972
0.071309
0.0713207
0.0713325
0.0713442
0.071356
0.0713678
0.0713797
0.0713915
0.0714034
0.0714153
0.0714271
0.0714391
0.071451
0.0714629
0.0714749
0.0714869
0.0714989
0.0715109
0.0715229
0.071535
0.071547
0.0715591
0.0715712
0.0715833
0.0715955
0.0716076
0.0716198
0.071632
0.0716442
0.0716564
0.0716686
0.0716809
0.0716932
0.0717055
0.0717178
0.0717301
0.0717424
0.0717548
0.0717672
0.0717796
0.071792
0.0718044
0.0718169
0.0718293
0.0718418
0.0718543
0.0718668
0.0718794
0.0718919
0.0719045
0.0719171
0.0719297
0.0719423
0.0719549
0.0719676
0.0719803
0.071993
0.0720057
0.0720184
0.0720311
0.0720439
0.0720567
0.0720695
0.0720823
0.0720951
0.072108
0.0721209
0.0721338
0.0721467
0.0721596
0.0721725
0.0721855
0.0721985
0.0722115
0.0722245
0.0722375
0.0722506
0.0722637
0.0722767
0.0722898
0.072303
0.0723161
0.0723293
0.0723425
0.0723557
0.0723689
0.0723821
0.0723954
0.0724086
0.0724219
0.0724352
0.0724485
0.0724619
0.0724753
0.0724886
0.072502
0.0725155
0.0725289
0.0725423
0.0725558
0.0725693
0.0725828
0.0725963
0.0726099
0.0726235
0.072637
0.0726507
0.0726643
0.0726779
0.0726916
0.0727053
0.0727189
0.0727327
0.0727464
0.0727602
0.0727739
0.0727877
0.0728015
0.0728154
0.0728292
0.0728431
0.072857
0.0728709
0.0728848
0.0728987
0.0729127
0.0729267
0.0729407
0.0729547
0.0729687
0.0729828
0.0729969
0.0730109
0.0730251
0.0730392
0.0730533
0.0730675
0.0730817
0.0730959
0.0731101
0.0731244
0.0731387
0.0731529
0.0731673
0.0731816
0.0731959
0.0732103
0.0732247
0.0732391
0.0732535
0.0732679
0.0732824
0.0732969
0.0733114
0.0733259
0.0733404
0.073355
0.0733696
0.0733842
0.0733988
0.0734134
0.0734281
0.0734428
0.0734574
0.0734722
0.0734869
0.0735017
0.0735164
0.0735312
0.073546
0.0735609
0.0735757
0.0735906
0.0736055
0.0736204
0.0736353
0.0736503
0.0736653
0.0736802
0.0736953
0.0737103
0.0737253
0.0737404
0.0737555
0.0737706
0.0737857
0.0738009
0.0738161
0.0738313
0.0738465
0.0738617
0.0738769
0.0738922
0.0739075
0.0739228
0.0739382
0.0739535
0.0739689
0.0739843
0.0739997
0.0740151
0.0740306
0.074046
0.0740615
0.074077
0.0740926
0.0741081
0.0741237
0.0741393
0.0741549
0.0741705
0.0741862
0.0742019
0.0742176
0.0742333
0.074249
0.0742648
0.0742805
0.0742963
0.0743122
0.074328
0.0743439
0.0743597
0.0743756
0.0743915
0.0744075
0.0744234
0.0744394
0.0744554
0.0744714
0.0744875
0.0745036
0.0745196
0.0745357
0.0745519
0.074568
0.0745842
0.0746004
0.0746166
0.0746328
0.074649
0.0746653
0.0746816
0.0746979
0.0747142
0.0747306
0.0747469
0.0747633
0.0747797
0.0747962
0.0748126
0.0748291
0.0748456
0.0748621
0.0748786
0.0748952
0.0749118
0.0749284
0.074945
0.0749616
0.0749783
0.0749949
0.0750116
0.0750284
0.0750451
0.0750619
0.0750786
0.0750954
0.0751123
0.0751291
0.075146
0.0751629
0.0751798
0.0751967
0.0752136
0.0752306
0.0752476
0.0752646
0.0752816
0.0752987
0.0753157
0.0753328
0.0753499
0.0753671
0.0753842
0.0754014
0.0754186
0.0754358
0.075453
0.0754703
0.0754876
0.0755049
0.0755222
0.0755395
0.0755569
0.0755743
0.0755917
0.0756091
0.0756265
0.075644
0.0756615
0.075679
0.0756965
0.075714
0.0757316
0.0757492
0.0757668
0.0757844
0.075802
0.0758197
0.0758374
0.0758551
0.0758728
0.0758906
0.0759083
0.0759261
0.0759439
0.0759617
0.0759796
0.0759975
0.0760154
0.0760333
0.0760512
0.0760691
0.0760871
0.0761051
0.0761231
0.0761411
0.0761592
0.0761773
0.0761953
0.0762135
0.0762316
0.0762497
0.0762679
0.0762861
0.0763043
0.0763225
0.0763408
0.0763591
0.0763773
0.0763957
0.076414
0.0764323
0.0764507
0.0764691
0.0764875
0.0765059
0.0765244
0.0765429
0.0765613
0.0765799
0.0765984
0.0766169
0.0766355
0.0766541
0.0766727
0.0766913
0.07671
0.0767286
0.0767473
0.076766
0.0767847
0.0768035
0.0768222
0.076841
0.0768598
0.0768787
0.0768975
0.0769164
0.0769352
0.0769541
0.076973
0.076992
0.0770109
0.0770299
0.0770489
0.0770679
0.0770869
0.077106
0.0771251
0.0771442
0.0771633
0.0771824
0.0772015
0.0772207
0.0772399
0.0772591
0.0772783
0.0772975
0.0773168
0.0773361
0.0773554
0.0773747
0.077394
0.0774134
0.0774327
0.0774521
0.0774715
0.077491
0.0775104
0.0775299
0.0775493
0.0775688
0.0775884
0.0776079
0.0776274
0.077647
0.0776666
0.0776862
0.0777058
0.0777255
0.0777451
0.0777648
0.0777845
0.0778042
0.077824
0.0778437
0.0778635
0.0778833
0.0779031
0.0779229
0.0779427
0.0779626
0.0779824
0.0780023
0.0780222
0.0780422
0.0780621
0.0780821
0.078102
0.078122
0.078142
0.0781621
0.0781821
0.0782022
0.0782222
0.0782423
0.0782625
0.0782826
0.0783027
0.0783229
0.0783431
0.0783633
0.0783835
0.0784037
0.0784239
0.0784442
0.0784645
0.0784848
0.0785051
0.0785254
0.0785458
0.0785661
0.0785865
0.0786069
0.0786273
0.0786477
0.0786682
0.0786886
0.0787091
0.0787296
0.0787501
0.0787706
0.0787911
0.0788117
0.0788322
0.0788528
0.0788734
0.078894
0.0789147
0.0789353
0.078956
0.0789766
0.0789973
0.079018
0.0790387
0.0790595
0.0790802
0.079101
0.0791218
0.0791426
0.0791634
0.0791842
0.079205
0.0792259
0.0792467
0.0792676
0.0792885
0.0793094
0.0793304
0.0793513
0.0793723
0.0793932
0.0794142
0.0794352
0.0794562
0.0794772
0.0794983
0.0795193
0.0795404
0.0795615
0.0795826
0.0796037
0.0796248
0.0796459
0.0796671
0.0796882
0.0797094
0.0797306
0.0797518
0.079773
0.0797943
0.0798155
0.0798367
0.079858
0.0798793
0.0799006
0.0799219
0.0799432
0.0799646
0.0799859
0.0800073
0.0800286
0.08005
0.0800714
0.0800928
0.0801142
0.0801357
0.0801571
0.0801786
0.0802
0.0802215
0.080243
0.0802645
0.0802861
0.0803076
0.0803291
0.0803507
0.0803722
0.0803938
0.0804154
0.080437
0.0804586
0.0804803
0.0805019
0.0805235
0.0805452
0.0805669
0.0805885
0.0806102
0.0806319
0.0806537
0.0806754
0.0806971
0.0807189
0.0807406
0.0807624
0.0807842
0.080806
0.0808278
0.0808496
0.0808714
0.0808932
0.0809151
0.0809369
0.0809588
0.0809807
0.0810026
0.0810245
0.0810464
0.0810683
0.0810902
0.0811121
0.0811341
0.081156
0.081178
0.0812
0.0812219
0.0812439
0.0812659
0.081288
0.08131
0.081332
0.081354
0.0813761
0.0813981
0.0814202
0.0814423
0.0814644
0.0814865
0.0815086
0.0815307
0.0815528
0.0815749
0.0815971
0.0816192
0.0816414
0.0816635
0.0816857
0.0817079
0.0817301
0.0817523
0.0817745
0.0817967
0.0818189
0.0818411
0.0818634
0.0818856
0.0819078
0.0819301
0.0819524
0.0819746
0.0819969
0.0820192
0.0820415
0.0820638
0.0820861
0.0821084
0.0821308
0.0821531
0.0821754
0.0821978
0.0822201
0.0822425
0.0822649
0.0822872
0.0823096
0.082332
0.0823544
0.0823768
0.0823992
0.0824216
0.082444
0.0824665
0.0824889
0.0825113
0.0825338
0.0825562
0.0825787
0.0826011
0.0826236
0.0826461
0.0826686
0.082691
0.0827135
0.082736
0.0827585
0.082781
0.0828036
0.0828261
0.0828486
0.0828711
0.0828937
0.0829162
0.0829387
0.0829613
0.0829838
0.0830064
0.083029
0.0830515
0.0830741
0.0830967
0.0831192
0.0831418
0.0831644
0.083187
0.0832096
0.0832322
0.0832548
0.0832774
0.0833
0.0833227
0.0833453
0.0833679
0.0833905
0.0834132
0.0834358
0.0834585
0.0834811
0.0835037
0.0835264
0.083549
0.0835717
0.0835944
0.083617
0.0836397
0.0836624
0.083685
0.0837077
0.0837304
0.0837531
0.0837758
0.0837984
0.0838211
0.0838438
0.0838665
0.0838892
0.0839119
0.0839346
0.0839573
0.08398
0.0840027
0.0840255
0.0840482
0.0840709
0.0840936
0.0841163
0.084139
0.0841618
0.0841845
0.0842072
0.0842299
0.0842527
0.0842754
0.0842981
0.0843209
0.0843436
0.0843663
0.0843891
0.0844118
0.0844345
0.0844573
0.08448
0.0845028
0.0845255
0.0845482
0.084571
0.0845937
0.0846165
0.0846392
0.084662
0.0846847
0.0847074
0.0847302
0.0847529
0.0847757
0.0847984
0.0848212
0.0848439
0.0848667
0.0848894
0.0849122
0.0849349
0.0849577
0.0849804
0.0850031
0.0850259
0.0850486
0.0850714
0.0850941
0.0851169
0.0851396
0.0851623
0.0851851
0.0852078
0.0852306
0.0852533
0.085276
0.0852988
0.0853215
0.0853442
0.085367
0.0853897
0.0854124
0.0854352
0.0854579
0.0854806
0.0855033
0.085526
0.0855488
0.0855715
0.0855942
0.0856169
0.0856396
0.0856623
0.085685
0.0857077
0.0857304
0.0857531
0.0857758
0.0857985
0.0858212
0.0858439
0.0858666
0.0858893
0.085912
0.0859347
0.0859574
0.08598
0.0860027
0.0860254
0.086048
0.0860707
0.0860934
0.086116
0.0861387
0.0861613
0.086184
0.0862066
0.0862293
0.0862519
0.0862746
0.0862972
0.0863198
0.0863425
0.0863651
0.0863877
0.0864103
0.0864329
0.0864555
0.0864782
0.0865008
0.0865234
0.0865459
0.0865685
0.0865911
0.0866137
0.0866363
0.0866589
0.0866814
0.086704
0.0867266
0.0867491
0.0867717
0.0867942
0.0868168
0.0868393
0.0868618
0.0868844
0.0869069
0.0869294
0.0869519
0.0869745
0.086997
0.0870195
0.087042
0.0870645
0.087087
0.0871094
0.0871319
0.0871544
0.0871769
0.0871993
0.0872218
0.0872442
0.0872667
0.0872891
0.0873116
0.087334
0.0873564
0.0873789
0.0874013
0.0874237
0.0874461
0.0874685
0.0874909
0.0875133
0.0875357
0.087558
0.0875804
0.0876028
0.0876251
0.0876475
0.0876698
0.0876922
0.0877145
0.0877368
0.0877592
0.0877815
0.0878038
0.0878261
0.0878484
0.0878707
0.087893
0.0879153
0.0879375
0.0879598
0.0879821
0.0880043
0.0880266
0.0880488
0.0880711
0.0880933
0.0881155
0.0881377
0.0881599
0.0881822
0.0882044
0.0882265
0.0882487
0.0882709
0.0882931
0.0883152
0.0883374
0.0883595
0.0883817
0.0884038
0.088426
0.0884481
0.0884702
0.0884923
0.0885144
0.0885365
0.0885586
0.0885807
0.0886027
0.0886248
0.0886469
0.0886689
0.088691
0.088713
0.088735
0.088757
0.0887791
0.0888011
0.0888231
0.0888451
0.088867
0.088889
0.088911
0.0889329
0.0889549
0.0889768
0.0889988
0.0890207
0.0890426
0.0890646
0.0890865
0.0891084
0.0891303
0.0891521
0.089174
0.0891959
0.0892177
0.0892396
0.0892614
0.0892833
0.0893051
0.0893269
0.0893487
0.0893706
0.0893923
0.0894141
0.0894359
0.0894577
0.0894795
0.0895012
0.089523
0.0895447
0.0895664
0.0895882
0.0896099
0.0896316
0.0896533
0.089675
0.0896967
0.0897183
0.08974
0.0897616
0.0897833
0.0898049
0.0898266
0.0898482
0.0898698
0.0898914
0.089913
0.0899346
0.0899562
0.0899778
0.0899993
0.0900209
0.0900424
0.090064
0.0900855
0.090107
0.0901285
0.09015
0.0901715
0.090193
0.0902145
0.090236
0.0902574
0.0902789
0.0903003
0.0903217
0.0903432
0.0903646
0.090386
0.0904074
0.0904288
0.0904502
0.0904715
0.0904929
0.0905142
0.0905356
0.0905569
0.0905783
0.0905996
0.0906209
0.0906422
0.0906635
0.0906848
0.090706
0.0907273
0.0907485
0.0907698
0.090791
0.0908123
0.0908335
0.0908547
0.0908759
0.0908971
0.0909183
0.0909394
0.0909606
0.0909818
0.0910029
0.091024
0.0910452
0.0910663
0.0910874
0.0911085
0.0911296
0.0911507
0.0911717
0.0911928
0.0912139
0.0912349
0.0912559
0.091277
0.091298
0.091319
0.09134
0.091361
0.091382
0.0914029
0.0914239
0.0914449
0.0914658
0.0914867
0.0915077
0.0915286
0.0915495
0.0915704
0.0915913
0.0916121
0.091633
0.0916539
0.0916747
0.0916956
0.0917164
0.0917372
0.091758
0.0917788
0.0917996
0.0918204
0.0918412
0.091862
0.0918827
0.0919035
0.0919242
0.0919449
0.0919656
0.0919864
0.0920071
0.0920277
0.0920484
0.0920691
0.0920898
0.0921104
0.0921311
0.0921517
0.0921723
0.0921929
0.0922135
0.0922341
0.0922547
0.0922753
0.0922959
0.0923164
0.092337
0.0923575
0.0923781
0.0923986
0.0924191
0.0924396
0.0924601
0.0924806
0.092501
0.0925215
0.092542
0.0925624
0.0925829
0.0926033
0.0926237
0.0926441
0.0926645
0.0926849
0.0927053
0.0927257
0.092746
0.0927664
0.0927867
0.092807
0.0928274
0.0928477
0.092868
0.0928883
0.0929086
0.0929288
0.0929491
0.0929694
0.0929896
0.0930099
0.0930301
0.0930503
0.0930705
0.0930907
0.0931109
0.0931311
0.0931513
0.0931715
0.0931916
0.0932118
0.0932319
0.093252
0.0932721
0.0932922
0.0933123
0.0933324
0.0933525
0.0933726
0.0933927
0.0934127
0.0934328
0.0934528
0.0934728
0.0934928
0.0935128
0.0935328
0.0935528
0.0935728
0.0935928
0.0936127
0.0936327
0.0936526
0.0936726
0.0936925
0.0937124
0.0937323
0.0937522
0.0937721
0.093792
0.0938118
0.0938317
0.0938516
0.0938714
0.0938912
0.0939111
0.0939309
0.0939507
0.0939705
0.0939903
0.09401
0.0940298
0.0940496
0.0940693
0.0940891
0.0941088
0.0941285
0.0941482
0.0941679
0.0941876
0.0942073
0.094227
0.0942467
0.0942663
0.094286
0.0943056
0.0943252
0.0943449
0.0943645
0.0943841
0.0944037
0.0944233
0.0944429
0.0944624
0.094482
0.0945015
0.0945211
0.0945406
0.0945602
0.0945797
0.0945992
0.0946187
0.0946382
0.0946577
0.0946771
0.0946966
0.094716
0.0947355
0.0947549
0.0947744
0.0947938
0.0948132
0.0948326
0.094852
0.0948714
0.0948908
0.0949101
0.0949295
0.0949488
0.0949682
0.0949875
0.0950068
0.0950261
0.0950455
0.0950648
0.095084
0.0951033
0.0951226
0.0951419
0.0951611
0.0951804
0.0951996
0.0952188
0.0952381
0.0952573
0.0952765
0.0952957
0.0953149
0.095334
0.0953532
0.0953724
0.0953915
0.0954107
0.0954298
0.0954489
0.0954681
0.0954872
0.0955063
0.0955254
0.0955445
0.0955635
0.0955826
0.0956017
0.0956207
0.0956398
0.0956588
0.0956778
0.0956969
0.0957159
0.0957349
0.0957539
0.0957729
0.0957918
0.0958108
0.0958298
0.0958487
0.0958677
0.0958866
0.0959055
0.0959245
0.0959434
0.0959623
0.0959812
0.0960001
0.096019
0.0960378
0.0960567
0.0960756
0.0960944
0.0961133
0.0961321
0.0961509
0.0961697
0.0961885
0.0962074
0.0962261
0.0962449
0.0962637
0.0962825
0.0963012
0.09632
0.0963388
0.0963575
0.0963762
0.0963949
0.0964137
0.0964324
0.0964511
0.0964698
0.0964885
0.0965071
0.0965258
0.0965445
0.0965631
0.0965818
0.0966004
0.096619
0.0966377
0.0966563
0.0966749
0.0966935
0.0967121
0.0967307
0.0967493
0.0967678
0.0967864
0.0968049
0.0968235
0.096842
0.0968606
0.0968791
0.0968976
0.0969161
0.0969346
0.0969531
0.0969716
0.0969901
0.0970086
0.097027
0.0970455
0.097064
0.0970824
0.0971008
0.0971193
0.0971377
0.0971561
0.0971745
0.0971929
0.0972113
0.0972297
0.0972481
0.0972665
0.0972848
0.0973032
0.0973215
0.0973399
0.0973582
0.0973766
0.0973949
0.0974132
0.0974315
0.0974498
0.0974681
0.0974864
0.0975047
0.097523
0.0975412
0.0975595
0.0975778
0.097596
0.0976142
0.0976325
0.0976507
0.0976689
0.0976871
0.0977053
0.0977235
0.0977417
0.0977599
0.0977781
0.0977963
0.0978144
0.0978326
0.0978508
0.0978689
0.097887
0.0979052
0.0979233
0.0979414
0.0979595
0.0979776
0.0979957
0.0980138
0.0980319
0.09805
0.0980681
0.0980861
0.0981042
0.0981223
0.0981403
0.0981583
0.0981764
0.0981944
0.0982124
0.0982304
0.0982485
0.0982665
0.0982845
0.0983024
0.0983204
0.0983384
0.0983564
0.0983743
0.0983923
0.0984103
0.0984282
0.0984461
0.0984641
0.098482
0.0984999
0.0985178
0.0985358
0.0985537
0.0985716
0.0985894
0.0986073
0.0986252
0.0986431
0.098661
0.0986788
0.0986967
0.0987145
0.0987324
0.0987502
0.098768
0.0987859
0.0988037
0.0988215
0.0988393
0.0988571
0.0988749
0.0988927
0.0989105
0.0989282
0.098946
0.0989638
0.0989815
0.0989993
0.099017
0.0990348
0.0990525
0.0990703
0.099088
0.0991057
0.0991234
0.0991411
0.0991588
0.0991765
0.0991942
0.0992119
0.0992296
0.0992473
0.0992649
0.0992826
0.0993003
0.0993179
0.0993356
0.0993532
0.0993708
0.0993885
0.0994061
0.0994237
0.0994413
0.0994589
0.0994765
0.0994941
0.0995117
0.0995293
0.0995469
0.0995645
0.0995821
0.0995996
0.0996172
0.0996347
0.0996523
0.0996698
0.0996874
0.0997049
0.0997224
0.09974
0.0997575
0.099775
0.0997925
0.09981
0.0998275
0.099845
0.0998625
0.09988
0.0998975
0.0999149
0.0999324
0.0999499
0.0999673
0.0999848
0.100002
0.10002
0.100037
0.100055
0.100072
0.100089
0.100107
0.100124
0.100142
0.100159
0.100176
0.100194
0.100211
0.100229
0.100246
0.100263
0.100281
0.100298
0.100315
0.100333
0.10035
0.100368
0.100385
0.100402
0.10042
0.100437
0.100454
0.100472
0.100489
0.100506
0.100523
0.100541
0.100558
0.100575
0.100593
0.10061
0.100627
0.100644
0.100662
0.100679
0.100696
0.100714
0.100731
0.100748
0.100765
0.100782
0.1008
0.100817
0.100834
0.100851
0.100869
0.100886
0.100903
0.10092
0.100937
0.100955
0.100972
0.100989
0.101006
0.101023
0.101041
0.101058
0.101075
0.101092
0.101109
0.101126
0.101143
0.101161
0.101178
0.101195
0.101212
0.101229
0.101246
0.101263
0.101281
0.101298
0.101315
0.101332
0.101349
0.101366
0.101383
0.1014
0.101417
0.101434
0.101451
0.101469
0.101486
0.101503
0.10152
0.101537
0.101554
0.101571
0.101588
0.101605
0.101622
0.101639
0.101656
0.101673
0.10169
0.101707
0.101724
0.101741
0.101758
0.101775
0.101792
0.101809
0.101826
0.101843
0.10186
0.101877
0.101894
0.101911
0.101928
0.101945
0.101962
0.101979
0.101996
0.102013
0.10203
0.102047
0.102064
0.102081
0.102098
0.102114
0.102131
0.102148
0.102165
0.102182
0.102199
0.102216
0.102233
0.10225
0.102267
0.102284
0.102301
0.102317
0.102334
0.102351
0.102368
0.102385
0.102402
0.102419
0.102436
0.102452
0.102469
0.102486
0.102503
0.10252
0.102537
0.102554
0.10257
0.102587
0.102604
0.102621
0.102638
0.102655
0.102671
0.102688
0.102705
0.102722
0.102739
0.102755
0.102772
0.102789
0.102806
0.102823
0.102839
0.102856
0.102873
0.10289
0.102907
0.102923
0.10294
0.102957
0.102974
0.10299
0.103007
0.103024
0.103041
0.103057
0.103074
0.103091
0.103108
0.103124
0.103141
0.103158
0.103175
0.103191
0.103208
0.103225
0.103241
0.103258
0.103275
0.103292
0.103308
0.103325
0.103342
0.103358
0.103375
0.103392
0.103409
0.103425
0.103442
0.103459
0.103475
0.103492
0.103509
0.103525
0.103542
0.103559
0.103575
0.103592
0.103609
0.103625
0.103642
0.103659
0.103675
0.103692
0.103709
0.103725
0.103742
0.103758
0.103775
0.103792
0.103808
0.103825
0.103842
0.103858
0.103875
0.103891
0.103908
0.103925
0.103941
0.103958
0.103975
0.103991
0.104008
0.104024
0.104041
0.104058
0.104074
0.104091
0.104107
0.104124
0.10414
0.104157
0.104174
0.10419
0.104207
0.104223
0.10424
0.104256
0.104273
0.10429
0.104306
0.104323
0.104339
0.104356
0.104372
0.104389
0.104405
0.104422
0.104438
0.104455
0.104472
0.104488
0.104505
0.104521
0.104538
0.104554
0.104571
0.104587
0.104604
0.10462
0.104637
0.104653
0.10467
0.104686
0.104703
0.104719
0.104736
0.104752
0.104769
0.104785
0.104802
0.104818
0.104835
0.104851
0.104868
0.104884
0.104901
0.104917
0.104934
0.10495
0.104967
0.104983
0.105
0.105016
0.105032
0.105049
0.105065
0.105082
0.105098
0.105115
0.105131
0.105148
0.105164
0.105181
0.105197
0.105213
0.10523
0.105246
0.105263
0.105279
0.105296
0.105312
0.105328
0.105345
0.105361
0.105378
0.105394
0.105411
0.105427
0.105443
0.10546
0.105476
0.105493
0.105509
0.105525
0.105542
0.105558
0.105575
0.105591
0.105607
0.105624
0.10564
0.105657
0.105673
0.105689
0.105706
0.105722
0.105738
0.105755
0.105771
0.105788
0.105804
0.10582
0.105837
0.105853
0.105869
0.105886
0.105902
0.105919
0.105935
0.105951
0.105968
0.105984
0.106
0.106017
0.106033
0.106049
0.106066
0.106082
0.106098
0.106115
0.106131
0.106147
0.106164
0.10618
0.106196
0.106213
0.106229
0.106245
0.106262
0.106278
0.106294
0.106311
0.106327
0.106343
0.10636
0.106376
0.106392
0.106409
0.106425
0.106441
0.106457
0.106474
0.10649
0.106506
0.106523
0.106539
0.106555
0.106572
0.106588
0.106604
0.10662
0.106637
0.106653
0.106669
0.106686
0.106702
0.106718
0.106734
0.106751
0.106767
0.106783
0.1068
0.106816
0.106832
0.106848
0.106865
0.106881
0.106897
0.106913
0.10693
0.106946
0.106962
0.106978
0.106995
0.107011
0.107027
0.107043
0.10706
0.107076
0.107092
0.107108
0.107125
0.107141
0.107157
0.107173
0.10719
0.107206
0.107222
0.107238
0.107255
0.107271
0.107287
0.107303
0.107319
0.107336
0.107352
0.107368
0.107384
0.107401
0.107417
0.107433
0.107449
0.107465
0.107482
0.107498
0.107514
0.10753
0.107546
0.107563
0.107579
0.107595
0.107611
0.107627
0.107644
0.10766
0.107676
0.107692
0.107708
0.107725
0.107741
0.107757
0.107773
0.107789
0.107805
0.107822
0.107838
0.107854
0.10787
0.107886
0.107903
0.107919
0.107935
0.107951
0.107967
0.107983
0.108
0.108016
0.108032
0.108048
0.108064
0.10808
0.108097
0.108113
0.108129
0.108145
0.108161
0.108177
0.108193
0.10821
0.108226
0.108242
0.108258
0.108274
0.10829
0.108306
0.108323
0.108339
0.108355
0.108371
0.108387
0.108403
0.108419
0.108436
0.108452
0.108468
0.108484
0.1085
0.108516
0.108532
0.108548
0.108564
0.108581
0.108597
0.108613
0.108629
0.108645
0.108661
0.108677
0.108693
0.108709
0.108726
0.108742
0.108758
0.108774
0.10879
0.108806
0.108822
0.108838
0.108854
0.10887
0.108887
0.108903
0.108919
0.108935
0.108951
0.108967
0.108983
0.108999
0.109015
0.109031
0.109047
0.109063
0.10908
0.109096
0.109112
0.109128
0.109144
0.10916
0.109176
0.109192
0.109208
0.109224
0.10924
0.109256
0.109272
0.109288
0.109304
0.10932
0.109337
0.109353
0.109369
0.109385
0.109401
0.109417
0.109433
0.109449
0.109465
0.109481
0.109497
0.109513
0.109529
0.109545
0.109561
0.109577
0.109593
0.109609
0.109625
0.109641
0.109657
0.109673
0.109689
0.109705
0.109721
0.109737
0.109753
0.109769
0.109785
0.109801
0.109817
0.109833
0.10985
0.109866
0.109882
0.109898
0.109914
0.10993
0.109946
0.109962
0.109978
0.109994
0.11001
0.110026
0.110042
0.110057
0.110073
0.110089
0.110105
0.110121
0.110137
0.110153
0.110169
0.110185
0.110201
0.110217
0.110233
0.110249
0.110265
0.110281
0.110297
0.110313
0.110329
0.110345
0.110361
0.110377
0.110393
0.110409
0.110425
0.110441
0.110457
0.110473
0.110489
0.110505
0.110521
0.110537
0.110552
0.110568
0.110584
0.1106
0.110616
0.110632
0.110648
0.110664
0.11068
0.110696
0.110712
0.110728
0.110744
0.11076
0.110776
0.110792
0.110807
0.110823
0.110839
0.110855
0.110871
0.110887
0.110903
0.110919
0.110935
0.110951
0.110967
0.110982
0.110998
0.111014
0.11103
0.111046
0.111062
0.111078
0.111094
0.11111
0.111126
0.111141
0.111157
0.111173
0.111189
0.111205
0.111221
0.111237
0.111253
0.111268
0.111284
0.1113
0.111316
0.111332
0.111348
0.111364
0.11138
0.111395
0.111411
0.111427
0.111443
0.111459
0.111475
0.111491
0.111506
0.111522
0.111538
0.111554
0.11157
0.111586
0.111602
0.111617
0.111633
0.111649
0.111665
0.111681
0.111697
0.111712
0.111728
0.111744
0.11176
0.111776
0.111791
0.111807
0.111823
0.111839
0.111855
0.111871
0.111886
0.111902
0.111918
0.111934
0.11195
0.111965
0.111981
0.111997
0.112013
0.112029
0.112044
0.11206
0.112076
0.112092
0.112108
0.112123
0.112139
0.112155
0.112171
0.112186
0.112202
0.112218
0.112234
0.11225
0.112265
0.112281
0.112297
0.112313
0.112328
0.112344
0.11236
0.112376
0.112391
0.112407
0.112423
0.112439
0.112454
0.11247
0.112486
0.112502
0.112517
0.112533
0.112549
0.112565
0.11258
0.112596
0.112612
0.112627
0.112643
0.112659
0.112675
0.11269
0.112706
0.112722
0.112737
0.112753
0.112769
0.112785
0.1128
0.112816
0.112832
0.112847
0.112863
0.112879
0.112894
0.11291
0.112926
0.112941
0.112957
0.112973
0.112989
0.113004
0.11302
0.113036
0.113051
0.113067
0.113083
0.113098
0.113114
0.113129
0.113145
0.113161
0.113176
0.113192
0.113208
0.113223
0.113239
0.113255
0.11327
0.113286
0.113302
0.113317
0.113333
0.113348
0.113364
0.11338
0.113395
0.113411
0.113427
0.113442
0.113458
0.113473
0.113489
0.113505
0.11352
0.113536
0.113551
0.113567
0.113583
0.113598
0.113614
0.113629
0.113645
0.11366
0.113676
0.113692
0.113707
0.113723
0.113738
0.113754
0.113769
0.113785
0.113801
0.113816
0.113832
0.113847
0.113863
0.113878
0.113894
0.113909
0.113925
0.11394
0.113956
0.113972
0.113987
0.114003
0.114018
0.114034
0.114049
0.114065
0.11408
0.114096
0.114111
0.114127
0.114142
0.114158
0.114173
0.114189
0.114204
0.11422
0.114235
0.114251
0.114266
0.114282
0.114297
0.114312
0.114328
0.114343
0.114359
0.114374
0.11439
0.114405
0.114421
0.114436
0.114452
0.114467
0.114482
0.114498
0.114513
0.114529
0.114544
0.11456
0.114575
0.11459
0.114606
0.114621
0.114637
0.114652
0.114668
0.114683
0.114698
0.114714
0.114729
0.114745
0.11476
0.114775
0.114791
0.114806
0.114821
0.114837
0.114852
0.114868
0.114883
0.114898
0.114914
0.114929
0.114944
0.11496
0.114975
0.11499
0.115006
0.115021
0.115036
0.115052
0.115067
0.115082
0.115098
0.115113
0.115128
0.115144
0.115159
0.115174
0.11519
0.115205
0.11522
0.115235
0.115251
0.115266
0.115281
0.115297
0.115312
0.115327
0.115342
0.115358
0.115373
0.115388
0.115403
0.115419
0.115434
0.115449
0.115464
0.11548
0.115495
0.11551
0.115525
0.115541
0.115556
0.115571
0.115586
0.115601
0.115617
0.115632
0.115647
0.115662
0.115677
0.115693
0.115708
0.115723
0.115738
0.115753
0.115768
0.115784
0.115799
0.115814
0.115829
0.115844
0.115859
0.115875
0.11589
0.115905
0.11592
0.115935
0.11595
0.115965
0.11598
0.115996
0.116011
0.116026
0.116041
0.116056
0.116071
0.116086
0.116101
0.116116
0.116131
0.116146
0.116162
0.116177
0.116192
0.116207
0.116222
0.116237
0.116252
0.116267
0.116282
0.116297
0.116312
0.116327
0.116342
0.116357
0.116372
0.116387
0.116402
0.116417
0.116432
0.116447
0.116462
0.116477
0.116492
0.116507
0.116522
0.116537
0.116552
0.116567
0.116582
0.116597
0.116612
0.116627
0.116642
0.116657
0.116672
0.116686
0.116701
0.116716
0.116731
0.116746
0.116761
0.116776
0.116791
0.116806
0.116821
0.116835
0.11685
0.116865
0.11688
0.116895
0.11691
0.116925
0.116939
0.116954
0.116969
0.116984
0.116999
0.117014
0.117028
0.117043
0.117058
0.117073
0.117088
0.117103
0.117117
0.117132
0.117147
0.117162
0.117176
0.117191
0.117206
0.117221
0.117236
0.11725
0.117265
0.11728
0.117294
0.117309
0.117324
0.117339
0.117353
0.117368
0.117383
0.117397
0.117412
0.117427
0.117442
0.117456
0.117471
0.117486
0.1175
0.117515
0.11753
0.117544
0.117559
0.117573
0.117588
0.117603
0.117617
0.117632
0.117647
0.117661
0.117676
0.11769
0.117705
0.11772
0.117734
0.117749
0.117763
0.117778
0.117792
0.117807
0.117822
0.117836
0.117851
0.117865
0.11788
0.117894
0.117909
0.117923
0.117938
0.117952
0.117967
0.117981
0.117996
0.11801
0.118025
0.118039
0.118054
0.118068
0.118082
0.118097
0.118111
0.118126
0.11814
0.118155
0.118169
0.118183
0.118198
0.118212
0.118227
0.118241
0.118255
0.11827
0.118284
0.118299
0.118313
0.118327
0.118342
0.118356
0.11837
0.118385
0.118399
0.118413
0.118428
0.118442
0.118456
0.11847
0.118485
0.118499
0.118513
0.118527
0.118542
0.118556
0.11857
0.118584
0.118599
0.118613
0.118627
0.118641
0.118656
0.11867
0.118684
0.118698
0.118712
0.118727
0.118741
0.118755
0.118769
0.118783
0.118797
0.118811
0.118826
0.11884
0.118854
0.118868
0.118882
0.118896
0.11891
0.118924
0.118938
0.118952
0.118967
0.118981
0.118995
0.119009
0.119023
0.119037
0.119051
0.119065
0.119079
0.119093
0.119107
0.119121
0.119135
0.119149
0.119163
0.119177
0.119191
0.119205
0.119219
0.119232
0.119246
0.11926
0.119274
0.119288
0.119302
0.119316
0.11933
0.119344
0.119358
0.119371
0.119385
0.119399
0.119413
0.119427
0.119441
0.119454
0.119468
0.119482
0.119496
0.11951
0.119523
0.119537
0.119551
0.119565
0.119578
0.119592
0.119606
0.11962
0.119633
0.119647
0.119661
0.119674
0.119688
0.119702
0.119716
0.119729
0.119743
0.119757
0.11977
0.119784
0.119797
0.119811
0.119825
0.119838
0.119852
0.119865
0.119879
0.119893
0.119906
0.11992
0.119933
0.119947
0.11996
0.119974
0.119987
0.120001
0.120014
0.120028
0.120041
0.120055
0.120068
0.120082
0.120095
0.120109
0.120122
0.120136
0.120149
0.120162
0.120176
0.120189
0.120203
0.120216
0.120229
0.120243
0.120256
0.120269
0.120283
0.120296
0.120309
0.120323
0.120336
0.120349
0.120363
0.120376
0.120389
0.120403
0.120416
0.120429
0.120442
0.120455
0.120469
0.120482
0.120495
0.120508
0.120522
0.120535
0.120548
0.120561
0.120574
0.120587
0.1206
0.120614
0.120627
0.12064
0.120653
0.120666
0.120679
0.120692
0.120705
0.120718
0.120731
0.120744
0.120757
0.12077
0.120783
0.120796
0.120809
0.120822
0.120835
0.120848
0.120861
0.120874
0.120887
0.1209
0.120913
0.120926
0.120939
0.120952
0.120965
0.120977
0.12099
0.121003
0.121016
0.121029
0.121042
0.121054
0.121067
0.12108
0.121093
0.121106
0.121118
0.121131
0.121144
0.121157
0.121169
0.121182
0.121195
0.121207
0.12122
0.121233
0.121245
0.121258
0.121271
0.121283
0.121296
0.121309
0.121321
0.121334
0.121346
0.121359
0.121372
0.121384
0.121397
0.121409
0.121422
0.121434
0.121447
0.121459
0.121472
0.121484
0.121497
0.121509
0.121522
0.121534
0.121547
0.121559
0.121571
0.121584
0.121596
0.121609
0.121621
0.121633
0.121646
0.121658
0.12167
0.121683
0.121695
0.121707
0.12172
0.121732
0.121744
0.121756
0.121769
0.121781
0.121793
0.121805
0.121818
0.12183
0.121842
0.121854
0.121866
0.121878
0.121891
0.121903
0.121915
0.121927
0.121939
0.121951
0.121963
0.121975
0.121987
0.121999
0.122011
0.122023
0.122035
0.122047
0.122059
0.122071
0.122083
0.122095
0.122107
0.122119
0.122131
0.122143
0.122155
0.122167
0.122179
0.122191
0.122202
0.122214
0.122226
0.122238
0.12225
0.122262
0.122273
0.122285
0.122297
0.122309
0.12232
0.122332
0.122344
0.122356
0.122367
0.122379
0.122391
0.122402
0.122414
0.122426
0.122437
0.122449
0.122461
0.122472
0.122484
0.122495
0.122507
0.122518
0.12253
0.122542
0.122553
0.122565
0.122576
0.122588
0.122599
0.122611
0.122622
0.122633
0.122645
0.122656
0.122668
0.122679
0.12269
0.122702
0.122713
0.122725
0.122736
0.122747
0.122759
0.12277
0.122781
0.122792
0.122804
0.122815
0.122826
0.122837
0.122849
0.12286
0.122871
0.122882
0.122893
0.122905
0.122916
0.122927
0.122938
0.122949
0.12296
0.122971
0.122982
0.122993
0.123004
0.123015
0.123027
0.123038
0.123049
0.12306
0.123071
0.123081
0.123092
0.123103
0.123114
0.123125
0.123136
0.123147
0.123158
0.123169
0.12318
0.12319
0.123201
0.123212
0.123223
0.123234
0.123245
0.123255
0.123266
0.123277
0.123288
0.123298
0.123309
0.12332
0.12333
0.123341
0.123352
0.123362
0.123373
0.123384
0.123394
0.123405
0.123415
0.123426
0.123437
0.123447
0.123458
0.123468
0.123479
0.123489
0.1235
0.12351
0.123521
0.123531
0.123541
0.123552
0.123562
0.123573
0.123583
0.123593
0.123604
0.123614
0.123625
0.123635
0.123645
0.123655
0.123666
0.123676
0.123686
0.123697
0.123707
0.123717
0.123727
0.123737
0.123748
0.123758
0.123768
0.123778
0.123788
0.123798
0.123808
0.123818
0.123829
0.123839
0.123849
0.123859
0.123869
0.123879
0.123889
0.123899
0.123909
0.123919
0.123929
0.123939
0.123948
0.123958
0.123968
0.123978
0.123988
0.123998
0.124008
0.124018
0.124027
0.124037
0.124047
0.124057
0.124067
0.124076
0.124086
0.124096
0.124105
0.124115
0.124125
0.124135
0.124144
0.124154
0.124163
0.124173
0.124183
0.124192
0.124202
0.124211
0.124221
0.124231
0.12424
0.12425
0.124259
0.124269
0.124278
0.124288
0.124297
0.124306
0.124316
0.124325
0.124335
0.124344
0.124353
0.124363
0.124372
0.124381
0.124391
0.1244
0.124409
0.124419
0.124428
0.124437
0.124446
0.124456
0.124465
0.124474
0.124483
0.124492
0.124502
0.124511
0.12452
0.124529
0.124538
0.124547
0.124556
0.124565
0.124574
0.124583
0.124592
0.124601
0.12461
0.124619
0.124628
0.124637
0.124646
0.124655
0.124664
0.124673
0.124682
0.124691
0.1247
0.124708
0.124717
0.124726
0.124735
0.124744
0.124752
0.124761
0.12477
0.124779
0.124787
0.124796
0.124805
0.124813
0.124822
0.124831
0.124839
0.124848
0.124857
0.124865
0.124874
0.124882
0.124891
0.1249
0.124908
0.124917
0.124925
0.124934
0.124942
0.124951
0.124959
0.124967
0.124976
0.124984
0.124993
0.125001
0.125009
0.125018
0.125026
0.125035
0.125043
0.125051
0.125059
0.125068
0.125076
0.125084
0.125092
0.125101
0.125109
0.125117
0.125125
0.125133
0.125142
0.12515
0.125158
0.125166
0.125174
0.125182
0.12519
0.125198
0.125206
0.125214
0.125222
0.12523
0.125238
0.125246
0.125254
0.125262
0.12527
0.125278
0.125286
0.125294
0.125302
0.12531
0.125318
0.125325
0.125333
0.125341
0.125349
0.125357
0.125364
0.125372
0.12538
0.125388
0.125395
0.125403
0.125411
0.125418
0.125426
0.125434
0.125441
0.125449
0.125457
0.125464
0.125472
0.125479
0.125487
0.125494
0.125502
0.125509
0.125517
0.125524
0.125532
0.125539
0.125547
0.125554
0.125562
0.125569
0.125576
0.125584
0.125591
0.125599
0.125606
0.125613
0.125621
0.125628
0.125635
0.125642
0.12565
0.125657
0.125664
0.125671
0.125679
0.125686
0.125693
0.1257
0.125707
0.125714
0.125721
0.125729
0.125736
0.125743
0.12575
0.125757
0.125764
0.125771
0.125778
0.125785
0.125792
0.125799
0.125806
0.125813
0.12582
0.125827
0.125834
0.12584
0.125847
0.125854
0.125861
0.125868
0.125875
0.125881
0.125888
0.125895
0.125902
0.125909
0.125915
0.125922
0.125929
0.125935
0.125942
0.125949
0.125956
0.125962
0.125969
0.125975
0.125982
0.125989
0.125995
0.126002
0.126008
0.126015
0.126021
0.126028
0.126034
0.126041
0.126047
0.126054
0.12606
0.126067
0.126073
0.12608
0.126086
0.126092
0.126099
0.126105
0.126111
0.126118
0.126124
0.12613
0.126137
0.126143
0.126149
0.126155
0.126162
0.126168
0.126174
0.12618
0.126187
0.126193
0.126199
0.126205
0.126211
0.126217
0.126223
0.126229
0.126236
0.126242
0.126248
0.126254
0.12626
0.126266
0.126272
0.126278
0.126284
0.12629
0.126296
0.126302
0.126307
0.126313
0.126319
0.126325
0.126331
0.126337
0.126343
0.126349
0.126354
0.12636
0.126366
0.126372
0.126378
0.126383
0.126389
0.126395
0.1264
0.126406
0.126412
0.126418
0.126423
0.126429
0.126435
0.12644
0.126446
0.126451
0.126457
0.126463
0.126468
0.126474
0.126479
0.126485
0.12649
0.126496
0.126501
0.126507
0.126512
0.126518
0.126523
0.126528
0.126534
0.126539
0.126545
0.12655
0.126555
0.126561
0.126566
0.126571
0.126577
0.126582
0.126587
0.126593
0.126598
0.126603
0.126608
0.126613
0.126619
0.126624
0.126629
0.126634
0.126639
0.126645
0.12665
0.126655
0.12666
0.126665
0.12667
0.126675
0.12668
0.126685
0.12669
0.126695
0.1267
0.126705
0.12671
0.126715
0.12672
0.126725
0.12673
0.126735
0.12674
0.126745
0.12675
0.126755
0.126759
0.126764
0.126769
0.126774
0.126779
0.126784
0.126788
0.126793
0.126798
0.126803
0.126807
0.126812
0.126817
0.126822
0.126826
0.126831
0.126836
0.12684
0.126845
0.12685
0.126854
0.126859
0.126863
0.126868
0.126872
0.126877
0.126882
0.126886
0.126891
0.126895
0.1269
0.126904
0.126909
0.126913
0.126918
0.126922
0.126926
0.126931
0.126935
0.12694
0.126944
0.126948
0.126953
0.126957
0.126961
0.126966
0.12697
0.126974
0.126979
0.126983
0.126987
0.126991
0.126996
0.127
0.127004
0.127008
0.127012
0.127017
0.127021
0.127025
0.127029
0.127033
0.127037
0.127042
0.127046
0.12705
0.127054
0.127058
0.127062
0.127066
0.12707
0.127074
0.127078
0.127082
0.127086
0.12709
0.127094
0.127098
0.127102
0.127106
0.12711
0.127114
0.127117
0.127121
0.127125
0.127129
0.127133
0.127137
0.127141
0.127144
0.127148
0.127152
0.127156
0.12716
0.127163
0.127167
0.127171
0.127175
0.127178
0.127182
0.127186
0.127189
0.127193
0.127197
0.1272
0.127204
0.127208
0.127211
0.127215
0.127218
0.127222
0.127226
0.127229
0.127233
0.127236
0.12724
0.127243
0.127247
0.12725
0.127254
0.127257
0.127261
0.127264
0.127268
0.127271
0.127274
0.127278
0.127281
0.127285
0.127288
0.127291
0.127295
0.127298
0.127301
0.127305
0.127308
0.127311
0.127315
0.127318
0.127321
0.127324
0.127328
0.127331
0.127334
0.127337
0.127341
0.127344
0.127347
0.12735
0.127353
0.127357
0.12736
0.127363
0.127366
0.127369
0.127372
0.127375
0.127378
0.127381
0.127384
0.127388
0.127391
0.127394
0.127397
0.1274
0.127403
0.127406
0.127409
0.127412
0.127415
0.127417
0.12742
0.127423
0.127426
0.127429
0.127432
0.127435
0.127438
0.127441
0.127444
0.127446
0.127449
0.127452
0.127455
0.127458
0.127461
0.127463
0.127466
0.127469
0.127472
0.127474
0.127477
0.12748
0.127483
0.127485
0.127488
0.127491
0.127493
0.127496
0.127499
0.127501
0.127504
0.127507
0.127509
0.127512
0.127514
0.127517
0.12752
0.127522
0.127525
0.127527
0.12753
0.127532
0.127535
0.127537
0.12754
0.127542
0.127545
0.127547
0.12755
0.127552
0.127555
0.127557
0.12756
0.127562
0.127565
0.127567
0.127569
0.127572
0.127574
0.127576
0.127579
0.127581
0.127584
0.127586
0.127588
0.12759
0.127593
0.127595
0.127597
0.1276
0.127602
0.127604
0.127606
0.127609
0.127611
0.127613
0.127615
0.127617
0.12762
0.127622
0.127624
0.127626
0.127628
0.12763
0.127633
0.127635
0.127637
0.127639
0.127641
0.127643
0.127645
0.127647
0.127649
0.127651
0.127654
0.127656
0.127658
0.12766
0.127662
0.127664
0.127666
0.127668
0.12767
0.127672
0.127673
0.127675
0.127677
0.127679
0.127681
0.127683
0.127685
0.127687
0.127689
0.127691
0.127693
0.127694
0.127696
0.127698
0.1277
0.127702
0.127704
0.127705
0.127707
0.127709
0.127711
0.127713
0.127714
0.127716
0.127718
0.12772
0.127721
0.127723
0.127725
0.127727
0.127728
0.12773
0.127732
0.127733
0.127735
0.127737
0.127738
0.12774
0.127742
0.127743
0.127745
0.127747
0.127748
0.12775
0.127751
0.127753
0.127754
0.127756
0.127758
0.127759
0.127761
0.127762
0.127764
0.127765
0.127767
0.127768
0.12777
0.127771
0.127773
0.127774
0.127776
0.127777
0.127779
0.12778
0.127781
0.127783
0.127784
0.127786
0.127787
0.127788
0.12779
0.127791
0.127793
0.127794
0.127795
0.127797
0.127798
0.127799
0.127801
0.127802
0.127803
0.127804
0.127806
0.127807
0.127808
0.12781
0.127811
0.127812
0.127813
0.127815
0.127816
0.127817
0.127818
0.127819
0.127821
0.127822
0.127823
0.127824
0.127825
0.127827
0.127828
0.127829
0.12783
0.127831
0.127832
0.127833
0.127834
0.127836
0.127837
0.127838
0.127839
0.12784
0.127841
0.127842
0.127843
0.127844
0.127845
0.127846
0.127847
0.127848
0.127849
0.12785
0.127851
0.127852
0.127853
0.127854
0.127855
0.127856
0.127857
0.127858
0.127859
0.12786
0.127861
0.127862
0.127863
0.127864
0.127864
0.127865
0.127866
0.127867
0.127868
0.127869
0.12787
0.12787
0.127871
0.127872
0.127873
0.127874
0.127875
0.127875
0.127876
0.127877
0.127878
0.127879
0.127879
0.12788
0.127881
0.127882
0.127882
0.127883
0.127884
0.127885
0.127885
0.127886
0.127887
0.127887
0.127888
0.127889
0.127889
0.12789
0.127891
0.127891
0.127892
0.127893
0.127893
0.127894
0.127895
0.127895
0.127896
0.127897
0.127897
0.127898
0.127898
0.127899
0.1279
0.1279
0.127901
0.127901
0.127902
0.127902
0.127903
0.127903
0.127904
0.127904
0.127905
0.127905
0.127906
0.127906
0.127907
0.127907
0.127908
0.127908
0.127909
0.127909
0.12791
0.12791
0.127911
0.127911
0.127911
0.127912
0.127912
0.127913
0.127913
0.127914
0.127914
0.127914
0.127915
0.127915
0.127915
0.127916
0.127916
0.127916
0.127917
0.127917
0.127918
0.127918
0.127918
0.127918
0.127919
0.127919
0.127919
0.12792
0.12792
0.12792
0.127921
0.127921
0.127921
0.127921
0.127922
0.127922
0.127922
0.127922
0.127922
0.127923
0.127923
0.127923
0.127923
0.127924
0.127924
0.127924
0.127924
0.127924
0.127924
0.127925
0.127925
0.127925
0.127925
0.127925
0.127925
0.127926
0.127926
0.127926
0.127926
0.127926
0.127926
0.127926
0.127926
0.127926
0.127926
0.127927
0.127927
0.127927
0.127927
0.127927
0.127927
0.127927
0.127927
0.127927
0.127927
0.127927
0.127927
0.127927
0.127927
0.127927
0.127927
0.127927
0.127927
0.127927
0.127927
0.127927
0.127927
0.127927
0.127927
0.127927
0.127927
0.127927
0.127927
0.127927
0.127927
0.127926
0.127926
0.127926
0.127926
0.127926
0.127926
0.127926
0.127926
0.127926
0.127926
0.127925
0.127925
0.127925
0.127925
0.127925
0.127925
0.127925
0.127924
0.127924
0.127924
0.127924
0.127924
0.127924
0.127923
0.127923
0.127923
0.127923
0.127923
0.127922
0.127922
0.127922
0.127922
0.127921
0.127921
0.127921
0.127921
0.12792
0.12792
0.12792
0.12792
0.127919
0.127919
0.127919
0.127918
0.127918
0.127918
0.127918
0.127917
0.127917
0.127917
0.127916
0.127916
0.127916
0.127915
0.127915
0.127915
0.127914
0.127914
0.127914
0.127913
0.127913
0.127913
0.127912
0.127912
0.127911
0.127911
0.127911
0.12791
0.12791
0.127909
0.127909
0.127909
0.127908
0.127908
0.127907
0.127907
0.127907
0.127906
0.127906
0.127905
0.127905
0.127904
0.127904
0.127903
0.127903
0.127902
0.127902
0.127901
0.127901
0.127901
0.1279
0.1279
0.127899
0.127899
0.127898
0.127897
0.127897
0.127896
0.127896
0.127895
0.127895
0.127894
0.127894
0.127893
0.127893
0.127892
0.127892
0.127891
0.12789
0.12789
0.127889
0.127889
0.127888
0.127888
0.127887
0.127886
0.127886
0.127885
0.127885
0.127884
0.127883
0.127883
0.127882
0.127881
0.127881
0.12788
0.12788
0.127879
0.127878
0.127878
0.127877
0.127876
0.127876
0.127875
0.127874
0.127874
0.127873
0.127872
0.127872
0.127871
0.12787
0.12787
0.127869
0.127868
0.127867
0.127867
0.127866
0.127865
0.127865
0.127864
0.127863
0.127862
0.127862
0.127861
0.12786
0.127859
0.127859
0.127858
0.127857
0.127856
0.127856
0.127855
0.127854
0.127853
0.127853
0.127852
0.127851
0.12785
0.127849
0.127849
0.127848
0.127847
0.127846
0.127845
0.127845
0.127844
0.127843
0.127842
0.127841
0.127841
0.12784
0.127839
0.127838
0.127837
0.127836
0.127835
0.127835
0.127834
0.127833
0.127832
0.127831
0.12783
0.127829
0.127829
0.127828
0.127827
0.127826
0.127825
0.127824
0.127823
0.127822
0.127821
0.127821
0.12782
0.127819
0.127818
0.127817
0.127816
0.127815
0.127814
0.127813
0.127812
0.127811
0.12781
0.127809
0.127808
0.127807
0.127807
0.127806
0.127805
0.127804
0.127803
0.127802
0.127801
0.1278
0.127799
0.127798
0.127797
0.127796
0.127795
0.127794
0.127793
0.127792
0.127791
0.12779
0.127789
0.127788
0.127787
0.127786
0.127785
0.127784
0.127783
0.127782
0.127781
0.12778
0.127779
0.127778
0.127777
0.127775
0.127774
0.127773
0.127772
0.127771
0.12777
0.127769
0.127768
0.127767
0.127766
0.127765
0.127764
0.127763
0.127762
0.12776
0.127759
0.127758
0.127757
0.127756
0.127755
0.127754
0.127753
0.127752
0.127751
0.127749
0.127748
0.127747
0.127746
0.127745
0.127744
0.127743
0.127742
0.12774
0.127739
0.127738
0.127737
0.127736
0.127735
0.127734
0.127732
0.127731
0.12773
0.127729
0.127728
0.127727
0.127725
0.127724
0.127723
0.127722
0.127721
0.12772
0.127718
0.127717
0.127716
0.127715
0.127714
0.127712
0.127711
0.12771
0.127709
0.127708
0.127706
0.127705
0.127704
0.127703
0.127702
0.1277
0.127699
0.127698
0.127697
0.127695
0.127694
0.127693
0.127692
0.12769
0.127689
0.127688
0.127687
0.127685
0.127684
0.127683
0.127682
0.12768
0.127679
0.127678
0.127677
0.127675
0.127674
0.127673
0.127671
0.12767
0.127669
0.127668
0.127666
0.127665
0.127664
0.127662
0.127661
0.12766
0.127659
0.127657
0.127656
0.127655
0.127653
0.127652
0.127651
0.127649
0.127648
0.127647
0.127645
0.127644
0.127643
0.127641
0.12764
0.127639
0.127637
0.127636
0.127635
0.127633
0.127632
0.127631
0.127629
0.127628
0.127627
0.127625
0.127624
0.127623
0.127621
0.12762
0.127619
0.127617
0.127616
0.127614
0.127613
0.127612
0.12761
0.127609
0.127608
0.127606
0.127605
0.127603
0.127602
0.127601
0.127599
0.127598
0.127596
0.127595
0.127594
0.127592
0.127591
0.127589
0.127588
0.127587
0.127585
0.127584
0.127582
0.127581
0.127579
0.127578
0.127577
0.127575
0.127574
0.127572
0.127571
0.127569
0.127568
0.127567
0.127565
0.127564
0.127562
0.127561
0.127559
0.127558
0.127556
0.127555
0.127554
0.127552
0.127551
0.127549
0.127548
0.127546
0.127545
0.127543
0.127542
0.12754
0.127539
0.127537
0.127536
0.127534
0.127533
0.127532
0.12753
0.127529
0.127527
0.127526
0.127524
0.127523
0.127521
0.12752
0.127518
0.127517
0.127515
0.127514
0.127512
0.127511
0.127509
0.127508
0.127506
0.127505
0.127503
0.127501
0.1275
0.127498
0.127497
0.127495
0.127494
0.127492
0.127491
0.127489
0.127488
0.127486
0.127485
0.127483
0.127482
0.12748
0.127479
0.127477
0.127475
0.127474
0.127472
0.127471
0.127469
0.127468
0.127466
0.127465
0.127463
0.127461
0.12746
0.127458
0.127457
0.127455
0.127454
0.127452
0.127451
0.127449
0.127447
0.127446
0.127444
0.127443
0.127441
0.12744
0.127438
0.127436
0.127435
0.127433
0.127432
0.12743
0.127428
0.127427
0.127425
0.127424
0.127422
0.12742
0.127419
0.127417
0.127416
0.127414
0.127412
0.127411
0.127409
0.127408
0.127406
0.127404
0.127403
0.127401
0.1274
0.127398
0.127396
0.127395
0.127393
0.127391
0.12739
0.127388
0.127387
0.127385
0.127383
0.127382
0.12738
0.127378
0.127377
0.127375
0.127374
0.127372
0.12737
0.127369
0.127367
0.127365
0.127364
0.127362
0.12736
0.127359
0.127357
0.127355
0.127354
0.127352
0.12735
0.127349
0.127347
0.127346
0.127344
0.127342
0.127341
0.127339
0.127337
0.127336
0.127334
0.127332
0.127331
0.127329
0.127327
0.127326
0.127324
0.127322
0.127321
0.127319
0.127317
0.127315
0.127314
0.127312
0.12731
0.127309
0.127307
0.127305
0.127304
0.127302
0.1273
0.127299
0.127297
0.127295
0.127294
0.127292
0.12729
0.127288
0.127287
0.127285
0.127283
0.127282
0.12728
0.127278
0.127277
0.127275
0.127273
0.127271
0.12727
0.127268
0.127266
0.127265
0.127263
0.127261
0.127259
0.127258
0.127256
0.127254
0.127253
0.127251
0.127249
0.127247
0.127246
0.127244
0.127242
0.12724
0.127239
0.127237
0.127235
0.127234
0.127232
0.12723
0.127228
0.127227
0.127225
0.127223
0.127221
0.12722
0.127218
0.127216
0.127214
0.127213
0.127211
0.127209
0.127207
0.127206
0.127204
0.127202
0.1272
0.127199
0.127197
0.127195
0.127193
0.127192
0.12719
0.127188
0.127186
0.127185
0.127183
0.127181
0.127179
0.127178
0.127176
0.127174
0.127172
0.127171
0.127169
0.127167
0.127165
0.127164
0.127162
0.12716
0.127158
0.127156
0.127155
0.127153
0.127151
0.127149
0.127148
0.127146
0.127144
0.127142
0.12714
0.127139
0.127137
0.127135
0.127133
0.127132
0.12713
0.127128
0.127126
0.127124
0.127123
0.127121
0.127119
0.127117
0.127115
0.127114
0.127112
0.12711
0.127108
0.127107
0.127105
0.127103
0.127101
0.127099
0.127098
0.127096
0.127094
0.127092
0.12709
0.127089
0.127087
0.127085
0.127083
0.127081
0.12708
0.127078
0.127076
0.127074
0.127072
0.12707
0.127069
0.127067
0.127065
0.127063
0.127061
0.12706
0.127058
0.127056
0.127054
0.127052
0.127051
0.127049
0.127047
0.127045
0.127043
0.127041
0.12704
0.127038
0.127036
0.127034
0.127032
0.127031
0.127029
0.127027
0.127025
0.127023
0.127021
0.12702
0.127018
0.127016
0.127014
0.127012
0.12701
0.127009
0.127007
0.127005
0.127003
0.127001
0.126999
0.126998
0.126996
0.126994
0.126992
0.12699
0.126988
0.126987
0.126985
0.126983
0.126981
0.126979
0.126977
0.126976
0.126974
0.126972
0.12697
0.126968
0.126966
0.126964
0.126963
0.126961
0.126959
0.126957
0.126955
0.126953
0.126952
0.12695
0.126948
0.126946
0.126944
0.126942
0.12694
0.126939
0.126937
0.126935
0.126933
0.126931
0.126929
0.126927
0.126926
0.126924
0.126922
0.12692
0.126918
0.126916
0.126914
0.126913
0.126911
0.126909
0.126907
0.126905
0.126903
0.126901
0.1269
0.126898
0.126896
0.126894
0.126892
0.12689
0.126888
0.126887
0.126885
0.126883
0.126881
0.126879
0.126877
0.126875
0.126873
0.126872
0.12687
0.126868
0.126866
0.126864
0.126862
0.12686
0.126859
0.126857
0.126855
0.126853
0.126851
0.126849
0.126847
0.126845
0.126844
0.126842
0.12684
0.126838
0.126836
0.126834
0.126832
0.12683
0.126829
0.126827
0.126825
0.126823
0.126821
0.126819
0.126817
0.126815
0.126813
0.126812
0.12681
0.126808
0.126806
0.126804
0.126802
0.1268
0.126798
0.126797
0.126795
0.126793
0.126791
0.126789
0.126787
0.126785
0.126783
0.126781
0.12678
0.126778
0.126776
0.126774
0.126772
0.12677
0.126768
0.126766
0.126764
0.126763
0.126761
0.126759
0.126757
0.126755
0.126753
0.126751
0.126749
0.126747
0.126746
0.126744
0.126742
0.12674
0.126738
0.126736
0.126734
0.126732
0.12673
0.126729
0.126727
0.126725
0.126723
0.126721
0.126719
0.126717
0.126715
0.126713
0.126711
0.12671
0.126708
0.126706
0.126704
0.126702
0.1267
0.126698
0.126696
0.126694
0.126692
0.126691
0.126689
0.126687
0.126685
0.126683
0.126681
0.126679
0.126677
0.126675
0.126673
0.126672
0.12667
0.126668
0.126666
0.126664
0.126662
0.12666
0.126658
0.126656
0.126654
0.126652
0.126651
0.126649
0.126647
0.126645
0.126643
0.126641
0.126639
0.126637
0.126635
0.126633
0.126632
0.12663
0.126628
0.126626
0.126624
0.126622
0.12662
0.126618
0.126616
0.126614
0.126612
0.126611
0.126609
0.126607
0.126605
0.126603
0.126601
0.126599
0.126597
0.126595
0.126593
0.126591
0.12659
0.126588
0.126586
0.126584
0.126582
0.12658
0.126578
0.126576
0.126574
0.126572
0.12657
0.126569
0.126567
0.126565
0.126563
0.126561
0.126559
0.126557
0.126555
0.126553
0.126551
0.126549
0.126547
0.126546
0.126544
0.126542
0.12654
0.126538
0.126536
0.126534
0.126532
0.12653
0.126528
0.126526
0.126525
0.126523
0.126521
0.126519
0.126517
0.126515
0.126513
0.126511
0.126509
0.126507
0.126505
0.126503
0.126502
0.1265
0.126498
0.126496
0.126494
0.126492
0.12649
0.126488
0.126486
0.126484
0.126482
0.12648
0.126479
0.126477
0.126475
0.126473
0.126471
0.126469
0.126467
0.126465
0.126463
0.126461
0.126459
0.126457
0.126456
0.126454
0.126452
0.12645
0.126448
0.126446
0.126444
0.126442
0.12644
0.126438
0.126436
0.126434
0.126433
0.126431
0.126429
0.126427
0.126425
0.126423
0.126421
0.126419
0.126417
0.126415
0.126413
0.126411
0.12641
0.126408
0.126406
0.126404
0.126402
0.1264
0.126398
0.126396
0.126394
0.126392
0.12639
0.126388
0.126387
0.126385
0.126383
0.126381
0.126379
0.126377
0.126375
0.126373
0.126371
0.126369
0.126367
0.126365
0.126364
0.126362
0.12636
0.126358
0.126356
0.126354
0.126352
0.12635
0.126348
0.126346
0.126344
0.126342
0.126341
0.126339
0.126337
0.126335
0.126333
0.126331
0.126329
0.126327
0.126325
0.126323
0.126321
0.12632
0.126318
0.126316
0.126314
0.126312
0.12631
0.126308
0.126306
0.126304
0.126302
0.1263
0.126298
0.126297
0.126295
0.126293
0.126291
0.126289
0.126287
0.126285
0.126283
0.126281
0.126279
0.126277
0.126275
0.126274
0.126272
0.12627
0.126268
0.126266
0.126264
0.126262
0.12626
0.126258
0.126256
0.126254
0.126253
0.126251
0.126249
0.126247
0.126245
0.126243
0.126241
0.126239
0.126237
0.126235
0.126233
0.126231
0.12623
0.126228
0.126226
0.126224
0.126222
0.12622
0.126218
0.126216
0.126214
0.126212
0.12621
0.126209
0.126207
0.126205
0.126203
0.126201
0.126199
0.126197
0.126195
0.126193
0.126191
0.126189
0.126188
0.126186
0.126184
0.126182
0.12618
0.126178
0.126176
0.126174
0.126172
0.12617
0.126168
0.126167
0.126165
0.126163
0.126161
0.126159
0.126157
0.126155
0.126153
0.126151
0.126149
0.126147
0.126146
0.126144
0.126142
0.12614
0.126138
0.126136
0.126134
0.126132
0.12613
0.126128
0.126127
0.126125
0.126123
0.126121
0.126119
0.126117
0.126115
0.126113
0.126111
0.126109
0.126107
0.126106
0.126104
0.126102
0.1261
0.126098
0.126096
0.126094
0.126092
0.12609
0.126088
0.126087
0.126085
0.126083
0.126081
0.126079
0.126077
0.126075
0.126073
0.126071
0.126069
0.126068
0.126066
0.126064
0.126062
0.12606
0.126058
0.126056
0.126054
0.126052
0.12605
0.126049
0.126047
0.126045
0.126043
0.126041
0.126039
0.126037
0.126035
0.126033
0.126031
0.12603
0.126028
0.126026
0.126024
0.126022
0.12602
0.126018
0.126016
0.126014
0.126013
0.126011
0.126009
0.126007
0.126005
0.126003
0.126001
0.125999
0.125997
0.125996
0.125994
0.125992
0.12599
0.125988
0.125986
0.125984
0.125982
0.12598
0.125979
0.125977
0.125975
0.125973
0.125971
0.125969
0.125967
0.125965
0.125963
0.125962
0.12596
0.125958
0.125956
0.125954
0.125952
0.12595
0.125948
0.125946
0.125945
0.125943
0.125941
0.125939
0.125937
0.125935
0.125933
0.125931
0.125929
0.125928
0.125926
0.125924
0.125922
0.12592
0.125918
0.125916
0.125914
0.125913
0.125911
0.125909
0.125907
0.125905
0.125903
0.125901
0.125899
0.125897
0.125896
0.125894
0.125892
0.12589
0.125888
0.125886
0.125884
0.125882
0.125881
0.125879
0.125877
0.125875
0.125873
0.125871
0.125869
0.125867
0.125866
0.125864
0.125862
0.12586
0.125858
0.125856
0.125854
0.125852
0.125851
0.125849
0.125847
0.125845
0.125843
0.125841
0.125839
0.125837
0.125836
0.125834
0.125832
0.12583
0.125828
0.125826
0.125824
0.125823
0.125821
0.125819
0.125817
0.125815
0.125813
0.125811
0.125809
0.125808
0.125806
0.125804
0.125802
0.1258
0.125798
0.125796
0.125795
0.125793
0.125791
0.125789
0.125787
0.125785
0.125783
0.125781
0.12578
0.125778
0.125776
0.125774
0.125772
0.12577
0.125768
0.125767
0.125765
0.125763
0.125761
0.125759
0.125757
0.125755
0.125754
0.125752
0.12575
0.125748
0.125746
0.125744
0.125742
0.125741
0.125739
0.125737
0.125735
0.125733
0.125731
0.125729
0.125728
0.125726
0.125724
0.125722
0.12572
0.125718
0.125717
0.125715
0.125713
0.125711
0.125709
0.125707
0.125705
0.125704
0.125702
0.1257
0.125698
0.125696
0.125694
0.125692
0.125691
0.125689
0.125687
0.125685
0.125683
0.125681
0.12568
0.125678
0.125676
0.125674
0.125672
0.12567
0.125668
0.125667
0.125665
0.125663
0.125661
0.125659
0.125657
0.125656
0.125654
0.125652
0.12565
0.125648
0.125646
0.125645
0.125643
0.125641
0.125639
0.125637
0.125635
0.125634
0.125632
0.12563
0.125628
0.125626
0.125624
0.125623
0.125621
0.125619
0.125617
0.125615
0.125613
0.125612
0.12561
0.125608
0.125606
0.125604
0.125602
0.125601
0.125599
0.125597
0.125595
0.125593
0.125591
0.12559
0.125588
0.125586
0.125584
0.125582
0.12558
0.125579
0.125577
0.125575
0.125573
0.125571
0.125569
0.125568
0.125566
0.125564
0.125562
0.12556
0.125559
0.125557
0.125555
0.125553
0.125551
0.125549
0.125548
0.125546
0.125544
0.125542
0.12554
0.125538
0.125537
0.125535
0.125533
0.125531
0.125529
0.125528
0.125526
0.125524
0.125522
0.12552
0.125518
0.125517
0.125515
0.125513
0.125511
0.125509
0.125508
0.125506
0.125504
0.125502
0.1255
0.125499
0.125497
0.125495
0.125493
0.125491
0.12549
0.125488
0.125486
0.125484
0.125482
0.12548
0.125479
0.125477
0.125475
0.125473
0.125471
0.12547
0.125468
0.125466
0.125464
0.125462
0.125461
0.125459
0.125457
0.125455
0.125453
0.125452
0.12545
0.125448
0.125446
0.125444
0.125443
0.125441
0.125439
0.125437
0.125435
0.125434
0.125432
0.12543
0.125428
0.125426
0.125425
0.125423
0.125421
0.125419
0.125417
0.125416
0.125414
0.125412
0.12541
0.125409
0.125407
0.125405
0.125403
0.125401
0.1254
0.125398
0.125396
0.125394
0.125392
0.125391
0.125389
0.125387
0.125385
0.125383
0.125382
0.12538
0.125378
0.125376
0.125375
0.125373
0.125371
0.125369
0.125367
0.125366
0.125364
0.125362
0.12536
0.125358
0.125357
0.125355
0.125353
0.125351
0.12535
0.125348
0.125346
0.125344
0.125342
0.125341
0.125339
0.125337
0.125335
0.125334
0.125332
0.12533
0.125328
0.125326
0.125325
0.125323
0.125321
0.125319
0.125318
0.125316
0.125314
0.125312
0.125311
0.125309
0.125307
0.125305
0.125303
0.125302
0.1253
0.125298
0.125296
0.125295
0.125293
0.125291
0.125289
0.125288
0.125286
0.125284
0.125282
0.125281
0.125279
0.125277
0.125275
0.125273
0.125272
0.12527
0.125268
0.125266
0.125265
0.125263
0.125261
0.125259
0.125258
0.125256
0.125254
0.125252
0.125251
0.125249
0.125247
0.125245
0.125244
0.125242
0.12524
0.125238
0.125237
0.125235
0.125233
0.125231
0.12523
0.125228
0.125226
0.125224
0.125223
0.125221
0.125219
0.125217
0.125216
0.125214
0.125212
0.12521
0.125209
0.125207
0.125205
0.125203
0.125202
0.1252
0.125198
0.125196
0.125195
0.125193
0.125191
0.125189
0.125188
0.125186
0.125184
0.125182
0.125181
0.125179
0.125177
0.125175
0.125174
0.125172
0.12517
0.125169
0.125167
0.125165
0.125163
0.125162
0.12516
0.125158
0.125156
0.125155
0.125153
0.125151
0.125149
0.125148
0.125146
0.125144
0.125143
0.125141
0.125139
0.125137
0.125136
0.125134
0.125132
0.12513
0.125129
0.125127
0.125125
0.125124
0.125122
0.12512
0.125118
0.125117
0.125115
0.125113
0.125111
0.12511
0.125108
0.125106
0.125105
0.125103
0.125101
0.125099
0.125098
0.125096
0.125094
0.125093
0.125091
0.125089
0.125087
0.125086
0.125084
0.125082
0.125081
0.125079
0.125077
0.125075
0.125074
0.125072
0.12507
0.125069
0.125067
0.125065
0.125063
0.125062
0.12506
0.125058
0.125057
0.125055
0.125053
0.125051
0.12505
0.125048
0.125046
0.125045
0.125043
0.125041
0.125039
0.125038
0.125036
0.125034
0.125033
0.125031
0.125029
0.125028
0.125026
0.125024
0.125022
0.125021
0.125019
0.125017
0.125016
0.125014
0.125012
0.125011
0.125009
0.125007
0.125005
0.125004
0.125002
0.125
0.124999
0.124997
0.124995
0.124994
0.124992
0.12499
0.124989
0.124987
0.124985
0.124983
0.124982
0.12498
0.124978
0.124977
0.124975
0.124973
0.124972
0.12497
0.124968
0.124967
0.124965
0.124963
0.124962
0.12496
0.124958
0.124957
0.124955
0.124953
0.124951
0.12495
0.124948
0.124946
0.124945
0.124943
0.124941
0.12494
0.124938
0.124936
0.124935
0.124933
0.124931
0.12493
0.124928
0.124926
0.124925
0.124923
0.124921
0.12492
0.124918
0.124916
0.124915
0.124913
0.124911
0.12491
0.124908
0.124906
0.124905
0.124903
0.124901
0.1249
0.124898
0.124896
0.124895
0.124893
0.124891
0.12489
0.124888
0.124886
0.124885
0.124883
0.124881
0.12488
0.124878
0.124876
0.124875
0.124873
0.124871
0.12487
0.124868
0.124866
0.124865
0.124863
0.124861
0.12486
0.124858
0.124856
0.124855
0.124853
0.124851
0.12485
0.124848
0.124846
0.124845
0.124843
0.124841
0.12484
0.124838
0.124837
0.124835
0.124833
0.124832
0.12483
0.124828
0.124827
0.124825
0.124823
0.124822
0.12482
0.124818
0.124817
0.124815
0.124813
0.124812
0.12481
0.124809
0.124807
0.124805
0.124804
0.124802
0.1248
0.124799
0.124797
0.124795
0.124794
0.124792
0.12479
0.124789
0.124787
0.124786
0.124784
0.124782
0.124781
0.124779
0.124777
0.124776
0.124774
0.124772
0.124771
0.124769
0.124768
0.124766
0.124764
0.124763
0.124761
0.124759
0.124758
0.124756
0.124755
0.124753
0.124751
0.12475
0.124748
0.124746
0.124745
0.124743
0.124742
0.12474
0.124738
0.124737
0.124735
0.124733
0.124732
0.12473
0.124729
0.124727
0.124725
0.124724
0.124722
0.12472
0.124719
0.124717
0.124716
0.124714
0.124712
0.124711
0.124709
0.124708
0.124706
0.124704
0.124703
0.124701
0.124699
0.124698
0.124696
0.124695
0.124693
0.124691
0.12469
0.124688
0.124687
0.124685
0.124683
0.124682
0.12468
0.124679
0.124677
0.124675
0.124674
0.124672
0.12467
0.124669
0.124667
0.124666
0.124664
0.124662
0.124661
0.124659
0.124658
0.124656
0.124654
0.124653
0.124651
0.12465
0.124648
0.124646
0.124645
0.124643
0.124642
0.12464
0.124639
0.124637
0.124635
0.124634
0.124632
0.124631
0.124629
0.124627
0.124626
0.124624
0.124623
0.124621
0.124619
0.124618
0.124616
0.124615
0.124613
0.124611
0.12461
0.124608
0.124607
0.124605
0.124604
0.124602
0.1246
0.124599
0.124597
0.124596
0.124594
0.124592
0.124591
0.124589
0.124588
0.124586
0.124585
0.124583
0.124581
0.12458
0.124578
0.124577
0.124575
0.124573
0.124572
0.12457
0.124569
0.124567
0.124566
0.124564
0.124562
0.124561
0.124559
0.124558
0.124556
0.124555
0.124553
0.124551
0.12455
0.124548
0.124547
0.124545
0.124544
0.124542
0.12454
0.124539
0.124537
0.124536
0.124534
0.124533
0.124531
0.12453
0.124528
0.124526
0.124525
0.124523
0.124522
0.12452
0.124519
0.124517
0.124515
0.124514
0.124512
0.124511
0.124509
0.124508
0.124506
0.124505
0.124503
0.124501
0.1245
0.124498
0.124497
0.124495
0.124494
0.124492
0.124491
0.124489
0.124487
0.124486
0.124484
0.124483
0.124481
0.12448
0.124478
0.124477
0.124475
0.124474
0.124472
0.12447
0.124469
0.124467
0.124466
0.124464
0.124463
0.124461
0.12446
0.124458
0.124457
0.124455
0.124453
0.124452
0.12445
0.124449
0.124447
0.124446
0.124444
0.124443
0.124441
0.12444
0.124438
0.124437
0.124435
0.124433
0.124432
0.12443
0.124429
0.124427
0.124426
0.124424
0.124423
0.124421
0.12442
0.124418
0.124417
0.124415
0.124414
0.124412
0.124411
0.124409
0.124407
0.124406
0.124404
0.124403
0.124401
0.1244
0.124398
0.124397
0.124395
0.124394
0.124392
0.124391
0.124389
0.124388
0.124386
0.124385
0.124383
0.124382
0.12438
0.124379
0.124377
0.124375
0.124374
0.124372
0.124371
0.124369
0.124368
0.124366
0.124365
0.124363
0.124362
0.12436
0.124359
0.124357
0.124356
0.124354
0.124353
0.124351
0.12435
0.124348
0.124347
0.124345
0.124344
0.124342
0.124341
0.124339
0.124338
0.124336
0.124335
0.124333
0.124332
0.12433
0.124329
0.124327
0.124326
0.124324
0.124323
0.124321
0.12432
0.124318
0.124317
0.124315
0.124314
0.124312
0.124311
0.124309
0.124308
0.124306
0.124305
0.124303
0.124302
0.1243
0.124299
0.124297
0.124296
0.124294
0.124293
0.124291
0.12429
0.124288
0.124287
0.124285
0.124284
0.124282
0.124281
0.124279
0.124278
0.124276
0.124275
0.124273
0.124272
0.12427
0.124269
0.124267
0.124266
0.124264
0.124263
0.124261
0.12426
0.124259
0.124257
0.124256
0.124254
0.124253
0.124251
0.12425
0.124248
0.124247
0.124245
0.124244
0.124242
0.124241
0.124239
0.124238
0.124236
0.124235
0.124233
0.124232
0.12423
0.124229
0.124228
0.124226
0.124225
0.124223
0.124222
0.12422
0.124219
0.124217
0.124216
0.124214
0.124213
0.124211
0.12421
0.124208
0.124207
0.124205
0.124204
0.124203
0.124201
0.1242
0.124198
0.124197
0.124195
0.124194
0.124192
0.124191
0.124189
0.124188
0.124186
0.124185
0.124184
0.124182
0.124181
0.124179
0.124178
0.124176
0.124175
0.124173
0.124172
0.12417
0.124169
0.124168
0.124166
0.124165
0.124163
0.124162
0.12416
0.124159
0.124157
0.124156
0.124154
0.124153
0.124152
0.12415
0.124149
0.124147
0.124146
0.124144
0.124143
0.124141
0.12414
0.124139
0.124137
0.124136
0.124134
0.124133
0.124131
0.12413
0.124128
0.124127
0.124126
0.124124
0.124123
0.124121
0.12412
0.124118
0.124117
0.124116
0.124114
0.124113
0.124111
0.12411
0.124108
0.124107
0.124105
0.124104
0.124103
0.124101
0.1241
0.124098
0.124097
0.124095
0.124094
0.124093
0.124091
0.12409
0.124088
0.124087
0.124085
0.124084
0.124083
0.124081
0.12408
0.124078
0.124077
0.124075
0.124074
0.124073
0.124071
0.12407
0.124068
0.124067
0.124065
0.124064
0.124063
0.124061
0.12406
0.124058
0.124057
0.124056
0.124054
0.124053
0.124051
0.12405
0.124048
0.124047
0.124046
0.124044
0.124043
0.124041
0.12404
0.124039
0.124037
0.124036
0.124034
0.124033
0.124031
0.12403
0.124029
0.124027
0.124026
0.124024
0.124023
0.124022
0.12402
0.124019
0.124017
0.124016
0.124015
0.124013
0.124012
0.12401
0.124009
0.124008
0.124006
0.124005
0.124003
0.124002
0.124001
0.123999
0.123998
0.123996
0.123995
0.123994
0.123992
0.123991
0.123989
0.123988
0.123987
0.123985
0.123984
0.123982
0.123981
0.12398
0.123978
0.123977
0.123975
0.123974
0.123973
0.123971
0.12397
0.123968
0.123967
0.123966
0.123964
0.123963
0.123962
0.12396
0.123959
0.123957
0.123956
0.123955
0.123953
0.123952
0.12395
0.123949
0.123948
0.123946
0.123945
0.123944
0.123942
0.123941
0.123939
0.123938
0.123937
0.123935
0.123934
0.123932
0.123931
0.12393
0.123928
0.123927
0.123926
0.123924
0.123923
0.123921
0.12392
0.123919
0.123917
0.123916
0.123915
0.123913
0.123912
0.12391
0.123909
0.123908
0.123906
0.123905
0.123904
0.123902
0.123901
0.123899
0.123898
0.123897
0.123895
0.123894
0.123893
0.123891
0.12389
0.123889
0.123887
0.123886
0.123884
0.123883
0.123882
0.12388
0.123879
0.123878
0.123876
0.123875
0.123874
0.123872
0.123871
0.123869
0.123868
0.123867
0.123865
0.123864
0.123863
0.123861
0.12386
0.123859
0.123857
0.123856
0.123855
0.123853
0.123852
0.123851
0.123849
0.123848
0.123846
0.123845
0.123844
0.123842
0.123841
0.12384
0.123838
0.123837
0.123836
0.123834
0.123833
0.123832
0.12383
0.123829
0.123828
0.123826
0.123825
0.123824
0.123822
0.123821
0.12382
0.123818
0.123817
0.123815
0.123814
0.123813
0.123811
0.12381
0.123809
0.123807
0.123806
0.123805
0.123803
0.123802
0.123801
0.123799
0.123798
0.123797
0.123795
0.123794
0.123793
0.123791
0.12379
0.123789
0.123787
0.123786
0.123785
0.123783
0.123782
0.123781
0.123779
0.123778
0.123777
0.123775
0.123774
0.123773
0.123771
0.12377
0.123769
0.123767
0.123766
0.123765
0.123764
0.123762
0.123761
0.12376
0.123758
0.123757
0.123756
0.123754
0.123753
0.123752
0.12375
0.123749
0.123748
0.123746
0.123745
0.123744
0.123742
0.123741
0.12374
0.123738
0.123737
0.123736
0.123734
0.123733
0.123732
0.123731
0.123729
0.123728
0.123727
0.123725
0.123724
0.123723
0.123721
0.12372
0.123719
0.123717
0.123716
0.123715
0.123714
0.123712
0.123711
0.12371
0.123708
0.123707
0.123706
0.123704
0.123703
0.123702
0.1237
0.123699
0.123698
0.123697
0.123695
0.123694
0.123693
0.123691
0.12369
0.123689
0.123687
0.123686
0.123685
0.123684
0.123682
0.123681
0.12368
0.123678
0.123677
0.123676
0.123674
0.123673
0.123672
0.123671
0.123669
0.123668
0.123667
0.123665
0.123664
0.123663
0.123662
0.12366
0.123659
0.123658
0.123656
0.123655
0.123654
0.123653
0.123651
0.12365
0.123649
0.123647
0.123646
0.123645
0.123644
0.123642
0.123641
0.12364
0.123638
0.123637
0.123636
0.123635
0.123633
0.123632
0.123631
0.123629
0.123628
0.123627
0.123626
0.123624
0.123623
0.123622
0.12362
0.123619
0.123618
0.123617
0.123615
0.123614
0.123613
0.123612
0.12361
0.123609
0.123608
0.123606
0.123605
0.123604
0.123603
0.123601
0.1236
0.123599
0.123598
0.123596
0.123595
0.123594
0.123592
0.123591
0.12359
0.123589
0.123587
0.123586
0.123585
0.123584
0.123582
0.123581
0.12358
0.123579
0.123577
0.123576
0.123575
0.123573
0.123572
0.123571
0.12357
0.123568
0.123567
0.123566
0.123565
0.123563
0.123562
0.123561
0.12356
0.123558
0.123557
0.123556
0.123555
0.123553
0.123552
0.123551
0.12355
0.123548
0.123547
0.123546
0.123545
0.123543
0.123542
0.123541
0.12354
0.123538
0.123537
0.123536
0.123535
0.123533
0.123532
0.123531
0.12353
0.123528
0.123527
0.123526
0.123525
0.123523
0.123522
0.123521
0.12352
0.123518
0.123517
0.123516
0.123515
0.123513
0.123512
0.123511
0.12351
0.123508
0.123507
0.123506
0.123505
0.123503
0.123502
0.123501
0.1235
0.123499
0.123497
0.123496
0.123495
0.123494
0.123492
0.123491
0.12349
0.123489
0.123487
0.123486
0.123485
0.123484
0.123482
0.123481
0.12348
0.123479
0.123478
0.123476
0.123475
0.123474
0.123473
0.123471
0.12347
0.123469
0.123468
0.123466
0.123465
0.123464
0.123463
0.123462
0.12346
0.123459
0.123458
0.123457
0.123455
0.123454
0.123453
0.123452
0.123451
0.123449
0.123448
0.123447
0.123446
0.123444
0.123443
0.123442
0.123441
0.12344
0.123438
0.123437
0.123436
0.123435
0.123434
0.123432
0.123431
0.12343
0.123429
0.123427
0.123426
0.123425
0.123424
0.123423
0.123421
0.12342
0.123419
0.123418
0.123417
0.123415
0.123414
0.123413
0.123412
0.123411
0.123409
0.123408
0.123407
0.123406
0.123404
0.123403
0.123402
0.123401
0.1234
0.123398
0.123397
0.123396
0.123395
0.123394
0.123392
0.123391
0.12339
0.123389
0.123388
0.123386
0.123385
0.123384
0.123383
0.123382
0.12338
0.123379
0.123378
0.123377
0.123376
0.123374
0.123373
0.123372
0.123371
0.12337
0.123368
0.123367
0.123366
0.123365
0.123364
0.123363
0.123361
0.12336
0.123359
0.123358
0.123357
0.123355
0.123354
0.123353
0.123352
0.123351
0.123349
0.123348
0.123347
0.123346
0.123345
0.123344
0.123342
0.123341
0.12334
0.123339
0.123338
0.123336
0.123335
0.123334
0.123333
0.123332
0.123331
0.123329
0.123328
0.123327
0.123326
0.123325
0.123323
0.123322
0.123321
0.12332
0.123319
0.123318
0.123316
0.123315
0.123314
0.123313
0.123312
0.12331
0.123309
0.123308
0.123307
0.123306
0.123305
0.123303
0.123302
0.123301
0.1233
0.123299
0.123298
0.123296
0.123295
0.123294
0.123293
0.123292
0.123291
0.123289
0.123288
0.123287
0.123286
0.123285
0.123284
0.123282
0.123281
0.12328
0.123279
0.123278
0.123277
0.123275
0.123274
0.123273
0.123272
0.123271
0.12327
0.123268
0.123267
0.123266
0.123265
0.123264
0.123263
0.123262
0.12326
0.123259
0.123258
0.123257
0.123256
0.123255
0.123253
0.123252
0.123251
0.12325
0.123249
0.123248
0.123247
0.123245
0.123244
0.123243
0.123242
0.123241
0.12324
0.123238
0.123237
0.123236
0.123235
0.123234
0.123233
0.123232
0.12323
0.123229
0.123228
0.123227
0.123226
0.123225
0.123224
0.123222
0.123221
0.12322
0.123219
0.123218
0.123217
0.123216
0.123214
0.123213
0.123212
0.123211
0.12321
0.123209
0.123208
0.123206
0.123205
0.123204
0.123203
0.123202
0.123201
0.1232
0.123198
0.123197
0.123196
0.123195
0.123194
0.123193
0.123192
0.12319
0.123189
0.123188
0.123187
0.123186
0.123185
0.123184
0.123183
0.123181
0.12318
0.123179
0.123178
0.123177
0.123176
0.123175
0.123174
0.123172
0.123171
0.12317
0.123169
0.123168
0.123167
0.123166
0.123165
0.123163
0.123162
0.123161
0.12316
0.123159
0.123158
0.123157
0.123156
0.123154
0.123153
0.123152
0.123151
0.12315
0.123149
0.123148
0.123147
0.123145
0.123144
0.123143
0.123142
0.123141
0.12314
0.123139
0.123138
0.123137
0.123135
0.123134
0.123133
0.123132
0.123131
0.12313
0.123129
0.123128
0.123126
0.123125
0.123124
0.123123
0.123122
0.123121
0.12312
0.123119
0.123118
0.123116
0.123115
0.123114
0.123113
0.123112
0.123111
0.12311
0.123109
0.123108
0.123107
0.123105
0.123104
0.123103
0.123102
0.123101
0.1231
0.123099
0.123098
0.123097
0.123095
0.123094
0.123093
0.123092
0.123091
0.12309
0.123089
0.123088
0.123087
0.123086
0.123084
0.123083
0.123082
0.123081
0.12308
0.123079
0.123078
0.123077
0.123076
0.123075
0.123074
0.123072
0.123071
0.12307
0.123069
0.123068
0.123067
0.123066
0.123065
0.123064
0.123063
0.123062
0.12306
0.123059
0.123058
0.123057
0.123056
0.123055
0.123054
0.123053
0.123052
0.123051
0.12305
0.123048
0.123047
0.123046
0.123045
0.123044
0.123043
0.123042
0.123041
0.12304
0.123039
0.123038
0.123037
0.123035
0.123034
0.123033
0.123032
0.123031
0.12303
0.123029
0.123028
0.123027
0.123026
0.123025
0.123024
0.123022
0.123021
0.12302
0.123019
0.123018
0.123017
0.123016
0.123015
0.123014
0.123013
0.123012
0.123011
0.12301
0.123009
0.123007
0.123006
0.123005
0.123004
0.123003
0.123002
0.123001
0.123
0.122999
0.122998
0.122997
0.122996
0.122995
0.122994
0.122992
0.122991
0.12299
0.122989
0.122988
0.122987
0.122986
0.122985
0.122984
0.122983
0.122982
0.122981
0.12298
0.122979
0.122978
0.122977
0.122975
0.122974
0.122973
0.122972
0.122971
0.12297
0.122969
0.122968
0.122967
0.122966
0.122965
0.122964
0.122963
0.122962
0.122961
0.12296
0.122959
0.122957
0.122956
0.122955
0.122954
0.122953
0.122952
0.122951
0.12295
0.122949
0.122948
0.122947
0.122946
0.122945
0.122944
0.122943
0.122942
0.122941
0.12294
0.122939
0.122937
0.122936
0.122935
0.122934
0.122933
0.122932
0.122931
0.12293
0.122929
0.122928
0.122927
0.122926
0.122925
0.122924
0.122923
0.122922
0.122921
0.12292
0.122919
0.122918
0.122917
0.122916
0.122915
0.122913
0.122912
0.122911
0.12291
0.122909
0.122908
0.122907
0.122906
0.122905
0.122904
0.122903
0.122902
0.122901
0.1229
0.122899
0.122898
0.122897
0.122896
0.122895
0.122894
0.122893
0.122892
0.122891
0.12289
0.122889
0.122888
0.122887
0.122886
0.122884
0.122883
0.122882
0.122881
0.12288
0.122879
0.122878
0.122877
0.122876
0.122875
0.122874
0.122873
0.122872
0.122871
0.12287
0.122869
0.122868
0.122867
0.122866
0.122865
0.122864
0.122863
0.122862
0.122861
0.12286
0.122859
0.122858
0.122857
0.122856
0.122855
0.122854
0.122853
0.122852
0.122851
0.12285
0.122849
0.122848
0.122847
0.122846
0.122845
0.122844
0.122843
0.122842
0.12284
0.122839
0.122838
0.122837
0.122836
0.122835
0.122834
0.122833
0.122832
0.122831
0.12283
0.122829
0.122828
0.122827
0.122826
0.122825
0.122824
0.122823
0.122822
0.122821
0.12282
0.122819
0.122818
0.122817
0.122816
0.122815
0.122814
0.122813
0.122812
0.122811
0.12281
0.122809
0.122808
0.122807
0.122806
0.122805
0.122804
0.122803
0.122802
0.122801
0.1228
0.122799
0.122798
0.122797
0.122796
0.122795
0.122794
0.122793
0.122792
0.122791
0.12279
0.122789
0.122788
0.122787
0.122786
0.122785
0.122784
0.122783
0.122782
0.122781
0.12278
0.122779
0.122778
0.122777
0.122776
0.122775
0.122774
0.122773
0.122772
0.122771
0.12277
0.122769
0.122768
0.122767
0.122766
0.122765
0.122764
0.122763
0.122762
0.122761
0.12276
0.122759
0.122758
0.122757
0.122756
0.122755
0.122754
0.122753
0.122752
0.122751
0.12275
0.122749
0.122748
0.122748
0.122747
0.122746
0.122745
0.122744
0.122743
0.122742
0.122741
0.12274
0.122739
0.122738
0.122737
0.122736
0.122735
0.122734
0.122733
0.122732
0.122731
0.12273
0.122729
0.122728
0.122727
0.122726
0.122725
0.122724
0.122723
0.122722
0.122721
0.12272
0.122719
0.122718
0.122717
0.122716
0.122715
0.122714
0.122713
0.122712
0.122711
0.12271
0.122709
0.122708
0.122707
0.122706
0.122705
0.122705
0.122704
0.122703
0.122702
0.122701
0.1227
0.122699
0.122698
0.122697
0.122696
0.122695
0.122694
0.122693
0.122692
0.122691
0.12269
0.122689
0.122688
0.122687
0.122686
0.122685
0.122684
0.122683
0.122682
0.122681
0.12268
0.122679
0.122678
0.122678
0.122677
0.122676
0.122675
0.122674
0.122673
0.122672
0.122671
0.12267
0.122669
0.122668
0.122667
0.122666
0.122665
0.122664
0.122663
0.122662
0.122661
0.12266
0.122659
0.122658
0.122657
0.122656
0.122655
0.122655
0.122654
0.122653
0.122652
0.122651
0.12265
0.122649
0.122648
0.122647
0.122646
0.122645
0.122644
0.122643
0.122642
0.122641
0.12264
0.122639
0.122638
0.122637
0.122636
0.122636
0.122635
0.122634
0.122633
0.122632
0.122631
0.12263
0.122629
0.122628
0.122627
0.122626
0.122625
0.122624
0.122623
0.122622
0.122621
0.12262
0.12262
0.122619
0.122618
0.122617
0.122616
0.122615
0.122614
0.122613
0.122612
0.122611
0.12261
0.122609
0.122608
0.122607
0.122606
0.122605
0.122604
0.122604
0.122603
0.122602
0.122601
0.1226
0.122599
0.122598
0.122597
0.122596
0.122595
0.122594
0.122593
0.122592
0.122591
0.12259
0.12259
0.122589
0.122588
0.122587
0.122586
0.122585
0.122584
0.122583
0.122582
0.122581
0.12258
0.122579
0.122578
0.122577
0.122577
0.122576
0.122575
0.122574
0.122573
0.122572
0.122571
0.12257
0.122569
0.122568
0.122567
0.122566
0.122565
0.122565
0.122564
0.122563
0.122562
0.122561
0.12256
0.122559
0.122558
0.122557
0.122556
0.122555
0.122554
0.122553
0.122553
0.122552
0.122551
0.12255
0.122549
0.122548
0.122547
0.122546
0.122545
0.122544
0.122543
0.122542
0.122542
0.122541
0.12254
0.122539
0.122538
0.122537
0.122536
0.122535
0.122534
0.122533
0.122532
0.122532
0.122531
0.12253
0.122529
0.122528
0.122527
0.122526
0.122525
0.122524
0.122523
0.122522
0.122522
0.122521
0.12252
0.122519
0.122518
0.122517
0.122516
0.122515
0.122514
0.122513
0.122512
0.122512
0.122511
0.12251
0.122509
0.122508
0.122507
0.122506
0.122505
0.122504
0.122503
0.122503
0.122502
0.122501
0.1225
0.122499
0.122498
0.122497
0.122496
0.122495
0.122494
0.122494
0.122493
0.122492
0.122491
0.12249
0.122489
0.122488
0.122487
0.122486
0.122485
0.122485
0.122484
0.122483
0.122482
0.122481
0.12248
0.122479
0.122478
0.122477
0.122476
0.122476
0.122475
0.122474
0.122473
0.122472
0.122471
0.12247
0.122469
0.122468
0.122468
0.122467
0.122466
0.122465
0.122464
0.122463
0.122462
0.122461
0.12246
0.12246
0.122459
0.122458
0.122457
0.122456
0.122455
0.122454
0.122453
0.122452
0.122452
0.122451
0.12245
0.122449
0.122448
0.122447
0.122446
0.122445
0.122445
0.122444
0.122443
0.122442
0.122441
0.12244
0.122439
0.122438
0.122437
0.122437
0.122436
0.122435
0.122434
0.122433
0.122432
0.122431
0.12243
0.12243
0.122429
0.122428
0.122427
0.122426
0.122425
0.122424
0.122423
0.122423
0.122422
0.122421
0.12242
0.122419
0.122418
0.122417
0.122416
0.122416
0.122415
0.122414
0.122413
0.122412
0.122411
0.12241
0.122409
0.122409
0.122408
0.122407
0.122406
0.122405
0.122404
0.122403
0.122403
0.122402
0.122401
0.1224
0.122399
0.122398
0.122397
0.122396
0.122396
0.122395
0.122394
0.122393
0.122392
0.122391
0.12239
0.12239
0.122389
0.122388
0.122387
0.122386
0.122385
0.122384
0.122383
0.122383
0.122382
0.122381
0.12238
0.122379
0.122378
0.122377
0.122377
0.122376
0.122375
0.122374
0.122373
0.122372
0.122371
0.122371
0.12237
0.122369
0.122368
0.122367
0.122366
0.122365
0.122365
0.122364
0.122363
0.122362
0.122361
0.12236
0.122359
0.122359
0.122358
0.122357
0.122356
0.122355
0.122354
0.122354
0.122353
0.122352
0.122351
0.12235
0.122349
0.122348
0.122348
0.122347
0.122346
0.122345
0.122344
0.122343
0.122342
0.122342
0.122341
0.12234
0.122339
0.122338
0.122337
0.122337
0.122336
0.122335
0.122334
0.122333
0.122332
0.122331
0.122331
0.12233
0.122329
0.122328
0.122327
0.122326
0.122326
0.122325
0.122324
0.122323
0.122322
0.122321
0.122321
0.12232
0.122319
0.122318
0.122317
0.122316
0.122315
0.122315
0.122314
0.122313
0.122312
0.122311
0.12231
0.12231
0.122309
0.122308
0.122307
0.122306
0.122305
0.122305
0.122304
0.122303
0.122302
0.122301
0.1223
0.1223
0.122299
0.122298
0.122297
0.122296
0.122295
0.122295
0.122294
0.122293
0.122292
0.122291
0.12229
0.12229
0.122289
0.122288
0.122287
0.122286
0.122285
0.122285
0.122284
0.122283
0.122282
0.122281
0.12228
0.12228
0.122279
0.122278
0.122277
0.122276
0.122275
0.122275
0.122274
0.122273
0.122272
0.122271
0.122271
0.12227
0.122269
0.122268
0.122267
0.122266
0.122266
0.122265
0.122264
0.122263
0.122262
0.122261
0.122261
0.12226
0.122259
0.122258
0.122257
0.122257
0.122256
0.122255
0.122254
0.122253
0.122252
0.122252
0.122251
0.12225
0.122249
0.122248
0.122248
0.122247
0.122246
0.122245
0.122244
0.122243
0.122243
0.122242
0.122241
0.12224
0.122239
0.122239
0.122238
0.122237
0.122236
0.122235
0.122235
0.122234
0.122233
0.122232
0.122231
0.12223
0.12223
0.122229
0.122228
0.122227
0.122226
0.122226
0.122225
0.122224
0.122223
0.122222
0.122222
0.122221
0.12222
0.122219
0.122218
0.122218
0.122217
0.122216
0.122215
0.122214
0.122214
0.122213
0.122212
0.122211
0.12221
0.122209
0.122209
0.122208
0.122207
0.122206
0.122205
0.122205
0.122204
0.122203
0.122202
0.122201
0.122201
0.1222
0.122199
0.122198
0.122197
0.122197
0.122196
0.122195
0.122194
0.122193
0.122193
0.122192
0.122191
0.12219
0.122189
0.122189
0.122188
0.122187
0.122186
0.122185
0.122185
0.122184
0.122183
0.122182
0.122182
0.122181
0.12218
0.122179
0.122178
0.122178
0.122177
0.122176
0.122175
0.122174
0.122174
0.122173
0.122172
0.122171
0.12217
0.12217
0.122169
0.122168
0.122167
0.122166
0.122166
0.122165
0.122164
0.122163
0.122162
0.122162
0.122161
0.12216
0.122159
0.122159
0.122158
0.122157
0.122156
0.122155
0.122155
0.122154
0.122153
0.122152
0.122151
0.122151
0.12215
0.122149
0.122148
0.122148
0.122147
0.122146
0.122145
0.122144
0.122144
0.122143
0.122142
0.122141
0.122141
0.12214
0.122139
0.122138
0.122137
0.122137
0.122136
0.122135
0.122134
0.122133
0.122133
0.122132
0.122131
0.12213
0.12213
0.122129
0.122128
0.122127
0.122126
0.122126
0.122125
0.122124
0.122123
0.122123
0.122122
0.122121
0.12212
0.12212
0.122119
0.122118
0.122117
0.122116
0.122116
0.122115
0.122114
0.122113
0.122113
0.122112
0.122111
0.12211
0.122109
0.122109
0.122108
0.122107
0.122106
0.122106
0.122105
0.122104
0.122103
0.122103
0.122102
0.122101
0.1221
0.122099
0.122099
0.122098
0.122097
0.122096
0.122096
0.122095
0.122094
0.122093
0.122093
0.122092
0.122091
0.12209
0.122089
0.122089
0.122088
0.122087
0.122086
0.122086
0.122085
0.122084
0.122083
0.122083
0.122082
0.122081
0.12208
0.12208
0.122079
0.122078
0.122077
0.122077
0.122076
0.122075
0.122074
0.122073
0.122073
0.122072
0.122071
0.12207
0.12207
0.122069
0.122068
0.122067
0.122067
0.122066
0.122065
0.122064
0.122064
0.122063
0.122062
0.122061
0.122061
0.12206
0.122059
0.122058
0.122058
0.122057
0.122056
0.122055
0.122055
0.122054
0.122053
0.122052
0.122052
0.122051
0.12205
0.122049
0.122049
0.122048
0.122047
0.122046
0.122046
0.122045
0.122044
0.122043
0.122043
0.122042
0.122041
0.12204
0.12204
0.122039
0.122038
0.122037
0.122037
0.122036
0.122035
0.122034
0.122034
0.122033
0.122032
0.122031
0.122031
0.12203
0.122029
0.122028
0.122028
0.122027
0.122026
0.122025
0.122025
0.122024
0.122023
0.122022
0.122022
0.122021
0.12202
0.122019
0.122019
0.122018
0.122017
0.122016
0.122016
0.122015
0.122014
0.122014
0.122013
0.122012
0.122011
0.122011
0.12201
0.122009
0.122008
0.122008
0.122007
0.122006
0.122005
0.122005
0.122004
0.122003
0.122002
0.122002
0.122001
0.122
0.122
0.121999
0.121998
0.121997
0.121997
0.121996
0.121995
0.121994
0.121994
0.121993
0.121992
0.121991
0.121991
0.12199
0.121989
0.121988
0.121988
0.121987
0.121986
0.121986
0.121985
0.121984
0.121983
0.121983
0.121982
0.121981
0.12198
0.12198
0.121979
0.121978
0.121978
0.121977
0.121976
0.121975
0.121975
0.121974
0.121973
0.121972
0.121972
0.121971
0.12197
0.12197
0.121969
0.121968
0.121967
0.121967
0.121966
0.121965
0.121964
0.121964
0.121963
0.121962
0.121962
0.121961
0.12196
0.121959
0.121959
0.121958
0.121957
0.121957
0.121956
0.121955
0.121954
0.121954
0.121953
0.121952
0.121951
0.121951
0.12195
0.121949
0.121949
0.121948
0.121947
0.121946
0.121946
0.121945
0.121944
0.121944
0.121943
0.121942
0.121941
0.121941
0.12194
0.121939
0.121939
0.121938
0.121937
0.121936
0.121936
0.121935
0.121934
0.121934
0.121933
0.121932
0.121931
0.121931
0.12193
0.121929
0.121929
0.121928
0.121927
0.121926
0.121926
0.121925
0.121924
0.121924
0.121923
0.121922
0.121921
0.121921
0.12192
0.121919
0.121919
0.121918
0.121917
0.121916
0.121916
0.121915
0.121914
0.121914
0.121913
0.121912
0.121912
0.121911
0.12191
0.121909
0.121909
0.121908
0.121907
0.121907
0.121906
0.121905
0.121904
0.121904
0.121903
0.121902
0.121902
0.121901
0.1219
0.1219
0.121899
0.121898
0.121897
0.121897
0.121896
0.121895
0.121895
0.121894
0.121893
0.121893
0.121892
0.121891
0.12189
0.12189
0.121889
0.121888
0.121888
0.121887
0.121886
0.121886
0.121885
0.121884
0.121883
0.121883
