0.5
0.495025
0.490099
0.485223
0.480395
0.475615
0.470882
0.466197
0.461558
0.456966
0.452419
0.447917
0.44346
0.439048
0.434679
0.430354
0.426072
0.421832
0.417635
0.41348
0.409365
0.405292
0.401259
0.397267
0.393314
0.3894
0.385526
0.38169
0.377892
0.374132
0.370409
0.366723
0.363075
0.359462
0.355885
0.352344
0.348838
0.345367
0.341931
0.338528
0.33516
0.331825
0.328523
0.325255
0.322018
0.318814
0.315642
0.312501
0.309392
0.306313
0.303265
0.300248
0.29726
0.294302
0.291374
0.288475
0.285605
0.282763
0.279949
0.277164
0.274406
0.271675
0.268972
0.266296
0.263646
0.261023
0.258426
0.255854
0.253309
0.250788
0.248293
0.245822
0.243376
0.240955
0.238557
0.236184
0.233834
0.231507
0.229204
0.226923
0.224665
0.22243
0.220217
0.218026
0.215857
0.213709
0.211583
0.209478
0.207394
0.20533
0.203288
0.201265
0.199263
0.197281
0.195318
0.193375
0.191452
0.189548
0.187662
0.185796
0.183948
0.182119
0.180308
0.178516
0.176741
0.174984
0.173245
0.171523
0.169818
0.168131
0.166461
0.164807
0.163171
0.161551
0.159947
0.15836
0.156789
0.155234
0.153695
0.152172
0.150664
0.149172
0.147696
0.146234
0.144789
0.143358
0.141942
0.140541
0.139156
0.137785
0.136428
0.135087
0.13376
0.132447
0.131149
0.129865
0.128596
0.127341
0.1261
0.124874
0.123662
0.122464
0.12128
0.12011
0.118954
0.117813
0.116685
0.115572
0.114473
0.113388
0.112317
0.11126
0.110218
0.10919
0.108176
0.107176
0.106191
0.10522
0.104263
0.103321
0.102393
0.10148
0.100582
0.0996978
0.0988285
0.0979739
0.097134
0.0963089
0.0954986
0.0947032
0.0939226
0.0931568
0.092406
0.09167
0.090949
0.0902428
0.0895515
0.0888751
0.0882136
0.0875668
0.0869348
0.0863175
0.0857148
0.0851268
0.0845532
0.0839939
0.083449
0.0829183
0.0824016
0.0818989
0.0814099
0.0809346
0.0804727
0.0800242
0.0795887
0.0791663
0.0787565
0.0783594
0.0779745
0.0776018
0.077241
0.0768919
0.0765542
0.0762278
0.0759123
0.0756076
0.0753134
0.0750295
0.0747555
0.0744914
0.0742367
0.0739913
0.0737549
0.0735273
0.0733082
0.0730975
0.0728947
0.0726998
0.0725124
0.0723324
0.0721595
0.0719934
0.0718341
0.0716811
0.0715344
0.0713938
0.0712589
0.0711297
0.0710058
0.0708872
0.0707737
0.070665
0.070561
0.0704615
0.0703664
0.0702754
0.0701885
0.0701055
0.0700262
0.0699505
0.0698782
0.0698093
0.0697435
0.0696808
0.0696211
0.0695641
0.0695099
0.0694583
0.0694092
0.0693625
0.0693181
0.069276
0.0692359
0.0691979
0.0691618
0.0691276
0.0690952
0.0690645
0.0690354
0.069008
0.068982
0.0689575
0.0689344
0.0689126
0.0688921
0.0688729
0.0688548
0.0688378
0.0688219
0.068807
0.0687932
0.0687802
0.0687682
0.068757
0.0687467
0.0687371
0.0687284
0.0687203
0.068713
0.0687063
0.0687002
0.0686948
0.06869
0.0686857
0.0686819
0.0686787
0.068676
0.0686737
0.0686719
0.0686705
0.0686695
0.0686689
0.0686687
0.0686689
0.0686694
0.0686702
0.0686714
0.0686728
0.0686746
0.0686766
0.0686789
0.0686814
0.0686842
0.0686872
0.0686905
0.0686939
0.0686976
0.0687014
0.0687055
0.0687097
0.0687141
0.0687186
0.0687233
0.0687281
0.0687331
0.0687383
0.0687435
0.0687489
0.0687544
0.06876
0.0687657
0.0687715
0.0687774
0.0687834
0.0687895
0.0687956
0.0688019
0.0688082
0.0688146
0.0688211
0.0688276
0.0688342
0.0688409
0.0688476
0.0688543
0.0688611
0.068868
0.0688749
0.0688819
0.0688888
0.0688959
0.0689029
0.06891
0.0689171
0.0689243
0.0689315
0.0689387
0.0689459
0.0689532
0.0689604
0.0689677
0.068975
0.0689823
0.0689897
0.068997
0.0690044
0.0690118
0.0690192
0.0690266
0.069034
0.0690414
0.0690488
0.0690562
0.0690636
0.069071
0.0690785
0.0690859
0.0690933
0.0691007
0.0691082
0.0691156
0.069123
0.0691304
0.0691378
0.0691452
0.0691526
0.06916
0.0691674
0.0691747
0.0691821
0.0691895
0.0691968
0.0692041
0.0692115
0.0692188
0.0692261
0.0692334
0.0692406
0.0692479
0.0692552
0.0692624
0.0692696
0.0692768
0.069284
0.0692912
0.0692984
0.0693055
0.0693127
0.0693198
0.0693269
0.069334
0.069341
0.0693481
0.0693551
0.0693621
0.0693691
0.0693761
0.0693831
0.06939
0.0693969
0.0694038
0.0694107
0.0694176
0.0694244
0.0694312
0.0694381
0.0694448
0.0694516
0.0694583
0.0694651
0.0694718
0.0694784
0.0694851
0.0694917
0.0694983
0.0695049
0.0695115
0.069518
0.0695246
0.0695311
0.0695375
0.069544
0.0695504
0.0695568
0.0695632
0.0695696
0.0695759
0.0695822
0.0695885
0.0695948
0.069601
0.0696073
0.0696135
0.0696196
0.0696258
0.0696319
0.069638
0.0696441
0.0696501
0.0696562
0.0696622
0.0696682
0.0696741
0.06968
0.069686
0.0696918
0.0696977
0.0697035
0.0697093
0.0697151
0.0697209
0.0697266
0.0697323
0.069738
0.0697436
0.0697493
0.0697549
0.0697605
0.069766
0.0697715
0.069777
0.0697825
0.069788
0.0697934
0.0697988
0.0698042
0.0698095
0.0698149
0.0698202
0.0698254
0.0698307
0.0698359
0.0698411
0.0698463
0.0698514
0.0698565
0.0698616
0.0698667
0.0698717
0.0698768
0.0698818
0.0698867
0.0698917
0.0698966
0.0699015
0.0699063
0.0699112
0.069916
0.0699208
0.0699255
0.0699302
0.069935
0.0699396
0.0699443
0.0699489
0.0699535
0.0699581
0.0699626
0.0699672
0.0699717
0.0699761
0.0699806
0.069985
0.0699894
0.0699938
0.0699981
0.0700024
0.0700067
0.070011
0.0700152
0.0700195
0.0700237
0.0700278
0.070032
0.0700361
0.0700402
0.0700442
0.0700483
0.0700523
0.0700562
0.0700602
0.0700641
0.070068
0.0700719
0.0700758
0.0700796
0.0700834
0.0700872
0.070091
0.0700947
0.0700984
0.0701021
0.0701057
0.0701093
0.070113
0.0701165
0.0701201
0.0701236
0.0701271
0.0701306
0.070134
0.0701375
0.0701409
0.0701442
0.0701476
0.0701509
0.0701542
0.0701575
0.0701607
0.070164
0.0701672
0.0701703
0.0701735
0.0701766
0.0701797
0.0701828
0.0701858
0.0701889
0.0701919
0.0701949
0.0701978
0.0702007
0.0702036
0.0702065
0.0702094
0.0702122
0.070215
0.0702178
0.0702205
0.0702233
0.070226
0.0702287
0.0702313
0.070234
0.0702366
0.0702392
0.0702417
0.0702443
0.0702468
0.0702493
0.0702517
0.0702542
0.0702566
0.070259
0.0702614
0.0702637
0.070266
0.0702683
0.0702706
0.0702729
0.0702751
0.0702773
0.0702795
0.0702816
0.0702838
0.0702859
0.070288
0.07029
0.0702921
0.0702941
0.0702961
0.070298
0.0703
0.0703019
0.0703038
0.0703057
0.0703075
0.0703094
0.0703112
0.070313
0.0703147
0.0703164
0.0703182
0.0703199
0.0703215
0.0703232
0.0703248
0.0703264
0.070328
0.0703295
0.0703311
0.0703326
0.0703341
0.0703355
0.070337
0.0703384
0.0703398
0.0703412
0.0703425
0.0703438
0.0703451
0.0703464
0.0703477
0.0703489
0.0703502
0.0703514
0.0703525
0.0703537
0.0703548
0.0703559
0.070357
0.0703581
0.0703591
0.0703601
0.0703611
0.0703621
0.0703631
0.070364
0.0703649
0.0703658
0.0703667
0.0703675
0.0703683
0.0703691
0.0703699
0.0703707
0.0703714
0.0703721
0.0703728
0.0703735
0.0703742
0.0703748
0.0703754
0.070376
0.0703766
0.0703771
0.0703776
0.0703781
0.0703786
0.0703791
0.0703795
0.07038
0.0703804
0.0703807
0.0703811
0.0703814
0.0703817
0.070382
0.0703823
0.0703826
0.0703828
0.070383
0.0703832
0.0703834
0.0703835
0.0703837
0.0703838
0.0703839
0.0703839
0.070384
0.070384
0.070384
0.070384
0.070384
0.0703839
0.0703839
0.0703838
0.0703837
0.0703835
0.0703834
0.0703832
0.070383
0.0703828
0.0703826
0.0703823
0.070382
0.0703818
0.0703814
0.0703811
0.0703808
0.0703804
0.07038
0.0703796
0.0703792
0.0703787
0.0703782
0.0703778
0.0703772
0.0703767
0.0703762
0.0703756
0.070375
0.0703744
0.0703738
0.0703731
0.0703725
0.0703718
0.0703711
0.0703704
0.0703696
0.0703689
0.0703681
0.0703673
0.0703665
0.0703657
0.0703648
0.0703639
0.070363
0.0703621
0.0703612
0.0703602
0.0703593
0.0703583
0.0703573
0.0703563
0.0703552
0.0703542
0.0703531
0.070352
0.0703509
0.0703497
0.0703486
0.0703474
0.0703462
0.070345
0.0703438
0.0703425
0.0703413
0.07034
0.0703387
0.0703374
0.070336
0.0703347
0.0703333
0.0703319
0.0703305
0.0703291
0.0703276
0.0703261
0.0703247
0.0703232
0.0703216
0.0703201
0.0703185
0.070317
0.0703154
0.0703138
0.0703121
0.0703105
0.0703088
0.0703072
0.0703055
0.0703037
0.070302
0.0703003
0.0702985
0.0702967
0.0702949
0.0702931
0.0702912
0.0702894
0.0702875
0.0702856
0.0702837
0.0702818
0.0702798
0.0702779
0.0702759
0.0702739
0.0702719
0.0702698
0.0702678
0.0702657
0.0702636
0.0702615
0.0702594
0.0702573
0.0702551
0.070253
0.0702508
0.0702486
0.0702464
0.0702441
0.0702419
0.0702396
0.0702373
0.070235
0.0702327
0.0702303
0.070228
0.0702256
0.0702232
0.0702208
0.0702184
0.0702159
0.0702135
0.070211
0.0702085
0.070206
0.0702035
0.070201
0.0701984
0.0701958
0.0701932
0.0701906
0.070188
0.0701854
0.0701827
0.07018
0.0701773
0.0701746
0.0701719
0.0701692
0.0701664
0.0701636
0.0701609
0.070158
0.0701552
0.0701524
0.0701495
0.0701467
0.0701438
0.0701409
0.070138
0.070135
0.0701321
0.0701291
0.0701261
0.0701231
0.0701201
0.0701171
0.070114
0.070111
0.0701079
0.0701048
0.0701017
0.0700986
0.0700954
0.0700923
0.0700891
0.0700859
0.0700827
0.0700795
0.0700762
0.070073
0.0700697
0.0700664
0.0700631
0.0700598
0.0700565
0.0700531
0.0700497
0.0700464
0.070043
0.0700396
0.0700361
0.0700327
0.0700292
0.0700258
0.0700223
0.0700188
0.0700152
0.0700117
0.0700082
0.0700046
0.070001
0.0699974
0.0699938
0.0699902
0.0699865
0.0699829
0.0699792
0.0699755
0.0699718
0.0699681
0.0699643
0.0699606
0.0699568
0.069953
0.0699492
0.0699454
0.0699416
0.0699378
0.0699339
0.06993
0.0699261
0.0699222
0.0699183
0.0699144
0.0699104
0.0699065
0.0699025
0.0698985
0.0698945
0.0698905
0.0698864
0.0698824
0.0698783
0.0698742
0.0698701
0.069866
0.0698619
0.0698577
0.0698536
0.0698494
0.0698452
0.069841
0.0698368
0.0698326
0.0698283
0.0698241
0.0698198
0.0698155
0.0698112
0.0698069
0.0698025
0.0697982
0.0697938
0.0697894
0.0697851
0.0697806
0.0697762
0.0697718
0.0697673
0.0697629
0.0697584
0.0697539
0.0697494
0.0697449
0.0697403
0.0697358
0.0697312
0.0697266
0.069722
0.0697174
0.0697128
0.0697081
0.0697035
0.0696988
0.0696941
0.0696894
0.0696847
0.06968
0.0696753
0.0696705
0.0696657
0.0696609
0.0696561
0.0696513
0.0696465
0.0696417
0.0696368
0.0696319
0.0696271
0.0696222
0.0696173
0.0696123
0.0696074
0.0696024
0.0695975
0.0695925
0.0695875
0.0695825
0.0695775
0.0695724
0.0695674
0.0695623
0.0695572
0.0695521
0.069547
0.0695419
0.0695368
0.0695316
0.0695264
0.0695213
0.0695161
0.0695109
0.0695056
0.0695004
0.0694952
0.0694899
0.0694846
0.0694793
0.069474
0.0694687
0.0694634
0.069458
0.0694527
0.0694473
0.0694419
0.0694365
0.0694311
0.0694257
0.0694202
0.0694148
0.0694093
0.0694038
0.0693983
0.0693928
0.0693873
0.0693818
0.0693762
0.0693707
0.0693651
0.0693595
0.0693539
0.0693483
0.0693426
0.069337
0.0693313
0.0693257
0.06932
0.0693143
0.0693086
0.0693028
0.0692971
0.0692913
0.0692856
0.0692798
0.069274
0.0692682
0.0692624
0.0692565
0.0692507
0.0692448
0.069239
0.0692331
0.0692272
0.0692213
0.0692153
0.0692094
0.0692034
0.0691975
0.0691915
0.0691855
0.0691795
0.0691735
0.0691674
0.0691614
0.0691553
0.0691492
0.0691432
0.0691371
0.0691309
0.0691248
0.0691187
0.0691125
0.0691064
0.0691002
0.069094
0.0690878
0.0690816
0.0690753
0.0690691
0.0690628
0.0690566
0.0690503
0.069044
0.0690377
0.0690313
0.069025
0.0690187
0.0690123
0.0690059
0.0689995
0.0689931
0.0689867
0.0689803
0.0689738
0.0689674
0.0689609
0.0689544
0.0689479
0.0689414
0.0689349
0.0689284
0.0689218
0.0689153
0.0689087
0.0689021
0.0688955
0.0688889
0.0688823
0.0688757
0.068869
0.0688624
0.0688557
0.068849
0.0688423
0.0688356
0.0688289
0.0688221
0.0688154
0.0688086
0.0688018
0.0687951
0.0687883
0.0687814
0.0687746
0.0687678
0.0687609
0.0687541
0.0687472
0.0687403
0.0687334
0.0687265
0.0687195
0.0687126
0.0687057
0.0686987
0.0686917
0.0686847
0.0686777
0.0686707
0.0686637
0.0686566
0.0686496
0.0686425
0.0686354
0.0686283
0.0686212
0.0686141
0.068607
0.0685998
0.0685927
0.0685855
0.0685783
0.0685711
0.0685639
0.0685567
0.0685495
0.0685422
0.068535
0.0685277
0.0685204
0.0685132
0.0685058
0.0684985
0.0684912
0.0684839
0.0684765
0.0684691
0.0684618
0.0684544
0.068447
0.0684395
0.0684321
0.0684247
0.0684172
0.0684098
0.0684023
0.0683948
0.0683873
0.0683798
0.0683722
0.0683647
0.0683571
0.0683496
0.068342
0.0683344
0.0683268
0.0683192
0.0683116
0.0683039
0.0682963
0.0682886
0.0682809
0.0682733
0.0682656
0.0682579
0.0682501
0.0682424
0.0682346
0.0682269
0.0682191
0.0682113
0.0682035
0.0681957
0.0681879
0.0681801
0.0681722
0.0681644
0.0681565
0.0681486
0.0681407
0.0681328
0.0681249
0.068117
0.068109
0.0681011
0.0680931
0.0680851
0.0680771
0.0680691
0.0680611
0.0680531
0.068045
0.068037
0.0680289
0.0680209
0.0680128
0.0680047
0.0679966
0.0679884
0.0679803
0.0679721
0.067964
0.0679558
0.0679476
0.0679394
0.0679312
0.067923
0.0679148
0.0679065
0.0678983
0.06789
0.0678817
0.0678734
0.0678651
0.0678568
0.0678485
0.0678402
0.0678318
0.0678234
0.0678151
0.0678067
0.0677983
0.0677899
0.0677815
0.067773
0.0677646
0.0677561
0.0677476
0.0677392
0.0677307
0.0677222
0.0677137
0.0677051
0.0676966
0.067688
0.0676795
0.0676709
0.0676623
0.0676537
0.0676451
0.0676365
0.0676278
0.0676192
0.0676105
0.0676019
0.0675932
0.0675845
0.0675758
0.0675671
0.0675583
0.0675496
0.0675408
0.0675321
0.0675233
0.0675145
0.0675057
0.0674969
0.0674881
0.0674792
0.0674704
0.0674615
0.0674527
0.0674438
0.0674349
0.067426
0.0674171
0.0674081
0.0673992
0.0673902
0.0673813
0.0673723
0.0673633
0.0673543
0.0673453
0.0673363
0.0673273
0.0673182
0.0673092
0.0673001
0.067291
0.0672819
0.0672728
0.0672637
0.0672546
0.0672454
0.0672363
0.0672271
0.067218
0.0672088
0.0671996
0.0671904
0.0671811
0.0671719
0.0671627
0.0671534
0.0671442
0.0671349
0.0671256
0.0671163
0.067107
0.0670977
0.0670883
0.067079
0.0670696
0.0670602
0.0670509
0.0670415
0.0670321
0.0670227
0.0670132
0.0670038
0.0669943
0.0669849
0.0669754
0.0669659
0.0669564
0.0669469
0.0669374
0.0669279
0.0669183
0.0669088
0.0668992
0.0668896
0.06688
0.0668704
0.0668608
0.0668512
0.0668416
0.0668319
0.0668223
0.0668126
0.0668029
0.0667932
0.0667835
0.0667738
0.0667641
0.0667543
0.0667446
0.0667348
0.0667251
0.0667153
0.0667055
0.0666957
0.0666859
0.066676
0.0666662
0.0666563
0.0666465
0.0666366
0.0666267
0.0666168
0.0666069
0.066597
0.0665871
0.0665771
0.0665672
0.0665572
0.0665472
0.0665372
0.0665272
0.0665172
0.0665072
0.0664972
0.0664871
0.0664771
0.066467
0.0664569
0.0664468
0.0664367
0.0664266
0.0664165
0.0664063
0.0663962
0.066386
0.0663758
0.0663657
0.0663555
0.0663453
0.066335
0.0663248
0.0663146
0.0663043
0.0662941
0.0662838
0.0662735
0.0662632
0.0662529
0.0662426
0.0662322
0.0662219
0.0662115
0.0662012
0.0661908
0.0661804
0.06617
0.0661596
0.0661492
0.0661387
0.0661283
0.0661178
0.0661074
0.0660969
0.0660864
0.0660759
0.0660654
0.0660549
0.0660443
0.0660338
0.0660232
0.0660127
0.0660021
0.0659915
0.0659809
0.0659703
0.0659596
0.065949
0.0659383
0.0659277
0.065917
0.0659063
0.0658956
0.0658849
0.0658742
0.0658635
0.0658527
0.065842
0.0658312
0.0658204
0.0658096
0.0657988
0.065788
0.0657772
0.0657664
0.0657555
0.0657447
0.0657338
0.0657229
0.065712
0.0657011
0.0656902
0.0656793
0.0656684
0.0656574
0.0656465
0.0656355
0.0656245
0.0656135
0.0656025
0.0655915
0.0655805
0.0655694
0.0655584
0.0655473
0.0655362
0.0655252
0.0655141
0.065503
0.0654918
0.0654807
0.0654696
0.0654584
0.0654472
0.0654361
0.0654249
0.0654137
0.0654025
0.0653912
0.06538
0.0653688
0.0653575
0.0653462
0.065335
0.0653237
0.0653124
0.0653011
0.0652897
0.0652784
0.065267
0.0652557
0.0652443
0.0652329
0.0652215
0.0652101
0.0651987
0.0651873
0.0651758
0.0651644
0.0651529
0.0651414
0.06513
0.0651185
0.0651069
0.0650954
0.0650839
0.0650723
0.0650608
0.0650492
0.0650376
0.0650261
0.0650145
0.0650028
0.0649912
0.0649796
0.0649679
0.0649563
0.0649446
0.0649329
0.0649212
0.0649095
0.0648978
0.0648861
0.0648743
0.0648626
0.0648508
0.064839
0.0648272
0.0648154
0.0648036
0.0647918
0.06478
0.0647681
0.0647563
0.0647444
0.0647325
0.0647206
0.0647087
0.0646968
0.0646849
0.0646729
0.064661
0.064649
0.064637
0.064625
0.064613
0.064601
0.064589
0.064577
0.0645649
0.0645529
0.0645408
0.0645287
0.0645166
0.0645045
0.0644924
0.0644803
0.0644681
0.064456
0.0644438
0.0644317
0.0644195
0.0644073
0.0643951
0.0643828
0.0643706
0.0643584
0.0643461
0.0643338
0.0643215
0.0643093
0.0642969
0.0642846
0.0642723
0.06426
0.0642476
0.0642352
0.0642229
0.0642105
0.0641981
0.0641857
0.0641732
0.0641608
0.0641484
0.0641359
0.0641234
0.0641109
0.0640985
0.0640859
0.0640734
0.0640609
0.0640484
0.0640358
0.0640232
0.0640107
0.0639981
0.0639855
0.0639728
0.0639602
0.0639476
0.0639349
0.0639223
0.0639096
0.0638969
0.0638842
0.0638715
0.0638588
0.063846
0.0638333
0.0638205
0.0638078
0.063795
0.0637822
0.0637694
0.0637566
0.0637437
0.0637309
0.063718
0.0637052
0.0636923
0.0636794
0.0636665
0.0636536
0.0636407
0.0636277
0.0636148
0.0636018
0.0635888
0.0635758
0.0635628
0.0635498
0.0635368
0.0635238
0.0635107
0.0634977
0.0634846
0.0634715
0.0634584
0.0634453
0.0634322
0.063419
0.0634059
0.0633927
0.0633796
0.0633664
0.0633532
0.06334
0.0633268
0.0633135
0.0633003
0.063287
0.0632738
0.0632605
0.0632472
0.0632339
0.0632206
0.0632072
0.0631939
0.0631805
0.0631672
0.0631538
0.0631404
0.063127
0.0631136
0.0631002
0.0630867
0.0630733
0.0630598
0.0630463
0.0630329
0.0630194
0.0630058
0.0629923
0.0629788
0.0629652
0.0629517
0.0629381
0.0629245
0.0629109
0.0628973
0.0628837
0.06287
0.0628564
0.0628427
0.0628291
0.0628154
0.0628017
0.062788
0.0627742
0.0627605
0.0627468
0.062733
0.0627192
0.0627055
0.0626917
0.0626778
0.062664
0.0626502
0.0626363
0.0626225
0.0626086
0.0625947
0.0625808
0.0625669
0.062553
0.0625391
0.0625251
0.0625112
0.0624972
0.0624832
0.0624692
0.0624552
0.0624412
0.0624272
0.0624131
0.0623991
0.062385
0.0623709
0.0623569
0.0623427
0.0623286
0.0623145
0.0623004
0.0622862
0.062272
0.0622579
0.0622437
0.0622295
0.0622153
0.062201
0.0621868
0.0621725
0.0621583
0.062144
0.0621297
0.0621154
0.0621011
0.0620868
0.0620724
0.0620581
0.0620437
0.0620293
0.0620149
0.0620005
0.0619861
0.0619717
0.0619573
0.0619428
0.0619284
0.0619139
0.0618994
0.0618849
0.0618704
0.0618559
0.0618413
0.0618268
0.0618122
0.0617977
0.0617831
0.0617685
0.0617539
0.0617392
0.0617246
0.06171
0.0616953
0.0616806
0.061666
0.0616513
0.0616365
0.0616218
0.0616071
0.0615924
0.0615776
0.0615628
0.0615481
0.0615333
0.0615185
0.0615036
0.0614888
0.061474
0.0614591
0.0614443
0.0614294
0.0614145
0.0613996
0.0613847
0.0613698
0.0613548
0.0613399
0.0613249
0.0613099
0.0612949
0.0612799
0.0612649
0.0612499
0.0612349
0.0612198
0.0612048
0.0611897
0.0611746
0.0611595
0.0611444
0.0611293
0.0611142
0.061099
0.0610839
0.0610687
0.0610536
0.0610384
0.0610232
0.061008
0.0609927
0.0609775
0.0609622
0.060947
0.0609317
0.0609164
0.0609011
0.0608858
0.0608705
0.0608552
0.0608398
0.0608245
0.0608091
0.0607937
0.0607784
0.060763
0.0607475
0.0607321
0.0607167
0.0607012
0.0606858
0.0606703
0.0606548
0.0606393
0.0606238
0.0606083
0.0605928
0.0605773
0.0605617
0.0605461
0.0605306
0.060515
0.0604994
0.0604838
0.0604682
0.0604525
0.0604369
0.0604212
0.0604056
0.0603899
0.0603742
0.0603585
0.0603428
0.0603271
0.0603113
0.0602956
0.0602799
0.0602641
0.0602483
0.0602325
0.0602167
0.0602009
0.0601851
0.0601693
0.0601534
0.0601376
0.0601217
0.0601058
0.0600899
0.060074
0.0600581
0.0600422
0.0600263
0.0600103
0.0599944
0.0599784
0.0599624
0.0599465
0.0599305
0.0599145
0.0598984
0.0598824
0.0598664
0.0598503
0.0598343
0.0598182
0.0598021
0.059786
0.0597699
0.0597538
0.0597377
0.0597216
0.0597054
0.0596893
0.0596731
0.0596569
0.0596407
0.0596245
0.0596083
0.0595921
0.0595759
0.0595596
0.0595434
0.0595271
0.0595109
0.0594946
0.0594783
0.059462
0.0594457
0.0594294
0.0594131
0.0593967
0.0593804
0.059364
0.0593476
0.0593313
0.0593149
0.0592985
0.0592821
0.0592656
0.0592492
0.0592328
0.0592163
0.0591999
0.0591834
0.0591669
0.0591504
0.059134
0.0591174
0.0591009
0.0590844
0.0590679
0.0590513
0.0590348
0.0590182
0.0590016
0.0589851
0.0589685
0.0589519
0.0589353
0.0589186
0.058902
0.0588854
0.0588687
0.0588521
0.0588354
0.0588187
0.0588021
0.0587854
0.0587687
0.058752
0.0587352
0.0587185
0.0587018
0.058685
0.0586683
0.0586515
0.0586347
0.058618
0.0586012
0.0585844
0.0585676
0.0585508
0.0585339
0.0585171
0.0585003
0.0584834
0.0584666
0.0584497
0.0584328
0.0584159
0.058399
0.0583821
0.0583652
0.0583483
0.0583314
0.0583145
0.0582975
0.0582806
0.0582636
0.0582466
0.0582297
0.0582127
0.0581957
0.0581787
0.0581617
0.0581447
0.0581277
0.0581106
0.0580936
0.0580766
0.0580595
0.0580425
0.0580254
0.0580083
0.0579912
0.0579741
0.0579571
0.0579399
0.0579228
0.0579057
0.0578886
0.0578715
0.0578543
0.0578372
0.05782
0.0578029
0.0577857
0.0577685
0.0577513
0.0577341
0.0577169
0.0576997
0.0576825
0.0576653
0.0576481
0.0576308
0.0576136
0.0575964
0.0575791
0.0575619
0.0575446
0.0575273
0.05751
0.0574928
0.0574755
0.0574582
0.0574409
0.0574235
0.0574062
0.0573889
0.0573716
0.0573542
0.0573369
0.0573196
0.0573022
0.0572848
0.0572675
0.0572501
0.0572327
0.0572153
0.057198
0.0571806
0.0571632
0.0571457
0.0571283
0.0571109
0.0570935
0.0570761
0.0570586
0.0570412
0.0570237
0.0570063
0.0569888
0.0569714
0.0569539
0.0569364
0.056919
0.0569015
0.056884
0.0568665
0.056849
0.0568315
0.056814
0.0567965
0.0567789
0.0567614
0.0567439
0.0567264
0.0567088
0.0566913
0.0566737
0.0566562
0.0566386
0.0566211
0.0566035
0.0565859
0.0565683
0.0565508
0.0565332
0.0565156
0.056498
0.0564804
0.0564628
0.0564452
0.0564276
0.05641
0.0563924
0.0563747
0.0563571
0.0563395
0.0563219
0.0563042
0.0562866
0.0562689
0.0562513
0.0562336
0.056216
0.0561983
0.0561807
0.056163
0.0561453
0.0561277
0.05611
0.0560923
0.0560746
0.0560569
0.0560393
0.0560216
0.0560039
0.0559862
0.0559685
0.0559508
0.0559331
0.0559154
0.0558976
0.0558799
0.0558622
0.0558445
0.0558268
0.055809
0.0557913
0.0557736
0.0557558
0.0557381
0.0557204
0.0557026
0.0556849
0.0556671
0.0556494
0.0556316
0.0556139
0.0555961
0.0555784
0.0555606
0.0555429
0.0555251
0.0555073
0.0554896
0.0554718
0.055454
0.0554363
0.0554185
0.0554007
0.0553829
0.0553652
0.0553474
0.0553296
0.0553118
0.055294
0.0552762
0.0552585
0.0552407
0.0552229
0.0552051
0.0551873
0.0551695
0.0551517
0.0551339
0.0551161
0.0550983
0.0550805
0.0550627
0.0550449
0.0550271
0.0550093
0.0549915
0.0549737
0.0549559
0.0549381
0.0549203
0.0549025
0.0548847
0.0548669
0.0548491
0.0548313
0.0548135
0.0547957
0.0547779
0.0547601
0.0547423
0.0547245
0.0547067
0.0546888
0.054671
0.0546532
0.0546354
0.0546176
0.0545998
0.054582
0.0545642
0.0545464
0.0545286
0.0545108
0.054493
0.0544752
0.0544574
0.0544396
0.0544218
0.054404
0.0543862
0.0543684
0.0543506
0.0543328
0.054315
0.0542972
0.0542794
0.0542616
0.0542438
0.054226
0.0542082
0.0541904
0.0541726
0.0541549
0.0541371
0.0541193
0.0541015
0.0540837
0.0540659
0.0540482
0.0540304
0.0540126
0.0539948
0.0539771
0.0539593
0.0539415
0.0539238
0.053906
0.0538882
0.0538705
0.0538527
0.053835
0.0538172
0.0537994
0.0537817
0.0537639
0.0537462
0.0537285
0.0537107
0.053693
0.0536752
0.0536575
0.0536398
0.053622
0.0536043
0.0535866
0.0535688
0.0535511
0.0535334
0.0535157
0.053498
0.0534803
0.0534626
0.0534449
0.0534272
0.0534095
0.0533918
0.0533741
0.0533564
0.0533387
0.053321
0.0533033
0.0532856
0.053268
0.0532503
0.0532326
0.053215
0.0531973
0.0531796
0.053162
0.0531443
0.0531267
0.053109
0.0530914
0.0530738
0.0530561
0.0530385
0.0530209
0.0530033
0.0529856
0.052968
0.0529504
0.0529328
0.0529152
0.0528976
0.05288
0.0528624
0.0528448
0.0528272
0.0528097
0.0527921
0.0527745
0.0527569
0.0527394
0.0527218
0.0527043
0.0526867
0.0526692
0.0526516
0.0526341
0.0526166
0.052599
0.0525815
0.052564
0.0525465
0.052529
0.0525115
0.0524939
0.0524765
0.052459
0.0524415
0.052424
0.0524065
0.052389
0.0523716
0.0523541
0.0523367
0.0523192
0.0523018
0.0522843
0.0522669
0.0522495
0.052232
0.0522146
0.0521972
0.0521798
0.0521624
0.052145
0.0521276
0.0521102
0.0520928
0.0520754
0.0520581
0.0520407
0.0520233
0.052006
0.0519886
0.0519713
0.0519539
0.0519366
0.0519193
0.0519019
0.0518846
0.0518673
0.05185
0.0518327
0.0518154
0.0517981
0.0517809
0.0517636
0.0517463
0.051729
0.0517118
0.0516945
0.0516773
0.0516601
0.0516428
0.0516256
0.0516084
0.0515912
0.051574
0.0515568
0.0515396
0.0515224
0.0515052
0.051488
0.0514708
0.0514537
0.0514365
0.0514194
0.0514022
0.0513851
0.051368
0.0513508
0.0513337
0.0513166
0.0512995
0.0512824
0.0512653
0.0512482
0.0512312
0.0512141
0.051197
0.05118
0.0511629
0.0511459
0.0511288
0.0511118
0.0510948
0.0510778
0.0510608
0.0510438
0.0510268
0.0510098
0.0509928
0.0509759
0.0509589
0.0509419
0.050925
0.050908
0.0508911
0.0508742
0.0508573
0.0508403
0.0508234
0.0508065
0.0507897
0.0507728
0.0507559
0.050739
0.0507222
0.0507053
0.0506885
0.0506716
0.0506548
0.050638
0.0506212
0.0506044
0.0505876
0.0505708
0.050554
0.0505372
0.0505204
0.0505037
0.0504869
0.0504702
0.0504534
0.0504367
0.05042
0.0504033
0.0503866
0.0503699
0.0503532
0.0503365
0.0503198
0.0503032
0.0502865
0.0502699
0.0502532
0.0502366
0.05022
0.0502033
0.0501867
0.0501701
0.0501535
0.050137
0.0501204
0.0501038
0.0500873
0.0500707
0.0500542
0.0500376
0.0500211
0.0500046
0.0499881
0.0499716
0.0499551
0.0499386
0.0499221
0.0499057
0.0498892
0.0498728
0.0498563
0.0498399
0.0498235
0.0498071
0.0497907
0.0497743
0.0497579
0.0497415
0.0497251
0.0497088
0.0496924
0.0496761
0.0496597
0.0496434
0.0496271
0.0496108
0.0495945
0.0495782
0.0495619
0.0495456
0.0495294
0.0495131
0.0494969
0.0494806
0.0494644
0.0494482
0.049432
0.0494158
0.0493996
0.0493834
0.0493672
0.049351
0.0493349
0.0493187
0.0493026
0.0492865
0.0492703
0.0492542
0.0492381
0.049222
0.049206
0.0491899
0.0491738
0.0491578
0.0491417
0.0491257
0.0491097
0.0490936
0.0490776
0.0490616
0.0490456
0.0490297
0.0490137
0.0489977
0.0489818
0.0489658
0.0489499
0.048934
0.048918
0.0489021
0.0488862
0.0488704
0.0488545
0.0488386
0.0488227
0.0488069
0.0487911
0.0487752
0.0487594
0.0487436
0.0487278
0.048712
0.0486962
0.0486805
0.0486647
0.0486489
0.0486332
0.0486175
0.0486017
0.048586
0.0485703
0.0485546
0.0485389
0.0485233
0.0485076
0.0484919
0.0484763
0.0484606
0.048445
0.0484294
0.0484138
0.0483982
0.0483826
0.048367
0.0483515
0.0483359
0.0483204
0.0483048
0.0482893
0.0482738
0.0482583
0.0482428
0.0482273
0.0482118
0.0481963
0.0481809
0.0481654
0.04815
0.0481345
0.0481191
0.0481037
0.0480883
0.0480729
0.0480575
0.0480422
0.0480268
0.0480115
0.0479961
0.0479808
0.0479655
0.0479502
0.0479349
0.0479196
0.0479043
0.047889
0.0478738
0.0478585
0.0478433
0.0478281
0.0478128
0.0477976
0.0477824
0.0477672
0.0477521
0.0477369
0.0477217
0.0477066
0.0476914
0.0476763
0.0476612
0.0476461
0.047631
0.0476159
0.0476008
0.0475858
0.0475707
0.0475557
0.0475406
0.0475256
0.0475106
0.0474956
0.0474806
0.0474656
0.0474506
0.0474357
0.0474207
0.0474058
0.0473908
0.0473759
0.047361
0.0473461
0.0473312
0.0473163
0.0473015
0.0472866
0.0472717
0.0472569
0.0472421
0.0472273
0.0472124
0.0471976
0.0471829
0.0471681
0.0471533
0.0471386
0.0471238
0.0471091
0.0470943
0.0470796
0.0470649
0.0470502
0.0470355
0.0470209
0.0470062
0.0469915
0.0469769
0.0469623
0.0469476
0.046933
0.0469184
0.0469038
0.0468893
0.0468747
0.0468601
0.0468456
0.046831
0.0468165
0.046802
0.0467875
0.046773
0.0467585
0.046744
0.0467296
0.0467151
0.0467006
0.0466862
0.0466718
0.0466574
0.046643
0.0466286
0.0466142
0.0465998
0.0465855
0.0465711
0.0465568
0.0465424
0.0465281
0.0465138
0.0464995
0.0464852
0.0464709
0.0464567
0.0464424
0.0464282
0.0464139
0.0463997
0.0463855
0.0463713
0.0463571
0.0463429
0.0463287
0.0463146
0.0463004
0.0462863
0.0462721
0.046258
0.0462439
0.0462298
0.0462157
0.0462016
0.0461876
0.0461735
0.0461595
0.0461454
0.0461314
0.0461174
0.0461034
0.0460894
0.0460754
0.0460614
0.0460475
0.0460335
0.0460196
0.0460056
0.0459917
0.0459778
0.0459639
0.04595
0.0459361
0.0459223
0.0459084
0.0458945
0.0458807
0.0458669
0.0458531
0.0458393
0.0458255
0.0458117
0.0457979
0.0457841
0.0457704
0.0457566
0.0457429
0.0457292
0.0457155
0.0457018
0.0456881
0.0456744
0.0456607
0.0456471
0.0456334
0.0456198
0.0456061
0.0455925
0.0455789
0.0455653
0.0455517
0.0455381
0.0455246
0.045511
0.0454975
0.0454839
0.0454704
0.0454569
0.0454434
0.0454299
0.0454164
0.0454029
0.0453895
0.045376
0.0453626
0.0453492
0.0453357
0.0453223
0.0453089
0.0452955
0.0452822
0.0452688
0.0452554
0.0452421
0.0452287
0.0452154
0.0452021
0.0451888
0.0451755
0.0451622
0.0451489
0.0451357
0.0451224
0.0451092
0.0450959
0.0450827
0.0450695
0.0450563
0.0450431
0.0450299
0.0450167
0.0450036
0.0449904
0.0449773
0.0449642
0.044951
0.0449379
0.0449248
0.0449117
0.0448987
0.0448856
0.0448725
0.0448595
0.0448464
0.0448334
0.0448204
0.0448074
0.0447944
0.0447814
0.0447684
0.0447555
0.0447425
0.0447296
0.0447166
0.0447037
0.0446908
0.0446779
0.044665
0.0446521
0.0446392
0.0446264
0.0446135
0.0446007
0.0445878
0.044575
0.0445622
0.0445494
0.0445366
0.0445238
0.044511
0.0444983
0.0444855
0.0444728
0.0444601
0.0444473
0.0444346
0.0444219
0.0444092
0.0443966
0.0443839
0.0443712
0.0443586
0.0443459
0.0443333
0.0443207
0.0443081
0.0442955
0.0442829
0.0442703
0.0442577
0.0442452
0.0442326
0.0442201
0.0442075
0.044195
0.0441825
0.04417
0.0441575
0.044145
0.0441326
0.0441201
0.0441077
0.0440952
0.0440828
0.0440704
0.044058
0.0440456
0.0440332
0.0440208
0.0440084
0.0439961
0.0439837
0.0439714
0.043959
0.0439467
0.0439344
0.0439221
0.0439098
0.0438975
0.0438853
0.043873
0.0438608
0.0438485
0.0438363
0.0438241
0.0438118
0.0437996
0.0437875
0.0437753
0.0437631
0.0437509
0.0437388
0.0437266
0.0437145
0.0437024
0.0436903
0.0436782
0.0436661
0.043654
0.0436419
0.0436299
0.0436178
0.0436058
0.0435937
0.0435817
0.0435697
0.0435577
0.0435457
0.0435337
0.0435217
0.0435097
0.0434978
0.0434858
0.0434739
0.043462
0.0434501
0.0434381
0.0434262
0.0434144
0.0434025
0.0433906
0.0433787
0.0433669
0.043355
0.0433432
0.0433314
0.0433196
0.0433078
0.043296
0.0432842
0.0432724
0.0432607
0.0432489
0.0432372
0.0432254
0.0432137
0.043202
0.0431903
0.0431786
0.0431669
0.0431552
0.0431435
0.0431319
0.0431202
0.0431086
0.0430969
0.0430853
0.0430737
0.0430621
0.0430505
0.0430389
0.0430273
0.0430158
0.0430042
0.0429927
0.0429811
0.0429696
0.0429581
0.0429466
0.0429351
0.0429236
0.0429121
0.0429006
0.0428892
0.0428777
0.0428663
0.0428548
0.0428434
0.042832
0.0428206
0.0428092
0.0427978
0.0427864
0.0427751
0.0427637
0.0427523
0.042741
0.0427297
0.0427183
0.042707
0.0426957
0.0426844
0.0426731
0.0426619
0.0426506
0.0426393
0.0426281
0.0426168
0.0426056
0.0425944
0.0425832
0.042572
0.0425608
0.0425496
0.0425384
0.0425272
0.0425161
0.0425049
0.0424938
0.0424826
0.0424715
0.0424604
0.0424493
0.0424382
0.0424271
0.042416
0.042405
0.0423939
0.0423829
0.0423718
0.0423608
0.0423498
0.0423387
0.0423277
0.0423167
0.0423057
0.0422948
0.0422838
0.0422728
0.0422619
0.0422509
0.04224
0.0422291
0.0422182
0.0422072
0.0421963
0.0421855
0.0421746
0.0421637
0.0421528
0.042142
0.0421311
0.0421203
0.0421095
0.0420986
0.0420878
0.042077
0.0420662
0.0420554
0.0420447
0.0420339
0.0420231
0.0420124
0.0420016
0.0419909
0.0419802
0.0419695
0.0419588
0.0419481
0.0419374
0.0419267
0.041916
0.0419054
0.0418947
0.041884
0.0418734
0.0418628
0.0418522
0.0418415
0.0418309
0.0418203
0.0418098
0.0417992
0.0417886
0.041778
0.0417675
0.0417569
0.0417464
0.0417359
0.0417254
0.0417149
0.0417044
0.0416939
0.0416834
0.0416729
0.0416624
0.041652
0.0416415
0.0416311
0.0416206
0.0416102
0.0415998
0.0415894
0.041579
0.0415686
0.0415582
0.0415478
0.0415375
0.0415271
0.0415168
0.0415064
0.0414961
0.0414857
0.0414754
0.0414651
0.0414548
0.0414445
0.0414342
0.041424
0.0414137
0.0414034
0.0413932
0.0413829
0.0413727
0.0413625
0.0413523
0.041342
0.0413318
0.0413217
0.0413115
0.0413013
0.0412911
0.041281
0.0412708
0.0412607
0.0412505
0.0412404
0.0412303
0.0412201
0.04121
0.0411999
0.0411899
0.0411798
0.0411697
0.0411596
0.0411496
0.0411395
0.0411295
0.0411195
0.0411094
0.0410994
0.0410894
0.0410794
0.0410694
0.0410594
0.0410494
0.0410395
0.0410295
0.0410196
0.0410096
0.0409997
0.0409897
0.0409798
0.0409699
0.04096
0.0409501
0.0409402
0.0409303
0.0409205
0.0409106
0.0409007
0.0408909
0.040881
0.0408712
0.0408614
0.0408515
0.0408417
0.0408319
0.0408221
0.0408123
0.0408026
0.0407928
0.040783
0.0407733
0.0407635
0.0407538
0.040744
0.0407343
0.0407246
0.0407149
0.0407052
0.0406955
0.0406858
0.0406761
0.0406664
0.0406568
0.0406471
0.0406374
0.0406278
0.0406182
0.0406085
0.0405989
0.0405893
0.0405797
0.0405701
0.0405605
0.0405509
0.0405413
0.0405318
0.0405222
0.0405127
0.0405031
0.0404936
0.040484
0.0404745
0.040465
0.0404555
0.040446
0.0404365
0.040427
0.0404175
0.040408
0.0403986
0.0403891
0.0403797
0.0403702
0.0403608
0.0403514
0.0403419
0.0403325
0.0403231
0.0403137
0.0403043
0.040295
0.0402856
0.0402762
0.0402668
0.0402575
0.0402481
0.0402388
0.0402295
0.0402201
0.0402108
0.0402015
0.0401922
0.0401829
0.0401736
0.0401643
0.0401551
0.0401458
0.0401365
0.0401273
0.040118
0.0401088
0.0400995
0.0400903
0.0400811
0.0400719
0.0400627
0.0400535
0.0400443
0.0400351
0.0400259
0.0400168
0.0400076
0.0399984
0.0399893
0.0399802
0.039971
0.0399619
0.0399528
0.0399437
0.0399346
0.0399255
0.0399164
0.0399073
0.0398982
0.0398891
0.0398801
0.039871
0.0398619
0.0398529
0.0398439
0.0398348
0.0398258
0.0398168
0.0398078
0.0397988
0.0397898
0.0397808
0.0397718
0.0397628
0.0397539
0.0397449
0.0397359
0.039727
0.0397181
0.0397091
0.0397002
0.0396913
0.0396824
0.0396734
0.0396645
0.0396557
0.0396468
0.0396379
0.039629
0.0396201
0.0396113
0.0396024
0.0395936
0.0395847
0.0395759
0.0395671
0.0395582
0.0395494
0.0395406
0.0395318
0.039523
0.0395142
0.0395055
0.0394967
0.0394879
0.0394792
0.0394704
0.0394616
0.0394529
0.0394442
0.0394354
0.0394267
0.039418
0.0394093
0.0394006
0.0393919
0.0393832
0.0393745
0.0393658
0.0393572
0.0393485
0.0393398
0.0393312
0.0393225
0.0393139
0.0393053
0.0392966
0.039288
0.0392794
0.0392708
0.0392622
0.0392536
0.039245
0.0392364
0.0392279
0.0392193
0.0392107
0.0392022
0.0391936
0.0391851
0.0391765
0.039168
0.0391595
0.039151
0.0391425
0.039134
0.0391255
0.039117
0.0391085
0.0391
0.0390915
0.039083
0.0390746
0.0390661
0.0390577
0.0390492
0.0390408
0.0390324
0.0390239
0.0390155
0.0390071
0.0389987
0.0389903
0.0389819
0.0389735
0.0389651
0.0389567
0.0389484
0.03894
0.0389317
0.0389233
0.038915
0.0389066
0.0388983
0.03889
0.0388816
0.0388733
0.038865
0.0388567
0.0388484
0.0388401
0.0388318
0.0388235
0.0388153
0.038807
0.0387987
0.0387905
0.0387822
0.038774
0.0387657
0.0387575
0.0387493
0.0387411
0.0387328
0.0387246
0.0387164
0.0387082
0.0387
0.0386919
0.0386837
0.0386755
0.0386673
0.0386592
0.038651
0.0386429
0.0386347
0.0386266
0.0386184
0.0386103
0.0386022
0.0385941
0.038586
0.0385779
0.0385698
0.0385617
0.0385536
0.0385455
0.0385374
0.0385294
0.0385213
0.0385132
0.0385052
0.0384971
0.0384891
0.038481
0.038473
0.038465
0.038457
0.038449
0.038441
0.0384329
0.038425
0.038417
0.038409
0.038401
0.038393
0.038385
0.0383771
0.0383691
0.0383612
0.0383532
0.0383453
0.0383374
0.0383294
0.0383215
0.0383136
0.0383057
0.0382978
0.0382899
0.038282
0.0382741
0.0382662
0.0382583
0.0382504
0.0382425
0.0382347
0.0382268
0.038219
0.0382111
0.0382033
0.0381954
0.0381876
0.0381798
0.038172
0.0381641
0.0381563
0.0381485
0.0381407
0.0381329
0.0381251
0.0381174
0.0381096
0.0381018
0.038094
0.0380863
0.0380785
0.0380708
0.038063
0.0380553
0.0380475
0.0380398
0.0380321
0.0380244
0.0380167
0.0380089
0.0380012
0.0379935
0.0379858
0.0379782
0.0379705
0.0379628
0.0379551
0.0379475
0.0379398
0.0379321
0.0379245
0.0379168
0.0379092
0.0379016
0.0378939
0.0378863
0.0378787
0.0378711
0.0378634
0.0378558
0.0378482
0.0378406
0.037833
0.0378255
0.0378179
0.0378103
0.0378027
0.0377952
0.0377876
0.03778
0.0377725
0.037765
0.0377574
0.0377499
0.0377423
0.0377348
0.0377273
0.0377198
0.0377123
0.0377048
0.0376973
0.0376898
0.0376823
0.0376748
0.0376673
0.0376598
0.0376524
0.0376449
0.0376374
0.03763
0.0376225
0.0376151
0.0376076
0.0376002
0.0375928
0.0375853
0.0375779
0.0375705
0.0375631
0.0375557
0.0375483
0.0375409
0.0375335
0.0375261
0.0375187
0.0375113
0.037504
0.0374966
0.0374892
0.0374819
0.0374745
0.0374672
0.0374598
0.0374525
0.0374451
0.0374378
0.0374305
0.0374232
0.0374158
0.0374085
0.0374012
0.0373939
0.0373866
0.0373793
0.037372
0.0373648
0.0373575
0.0373502
0.0373429
0.0373357
0.0373284
0.0373211
0.0373139
0.0373066
0.0372994
0.0372922
0.0372849
0.0372777
0.0372705
0.0372633
0.037256
0.0372488
0.0372416
0.0372344
0.0372272
0.03722
0.0372129
0.0372057
0.0371985
0.0371913
0.0371841
0.037177
0.0371698
0.0371627
0.0371555
0.0371484
0.0371412
0.0371341
0.0371269
0.0371198
0.0371127
0.0371056
0.0370985
0.0370913
0.0370842
0.0370771
0.03707
0.0370629
0.0370559
0.0370488
0.0370417
0.0370346
0.0370275
0.0370205
0.0370134
0.0370064
0.0369993
0.0369922
0.0369852
0.0369782
0.0369711
0.0369641
0.0369571
0.03695
0.036943
0.036936
0.036929
0.036922
0.036915
0.036908
0.036901
0.036894
0.036887
0.03688
0.0368731
0.0368661
0.0368591
0.0368522
0.0368452
0.0368382
0.0368313
0.0368243
0.0368174
0.0368105
0.0368035
0.0367966
0.0367897
0.0367827
0.0367758
0.0367689
0.036762
0.0367551
0.0367482
0.0367413
0.0367344
0.0367275
0.0367206
0.0367137
0.0367069
0.0367
0.0366931
0.0366863
0.0366794
0.0366725
0.0366657
0.0366588
0.036652
0.0366452
0.0366383
0.0366315
0.0366247
0.0366178
0.036611
0.0366042
0.0365974
0.0365906
0.0365838
0.036577
0.0365702
0.0365634
0.0365566
0.0365498
0.036543
0.0365363
0.0365295
0.0365227
0.036516
0.0365092
0.0365024
0.0364957
0.0364889
0.0364822
0.0364755
0.0364687
0.036462
0.0364553
0.0364485
0.0364418
0.0364351
0.0364284
0.0364217
0.036415
0.0364083
0.0364016
0.0363949
0.0363882
0.0363815
0.0363748
0.0363681
0.0363615
0.0363548
0.0363481
0.0363415
0.0363348
0.0363281
0.0363215
0.0363148
0.0363082
0.0363016
0.0362949
0.0362883
0.0362817
0.036275
0.0362684
0.0362618
0.0362552
0.0362486
0.036242
0.0362354
0.0362288
0.0362222
0.0362156
0.036209
0.0362024
0.0361958
0.0361892
0.0361827
0.0361761
0.0361695
0.036163
0.0361564
0.0361499
0.0361433
0.0361368
0.0361302
0.0361237
0.0361171
0.0361106
0.0361041
0.0360975
0.036091
0.0360845
0.036078
0.0360715
0.036065
0.0360585
0.036052
0.0360455
0.036039
0.0360325
0.036026
0.0360195
0.036013
0.0360065
0.0360001
0.0359936
0.0359871
0.0359807
0.0359742
0.0359678
0.0359613
0.0359549
0.0359484
0.035942
0.0359355
0.0359291
0.0359227
0.0359162
0.0359098
0.0359034
0.035897
0.0358906
0.0358841
0.0358777
0.0358713
0.0358649
0.0358585
0.0358521
0.0358458
0.0358394
0.035833
0.0358266
0.0358202
0.0358139
0.0358075
0.0358011
0.0357948
0.0357884
0.035782
0.0357757
0.0357693
0.035763
0.0357566
0.0357503
0.035744
0.0357376
0.0357313
0.035725
0.0357187
0.0357123
0.035706
0.0356997
0.0356934
0.0356871
0.0356808
0.0356745
0.0356682
0.0356619
0.0356556
0.0356493
0.035643
0.0356367
0.0356305
0.0356242
0.0356179
0.0356117
0.0356054
0.0355991
0.0355929
0.0355866
0.0355804
0.0355741
0.0355679
0.0355616
0.0355554
0.0355492
0.0355429
0.0355367
0.0355305
0.0355242
0.035518
0.0355118
0.0355056
0.0354994
0.0354932
0.035487
0.0354808
0.0354746
0.0354684
0.0354622
0.035456
0.0354498
0.0354436
0.0354374
0.0354313
0.0354251
0.0354189
0.0354128
0.0354066
0.0354004
0.0353943
0.0353881
0.035382
0.0353758
0.0353697
0.0353635
0.0353574
0.0353512
0.0353451
0.035339
0.0353329
0.0353267
0.0353206
0.0353145
0.0353084
0.0353023
0.0352961
0.03529
0.0352839
0.0352778
0.0352717
0.0352656
0.0352596
0.0352535
0.0352474
0.0352413
0.0352352
0.0352291
0.0352231
0.035217
0.0352109
0.0352049
0.0351988
0.0351927
0.0351867
0.0351806
0.0351746
0.0351685
0.0351625
0.0351564
0.0351504
0.0351444
0.0351383
0.0351323
0.0351263
0.0351202
0.0351142
0.0351082
0.0351022
0.0350962
0.0350901
0.0350841
0.0350781
0.0350721
0.0350661
0.0350601
0.0350541
0.0350481
0.0350422
0.0350362
0.0350302
0.0350242
0.0350182
0.0350123
0.0350063
0.0350003
0.0349944
0.0349884
0.0349824
0.0349765
0.0349705
0.0349646
0.0349586
0.0349527
0.0349467
0.0349408
0.0349348
0.0349289
0.034923
0.034917
0.0349111
0.0349052
0.0348993
0.0348933
0.0348874
0.0348815
0.0348756
0.0348697
0.0348638
0.0348579
0.034852
0.0348461
0.0348402
0.0348343
0.0348284
0.0348225
0.0348166
0.0348107
0.0348049
0.034799
0.0347931
0.0347872
0.0347814
0.0347755
0.0347696
0.0347638
0.0347579
0.0347521
0.0347462
0.0347404
0.0347345
0.0347287
0.0347228
0.034717
0.0347111
0.0347053
0.0346995
0.0346936
0.0346878
0.034682
0.0346762
0.0346704
0.0346645
0.0346587
0.0346529
0.0346471
0.0346413
0.0346355
0.0346297
0.0346239
0.0346181
0.0346123
0.0346065
0.0346007
0.0345949
0.0345891
0.0345834
0.0345776
0.0345718
0.034566
0.0345603
0.0345545
0.0345487
0.034543
0.0345372
0.0345314
0.0345257
0.0345199
0.0345142
0.0345084
0.0345027
0.0344969
0.0344912
0.0344854
0.0344797
0.034474
0.0344682
0.0344625
0.0344568
0.0344511
0.0344453
0.0344396
0.0344339
0.0344282
0.0344225
0.0344168
0.0344111
0.0344053
0.0343996
0.0343939
0.0343882
0.0343826
0.0343769
0.0343712
0.0343655
0.0343598
0.0343541
0.0343484
0.0343427
0.0343371
0.0343314
0.0343257
0.0343201
0.0343144
0.0343087
0.0343031
0.0342974
0.0342917
0.0342861
0.0342804
0.0342748
0.0342691
0.0342635
0.0342578
0.0342522
0.0342466
0.0342409
0.0342353
0.0342297
0.034224
0.0342184
0.0342128
0.0342072
0.0342015
0.0341959
0.0341903
0.0341847
0.0341791
0.0341735
0.0341679
0.0341623
0.0341567
0.0341511
0.0341455
0.0341399
0.0341343
0.0341287
0.0341231
0.0341175
0.0341119
0.0341063
0.0341008
0.0340952
0.0340896
0.034084
0.0340785
0.0340729
0.0340673
0.0340618
0.0340562
0.0340507
0.0340451
0.0340395
0.034034
0.0340284
0.0340229
0.0340174
0.0340118
0.0340063
0.0340007
0.0339952
0.0339897
0.0339841
0.0339786
0.0339731
0.0339676
0.033962
0.0339565
0.033951
0.0339455
0.03394
0.0339344
0.0339289
0.0339234
0.0339179
0.0339124
0.0339069
0.0339014
0.0338959
0.0338904
0.0338849
0.0338795
0.033874
0.0338685
0.033863
0.0338575
0.033852
0.0338466
0.0338411
0.0338356
0.0338301
0.0338247
0.0338192
0.0338138
0.0338083
0.0338028
0.0337974
0.0337919
0.0337865
0.033781
0.0337756
0.0337701
0.0337647
0.0337592
0.0337538
0.0337484
0.0337429
0.0337375
0.0337321
0.0337266
0.0337212
0.0337158
0.0337104
0.0337049
0.0336995
0.0336941
0.0336887
0.0336833
0.0336779
0.0336725
0.0336671
0.0336617
0.0336563
0.0336509
0.0336455
0.0336401
0.0336347
0.0336293
0.0336239
0.0336185
0.0336131
0.0336077
0.0336024
0.033597
0.0335916
0.0335862
0.0335809
0.0335755
0.0335701
0.0335648
0.0335594
0.0335541
0.0335487
0.0335433
0.033538
0.0335326
0.0335273
0.0335219
0.0335166
0.0335112
0.0335059
0.0335006
0.0334952
0.0334899
0.0334846
0.0334792
0.0334739
0.0334686
0.0334633
0.0334579
0.0334526
0.0334473
0.033442
0.0334367
0.0334314
0.033426
0.0334207
0.0334154
0.0334101
0.0334048
0.0333995
0.0333942
0.0333889
0.0333836
0.0333784
0.0333731
0.0333678
0.0333625
0.0333572
0.0333519
0.0333467
0.0333414
0.0333361
0.0333308
0.0333256
0.0333203
0.033315
0.0333098
0.0333045
0.0332992
0.033294
0.0332887
0.0332835
0.0332782
0.033273
0.0332677
0.0332625
0.0332572
0.033252
0.0332468
0.0332415
0.0332363
0.0332311
0.0332258
0.0332206
0.0332154
0.0332102
0.0332049
0.0331997
0.0331945
0.0331893
0.0331841
0.0331789
0.0331737
0.0331684
0.0331632
0.033158
0.0331528
0.0331476
0.0331424
0.0331373
0.0331321
0.0331269
0.0331217
0.0331165
0.0331113
0.0331061
0.0331009
0.0330958
0.0330906
0.0330854
0.0330803
0.0330751
0.0330699
0.0330648
0.0330596
0.0330544
0.0330493
0.0330441
0.033039
0.0330338
0.0330287
0.0330235
0.0330184
0.0330132
0.0330081
0.0330029
0.0329978
0.0329927
0.0329875
0.0329824
0.0329773
0.0329721
0.032967
0.0329619
0.0329568
0.0329517
0.0329465
0.0329414
0.0329363
0.0329312
0.0329261
0.032921
0.0329159
0.0329108
0.0329057
0.0329006
0.0328955
0.0328904
0.0328853
0.0328802
0.0328751
0.03287
0.032865
0.0328599
0.0328548
0.0328497
0.0328447
0.0328396
0.0328345
0.0328294
0.0328244
0.0328193
0.0328143
0.0328092
0.0328041
0.0327991
0.032794
0.032789
0.0327839
0.0327789
0.0327738
0.0327688
0.0327638
0.0327587
0.0327537
0.0327486
0.0327436
0.0327386
0.0327336
0.0327285
0.0327235
0.0327185
0.0327135
0.0327085
0.0327034
0.0326984
0.0326934
0.0326884
0.0326834
0.0326784
0.0326734
0.0326684
0.0326634
0.0326584
0.0326534
0.0326484
0.0326434
0.0326385
0.0326335
0.0326285
0.0326235
0.0326185
0.0326136
0.0326086
0.0326036
0.0325986
0.0325937
0.0325887
0.0325837
0.0325788
0.0325738
0.0325689
0.0325639
0.032559
0.032554
0.0325491
0.0325441
0.0325392
0.0325342
0.0325293
0.0325244
0.0325194
0.0325145
0.0325096
0.0325046
0.0324997
0.0324948
0.0324899
0.032485
0.03248
0.0324751
0.0324702
0.0324653
0.0324604
0.0324555
0.0324506
0.0324457
0.0324408
0.0324359
0.032431
0.0324261
0.0324212
0.0324163
0.0324115
0.0324066
0.0324017
0.0323968
0.0323919
0.0323871
0.0323822
0.0323773
0.0323725
0.0323676
0.0323627
0.0323579
0.032353
0.0323482
0.0323433
0.0323384
0.0323336
0.0323288
0.0323239
0.0323191
0.0323142
0.0323094
0.0323046
0.0322997
0.0322949
0.0322901
0.0322852
0.0322804
0.0322756
0.0322708
0.0322659
0.0322611
0.0322563
0.0322515
0.0322467
0.0322419
0.0322371
0.0322323
0.0322275
0.0322227
0.0322179
0.0322131
0.0322083
0.0322035
0.0321987
0.032194
0.0321892
0.0321844
0.0321796
0.0321749
0.0321701
0.0321653
0.0321606
0.0321558
0.032151
0.0321463
0.0321415
0.0321368
0.032132
0.0321273
0.0321225
0.0321178
0.032113
0.0321083
0.0321035
0.0320988
0.0320941
0.0320893
0.0320846
0.0320799
0.0320752
0.0320704
0.0320657
0.032061
0.0320563
0.0320516
0.0320469
0.0320421
0.0320374
0.0320327
0.032028
0.0320233
0.0320186
0.032014
0.0320093
0.0320046
0.0319999
0.0319952
0.0319905
0.0319858
0.0319812
0.0319765
0.0319718
0.0319671
0.0319625
0.0319578
0.0319532
0.0319485
0.0319438
0.0319392
0.0319345
0.0319299
0.0319252
0.0319206
0.0319159
0.0319113
0.0319067
0.031902
0.0318974
0.0318928
0.0318881
0.0318835
0.0318789
0.0318743
0.0318696
0.031865
0.0318604
0.0318558
0.0318512
0.0318466
0.031842
0.0318374
0.0318328
0.0318282
0.0318236
0.031819
0.0318144
0.0318098
0.0318052
0.0318007
0.0317961
0.0317915
0.0317869
0.0317823
0.0317778
0.0317732
0.0317686
0.0317641
0.0317595
0.031755
0.0317504
0.0317459
0.0317413
0.0317368
0.0317322
0.0317277
0.0317231
0.0317186
0.0317141
0.0317095
0.031705
0.0317005
0.031696
0.0316914
0.0316869
0.0316824
0.0316779
0.0316734
0.0316689
0.0316644
0.0316598
0.0316553
0.0316508
0.0316464
0.0316419
0.0316374
0.0316329
0.0316284
0.0316239
0.0316194
0.0316149
0.0316105
0.031606
0.0316015
0.0315971
0.0315926
0.0315881
0.0315837
0.0315792
0.0315747
0.0315703
0.0315658
0.0315614
0.031557
0.0315525
0.0315481
0.0315436
0.0315392
0.0315348
0.0315303
0.0315259
0.0315215
0.0315171
0.0315126
0.0315082
0.0315038
0.0314994
0.031495
0.0314906
0.0314862
0.0314818
0.0314774
0.031473
0.0314686
0.0314642
0.0314598
0.0314554
0.031451
0.0314467
0.0314423
0.0314379
0.0314335
0.0314292
0.0314248
0.0314204
0.0314161
0.0314117
0.0314073
0.031403
0.0313986
0.0313943
0.0313899
0.0313856
0.0313813
0.0313769
0.0313726
0.0313682
0.0313639
0.0313596
0.0313553
0.0313509
0.0313466
0.0313423
0.031338
0.0313337
0.0313294
0.0313251
0.0313208
0.0313165
0.0313122
0.0313079
0.0313036
0.0312993
0.031295
0.0312907
0.0312864
0.0312821
0.0312779
0.0312736
0.0312693
0.031265
0.0312608
0.0312565
0.0312523
0.031248
0.0312437
0.0312395
0.0312352
0.031231
0.0312267
0.0312225
0.0312183
0.031214
0.0312098
0.0312056
0.0312013
0.0311971
0.0311929
0.0311887
0.0311844
0.0311802
0.031176
0.0311718
0.0311676
0.0311634
0.0311592
0.031155
0.0311508
0.0311466
0.0311424
0.0311382
0.031134
0.0311299
0.0311257
0.0311215
0.0311173
0.0311132
0.031109
0.0311048
0.0311007
0.0310965
0.0310923
0.0310882
0.031084
0.0310799
0.0310757
0.0310716
0.0310675
0.0310633
0.0310592
0.031055
0.0310509
0.0310468
0.0310427
0.0310385
0.0310344
0.0310303
0.0310262
0.0310221
0.031018
0.0310139
0.0310098
0.0310057
0.0310016
0.0309975
0.0309934
0.0309893
0.0309852
0.0309811
0.030977
0.030973
0.0309689
0.0309648
0.0309607
0.0309567
0.0309526
0.0309486
0.0309445
0.0309404
0.0309364
0.0309323
0.0309283
0.0309242
0.0309202
0.0309162
0.0309121
0.0309081
0.0309041
0.0309
0.030896
0.030892
0.030888
0.030884
0.0308799
0.0308759
0.0308719
0.0308679
0.0308639
0.0308599
0.0308559
0.0308519
0.0308479
0.0308439
0.03084
0.030836
0.030832
0.030828
0.030824
0.0308201
0.0308161
0.0308121
0.0308082
0.0308042
0.0308003
0.0307963
0.0307924
0.0307884
0.0307845
0.0307805
0.0307766
0.0307726
0.0307687
0.0307648
0.0307608
0.0307569
0.030753
0.0307491
0.0307451
0.0307412
0.0307373
0.0307334
0.0307295
0.0307256
0.0307217
0.0307178
0.0307139
0.03071
0.0307061
0.0307022
0.0306984
0.0306945
0.0306906
0.0306867
0.0306828
0.030679
0.0306751
0.0306712
0.0306674
0.0306635
0.0306597
0.0306558
0.030652
0.0306481
0.0306443
0.0306404
0.0306366
0.0306328
0.0306289
0.0306251
0.0306213
0.0306174
0.0306136
0.0306098
0.030606
0.0306022
0.0305984
0.0305946
0.0305907
0.0305869
0.0305831
0.0305794
0.0305756
0.0305718
0.030568
0.0305642
0.0305604
0.0305566
0.0305529
0.0305491
0.0305453
0.0305415
0.0305378
0.030534
0.0305303
0.0305265
0.0305228
0.030519
0.0305153
0.0305115
0.0305078
0.030504
0.0305003
0.0304966
0.0304928
0.0304891
0.0304854
0.0304817
0.0304779
0.0304742
0.0304705
0.0304668
0.0304631
0.0304594
0.0304557
0.030452
0.0304483
0.0304446
0.0304409
0.0304372
0.0304335
0.0304298
0.0304262
0.0304225
0.0304188
0.0304151
0.0304115
0.0304078
0.0304041
0.0304005
0.0303968
0.0303932
0.0303895
0.0303859
0.0303822
0.0303786
0.0303749
0.0303713
0.0303677
0.030364
0.0303604
0.0303568
0.0303532
0.0303495
0.0303459
0.0303423
0.0303387
0.0303351
0.0303315
0.0303279
0.0303243
0.0303207
0.0303171
0.0303135
0.0303099
0.0303063
0.0303027
0.0302992
0.0302956
0.030292
0.0302884
0.0302849
0.0302813
0.0302777
0.0302742
0.0302706
0.0302671
0.0302635
0.03026
0.0302564
0.0302529
0.0302493
0.0302458
0.0302423
0.0302387
0.0302352
0.0302317
0.0302282
0.0302246
0.0302211
0.0302176
0.0302141
0.0302106
0.0302071
0.0302036
0.0302001
0.0301966
0.0301931
0.0301896
0.0301861
0.0301826
0.0301791
0.0301757
0.0301722
0.0301687
0.0301652
0.0301618
0.0301583
0.0301548
0.0301514
0.0301479
0.0301444
0.030141
0.0301375
0.0301341
0.0301307
0.0301272
0.0301238
0.0301203
0.0301169
0.0301135
0.03011
0.0301066
0.0301032
0.0300998
0.0300964
0.030093
0.0300895
0.0300861
0.0300827
0.0300793
0.0300759
0.0300725
0.0300691
0.0300657
0.0300624
0.030059
0.0300556
0.0300522
0.0300488
0.0300455
0.0300421
0.0300387
0.0300354
0.030032
0.0300286
0.0300253
0.0300219
0.0300186
0.0300152
0.0300119
0.0300085
0.0300052
0.0300018
0.0299985
0.0299952
0.0299918
0.0299885
0.0299852
0.0299819
0.0299786
0.0299752
0.0299719
0.0299686
0.0299653
0.029962
0.0299587
0.0299554
0.0299521
0.0299488
0.0299455
0.0299422
0.0299389
0.0299357
0.0299324
0.0299291
0.0299258
0.0299226
0.0299193
0.029916
0.0299128
0.0299095
0.0299062
0.029903
0.0298997
0.0298965
0.0298932
0.02989
0.0298868
0.0298835
0.0298803
0.029877
0.0298738
0.0298706
0.0298674
0.0298641
0.0298609
0.0298577
0.0298545
0.0298513
0.0298481
0.0298449
0.0298417
0.0298385
0.0298353
0.0298321
0.0298289
0.0298257
0.0298225
0.0298193
0.0298161
0.029813
0.0298098
0.0298066
0.0298034
0.0298003
0.0297971
0.0297939
0.0297908
0.0297876
0.0297845
0.0297813
0.0297782
0.029775
0.0297719
0.0297687
0.0297656
0.0297625
0.0297593
0.0297562
0.0297531
0.0297499
0.0297468
0.0297437
0.0297406
0.0297375
0.0297344
0.0297313
0.0297281
0.029725
0.0297219
0.0297188
0.0297158
0.0297127
0.0297096
0.0297065
0.0297034
0.0297003
0.0296972
0.0296942
0.0296911
0.029688
0.0296849
0.0296819
0.0296788
0.0296758
0.0296727
0.0296696
0.0296666
0.0296635
0.0296605
0.0296574
0.0296544
0.0296514
0.0296483
0.0296453
0.0296423
0.0296392
0.0296362
0.0296332
0.0296302
0.0296271
0.0296241
0.0296211
0.0296181
0.0296151
0.0296121
0.0296091
0.0296061
0.0296031
0.0296001
0.0295971
0.0295941
0.0295911
0.0295881
0.0295852
0.0295822
0.0295792
0.0295762
0.0295733
0.0295703
0.0295673
0.0295644
0.0295614
0.0295584
0.0295555
0.0295525
0.0295496
0.0295466
0.0295437
0.0295407
0.0295378
0.0295349
0.0295319
0.029529
0.0295261
0.0295231
0.0295202
0.0295173
0.0295144
0.0295115
0.0295085
0.0295056
0.0295027
0.0294998
0.0294969
0.029494
0.0294911
0.0294882
0.0294853
0.0294824
0.0294795
0.0294766
0.0294738
0.0294709
0.029468
0.0294651
0.0294622
0.0294594
0.0294565
0.0294536
0.0294508
0.0294479
0.0294451
0.0294422
0.0294393
0.0294365
0.0294336
0.0294308
0.029428
0.0294251
0.0294223
0.0294194
0.0294166
0.0294138
0.0294109
0.0294081
0.0294053
0.0294025
0.0293997
0.0293968
0.029394
0.0293912
0.0293884
0.0293856
0.0293828
0.02938
0.0293772
0.0293744
0.0293716
0.0293688
0.029366
0.0293632
0.0293605
0.0293577
0.0293549
0.0293521
0.0293493
0.0293466
0.0293438
0.029341
0.0293383
0.0293355
0.0293327
0.02933
0.0293272
0.0293245
0.0293217
0.029319
0.0293162
0.0293135
0.0293108
0.029308
0.0293053
0.0293025
0.0292998
0.0292971
0.0292944
0.0292916
0.0292889
0.0292862
0.0292835
0.0292808
0.0292781
0.0292754
0.0292726
0.0292699
0.0292672
0.0292645
0.0292618
0.0292592
0.0292565
0.0292538
0.0292511
0.0292484
0.0292457
0.029243
0.0292404
0.0292377
0.029235
0.0292323
0.0292297
0.029227
0.0292243
0.0292217
0.029219
0.0292164
0.0292137
0.0292111
0.0292084
0.0292058
0.0292031
0.0292005
0.0291978
0.0291952
0.0291926
0.0291899
0.0291873
0.0291847
0.029182
0.0291794
0.0291768
0.0291742
0.0291716
0.029169
0.0291663
0.0291637
0.0291611
0.0291585
0.0291559
0.0291533
0.0291507
0.0291481
0.0291455
0.0291429
0.0291403
0.0291378
0.0291352
0.0291326
0.02913
0.0291274
0.0291249
0.0291223
0.0291197
0.0291172
0.0291146
0.029112
0.0291095
0.0291069
0.0291043
0.0291018
0.0290992
0.0290967
0.0290941
0.0290916
0.0290891
0.0290865
0.029084
0.0290814
0.0290789
0.0290764
0.0290738
0.0290713
0.0290688
0.0290663
0.0290637
0.0290612
0.0290587
0.0290562
0.0290537
0.0290512
0.0290487
0.0290462
0.0290437
0.0290412
0.0290387
0.0290362
0.0290337
0.0290312
0.0290287
0.0290262
0.0290237
0.0290212
0.0290188
0.0290163
0.0290138
0.0290113
0.0290089
0.0290064
0.0290039
0.0290015
0.028999
0.0289965
0.0289941
0.0289916
0.0289892
0.0289867
0.0289843
0.0289818
0.0289794
0.0289769
0.0289745
0.028972
0.0289696
0.0289672
0.0289647
0.0289623
0.0289599
0.0289574
0.028955
0.0289526
0.0289502
0.0289478
0.0289453
0.0289429
0.0289405
0.0289381
0.0289357
0.0289333
0.0289309
0.0289285
0.0289261
0.0289237
0.0289213
0.0289189
0.0289165
0.0289141
0.0289118
0.0289094
0.028907
0.0289046
0.0289022
0.0288999
0.0288975
0.0288951
0.0288927
0.0288904
0.028888
0.0288856
0.0288833
0.0288809
0.0288786
0.0288762
0.0288739
0.0288715
0.0288692
0.0288668
0.0288645
0.0288621
0.0288598
0.0288575
0.0288551
0.0288528
0.0288505
0.0288481
0.0288458
0.0288435
0.0288411
0.0288388
0.0288365
0.0288342
0.0288319
0.0288296
0.0288272
0.0288249
0.0288226
0.0288203
0.028818
0.0288157
0.0288134
0.0288111
0.0288088
0.0288065
0.0288042
0.028802
0.0287997
0.0287974
0.0287951
0.0287928
0.0287905
0.0287883
0.028786
0.0287837
0.0287814
0.0287792
0.0287769
0.0287746
0.0287724
0.0287701
0.0287679
0.0287656
0.0287633
0.0287611
0.0287588
0.0287566
0.0287543
0.0287521
0.0287499
0.0287476
0.0287454
0.0287431
0.0287409
0.0287387
0.0287364
0.0287342
0.028732
0.0287297
0.0287275
0.0287253
0.0287231
0.0287209
0.0287186
0.0287164
0.0287142
0.028712
0.0287098
0.0287076
0.0287054
0.0287032
0.028701
0.0286988
0.0286966
0.0286944
0.0286922
0.02869
0.0286878
0.0286856
0.0286834
0.0286813
0.0286791
0.0286769
0.0286747
0.0286725
0.0286704
0.0286682
0.028666
0.0286639
0.0286617
0.0286595
0.0286574
0.0286552
0.028653
0.0286509
0.0286487
0.0286466
0.0286444
0.0286423
0.0286401
0.028638
0.0286358
0.0286337
0.0286316
0.0286294
0.0286273
0.0286251
0.028623
0.0286209
0.0286188
0.0286166
0.0286145
0.0286124
0.0286103
0.0286081
0.028606
0.0286039
0.0286018
0.0285997
0.0285976
0.0285954
0.0285933
0.0285912
0.0285891
0.028587
0.0285849
0.0285828
0.0285807
0.0285786
0.0285765
0.0285745
0.0285724
0.0285703
0.0285682
0.0285661
0.028564
0.0285619
0.0285599
0.0285578
0.0285557
0.0285536
0.0285516
0.0285495
0.0285474
0.0285454
0.0285433
0.0285412
0.0285392
0.0285371
0.0285351
0.028533
0.0285309
0.0285289
0.0285268
0.0285248
0.0285227
0.0285207
0.0285187
0.0285166
0.0285146
0.0285125
0.0285105
0.0285085
0.0285064
0.0285044
0.0285024
0.0285003
0.0284983
0.0284963
0.0284943
0.0284922
0.0284902
0.0284882
0.0284862
0.0284842
0.0284822
0.0284802
0.0284781
0.0284761
0.0284741
0.0284721
0.0284701
0.0284681
0.0284661
0.0284641
0.0284621
0.0284601
0.0284581
0.0284562
0.0284542
0.0284522
0.0284502
0.0284482
0.0284462
0.0284442
0.0284423
0.0284403
0.0284383
0.0284363
0.0284344
0.0284324
0.0284304
0.0284285
0.0284265
0.0284245
0.0284226
0.0284206
0.0284187
0.0284167
0.0284147
0.0284128
0.0284108
0.0284089
0.0284069
0.028405
0.028403
0.0284011
0.0283991
0.0283972
0.0283953
0.0283933
0.0283914
0.0283895
0.0283875
0.0283856
0.0283837
0.0283817
0.0283798
0.0283779
0.028376
0.028374
0.0283721
0.0283702
0.0283683
0.0283664
0.0283645
0.0283625
0.0283606
0.0283587
0.0283568
0.0283549
0.028353
0.0283511
0.0283492
0.0283473
0.0283454
0.0283435
0.0283416
0.0283397
0.0283378
0.0283359
0.0283341
0.0283322
0.0283303
0.0283284
0.0283265
0.0283246
0.0283228
0.0283209
0.028319
0.0283171
0.0283153
0.0283134
0.0283115
0.0283096
0.0283078
0.0283059
0.028304
0.0283022
0.0283003
0.0282985
0.0282966
0.0282947
0.0282929
0.028291
0.0282892
0.0282873
0.0282855
0.0282836
0.0282818
0.02828
0.0282781
0.0282763
0.0282744
0.0282726
0.0282708
0.0282689
0.0282671
0.0282653
0.0282634
0.0282616
0.0282598
0.0282579
0.0282561
0.0282543
0.0282525
0.0282507
0.0282488
0.028247
0.0282452
0.0282434
0.0282416
0.0282398
0.028238
0.0282361
0.0282343
0.0282325
0.0282307
0.0282289
0.0282271
0.0282253
0.0282235
0.0282217
0.0282199
0.0282181
0.0282163
0.0282146
0.0282128
0.028211
0.0282092
0.0282074
0.0282056
0.0282038
0.0282021
0.0282003
0.0281985
0.0281967
0.028195
0.0281932
0.0281914
0.0281896
0.0281879
0.0281861
0.0281843
0.0281826
0.0281808
0.028179
0.0281773
0.0281755
0.0281738
0.028172
0.0281703
0.0281685
0.0281667
0.028165
0.0281632
0.0281615
0.0281597
0.028158
0.0281563
0.0281545
0.0281528
0.028151
0.0281493
0.0281476
0.0281458
0.0281441
0.0281424
0.0281406
0.0281389
0.0281372
0.0281354
0.0281337
0.028132
0.0281303
0.0281285
0.0281268
0.0281251
0.0281234
0.0281217
0.02812
0.0281182
0.0281165
0.0281148
0.0281131
0.0281114
0.0281097
0.028108
0.0281063
0.0281046
0.0281029
0.0281012
0.0280995
0.0280978
0.0280961
0.0280944
0.0280927
0.028091
0.0280893
0.0280876
0.0280859
0.0280842
0.0280826
0.0280809
0.0280792
0.0280775
0.0280758
0.0280741
0.0280725
0.0280708
0.0280691
0.0280674
0.0280658
0.0280641
0.0280624
0.0280608
0.0280591
0.0280574
0.0280558
0.0280541
0.0280524
0.0280508
0.0280491
0.0280475
0.0280458
0.0280441
0.0280425
0.0280408
0.0280392
0.0280375
0.0280359
0.0280342
0.0280326
0.0280309
0.0280293
0.0280277
0.028026
0.0280244
0.0280227
0.0280211
0.0280195
0.0280178
0.0280162
0.0280146
0.0280129
0.0280113
0.0280097
0.028008
0.0280064
0.0280048
0.0280032
0.0280015
0.0279999
0.0279983
0.0279967
0.0279951
0.0279934
0.0279918
0.0279902
0.0279886
0.027987
0.0279854
0.0279838
0.0279822
0.0279805
0.0279789
0.0279773
0.0279757
0.0279741
0.0279725
0.0279709
0.0279693
0.0279677
0.0279661
0.0279645
0.0279629
0.0279614
0.0279598
0.0279582
0.0279566
0.027955
0.0279534
0.0279518
0.0279502
0.0279487
0.0279471
0.0279455
0.0279439
0.0279423
0.0279408
0.0279392
0.0279376
0.027936
0.0279345
0.0279329
0.0279313
0.0279298
0.0279282
0.0279266
0.0279251
0.0279235
0.0279219
0.0279204
0.0279188
0.0279173
0.0279157
0.0279141
0.0279126
0.027911
0.0279095
0.0279079
0.0279064
0.0279048
0.0279033
0.0279017
0.0279002
0.0278986
0.0278971
0.0278955
0.027894
0.0278925
0.0278909
0.0278894
0.0278878
0.0278863
0.0278848
0.0278832
0.0278817
0.0278802
0.0278786
0.0278771
0.0278756
0.0278741
0.0278725
0.027871
0.0278695
0.027868
0.0278664
0.0278649
0.0278634
0.0278619
0.0278604
0.0278589
0.0278573
0.0278558
0.0278543
0.0278528
0.0278513
0.0278498
0.0278483
0.0278468
0.0278453
0.0278438
0.0278423
0.0278408
0.0278393
0.0278378
0.0278363
0.0278348
0.0278333
0.0278318
0.0278303
0.0278288
0.0278273
0.0278258
0.0278243
0.0278228
0.0278213
0.0278198
0.0278183
0.0278169
0.0278154
0.0278139
0.0278124
0.0278109
0.0278095
0.027808
0.0278065
0.027805
0.0278035
0.0278021
0.0278006
0.0277991
0.0277977
0.0277962
0.0277947
0.0277932
0.0277918
0.0277903
0.0277888
0.0277874
0.0277859
0.0277845
0.027783
0.0277815
0.0277801
0.0277786
0.0277772
0.0277757
0.0277743
0.0277728
0.0277714
0.0277699
0.0277685
0.027767
0.0277656
0.0277641
0.0277627
0.0277612
0.0277598
0.0277583
0.0277569
0.0277554
0.027754
0.0277526
0.0277511
0.0277497
0.0277483
0.0277468
0.0277454
0.027744
0.0277425
0.0277411
0.0277397
0.0277382
0.0277368
0.0277354
0.027734
0.0277325
0.0277311
0.0277297
0.0277283
0.0277268
0.0277254
0.027724
0.0277226
0.0277212
0.0277198
0.0277183
0.0277169
0.0277155
0.0277141
0.0277127
0.0277113
0.0277099
0.0277085
0.0277071
0.0277056
0.0277042
0.0277028
0.0277014
0.0277
0.0276986
0.0276972
0.0276958
0.0276944
0.027693
0.0276916
0.0276903
0.0276889
0.0276875
0.0276861
0.0276847
0.0276833
0.0276819
0.0276805
0.0276791
0.0276777
0.0276764
0.027675
0.0276736
0.0276722
0.0276708
0.0276694
0.0276681
0.0276667
0.0276653
0.0276639
0.0276626
0.0276612
0.0276598
0.0276584
0.0276571
0.0276557
0.0276543
0.0276529
0.0276516
0.0276502
0.0276488
0.0276475
0.0276461
0.0276448
0.0276434
0.027642
0.0276407
0.0276393
0.0276379
0.0276366
0.0276352
0.0276339
0.0276325
0.0276312
0.0276298
0.0276285
0.0276271
0.0276258
0.0276244
0.0276231
0.0276217
0.0276204
0.027619
0.0276177
0.0276163
0.027615
0.0276136
0.0276123
0.027611
0.0276096
0.0276083
0.0276069
0.0276056
0.0276043
0.0276029
0.0276016
0.0276003
0.0275989
0.0275976
0.0275963
0.0275949
0.0275936
0.0275923
0.027591
0.0275896
0.0275883
0.027587
0.0275857
0.0275843
0.027583
0.0275817
0.0275804
0.0275791
0.0275777
0.0275764
0.0275751
0.0275738
0.0275725
0.0275712
0.0275699
0.0275685
0.0275672
0.0275659
0.0275646
0.0275633
0.027562
0.0275607
0.0275594
0.0275581
0.0275568
0.0275555
0.0275542
0.0275529
0.0275516
0.0275503
0.027549
0.0275477
0.0275464
0.0275451
0.0275438
0.0275425
0.0275412
0.0275399
0.0275386
0.0275373
0.027536
0.0275347
0.0275334
0.0275322
0.0275309
0.0275296
0.0275283
0.027527
0.0275257
0.0275244
0.0275232
0.0275219
0.0275206
0.0275193
0.027518
0.0275168
0.0275155
0.0275142
0.0275129
0.0275117
0.0275104
0.0275091
0.0275078
0.0275066
0.0275053
0.027504
0.0275028
0.0275015
0.0275002
0.027499
0.0274977
0.0274964
0.0274952
0.0274939
0.0274926
0.0274914
0.0274901
0.0274889
0.0274876
0.0274863
0.0274851
0.0274838
0.0274826
0.0274813
0.0274801
0.0274788
0.0274776
0.0274763
0.0274751
0.0274738
0.0274726
0.0274713
0.0274701
0.0274688
0.0274676
0.0274663
0.0274651
0.0274638
0.0274626
0.0274613
0.0274601
0.0274589
0.0274576
0.0274564
0.0274551
0.0274539
0.0274527
0.0274514
0.0274502
0.027449
0.0274477
0.0274465
0.0274453
0.027444
0.0274428
0.0274416
0.0274404
0.0274391
0.0274379
0.0274367
0.0274354
0.0274342
0.027433
0.0274318
0.0274305
0.0274293
0.0274281
0.0274269
0.0274257
0.0274244
0.0274232
0.027422
0.0274208
0.0274196
0.0274184
0.0274172
0.0274159
0.0274147
0.0274135
0.0274123
0.0274111
0.0274099
0.0274087
0.0274075
0.0274063
0.0274051
0.0274038
0.0274026
0.0274014
0.0274002
0.027399
0.0273978
0.0273966
0.0273954
0.0273942
0.027393
0.0273918
0.0273906
0.0273894
0.0273882
0.027387
0.0273858
0.0273847
0.0273835
0.0273823
0.0273811
0.0273799
0.0273787
0.0273775
0.0273763
0.0273751
0.0273739
0.0273728
0.0273716
0.0273704
0.0273692
0.027368
0.0273668
0.0273657
0.0273645
0.0273633
0.0273621
0.0273609
0.0273598
0.0273586
0.0273574
0.0273562
0.027355
0.0273539
0.0273527
0.0273515
0.0273504
0.0273492
0.027348
0.0273468
0.0273457
0.0273445
0.0273433
0.0273422
0.027341
0.0273398
0.0273387
0.0273375
0.0273363
0.0273352
0.027334
0.0273328
0.0273317
0.0273305
0.0273294
0.0273282
0.027327
0.0273259
0.0273247
0.0273236
0.0273224
0.0273213
0.0273201
0.027319
0.0273178
0.0273167
0.0273155
0.0273143
0.0273132
0.027312
0.0273109
0.0273098
0.0273086
0.0273075
0.0273063
0.0273052
0.027304
0.0273029
0.0273017
0.0273006
0.0272994
0.0272983
0.0272972
0.027296
0.0272949
0.0272937
0.0272926
0.0272915
0.0272903
0.0272892
0.0272881
0.0272869
0.0272858
0.0272847
0.0272835
0.0272824
0.0272813
0.0272801
0.027279
0.0272779
0.0272768
0.0272756
0.0272745
0.0272734
0.0272722
0.0272711
0.02727
0.0272689
0.0272677
0.0272666
0.0272655
0.0272644
0.0272633
0.0272621
0.027261
0.0272599
0.0272588
0.0272577
0.0272566
0.0272554
0.0272543
0.0272532
0.0272521
0.027251
0.0272499
0.0272488
0.0272476
0.0272465
0.0272454
0.0272443
0.0272432
0.0272421
0.027241
0.0272399
0.0272388
0.0272377
0.0272366
0.0272355
0.0272344
0.0272333
0.0272321
0.027231
0.0272299
0.0272288
0.0272277
0.0272266
0.0272255
0.0272244
0.0272234
0.0272223
0.0272212
0.0272201
0.027219
0.0272179
0.0272168
0.0272157
0.0272146
0.0272135
0.0272124
0.0272113
0.0272102
0.0272091
0.0272081
0.027207
0.0272059
0.0272048
0.0272037
0.0272026
0.0272015
0.0272005
0.0271994
0.0271983
0.0271972
0.0271961
0.027195
0.027194
0.0271929
0.0271918
0.0271907
0.0271896
0.0271886
0.0271875
0.0271864
0.0271853
0.0271843
0.0271832
0.0271821
0.027181
0.02718
0.0271789
0.0271778
0.0271768
0.0271757
0.0271746
0.0271736
0.0271725
0.0271714
0.0271703
0.0271693
0.0271682
0.0271671
0.0271661
0.027165
0.027164
0.0271629
0.0271618
0.0271608
0.0271597
0.0271586
0.0271576
0.0271565
0.0271555
0.0271544
0.0271534
0.0271523
0.0271512
0.0271502
0.0271491
0.0271481
0.027147
0.027146
0.0271449
0.0271439
0.0271428
0.0271418
0.0271407
0.0271397
0.0271386
0.0271376
0.0271365
0.0271355
0.0271344
0.0271334
0.0271323
0.0271313
0.0271302
0.0271292
0.0271282
0.0271271
0.0271261
0.027125
0.027124
0.0271229
0.0271219
0.0271209
0.0271198
0.0271188
0.0271177
0.0271167
0.0271157
0.0271146
0.0271136
0.0271126
0.0271115
0.0271105
0.0271095
0.0271084
0.0271074
0.0271064
0.0271053
0.0271043
0.0271033
0.0271022
0.0271012
0.0271002
0.0270992
0.0270981
0.0270971
0.0270961
0.0270951
0.027094
0.027093
0.027092
0.027091
0.0270899
0.0270889
0.0270879
0.0270869
0.0270859
0.0270848
0.0270838
0.0270828
0.0270818
0.0270808
0.0270797
0.0270787
0.0270777
0.0270767
0.0270757
0.0270747
0.0270737
0.0270726
0.0270716
0.0270706
0.0270696
0.0270686
0.0270676
0.0270666
0.0270656
0.0270646
0.0270635
0.0270625
0.0270615
0.0270605
0.0270595
0.0270585
0.0270575
0.0270565
0.0270555
0.0270545
0.0270535
0.0270525
0.0270515
0.0270505
0.0270495
0.0270485
0.0270475
0.0270465
0.0270455
0.0270445
0.0270435
0.0270425
0.0270415
0.0270405
0.0270395
0.0270385
0.0270375
0.0270365
0.0270355
0.0270345
0.0270335
0.0270326
0.0270316
0.0270306
0.0270296
0.0270286
0.0270276
0.0270266
0.0270256
0.0270246
0.0270237
0.0270227
0.0270217
0.0270207
0.0270197
0.0270187
0.0270177
0.0270168
0.0270158
0.0270148
0.0270138
0.0270128
0.0270118
0.0270109
0.0270099
0.0270089
0.0270079
0.027007
0.027006
0.027005
0.027004
0.027003
0.0270021
0.0270011
0.0270001
0.0269991
0.0269982
0.0269972
0.0269962
0.0269953
0.0269943
0.0269933
0.0269923
0.0269914
0.0269904
0.0269894
0.0269885
0.0269875
0.0269865
0.0269856
0.0269846
0.0269836
0.0269827
0.0269817
0.0269807
0.0269798
0.0269788
0.0269778
0.0269769
0.0269759
0.0269749
0.026974
0.026973
0.0269721
0.0269711
0.0269701
0.0269692
0.0269682
0.0269673
0.0269663
0.0269654
0.0269644
0.0269634
0.0269625
0.0269615
0.0269606
0.0269596
0.0269587
0.0269577
0.0269568
0.0269558
0.0269549
0.0269539
0.026953
0.026952
0.0269511
0.0269501
0.0269492
0.0269482
0.0269473
0.0269463
0.0269454
0.0269444
0.0269435
0.0269425
0.0269416
0.0269407
0.0269397
0.0269388
0.0269378
0.0269369
0.0269359
0.026935
0.0269341
0.0269331
0.0269322
0.0269312
0.0269303
0.0269294
0.0269284
0.0269275
0.0269265
0.0269256
0.0269247
0.0269237
0.0269228
0.0269219
0.0269209
0.02692
0.0269191
0.0269181
0.0269172
0.0269163
0.0269153
0.0269144
0.0269135
0.0269125
0.0269116
0.0269107
0.0269098
0.0269088
0.0269079
0.026907
0.026906
0.0269051
0.0269042
0.0269033
0.0269023
0.0269014
0.0269005
0.0268996
0.0268986
0.0268977
0.0268968
0.0268959
0.026895
0.026894
0.0268931
0.0268922
0.0268913
0.0268904
0.0268894
0.0268885
0.0268876
0.0268867
0.0268858
0.0268848
0.0268839
0.026883
0.0268821
0.0268812
0.0268803
0.0268794
0.0268784
0.0268775
0.0268766
0.0268757
0.0268748
0.0268739
0.026873
0.0268721
0.0268712
0.0268702
0.0268693
0.0268684
0.0268675
0.0268666
0.0268657
0.0268648
0.0268639
0.026863
0.0268621
0.0268612
0.0268603
0.0268594
0.0268585
0.0268576
0.0268567
0.0268558
0.0268549
0.026854
0.0268531
0.0268522
0.0268512
0.0268504
0.0268495
0.0268486
0.0268477
0.0268468
0.0268459
0.026845
0.0268441
0.0268432
0.0268423
0.0268414
0.0268405
0.0268396
0.0268387
0.0268378
0.0268369
0.026836
0.0268351
0.0268342
0.0268333
0.0268324
0.0268316
0.0268307
0.0268298
0.0268289
0.026828
0.0268271
0.0268262
0.0268253
0.0268244
0.0268236
0.0268227
0.0268218
0.0268209
0.02682
0.0268191
0.0268182
0.0268174
0.0268165
0.0268156
0.0268147
0.0268138
0.0268129
0.0268121
0.0268112
0.0268103
0.0268094
0.0268085
0.0268077
0.0268068
0.0268059
0.026805
0.0268042
0.0268033
0.0268024
0.0268015
0.0268006
0.0267998
0.0267989
0.026798
0.0267971
0.0267963
0.0267954
0.0267945
0.0267937
0.0267928
0.0267919
0.026791
0.0267902
0.0267893
0.0267884
0.0267876
0.0267867
0.0267858
0.0267849
0.0267841
0.0267832
0.0267823
0.0267815
0.0267806
0.0267797
0.0267789
0.026778
0.0267772
0.0267763
0.0267754
0.0267746
0.0267737
0.0267728
0.026772
0.0267711
0.0267702
0.0267694
0.0267685
0.0267677
0.0267668
0.0267659
0.0267651
0.0267642
0.0267634
0.0267625
0.0267616
0.0267608
0.0267599
0.0267591
0.0267582
0.0267574
0.0267565
0.0267557
0.0267548
0.0267539
0.0267531
0.0267522
0.0267514
0.0267505
0.0267497
0.0267488
0.026748
0.0267471
0.0267463
0.0267454
0.0267446
0.0267437
0.0267429
0.026742
0.0267412
0.0267403
0.0267395
0.0267386
0.0267378
0.0267369
0.0267361
0.0267352
0.0267344
0.0267336
0.0267327
0.0267319
0.026731
0.0267302
0.0267293
0.0267285
0.0267277
0.0267268
0.026726
0.0267251
0.0267243
0.0267234
0.0267226
0.0267218
0.0267209
0.0267201
0.0267193
0.0267184
0.0267176
0.0267167
0.0267159
0.0267151
0.0267142
0.0267134
0.0267126
0.0267117
0.0267109
0.0267101
0.0267092
0.0267084
0.0267076
0.0267067
0.0267059
0.0267051
0.0267042
0.0267034
0.0267026
0.0267017
0.0267009
0.0267001
0.0266992
0.0266984
0.0266976
0.0266968
0.0266959
0.0266951
0.0266943
0.0266934
0.0266926
0.0266918
0.026691
0.0266901
0.0266893
0.0266885
0.0266877
0.0266868
0.026686
0.0266852
0.0266844
0.0266836
0.0266827
0.0266819
0.0266811
0.0266803
0.0266794
0.0266786
0.0266778
0.026677
0.0266762
0.0266753
0.0266745
0.0266737
0.0266729
0.0266721
0.0266713
0.0266704
0.0266696
0.0266688
0.026668
0.0266672
0.0266664
0.0266655
0.0266647
0.0266639
0.0266631
0.0266623
0.0266615
0.0266607
0.0266599
0.026659
0.0266582
0.0266574
0.0266566
0.0266558
0.026655
0.0266542
0.0266534
0.0266526
0.0266518
0.0266509
0.0266501
0.0266493
0.0266485
0.0266477
0.0266469
0.0266461
0.0266453
0.0266445
0.0266437
0.0266429
0.0266421
0.0266413
0.0266405
0.0266397
0.0266389
0.0266381
0.0266373
0.0266365
0.0266357
0.0266349
0.026634
0.0266332
0.0266324
0.0266316
0.0266308
0.0266301
0.0266293
0.0266285
0.0266277
0.0266269
0.0266261
0.0266253
0.0266245
0.0266237
0.0266229
0.0266221
0.0266213
0.0266205
0.0266197
0.0266189
0.0266181
0.0266173
0.0266165
0.0266157
0.0266149
0.0266141
0.0266133
0.0266126
0.0266118
0.026611
0.0266102
0.0266094
0.0266086
0.0266078
0.026607
0.0266062
0.0266054
0.0266047
0.0266039
0.0266031
0.0266023
0.0266015
0.0266007
0.0265999
0.0265991
0.0265984
0.0265976
0.0265968
0.026596
0.0265952
0.0265944
0.0265937
0.0265929
0.0265921
0.0265913
0.0265905
0.0265897
0.026589
0.0265882
0.0265874
0.0265866
0.0265858
0.0265851
0.0265843
0.0265835
0.0265827
0.0265819
0.0265812
0.0265804
0.0265796
0.0265788
0.026578
0.0265773
0.0265765
0.0265757
0.0265749
0.0265742
0.0265734
0.0265726
0.0265718
0.0265711
0.0265703
0.0265695
0.0265687
0.026568
0.0265672
0.0265664
0.0265657
0.0265649
0.0265641
0.0265633
0.0265626
0.0265618
0.026561
0.0265603
0.0265595
0.0265587
0.026558
0.0265572
0.0265564
0.0265556
0.0265549
0.0265541
0.0265533
0.0265526
0.0265518
0.026551
0.0265503
0.0265495
0.0265488
0.026548
0.0265472
0.0265465
0.0265457
0.0265449
0.0265442
0.0265434
0.0265426
0.0265419
0.0265411
0.0265404
0.0265396
0.0265388
0.0265381
0.0265373
0.0265366
0.0265358
0.026535
0.0265343
0.0265335
0.0265328
0.026532
0.0265312
0.0265305
0.0265297
0.026529
0.0265282
0.0265275
0.0265267
0.0265259
0.0265252
0.0265244
0.0265237
0.0265229
0.0265222
0.0265214
0.0265207
0.0265199
0.0265192
0.0265184
0.0265177
0.0265169
0.0265161
0.0265154
0.0265146
0.0265139
0.0265131
0.0265124
0.0265116
0.0265109
0.0265101
0.0265094
0.0265086
0.0265079
0.0265072
0.0265064
0.0265057
0.0265049
0.0265042
0.0265034
0.0265027
0.0265019
0.0265012
0.0265004
0.0264997
0.0264989
0.0264982
0.0264975
0.0264967
0.026496
0.0264952
0.0264945
0.0264937
0.026493
0.0264923
0.0264915
0.0264908
0.02649
0.0264893
0.0264885
0.0264878
0.0264871
0.0264863
0.0264856
0.0264848
0.0264841
0.0264834
0.0264826
0.0264819
0.0264812
0.0264804
0.0264797
0.0264789
0.0264782
0.0264775
0.0264767
0.026476
0.0264753
0.0264745
0.0264738
0.0264731
0.0264723
0.0264716
0.0264709
0.0264701
0.0264694
0.0264687
0.0264679
0.0264672
0.0264665
0.0264657
0.026465
0.0264643
0.0264635
0.0264628
0.0264621
0.0264613
0.0264606
0.0264599
0.0264592
0.0264584
0.0264577
0.026457
0.0264562
0.0264555
0.0264548
0.0264541
0.0264533
0.0264526
0.0264519
0.0264512
0.0264504
0.0264497
0.026449
0.0264483
0.0264475
0.0264468
0.0264461
0.0264454
0.0264446
0.0264439
0.0264432
0.0264425
0.0264417
0.026441
0.0264403
0.0264396
0.0264389
0.0264381
0.0264374
0.0264367
0.026436
0.0264353
0.0264345
0.0264338
0.0264331
0.0264324
0.0264317
0.0264309
0.0264302
0.0264295
0.0264288
0.0264281
0.0264274
0.0264266
0.0264259
0.0264252
0.0264245
0.0264238
0.0264231
0.0264223
0.0264216
0.0264209
0.0264202
0.0264195
0.0264188
0.0264181
0.0264173
0.0264166
0.0264159
0.0264152
0.0264145
0.0264138
0.0264131
0.0264124
0.0264117
0.0264109
0.0264102
0.0264095
0.0264088
0.0264081
0.0264074
0.0264067
0.026406
0.0264053
0.0264046
0.0264038
0.0264031
0.0264024
0.0264017
0.026401
0.0264003
0.0263996
0.0263989
0.0263982
0.0263975
0.0263968
0.0263961
0.0263954
0.0263947
0.026394
0.0263933
0.0263926
0.0263919
0.0263912
0.0263905
0.0263897
0.026389
0.0263883
0.0263876
0.0263869
0.0263862
0.0263855
0.0263848
0.0263841
0.0263834
0.0263827
0.026382
0.0263813
0.0263806
0.0263799
0.0263792
0.0263785
0.0263778
0.0263771
0.0263765
0.0263758
0.0263751
0.0263744
0.0263737
0.026373
0.0263723
0.0263716
0.0263709
0.0263702
0.0263695
0.0263688
0.0263681
0.0263674
0.0263667
0.026366
0.0263653
0.0263646
0.0263639
0.0263632
0.0263626
0.0263619
0.0263612
0.0263605
0.0263598
0.0263591
0.0263584
0.0263577
0.026357
0.0263563
0.0263556
0.026355
0.0263543
0.0263536
0.0263529
0.0263522
0.0263515
0.0263508
0.0263501
0.0263494
0.0263488
0.0263481
0.0263474
0.0263467
0.026346
0.0263453
0.0263446
0.026344
0.0263433
0.0263426
0.0263419
0.0263412
0.0263405
0.0263398
0.0263392
0.0263385
0.0263378
0.0263371
0.0263364
0.0263357
0.0263351
0.0263344
0.0263337
0.026333
0.0263323
0.0263317
0.026331
0.0263303
0.0263296
0.0263289
0.0263283
0.0263276
0.0263269
0.0263262
0.0263255
0.0263249
0.0263242
0.0263235
0.0263228
0.0263221
0.0263215
0.0263208
0.0263201
0.0263194
0.0263188
0.0263181
0.0263174
0.0263167
0.0263161
0.0263154
0.0263147
0.026314
0.0263134
0.0263127
0.026312
0.0263113
0.0263107
0.02631
0.0263093
0.0263086
0.026308
0.0263073
0.0263066
0.026306
0.0263053
0.0263046
0.0263039
0.0263033
0.0263026
0.0263019
0.0263013
0.0263006
0.0262999
0.0262993
0.0262986
0.0262979
0.0262972
0.0262966
0.0262959
0.0262952
0.0262946
0.0262939
0.0262932
0.0262926
0.0262919
0.0262912
0.0262906
0.0262899
0.0262892
0.0262886
0.0262879
0.0262872
0.0262866
0.0262859
0.0262852
0.0262846
0.0262839
0.0262833
0.0262826
0.0262819
0.0262813
0.0262806
0.0262799
0.0262793
0.0262786
0.026278
0.0262773
0.0262766
0.026276
0.0262753
0.0262746
0.026274
0.0262733
0.0262727
0.026272
0.0262713
0.0262707
0.02627
0.0262694
0.0262687
0.0262681
0.0262674
0.0262667
0.0262661
0.0262654
0.0262648
0.0262641
0.0262635
0.0262628
0.0262621
0.0262615
0.0262608
0.0262602
0.0262595
0.0262589
0.0262582
0.0262576
0.0262569
0.0262562
0.0262556
0.0262549
0.0262543
0.0262536
0.026253
0.0262523
0.0262517
0.026251
0.0262504
0.0262497
0.0262491
0.0262484
0.0262478
0.0262471
0.0262465
0.0262458
0.0262452
0.0262445
0.0262439
0.0262432
0.0262426
0.0262419
0.0262413
0.0262406
0.02624
0.0262393
0.0262387
0.026238
0.0262374
0.0262367
0.0262361
0.0262354
0.0262348
0.0262341
0.0262335
0.0262328
0.0262322
0.0262315
0.0262309
0.0262303
0.0262296
0.026229
0.0262283
0.0262277
0.026227
0.0262264
0.0262257
0.0262251
0.0262245
0.0262238
0.0262232
0.0262225
0.0262219
0.0262212
0.0262206
0.02622
0.0262193
0.0262187
0.026218
0.0262174
0.0262168
0.0262161
0.0262155
0.0262148
0.0262142
0.0262136
0.0262129
0.0262123
0.0262116
0.026211
0.0262104
0.0262097
0.0262091
0.0262084
0.0262078
0.0262072
0.0262065
0.0262059
0.0262053
0.0262046
0.026204
0.0262033
0.0262027
0.0262021
0.0262014
0.0262008
0.0262002
0.0261995
0.0261989
0.0261983
0.0261976
0.026197
0.0261964
0.0261957
0.0261951
0.0261945
0.0261938
0.0261932
0.0261926
0.0261919
0.0261913
0.0261907
0.02619
0.0261894
0.0261888
0.0261881
0.0261875
0.0261869
0.0261862
0.0261856
0.026185
0.0261844
0.0261837
0.0261831
0.0261825
0.0261818
0.0261812
0.0261806
0.02618
0.0261793
0.0261787
0.0261781
0.0261774
0.0261768
0.0261762
0.0261756
0.0261749
0.0261743
0.0261737
0.0261731
0.0261724
0.0261718
0.0261712
0.0261706
0.0261699
0.0261693
0.0261687
0.0261681
0.0261674
0.0261668
0.0261662
0.0261656
0.0261649
0.0261643
0.0261637
0.0261631
0.0261624
0.0261618
0.0261612
0.0261606
0.02616
0.0261593
0.0261587
0.0261581
0.0261575
0.0261568
0.0261562
0.0261556
0.026155
0.0261544
0.0261537
0.0261531
0.0261525
0.0261519
0.0261513
0.0261506
0.02615
0.0261494
0.0261488
0.0261482
0.0261476
0.0261469
0.0261463
0.0261457
0.0261451
0.0261445
0.0261439
0.0261432
0.0261426
0.026142
0.0261414
0.0261408
0.0261402
0.0261395
0.0261389
0.0261383
0.0261377
0.0261371
0.0261365
0.0261359
0.0261352
0.0261346
0.026134
0.0261334
0.0261328
0.0261322
0.0261316
0.026131
0.0261303
0.0261297
0.0261291
0.0261285
0.0261279
0.0261273
0.0261267
0.0261261
0.0261254
0.0261248
0.0261242
0.0261236
0.026123
0.0261224
0.0261218
0.0261212
0.0261206
0.02612
0.0261194
0.0261187
0.0261181
0.0261175
0.0261169
0.0261163
0.0261157
0.0261151
0.0261145
0.0261139
0.0261133
0.0261127
0.0261121
0.0261115
0.0261109
0.0261102
0.0261096
0.026109
0.0261084
0.0261078
0.0261072
0.0261066
0.026106
0.0261054
0.0261048
0.0261042
0.0261036
0.026103
0.0261024
0.0261018
0.0261012
0.0261006
0.0261
0.0260994
0.0260988
0.0260982
0.0260976
0.026097
0.0260964
0.0260958
0.0260952
0.0260946
0.026094
0.0260934
0.0260928
0.0260922
0.0260916
0.026091
0.0260904
0.0260898
0.0260892
0.0260886
0.026088
0.0260874
0.0260868
0.0260862
0.0260856
0.026085
0.0260844
0.0260838
0.0260832
0.0260826
0.026082
0.0260814
0.0260808
0.0260802
0.0260796
0.026079
0.0260784
0.0260778
0.0260772
0.0260766
0.026076
0.0260754
0.0260748
0.0260742
0.0260736
0.0260731
0.0260725
0.0260719
0.0260713
0.0260707
0.0260701
0.0260695
0.0260689
0.0260683
0.0260677
0.0260671
0.0260665
0.0260659
0.0260653
0.0260648
0.0260642
0.0260636
0.026063
0.0260624
0.0260618
0.0260612
0.0260606
0.02606
0.0260594
0.0260589
0.0260583
0.0260577
0.0260571
0.0260565
0.0260559
0.0260553
0.0260547
0.0260541
0.0260536
0.026053
0.0260524
0.0260518
0.0260512
0.0260506
0.02605
0.0260494
0.0260489
0.0260483
0.0260477
0.0260471
0.0260465
0.0260459
0.0260453
0.0260448
0.0260442
0.0260436
0.026043
0.0260424
0.0260418
0.0260412
0.0260407
0.0260401
0.0260395
0.0260389
0.0260383
0.0260377
0.0260372
0.0260366
0.026036
0.0260354
0.0260348
0.0260342
0.0260337
0.0260331
0.0260325
0.0260319
0.0260313
0.0260308
0.0260302
0.0260296
0.026029
0.0260284
0.0260278
0.0260273
0.0260267
0.0260261
0.0260255
0.026025
0.0260244
0.0260238
0.0260232
0.0260226
0.0260221
0.0260215
0.0260209
0.0260203
0.0260197
0.0260192
0.0260186
0.026018
0.0260174
0.0260169
0.0260163
0.0260157
0.0260151
0.0260146
0.026014
0.0260134
0.0260128
0.0260122
0.0260117
0.0260111
0.0260105
0.0260099
0.0260094
0.0260088
0.0260082
0.0260076
0.0260071
0.0260065
0.0260059
0.0260054
0.0260048
0.0260042
0.0260036
0.0260031
0.0260025
0.0260019
0.0260013
0.0260008
0.0260002
0.0259996
0.0259991
0.0259985
0.0259979
0.0259973
0.0259968
0.0259962
0.0259956
0.0259951
0.0259945
0.0259939
0.0259933
0.0259928
0.0259922
0.0259916
0.0259911
0.0259905
0.0259899
0.0259894
0.0259888
0.0259882
0.0259877
0.0259871
0.0259865
0.025986
0.0259854
0.0259848
0.0259842
0.0259837
0.0259831
0.0259825
0.025982
0.0259814
0.0259808
0.0259803
0.0259797
0.0259791
0.0259786
0.025978
0.0259775
0.0259769
0.0259763
0.0259758
0.0259752
0.0259746
0.0259741
0.0259735
0.0259729
0.0259724
0.0259718
0.0259712
0.0259707
0.0259701
0.0259696
0.025969
0.0259684
0.0259679
0.0259673
0.0259667
0.0259662
0.0259656
0.0259651
0.0259645
0.0259639
0.0259634
0.0259628
0.0259623
0.0259617
0.0259611
0.0259606
0.02596
0.0259594
0.0259589
0.0259583
0.0259578
0.0259572
0.0259567
0.0259561
0.0259555
0.025955
0.0259544
0.0259539
0.0259533
0.0259527
0.0259522
0.0259516
0.0259511
0.0259505
0.02595
0.0259494
0.0259488
0.0259483
0.0259477
0.0259472
0.0259466
0.0259461
0.0259455
0.0259449
0.0259444
0.0259438
0.0259433
0.0259427
0.0259422
0.0259416
0.0259411
0.0259405
0.0259399
0.0259394
0.0259388
0.0259383
0.0259377
0.0259372
0.0259366
0.0259361
0.0259355
0.025935
0.0259344
0.0259339
0.0259333
0.0259328
0.0259322
0.0259316
0.0259311
0.0259305
0.02593
0.0259294
0.0259289
0.0259283
0.0259278
0.0259272
0.0259267
0.0259261
0.0259256
0.025925
0.0259245
0.0259239
0.0259234
0.0259228
0.0259223
0.0259217
0.0259212
0.0259206
0.0259201
0.0259195
0.025919
0.0259184
0.0259179
0.0259173
0.0259168
0.0259162
0.0259157
0.0259152
0.0259146
0.0259141
0.0259135
0.025913
0.0259124
0.0259119
0.0259113
0.0259108
0.0259102
0.0259097
0.0259091
0.0259086
0.025908
0.0259075
0.025907
0.0259064
0.0259059
0.0259053
0.0259048
0.0259042
0.0259037
0.0259031
0.0259026
0.0259021
0.0259015
0.025901
0.0259004
0.0258999
0.0258993
0.0258988
0.0258983
0.0258977
0.0258972
0.0258966
0.0258961
0.0258955
0.025895
0.0258945
0.0258939
0.0258934
0.0258928
0.0258923
0.0258918
0.0258912
0.0258907
0.0258901
0.0258896
0.0258891
0.0258885
0.025888
0.0258874
0.0258869
0.0258864
0.0258858
0.0258853
0.0258847
0.0258842
0.0258837
0.0258831
0.0258826
0.025882
0.0258815
0.025881
0.0258804
0.0258799
0.0258794
0.0258788
0.0258783
0.0258777
0.0258772
0.0258767
0.0258761
0.0258756
0.0258751
0.0258745
0.025874
0.0258734
0.0258729
0.0258724
0.0258718
0.0258713
0.0258708
0.0258702
0.0258697
0.0258692
0.0258686
0.0258681
0.0258676
0.025867
0.0258665
0.025866
0.0258654
0.0258649
0.0258644
0.0258638
0.0258633
0.0258628
0.0258622
0.0258617
0.0258612
0.0258606
0.0258601
0.0258596
0.025859
0.0258585
0.025858
0.0258574
0.0258569
0.0258564
0.0258558
0.0258553
0.0258548
0.0258543
0.0258537
0.0258532
0.0258527
0.0258521
0.0258516
0.0258511
0.0258505
0.02585
0.0258495
0.025849
0.0258484
0.0258479
0.0258474
0.0258468
0.0258463
0.0258458
0.0258452
0.0258447
0.0258442
0.0258437
0.0258431
0.0258426
0.0258421
0.0258416
0.025841
0.0258405
0.02584
0.0258394
0.0258389
0.0258384
0.0258379
0.0258373
0.0258368
0.0258363
0.0258358
0.0258352
0.0258347
0.0258342
0.0258337
0.0258331
0.0258326
0.0258321
0.0258316
0.025831
0.0258305
0.02583
0.0258295
0.0258289
0.0258284
0.0258279
0.0258274
0.0258268
0.0258263
0.0258258
0.0258253
0.0258248
0.0258242
0.0258237
0.0258232
0.0258227
0.0258221
0.0258216
0.0258211
0.0258206
0.0258201
0.0258195
0.025819
0.0258185
0.025818
0.0258174
0.0258169
0.0258164
0.0258159
0.0258154
0.0258148
0.0258143
0.0258138
0.0258133
0.0258128
0.0258122
0.0258117
0.0258112
0.0258107
0.0258102
0.0258097
0.0258091
0.0258086
0.0258081
0.0258076
0.0258071
0.0258065
0.025806
0.0258055
0.025805
0.0258045
0.025804
0.0258034
0.0258029
0.0258024
0.0258019
0.0258014
0.0258009
0.0258003
0.0257998
0.0257993
0.0257988
0.0257983
0.0257978
0.0257972
0.0257967
0.0257962
0.0257957
0.0257952
0.0257947
0.0257941
0.0257936
0.0257931
0.0257926
0.0257921
0.0257916
0.0257911
0.0257905
0.02579
0.0257895
0.025789
0.0257885
0.025788
0.0257875
0.025787
0.0257864
0.0257859
0.0257854
0.0257849
0.0257844
0.0257839
0.0257834
0.0257829
0.0257823
0.0257818
0.0257813
0.0257808
0.0257803
0.0257798
0.0257793
0.0257788
0.0257783
0.0257777
0.0257772
0.0257767
0.0257762
0.0257757
0.0257752
0.0257747
0.0257742
0.0257737
0.0257732
0.0257726
0.0257721
0.0257716
0.0257711
0.0257706
0.0257701
0.0257696
0.0257691
0.0257686
0.0257681
0.0257676
0.0257671
0.0257665
0.025766
0.0257655
0.025765
0.0257645
0.025764
0.0257635
0.025763
0.0257625
0.025762
0.0257615
0.025761
0.0257605
0.02576
0.0257595
0.0257589
0.0257584
0.0257579
0.0257574
0.0257569
0.0257564
0.0257559
0.0257554
0.0257549
0.0257544
0.0257539
0.0257534
0.0257529
0.0257524
0.0257519
0.0257514
0.0257509
0.0257504
0.0257499
0.0257494
0.0257489
0.0257484
0.0257479
0.0257473
0.0257468
0.0257463
0.0257458
0.0257453
0.0257448
0.0257443
0.0257438
0.0257433
0.0257428
0.0257423
0.0257418
0.0257413
0.0257408
0.0257403
0.0257398
0.0257393
0.0257388
0.0257383
0.0257378
0.0257373
0.0257368
0.0257363
0.0257358
0.0257353
0.0257348
0.0257343
0.0257338
0.0257333
0.0257328
0.0257323
0.0257318
0.0257313
0.0257308
0.0257303
0.0257298
0.0257293
0.0257288
0.0257283
0.0257278
0.0257273
0.0257268
0.0257263
0.0257258
0.0257253
0.0257248
0.0257244
0.0257239
0.0257234
0.0257229
0.0257224
0.0257219
0.0257214
0.0257209
0.0257204
0.0257199
0.0257194
0.0257189
0.0257184
0.0257179
0.0257174
0.0257169
0.0257164
0.0257159
0.0257154
0.0257149
0.0257144
0.0257139
0.0257134
0.025713
0.0257125
0.025712
0.0257115
0.025711
0.0257105
0.02571
0.0257095
0.025709
0.0257085
0.025708
0.0257075
0.025707
0.0257065
0.025706
0.0257056
0.0257051
0.0257046
0.0257041
0.0257036
0.0257031
0.0257026
0.0257021
0.0257016
0.0257011
0.0257006
0.0257001
0.0256997
0.0256992
0.0256987
0.0256982
0.0256977
0.0256972
0.0256967
0.0256962
0.0256957
0.0256952
0.0256948
0.0256943
0.0256938
0.0256933
0.0256928
0.0256923
0.0256918
0.0256913
0.0256908
0.0256903
0.0256899
0.0256894
0.0256889
0.0256884
0.0256879
0.0256874
0.0256869
0.0256864
0.025686
0.0256855
0.025685
0.0256845
0.025684
0.0256835
0.025683
0.0256825
0.0256821
0.0256816
0.0256811
0.0256806
0.0256801
0.0256796
0.0256791
0.0256787
0.0256782
0.0256777
0.0256772
0.0256767
0.0256762
0.0256757
0.0256753
0.0256748
0.0256743
0.0256738
0.0256733
0.0256728
0.0256723
0.0256719
0.0256714
0.0256709
0.0256704
0.0256699
0.0256694
0.025669
0.0256685
0.025668
0.0256675
0.025667
0.0256665
0.0256661
0.0256656
0.0256651
0.0256646
0.0256641
0.0256637
0.0256632
0.0256627
0.0256622
0.0256617
0.0256612
0.0256608
0.0256603
0.0256598
0.0256593
0.0256588
0.0256584
0.0256579
0.0256574
0.0256569
0.0256564
0.025656
0.0256555
0.025655
0.0256545
0.025654
0.0256535
0.0256531
0.0256526
0.0256521
0.0256516
0.0256512
0.0256507
0.0256502
0.0256497
0.0256492
0.0256488
0.0256483
0.0256478
0.0256473
0.0256468
0.0256464
0.0256459
0.0256454
0.0256449
0.0256445
0.025644
0.0256435
0.025643
0.0256425
0.0256421
0.0256416
0.0256411
0.0256406
0.0256402
0.0256397
0.0256392
0.0256387
0.0256383
0.0256378
0.0256373
0.0256368
0.0256363
0.0256359
0.0256354
0.0256349
0.0256344
0.025634
0.0256335
0.025633
0.0256325
0.0256321
0.0256316
0.0256311
0.0256306
0.0256302
0.0256297
0.0256292
0.0256288
0.0256283
0.0256278
0.0256273
0.0256269
0.0256264
0.0256259
0.0256254
0.025625
0.0256245
0.025624
0.0256235
0.0256231
0.0256226
0.0256221
0.0256217
0.0256212
0.0256207
0.0256202
0.0256198
0.0256193
0.0256188
0.0256184
0.0256179
0.0256174
0.0256169
0.0256165
0.025616
0.0256155
0.0256151
0.0256146
0.0256141
0.0256136
0.0256132
0.0256127
0.0256122
0.0256118
0.0256113
0.0256108
0.0256104
0.0256099
0.0256094
0.0256089
0.0256085
0.025608
0.0256075
0.0256071
0.0256066
0.0256061
0.0256057
0.0256052
0.0256047
0.0256043
0.0256038
0.0256033
0.0256029
0.0256024
0.0256019
0.0256014
0.025601
0.0256005
0.0256
0.0255996
0.0255991
0.0255986
0.0255982
0.0255977
0.0255972
0.0255968
0.0255963
0.0255958
0.0255954
0.0255949
0.0255944
0.025594
0.0255935
0.025593
0.0255926
0.0255921
0.0255917
0.0255912
0.0255907
0.0255903
0.0255898
0.0255893
0.0255889
0.0255884
0.0255879
0.0255875
0.025587
0.0255865
0.0255861
0.0255856
0.0255851
0.0255847
0.0255842
0.0255838
0.0255833
0.0255828
0.0255824
0.0255819
0.0255814
0.025581
0.0255805
0.02558
0.0255796
0.0255791
0.0255787
0.0255782
0.0255777
0.0255773
0.0255768
0.0255764
0.0255759
0.0255754
0.025575
0.0255745
0.025574
0.0255736
0.0255731
0.0255727
0.0255722
0.0255717
0.0255713
0.0255708
0.0255704
0.0255699
0.0255694
0.025569
0.0255685
0.0255681
0.0255676
0.0255671
0.0255667
0.0255662
0.0255658
0.0255653
0.0255648
0.0255644
0.0255639
0.0255635
0.025563
0.0255625
0.0255621
0.0255616
0.0255612
0.0255607
0.0255602
0.0255598
0.0255593
0.0255589
0.0255584
0.025558
0.0255575
0.025557
0.0255566
0.0255561
0.0255557
0.0255552
0.0255548
0.0255543
0.0255538
0.0255534
0.0255529
0.0255525
0.025552
0.0255516
0.0255511
0.0255506
0.0255502
0.0255497
0.0255493
0.0255488
0.0255484
0.0255479
0.0255475
0.025547
0.0255465
0.0255461
0.0255456
0.0255452
0.0255447
0.0255443
0.0255438
0.0255434
0.0255429
0.0255425
0.025542
0.0255415
0.0255411
0.0255406
0.0255402
0.0255397
0.0255393
0.0255388
0.0255384
0.0255379
0.0255375
0.025537
0.0255366
0.0255361
0.0255356
0.0255352
0.0255347
0.0255343
0.0255338
0.0255334
0.0255329
0.0255325
0.025532
0.0255316
0.0255311
0.0255307
0.0255302
0.0255298
0.0255293
0.0255289
0.0255284
0.025528
0.0255275
0.0255271
0.0255266
0.0255262
0.0255257
0.0255253
0.0255248
0.0255244
0.0255239
0.0255235
0.025523
0.0255226
0.0255221
0.0255217
0.0255212
0.0255208
0.0255203
0.0255199
0.0255194
0.025519
0.0255185
0.0255181
0.0255176
0.0255172
0.0255167
0.0255163
0.0255158
0.0255154
0.0255149
0.0255145
0.025514
0.0255136
0.0255131
0.0255127
0.0255122
0.0255118
0.0255113
0.0255109
0.0255104
0.02551
0.0255096
0.0255091
0.0255087
0.0255082
0.0255078
0.0255073
0.0255069
0.0255064
0.025506
0.0255055
0.0255051
0.0255046
0.0255042
0.0255037
0.0255033
0.0255029
0.0255024
0.025502
0.0255015
0.0255011
0.0255006
0.0255002
0.0254997
0.0254993
0.0254989
0.0254984
0.025498
0.0254975
0.0254971
0.0254966
0.0254962
0.0254957
0.0254953
0.0254949
0.0254944
0.025494
0.0254935
0.0254931
0.0254926
0.0254922
0.0254917
0.0254913
0.0254909
0.0254904
0.02549
0.0254895
0.0254891
0.0254886
0.0254882
0.0254878
0.0254873
0.0254869
0.0254864
0.025486
0.0254856
0.0254851
0.0254847
0.0254842
0.0254838
0.0254833
0.0254829
0.0254825
0.025482
0.0254816
0.0254811
0.0254807
0.0254803
0.0254798
0.0254794
0.0254789
0.0254785
0.0254781
0.0254776
0.0254772
0.0254767
0.0254763
0.0254759
0.0254754
0.025475
0.0254745
0.0254741
0.0254737
0.0254732
0.0254728
0.0254723
0.0254719
0.0254715
0.025471
0.0254706
0.0254701
0.0254697
0.0254693
0.0254688
0.0254684
0.0254679
0.0254675
0.0254671
0.0254666
0.0254662
0.0254658
0.0254653
0.0254649
0.0254644
0.025464
0.0254636
0.0254631
0.0254627
0.0254623
0.0254618
0.0254614
0.025461
0.0254605
0.0254601
0.0254596
0.0254592
0.0254588
0.0254583
0.0254579
0.0254575
0.025457
0.0254566
0.0254562
0.0254557
0.0254553
0.0254548
0.0254544
0.025454
0.0254535
0.0254531
0.0254527
0.0254522
0.0254518
0.0254514
0.0254509
0.0254505
0.0254501
0.0254496
0.0254492
0.0254488
0.0254483
0.0254479
0.0254475
0.025447
0.0254466
0.0254462
0.0254457
0.0254453
0.0254449
0.0254444
0.025444
0.0254436
0.0254431
0.0254427
0.0254423
0.0254418
0.0254414
0.025441
0.0254405
0.0254401
0.0254397
0.0254392
0.0254388
0.0254384
0.0254379
0.0254375
0.0254371
0.0254366
0.0254362
0.0254358
0.0254353
0.0254349
0.0254345
0.0254341
0.0254336
0.0254332
0.0254328
0.0254323
0.0254319
0.0254315
0.025431
0.0254306
0.0254302
0.0254297
0.0254293
0.0254289
0.0254285
0.025428
0.0254276
0.0254272
0.0254267
0.0254263
0.0254259
0.0254254
0.025425
0.0254246
0.0254242
0.0254237
0.0254233
0.0254229
0.0254224
0.025422
0.0254216
0.0254212
0.0254207
0.0254203
0.0254199
0.0254194
0.025419
0.0254186
0.0254182
0.0254177
0.0254173
0.0254169
0.0254165
0.025416
0.0254156
0.0254152
0.0254147
0.0254143
0.0254139
0.0254135
0.025413
0.0254126
0.0254122
0.0254118
0.0254113
0.0254109
0.0254105
0.0254101
0.0254096
0.0254092
0.0254088
0.0254083
0.0254079
0.0254075
0.0254071
0.0254066
0.0254062
0.0254058
0.0254054
0.0254049
0.0254045
0.0254041
0.0254037
0.0254032
0.0254028
0.0254024
0.025402
0.0254015
0.0254011
0.0254007
0.0254003
0.0253998
0.0253994
0.025399
0.0253986
0.0253982
0.0253977
0.0253973
0.0253969
0.0253965
0.025396
0.0253956
0.0253952
0.0253948
0.0253943
0.0253939
0.0253935
0.0253931
0.0253927
0.0253922
0.0253918
0.0253914
0.025391
0.0253905
0.0253901
0.0253897
0.0253893
0.0253889
0.0253884
0.025388
0.0253876
0.0253872
0.0253867
0.0253863
0.0253859
0.0253855
0.0253851
0.0253846
0.0253842
0.0253838
0.0253834
0.025383
0.0253825
0.0253821
0.0253817
0.0253813
0.0253809
0.0253804
0.02538
0.0253796
0.0253792
0.0253788
0.0253783
0.0253779
0.0253775
0.0253771
0.0253767
0.0253762
0.0253758
0.0253754
0.025375
0.0253746
0.0253741
0.0253737
0.0253733
0.0253729
0.0253725
0.025372
0.0253716
0.0253712
0.0253708
0.0253704
0.02537
0.0253695
0.0253691
0.0253687
0.0253683
0.0253679
0.0253675
0.025367
0.0253666
0.0253662
0.0253658
0.0253654
0.0253649
0.0253645
0.0253641
0.0253637
0.0253633
0.0253629
0.0253624
0.025362
0.0253616
0.0253612
0.0253608
0.0253604
0.02536
0.0253595
0.0253591
0.0253587
0.0253583
0.0253579
0.0253575
0.025357
0.0253566
0.0253562
0.0253558
0.0253554
0.025355
0.0253545
0.0253541
0.0253537
0.0253533
0.0253529
0.0253525
0.0253521
0.0253516
0.0253512
0.0253508
0.0253504
0.02535
0.0253496
0.0253492
0.0253487
0.0253483
0.0253479
0.0253475
0.0253471
0.0253467
0.0253463
0.0253459
0.0253454
0.025345
0.0253446
0.0253442
0.0253438
0.0253434
0.025343
0.0253426
0.0253421
0.0253417
0.0253413
0.0253409
0.0253405
0.0253401
0.0253397
0.0253393
0.0253388
0.0253384
0.025338
0.0253376
0.0253372
0.0253368
0.0253364
0.025336
0.0253355
0.0253351
0.0253347
0.0253343
0.0253339
0.0253335
0.0253331
0.0253327
0.0253323
0.0253319
0.0253314
0.025331
0.0253306
0.0253302
0.0253298
0.0253294
0.025329
0.0253286
0.0253282
0.0253278
0.0253273
0.0253269
0.0253265
0.0253261
0.0253257
0.0253253
0.0253249
0.0253245
0.0253241
0.0253237
0.0253232
0.0253228
0.0253224
0.025322
0.0253216
0.0253212
0.0253208
0.0253204
0.02532
0.0253196
0.0253192
0.0253188
0.0253183
0.0253179
0.0253175
0.0253171
0.0253167
0.0253163
0.0253159
0.0253155
0.0253151
0.0253147
0.0253143
0.0253139
0.0253135
0.0253131
0.0253126
0.0253122
0.0253118
0.0253114
0.025311
0.0253106
0.0253102
0.0253098
0.0253094
0.025309
0.0253086
0.0253082
0.0253078
0.0253074
0.025307
0.0253066
0.0253061
0.0253057
0.0253053
0.0253049
0.0253045
0.0253041
0.0253037
0.0253033
0.0253029
0.0253025
0.0253021
0.0253017
0.0253013
0.0253009
0.0253005
0.0253001
0.0252997
0.0252993
0.0252989
0.0252985
0.0252981
0.0252977
0.0252972
0.0252968
0.0252964
0.025296
0.0252956
0.0252952
0.0252948
0.0252944
0.025294
0.0252936
0.0252932
0.0252928
0.0252924
0.025292
0.0252916
0.0252912
0.0252908
0.0252904
0.02529
0.0252896
0.0252892
0.0252888
0.0252884
0.025288
0.0252876
0.0252872
0.0252868
0.0252864
0.025286
0.0252856
0.0252852
0.0252848
0.0252844
0.025284
0.0252836
0.0252832
0.0252828
0.0252824
0.025282
0.0252816
0.0252812
0.0252808
0.0252804
0.02528
0.0252796
0.0252792
0.0252788
0.0252784
0.025278
0.0252776
0.0252772
0.0252768
0.0252764
0.025276
0.0252756
0.0252752
0.0252748
0.0252744
0.025274
0.0252736
0.0252732
0.0252728
0.0252724
0.025272
0.0252716
0.0252712
0.0252708
0.0252704
0.02527
0.0252696
0.0252692
0.0252688
0.0252684
0.025268
0.0252676
0.0252672
0.0252668
0.0252664
0.025266
0.0252656
0.0252652
0.0252648
0.0252644
0.025264
0.0252636
0.0252632
0.0252628
0.0252624
0.025262
0.0252616
0.0252612
0.0252608
0.0252604
0.02526
0.0252596
0.0252592
0.0252588
0.0252584
0.025258
0.0252577
0.0252573
0.0252569
0.0252565
0.0252561
0.0252557
0.0252553
0.0252549
0.0252545
0.0252541
0.0252537
0.0252533
0.0252529
0.0252525
0.0252521
0.0252517
0.0252513
0.0252509
0.0252505
0.0252501
0.0252497
0.0252493
0.025249
0.0252486
0.0252482
0.0252478
0.0252474
0.025247
0.0252466
0.0252462
0.0252458
0.0252454
0.025245
0.0252446
0.0252442
0.0252438
0.0252434
0.025243
0.0252426
0.0252423
0.0252419
0.0252415
0.0252411
0.0252407
0.0252403
0.0252399
0.0252395
0.0252391
0.0252387
0.0252383
0.0252379
0.0252375
0.0252371
0.0252368
0.0252364
0.025236
0.0252356
0.0252352
0.0252348
0.0252344
0.025234
0.0252336
0.0252332
0.0252328
0.0252324
0.025232
0.0252317
0.0252313
0.0252309
0.0252305
0.0252301
0.0252297
0.0252293
0.0252289
0.0252285
0.0252281
0.0252277
0.0252274
0.025227
0.0252266
0.0252262
0.0252258
0.0252254
0.025225
0.0252246
0.0252242
0.0252238
0.0252235
0.0252231
0.0252227
0.0252223
0.0252219
0.0252215
0.0252211
0.0252207
0.0252203
0.0252199
0.0252196
0.0252192
0.0252188
0.0252184
0.025218
0.0252176
0.0252172
0.0252168
0.0252164
0.0252161
0.0252157
0.0252153
0.0252149
0.0252145
0.0252141
0.0252137
0.0252133
0.025213
0.0252126
0.0252122
0.0252118
0.0252114
0.025211
0.0252106
0.0252102
0.0252099
0.0252095
0.0252091
0.0252087
0.0252083
0.0252079
0.0252075
0.0252071
0.0252068
0.0252064
0.025206
0.0252056
0.0252052
0.0252048
0.0252044
0.025204
0.0252037
0.0252033
0.0252029
0.0252025
0.0252021
0.0252017
0.0252013
0.025201
0.0252006
0.0252002
0.0251998
0.0251994
0.025199
0.0251986
0.0251983
0.0251979
0.0251975
0.0251971
0.0251967
0.0251963
0.025196
0.0251956
0.0251952
0.0251948
0.0251944
0.025194
0.0251936
0.0251933
0.0251929
0.0251925
0.0251921
0.0251917
0.0251913
0.025191
0.0251906
0.0251902
0.0251898
0.0251894
0.025189
0.0251887
0.0251883
0.0251879
0.0251875
0.0251871
0.0251867
0.0251864
0.025186
0.0251856
0.0251852
0.0251848
0.0251844
0.0251841
0.0251837
0.0251833
0.0251829
0.0251825
0.0251821
0.0251818
0.0251814
0.025181
0.0251806
0.0251802
0.0251798
0.0251795
0.0251791
0.0251787
0.0251783
0.0251779
0.0251776
0.0251772
0.0251768
0.0251764
0.025176
0.0251757
0.0251753
0.0251749
0.0251745
0.0251741
0.0251737
0.0251734
0.025173
0.0251726
0.0251722
0.0251718
0.0251715
0.0251711
0.0251707
0.0251703
0.0251699
0.0251696
0.0251692
0.0251688
0.0251684
0.025168
0.0251677
0.0251673
0.0251669
0.0251665
0.0251661
0.0251658
0.0251654
0.025165
0.0251646
0.0251642
0.0251639
0.0251635
0.0251631
0.0251627
0.0251624
0.025162
0.0251616
0.0251612
0.0251608
0.0251605
0.0251601
0.0251597
0.0251593
0.0251589
0.0251586
0.0251582
0.0251578
0.0251574
0.0251571
0.0251567
0.0251563
0.0251559
0.0251555
0.0251552
0.0251548
0.0251544
0.025154
0.0251537
0.0251533
0.0251529
0.0251525
0.0251521
0.0251518
0.0251514
0.025151
0.0251506
0.0251503
0.0251499
0.0251495
0.0251491
0.0251488
0.0251484
0.025148
0.0251476
0.0251473
0.0251469
0.0251465
0.0251461
0.0251457
0.0251454
0.025145
0.0251446
0.0251442
0.0251439
0.0251435
0.0251431
0.0251427
0.0251424
0.025142
0.0251416
0.0251412
0.0251409
0.0251405
0.0251401
0.0251397
0.0251394
0.025139
0.0251386
0.0251382
0.0251379
0.0251375
0.0251371
0.0251367
0.0251364
0.025136
0.0251356
0.0251353
0.0251349
0.0251345
0.0251341
0.0251338
0.0251334
0.025133
0.0251326
0.0251323
0.0251319
0.0251315
0.0251311
0.0251308
0.0251304
0.02513
0.0251296
0.0251293
0.0251289
0.0251285
0.0251282
0.0251278
0.0251274
0.025127
0.0251267
0.0251263
0.0251259
0.0251255
0.0251252
0.0251248
0.0251244
0.0251241
0.0251237
0.0251233
0.0251229
0.0251226
0.0251222
0.0251218
0.0251215
0.0251211
0.0251207
0.0251203
0.02512
0.0251196
0.0251192
0.0251189
0.0251185
0.0251181
0.0251177
0.0251174
0.025117
0.0251166
0.0251163
0.0251159
0.0251155
0.0251151
0.0251148
0.0251144
0.025114
0.0251137
0.0251133
0.0251129
0.0251126
0.0251122
0.0251118
0.0251114
0.0251111
0.0251107
0.0251103
0.02511
0.0251096
0.0251092
0.0251089
0.0251085
0.0251081
0.0251078
0.0251074
0.025107
0.0251066
0.0251063
0.0251059
0.0251055
0.0251052
0.0251048
0.0251044
0.0251041
