0.5
0.495025
0.490099
0.485223
0.480395
0.475615
0.470882
0.466197
0.461558
0.456966
0.452419
0.447917
0.44346
0.439048
0.434679
0.430354
0.426072
0.421832
0.417635
0.41348
0.409365
0.405292
0.401259
0.397267
0.393314
0.3894
0.385526
0.38169
0.377892
0.374132
0.370409
0.366723
0.363075
0.359462
0.355885
0.352344
0.348838
0.345367
0.341931
0.338528
0.33516
0.331825
0.328523
0.325255
0.322018
0.318814
0.315642
0.312501
0.309392
0.306313
0.303265
0.300248
0.29726
0.294302
0.291374
0.288475
0.285605
0.282763
0.279949
0.277164
0.274406
0.271675
0.268972
0.266296
0.263646
0.261023
0.258426
0.255854
0.253309
0.250788
0.248293
0.245822
0.243376
0.240955
0.238557
0.236184
0.233834
0.231507
0.229204
0.226923
0.224665
0.22243
0.220217
0.218026
0.215857
0.213709
0.211583
0.209478
0.207394
0.20533
0.203288
0.201265
0.199263
0.197281
0.195318
0.193375
0.191452
0.189548
0.187662
0.185796
0.183948
0.182119
0.180308
0.178516
0.176741
0.174984
0.173245
0.171523
0.169818
0.168131
0.166461
0.164807
0.163171
0.161551
0.159947
0.15836
0.156789
0.155234
0.153695
0.152172
0.150664
0.149172
0.147696
0.146234
0.144789
0.143358
0.141942
0.140541
0.139156
0.137785
0.136428
0.135087
0.13376
0.132447
0.131149
0.129865
0.128596
0.127341
0.1261
0.124874
0.123662
0.122464
0.12128
0.12011
0.118954
0.117813
0.116685
0.115572
0.114473
0.113388
0.112317
0.11126
0.110218
0.10919
0.108176
0.107176
0.106191
0.10522
0.104263
0.103321
0.102393
0.10148
0.100582
0.0996977
0.0988284
0.0979738
0.0971339
0.0963088
0.0954985
0.094703
0.0939224
0.0931566
0.0924057
0.0916698
0.0909487
0.0902424
0.0895511
0.0888747
0.088213
0.0875662
0.0869341
0.0863167
0.0857139
0.0851257
0.0845519
0.0839925
0.0834474
0.0829165
0.0823996
0.0818966
0.0814074
0.0809318
0.0804696
0.0800207
0.0795849
0.079162
0.0787518
0.0783541
0.0779687
0.0775954
0.077234
0.0768842
0.0765458
0.0762186
0.0759023
0.0755967
0.0753015
0.0750165
0.0747415
0.0744762
0.0742203
0.0739736
0.0737358
0.0735067
0.0732861
0.0730737
0.0728693
0.0726725
0.0724833
0.0723013
0.0721263
0.0719581
0.0717965
0.0716412
0.0714921
0.0713488
0.0712113
0.0710793
0.0709526
0.0708311
0.0707145
0.0706026
0.0704953
0.0703925
0.0702938
0.0701993
0.0701086
0.0700218
0.0699386
0.0698588
0.0697824
0.0697092
0.0696391
0.0695719
0.0695075
0.0694459
0.0693869
0.0693304
0.0692763
0.0692244
0.0691748
0.0691273
0.0690818
0.0690382
0.0689965
0.0689565
0.0689182
0.0688816
0.0688465
0.0688128
0.0687806
0.0687498
0.0687202
0.0686919
0.0686648
0.0686388
0.0686138
0.0685899
0.068567
0.0685451
0.068524
0.0685038
0.0684844
0.0684658
0.0684479
0.0684308
0.0684143
0.0683985
0.0683833
0.0683686
0.0683546
0.0683411
0.0683281
0.0683156
0.0683035
0.0682919
0.0682808
0.06827
0.0682596
0.0682496
0.0682399
0.0682305
0.0682215
0.0682128
0.0682043
0.0681962
0.0681883
0.0681806
0.0681732
0.068166
0.068159
0.0681522
0.0681456
0.0681392
0.0681329
0.0681269
0.0681209
0.0681152
0.0681095
0.068104
0.0680987
0.0680934
0.0680883
0.0680833
0.0680783
0.0680735
0.0680688
0.0680641
0.0680596
0.0680551
0.0680507
0.0680463
0.068042
0.0680378
0.0680337
0.0680296
0.0680255
0.0680215
0.0680176
0.0680137
0.0680098
0.068006
0.0680022
0.0679984
0.0679947
0.067991
0.0679873
0.0679837
0.0679801
0.0679765
0.0679729
0.0679693
0.0679658
0.0679623
0.0679588
0.0679553
0.0679518
0.0679483
0.0679449
0.0679415
0.067938
0.0679346
0.0679312
0.0679278
0.0679244
0.067921
0.0679176
0.0679142
0.0679108
0.0679074
0.0679041
0.0679007
0.0678973
0.0678939
0.0678906
0.0678872
0.0678838
0.0678805
0.0678771
0.0678737
0.0678703
0.067867
0.0678636
0.0678602
0.0678568
0.0678535
0.0678501
0.0678467
0.0678433
0.0678399
0.0678365
0.0678331
0.0678297
0.0678263
0.0678229
0.0678195
0.0678161
0.0678127
0.0678093
0.0678059
0.0678025
0.067799
0.0677956
0.0677922
0.0677888
0.0677853
0.0677819
0.0677784
0.067775
0.0677715
0.0677681
0.0677646
0.0677612
0.0677577
0.0677543
0.0677508
0.0677473
0.0677438
0.0677404
0.0677369
0.0677334
0.0677299
0.0677265
0.067723
0.0677195
0.067716
0.0677125
0.067709
0.0677055
0.067702
0.0676985
0.067695
0.0676915
0.067688
0.0676845
0.067681
0.0676775
0.067674
0.0676705
0.067667
0.0676635
0.06766
0.0676565
0.0676529
0.0676494
0.0676459
0.0676424
0.0676389
0.0676354
0.0676319
0.0676284
0.0676248
0.0676213
0.0676178
0.0676143
0.0676108
0.0676073
0.0676038
0.0676003
0.0675968
0.0675932
0.0675897
0.0675862
0.0675827
0.0675792
0.0675757
0.0675722
0.0675687
0.0675652
0.0675617
0.0675583
0.0675548
0.0675513
0.0675478
0.0675443
0.0675408
0.0675373
0.0675339
0.0675304
0.0675269
0.0675234
0.06752
0.0675165
0.067513
0.0675096
0.0675061
0.0675027
0.0674992
0.0674958
0.0674923
0.0674889
0.0674855
0.067482
0.0674786
0.0674752
0.0674717
0.0674683
0.0674649
0.0674615
0.0674581
0.0674547
0.0674513
0.0674479
0.0674445
0.0674411
0.0674377
0.0674343
0.067431
0.0674276
0.0674242
0.0674209
0.0674175
0.0674142
0.0674108
0.0674075
0.0674041
0.0674008
0.0673975
0.0673942
0.0673908
0.0673875
0.0673842
0.0673809
0.0673776
0.0673743
0.0673711
0.0673678
0.0673645
0.0673612
0.067358
0.0673547
0.0673515
0.0673482
0.067345
0.0673417
0.0673385
0.0673353
0.0673321
0.0673289
0.0673257
0.0673225
0.0673193
0.0673161
0.0673129
0.0673097
0.0673066
0.0673034
0.0673003
0.0672971
0.067294
0.0672908
0.0672877
0.0672846
0.0672815
0.0672784
0.0672753
0.0672722
0.0672691
0.067266
0.0672629
0.0672599
0.0672568
0.0672537
0.0672507
0.0672477
0.0672446
0.0672416
0.0672386
0.0672356
0.0672326
0.0672296
0.0672266
0.0672236
0.0672206
0.0672177
0.0672147
0.0672118
0.0672088
0.0672059
0.067203
0.0672
0.0671971
0.0671942
0.0671913
0.0671884
0.0671856
0.0671827
0.0671798
0.067177
0.0671741
0.0671713
0.0671684
0.0671656
0.0671628
0.06716
0.0671572
0.0671544
0.0671516
0.0671488
0.067146
0.0671433
0.0671405
0.0671378
0.0671351
0.0671323
0.0671296
0.0671269
0.0671242
0.0671215
0.0671188
0.0671161
0.0671135
0.0671108
0.0671081
0.0671055
0.0671029
0.0671002
0.0670976
0.067095
0.0670924
0.0670898
0.0670872
0.0670846
0.0670821
0.0670795
0.067077
0.0670744
0.0670719
0.0670694
0.0670669
0.0670644
0.0670619
0.0670594
0.0670569
0.0670544
0.067052
0.0670495
0.0670471
0.0670446
0.0670422
0.0670398
0.0670374
0.067035
0.0670326
0.0670302
0.0670278
0.0670255
0.0670231
0.0670208
0.0670184
0.0670161
0.0670138
0.0670115
0.0670092
0.0670069
0.0670046
0.0670024
0.0670001
0.0669979
0.0669956
0.0669934
0.0669912
0.0669889
0.0669867
0.0669845
0.0669824
0.0669802
0.066978
0.0669759
0.0669737
0.0669716
0.0669694
0.0669673
0.0669652
0.0669631
0.066961
0.0669589
0.0669569
0.0669548
0.0669528
0.0669507
0.0669487
0.0669467
0.0669446
0.0669426
0.0669406
0.0669387
0.0669367
0.0669347
0.0669328
0.0669308
0.0669289
0.0669269
0.066925
0.0669231
0.0669212
0.0669193
0.0669175
0.0669156
0.0669137
0.0669119
0.06691
0.0669082
0.0669064
0.0669046
0.0669028
0.066901
0.0668992
0.0668975
0.0668957
0.0668939
0.0668922
0.0668905
0.0668888
0.066887
0.0668853
0.0668837
0.066882
0.0668803
0.0668787
0.066877
0.0668754
0.0668737
0.0668721
0.0668705
0.0668689
0.0668673
0.0668657
0.0668642
0.0668626
0.0668611
0.0668595
0.066858
0.0668565
0.066855
0.0668535
0.066852
0.0668505
0.066849
0.0668476
0.0668461
0.0668447
0.0668433
0.0668419
0.0668404
0.066839
0.0668377
0.0668363
0.0668349
0.0668336
0.0668322
0.0668309
0.0668296
0.0668282
0.0668269
0.0668257
0.0668244
0.0668231
0.0668218
0.0668206
0.0668193
0.0668181
0.0668169
0.0668157
0.0668145
0.0668133
0.0668121
0.0668109
0.0668098
0.0668086
0.0668075
0.0668064
0.0668052
0.0668041
0.066803
0.066802
0.0668009
0.0667998
0.0667988
0.0667977
0.0667967
0.0667957
0.0667947
0.0667936
0.0667927
0.0667917
0.0667907
0.0667897
0.0667888
0.0667879
0.0667869
0.066786
0.0667851
0.0667842
0.0667833
0.0667824
0.0667816
0.0667807
0.0667799
0.066779
0.0667782
0.0667774
0.0667766
0.0667758
0.066775
0.0667743
0.0667735
0.0667728
0.066772
0.0667713
0.0667706
0.0667699
0.0667692
0.0667685
0.0667678
0.0667672
0.0667665
0.0667659
0.0667652
0.0667646
0.066764
0.0667634
0.0667628
0.0667622
0.0667617
0.0667611
0.0667606
0.06676
0.0667595
0.066759
0.0667585
0.066758
0.0667575
0.0667571
0.0667566
0.0667561
0.0667557
0.0667553
0.0667549
0.0667545
0.0667541
0.0667537
0.0667533
0.0667529
0.0667526
0.0667523
0.0667519
0.0667516
0.0667513
0.066751
0.0667507
0.0667504
0.0667502
0.0667499
0.0667497
0.0667494
0.0667492
0.066749
0.0667488
0.0667486
0.0667484
0.0667483
0.0667481
0.066748
0.0667478
0.0667477
0.0667476
0.0667475
0.0667474
0.0667473
0.0667473
0.0667472
0.0667472
0.0667471
0.0667471
0.0667471
0.0667471
0.0667471
0.0667471
0.0667471
0.0667472
0.0667472
0.0667473
0.0667474
0.0667475
0.0667476
0.0667477
0.0667478
0.0667479
0.0667481
0.0667482
0.0667484
0.0667485
0.0667487
0.0667489
0.0667491
0.0667494
0.0667496
0.0667498
0.0667501
0.0667503
0.0667506
0.0667509
0.0667512
0.0667515
0.0667518
0.0667521
0.0667525
0.0667528
0.0667532
0.0667536
0.066754
0.0667544
0.0667548
0.0667552
0.0667556
0.066756
0.0667565
0.066757
0.0667574
0.0667579
0.0667584
0.0667589
0.0667594
0.06676
0.0667605
0.0667611
0.0667616
0.0667622
0.0667628
0.0667634
0.066764
0.0667646
0.0667652
0.0667659
0.0667665
0.0667672
0.0667679
0.0667686
0.0667693
0.06677
0.0667707
0.0667714
0.0667722
0.0667729
0.0667737
0.0667745
0.0667753
0.0667761
0.0667769
0.0667777
0.0667785
0.0667794
0.0667802
0.0667811
0.066782
0.0667829
0.0667838
0.0667847
0.0667856
0.0667866
0.0667875
0.0667885
0.0667894
0.0667904
0.0667914
0.0667924
0.0667934
0.0667945
0.0667955
0.0667965
0.0667976
0.0667987
0.0667998
0.0668009
0.066802
0.0668031
0.0668042
0.0668054
0.0668065
0.0668077
0.0668089
0.06681
0.0668112
0.0668125
0.0668137
0.0668149
0.0668162
0.0668174
0.0668187
0.06682
0.0668212
0.0668226
0.0668239
0.0668252
0.0668265
0.0668279
0.0668292
0.0668306
0.066832
0.0668334
0.0668348
0.0668362
0.0668376
0.0668391
0.0668405
0.066842
0.0668435
0.066845
0.0668465
0.066848
0.0668495
0.066851
0.0668526
0.0668541
0.0668557
0.0668573
0.0668589
0.0668605
0.0668621
0.0668637
0.0668654
0.066867
0.0668687
0.0668704
0.066872
0.0668737
0.0668755
0.0668772
0.0668789
0.0668807
0.0668824
0.0668842
0.066886
0.0668877
0.0668896
0.0668914
0.0668932
0.066895
0.0668969
0.0668987
0.0669006
0.0669025
0.0669044
0.0669063
0.0669082
0.0669102
0.0669121
0.0669141
0.066916
0.066918
0.06692
0.066922
0.066924
0.0669261
0.0669281
0.0669301
0.0669322
0.0669343
0.0669364
0.0669385
0.0669406
0.0669427
0.0669448
0.066947
0.0669491
0.0669513
0.0669535
0.0669557
0.0669579
0.0669601
0.0669623
0.0669646
0.0669668
0.0669691
0.0669714
0.0669737
0.066976
0.0669783
0.0669806
0.0669829
0.0669853
0.0669877
0.06699
0.0669924
0.0669948
0.0669972
0.0669996
0.0670021
0.0670045
0.067007
0.0670094
0.0670119
0.0670144
0.0670169
0.0670194
0.067022
0.0670245
0.0670271
0.0670296
0.0670322
0.0670348
0.0670374
0.06704
0.0670426
0.0670453
0.0670479
0.0670506
0.0670533
0.067056
0.0670587
0.0670614
0.0670641
0.0670668
0.0670696
0.0670723
0.0670751
0.0670779
0.0670807
0.0670835
0.0670863
0.0670892
0.067092
0.0670949
0.0670977
0.0671006
0.0671035
0.0671064
0.0671093
0.0671123
0.0671152
0.0671182
0.0671211
0.0671241
0.0671271
0.0671301
0.0671331
0.0671362
0.0671392
0.0671423
0.0671453
0.0671484
0.0671515
0.0671546
0.0671577
0.0671609
0.067164
0.0671672
0.0671703
0.0671735
0.0671767
0.0671799
0.0671831
0.0671863
0.0671896
0.0671928
0.0671961
0.0671994
0.0672027
0.067206
0.0672093
0.0672126
0.0672159
0.0672193
0.0672227
0.067226
0.0672294
0.0672328
0.0672363
0.0672397
0.0672431
0.0672466
0.06725
0.0672535
0.067257
0.0672605
0.067264
0.0672676
0.0672711
0.0672746
0.0672782
0.0672818
0.0672854
0.067289
0.0672926
0.0672962
0.0672999
0.0673035
0.0673072
0.0673109
0.0673146
0.0673183
0.067322
0.0673257
0.0673295
0.0673332
0.067337
0.0673408
0.0673446
0.0673484
0.0673522
0.067356
0.0673599
0.0673637
0.0673676
0.0673715
0.0673754
0.0673793
0.0673832
0.0673871
0.0673911
0.067395
0.067399
0.067403
0.067407
0.067411
0.067415
0.0674191
0.0674231
0.0674272
0.0674312
0.0674353
0.0674394
0.0674435
0.0674477
0.0674518
0.067456
0.0674601
0.0674643
0.0674685
0.0674727
0.0674769
0.0674811
0.0674854
0.0674896
0.0674939
0.0674982
0.0675025
0.0675068
0.0675111
0.0675154
0.0675198
0.0675242
0.0675285
0.0675329
0.0675373
0.0675417
0.0675461
0.0675506
0.067555
0.0675595
0.067564
0.0675685
0.067573
0.0675775
0.067582
0.0675866
0.0675911
0.0675957
0.0676003
0.0676049
0.0676095
0.0676141
0.0676187
0.0676234
0.067628
0.0676327
0.0676374
0.0676421
0.0676468
0.0676515
0.0676563
0.067661
0.0676658
0.0676706
0.0676754
0.0676802
0.067685
0.0676898
0.0676947
0.0676995
0.0677044
0.0677093
0.0677142
0.0677191
0.067724
0.067729
0.0677339
0.0677389
0.0677439
0.0677489
0.0677539
0.0677589
0.0677639
0.067769
0.067774
0.0677791
0.0677842
0.0677893
0.0677944
0.0677995
0.0678047
0.0678098
0.067815
0.0678202
0.0678253
0.0678306
0.0678358
0.067841
0.0678463
0.0678515
0.0678568
0.0678621
0.0678674
0.0678727
0.067878
0.0678834
0.0678887
0.0678941
0.0678995
0.0679049
0.0679103
0.0679157
0.0679212
0.0679266
0.0679321
0.0679376
0.067943
0.0679486
0.0679541
0.0679596
0.0679652
0.0679707
0.0679763
0.0679819
0.0679875
0.0679931
0.0679987
0.0680044
0.06801
0.0680157
0.0680214
0.0680271
0.0680328
0.0680385
0.0680443
0.06805
0.0680558
0.0680616
0.0680674
0.0680732
0.068079
0.0680848
0.0680907
0.0680965
0.0681024
0.0681083
0.0681142
0.0681201
0.0681261
0.068132
0.068138
0.068144
0.0681499
0.068156
0.068162
0.068168
0.068174
0.0681801
0.0681862
0.0681923
0.0681984
0.0682045
0.0682106
0.0682168
0.0682229
0.0682291
0.0682353
0.0682415
0.0682477
0.0682539
0.0682602
0.0682664
0.0682727
0.068279
0.0682853
0.0682916
0.0682979
0.0683043
0.0683106
0.068317
0.0683234
0.0683298
0.0683362
0.0683426
0.0683491
0.0683555
0.068362
0.0683685
0.068375
0.0683815
0.068388
0.0683945
0.0684011
0.0684077
0.0684143
0.0684208
0.0684275
0.0684341
0.0684407
0.0684474
0.0684541
0.0684607
0.0684674
0.0684742
0.0684809
0.0684876
0.0684944
0.0685012
0.0685079
0.0685147
0.0685216
0.0685284
0.0685352
0.0685421
0.068549
0.0685559
0.0685628
0.0685697
0.0685766
0.0685835
0.0685905
0.0685975
0.0686045
0.0686115
0.0686185
0.0686255
0.0686326
0.0686396
0.0686467
0.0686538
0.0686609
0.068668
0.0686752
0.0686823
0.0686895
0.0686967
0.0687039
0.0687111
0.0687183
0.0687255
0.0687328
0.0687401
0.0687473
0.0687546
0.068762
0.0687693
0.0687766
0.068784
0.0687914
0.0687987
0.0688061
0.0688136
0.068821
0.0688284
0.0688359
0.0688434
0.0688509
0.0688584
0.0688659
0.0688734
0.068881
0.0688886
0.0688961
0.0689037
0.0689114
0.068919
0.0689266
0.0689343
0.0689419
0.0689496
0.0689573
0.0689651
0.0689728
0.0689805
0.0689883
0.0689961
0.0690039
0.0690117
0.0690195
0.0690273
0.0690352
0.0690431
0.0690509
0.0690588
0.0690668
0.0690747
0.0690826
0.0690906
0.0690986
0.0691066
0.0691146
0.0691226
0.0691306
0.0691387
0.0691467
0.0691548
0.0691629
0.069171
0.0691792
0.0691873
0.0691955
0.0692036
0.0692118
0.06922
0.0692283
0.0692365
0.0692447
0.069253
0.0692613
0.0692696
0.0692779
0.0692862
0.0692946
0.0693029
0.0693113
0.0693197
0.0693281
0.0693365
0.069345
0.0693534
0.0693619
0.0693704
0.0693789
0.0693874
0.0693959
0.0694045
0.0694131
0.0694216
0.0694302
0.0694388
0.0694475
0.0694561
0.0694648
0.0694734
0.0694821
0.0694908
0.0694996
0.0695083
0.0695171
0.0695258
0.0695346
0.0695434
0.0695522
0.0695611
0.0695699
0.0695788
0.0695876
0.0695965
0.0696055
0.0696144
0.0696233
0.0696323
0.0696413
0.0696503
0.0696593
0.0696683
0.0696773
0.0696864
0.0696955
0.0697045
0.0697136
0.0697228
0.0697319
0.0697411
0.0697502
0.0697594
0.0697686
0.0697778
0.0697871
0.0697963
0.0698056
0.0698149
0.0698241
0.0698335
0.0698428
0.0698521
0.0698615
0.0698709
0.0698803
0.0698897
0.0698991
0.0699086
0.069918
0.0699275
0.069937
0.0699465
0.069956
0.0699656
0.0699751
0.0699847
0.0699943
0.0700039
0.0700135
0.0700232
0.0700328
0.0700425
0.0700522
0.0700619
0.0700716
0.0700814
0.0700911
0.0701009
0.0701107
0.0701205
0.0701303
0.0701401
0.07015
0.0701599
0.0701698
0.0701797
0.0701896
0.0701995
0.0702095
0.0702195
0.0702294
0.0702394
0.0702495
0.0702595
0.0702696
0.0702796
0.0702897
0.0702998
0.07031
0.0703201
0.0703303
0.0703404
0.0703506
0.0703608
0.070371
0.0703813
0.0703915
0.0704018
0.0704121
0.0704224
0.0704327
0.0704431
0.0704534
0.0704638
0.0704742
0.0704846
0.0704951
0.0705055
0.070516
0.0705264
0.0705369
0.0705474
0.070558
0.0705685
0.0705791
0.0705897
0.0706003
0.0706109
0.0706215
0.0706322
0.0706428
0.0706535
0.0706642
0.0706749
0.0706857
0.0706964
0.0707072
0.070718
0.0707288
0.0707396
0.0707504
0.0707613
0.0707722
0.070783
0.070794
0.0708049
0.0708158
0.0708268
0.0708378
0.0708488
0.0708598
0.0708708
0.0708818
0.0708929
0.070904
0.0709151
0.0709262
0.0709373
0.0709485
0.0709597
0.0709708
0.070982
0.0709933
0.0710045
0.0710158
0.071027
0.0710383
0.0710496
0.071061
0.0710723
0.0710837
0.071095
0.0711064
0.0711178
0.0711293
0.0711407
0.0711522
0.0711637
0.0711752
0.0711867
0.0711982
0.0712098
0.0712214
0.071233
0.0712446
0.0712562
0.0712678
0.0712795
0.0712912
0.0713029
0.0713146
0.0713263
0.0713381
0.0713498
0.0713616
0.0713734
0.0713852
0.0713971
0.0714089
0.0714208
0.0714327
0.0714446
0.0714566
0.0714685
0.0714805
0.0714924
0.0715044
0.0715165
0.0715285
0.0715406
0.0715526
0.0715647
0.0715768
0.0715889
0.0716011
0.0716133
0.0716254
0.0716376
0.0716498
0.0716621
0.0716743
0.0716866
0.0716989
0.0717112
0.0717235
0.0717359
0.0717482
0.0717606
0.071773
0.0717854
0.0717978
0.0718103
0.0718228
0.0718352
0.0718478
0.0718603
0.0718728
0.0718854
0.071898
0.0719105
0.0719232
0.0719358
0.0719484
0.0719611
0.0719738
0.0719865
0.0719992
0.072012
0.0720247
0.0720375
0.0720503
0.0720631
0.0720759
0.0720888
0.0721017
0.0721146
0.0721275
0.0721404
0.0721533
0.0721663
0.0721793
0.0721923
0.0722053
0.0722183
0.0722314
0.0722444
0.0722575
0.0722706
0.0722837
0.0722969
0.0723101
0.0723232
0.0723364
0.0723496
0.0723629
0.0723761
0.0723894
0.0724027
0.072416
0.0724293
0.0724427
0.072456
0.0724694
0.0724828
0.0724962
0.0725097
0.0725231
0.0725366
0.0725501
0.0725636
0.0725771
0.0725907
0.0726043
0.0726178
0.0726314
0.0726451
0.0726587
0.0726724
0.072686
0.0726997
0.0727134
0.0727272
0.0727409
0.0727547
0.0727685
0.0727823
0.0727961
0.0728099
0.0728238
0.0728377
0.0728516
0.0728655
0.0728794
0.0728934
0.0729074
0.0729213
0.0729354
0.0729494
0.0729634
0.0729775
0.0729916
0.0730057
0.0730198
0.0730339
0.0730481
0.0730623
0.0730765
0.0730907
0.0731049
0.0731191
0.0731334
0.0731477
0.073162
0.0731763
0.0731907
0.073205
0.0732194
0.0732338
0.0732482
0.0732626
0.0732771
0.0732916
0.073306
0.0733205
0.0733351
0.0733496
0.0733642
0.0733788
0.0733934
0.073408
0.0734226
0.0734373
0.0734519
0.0734666
0.0734813
0.0734961
0.0735108
0.0735256
0.0735403
0.0735551
0.07357
0.0735848
0.0735997
0.0736145
0.0736294
0.0736443
0.0736593
0.0736742
0.0736892
0.0737042
0.0737192
0.0737342
0.0737492
0.0737643
0.0737794
0.0737944
0.0738096
0.0738247
0.0738398
0.073855
0.0738702
0.0738854
0.0739006
0.0739159
0.0739311
0.0739464
0.0739617
0.073977
0.0739923
0.0740077
0.074023
0.0740384
0.0740538
0.0740693
0.0740847
0.0741002
0.0741156
0.0741311
0.0741466
0.0741622
0.0741777
0.0741933
0.0742089
0.0742245
0.0742401
0.0742557
0.0742714
0.0742871
0.0743028
0.0743185
0.0743342
0.07435
0.0743657
0.0743815
0.0743973
0.0744131
0.074429
0.0744448
0.0744607
0.0744766
0.0744925
0.0745084
0.0745244
0.0745404
0.0745563
0.0745723
0.0745884
0.0746044
0.0746204
0.0746365
0.0746526
0.0746687
0.0746848
0.074701
0.0747171
0.0747333
0.0747495
0.0747657
0.074782
0.0747982
0.0748145
0.0748308
0.0748471
0.0748634
0.0748797
0.0748961
0.0749125
0.0749289
0.0749453
0.0749617
0.0749781
0.0749946
0.0750111
0.0750276
0.0750441
0.0750606
0.0750772
0.0750937
0.0751103
0.0751269
0.0751436
0.0751602
0.0751768
0.0751935
0.0752102
0.0752269
0.0752436
0.0752604
0.0752771
0.0752939
0.0753107
0.0753275
0.0753444
0.0753612
0.0753781
0.0753949
0.0754118
0.0754288
0.0754457
0.0754626
0.0754796
0.0754966
0.0755136
0.0755306
0.0755477
0.0755647
0.0755818
0.0755989
0.075616
0.0756331
0.0756502
0.0756674
0.0756846
0.0757017
0.075719
0.0757362
0.0757534
0.0757707
0.075788
0.0758052
0.0758226
0.0758399
0.0758572
0.0758746
0.075892
0.0759093
0.0759268
0.0759442
0.0759616
0.0759791
0.0759966
0.076014
0.0760316
0.0760491
0.0760666
0.0760842
0.0761018
0.0761194
0.076137
0.0761546
0.0761722
0.0761899
0.0762076
0.0762253
0.076243
0.0762607
0.0762784
0.0762962
0.076314
0.0763317
0.0763495
0.0763674
0.0763852
0.0764031
0.0764209
0.0764388
0.0764567
0.0764746
0.0764926
0.0765105
0.0765285
0.0765465
0.0765645
0.0765825
0.0766005
0.0766186
0.0766366
0.0766547
0.0766728
0.0766909
0.0767091
0.0767272
0.0767454
0.0767635
0.0767817
0.0767999
0.0768181
0.0768364
0.0768546
0.0768729
0.0768912
0.0769095
0.0769278
0.0769461
0.0769645
0.0769828
0.0770012
0.0770196
0.077038
0.0770565
0.0770749
0.0770933
0.0771118
0.0771303
0.0771488
0.0771673
0.0771859
0.0772044
0.077223
0.0772415
0.0772601
0.0772787
0.0772974
0.077316
0.0773347
0.0773533
0.077372
0.0773907
0.0774094
0.0774281
0.0774469
0.0774656
0.0774844
0.0775032
0.077522
0.0775408
0.0775597
0.0775785
0.0775974
0.0776162
0.0776351
0.077654
0.077673
0.0776919
0.0777108
0.0777298
0.0777488
0.0777678
0.0777868
0.0778058
0.0778248
0.0778439
0.0778629
0.077882
0.0779011
0.0779202
0.0779393
0.0779585
0.0779776
0.0779968
0.078016
0.0780352
0.0780544
0.0780736
0.0780928
0.0781121
0.0781313
0.0781506
0.0781699
0.0781892
0.0782085
0.0782278
0.0782472
0.0782665
0.0782859
0.0783053
0.0783247
0.0783441
0.0783635
0.078383
0.0784024
0.0784219
0.0784414
0.0784609
0.0784804
0.0784999
0.0785194
0.078539
0.0785585
0.0785781
0.0785977
0.0786173
0.0786369
0.0786566
0.0786762
0.0786958
0.0787155
0.0787352
0.0787549
0.0787746
0.0787943
0.078814
0.0788338
0.0788535
0.0788733
0.0788931
0.0789129
0.0789327
0.0789525
0.0789723
0.0789922
0.0790121
0.0790319
0.0790518
0.0790717
0.0790916
0.0791115
0.0791315
0.0791514
0.0791714
0.0791913
0.0792113
0.0792313
0.0792513
0.0792713
0.0792914
0.0793114
0.0793315
0.0793515
0.0793716
0.0793917
0.0794118
0.0794319
0.0794521
0.0794722
0.0794924
0.0795125
0.0795327
0.0795529
0.0795731
0.0795933
0.0796135
0.0796337
0.079654
0.0796742
0.0796945
0.0797148
0.0797351
0.0797554
0.0797757
0.079796
0.0798164
0.0798367
0.0798571
0.0798774
0.0798978
0.0799182
0.0799386
0.079959
0.0799795
0.0799999
0.0800204
0.0800408
0.0800613
0.0800818
0.0801023
0.0801228
0.0801433
0.0801638
0.0801843
0.0802049
0.0802254
0.080246
0.0802666
0.0802872
0.0803078
0.0803284
0.080349
0.0803696
0.0803903
0.0804109
0.0804316
0.0804523
0.080473
0.0804936
0.0805144
0.0805351
0.0805558
0.0805765
0.0805973
0.080618
0.0806388
0.0806596
0.0806803
0.0807011
0.0807219
0.0807428
0.0807636
0.0807844
0.0808053
0.0808261
0.080847
0.0808679
0.0808887
0.0809096
0.0809305
0.0809514
0.0809724
0.0809933
0.0810142
0.0810352
0.0810561
0.0810771
0.0810981
0.0811191
0.0811401
0.0811611
0.0811821
0.0812031
0.0812242
0.0812452
0.0812662
0.0812873
0.0813084
0.0813295
0.0813505
0.0813716
0.0813927
0.0814139
0.081435
0.0814561
0.0814773
0.0814984
0.0815196
0.0815407
0.0815619
0.0815831
0.0816043
0.0816255
0.0816467
0.0816679
0.0816891
0.0817104
0.0817316
0.0817529
0.0817741
0.0817954
0.0818167
0.0818379
0.0818592
0.0818805
0.0819018
0.0819232
0.0819445
0.0819658
0.0819872
0.0820085
0.0820299
0.0820512
0.0820726
0.082094
0.0821154
0.0821368
0.0821582
0.0821796
0.082201
0.0822224
0.0822439
0.0822653
0.0822868
0.0823082
0.0823297
0.0823512
0.0823726
0.0823941
0.0824156
0.0824371
0.0824586
0.0824801
0.0825017
0.0825232
0.0825447
0.0825663
0.0825878
0.0826094
0.0826309
0.0826525
0.0826741
0.0826957
0.0827173
0.0827389
0.0827605
0.0827821
0.0828037
0.0828254
0.082847
0.0828686
0.0828903
0.0829119
0.0829336
0.0829553
0.0829769
0.0829986
0.0830203
0.083042
0.0830637
0.0830854
0.0831071
0.0831288
0.0831506
0.0831723
0.083194
0.0832158
0.0832375
0.0832593
0.083281
0.0833028
0.0833246
0.0833464
0.0833682
0.0833899
0.0834117
0.0834336
0.0834554
0.0834772
0.083499
0.0835208
0.0835427
0.0835645
0.0835863
0.0836082
0.0836301
0.0836519
0.0836738
0.0836957
0.0837175
0.0837394
0.0837613
0.0837832
0.0838051
0.083827
0.0838489
0.0838708
0.0838928
0.0839147
0.0839366
0.0839586
0.0839805
0.0840024
0.0840244
0.0840464
0.0840683
0.0840903
0.0841123
0.0841342
0.0841562
0.0841782
0.0842002
0.0842222
0.0842442
0.0842662
0.0842882
0.0843102
0.0843323
0.0843543
0.0843763
0.0843984
0.0844204
0.0844424
0.0844645
0.0844865
0.0845086
0.0845307
0.0845527
0.0845748
0.0845969
0.084619
0.0846411
0.0846631
0.0846852
0.0847073
0.0847294
0.0847515
0.0847736
0.0847958
0.0848179
0.08484
0.0848621
0.0848843
0.0849064
0.0849285
0.0849507
0.0849728
0.084995
0.0850171
0.0850393
0.0850614
0.0850836
0.0851058
0.085128
0.0851501
0.0851723
0.0851945
0.0852167
0.0852389
0.0852611
0.0852833
0.0853055
0.0853277
0.0853499
0.0853721
0.0853943
0.0854165
0.0854388
0.085461
0.0854832
0.0855055
0.0855277
0.0855499
0.0855722
0.0855944
0.0856167
0.0856389
0.0856612
0.0856834
0.0857057
0.085728
0.0857502
0.0857725
0.0857948
0.085817
0.0858393
0.0858616
0.0858839
0.0859062
0.0859285
0.0859508
0.0859731
0.0859954
0.0860177
0.08604
0.0860623
0.0860846
0.0861069
0.0861292
0.0861515
0.0861738
0.0861962
0.0862185
0.0862408
0.0862632
0.0862855
0.0863078
0.0863302
0.0863525
0.0863748
0.0863972
0.0864195
0.0864419
0.0864642
0.0864866
0.0865089
0.0865313
0.0865537
0.086576
0.0865984
0.0866208
0.0866431
0.0866655
0.0866879
0.0867102
0.0867326
0.086755
0.0867774
0.0867998
0.0868221
0.0868445
0.0868669
0.0868893
0.0869117
0.0869341
0.0869565
0.0869789
0.0870013
0.0870237
0.0870461
0.0870685
0.0870909
0.0871133
0.0871357
0.0871581
0.0871805
0.0872029
0.0872254
0.0872478
0.0872702
0.0872926
0.087315
0.0873375
0.0873599
0.0873823
0.0874047
0.0874272
0.0874496
0.087472
0.0874944
0.0875169
0.0875393
0.0875617
0.0875842
0.0876066
0.0876291
0.0876515
0.0876739
0.0876964
0.0877188
0.0877413
0.0877637
0.0877862
0.0878086
0.087831
0.0878535
0.0878759
0.0878984
0.0879208
0.0879433
0.0879658
0.0879882
0.0880107
0.0880331
0.0880556
0.088078
0.0881005
0.0881229
0.0881454
0.0881679
0.0881903
0.0882128
0.0882352
0.0882577
0.0882802
0.0883026
0.0883251
0.0883476
0.08837
0.0883925
0.0884149
0.0884374
0.0884599
0.0884823
0.0885048
0.0885273
0.0885497
0.0885722
0.0885947
0.0886172
0.0886396
0.0886621
0.0886846
0.088707
0.0887295
0.088752
0.0887744
0.0887969
0.0888194
0.0888419
0.0888643
0.0888868
0.0889093
0.0889317
0.0889542
0.0889767
0.0889991
0.0890216
0.0890441
0.0890666
0.089089
0.0891115
0.089134
0.0891564
0.0891789
0.0892014
0.0892238
0.0892463
0.0892688
0.0892913
0.0893137
0.0893362
0.0893587
0.0893811
0.0894036
0.0894261
0.0894485
0.089471
0.0894935
0.0895159
0.0895384
0.0895609
0.0895833
0.0896058
0.0896283
0.0896507
0.0896732
0.0896956
0.0897181
0.0897406
0.089763
0.0897855
0.0898079
0.0898304
0.0898529
0.0898753
0.0898978
0.0899202
0.0899427
0.0899651
0.0899876
0.0900101
0.0900325
0.090055
0.0900774
0.0900999
0.0901223
0.0901448
0.0901672
0.0901897
0.0902121
0.0902345
0.090257
0.0902794
0.0903019
0.0903243
0.0903468
0.0903692
0.0903916
0.0904141
0.0904365
0.0904589
0.0904814
0.0905038
0.0905263
0.0905487
0.0905711
0.0905935
0.090616
0.0906384
0.0906608
0.0906833
0.0907057
0.0907281
0.0907505
0.0907729
0.0907954
0.0908178
0.0908402
0.0908626
0.090885
0.0909074
0.0909299
0.0909523
0.0909747
0.0909971
0.0910195
0.0910419
0.0910643
0.0910867
0.0911091
0.0911315
0.0911539
0.0911763
0.0911987
0.0912211
0.0912435
0.0912659
0.0912883
0.0913106
0.091333
0.0913554
0.0913778
0.0914002
0.0914226
0.0914449
0.0914673
0.0914897
0.0915121
0.0915344
0.0915568
0.0915792
0.0916016
0.0916239
0.0916463
0.0916686
0.091691
0.0917134
0.0917357
0.0917581
0.0917804
0.0918028
0.0918251
0.0918475
0.0918698
0.0918922
0.0919145
0.0919369
0.0919592
0.0919815
0.0920039
0.0920262
0.0920485
0.0920709
0.0920932
0.0921155
0.0921379
0.0921602
0.0921825
0.0922048
0.0922271
0.0922495
0.0922718
0.0922941
0.0923164
0.0923387
0.092361
0.0923833
0.0924056
0.0924279
0.0924502
0.0924725
0.0924948
0.0925171
0.0925394
0.0925617
0.0925839
0.0926062
0.0926285
0.0926508
0.0926731
0.0926953
0.0927176
0.0927399
0.0927621
0.0927844
0.0928067
0.0928289
0.0928512
0.0928734
0.0928957
0.0929179
0.0929402
0.0929624
0.0929847
0.0930069
0.0930292
0.0930514
0.0930736
0.0930959
0.0931181
0.0931403
0.0931626
0.0931848
0.093207
0.0932292
0.0932515
0.0932737
0.0932959
0.0933181
0.0933403
0.0933625
0.0933847
0.0934069
0.0934291
0.0934513
0.0934735
0.0934957
0.0935179
0.0935401
0.0935622
0.0935844
0.0936066
0.0936288
0.0936509
0.0936731
0.0936953
0.0937174
0.0937396
0.0937618
0.0937839
0.0938061
0.0938282
0.0938504
0.0938725
0.0938947
0.0939168
0.093939
0.0939611
0.0939832
0.0940054
0.0940275
0.0940496
0.0940717
0.0940939
0.094116
0.0941381
0.0941602
0.0941823
0.0942044
0.0942265
0.0942486
0.0942707
0.0942928
0.0943149
0.094337
0.0943591
0.0943812
0.0944033
0.0944253
0.0944474
0.0944695
0.0944916
0.0945136
0.0945357
0.0945578
0.0945798
0.0946019
0.0946239
0.094646
0.094668
0.0946901
0.0947121
0.0947342
0.0947562
0.0947782
0.0948003
0.0948223
0.0948443
0.0948663
0.0948884
0.0949104
0.0949324
0.0949544
0.0949764
0.0949984
0.0950204
0.0950424
0.0950644
0.0950864
0.0951084
0.0951304
0.0951524
0.0951743
0.0951963
0.0952183
0.0952403
0.0952622
0.0952842
0.0953062
0.0953281
0.0953501
0.095372
0.095394
0.0954159
0.0954379
0.0954598
0.0954818
0.0955037
0.0955256
0.0955475
0.0955695
0.0955914
0.0956133
0.0956352
0.0956571
0.0956791
0.095701
0.0957229
0.0957448
0.0957667
0.0957886
0.0958105
0.0958323
0.0958542
0.0958761
0.095898
0.0959199
0.0959417
0.0959636
0.0959855
0.0960073
0.0960292
0.096051
0.0960729
0.0960947
0.0961166
0.0961384
0.0961603
0.0961821
0.0962039
0.0962258
0.0962476
0.0962694
0.0962913
0.0963131
0.0963349
0.0963567
0.0963785
0.0964003
0.0964221
0.0964439
0.0964657
0.0964875
0.0965093
0.0965311
0.0965528
0.0965746
0.0965964
0.0966182
0.0966399
0.0966617
0.0966835
0.0967052
0.096727
0.0967487
0.0967705
0.0967922
0.0968139
0.0968357
0.0968574
0.0968791
0.0969009
0.0969226
0.0969443
0.096966
0.0969877
0.0970095
0.0970312
0.0970529
0.0970746
0.0970963
0.097118
0.0971396
0.0971613
0.097183
0.0972047
0.0972264
0.097248
0.0972697
0.0972914
0.097313
0.0973347
0.0973564
0.097378
0.0973996
0.0974213
0.0974429
0.0974646
0.0974862
0.0975078
0.0975295
0.0975511
0.0975727
0.0975943
0.0976159
0.0976375
0.0976591
0.0976808
0.0977023
0.0977239
0.0977455
0.0977671
0.0977887
0.0978103
0.0978319
0.0978534
0.097875
0.0978966
0.0979181
0.0979397
0.0979613
0.0979828
0.0980044
0.0980259
0.0980474
0.098069
0.0980905
0.098112
0.0981336
0.0981551
0.0981766
0.0981981
0.0982196
0.0982412
0.0982627
0.0982842
0.0983057
0.0983272
0.0983486
0.0983701
0.0983916
0.0984131
0.0984346
0.098456
0.0984775
0.098499
0.0985204
0.0985419
0.0985634
0.0985848
0.0986063
0.0986277
0.0986491
0.0986706
0.098692
0.0987134
0.0987349
0.0987563
0.0987777
0.0987991
0.0988205
0.0988419
0.0988633
0.0988847
0.0989061
0.0989275
0.0989489
0.0989703
0.0989917
0.099013
0.0990344
0.0990558
0.0990772
0.0990985
0.0991199
0.0991412
0.0991626
0.0991839
0.0992053
0.0992266
0.0992479
0.0992693
0.0992906
0.0993119
0.0993332
0.0993546
0.0993759
0.0993972
0.0994185
0.0994398
0.0994611
0.0994824
0.0995037
0.099525
0.0995462
0.0995675
0.0995888
0.0996101
0.0996313
0.0996526
0.0996739
0.0996951
0.0997164
0.0997376
0.0997589
0.0997801
0.0998013
0.0998226
0.0998438
0.099865
0.0998863
0.0999075
0.0999287
0.0999499
0.0999711
0.0999923
0.100014
0.100035
0.100056
0.100077
0.100098
0.100119
0.100141
0.100162
0.100183
0.100204
0.100225
0.100246
0.100268
0.100289
0.10031
0.100331
0.100352
0.100373
0.100394
0.100416
0.100437
0.100458
0.100479
0.1005
0.100521
0.100542
0.100563
0.100584
0.100606
0.100627
0.100648
0.100669
0.10069
0.100711
0.100732
0.100753
0.100774
0.100795
0.100816
0.100837
0.100858
0.100879
0.1009
0.100921
0.100942
0.100963
0.100984
0.101006
0.101027
0.101048
0.101069
0.10109
0.101111
0.101132
0.101153
0.101173
0.101194
0.101215
0.101236
0.101257
0.101278
0.101299
0.10132
0.101341
0.101362
0.101383
0.101404
0.101425
0.101446
0.101467
0.101488
0.101509
0.10153
0.101551
0.101571
0.101592
0.101613
0.101634
0.101655
0.101676
0.101697
0.101718
0.101739
0.101759
0.10178
0.101801
0.101822
0.101843
0.101864
0.101885
0.101905
0.101926
0.101947
0.101968
0.101989
0.10201
0.10203
0.102051
0.102072
0.102093
0.102114
0.102135
0.102155
0.102176
0.102197
0.102218
0.102238
0.102259
0.10228
0.102301
0.102322
0.102342
0.102363
0.102384
0.102405
0.102425
0.102446
0.102467
0.102488
0.102508
0.102529
0.10255
0.10257
0.102591
0.102612
0.102633
0.102653
0.102674
0.102695
0.102715
0.102736
0.102757
0.102777
0.102798
0.102819
0.102839
0.10286
0.102881
0.102901
0.102922
0.102943
0.102963
0.102984
0.103005
0.103025
0.103046
0.103066
0.103087
0.103108
0.103128
0.103149
0.103169
0.10319
0.103211
0.103231
0.103252
0.103272
0.103293
0.103314
0.103334
0.103355
0.103375
0.103396
0.103416
0.103437
0.103457
0.103478
0.103498
0.103519
0.10354
0.10356
0.103581
0.103601
0.103622
0.103642
0.103663
0.103683
0.103704
0.103724
0.103745
0.103765
0.103786
0.103806
0.103826
0.103847
0.103867
0.103888
0.103908
0.103929
0.103949
0.10397
0.10399
0.10401
0.104031
0.104051
0.104072
0.104092
0.104113
0.104133
0.104153
0.104174
0.104194
0.104215
0.104235
0.104255
0.104276
0.104296
0.104316
0.104337
0.104357
0.104377
0.104398
0.104418
0.104439
0.104459
0.104479
0.1045
0.10452
0.10454
0.10456
0.104581
0.104601
0.104621
0.104642
0.104662
0.104682
0.104703
0.104723
0.104743
0.104763
0.104784
0.104804
0.104824
0.104844
0.104865
0.104885
0.104905
0.104925
0.104946
0.104966
0.104986
0.105006
0.105027
0.105047
0.105067
0.105087
0.105107
0.105128
0.105148
0.105168
0.105188
0.105208
0.105229
0.105249
0.105269
0.105289
0.105309
0.105329
0.10535
0.10537
0.10539
0.10541
0.10543
0.10545
0.10547
0.105491
0.105511
0.105531
0.105551
0.105571
0.105591
0.105611
0.105631
0.105651
0.105671
0.105692
0.105712
0.105732
0.105752
0.105772
0.105792
0.105812
0.105832
0.105852
0.105872
0.105892
0.105912
0.105932
0.105952
0.105972
0.105992
0.106012
0.106032
0.106052
0.106072
0.106092
0.106112
0.106132
0.106152
0.106172
0.106192
0.106212
0.106232
0.106252
0.106272
0.106292
0.106312
0.106332
0.106352
0.106372
0.106392
0.106412
0.106431
0.106451
0.106471
0.106491
0.106511
0.106531
0.106551
0.106571
0.106591
0.106611
0.10663
0.10665
0.10667
0.10669
0.10671
0.10673
0.10675
0.106769
0.106789
0.106809
0.106829
0.106849
0.106869
0.106888
0.106908
0.106928
0.106948
0.106968
0.106987
0.107007
0.107027
0.107047
0.107067
0.107086
0.107106
0.107126
0.107146
0.107165
0.107185
0.107205
0.107225
0.107244
0.107264
0.107284
0.107304
0.107323
0.107343
0.107363
0.107382
0.107402
0.107422
0.107442
0.107461
0.107481
0.107501
0.10752
0.10754
0.10756
0.107579
0.107599
0.107619
0.107638
0.107658
0.107678
0.107697
0.107717
0.107737
0.107756
0.107776
0.107795
0.107815
0.107835
0.107854
0.107874
0.107893
0.107913
0.107933
0.107952
0.107972
0.107991
0.108011
0.10803
0.10805
0.10807
0.108089
0.108109
0.108128
0.108148
0.108167
0.108187
0.108206
0.108226
0.108245
0.108265
0.108284
0.108304
0.108323
0.108343
0.108362
0.108382
0.108401
0.108421
0.10844
0.10846
0.108479
0.108499
0.108518
0.108538
0.108557
0.108576
0.108596
0.108615
0.108635
0.108654
0.108674
0.108693
0.108712
0.108732
0.108751
0.108771
0.10879
0.108809
0.108829
0.108848
0.108867
0.108887
0.108906
0.108925
0.108945
0.108964
0.108984
0.109003
0.109022
0.109042
0.109061
0.10908
0.109099
0.109119
0.109138
0.109157
0.109177
0.109196
0.109215
0.109235
0.109254
0.109273
0.109292
0.109312
0.109331
0.10935
0.109369
0.109389
0.109408
0.109427
0.109446
0.109466
0.109485
0.109504
0.109523
0.109542
0.109562
0.109581
0.1096
0.109619
0.109638
0.109658
0.109677
0.109696
0.109715
0.109734
0.109753
0.109773
0.109792
0.109811
0.10983
0.109849
0.109868
0.109887
0.109906
0.109926
0.109945
0.109964
0.109983
0.110002
0.110021
0.11004
0.110059
0.110078
0.110097
0.110116
0.110136
0.110155
0.110174
0.110193
0.110212
0.110231
0.11025
0.110269
0.110288
0.110307
0.110326
0.110345
0.110364
0.110383
0.110402
0.110421
0.11044
0.110459
0.110478
0.110497
0.110516
0.110535
0.110554
0.110573
0.110592
0.11061
0.110629
0.110648
0.110667
0.110686
0.110705
0.110724
0.110743
0.110762
0.110781
0.1108
0.110819
0.110837
0.110856
0.110875
0.110894
0.110913
0.110932
0.110951
0.110969
0.110988
0.111007
0.111026
0.111045
0.111064
0.111082
0.111101
0.11112
0.111139
0.111158
0.111177
0.111195
0.111214
0.111233
0.111252
0.11127
0.111289
0.111308
0.111327
0.111345
0.111364
0.111383
0.111402
0.11142
0.111439
0.111458
0.111477
0.111495
0.111514
0.111533
0.111551
0.11157
0.111589
0.111607
0.111626
0.111645
0.111663
0.111682
0.111701
0.111719
0.111738
0.111757
0.111775
0.111794
0.111813
0.111831
0.11185
0.111869
0.111887
0.111906
0.111924
0.111943
0.111961
0.11198
0.111999
0.112017
0.112036
0.112054
0.112073
0.112091
0.11211
0.112129
0.112147
0.112166
0.112184
0.112203
0.112221
0.11224
0.112258
0.112277
0.112295
0.112314
0.112332
0.112351
0.112369
0.112388
0.112406
0.112425
0.112443
0.112461
0.11248
0.112498
0.112517
0.112535
0.112554
0.112572
0.11259
0.112609
0.112627
0.112646
0.112664
0.112682
0.112701
0.112719
0.112738
0.112756
0.112774
0.112793
0.112811
0.112829
0.112848
0.112866
0.112884
0.112903
0.112921
0.112939
0.112958
0.112976
0.112994
0.113013
0.113031
0.113049
0.113067
0.113086
0.113104
0.113122
0.11314
0.113159
0.113177
0.113195
0.113213
0.113232
0.11325
0.113268
0.113286
0.113305
0.113323
0.113341
0.113359
0.113377
0.113395
0.113414
0.113432
0.11345
0.113468
0.113486
0.113504
0.113523
0.113541
0.113559
0.113577
0.113595
0.113613
0.113631
0.113649
0.113668
0.113686
0.113704
0.113722
0.11374
0.113758
0.113776
0.113794
0.113812
0.11383
0.113848
0.113866
0.113884
0.113902
0.11392
0.113938
0.113956
0.113974
0.113992
0.11401
0.114028
0.114046
0.114064
0.114082
0.1141
0.114118
0.114136
0.114154
0.114172
0.11419
0.114208
0.114226
0.114244
0.114262
0.11428
0.114298
0.114316
0.114334
0.114351
0.114369
0.114387
0.114405
0.114423
0.114441
0.114459
0.114476
0.114494
0.114512
0.11453
0.114548
0.114566
0.114583
0.114601
0.114619
0.114637
0.114655
0.114673
0.11469
0.114708
0.114726
0.114744
0.114761
0.114779
0.114797
0.114815
0.114832
0.11485
0.114868
0.114886
0.114903
0.114921
0.114939
0.114956
0.114974
0.114992
0.115009
0.115027
0.115045
0.115062
0.11508
0.115098
0.115115
0.115133
0.115151
0.115168
0.115186
0.115204
0.115221
0.115239
0.115256
0.115274
0.115292
0.115309
0.115327
0.115344
0.115362
0.115379
0.115397
0.115415
0.115432
0.11545
0.115467
0.115485
0.115502
0.11552
0.115537
0.115555
0.115572
0.11559
0.115607
0.115625
0.115642
0.11566
0.115677
0.115694
0.115712
0.115729
0.115747
0.115764
0.115782
0.115799
0.115816
0.115834
0.115851
0.115869
0.115886
0.115903
0.115921
0.115938
0.115955
0.115973
0.11599
0.116008
0.116025
0.116042
0.11606
0.116077
0.116094
0.116111
0.116129
0.116146
0.116163
0.116181
0.116198
0.116215
0.116232
0.11625
0.116267
0.116284
0.116301
0.116319
0.116336
0.116353
0.11637
0.116387
0.116405
0.116422
0.116439
0.116456
0.116473
0.116491
0.116508
0.116525
0.116542
0.116559
0.116576
0.116593
0.116611
0.116628
0.116645
0.116662
0.116679
0.116696
0.116713
0.11673
0.116747
0.116764
0.116781
0.116799
0.116816
0.116833
0.11685
0.116867
0.116884
0.116901
0.116918
0.116935
0.116952
0.116969
0.116986
0.117003
0.11702
0.117037
0.117054
0.11707
0.117087
0.117104
0.117121
0.117138
0.117155
0.117172
0.117189
0.117206
0.117223
0.11724
0.117256
0.117273
0.11729
0.117307
0.117324
0.117341
0.117358
0.117374
0.117391
0.117408
0.117425
0.117442
0.117458
0.117475
0.117492
0.117509
0.117526
0.117542
0.117559
0.117576
0.117593
0.117609
0.117626
0.117643
0.11766
0.117676
0.117693
0.11771
0.117726
0.117743
0.11776
0.117776
0.117793
0.11781
0.117826
0.117843
0.11786
0.117876
0.117893
0.117909
0.117926
0.117943
0.117959
0.117976
0.117992
0.118009
0.118026
0.118042
0.118059
0.118075
0.118092
0.118108
0.118125
0.118141
0.118158
0.118174
0.118191
0.118207
0.118224
0.11824
0.118257
0.118273
0.11829
0.118306
0.118322
0.118339
0.118355
0.118372
0.118388
0.118405
0.118421
0.118437
0.118454
0.11847
0.118486
0.118503
0.118519
0.118536
0.118552
0.118568
0.118584
0.118601
0.118617
0.118633
0.11865
0.118666
0.118682
0.118699
0.118715
0.118731
0.118747
0.118764
0.11878
0.118796
0.118812
0.118828
0.118845
0.118861
0.118877
0.118893
0.118909
0.118926
0.118942
0.118958
0.118974
0.11899
0.119006
0.119022
0.119039
0.119055
0.119071
0.119087
0.119103
0.119119
0.119135
0.119151
0.119167
0.119183
0.119199
0.119215
0.119231
0.119247
0.119263
0.119279
0.119295
0.119311
0.119327
0.119343
0.119359
0.119375
0.119391
0.119407
0.119423
0.119439
0.119455
0.119471
0.119487
0.119503
0.119518
0.119534
0.11955
0.119566
0.119582
0.119598
0.119614
0.119629
0.119645
0.119661
0.119677
0.119693
0.119709
0.119724
0.11974
0.119756
0.119772
0.119787
0.119803
0.119819
0.119835
0.11985
0.119866
0.119882
0.119897
0.119913
0.119929
0.119944
0.11996
0.119976
0.119991
0.120007
0.120023
0.120038
0.120054
0.12007
0.120085
0.120101
0.120116
0.120132
0.120148
0.120163
0.120179
0.120194
0.12021
0.120225
0.120241
0.120256
0.120272
0.120287
0.120303
0.120318
0.120334
0.120349
0.120365
0.12038
0.120396
0.120411
0.120426
0.120442
0.120457
0.120473
0.120488
0.120503
0.120519
0.120534
0.120549
0.120565
0.12058
0.120596
0.120611
0.120626
0.120641
0.120657
0.120672
0.120687
0.120703
0.120718
0.120733
0.120748
0.120764
0.120779
0.120794
0.120809
0.120824
0.12084
0.120855
0.12087
0.120885
0.1209
0.120916
0.120931
0.120946
0.120961
0.120976
0.120991
0.121006
0.121021
0.121036
0.121052
0.121067
0.121082
0.121097
0.121112
0.121127
0.121142
0.121157
0.121172
0.121187
0.121202
0.121217
0.121232
0.121247
0.121262
0.121277
0.121292
0.121306
0.121321
0.121336
0.121351
0.121366
0.121381
0.121396
0.121411
0.121426
0.12144
0.121455
0.12147
0.121485
0.1215
0.121515
0.121529
0.121544
0.121559
0.121574
0.121588
0.121603
0.121618
0.121633
0.121647
0.121662
0.121677
0.121691
0.121706
0.121721
0.121735
0.12175
0.121765
0.121779
0.121794
0.121809
0.121823
0.121838
0.121853
0.121867
0.121882
0.121896
0.121911
0.121925
0.12194
0.121954
0.121969
0.121983
0.121998
0.122012
0.122027
0.122041
0.122056
0.12207
0.122085
0.122099
0.122114
0.122128
0.122142
0.122157
0.122171
0.122186
0.1222
0.122214
0.122229
0.122243
0.122257
0.122272
0.122286
0.1223
0.122315
0.122329
0.122343
0.122357
0.122372
0.122386
0.1224
0.122414
0.122429
0.122443
0.122457
0.122471
0.122485
0.1225
0.122514
0.122528
0.122542
0.122556
0.12257
0.122585
0.122599
0.122613
0.122627
0.122641
0.122655
0.122669
0.122683
0.122697
0.122711
0.122725
0.122739
0.122753
0.122767
0.122781
0.122795
0.122809
0.122823
0.122837
0.122851
0.122865
0.122879
0.122893
0.122906
0.12292
0.122934
0.122948
0.122962
0.122976
0.12299
0.123003
0.123017
0.123031
0.123045
0.123059
0.123072
0.123086
0.1231
0.123114
0.123127
0.123141
0.123155
0.123169
0.123182
0.123196
0.12321
0.123223
0.123237
0.123251
0.123264
0.123278
0.123291
0.123305
0.123319
0.123332
0.123346
0.123359
0.123373
0.123386
0.1234
0.123414
0.123427
0.123441
0.123454
0.123467
0.123481
0.123494
0.123508
0.123521
0.123535
0.123548
0.123562
0.123575
0.123588
0.123602
0.123615
0.123628
0.123642
0.123655
0.123668
0.123682
0.123695
0.123708
0.123722
0.123735
0.123748
0.123761
0.123775
0.123788
0.123801
0.123814
0.123828
0.123841
0.123854
0.123867
0.12388
0.123893
0.123907
0.12392
0.123933
0.123946
0.123959
0.123972
0.123985
0.123998
0.124011
0.124024
0.124037
0.12405
0.124063
0.124076
0.124089
0.124102
0.124115
0.124128
0.124141
0.124154
0.124167
0.12418
0.124193
0.124206
0.124219
0.124232
0.124245
0.124257
0.12427
0.124283
0.124296
0.124309
0.124322
0.124334
0.124347
0.12436
0.124373
0.124385
0.124398
0.124411
0.124424
0.124436
0.124449
0.124462
0.124474
0.124487
0.1245
0.124512
0.124525
0.124538
0.12455
0.124563
0.124575
0.124588
0.124601
0.124613
0.124626
0.124638
0.124651
0.124663
0.124676
0.124688
0.124701
0.124713
0.124726
0.124738
0.12475
0.124763
0.124775
0.124788
0.1248
0.124812
0.124825
0.124837
0.12485
0.124862
0.124874
0.124887
0.124899
0.124911
0.124923
0.124936
0.124948
0.12496
0.124972
0.124985
0.124997
0.125009
0.125021
0.125033
0.125046
0.125058
0.12507
0.125082
0.125094
0.125106
0.125118
0.125131
0.125143
0.125155
0.125167
0.125179
0.125191
0.125203
0.125215
0.125227
0.125239
0.125251
0.125263
0.125275
0.125287
0.125299
0.125311
0.125322
0.125334
0.125346
0.125358
0.12537
0.125382
0.125394
0.125406
0.125417
0.125429
0.125441
0.125453
0.125465
0.125476
0.125488
0.1255
0.125512
0.125523
0.125535
0.125547
0.125558
0.12557
0.125582
0.125593
0.125605
0.125617
0.125628
0.12564
0.125652
0.125663
0.125675
0.125686
0.125698
0.125709
0.125721
0.125732
0.125744
0.125755
0.125767
0.125778
0.12579
0.125801
0.125813
0.125824
0.125836
0.125847
0.125858
0.12587
0.125881
0.125893
0.125904
0.125915
0.125927
0.125938
0.125949
0.12596
0.125972
0.125983
0.125994
0.126006
0.126017
0.126028
0.126039
0.12605
0.126062
0.126073
0.126084
0.126095
0.126106
0.126117
0.126128
0.12614
0.126151
0.126162
0.126173
0.126184
0.126195
0.126206
0.126217
0.126228
0.126239
0.12625
0.126261
0.126272
0.126283
0.126294
0.126305
0.126316
0.126327
0.126338
0.126348
0.126359
0.12637
0.126381
0.126392
0.126403
0.126414
0.126424
0.126435
0.126446
0.126457
0.126467
0.126478
0.126489
0.1265
0.12651
0.126521
0.126532
0.126542
0.126553
0.126564
0.126574
0.126585
0.126596
0.126606
0.126617
0.126627
0.126638
0.126649
0.126659
0.12667
0.12668
0.126691
0.126701
0.126712
0.126722
0.126733
0.126743
0.126754
0.126764
0.126774
0.126785
0.126795
0.126806
0.126816
0.126826
0.126837
0.126847
0.126857
0.126868
0.126878
0.126888
0.126899
0.126909
0.126919
0.126929
0.12694
0.12695
0.12696
0.12697
0.126981
0.126991
0.127001
0.127011
0.127021
0.127031
0.127041
0.127052
0.127062
0.127072
0.127082
0.127092
0.127102
0.127112
0.127122
0.127132
0.127142
0.127152
0.127162
0.127172
0.127182
0.127192
0.127202
0.127212
0.127222
0.127231
0.127241
0.127251
0.127261
0.127271
0.127281
0.127291
0.1273
0.12731
0.12732
0.12733
0.12734
0.127349
0.127359
0.127369
0.127379
0.127388
0.127398
0.127408
0.127417
0.127427
0.127437
0.127446
0.127456
0.127466
0.127475
0.127485
0.127494
0.127504
0.127513
0.127523
0.127532
0.127542
0.127552
0.127561
0.127571
0.12758
0.127589
0.127599
0.127608
0.127618
0.127627
0.127637
0.127646
0.127655
0.127665
0.127674
0.127683
0.127693
0.127702
0.127711
0.127721
0.12773
0.127739
0.127749
0.127758
0.127767
0.127776
0.127786
0.127795
0.127804
0.127813
0.127822
0.127831
0.127841
0.12785
0.127859
0.127868
0.127877
0.127886
0.127895
0.127904
0.127913
0.127922
0.127931
0.12794
0.127949
0.127958
0.127967
0.127976
0.127985
0.127994
0.128003
0.128012
0.128021
0.12803
0.128039
0.128048
0.128057
0.128066
0.128074
0.128083
0.128092
0.128101
0.12811
0.128118
0.128127
0.128136
0.128145
0.128153
0.128162
0.128171
0.12818
0.128188
0.128197
0.128206
0.128214
0.128223
0.128232
0.12824
0.128249
0.128257
0.128266
0.128275
0.128283
0.128292
0.1283
0.128309
0.128317
0.128326
0.128334
0.128343
0.128351
0.12836
0.128368
0.128377
0.128385
0.128393
0.128402
0.12841
0.128419
0.128427
0.128435
0.128444
0.128452
0.12846
0.128469
0.128477
0.128485
0.128494
0.128502
0.12851
0.128518
0.128527
0.128535
0.128543
0.128551
0.128559
0.128568
0.128576
0.128584
0.128592
0.1286
0.128608
0.128616
0.128624
0.128633
0.128641
0.128649
0.128657
0.128665
0.128673
0.128681
0.128689
0.128697
0.128705
0.128713
0.128721
0.128729
0.128737
0.128744
0.128752
0.12876
0.128768
0.128776
0.128784
0.128792
0.1288
0.128807
0.128815
0.128823
0.128831
0.128839
0.128846
0.128854
0.128862
0.12887
0.128877
0.128885
0.128893
0.128901
0.128908
0.128916
0.128924
0.128931
0.128939
0.128946
0.128954
0.128962
0.128969
0.128977
0.128984
0.128992
0.129
0.129007
0.129015
0.129022
0.12903
0.129037
0.129045
0.129052
0.12906
0.129067
0.129074
0.129082
0.129089
0.129097
0.129104
0.129111
0.129119
0.129126
0.129134
0.129141
0.129148
0.129155
0.129163
0.12917
0.129177
0.129185
0.129192
0.129199
0.129206
0.129214
0.129221
0.129228
0.129235
0.129242
0.12925
0.129257
0.129264
0.129271
0.129278
0.129285
0.129292
0.129299
0.129307
0.129314
0.129321
0.129328
0.129335
0.129342
0.129349
0.129356
0.129363
0.12937
0.129377
0.129384
0.129391
0.129398
0.129404
0.129411
0.129418
0.129425
0.129432
0.129439
0.129446
0.129453
0.129459
0.129466
0.129473
0.12948
0.129487
0.129494
0.1295
0.129507
0.129514
0.129521
0.129527
0.129534
0.129541
0.129547
0.129554
0.129561
0.129567
0.129574
0.129581
0.129587
0.129594
0.129601
0.129607
0.129614
0.12962
0.129627
0.129633
0.12964
0.129647
0.129653
0.12966
0.129666
0.129673
0.129679
0.129686
0.129692
0.129698
0.129705
0.129711
0.129718
0.129724
0.129731
0.129737
0.129743
0.12975
0.129756
0.129762
0.129769
0.129775
0.129781
0.129788
0.129794
0.1298
0.129806
0.129813
0.129819
0.129825
0.129831
0.129838
0.129844
0.12985
0.129856
0.129862
0.129869
0.129875
0.129881
0.129887
0.129893
0.129899
0.129905
0.129911
0.129918
0.129924
0.12993
0.129936
0.129942
0.129948
0.129954
0.12996
0.129966
0.129972
0.129978
0.129984
0.12999
0.129996
0.130002
0.130007
0.130013
0.130019
0.130025
0.130031
0.130037
0.130043
0.130049
0.130054
0.13006
0.130066
0.130072
0.130078
0.130084
0.130089
0.130095
0.130101
0.130107
0.130112
0.130118
0.130124
0.130129
0.130135
0.130141
0.130147
0.130152
0.130158
0.130164
0.130169
0.130175
0.13018
0.130186
0.130192
0.130197
0.130203
0.130208
0.130214
0.130219
0.130225
0.13023
0.130236
0.130242
0.130247
0.130252
0.130258
0.130263
0.130269
0.130274
0.13028
0.130285
0.130291
0.130296
0.130301
0.130307
0.130312
0.130318
0.130323
0.130328
0.130334
0.130339
0.130344
0.13035
0.130355
0.13036
0.130365
0.130371
0.130376
0.130381
0.130386
0.130392
0.130397
0.130402
0.130407
0.130412
0.130418
0.130423
0.130428
0.130433
0.130438
0.130443
0.130448
0.130454
0.130459
0.130464
0.130469
0.130474
0.130479
0.130484
0.130489
0.130494
0.130499
0.130504
0.130509
0.130514
0.130519
0.130524
0.130529
0.130534
0.130539
0.130544
0.130549
0.130554
0.130559
0.130564
0.130568
0.130573
0.130578
0.130583
0.130588
0.130593
0.130598
0.130602
0.130607
0.130612
0.130617
0.130622
0.130626
0.130631
0.130636
0.130641
0.130645
0.13065
0.130655
0.13066
0.130664
0.130669
0.130674
0.130678
0.130683
0.130688
0.130692
0.130697
0.130701
0.130706
0.130711
0.130715
0.13072
0.130724
0.130729
0.130734
0.130738
0.130743
0.130747
0.130752
0.130756
0.130761
0.130765
0.13077
0.130774
0.130779
0.130783
0.130788
0.130792
0.130796
0.130801
0.130805
0.13081
0.130814
0.130818
0.130823
0.130827
0.130832
0.130836
0.13084
0.130845
0.130849
0.130853
0.130858
0.130862
0.130866
0.13087
0.130875
0.130879
0.130883
0.130887
0.130892
0.130896
0.1309
0.130904
0.130908
0.130913
0.130917
0.130921
0.130925
0.130929
0.130933
0.130938
0.130942
0.130946
0.13095
0.130954
0.130958
0.130962
0.130966
0.13097
0.130974
0.130978
0.130982
0.130986
0.130991
0.130995
0.130999
0.131003
0.131006
0.13101
0.131014
0.131018
0.131022
0.131026
0.13103
0.131034
0.131038
0.131042
0.131046
0.13105
0.131054
0.131057
0.131061
0.131065
0.131069
0.131073
0.131077
0.131081
0.131084
0.131088
0.131092
0.131096
0.1311
0.131103
0.131107
0.131111
0.131115
0.131118
0.131122
0.131126
0.131129
0.131133
0.131137
0.131141
0.131144
0.131148
0.131152
0.131155
0.131159
0.131162
0.131166
0.13117
0.131173
0.131177
0.131181
0.131184
0.131188
0.131191
0.131195
0.131198
0.131202
0.131205
0.131209
0.131212
0.131216
0.131219
0.131223
0.131226
0.13123
0.131233
0.131237
0.13124
0.131244
0.131247
0.131251
0.131254
0.131257
0.131261
0.131264
0.131268
0.131271
0.131274
0.131278
0.131281
0.131284
0.131288
0.131291
0.131294
0.131298
0.131301
0.131304
0.131308
0.131311
0.131314
0.131318
0.131321
0.131324
0.131327
0.13133
0.131334
0.131337
0.13134
0.131343
0.131347
0.13135
0.131353
0.131356
0.131359
0.131362
0.131366
0.131369
0.131372
0.131375
0.131378
0.131381
0.131384
0.131387
0.13139
0.131394
0.131397
0.1314
0.131403
0.131406
0.131409
0.131412
0.131415
0.131418
0.131421
0.131424
0.131427
0.13143
0.131433
0.131436
0.131439
0.131442
0.131445
0.131448
0.131451
0.131454
0.131456
0.131459
0.131462
0.131465
0.131468
0.131471
0.131474
0.131477
0.13148
0.131482
0.131485
0.131488
0.131491
0.131494
0.131497
0.131499
0.131502
0.131505
0.131508
0.13151
0.131513
0.131516
0.131519
0.131521
0.131524
0.131527
0.13153
0.131532
0.131535
0.131538
0.131541
0.131543
0.131546
0.131549
0.131551
0.131554
0.131557
0.131559
0.131562
0.131564
0.131567
0.13157
0.131572
0.131575
0.131577
0.13158
0.131583
0.131585
0.131588
0.13159
0.131593
0.131595
0.131598
0.131601
0.131603
0.131606
0.131608
0.131611
0.131613
0.131616
0.131618
0.13162
0.131623
0.131625
0.131628
0.13163
0.131633
0.131635
0.131638
0.13164
0.131642
0.131645
0.131647
0.13165
0.131652
0.131654
0.131657
0.131659
0.131661
0.131664
0.131666
0.131668
0.131671
0.131673
0.131675
0.131678
0.13168
0.131682
0.131685
0.131687
0.131689
0.131691
0.131694
0.131696
0.131698
0.1317
0.131703
0.131705
0.131707
0.131709
0.131712
0.131714
0.131716
0.131718
0.13172
0.131722
0.131725
0.131727
0.131729
0.131731
0.131733
0.131735
0.131737
0.13174
0.131742
0.131744
0.131746
0.131748
0.13175
0.131752
0.131754
0.131756
0.131758
0.13176
0.131762
0.131764
0.131767
0.131769
0.131771
0.131773
0.131775
0.131777
0.131779
0.131781
0.131783
0.131785
0.131786
0.131788
0.13179
0.131792
0.131794
0.131796
0.131798
0.1318
0.131802
0.131804
0.131806
0.131808
0.13181
0.131812
0.131813
0.131815
0.131817
0.131819
0.131821
0.131823
0.131825
0.131826
0.131828
0.13183
0.131832
0.131834
0.131835
0.131837
0.131839
0.131841
0.131843
0.131844
0.131846
0.131848
0.13185
0.131851
0.131853
0.131855
0.131857
0.131858
0.13186
0.131862
0.131863
0.131865
0.131867
0.131869
0.13187
0.131872
0.131874
0.131875
0.131877
0.131879
0.13188
0.131882
0.131883
0.131885
0.131887
0.131888
0.13189
0.131892
0.131893
0.131895
0.131896
0.131898
0.131899
0.131901
0.131903
0.131904
0.131906
0.131907
0.131909
0.13191
0.131912
0.131913
0.131915
0.131916
0.131918
0.131919
0.131921
0.131922
0.131924
0.131925
0.131927
0.131928
0.13193
0.131931
0.131933
0.131934
0.131936
0.131937
0.131938
0.13194
0.131941
0.131943
0.131944
0.131945
0.131947
0.131948
0.13195
0.131951
0.131952
0.131954
0.131955
0.131956
0.131958
0.131959
0.13196
0.131962
0.131963
0.131964
0.131966
0.131967
0.131968
0.13197
0.131971
0.131972
0.131973
0.131975
0.131976
0.131977
0.131978
0.13198
0.131981
0.131982
0.131983
0.131985
0.131986
0.131987
0.131988
0.13199
0.131991
0.131992
0.131993
0.131994
0.131996
0.131997
0.131998
0.131999
0.132
0.132001
0.132002
0.132004
0.132005
0.132006
0.132007
0.132008
0.132009
0.13201
0.132011
0.132013
0.132014
0.132015
0.132016
0.132017
0.132018
0.132019
0.13202
0.132021
0.132022
0.132023
0.132024
0.132025
0.132026
0.132027
0.132028
0.132029
0.132031
0.132032
0.132033
0.132034
0.132035
0.132035
0.132036
0.132037
0.132038
0.132039
0.13204
0.132041
0.132042
0.132043
0.132044
0.132045
0.132046
0.132047
0.132048
0.132049
0.13205
0.132051
0.132052
0.132052
0.132053
0.132054
0.132055
0.132056
0.132057
0.132058
0.132059
0.132059
0.13206
0.132061
0.132062
0.132063
0.132064
0.132064
0.132065
0.132066
0.132067
0.132068
0.132069
0.132069
0.13207
0.132071
0.132072
0.132072
0.132073
0.132074
0.132075
0.132076
0.132076
0.132077
0.132078
0.132079
0.132079
0.13208
0.132081
0.132081
0.132082
0.132083
0.132084
0.132084
0.132085
0.132086
0.132086
0.132087
0.132088
0.132088
0.132089
0.13209
0.13209
0.132091
0.132092
0.132092
0.132093
0.132094
0.132094
0.132095
0.132096
0.132096
0.132097
0.132097
0.132098
0.132099
0.132099
0.1321
0.1321
0.132101
0.132102
0.132102
0.132103
0.132103
0.132104
0.132104
0.132105
0.132106
0.132106
0.132107
0.132107
0.132108
0.132108
0.132109
0.132109
0.13211
0.13211
0.132111
0.132111
0.132112
0.132112
0.132113
0.132113
0.132114
0.132114
0.132115
0.132115
0.132116
0.132116
0.132117
0.132117
0.132117
0.132118
0.132118
0.132119
0.132119
0.13212
0.13212
0.13212
0.132121
0.132121
0.132122
0.132122
0.132122
0.132123
0.132123
0.132124
0.132124
0.132124
0.132125
0.132125
0.132125
0.132126
0.132126
0.132126
0.132127
0.132127
0.132127
0.132128
0.132128
0.132128
0.132129
0.132129
0.132129
0.13213
0.13213
0.13213
0.132131
0.132131
0.132131
0.132131
0.132132
0.132132
0.132132
0.132133
0.132133
0.132133
0.132133
0.132134
0.132134
0.132134
0.132134
0.132135
0.132135
0.132135
0.132135
0.132135
0.132136
0.132136
0.132136
0.132136
0.132136
0.132137
0.132137
0.132137
0.132137
0.132137
0.132138
0.132138
0.132138
0.132138
0.132138
0.132138
0.132139
0.132139
0.132139
0.132139
0.132139
0.132139
0.132139
0.13214
0.13214
0.13214
0.13214
0.13214
0.13214
0.13214
0.13214
0.13214
0.13214
0.132141
0.132141
0.132141
0.132141
0.132141
0.132141
0.132141
0.132141
0.132141
0.132141
0.132141
0.132141
0.132141
0.132141
0.132141
0.132141
0.132141
0.132142
0.132142
0.132142
0.132142
0.132142
0.132142
0.132142
0.132142
0.132142
0.132142
0.132142
0.132142
0.132142
0.132142
0.132141
0.132141
0.132141
0.132141
0.132141
0.132141
0.132141
0.132141
0.132141
0.132141
0.132141
0.132141
0.132141
0.132141
0.132141
0.132141
0.132141
0.132141
0.13214
0.13214
0.13214
0.13214
0.13214
0.13214
0.13214
0.13214
0.13214
0.132139
0.132139
0.132139
0.132139
0.132139
0.132139
0.132139
0.132139
0.132138
0.132138
0.132138
0.132138
0.132138
0.132138
0.132137
0.132137
0.132137
0.132137
0.132137
0.132137
0.132136
0.132136
0.132136
0.132136
0.132136
0.132135
0.132135
0.132135
0.132135
0.132135
0.132134
0.132134
0.132134
0.132134
0.132133
0.132133
0.132133
0.132133
0.132133
0.132132
0.132132
0.132132
0.132132
0.132131
0.132131
0.132131
0.13213
0.13213
0.13213
0.13213
0.132129
0.132129
0.132129
0.132128
0.132128
0.132128
0.132128
0.132127
0.132127
0.132127
0.132126
0.132126
0.132126
0.132125
0.132125
0.132125
0.132124
0.132124
0.132124
0.132123
0.132123
0.132123
0.132122
0.132122
0.132122
0.132121
0.132121
0.132121
0.13212
0.13212
0.132119
0.132119
0.132119
0.132118
0.132118
0.132118
0.132117
0.132117
0.132116
0.132116
0.132116
0.132115
0.132115
0.132114
0.132114
0.132113
0.132113
0.132113
0.132112
0.132112
0.132111
0.132111
0.13211
0.13211
0.13211
0.132109
0.132109
0.132108
0.132108
0.132107
0.132107
0.132106
0.132106
0.132105
0.132105
0.132105
0.132104
0.132104
0.132103
0.132103
0.132102
0.132102
0.132101
0.132101
0.1321
0.1321
0.132099
0.132099
0.132098
0.132098
0.132097
0.132097
0.132096
0.132096
0.132095
0.132094
0.132094
0.132093
0.132093
0.132092
0.132092
0.132091
0.132091
0.13209
0.13209
0.132089
0.132088
0.132088
0.132087
0.132087
0.132086
0.132086
0.132085
0.132084
0.132084
0.132083
0.132083
0.132082
0.132082
0.132081
0.13208
0.13208
0.132079
0.132079
0.132078
0.132077
0.132077
0.132076
0.132075
0.132075
0.132074
0.132074
0.132073
0.132072
0.132072
0.132071
0.13207
0.13207
0.132069
0.132069
0.132068
0.132067
0.132067
0.132066
0.132065
0.132065
0.132064
0.132063
0.132063
0.132062
0.132061
0.132061
0.13206
0.132059
0.132059
0.132058
0.132057
0.132057
0.132056
0.132055
0.132054
0.132054
0.132053
0.132052
0.132052
0.132051
0.13205
0.132049
0.132049
0.132048
0.132047
0.132047
0.132046
0.132045
0.132044
0.132044
0.132043
0.132042
0.132041
0.132041
0.13204
0.132039
0.132039
0.132038
0.132037
0.132036
0.132035
0.132035
0.132034
0.132033
0.132032
0.132032
0.132031
0.13203
0.132029
0.132029
0.132028
0.132027
0.132026
0.132025
0.132025
0.132024
0.132023
0.132022
0.132021
0.132021
0.13202
0.132019
0.132018
0.132017
0.132017
0.132016
0.132015
0.132014
0.132013
0.132013
0.132012
0.132011
0.13201
0.132009
0.132008
0.132008
0.132007
0.132006
0.132005
0.132004
0.132003
0.132003
0.132002
0.132001
0.132
0.131999
0.131998
0.131997
0.131997
0.131996
0.131995
0.131994
0.131993
0.131992
0.131991
0.13199
0.13199
0.131989
0.131988
0.131987
0.131986
0.131985
0.131984
0.131983
0.131982
0.131982
0.131981
0.13198
0.131979
0.131978
0.131977
0.131976
0.131975
0.131974
0.131973
0.131972
0.131971
0.131971
0.13197
0.131969
0.131968
0.131967
0.131966
0.131965
0.131964
0.131963
0.131962
0.131961
0.13196
0.131959
0.131958
0.131957
0.131956
0.131956
0.131955
0.131954
0.131953
0.131952
0.131951
0.13195
0.131949
0.131948
0.131947
0.131946
0.131945
0.131944
0.131943
0.131942
0.131941
0.13194
0.131939
0.131938
0.131937
0.131936
0.131935
0.131934
0.131933
0.131932
0.131931
0.13193
0.131929
0.131928
0.131927
0.131926
0.131925
0.131924
0.131923
0.131922
0.131921
0.13192
0.131919
0.131918
0.131917
0.131916
0.131915
0.131914
0.131913
0.131912
0.131911
0.13191
0.131909
0.131908
0.131906
0.131905
0.131904
0.131903
0.131902
0.131901
0.1319
0.131899
0.131898
0.131897
0.131896
0.131895
0.131894
0.131893
0.131892
0.131891
0.13189
0.131888
0.131887
0.131886
0.131885
0.131884
0.131883
0.131882
0.131881
0.13188
0.131879
0.131878
0.131877
0.131875
0.131874
0.131873
0.131872
0.131871
0.13187
0.131869
0.131868
0.131867
0.131866
0.131864
0.131863
0.131862
0.131861
0.13186
0.131859
0.131858
0.131857
0.131855
0.131854
0.131853
0.131852
0.131851
0.13185
0.131849
0.131848
0.131846
0.131845
0.131844
0.131843
0.131842
0.131841
0.13184
0.131838
0.131837
0.131836
0.131835
0.131834
0.131833
0.131831
0.13183
0.131829
0.131828
0.131827
0.131826
0.131825
0.131823
0.131822
0.131821
0.13182
0.131819
0.131817
0.131816
0.131815
0.131814
0.131813
0.131812
0.13181
0.131809
0.131808
0.131807
0.131806
0.131804
0.131803
0.131802
0.131801
0.1318
0.131798
0.131797
0.131796
0.131795
0.131794
0.131792
0.131791
0.13179
0.131789
0.131788
0.131786
0.131785
0.131784
0.131783
0.131782
0.13178
0.131779
0.131778
0.131777
0.131775
0.131774
0.131773
0.131772
0.131771
0.131769
0.131768
0.131767
0.131766
0.131764
0.131763
0.131762
0.131761
0.131759
0.131758
0.131757
0.131756
0.131754
0.131753
0.131752
0.131751
0.131749
0.131748
0.131747
0.131746
0.131744
0.131743
0.131742
0.131741
0.131739
0.131738
0.131737
0.131736
0.131734
0.131733
0.131732
0.13173
0.131729
0.131728
0.131727
0.131725
0.131724
0.131723
0.131721
0.13172
0.131719
0.131718
0.131716
0.131715
0.131714
0.131712
0.131711
0.13171
0.131709
0.131707
0.131706
0.131705
0.131703
0.131702
0.131701
0.131699
0.131698
0.131697
0.131696
0.131694
0.131693
0.131692
0.13169
0.131689
0.131688
0.131686
0.131685
0.131684
0.131682
0.131681
0.13168
0.131678
0.131677
0.131676
0.131674
0.131673
0.131672
0.13167
0.131669
0.131668
0.131666
0.131665
0.131664
0.131662
0.131661
0.13166
0.131658
0.131657
0.131656
0.131654
0.131653
0.131652
0.13165
0.131649
0.131648
0.131646
0.131645
0.131644
0.131642
0.131641
0.13164
0.131638
0.131637
0.131636
0.131634
0.131633
0.131631
0.13163
0.131629
0.131627
0.131626
0.131625
0.131623
0.131622
0.13162
0.131619
0.131618
0.131616
0.131615
0.131614
0.131612
0.131611
0.131609
0.131608
0.131607
0.131605
0.131604
0.131603
0.131601
0.1316
0.131598
0.131597
0.131596
0.131594
0.131593
0.131591
0.13159
0.131589
0.131587
0.131586
0.131584
0.131583
0.131582
0.13158
0.131579
0.131577
0.131576
0.131575
0.131573
0.131572
0.13157
0.131569
0.131568
0.131566
0.131565
0.131563
0.131562
0.131561
0.131559
0.131558
0.131556
0.131555
0.131553
0.131552
0.131551
0.131549
0.131548
0.131546
0.131545
0.131543
0.131542
0.131541
0.131539
0.131538
0.131536
0.131535
0.131533
0.131532
0.131531
0.131529
0.131528
0.131526
0.131525
0.131523
0.131522
0.131521
0.131519
0.131518
0.131516
0.131515
0.131513
0.131512
0.13151
0.131509
0.131508
0.131506
0.131505
0.131503
0.131502
0.1315
0.131499
0.131497
0.131496
0.131494
0.131493
0.131492
0.13149
0.131489
0.131487
0.131486
0.131484
0.131483
0.131481
0.13148
0.131478
0.131477
0.131475
0.131474
0.131473
0.131471
0.13147
0.131468
0.131467
0.131465
0.131464
0.131462
0.131461
0.131459
0.131458
0.131456
0.131455
0.131453
0.131452
0.13145
0.131449
0.131447
0.131446
0.131444
0.131443
0.131441
0.13144
0.131438
0.131437
0.131436
0.131434
0.131433
0.131431
0.13143
0.131428
0.131427
0.131425
0.131424
0.131422
0.131421
0.131419
0.131418
0.131416
0.131415
0.131413
0.131412
0.13141
0.131409
0.131407
0.131406
0.131404
0.131403
0.131401
0.1314
0.131398
0.131397
0.131395
0.131393
0.131392
0.13139
0.131389
0.131387
0.131386
0.131384
0.131383
0.131381
0.13138
0.131378
0.131377
0.131375
0.131374
0.131372
0.131371
0.131369
0.131368
0.131366
0.131365
0.131363
0.131362
0.13136
0.131359
0.131357
0.131355
0.131354
0.131352
0.131351
0.131349
0.131348
0.131346
0.131345
0.131343
0.131342
0.13134
0.131339
0.131337
0.131336
0.131334
0.131332
0.131331
0.131329
0.131328
0.131326
0.131325
0.131323
0.131322
0.13132
0.131319
0.131317
0.131316
0.131314
0.131312
0.131311
0.131309
0.131308
0.131306
0.131305
0.131303
0.131302
0.1313
0.131299
0.131297
0.131295
0.131294
0.131292
0.131291
0.131289
0.131288
0.131286
0.131285
0.131283
0.131281
0.13128
0.131278
0.131277
0.131275
0.131274
0.131272
0.13127
0.131269
0.131267
0.131266
0.131264
0.131263
0.131261
0.13126
0.131258
0.131256
0.131255
0.131253
0.131252
0.13125
0.131249
0.131247
0.131245
0.131244
0.131242
0.131241
0.131239
0.131238
0.131236
0.131234
0.131233
0.131231
0.13123
0.131228
0.131227
0.131225
0.131223
0.131222
0.13122
0.131219
0.131217
0.131215
0.131214
0.131212
0.131211
0.131209
0.131208
0.131206
0.131204
0.131203
0.131201
0.1312
0.131198
0.131196
0.131195
0.131193
0.131192
0.13119
0.131188
0.131187
0.131185
0.131184
0.131182
0.131181
0.131179
0.131177
0.131176
0.131174
0.131173
0.131171
0.131169
0.131168
0.131166
0.131165
0.131163
0.131161
0.13116
0.131158
0.131157
0.131155
0.131153
0.131152
0.13115
0.131149
0.131147
0.131145
0.131144
0.131142
0.131141
0.131139
0.131137
0.131136
0.131134
0.131133
0.131131
0.131129
0.131128
0.131126
0.131125
0.131123
0.131121
0.13112
0.131118
0.131116
0.131115
0.131113
0.131112
0.13111
0.131108
0.131107
0.131105
0.131104
0.131102
0.1311
0.131099
0.131097
0.131096
0.131094
0.131092
0.131091
0.131089
0.131087
0.131086
0.131084
0.131083
0.131081
0.131079
0.131078
0.131076
0.131074
0.131073
0.131071
0.13107
0.131068
0.131066
0.131065
0.131063
0.131061
0.13106
0.131058
0.131057
0.131055
0.131053
0.131052
0.13105
0.131048
0.131047
0.131045
0.131044
0.131042
0.13104
0.131039
0.131037
0.131035
0.131034
0.131032
0.131031
0.131029
0.131027
0.131026
0.131024
0.131022
0.131021
0.131019
0.131018
0.131016
0.131014
0.131013
0.131011
0.131009
0.131008
0.131006
0.131004
0.131003
0.131001
0.131
0.130998
0.130996
0.130995
0.130993
0.130991
0.13099
0.130988
0.130986
0.130985
0.130983
0.130982
0.13098
0.130978
0.130977
0.130975
0.130973
0.130972
0.13097
0.130968
0.130967
0.130965
0.130963
0.130962
0.13096
0.130959
0.130957
0.130955
0.130954
0.130952
0.13095
0.130949
0.130947
0.130945
0.130944
0.130942
0.13094
0.130939
0.130937
0.130935
0.130934
0.130932
0.130931
0.130929
0.130927
0.130926
0.130924
0.130922
0.130921
0.130919
0.130917
0.130916
0.130914
0.130912
0.130911
0.130909
0.130907
0.130906
0.130904
0.130902
0.130901
0.130899
0.130898
0.130896
0.130894
0.130893
0.130891
0.130889
0.130888
0.130886
0.130884
0.130883
0.130881
0.130879
0.130878
0.130876
0.130874
0.130873
0.130871
0.130869
0.130868
0.130866
0.130864
0.130863
0.130861
0.130859
0.130858
0.130856
0.130854
0.130853
0.130851
0.130849
0.130848
0.130846
0.130845
0.130843
0.130841
0.13084
0.130838
0.130836
0.130835
0.130833
0.130831
0.13083
0.130828
0.130826
0.130825
0.130823
0.130821
0.13082
0.130818
0.130816
0.130815
0.130813
0.130811
0.13081
0.130808
0.130806
0.130805
0.130803
0.130801
0.1308
0.130798
0.130796
0.130795
0.130793
0.130791
0.13079
0.130788
0.130786
0.130785
0.130783
0.130781
0.13078
0.130778
0.130776
0.130775
0.130773
0.130771
0.13077
0.130768
0.130766
0.130765
0.130763
0.130761
0.13076
0.130758
0.130756
0.130755
0.130753
0.130751
0.13075
0.130748
0.130746
0.130745
0.130743
0.130741
0.13074
0.130738
0.130736
0.130735
0.130733
0.130731
0.13073
0.130728
0.130726
0.130724
0.130723
0.130721
0.130719
0.130718
0.130716
0.130714
0.130713
0.130711
0.130709
0.130708
0.130706
0.130704
0.130703
0.130701
0.130699
0.130698
0.130696
0.130694
0.130693
0.130691
0.130689
0.130688
0.130686
0.130684
0.130683
0.130681
0.130679
0.130678
0.130676
0.130674
0.130673
0.130671
0.130669
0.130668
0.130666
0.130664
0.130663
0.130661
0.130659
0.130658
0.130656
0.130654
0.130652
0.130651
0.130649
0.130647
0.130646
0.130644
0.130642
0.130641
0.130639
0.130637
0.130636
0.130634
0.130632
0.130631
0.130629
0.130627
0.130626
0.130624
0.130622
0.130621
0.130619
0.130617
0.130616
0.130614
0.130612
0.130611
0.130609
0.130607
0.130605
0.130604
0.130602
0.1306
0.130599
0.130597
0.130595
0.130594
0.130592
0.13059
0.130589
0.130587
0.130585
0.130584
0.130582
0.13058
0.130579
0.130577
0.130575
0.130574
0.130572
0.13057
0.130569
0.130567
0.130565
0.130564
0.130562
0.13056
0.130558
0.130557
0.130555
0.130553
0.130552
0.13055
0.130548
0.130547
0.130545
0.130543
0.130542
0.13054
0.130538
0.130537
0.130535
0.130533
0.130532
0.13053
0.130528
0.130527
0.130525
0.130523
0.130522
0.13052
0.130518
0.130516
0.130515
0.130513
0.130511
0.13051
0.130508
0.130506
0.130505
0.130503
0.130501
0.1305
0.130498
0.130496
0.130495
0.130493
0.130491
0.13049
0.130488
0.130486
0.130485
0.130483
0.130481
0.130479
0.130478
0.130476
0.130474
0.130473
0.130471
0.130469
0.130468
0.130466
0.130464
0.130463
0.130461
0.130459
0.130458
0.130456
0.130454
0.130453
0.130451
0.130449
0.130448
0.130446
0.130444
0.130443
0.130441
0.130439
0.130437
0.130436
0.130434
0.130432
0.130431
0.130429
0.130427
0.130426
0.130424
0.130422
0.130421
0.130419
0.130417
0.130416
0.130414
0.130412
0.130411
0.130409
0.130407
0.130406
0.130404
0.130402
0.130401
0.130399
0.130397
0.130395
0.130394
0.130392
0.13039
0.130389
0.130387
0.130385
0.130384
0.130382
0.13038
0.130379
0.130377
0.130375
0.130374
0.130372
0.13037
0.130369
0.130367
0.130365
0.130364
0.130362
0.13036
0.130359
0.130357
0.130355
0.130354
0.130352
0.13035
0.130348
0.130347
0.130345
0.130343
0.130342
0.13034
0.130338
0.130337
0.130335
0.130333
0.130332
0.13033
0.130328
0.130327
0.130325
0.130323
0.130322
0.13032
0.130318
0.130317
0.130315
0.130313
0.130312
0.13031
0.130308
0.130307
0.130305
0.130303
0.130302
0.1303
0.130298
0.130297
0.130295
0.130293
0.130291
0.13029
0.130288
0.130286
0.130285
0.130283
0.130281
0.13028
0.130278
0.130276
0.130275
0.130273
0.130271
0.13027
0.130268
0.130266
0.130265
0.130263
0.130261
0.13026
0.130258
0.130256
0.130255
0.130253
0.130251
0.13025
0.130248
0.130246
0.130245
0.130243
0.130241
0.13024
0.130238
0.130236
0.130235
0.130233
0.130231
0.13023
0.130228
0.130226
0.130225
0.130223
0.130221
0.13022
0.130218
0.130216
0.130214
0.130213
0.130211
0.130209
0.130208
0.130206
0.130204
0.130203
0.130201
0.130199
0.130198
0.130196
0.130194
0.130193
0.130191
0.130189
0.130188
0.130186
0.130184
0.130183
0.130181
0.130179
0.130178
0.130176
0.130174
0.130173
0.130171
0.130169
0.130168
0.130166
0.130164
0.130163
0.130161
0.130159
0.130158
0.130156
0.130154
0.130153
0.130151
0.130149
0.130148
0.130146
0.130144
0.130143
0.130141
0.130139
0.130138
0.130136
0.130134
0.130133
0.130131
0.130129
0.130128
0.130126
0.130124
0.130123
0.130121
0.130119
0.130118
0.130116
0.130114
0.130113
0.130111
0.130109
0.130108
0.130106
0.130104
0.130103
0.130101
0.130099
0.130098
0.130096
0.130094
0.130093
0.130091
0.13009
0.130088
0.130086
0.130085
0.130083
0.130081
0.13008
0.130078
0.130076
0.130075
0.130073
0.130071
0.13007
0.130068
0.130066
0.130065
0.130063
0.130061
0.13006
0.130058
0.130056
0.130055
0.130053
0.130051
0.13005
0.130048
0.130046
0.130045
0.130043
0.130041
0.13004
0.130038
0.130036
0.130035
0.130033
0.130031
0.13003
0.130028
0.130026
0.130025
0.130023
0.130022
0.13002
0.130018
0.130017
0.130015
0.130013
0.130012
0.13001
0.130008
0.130007
0.130005
0.130003
0.130002
0.13
0.129998
0.129997
0.129995
0.129993
0.129992
0.12999
0.129988
0.129987
0.129985
0.129984
0.129982
0.12998
0.129979
0.129977
0.129975
0.129974
0.129972
0.12997
0.129969
0.129967
0.129965
0.129964
0.129962
0.12996
0.129959
0.129957
0.129955
0.129954
0.129952
0.129951
0.129949
0.129947
0.129946
0.129944
0.129942
0.129941
0.129939
0.129937
0.129936
0.129934
0.129932
0.129931
0.129929
0.129927
0.129926
0.129924
0.129923
0.129921
0.129919
0.129918
0.129916
0.129914
0.129913
0.129911
0.129909
0.129908
0.129906
0.129904
0.129903
0.129901
0.1299
0.129898
0.129896
0.129895
0.129893
0.129891
0.12989
0.129888
0.129886
0.129885
0.129883
0.129882
0.12988
0.129878
0.129877
0.129875
0.129873
0.129872
0.12987
0.129868
0.129867
0.129865
0.129864
0.129862
0.12986
0.129859
0.129857
0.129855
0.129854
0.129852
0.12985
0.129849
0.129847
0.129846
0.129844
0.129842
0.129841
0.129839
0.129837
0.129836
0.129834
0.129832
0.129831
0.129829
0.129828
0.129826
0.129824
0.129823
0.129821
0.129819
0.129818
0.129816
0.129815
0.129813
0.129811
0.12981
0.129808
0.129806
0.129805
0.129803
0.129801
0.1298
0.129798
0.129797
0.129795
0.129793
0.129792
0.12979
0.129788
0.129787
0.129785
0.129784
0.129782
0.12978
0.129779
0.129777
0.129775
0.129774
0.129772
0.129771
0.129769
0.129767
0.129766
0.129764
0.129762
0.129761
0.129759
0.129758
0.129756
0.129754
0.129753
0.129751
0.129749
0.129748
0.129746
0.129745
0.129743
0.129741
0.12974
0.129738
0.129737
0.129735
0.129733
0.129732
0.12973
0.129728
0.129727
0.129725
0.129724
0.129722
0.12972
0.129719
0.129717
0.129716
0.129714
0.129712
0.129711
0.129709
0.129707
0.129706
0.129704
0.129703
0.129701
0.129699
0.129698
0.129696
0.129695
0.129693
0.129691
0.12969
0.129688
0.129686
0.129685
0.129683
0.129682
0.12968
0.129678
0.129677
0.129675
0.129674
0.129672
0.12967
0.129669
0.129667
0.129666
0.129664
0.129662
0.129661
0.129659
0.129657
0.129656
0.129654
0.129653
0.129651
0.129649
0.129648
0.129646
0.129645
0.129643
0.129641
0.12964
0.129638
0.129637
0.129635
0.129633
0.129632
0.12963
0.129629
0.129627
0.129625
0.129624
0.129622
0.129621
0.129619
0.129617
0.129616
0.129614
0.129613
0.129611
0.129609
0.129608
0.129606
0.129605
0.129603
0.129601
0.1296
0.129598
0.129597
0.129595
0.129593
0.129592
0.12959
0.129589
0.129587
0.129585
0.129584
0.129582
0.129581
0.129579
0.129577
0.129576
0.129574
0.129573
0.129571
0.129569
0.129568
0.129566
0.129565
0.129563
0.129562
0.12956
0.129558
0.129557
0.129555
0.129554
0.129552
0.12955
0.129549
0.129547
0.129546
0.129544
0.129542
0.129541
0.129539
0.129538
0.129536
0.129534
0.129533
0.129531
0.12953
0.129528
0.129527
0.129525
0.129523
0.129522
0.12952
0.129519
0.129517
0.129515
0.129514
0.129512
0.129511
0.129509
0.129508
0.129506
0.129504
0.129503
0.129501
0.1295
0.129498
0.129496
0.129495
0.129493
0.129492
0.12949
0.129489
0.129487
0.129485
0.129484
0.129482
0.129481
0.129479
0.129478
0.129476
0.129474
0.129473
0.129471
0.12947
0.129468
0.129467
0.129465
0.129463
0.129462
0.12946
0.129459
0.129457
0.129455
0.129454
0.129452
0.129451
0.129449
0.129448
0.129446
0.129444
0.129443
0.129441
0.12944
0.129438
0.129437
0.129435
0.129433
0.129432
0.12943
0.129429
0.129427
0.129426
0.129424
0.129423
0.129421
0.129419
0.129418
0.129416
0.129415
0.129413
0.129412
0.12941
0.129408
0.129407
0.129405
0.129404
0.129402
0.129401
0.129399
0.129397
0.129396
0.129394
0.129393
0.129391
0.12939
0.129388
0.129387
0.129385
0.129383
0.129382
0.12938
0.129379
0.129377
0.129376
0.129374
0.129372
0.129371
0.129369
0.129368
0.129366
0.129365
0.129363
0.129362
0.12936
0.129358
0.129357
0.129355
0.129354
0.129352
0.129351
0.129349
0.129348
0.129346
0.129345
0.129343
0.129341
0.12934
0.129338
0.129337
0.129335
0.129334
0.129332
0.129331
0.129329
0.129327
0.129326
0.129324
0.129323
0.129321
0.12932
0.129318
0.129317
0.129315
0.129314
0.129312
0.12931
0.129309
0.129307
0.129306
0.129304
0.129303
0.129301
0.1293
0.129298
0.129297
0.129295
0.129293
0.129292
0.12929
0.129289
0.129287
0.129286
0.129284
0.129283
0.129281
0.12928
0.129278
0.129276
0.129275
0.129273
0.129272
0.12927
0.129269
0.129267
0.129266
0.129264
0.129263
0.129261
0.12926
0.129258
0.129256
0.129255
0.129253
0.129252
0.12925
0.129249
0.129247
0.129246
0.129244
0.129243
0.129241
0.12924
0.129238
0.129237
0.129235
0.129233
0.129232
0.12923
0.129229
0.129227
0.129226
0.129224
0.129223
0.129221
0.12922
0.129218
0.129217
0.129215
0.129214
0.129212
0.129211
0.129209
0.129207
0.129206
0.129204
0.129203
0.129201
0.1292
0.129198
0.129197
0.129195
0.129194
0.129192
0.129191
0.129189
0.129188
0.129186
0.129185
0.129183
0.129182
0.12918
0.129179
0.129177
0.129175
0.129174
0.129172
0.129171
0.129169
0.129168
0.129166
0.129165
0.129163
0.129162
0.12916
0.129159
0.129157
0.129156
0.129154
0.129153
0.129151
0.12915
0.129148
0.129147
0.129145
0.129144
0.129142
0.129141
0.129139
0.129138
0.129136
0.129135
0.129133
0.129132
0.12913
0.129129
0.129127
0.129126
0.129124
0.129122
0.129121
0.129119
0.129118
0.129116
0.129115
0.129113
0.129112
0.12911
0.129109
0.129107
0.129106
0.129104
0.129103
0.129101
0.1291
0.129098
0.129097
0.129095
0.129094
0.129092
0.129091
0.129089
0.129088
0.129086
0.129085
0.129083
0.129082
0.12908
0.129079
0.129077
0.129076
0.129074
0.129073
0.129071
0.12907
0.129068
0.129067
0.129065
0.129064
0.129062
0.129061
0.129059
0.129058
0.129056
0.129055
0.129053
0.129052
0.12905
0.129049
0.129047
0.129046
0.129044
0.129043
0.129041
0.12904
0.129039
0.129037
0.129036
0.129034
0.129033
0.129031
0.12903
0.129028
0.129027
0.129025
0.129024
0.129022
0.129021
0.129019
0.129018
0.129016
0.129015
0.129013
0.129012
0.12901
0.129009
0.129007
0.129006
0.129004
0.129003
0.129001
0.129
0.128998
0.128997
0.128995
0.128994
0.128992
0.128991
0.128989
0.128988
0.128987
0.128985
0.128984
0.128982
0.128981
0.128979
0.128978
0.128976
0.128975
0.128973
0.128972
0.12897
0.128969
0.128967
0.128966
0.128964
0.128963
0.128961
0.12896
0.128958
0.128957
0.128956
0.128954
0.128953
0.128951
0.12895
0.128948
0.128947
0.128945
0.128944
0.128942
0.128941
0.128939
0.128938
0.128936
0.128935
0.128933
0.128932
0.128931
0.128929
0.128928
0.128926
0.128925
0.128923
0.128922
0.12892
0.128919
0.128917
0.128916
0.128914
0.128913
0.128911
0.12891
0.128909
0.128907
0.128906
0.128904
0.128903
0.128901
0.1289
0.128898
0.128897
0.128895
0.128894
0.128892
0.128891
0.12889
0.128888
0.128887
0.128885
0.128884
0.128882
0.128881
0.128879
0.128878
0.128876
0.128875
0.128874
0.128872
0.128871
0.128869
0.128868
0.128866
0.128865
0.128863
0.128862
0.12886
0.128859
0.128858
0.128856
0.128855
0.128853
0.128852
0.12885
0.128849
0.128847
0.128846
0.128844
0.128843
0.128842
0.12884
0.128839
0.128837
0.128836
0.128834
0.128833
0.128831
0.12883
0.128829
0.128827
0.128826
0.128824
0.128823
0.128821
0.12882
0.128818
0.128817
0.128816
0.128814
0.128813
0.128811
0.12881
0.128808
0.128807
0.128806
0.128804
0.128803
0.128801
0.1288
0.128798
0.128797
0.128795
0.128794
0.128793
0.128791
0.12879
0.128788
0.128787
0.128785
0.128784
0.128783
0.128781
0.12878
0.128778
0.128777
0.128775
0.128774
0.128772
0.128771
0.12877
0.128768
0.128767
0.128765
0.128764
0.128762
0.128761
0.12876
0.128758
0.128757
0.128755
0.128754
0.128752
0.128751
0.12875
0.128748
0.128747
0.128745
0.128744
0.128742
0.128741
0.12874
0.128738
0.128737
0.128735
0.128734
0.128733
0.128731
0.12873
0.128728
0.128727
0.128725
0.128724
0.128723
0.128721
0.12872
0.128718
0.128717
0.128715
0.128714
0.128713
0.128711
0.12871
0.128708
0.128707
0.128706
0.128704
0.128703
0.128701
0.1287
0.128698
0.128697
0.128696
0.128694
0.128693
0.128691
0.12869
0.128689
0.128687
0.128686
0.128684
0.128683
0.128682
0.12868
0.128679
0.128677
0.128676
0.128674
0.128673
0.128672
0.12867
0.128669
0.128667
0.128666
0.128665
0.128663
0.128662
0.12866
0.128659
0.128658
0.128656
0.128655
0.128653
0.128652
0.128651
0.128649
0.128648
0.128646
0.128645
0.128644
0.128642
0.128641
0.128639
0.128638
0.128637
0.128635
0.128634
0.128632
0.128631
0.12863
0.128628
0.128627
0.128625
0.128624
0.128623
0.128621
0.12862
0.128618
0.128617
0.128616
0.128614
0.128613
0.128611
0.12861
0.128609
0.128607
0.128606
0.128604
0.128603
0.128602
0.1286
0.128599
0.128597
0.128596
0.128595
0.128593
0.128592
0.128591
0.128589
0.128588
0.128586
0.128585
0.128584
0.128582
0.128581
0.128579
0.128578
0.128577
0.128575
0.128574
0.128572
0.128571
0.12857
0.128568
0.128567
0.128566
0.128564
0.128563
0.128561
0.12856
0.128559
0.128557
0.128556
0.128554
0.128553
0.128552
0.12855
0.128549
0.128548
0.128546
0.128545
0.128543
0.128542
0.128541
0.128539
0.128538
0.128537
0.128535
0.128534
0.128532
0.128531
0.12853
0.128528
0.128527
0.128526
0.128524
0.128523
0.128521
0.12852
0.128519
0.128517
0.128516
0.128515
0.128513
0.128512
0.12851
0.128509
0.128508
0.128506
0.128505
0.128504
0.128502
0.128501
0.1285
0.128498
0.128497
0.128495
0.128494
0.128493
0.128491
0.12849
0.128489
0.128487
0.128486
0.128484
0.128483
0.128482
0.12848
0.128479
0.128478
0.128476
0.128475
0.128474
0.128472
0.128471
0.12847
0.128468
0.128467
0.128465
0.128464
0.128463
0.128461
0.12846
0.128459
0.128457
0.128456
0.128455
0.128453
0.128452
0.12845
0.128449
0.128448
0.128446
0.128445
0.128444
0.128442
0.128441
0.12844
0.128438
0.128437
0.128436
0.128434
0.128433
0.128432
0.12843
0.128429
0.128427
0.128426
0.128425
0.128423
0.128422
0.128421
0.128419
0.128418
0.128417
0.128415
0.128414
0.128413
0.128411
0.12841
0.128409
0.128407
0.128406
0.128405
0.128403
0.128402
0.128401
0.128399
0.128398
0.128397
0.128395
0.128394
0.128393
0.128391
0.12839
0.128388
0.128387
0.128386
0.128384
0.128383
0.128382
0.12838
0.128379
0.128378
0.128376
0.128375
0.128374
0.128372
0.128371
0.12837
0.128368
0.128367
0.128366
0.128364
0.128363
0.128362
0.12836
0.128359
0.128358
0.128356
0.128355
0.128354
0.128352
0.128351
0.12835
0.128348
0.128347
0.128346
0.128344
0.128343
0.128342
0.12834
0.128339
0.128338
0.128336
0.128335
0.128334
0.128332
0.128331
0.12833
0.128328
0.128327
0.128326
0.128325
0.128323
0.128322
0.128321
0.128319
0.128318
0.128317
0.128315
0.128314
0.128313
0.128311
0.12831
0.128309
0.128307
0.128306
0.128305
0.128303
0.128302
0.128301
0.128299
0.128298
0.128297
0.128295
0.128294
0.128293
0.128291
0.12829
0.128289
0.128288
0.128286
0.128285
0.128284
0.128282
0.128281
0.12828
0.128278
0.128277
0.128276
0.128274
0.128273
0.128272
0.12827
0.128269
0.128268
0.128267
0.128265
0.128264
0.128263
0.128261
0.12826
0.128259
0.128257
0.128256
0.128255
0.128253
0.128252
0.128251
0.12825
0.128248
0.128247
0.128246
0.128244
0.128243
0.128242
0.12824
0.128239
0.128238
0.128236
0.128235
0.128234
0.128233
0.128231
0.12823
0.128229
0.128227
0.128226
0.128225
0.128223
0.128222
0.128221
0.12822
0.128218
0.128217
0.128216
0.128214
0.128213
0.128212
0.12821
0.128209
0.128208
0.128207
0.128205
0.128204
0.128203
0.128201
0.1282
0.128199
0.128198
0.128196
0.128195
0.128194
0.128192
0.128191
0.12819
0.128188
0.128187
0.128186
0.128185
0.128183
0.128182
0.128181
0.128179
0.128178
0.128177
0.128176
0.128174
0.128173
0.128172
0.12817
0.128169
0.128168
0.128167
0.128165
0.128164
0.128163
0.128161
0.12816
0.128159
0.128158
0.128156
0.128155
0.128154
0.128152
0.128151
0.12815
0.128149
0.128147
0.128146
0.128145
0.128143
0.128142
0.128141
0.12814
0.128138
0.128137
0.128136
0.128135
0.128133
0.128132
0.128131
0.128129
0.128128
0.128127
0.128126
0.128124
0.128123
0.128122
0.12812
0.128119
0.128118
0.128117
0.128115
0.128114
0.128113
0.128112
0.12811
0.128109
0.128108
0.128106
0.128105
0.128104
0.128103
0.128101
0.1281
0.128099
0.128098
0.128096
0.128095
0.128094
0.128093
0.128091
0.12809
0.128089
0.128087
0.128086
0.128085
0.128084
0.128082
0.128081
0.12808
0.128079
0.128077
0.128076
0.128075
0.128074
0.128072
0.128071
0.12807
0.128069
0.128067
0.128066
0.128065
0.128063
0.128062
0.128061
0.12806
0.128058
0.128057
0.128056
0.128055
0.128053
0.128052
0.128051
0.12805
0.128048
0.128047
0.128046
0.128045
0.128043
0.128042
0.128041
0.12804
0.128038
0.128037
0.128036
0.128035
0.128033
0.128032
0.128031
0.12803
0.128028
0.128027
0.128026
0.128025
0.128023
0.128022
0.128021
0.12802
0.128018
0.128017
0.128016
0.128015
0.128013
0.128012
0.128011
0.12801
0.128008
0.128007
0.128006
0.128005
0.128003
0.128002
0.128001
0.128
0.127998
0.127997
0.127996
0.127995
0.127993
0.127992
0.127991
0.12799
0.127988
0.127987
0.127986
0.127985
0.127984
0.127982
0.127981
0.12798
0.127979
0.127977
0.127976
0.127975
0.127974
0.127972
0.127971
0.12797
0.127969
0.127967
0.127966
0.127965
0.127964
0.127962
0.127961
0.12796
0.127959
0.127958
0.127956
0.127955
0.127954
0.127953
0.127951
0.12795
0.127949
0.127948
0.127946
0.127945
0.127944
0.127943
0.127942
0.12794
0.127939
0.127938
0.127937
0.127935
0.127934
0.127933
0.127932
0.12793
0.127929
0.127928
0.127927
0.127926
0.127924
0.127923
0.127922
0.127921
0.127919
0.127918
0.127917
0.127916
0.127915
0.127913
0.127912
0.127911
0.12791
0.127908
0.127907
0.127906
0.127905
0.127904
0.127902
0.127901
0.1279
0.127899
0.127897
0.127896
0.127895
0.127894
0.127893
0.127891
0.12789
0.127889
0.127888
0.127887
0.127885
0.127884
0.127883
0.127882
0.12788
0.127879
0.127878
0.127877
0.127876
0.127874
0.127873
0.127872
0.127871
0.12787
0.127868
0.127867
0.127866
0.127865
0.127864
0.127862
0.127861
0.12786
0.127859
0.127857
0.127856
0.127855
0.127854
0.127853
0.127851
0.12785
0.127849
0.127848
0.127847
0.127845
0.127844
0.127843
0.127842
0.127841
0.127839
0.127838
0.127837
0.127836
0.127835
0.127833
0.127832
0.127831
0.12783
0.127829
0.127827
0.127826
0.127825
0.127824
0.127823
0.127821
0.12782
0.127819
0.127818
0.127817
0.127815
0.127814
0.127813
0.127812
0.127811
0.127809
0.127808
0.127807
0.127806
0.127805
0.127803
0.127802
0.127801
0.1278
0.127799
0.127797
0.127796
0.127795
0.127794
0.127793
0.127792
0.12779
0.127789
0.127788
0.127787
0.127786
0.127784
0.127783
0.127782
0.127781
0.12778
0.127778
0.127777
0.127776
0.127775
0.127774
0.127773
0.127771
0.12777
0.127769
0.127768
0.127767
0.127765
0.127764
0.127763
0.127762
0.127761
0.127759
0.127758
0.127757
0.127756
0.127755
0.127754
0.127752
0.127751
0.12775
0.127749
0.127748
0.127746
0.127745
0.127744
0.127743
0.127742
0.127741
0.127739
0.127738
0.127737
0.127736
0.127735
0.127734
0.127732
0.127731
0.12773
0.127729
0.127728
0.127726
0.127725
0.127724
0.127723
0.127722
0.127721
0.127719
0.127718
0.127717
0.127716
0.127715
0.127714
0.127712
0.127711
0.12771
0.127709
0.127708
0.127707
0.127705
0.127704
0.127703
0.127702
0.127701
0.1277
0.127698
0.127697
0.127696
0.127695
0.127694
0.127693
0.127691
0.12769
0.127689
0.127688
0.127687
0.127686
0.127684
0.127683
0.127682
0.127681
0.12768
0.127679
0.127677
0.127676
0.127675
0.127674
0.127673
0.127672
0.12767
0.127669
0.127668
0.127667
0.127666
0.127665
0.127664
0.127662
0.127661
0.12766
0.127659
0.127658
0.127657
0.127655
0.127654
0.127653
0.127652
0.127651
0.12765
0.127648
0.127647
0.127646
0.127645
0.127644
0.127643
0.127642
0.12764
0.127639
0.127638
0.127637
0.127636
0.127635
0.127634
0.127632
0.127631
0.12763
0.127629
0.127628
0.127627
0.127625
0.127624
0.127623
0.127622
0.127621
0.12762
0.127619
0.127617
0.127616
0.127615
0.127614
0.127613
0.127612
0.127611
0.127609
0.127608
0.127607
0.127606
0.127605
0.127604
0.127603
0.127601
0.1276
0.127599
0.127598
0.127597
0.127596
0.127595
0.127593
0.127592
0.127591
0.12759
0.127589
0.127588
0.127587
0.127585
0.127584
0.127583
0.127582
0.127581
0.12758
0.127579
0.127577
0.127576
0.127575
0.127574
0.127573
0.127572
0.127571
0.12757
0.127568
0.127567
0.127566
0.127565
0.127564
0.127563
0.127562
0.12756
0.127559
0.127558
0.127557
0.127556
0.127555
0.127554
0.127553
0.127551
0.12755
0.127549
0.127548
0.127547
0.127546
0.127545
0.127544
0.127542
0.127541
0.12754
0.127539
0.127538
0.127537
0.127536
0.127535
0.127533
0.127532
0.127531
0.12753
0.127529
0.127528
0.127527
0.127526
0.127524
0.127523
0.127522
0.127521
0.12752
0.127519
0.127518
0.127517
0.127515
0.127514
0.127513
0.127512
0.127511
0.12751
0.127509
0.127508
0.127506
0.127505
0.127504
0.127503
0.127502
0.127501
0.1275
0.127499
0.127498
0.127496
0.127495
0.127494
0.127493
0.127492
0.127491
0.12749
0.127489
0.127487
0.127486
0.127485
0.127484
0.127483
0.127482
0.127481
0.12748
0.127479
0.127477
0.127476
0.127475
0.127474
0.127473
0.127472
0.127471
0.12747
0.127469
0.127468
0.127466
0.127465
0.127464
0.127463
0.127462
0.127461
0.12746
0.127459
0.127458
0.127456
0.127455
0.127454
0.127453
0.127452
0.127451
0.12745
0.127449
0.127448
0.127446
0.127445
0.127444
0.127443
0.127442
0.127441
0.12744
0.127439
0.127438
0.127437
0.127435
0.127434
0.127433
0.127432
0.127431
0.12743
0.127429
0.127428
0.127427
0.127426
0.127424
0.127423
0.127422
0.127421
0.12742
0.127419
0.127418
0.127417
0.127416
0.127415
0.127414
0.127412
0.127411
0.12741
0.127409
0.127408
0.127407
0.127406
0.127405
0.127404
0.127403
0.127402
0.1274
0.127399
0.127398
0.127397
0.127396
0.127395
0.127394
0.127393
0.127392
0.127391
0.12739
0.127388
0.127387
0.127386
0.127385
0.127384
0.127383
0.127382
0.127381
0.12738
0.127379
0.127378
0.127376
0.127375
0.127374
0.127373
0.127372
0.127371
0.12737
0.127369
0.127368
0.127367
0.127366
0.127365
0.127363
0.127362
0.127361
0.12736
0.127359
0.127358
0.127357
0.127356
0.127355
0.127354
0.127353
0.127352
0.127351
0.127349
0.127348
0.127347
0.127346
0.127345
0.127344
0.127343
0.127342
0.127341
0.12734
0.127339
0.127338
0.127337
0.127335
0.127334
0.127333
0.127332
0.127331
0.12733
0.127329
0.127328
0.127327
0.127326
0.127325
0.127324
0.127323
0.127321
0.12732
0.127319
0.127318
0.127317
0.127316
0.127315
0.127314
0.127313
0.127312
0.127311
0.12731
0.127309
0.127308
0.127307
0.127305
0.127304
0.127303
0.127302
0.127301
0.1273
0.127299
0.127298
0.127297
0.127296
0.127295
0.127294
0.127293
0.127292
0.127291
0.127289
0.127288
0.127287
0.127286
0.127285
0.127284
0.127283
0.127282
0.127281
0.12728
0.127279
0.127278
0.127277
0.127276
0.127275
0.127274
0.127272
0.127271
0.12727
0.127269
0.127268
0.127267
0.127266
0.127265
0.127264
0.127263
0.127262
0.127261
0.12726
0.127259
0.127258
0.127257
0.127256
0.127255
0.127253
0.127252
0.127251
0.12725
0.127249
0.127248
0.127247
0.127246
0.127245
0.127244
0.127243
0.127242
0.127241
0.12724
0.127239
0.127238
0.127237
0.127236
0.127235
0.127233
0.127232
0.127231
0.12723
0.127229
0.127228
0.127227
0.127226
0.127225
0.127224
0.127223
0.127222
0.127221
0.12722
0.127219
0.127218
0.127217
0.127216
0.127215
0.127214
0.127213
0.127212
0.12721
0.127209
0.127208
0.127207
0.127206
0.127205
0.127204
0.127203
0.127202
0.127201
0.1272
0.127199
0.127198
0.127197
0.127196
0.127195
0.127194
0.127193
0.127192
0.127191
0.12719
0.127189
0.127188
0.127187
0.127186
0.127184
0.127183
0.127182
0.127181
0.12718
0.127179
0.127178
0.127177
0.127176
0.127175
0.127174
0.127173
0.127172
0.127171
0.12717
0.127169
0.127168
0.127167
0.127166
0.127165
0.127164
0.127163
0.127162
0.127161
0.12716
0.127159
0.127158
0.127157
0.127156
0.127155
0.127153
0.127152
0.127151
0.12715
0.127149
0.127148
0.127147
0.127146
0.127145
0.127144
0.127143
0.127142
0.127141
0.12714
0.127139
0.127138
0.127137
0.127136
0.127135
0.127134
0.127133
0.127132
0.127131
0.12713
0.127129
0.127128
0.127127
0.127126
0.127125
0.127124
0.127123
0.127122
0.127121
0.12712
0.127119
0.127118
0.127117
0.127116
0.127115
0.127114
0.127113
0.127112
0.12711
0.127109
0.127108
0.127107
0.127106
0.127105
0.127104
0.127103
0.127102
0.127101
0.1271
0.127099
0.127098
0.127097
0.127096
0.127095
0.127094
0.127093
0.127092
0.127091
0.12709
0.127089
0.127088
0.127087
0.127086
0.127085
0.127084
0.127083
0.127082
0.127081
0.12708
0.127079
0.127078
0.127077
0.127076
0.127075
0.127074
0.127073
0.127072
0.127071
0.12707
0.127069
0.127068
0.127067
0.127066
0.127065
0.127064
0.127063
0.127062
0.127061
0.12706
0.127059
0.127058
0.127057
0.127056
0.127055
0.127054
0.127053
0.127052
0.127051
0.12705
0.127049
0.127048
0.127047
0.127046
0.127045
0.127044
0.127043
0.127042
0.127041
0.12704
0.127039
0.127038
0.127037
0.127036
0.127035
0.127034
0.127033
0.127032
0.127031
0.12703
0.127029
0.127028
0.127027
0.127026
0.127025
0.127024
0.127023
0.127022
0.127021
0.12702
0.127019
0.127018
0.127017
0.127016
0.127015
0.127014
0.127013
0.127012
0.127011
0.12701
0.127009
0.127008
0.127007
0.127006
0.127005
0.127004
0.127003
0.127002
0.127001
0.127
0.126999
0.126998
0.126997
0.126996
0.126995
0.126994
0.126993
0.126992
0.126991
0.12699
0.126989
0.126988
0.126987
0.126986
0.126985
0.126984
0.126983
0.126982
0.126981
0.12698
0.126979
0.126978
0.126977
0.126976
0.126975
0.126974
0.126973
0.126972
0.126971
0.12697
0.126969
0.126968
0.126967
0.126966
0.126965
0.126964
0.126963
0.126963
0.126962
0.126961
0.12696
0.126959
0.126958
0.126957
0.126956
0.126955
0.126954
0.126953
0.126952
0.126951
0.12695
0.126949
0.126948
0.126947
0.126946
0.126945
0.126944
0.126943
0.126942
0.126941
0.12694
0.126939
0.126938
0.126937
0.126936
0.126935
0.126934
0.126933
0.126932
0.126931
0.12693
0.126929
0.126928
0.126927
0.126926
0.126925
0.126924
0.126923
0.126922
0.126921
0.126921
0.12692
0.126919
0.126918
0.126917
0.126916
