0.5
0.495025
0.490099
0.485223
0.480395
0.475615
0.470882
0.466197
0.461558
0.456966
0.452419
0.447917
0.44346
0.439048
0.434679
0.430354
0.426072
0.421832
0.417635
0.41348
0.409365
0.405292
0.401259
0.397267
0.393314
0.3894
0.385526
0.38169
0.377892
0.374132
0.370409
0.366723
0.363075
0.359462
0.355885
0.352344
0.348838
0.345367
0.341931
0.338528
0.33516
0.331825
0.328523
0.325255
0.322018
0.318814
0.315642
0.312501
0.309392
0.306313
0.303265
0.300248
0.29726
0.294302
0.291374
0.288475
0.285605
0.282763
0.279949
0.277164
0.274406
0.271675
0.268972
0.266296
0.263646
0.261023
0.258426
0.255854
0.253309
0.250788
0.248293
0.245822
0.243376
0.240955
0.238557
0.236184
0.233834
0.231507
0.229204
0.226923
0.224665
0.22243
0.220217
0.218026
0.215857
0.213709
0.211583
0.209478
0.207394
0.20533
0.203288
0.201265
0.199263
0.197281
0.195318
0.193375
0.191452
0.189548
0.187662
0.185796
0.183948
0.182119
0.180308
0.178516
0.176741
0.174984
0.173245
0.171523
0.169818
0.168131
0.166461
0.164807
0.163171
0.161551
0.159947
0.15836
0.156789
0.155234
0.153695
0.152172
0.150664
0.149172
0.147696
0.146234
0.144789
0.143358
0.141942
0.140541
0.139156
0.137785
0.136428
0.135087
0.13376
0.132447
0.131149
0.129865
0.128596
0.127341
0.1261
0.124874
0.123662
0.122464
0.12128
0.12011
0.118954
0.117813
0.116685
0.115572
0.114473
0.113388
0.112317
0.11126
0.110218
0.10919
0.108176
0.107176
0.106191
0.10522
0.104263
0.103321
0.102393
0.10148
0.100582
0.0996977
0.0988284
0.0979738
0.0971339
0.0963088
0.0954985
0.094703
0.0939224
0.0931566
0.0924057
0.0916698
0.0909487
0.0902425
0.0895511
0.0888747
0.088213
0.0875662
0.0869341
0.0863167
0.0857139
0.0851257
0.0845519
0.0839926
0.0834475
0.0829165
0.0823997
0.0818967
0.0814074
0.0809318
0.0804697
0.0800208
0.079585
0.0791621
0.0787519
0.0783542
0.0779689
0.0775956
0.0772342
0.0768845
0.0765461
0.0762189
0.0759027
0.0755971
0.075302
0.0750171
0.0747421
0.0744768
0.074221
0.0739744
0.0737367
0.0735077
0.0732872
0.0730749
0.0728706
0.072674
0.0724849
0.0723031
0.0721282
0.0719602
0.0717988
0.0716437
0.0714948
0.0713518
0.0712145
0.0710828
0.0709564
0.0708351
0.0707188
0.0706073
0.0705004
0.0703979
0.0702996
0.0702055
0.0701153
0.0700289
0.0699461
0.0698668
0.0697909
0.0697183
0.0696487
0.0695821
0.0695184
0.0694574
0.0693991
0.0693432
0.0692898
0.0692387
0.0691899
0.0691432
0.0690985
0.0690557
0.0690149
0.0689759
0.0689385
0.0689028
0.0688687
0.0688362
0.068805
0.0687753
0.0687468
0.0687197
0.0686937
0.0686689
0.0686453
0.0686227
0.0686011
0.0685805
0.0685608
0.068542
0.0685241
0.068507
0.0684906
0.068475
0.0684602
0.068446
0.0684324
0.0684195
0.0684072
0.0683955
0.0683843
0.0683736
0.0683634
0.0683537
0.0683445
0.0683357
0.0683273
0.0683193
0.0683117
0.0683045
0.0682976
0.0682911
0.0682849
0.0682789
0.0682733
0.068268
0.0682629
0.0682581
0.0682535
0.0682492
0.0682451
0.0682412
0.0682375
0.0682341
0.0682308
0.0682277
0.0682247
0.068222
0.0682194
0.0682169
0.0682146
0.0682125
0.0682104
0.0682085
0.0682068
0.0682051
0.0682036
0.0682021
0.0682008
0.0681996
0.0681985
0.0681974
0.0681965
0.0681956
0.0681949
0.0681942
0.0681935
0.068193
0.0681925
0.0681921
0.0681918
0.0681915
0.0681913
0.0681912
0.0681911
0.068191
0.068191
0.0681911
0.0681912
0.0681914
0.0681916
0.0681918
0.0681921
0.0681924
0.0681928
0.0681932
0.0681937
0.0681942
0.0681947
0.0681952
0.0681958
0.0681964
0.0681971
0.0681978
0.0681985
0.0681992
0.0682
0.0682008
0.0682016
0.0682025
0.0682033
0.0682042
0.0682052
0.0682061
0.0682071
0.0682081
0.0682091
0.0682101
0.0682111
0.0682122
0.0682133
0.0682144
0.0682156
0.0682167
0.0682179
0.0682191
0.0682203
0.0682215
0.0682227
0.068224
0.0682253
0.0682265
0.0682278
0.0682292
0.0682305
0.0682318
0.0682332
0.0682346
0.068236
0.0682374
0.0682388
0.0682402
0.0682417
0.0682431
0.0682446
0.0682461
0.0682476
0.0682491
0.0682506
0.0682522
0.0682537
0.0682553
0.0682569
0.0682584
0.06826
0.0682616
0.0682633
0.0682649
0.0682665
0.0682682
0.0682699
0.0682715
0.0682732
0.0682749
0.0682766
0.0682783
0.0682801
0.0682818
0.0682836
0.0682853
0.0682871
0.0682889
0.0682906
0.0682924
0.0682942
0.0682961
0.0682979
0.0682997
0.0683016
0.0683034
0.0683053
0.0683072
0.068309
0.0683109
0.0683128
0.0683147
0.0683167
0.0683186
0.0683205
0.0683224
0.0683244
0.0683264
0.0683283
0.0683303
0.0683323
0.0683343
0.0683363
0.0683383
0.0683403
0.0683423
0.0683443
0.0683464
0.0683484
0.0683505
0.0683525
0.0683546
0.0683567
0.0683588
0.0683609
0.068363
0.0683651
0.0683672
0.0683693
0.0683714
0.0683736
0.0683757
0.0683778
0.06838
0.0683822
0.0683843
0.0683865
0.0683887
0.0683909
0.0683931
0.0683953
0.0683975
0.0683997
0.0684019
0.0684041
0.0684064
0.0684086
0.0684108
0.0684131
0.0684153
0.0684176
0.0684199
0.0684221
0.0684244
0.0684267
0.068429
0.0684313
0.0684336
0.0684359
0.0684382
0.0684405
0.0684428
0.0684452
0.0684475
0.0684498
0.0684522
0.0684545
0.0684569
0.0684592
0.0684616
0.068464
0.0684664
0.0684687
0.0684711
0.0684735
0.0684759
0.0684783
0.0684807
0.0684831
0.0684855
0.0684879
0.0684903
0.0684928
0.0684952
0.0684976
0.0685001
0.0685025
0.0685049
0.0685074
0.0685098
0.0685123
0.0685148
0.0685172
0.0685197
0.0685222
0.0685246
0.0685271
0.0685296
0.0685321
0.0685346
0.0685371
0.0685396
0.0685421
0.0685446
0.0685471
0.0685496
0.0685521
0.0685546
0.0685571
0.0685597
0.0685622
0.0685647
0.0685672
0.0685698
0.0685723
0.0685749
0.0685774
0.0685799
0.0685825
0.0685851
0.0685876
0.0685902
0.0685927
0.0685953
0.0685979
0.0686004
0.068603
0.0686056
0.0686081
0.0686107
0.0686133
0.0686159
0.0686185
0.068621
0.0686236
0.0686262
0.0686288
0.0686314
0.068634
0.0686366
0.0686392
0.0686418
0.0686444
0.068647
0.0686496
0.0686522
0.0686548
0.0686575
0.0686601
0.0686627
0.0686653
0.0686679
0.0686705
0.0686732
0.0686758
0.0686784
0.068681
0.0686837
0.0686863
0.0686889
0.0686915
0.0686942
0.0686968
0.0686994
0.0687021
0.0687047
0.0687074
0.06871
0.0687126
0.0687153
0.0687179
0.0687205
0.0687232
0.0687258
0.0687285
0.0687311
0.0687338
0.0687364
0.068739
0.0687417
0.0687443
0.068747
0.0687496
0.0687523
0.0687549
0.0687576
0.0687602
0.0687629
0.0687655
0.0687682
0.0687708
0.0687735
0.0687761
0.0687788
0.0687814
0.068784
0.0687867
0.0687893
0.068792
0.0687946
0.0687973
0.0687999
0.0688026
0.0688052
0.0688079
0.0688105
0.0688132
0.0688158
0.0688185
0.0688211
0.0688237
0.0688264
0.068829
0.0688317
0.0688343
0.068837
0.0688396
0.0688422
0.0688449
0.0688475
0.0688501
0.0688528
0.0688554
0.068858
0.0688607
0.0688633
0.0688659
0.0688686
0.0688712
0.0688738
0.0688765
0.0688791
0.0688817
0.0688843
0.068887
0.0688896
0.0688922
0.0688948
0.0688974
0.0689
0.0689027
0.0689053
0.0689079
0.0689105
0.0689131
0.0689157
0.0689183
0.0689209
0.0689235
0.0689261
0.0689287
0.0689313
0.0689339
0.0689365
0.0689391
0.0689417
0.0689443
0.0689468
0.0689494
0.068952
0.0689546
0.0689572
0.0689597
0.0689623
0.0689649
0.0689675
0.06897
0.0689726
0.0689752
0.0689777
0.0689803
0.0689828
0.0689854
0.0689879
0.0689905
0.068993
0.0689956
0.0689981
0.0690007
0.0690032
0.0690057
0.0690083
0.0690108
0.0690133
0.0690159
0.0690184
0.0690209
0.0690234
0.0690259
0.0690284
0.069031
0.0690335
0.069036
0.0690385
0.069041
0.0690435
0.069046
0.0690484
0.0690509
0.0690534
0.0690559
0.0690584
0.0690609
0.0690633
0.0690658
0.0690683
0.0690707
0.0690732
0.0690756
0.0690781
0.0690805
0.069083
0.0690854
0.0690879
0.0690903
0.0690928
0.0690952
0.0690976
0.0691
0.0691025
0.0691049
0.0691073
0.0691097
0.0691121
0.0691145
0.0691169
0.0691193
0.0691217
0.0691241
0.0691265
0.0691289
0.0691312
0.0691336
0.069136
0.0691384
0.0691407
0.0691431
0.0691454
0.0691478
0.0691501
0.0691525
0.0691548
0.0691572
0.0691595
0.0691618
0.0691642
0.0691665
0.0691688
0.0691711
0.0691734
0.0691757
0.069178
0.0691803
0.0691826
0.0691849
0.0691872
0.0691895
0.0691918
0.069194
0.0691963
0.0691986
0.0692008
0.0692031
0.0692054
0.0692076
0.0692099
0.0692121
0.0692143
0.0692166
0.0692188
0.069221
0.0692232
0.0692254
0.0692277
0.0692299
0.0692321
0.0692343
0.0692365
0.0692386
0.0692408
0.069243
0.0692452
0.0692473
0.0692495
0.0692517
0.0692538
0.069256
0.0692581
0.0692603
0.0692624
0.0692645
0.0692667
0.0692688
0.0692709
0.069273
0.0692751
0.0692772
0.0692793
0.0692814
0.0692835
0.0692856
0.0692877
0.0692897
0.0692918
0.0692939
0.0692959
0.069298
0.0693
0.0693021
0.0693041
0.0693062
0.0693082
0.0693102
0.0693122
0.0693142
0.0693163
0.0693183
0.0693203
0.0693223
0.0693242
0.0693262
0.0693282
0.0693302
0.0693321
0.0693341
0.0693361
0.069338
0.06934
0.0693419
0.0693438
0.0693458
0.0693477
0.0693496
0.0693515
0.0693534
0.0693553
0.0693572
0.0693591
0.069361
0.0693629
0.0693648
0.0693666
0.0693685
0.0693704
0.0693722
0.0693741
0.0693759
0.0693777
0.0693796
0.0693814
0.0693832
0.069385
0.0693868
0.0693887
0.0693905
0.0693922
0.069394
0.0693958
0.0693976
0.0693994
0.0694011
0.0694029
0.0694046
0.0694064
0.0694081
0.0694098
0.0694116
0.0694133
0.069415
0.0694167
0.0694184
0.0694201
0.0694218
0.0694235
0.0694252
0.0694269
0.0694285
0.0694302
0.0694319
0.0694335
0.0694352
0.0694368
0.0694384
0.0694401
0.0694417
0.0694433
0.0694449
0.0694465
0.0694481
0.0694497
0.0694513
0.0694529
0.0694544
0.069456
0.0694576
0.0694591
0.0694607
0.0694622
0.0694637
0.0694653
0.0694668
0.0694683
0.0694698
0.0694713
0.0694728
0.0694743
0.0694758
0.0694773
0.0694788
0.0694802
0.0694817
0.0694831
0.0694846
0.069486
0.0694875
0.0694889
0.0694903
0.0694917
0.0694931
0.0694945
0.0694959
0.0694973
0.0694987
0.0695001
0.0695014
0.0695028
0.0695042
0.0695055
0.0695069
0.0695082
0.0695095
0.0695109
0.0695122
0.0695135
0.0695148
0.0695161
0.0695174
0.0695187
0.0695199
0.0695212
0.0695225
0.0695237
0.069525
0.0695262
0.0695275
0.0695287
0.0695299
0.0695312
0.0695324
0.0695336
0.0695348
0.069536
0.0695371
0.0695383
0.0695395
0.0695407
0.0695418
0.069543
0.0695441
0.0695452
0.0695464
0.0695475
0.0695486
0.0695497
0.0695508
0.0695519
0.069553
0.0695541
0.0695552
0.0695562
0.0695573
0.0695584
0.0695594
0.0695604
0.0695615
0.0695625
0.0695635
0.0695645
0.0695655
0.0695665
0.0695675
0.0695685
0.0695695
0.0695705
0.0695714
0.0695724
0.0695733
0.0695743
0.0695752
0.0695762
0.0695771
0.069578
0.0695789
0.0695798
0.0695807
0.0695816
0.0695825
0.0695833
0.0695842
0.0695851
0.0695859
0.0695867
0.0695876
0.0695884
0.0695892
0.06959
0.0695909
0.0695917
0.0695925
0.0695932
0.069594
0.0695948
0.0695956
0.0695963
0.0695971
0.0695978
0.0695985
0.0695993
0.0696
0.0696007
0.0696014
0.0696021
0.0696028
0.0696035
0.0696042
0.0696048
0.0696055
0.0696062
0.0696068
0.0696074
0.0696081
0.0696087
0.0696093
0.0696099
0.0696105
0.0696111
0.0696117
0.0696123
0.0696129
0.0696134
0.069614
0.0696146
0.0696151
0.0696156
0.0696162
0.0696167
0.0696172
0.0696177
0.0696182
0.0696187
0.0696192
0.0696197
0.0696202
0.0696206
0.0696211
0.0696215
0.069622
0.0696224
0.0696228
0.0696232
0.0696236
0.0696241
0.0696244
0.0696248
0.0696252
0.0696256
0.069626
0.0696263
0.0696267
0.069627
0.0696273
0.0696277
0.069628
0.0696283
0.0696286
0.0696289
0.0696292
0.0696295
0.0696298
0.06963
0.0696303
0.0696305
0.0696308
0.069631
0.0696312
0.0696315
0.0696317
0.0696319
0.0696321
0.0696323
0.0696325
0.0696326
0.0696328
0.069633
0.0696331
0.0696333
0.0696334
0.0696335
0.0696336
0.0696338
0.0696339
0.069634
0.0696341
0.0696341
0.0696342
0.0696343
0.0696343
0.0696344
0.0696344
0.0696345
0.0696345
0.0696345
0.0696345
0.0696345
0.0696345
0.0696345
0.0696345
0.0696345
0.0696345
0.0696344
0.0696344
0.0696343
0.0696342
0.0696342
0.0696341
0.069634
0.0696339
0.0696338
0.0696337
0.0696336
0.0696334
0.0696333
0.0696332
0.069633
0.0696329
0.0696327
0.0696325
0.0696323
0.0696321
0.0696319
0.0696317
0.0696315
0.0696313
0.0696311
0.0696308
0.0696306
0.0696303
0.0696301
0.0696298
0.0696295
0.0696292
0.0696289
0.0696286
0.0696283
0.069628
0.0696277
0.0696274
0.069627
0.0696267
0.0696263
0.0696259
0.0696256
0.0696252
0.0696248
0.0696244
0.069624
0.0696236
0.0696232
0.0696227
0.0696223
0.0696219
0.0696214
0.0696209
0.0696205
0.06962
0.0696195
0.069619
0.0696185
0.069618
0.0696175
0.069617
0.0696164
0.0696159
0.0696153
0.0696148
0.0696142
0.0696136
0.0696131
0.0696125
0.0696119
0.0696113
0.0696107
0.06961
0.0696094
0.0696088
0.0696081
0.0696075
0.0696068
0.0696061
0.0696055
0.0696048
0.0696041
0.0696034
0.0696027
0.0696019
0.0696012
0.0696005
0.0695997
0.069599
0.0695982
0.0695974
0.0695967
0.0695959
0.0695951
0.0695943
0.0695935
0.0695927
0.0695918
0.069591
0.0695902
0.0695893
0.0695884
0.0695876
0.0695867
0.0695858
0.0695849
0.069584
0.0695831
0.0695822
0.0695813
0.0695803
0.0695794
0.0695784
0.0695775
0.0695765
0.0695756
0.0695746
0.0695736
0.0695726
0.0695716
0.0695706
0.0695695
0.0695685
0.0695675
0.0695664
0.0695653
0.0695643
0.0695632
0.0695621
0.069561
0.0695599
0.0695588
0.0695577
0.0695566
0.0695555
0.0695543
0.0695532
0.069552
0.0695508
0.0695497
0.0695485
0.0695473
0.0695461
0.0695449
0.0695437
0.0695424
0.0695412
0.06954
0.0695387
0.0695375
0.0695362
0.0695349
0.0695336
0.0695323
0.069531
0.0695297
0.0695284
0.0695271
0.0695257
0.0695244
0.069523
0.0695217
0.0695203
0.0695189
0.0695176
0.0695162
0.0695148
0.0695133
0.0695119
0.0695105
0.0695091
0.0695076
0.0695062
0.0695047
0.0695032
0.0695017
0.0695003
0.0694988
0.0694973
0.0694957
0.0694942
0.0694927
0.0694912
0.0694896
0.069488
0.0694865
0.0694849
0.0694833
0.0694817
0.0694801
0.0694785
0.0694769
0.0694753
0.0694737
0.069472
0.0694704
0.0694687
0.069467
0.0694654
0.0694637
0.069462
0.0694603
0.0694586
0.0694568
0.0694551
0.0694534
0.0694516
0.0694499
0.0694481
0.0694463
0.0694445
0.0694428
0.069441
0.0694392
0.0694373
0.0694355
0.0694337
0.0694318
0.06943
0.0694281
0.0694263
0.0694244
0.0694225
0.0694206
0.0694187
0.0694168
0.0694149
0.0694129
0.069411
0.069409
0.0694071
0.0694051
0.0694031
0.0694012
0.0693992
0.0693972
0.0693952
0.0693931
0.0693911
0.0693891
0.069387
0.069385
0.0693829
0.0693808
0.0693788
0.0693767
0.0693746
0.0693725
0.0693703
0.0693682
0.0693661
0.0693639
0.0693618
0.0693596
0.0693575
0.0693553
0.0693531
0.0693509
0.0693487
0.0693465
0.0693442
0.069342
0.0693398
0.0693375
0.0693353
0.069333
0.0693307
0.0693284
0.0693261
0.0693238
0.0693215
0.0693192
0.0693168
0.0693145
0.0693122
0.0693098
0.0693074
0.069305
0.0693027
0.0693003
0.0692979
0.0692954
0.069293
0.0692906
0.0692881
0.0692857
0.0692832
0.0692808
0.0692783
0.0692758
0.0692733
0.0692708
0.0692683
0.0692658
0.0692632
0.0692607
0.0692581
0.0692556
0.069253
0.0692504
0.0692478
0.0692452
0.0692426
0.06924
0.0692374
0.0692347
0.0692321
0.0692294
0.0692268
0.0692241
0.0692214
0.0692187
0.069216
0.0692133
0.0692106
0.0692079
0.0692051
0.0692024
0.0691996
0.0691969
0.0691941
0.0691913
0.0691885
0.0691857
0.0691829
0.0691801
0.0691772
0.0691744
0.0691716
0.0691687
0.0691658
0.0691629
0.0691601
0.0691572
0.0691542
0.0691513
0.0691484
0.0691455
0.0691425
0.0691396
0.0691366
0.0691336
0.0691306
0.0691276
0.0691246
0.0691216
0.0691186
0.0691156
0.0691125
0.0691095
0.0691064
0.0691034
0.0691003
0.0690972
0.0690941
0.069091
0.0690879
0.0690847
0.0690816
0.0690784
0.0690753
0.0690721
0.0690689
0.0690658
0.0690626
0.0690594
0.0690561
0.0690529
0.0690497
0.0690464
0.0690432
0.0690399
0.0690366
0.0690334
0.0690301
0.0690268
0.0690235
0.0690201
0.0690168
0.0690135
0.0690101
0.0690067
0.0690034
0.069
0.0689966
0.0689932
0.0689898
0.0689864
0.0689829
0.0689795
0.068976
0.0689726
0.0689691
0.0689656
0.0689621
0.0689586
0.0689551
0.0689516
0.0689481
0.0689445
0.068941
0.0689374
0.0689338
0.0689303
0.0689267
0.0689231
0.0689194
0.0689158
0.0689122
0.0689086
0.0689049
0.0689012
0.0688976
0.0688939
0.0688902
0.0688865
0.0688828
0.068879
0.0688753
0.0688716
0.0688678
0.0688641
0.0688603
0.0688565
0.0688527
0.0688489
0.0688451
0.0688413
0.0688374
0.0688336
0.0688297
0.0688258
0.068822
0.0688181
0.0688142
0.0688103
0.0688064
0.0688024
0.0687985
0.0687945
0.0687906
0.0687866
0.0687826
0.0687786
0.0687746
0.0687706
0.0687666
0.0687626
0.0687585
0.0687545
0.0687504
0.0687463
0.0687422
0.0687381
0.068734
0.0687299
0.0687258
0.0687217
0.0687175
0.0687134
0.0687092
0.068705
0.0687008
0.0686966
0.0686924
0.0686882
0.0686839
0.0686797
0.0686754
0.0686712
0.0686669
0.0686626
0.0686583
0.068654
0.0686497
0.0686454
0.068641
0.0686367
0.0686323
0.0686279
0.0686235
0.0686191
0.0686147
0.0686103
0.0686059
0.0686015
0.068597
0.0685925
0.0685881
0.0685836
0.0685791
0.0685746
0.0685701
0.0685656
0.068561
0.0685565
0.0685519
0.0685474
0.0685428
0.0685382
0.0685336
0.068529
0.0685243
0.0685197
0.0685151
0.0685104
0.0685057
0.0685011
0.0684964
0.0684917
0.0684869
0.0684822
0.0684775
0.0684727
0.068468
0.0684632
0.0684584
0.0684536
0.0684488
0.068444
0.0684392
0.0684344
0.0684295
0.0684247
0.0684198
0.0684149
0.06841
0.0684051
0.0684002
0.0683953
0.0683903
0.0683854
0.0683804
0.0683755
0.0683705
0.0683655
0.0683605
0.0683555
0.0683504
0.0683454
0.0683403
0.0683353
0.0683302
0.0683251
0.06832
0.0683149
0.0683098
0.0683047
0.0682995
0.0682944
0.0682892
0.068284
0.0682788
0.0682736
0.0682684
0.0682632
0.068258
0.0682527
0.0682475
0.0682422
0.0682369
0.0682316
0.0682263
0.068221
0.0682157
0.0682103
0.068205
0.0681996
0.0681942
0.0681889
0.0681835
0.068178
0.0681726
0.0681672
0.0681617
0.0681563
0.0681508
0.0681453
0.0681398
0.0681343
0.0681288
0.0681233
0.0681177
0.0681122
0.0681066
0.0681011
0.0680955
0.0680899
0.0680842
0.0680786
0.068073
0.0680673
0.0680617
0.068056
0.0680503
0.0680446
0.0680389
0.0680332
0.0680275
0.0680217
0.068016
0.0680102
0.0680044
0.0679986
0.0679928
0.067987
0.0679812
0.0679753
0.0679695
0.0679636
0.0679577
0.0679518
0.0679459
0.06794
0.0679341
0.0679282
0.0679222
0.0679162
0.0679103
0.0679043
0.0678983
0.0678923
0.0678862
0.0678802
0.0678741
0.0678681
0.067862
0.0678559
0.0678498
0.0678437
0.0678376
0.0678315
0.0678253
0.0678191
0.067813
0.0678068
0.0678006
0.0677944
0.0677881
0.0677819
0.0677757
0.0677694
0.0677631
0.0677568
0.0677505
0.0677442
0.0677379
0.0677316
0.0677252
0.0677189
0.0677125
0.0677061
0.0676997
0.0676933
0.0676869
0.0676804
0.067674
0.0676675
0.067661
0.0676545
0.067648
0.0676415
0.067635
0.0676285
0.0676219
0.0676154
0.0676088
0.0676022
0.0675956
0.067589
0.0675823
0.0675757
0.067569
0.0675624
0.0675557
0.067549
0.0675423
0.0675356
0.0675288
0.0675221
0.0675153
0.0675086
0.0675018
0.067495
0.0674882
0.0674814
0.0674745
0.0674677
0.0674608
0.0674539
0.0674471
0.0674402
0.0674333
0.0674263
0.0674194
0.0674124
0.0674055
0.0673985
0.0673915
0.0673845
0.0673775
0.0673705
0.0673634
0.0673564
0.0673493
0.0673422
0.0673351
0.067328
0.0673209
0.0673137
0.0673066
0.0672994
0.0672923
0.0672851
0.0672779
0.0672707
0.0672634
0.0672562
0.0672489
0.0672417
0.0672344
0.0672271
0.0672198
0.0672125
0.0672051
0.0671978
0.0671904
0.0671831
0.0671757
0.0671683
0.0671609
0.0671534
0.067146
0.0671386
0.0671311
0.0671236
0.0671161
0.0671086
0.0671011
0.0670936
0.067086
0.0670785
0.0670709
0.0670633
0.0670557
0.0670481
0.0670405
0.0670328
0.0670252
0.0670175
0.0670098
0.0670021
0.0669944
0.0669867
0.066979
0.0669712
0.0669635
0.0669557
0.0669479
0.0669401
0.0669323
0.0669245
0.0669166
0.0669088
0.0669009
0.066893
0.0668851
0.0668772
0.0668693
0.0668614
0.0668534
0.0668454
0.0668375
0.0668295
0.0668215
0.0668135
0.0668054
0.0667974
0.0667893
0.0667813
0.0667732
0.0667651
0.066757
0.0667488
0.0667407
0.0667325
0.0667244
0.0667162
0.066708
0.0666998
0.0666916
0.0666833
0.0666751
0.0666668
0.0666586
0.0666503
0.066642
0.0666336
0.0666253
0.066617
0.0666086
0.0666002
0.0665919
0.0665835
0.066575
0.0665666
0.0665582
0.0665497
0.0665413
0.0665328
0.0665243
0.0665158
0.0665073
0.0664987
0.0664902
0.0664816
0.066473
0.0664645
0.0664558
0.0664472
0.0664386
0.06643
0.0664213
0.0664126
0.0664039
0.0663952
0.0663865
0.0663778
0.0663691
0.0663603
0.0663515
0.0663428
0.066334
0.0663252
0.0663163
0.0663075
0.0662986
0.0662898
0.0662809
0.066272
0.0662631
0.0662542
0.0662453
0.0662363
0.0662273
0.0662184
0.0662094
0.0662004
0.0661914
0.0661823
0.0661733
0.0661642
0.0661552
0.0661461
0.066137
0.0661279
0.0661188
0.0661096
0.0661005
0.0660913
0.0660821
0.0660729
0.0660637
0.0660545
0.0660453
0.066036
0.0660267
0.0660175
0.0660082
0.0659989
0.0659896
0.0659802
0.0659709
0.0659615
0.0659522
0.0659428
0.0659334
0.065924
0.0659145
0.0659051
0.0658956
0.0658862
0.0658767
0.0658672
0.0658577
0.0658482
0.0658386
0.0658291
0.0658195
0.0658099
0.0658003
0.0657907
0.0657811
0.0657715
0.0657618
0.0657522
0.0657425
0.0657328
0.0657231
0.0657134
0.0657037
0.065694
0.0656842
0.0656744
0.0656646
0.0656549
0.065645
0.0656352
0.0656254
0.0656155
0.0656057
0.0655958
0.0655859
0.065576
0.0655661
0.0655562
0.0655462
0.0655363
0.0655263
0.0655163
0.0655063
0.0654963
0.0654863
0.0654762
0.0654662
0.0654561
0.065446
0.0654359
0.0654258
0.0654157
0.0654056
0.0653954
0.0653853
0.0653751
0.0653649
0.0653547
0.0653445
0.0653343
0.065324
0.0653138
0.0653035
0.0652932
0.0652829
0.0652726
0.0652623
0.0652519
0.0652416
0.0652312
0.0652209
0.0652105
0.0652001
0.0651897
0.0651792
0.0651688
0.0651583
0.0651479
0.0651374
0.0651269
0.0651164
0.0651059
0.0650953
0.0650848
0.0650742
0.0650636
0.0650531
0.0650424
0.0650318
0.0650212
0.0650106
0.0649999
0.0649892
0.0649786
0.0649679
0.0649572
0.0649464
0.0649357
0.064925
0.0649142
0.0649034
0.0648927
0.0648819
0.064871
0.0648602
0.0648494
0.0648385
0.0648277
0.0648168
0.0648059
0.064795
0.0647841
0.0647732
0.0647622
0.0647513
0.0647403
0.0647293
0.0647183
0.0647073
0.0646963
0.0646853
0.0646742
0.0646632
0.0646521
0.064641
0.0646299
0.0646188
0.0646077
0.0645966
0.0645854
0.0645743
0.0645631
0.0645519
0.0645407
0.0645295
0.0645183
0.064507
0.0644958
0.0644845
0.0644732
0.064462
0.0644507
0.0644393
0.064428
0.0644167
0.0644053
0.064394
0.0643826
0.0643712
0.0643598
0.0643484
0.064337
0.0643255
0.0643141
0.0643026
0.0642912
0.0642797
0.0642682
0.0642567
0.0642451
0.0642336
0.064222
0.0642105
0.0641989
0.0641873
0.0641757
0.0641641
0.0641525
0.0641409
0.0641292
0.0641176
0.0641059
0.0640942
0.0640825
0.0640708
0.0640591
0.0640473
0.0640356
0.0640238
0.0640121
0.0640003
0.0639885
0.0639767
0.0639649
0.0639531
0.0639412
0.0639294
0.0639175
0.0639056
0.0638937
0.0638818
0.0638699
0.063858
0.0638461
0.0638341
0.0638221
0.0638102
0.0637982
0.0637862
0.0637742
0.0637622
0.0637501
0.0637381
0.063726
0.063714
0.0637019
0.0636898
0.0636777
0.0636656
0.0636535
0.0636413
0.0636292
0.063617
0.0636049
0.0635927
0.0635805
0.0635683
0.0635561
0.0635439
0.0635316
0.0635194
0.0635071
0.0634948
0.0634825
0.0634703
0.0634579
0.0634456
0.0634333
0.063421
0.0634086
0.0633962
0.0633839
0.0633715
0.0633591
0.0633467
0.0633343
0.0633218
0.0633094
0.0632969
0.0632845
0.063272
0.0632595
0.063247
0.0632345
0.063222
0.0632095
0.0631969
0.0631844
0.0631718
0.0631592
0.0631467
0.0631341
0.0631215
0.0631089
0.0630962
0.0630836
0.0630709
0.0630583
0.0630456
0.0630329
0.0630202
0.0630075
0.0629948
0.0629821
0.0629694
0.0629566
0.0629439
0.0629311
0.0629183
0.0629056
0.0628928
0.06288
0.0628671
0.0628543
0.0628415
0.0628286
0.0628158
0.0628029
0.06279
0.0627771
0.0627642
0.0627513
0.0627384
0.0627255
0.0627125
0.0626996
0.0626866
0.0626737
0.0626607
0.0626477
0.0626347
0.0626217
0.0626087
0.0625956
0.0625826
0.0625696
0.0625565
0.0625434
0.0625303
0.0625173
0.0625042
0.0624911
0.0624779
0.0624648
0.0624517
0.0624385
0.0624254
0.0624122
0.062399
0.0623858
0.0623726
0.0623594
0.0623462
0.062333
0.0623198
0.0623065
0.0622933
0.06228
0.0622667
0.0622535
0.0622402
0.0622269
0.0622136
0.0622002
0.0621869
0.0621736
0.0621602
0.0621469
0.0621335
0.0621201
0.0621068
0.0620934
0.06208
0.0620666
0.0620531
0.0620397
0.0620263
0.0620128
0.0619994
0.0619859
0.0619724
0.061959
0.0619455
0.061932
0.0619185
0.0619049
0.0618914
0.0618779
0.0618643
0.0618508
0.0618372
0.0618237
0.0618101
0.0617965
0.0617829
0.0617693
0.0617557
0.0617421
0.0617284
0.0617148
0.0617012
0.0616875
0.0616738
0.0616602
0.0616465
0.0616328
0.0616191
0.0616054
0.0615917
0.061578
0.0615642
0.0615505
0.0615368
0.061523
0.0615092
0.0614955
0.0614817
0.0614679
0.0614541
0.0614403
0.0614265
0.0614127
0.0613989
0.061385
0.0613712
0.0613573
0.0613435
0.0613296
0.0613157
0.0613019
0.061288
0.0612741
0.0612602
0.0612463
0.0612323
0.0612184
0.0612045
0.0611905
0.0611766
0.0611626
0.0611487
0.0611347
0.0611207
0.0611067
0.0610927
0.0610787
0.0610647
0.0610507
0.0610367
0.0610227
0.0610086
0.0609946
0.0609805
0.0609665
0.0609524
0.0609383
0.0609242
0.0609101
0.060896
0.0608819
0.0608678
0.0608537
0.0608396
0.0608255
0.0608113
0.0607972
0.060783
0.0607689
0.0607547
0.0607405
0.0607263
0.0607122
0.060698
0.0606838
0.0606696
0.0606554
0.0606411
0.0606269
0.0606127
0.0605984
0.0605842
0.0605699
0.0605557
0.0605414
0.0605271
0.0605129
0.0604986
0.0604843
0.06047
0.0604557
0.0604414
0.060427
0.0604127
0.0603984
0.0603841
0.0603697
0.0603554
0.060341
0.0603267
0.0603123
0.0602979
0.0602835
0.0602692
0.0602548
0.0602404
0.060226
0.0602115
0.0601971
0.0601827
0.0601683
0.0601539
0.0601394
0.060125
0.0601105
0.0600961
0.0600816
0.0600671
0.0600527
0.0600382
0.0600237
0.0600092
0.0599947
0.0599802
0.0599657
0.0599512
0.0599367
0.0599221
0.0599076
0.0598931
0.0598785
0.059864
0.0598494
0.0598349
0.0598203
0.0598058
0.0597912
0.0597766
0.059762
0.0597474
0.0597328
0.0597183
0.0597036
0.059689
0.0596744
0.0596598
0.0596452
0.0596306
0.0596159
0.0596013
0.0595866
0.059572
0.0595573
0.0595427
0.059528
0.0595133
0.0594987
0.059484
0.0594693
0.0594546
0.0594399
0.0594252
0.0594105
0.0593958
0.0593811
0.0593664
0.0593517
0.0593369
0.0593222
0.0593075
0.0592927
0.059278
0.0592633
0.0592485
0.0592337
0.059219
0.0592042
0.0591894
0.0591747
0.0591599
0.0591451
0.0591303
0.0591155
0.0591007
0.0590859
0.0590711
0.0590563
0.0590415
0.0590267
0.0590119
0.0589971
0.0589822
0.0589674
0.0589526
0.0589377
0.0589229
0.058908
0.0588932
0.0588783
0.0588634
0.0588486
0.0588337
0.0588188
0.058804
0.0587891
0.0587742
0.0587593
0.0587444
0.0587295
0.0587146
0.0586997
0.0586848
0.0586699
0.058655
0.0586401
0.0586252
0.0586102
0.0585953
0.0585804
0.0585655
0.0585505
0.0585356
0.0585206
0.0585057
0.0584907
0.0584758
0.0584608
0.0584459
0.0584309
0.0584159
0.058401
0.058386
0.058371
0.058356
0.0583411
0.0583261
0.0583111
0.0582961
0.0582811
0.0582661
0.0582511
0.0582361
0.0582211
0.0582061
0.0581911
0.058176
0.058161
0.058146
0.058131
0.058116
0.0581009
0.0580859
0.0580709
0.0580558
0.0580408
0.0580257
0.0580107
0.0579956
0.0579806
0.0579655
0.0579505
0.0579354
0.0579203
0.0579053
0.0578902
0.0578751
0.0578601
0.057845
0.0578299
0.0578148
0.0577998
0.0577847
0.0577696
0.0577545
0.0577394
0.0577243
0.0577092
0.0576941
0.057679
0.0576639
0.0576488
0.0576337
0.0576186
0.0576035
0.0575884
0.0575733
0.0575581
0.057543
0.0575279
0.0575128
0.0574976
0.0574825
0.0574674
0.0574523
0.0574371
0.057422
0.0574069
0.0573917
0.0573766
0.0573614
0.0573463
0.0573311
0.057316
0.0573008
0.0572857
0.0572705
0.0572554
0.0572402
0.0572251
0.0572099
0.0571947
0.0571796
0.0571644
0.0571492
0.0571341
0.0571189
0.0571037
0.0570886
0.0570734
0.0570582
0.057043
0.0570279
0.0570127
0.0569975
0.0569823
0.0569671
0.0569519
0.0569368
0.0569216
0.0569064
0.0568912
0.056876
0.0568608
0.0568456
0.0568304
0.0568152
0.0568
0.0567848
0.0567696
0.0567544
0.0567392
0.056724
0.0567088
0.0566936
0.0566784
0.0566632
0.056648
0.0566328
0.0566176
0.0566024
0.0565872
0.0565719
0.0565567
0.0565415
0.0565263
0.0565111
0.0564959
0.0564806
0.0564654
0.0564502
0.056435
0.0564198
0.0564045
0.0563893
0.0563741
0.0563589
0.0563437
0.0563284
0.0563132
0.056298
0.0562828
0.0562675
0.0562523
0.0562371
0.0562218
0.0562066
0.0561914
0.0561762
0.0561609
0.0561457
0.0561305
0.0561152
0.0561
0.0560848
0.0560695
0.0560543
0.0560391
0.0560238
0.0560086
0.0559934
0.0559781
0.0559629
0.0559477
0.0559324
0.0559172
0.055902
0.0558867
0.0558715
0.0558563
0.055841
0.0558258
0.0558106
0.0557953
0.0557801
0.0557649
0.0557496
0.0557344
0.0557192
0.0557039
0.0556887
0.0556735
0.0556582
0.055643
0.0556278
0.0556125
0.0555973
0.0555821
0.0555668
0.0555516
0.0555364
0.0555211
0.0555059
0.0554907
0.0554754
0.0554602
0.055445
0.0554297
0.0554145
0.0553993
0.055384
0.0553688
0.0553536
0.0553384
0.0553231
0.0553079
0.0552927
0.0552774
0.0552622
0.055247
0.0552318
0.0552165
0.0552013
0.0551861
0.0551709
0.0551556
0.0551404
0.0551252
0.05511
0.0550948
0.0550795
0.0550643
0.0550491
0.0550339
0.0550187
0.0550035
0.0549882
0.054973
0.0549578
0.0549426
0.0549274
0.0549122
0.054897
0.0548818
0.0548666
0.0548514
0.0548361
0.0548209
0.0548057
0.0547905
0.0547753
0.0547601
0.0547449
0.0547297
0.0547145
0.0546993
0.0546841
0.0546689
0.0546538
0.0546386
0.0546234
0.0546082
0.054593
0.0545778
0.0545626
0.0545474
0.0545322
0.0545171
0.0545019
0.0544867
0.0544715
0.0544563
0.0544412
0.054426
0.0544108
0.0543956
0.0543805
0.0543653
0.0543501
0.0543349
0.0543198
0.0543046
0.0542894
0.0542743
0.0542591
0.054244
0.0542288
0.0542136
0.0541985
0.0541833
0.0541682
0.054153
0.0541379
0.0541227
0.0541076
0.0540924
0.0540773
0.0540622
0.054047
0.0540319
0.0540167
0.0540016
0.0539865
0.0539713
0.0539562
0.0539411
0.0539259
0.0539108
0.0538957
0.0538806
0.0538654
0.0538503
0.0538352
0.0538201
0.053805
0.0537899
0.0537748
0.0537597
0.0537445
0.0537294
0.0537143
0.0536992
0.0536841
0.053669
0.0536539
0.0536389
0.0536238
0.0536087
0.0535936
0.0535785
0.0535634
0.0535483
0.0535333
0.0535182
0.0535031
0.053488
0.053473
0.0534579
0.0534428
0.0534277
0.0534127
0.0533976
0.0533826
0.0533675
0.0533525
0.0533374
0.0533223
0.0533073
0.0532923
0.0532772
0.0532622
0.0532471
0.0532321
0.053217
0.053202
0.053187
0.053172
0.0531569
0.0531419
0.0531269
0.0531119
0.0530968
0.0530818
0.0530668
0.0530518
0.0530368
0.0530218
0.0530068
0.0529918
0.0529768
0.0529618
0.0529468
0.0529318
0.0529168
0.0529018
0.0528868
0.0528719
0.0528569
0.0528419
0.0528269
0.052812
0.052797
0.052782
0.0527671
0.0527521
0.0527371
0.0527222
0.0527072
0.0526923
0.0526773
0.0526624
0.0526474
0.0526325
0.0526175
0.0526026
0.0525877
0.0525727
0.0525578
0.0525429
0.052528
0.0525131
0.0524981
0.0524832
0.0524683
0.0524534
0.0524385
0.0524236
0.0524087
0.0523938
0.0523789
0.052364
0.0523491
0.0523342
0.0523193
0.0523045
0.0522896
0.0522747
0.0522598
0.052245
0.0522301
0.0522152
0.0522004
0.0521855
0.0521706
0.0521558
0.0521409
0.0521261
0.0521112
0.0520964
0.0520816
0.0520667
0.0520519
0.0520371
0.0520222
0.0520074
0.0519926
0.0519778
0.051963
0.0519482
0.0519333
0.0519185
0.0519037
0.0518889
0.0518741
0.0518593
0.0518446
0.0518298
0.051815
0.0518002
0.0517854
0.0517706
0.0517559
0.0517411
0.0517263
0.0517116
0.0516968
0.0516821
0.0516673
0.0516526
0.0516378
0.0516231
0.0516083
0.0515936
0.0515789
0.0515641
0.0515494
0.0515347
0.05152
0.0515052
0.0514905
0.0514758
0.0514611
0.0514464
0.0514317
0.051417
0.0514023
0.0513876
0.0513729
0.0513582
0.0513436
0.0513289
0.0513142
0.0512995
0.0512849
0.0512702
0.0512555
0.0512409
0.0512262
0.0512116
0.0511969
0.0511823
0.0511676
0.051153
0.0511384
0.0511237
0.0511091
0.0510945
0.0510799
0.0510653
0.0510506
0.051036
0.0510214
0.0510068
0.0509922
0.0509776
0.050963
0.0509485
0.0509339
0.0509193
0.0509047
0.0508901
0.0508756
0.050861
0.0508464
0.0508319
0.0508173
0.0508028
0.0507882
0.0507737
0.0507591
0.0507446
0.0507301
0.0507155
0.050701
0.0506865
0.050672
0.0506574
0.0506429
0.0506284
0.0506139
0.0505994
0.0505849
0.0505704
0.0505559
0.0505414
0.050527
0.0505125
0.050498
0.0504835
0.0504691
0.0504546
0.0504401
0.0504257
0.0504112
0.0503968
0.0503823
0.0503679
0.0503535
0.050339
0.0503246
0.0503102
0.0502957
0.0502813
0.0502669
0.0502525
0.0502381
0.0502237
0.0502093
0.0501949
0.0501805
0.0501661
0.0501517
0.0501374
0.050123
0.0501086
0.0500942
0.0500799
0.0500655
0.0500512
0.0500368
0.0500225
0.0500081
0.0499938
0.0499794
0.0499651
0.0499508
0.0499365
0.0499221
0.0499078
0.0498935
0.0498792
0.0498649
0.0498506
0.0498363
0.049822
0.0498077
0.0497934
0.0497791
0.0497649
0.0497506
0.0497363
0.0497221
0.0497078
0.0496935
0.0496793
0.049665
0.0496508
0.0496366
0.0496223
0.0496081
0.0495939
0.0495796
0.0495654
0.0495512
0.049537
0.0495228
0.0495086
0.0494944
0.0494802
0.049466
0.0494518
0.0494376
0.0494234
0.0494093
0.0493951
0.0493809
0.0493668
0.0493526
0.0493385
0.0493243
0.0493102
0.049296
0.0492819
0.0492678
0.0492536
0.0492395
0.0492254
0.0492113
0.0491972
0.0491831
0.049169
0.0491549
0.0491408
0.0491267
0.0491126
0.0490985
0.0490844
0.0490704
0.0490563
0.0490422
0.0490282
0.0490141
0.0490001
0.048986
0.048972
0.0489579
0.0489439
0.0489299
0.0489158
0.0489018
0.0488878
0.0488738
0.0488598
0.0488458
0.0488318
0.0488178
0.0488038
0.0487898
0.0487758
0.0487618
0.0487479
0.0487339
0.0487199
0.048706
0.048692
0.0486781
0.0486641
0.0486502
0.0486362
0.0486223
0.0486084
0.0485945
0.0485805
0.0485666
0.0485527
0.0485388
0.0485249
0.048511
0.0484971
0.0484832
0.0484693
0.0484554
0.0484416
0.0484277
0.0484138
0.0484
0.0483861
0.0483723
0.0483584
0.0483446
0.0483307
0.0483169
0.0483031
0.0482892
0.0482754
0.0482616
0.0482478
0.048234
0.0482202
0.0482064
0.0481926
0.0481788
0.048165
0.0481512
0.0481374
0.0481237
0.0481099
0.0480961
0.0480824
0.0480686
0.0480549
0.0480411
0.0480274
0.0480137
0.0479999
0.0479862
0.0479725
0.0479588
0.047945
0.0479313
0.0479176
0.0479039
0.0478902
0.0478766
0.0478629
0.0478492
0.0478355
0.0478218
0.0478082
0.0477945
0.0477809
0.0477672
0.0477536
0.0477399
0.0477263
0.0477126
0.047699
0.0476854
0.0476718
0.0476581
0.0476445
0.0476309
0.0476173
0.0476037
0.0475901
0.0475766
0.047563
0.0475494
0.0475358
0.0475223
0.0475087
0.0474951
0.0474816
0.047468
0.0474545
0.0474409
0.0474274
0.0474139
0.0474003
0.0473868
0.0473733
0.0473598
0.0473463
0.0473328
0.0473193
0.0473058
0.0472923
0.0472788
0.0472654
0.0472519
0.0472384
0.0472249
0.0472115
0.047198
0.0471846
0.0471711
0.0471577
0.0471443
0.0471308
0.0471174
0.047104
0.0470906
0.0470772
0.0470637
0.0470503
0.0470369
0.0470236
0.0470102
0.0469968
0.0469834
0.04697
0.0469567
0.0469433
0.0469299
0.0469166
0.0469032
0.0468899
0.0468766
0.0468632
0.0468499
0.0468366
0.0468232
0.0468099
0.0467966
0.0467833
0.04677
0.0467567
0.0467434
0.0467301
0.0467169
0.0467036
0.0466903
0.0466771
0.0466638
0.0466505
0.0466373
0.046624
0.0466108
0.0465976
0.0465843
0.0465711
0.0465579
0.0465447
0.0465314
0.0465182
0.046505
0.0464918
0.0464786
0.0464655
0.0464523
0.0464391
0.0464259
0.0464127
0.0463996
0.0463864
0.0463733
0.0463601
0.046347
0.0463338
0.0463207
0.0463076
0.0462945
0.0462813
0.0462682
0.0462551
0.046242
0.0462289
0.0462158
0.0462027
0.0461896
0.0461766
0.0461635
0.0461504
0.0461374
0.0461243
0.0461112
0.0460982
0.0460851
0.0460721
0.0460591
0.046046
0.046033
0.04602
0.046007
0.045994
0.045981
0.045968
0.045955
0.045942
0.045929
0.045916
0.045903
0.0458901
0.0458771
0.0458642
0.0458512
0.0458382
0.0458253
0.0458124
0.0457994
0.0457865
0.0457736
0.0457607
0.0457477
0.0457348
0.0457219
0.045709
0.0456961
0.0456832
0.0456704
0.0456575
0.0456446
0.0456317
0.0456189
0.045606
0.0455932
0.0455803
0.0455675
0.0455546
0.0455418
0.045529
0.0455161
0.0455033
0.0454905
0.0454777
0.0454649
0.0454521
0.0454393
0.0454265
0.0454137
0.045401
0.0453882
0.0453754
0.0453627
0.0453499
0.0453371
0.0453244
0.0453117
0.0452989
0.0452862
0.0452735
0.0452607
0.045248
0.0452353
0.0452226
0.0452099
0.0451972
0.0451845
0.0451718
0.0451591
0.0451465
0.0451338
0.0451211
0.0451085
0.0450958
0.0450832
0.0450705
0.0450579
0.0450452
0.0450326
0.04502
0.0450074
0.0449948
0.0449821
0.0449695
0.0449569
0.0449443
0.0449318
0.0449192
0.0449066
0.044894
0.0448814
0.0448689
0.0448563
0.0448438
0.0448312
0.0448187
0.0448061
0.0447936
0.0447811
0.0447686
0.044756
0.0447435
0.044731
0.0447185
0.044706
0.0446935
0.0446811
0.0446686
0.0446561
0.0446436
0.0446312
0.0446187
0.0446062
0.0445938
0.0445814
0.0445689
0.0445565
0.044544
0.0445316
0.0445192
0.0445068
0.0444944
0.044482
0.0444696
0.0444572
0.0444448
0.0444324
0.04442
0.0444077
0.0443953
0.0443829
0.0443706
0.0443582
0.0443459
0.0443335
0.0443212
0.0443089
0.0442966
0.0442842
0.0442719
0.0442596
0.0442473
0.044235
0.0442227
0.0442104
0.0441981
0.0441859
0.0441736
0.0441613
0.0441491
0.0441368
0.0441245
0.0441123
0.0441001
0.0440878
0.0440756
0.0440634
0.0440511
0.0440389
0.0440267
0.0440145
0.0440023
0.0439901
0.0439779
0.0439657
0.0439536
0.0439414
0.0439292
0.043917
0.0439049
0.0438927
0.0438806
0.0438684
0.0438563
0.0438442
0.043832
0.0438199
0.0438078
0.0437957
0.0437836
0.0437715
0.0437594
0.0437473
0.0437352
0.0437231
0.0437111
0.043699
0.0436869
0.0436749
0.0436628
0.0436508
0.0436387
0.0436267
0.0436147
0.0436026
0.0435906
0.0435786
0.0435666
0.0435546
0.0435426
0.0435306
0.0435186
0.0435066
0.0434946
0.0434826
0.0434707
0.0434587
0.0434468
0.0434348
0.0434229
0.0434109
0.043399
0.043387
0.0433751
0.0433632
0.0433513
0.0433394
0.0433275
0.0433156
0.0433037
0.0432918
0.0432799
0.043268
0.0432561
0.0432443
0.0432324
0.0432205
0.0432087
0.0431968
0.043185
0.0431732
0.0431613
0.0431495
0.0431377
0.0431259
0.0431141
0.0431022
0.0430904
0.0430786
0.0430669
0.0430551
0.0430433
0.0430315
0.0430198
0.043008
0.0429962
0.0429845
0.0429727
0.042961
0.0429493
0.0429375
0.0429258
0.0429141
0.0429024
0.0428906
0.0428789
0.0428672
0.0428555
0.0428439
0.0428322
0.0428205
0.0428088
0.0427972
0.0427855
0.0427738
0.0427622
0.0427505
0.0427389
0.0427273
0.0427156
0.042704
0.0426924
0.0426808
0.0426692
0.0426576
0.042646
0.0426344
0.0426228
0.0426112
0.0425996
0.042588
0.0425765
0.0425649
0.0425534
0.0425418
0.0425303
0.0425187
0.0425072
0.0424956
0.0424841
0.0424726
0.0424611
0.0424496
0.0424381
0.0424266
0.0424151
0.0424036
0.0423921
0.0423806
0.0423692
0.0423577
0.0423462
0.0423348
0.0423233
0.0423119
0.0423005
0.042289
0.0422776
0.0422662
0.0422548
0.0422433
0.0422319
0.0422205
0.0422091
0.0421977
0.0421864
0.042175
0.0421636
0.0421522
0.0421409
0.0421295
0.0421182
0.0421068
0.0420955
0.0420841
0.0420728
0.0420615
0.0420501
0.0420388
0.0420275
0.0420162
0.0420049
0.0419936
0.0419823
0.041971
0.0419598
0.0419485
0.0419372
0.0419259
0.0419147
0.0419034
0.0418922
0.0418809
0.0418697
0.0418585
0.0418473
0.041836
0.0418248
0.0418136
0.0418024
0.0417912
0.04178
0.0417688
0.0417576
0.0417465
0.0417353
0.0417241
0.041713
0.0417018
0.0416907
0.0416795
0.0416684
0.0416572
0.0416461
0.041635
0.0416239
0.0416127
0.0416016
0.0415905
0.0415794
0.0415683
0.0415573
0.0415462
0.0415351
0.041524
0.041513
0.0415019
0.0414908
0.0414798
0.0414688
0.0414577
0.0414467
0.0414357
0.0414246
0.0414136
0.0414026
0.0413916
0.0413806
0.0413696
0.0413586
0.0413476
0.0413366
0.0413257
0.0413147
0.0413037
0.0412928
0.0412818
0.0412709
0.0412599
0.041249
0.0412381
0.0412271
0.0412162
0.0412053
0.0411944
0.0411835
0.0411726
0.0411617
0.0411508
0.0411399
0.041129
0.0411182
0.0411073
0.0410964
0.0410856
0.0410747
0.0410639
0.041053
0.0410422
0.0410314
0.0410205
0.0410097
0.0409989
0.0409881
0.0409773
0.0409665
0.0409557
0.0409449
0.0409341
0.0409234
0.0409126
0.0409018
0.0408911
0.0408803
0.0408696
0.0408588
0.0408481
0.0408373
0.0408266
0.0408159
0.0408052
0.0407945
0.0407838
0.0407731
0.0407624
0.0407517
0.040741
0.0407303
0.0407196
0.040709
0.0406983
0.0406876
0.040677
0.0406663
0.0406557
0.0406451
0.0406344
0.0406238
0.0406132
0.0406026
0.040592
0.0405813
0.0405707
0.0405602
0.0405496
0.040539
0.0405284
0.0405178
0.0405073
0.0404967
0.0404861
0.0404756
0.040465
0.0404545
0.040444
0.0404334
0.0404229
0.0404124
0.0404019
0.0403914
0.0403809
0.0403704
0.0403599
0.0403494
0.0403389
0.0403284
0.040318
0.0403075
0.040297
0.0402866
0.0402761
0.0402657
0.0402552
0.0402448
0.0402344
0.040224
0.0402135
0.0402031
0.0401927
0.0401823
0.0401719
0.0401615
0.0401512
0.0401408
0.0401304
0.04012
0.0401097
0.0400993
0.040089
0.0400786
0.0400683
0.0400579
0.0400476
0.0400373
0.0400269
0.0400166
0.0400063
0.039996
0.0399857
0.0399754
0.0399651
0.0399548
0.0399446
0.0399343
0.039924
0.0399138
0.0399035
0.0398933
0.039883
0.0398728
0.0398625
0.0398523
0.0398421
0.0398319
0.0398216
0.0398114
0.0398012
0.039791
0.0397808
0.0397707
0.0397605
0.0397503
0.0397401
0.03973
0.0397198
0.0397096
0.0396995
0.0396893
0.0396792
0.0396691
0.0396589
0.0396488
0.0396387
0.0396286
0.0396185
0.0396084
0.0395983
0.0395882
0.0395781
0.039568
0.039558
0.0395479
0.0395378
0.0395278
0.0395177
0.0395077
0.0394976
0.0394876
0.0394775
0.0394675
0.0394575
0.0394475
0.0394375
0.0394275
0.0394175
0.0394075
0.0393975
0.0393875
0.0393775
0.0393675
0.0393576
0.0393476
0.0393377
0.0393277
0.0393178
0.0393078
0.0392979
0.039288
0.039278
0.0392681
0.0392582
0.0392483
0.0392384
0.0392285
0.0392186
0.0392087
0.0391988
0.0391889
0.0391791
0.0391692
0.0391593
0.0391495
0.0391396
0.0391298
0.03912
0.0391101
0.0391003
0.0390905
0.0390806
0.0390708
0.039061
0.0390512
0.0390414
0.0390316
0.0390218
0.0390121
0.0390023
0.0389925
0.0389828
0.038973
0.0389632
0.0389535
0.0389437
0.038934
0.0389243
0.0389145
0.0389048
0.0388951
0.0388854
0.0388757
0.038866
0.0388563
0.0388466
0.0388369
0.0388272
0.0388176
0.0388079
0.0387982
0.0387886
0.0387789
0.0387693
0.0387596
0.03875
0.0387404
0.0387307
0.0387211
0.0387115
0.0387019
0.0386923
0.0386827
0.0386731
0.0386635
0.0386539
0.0386443
0.0386348
0.0386252
0.0386156
0.0386061
0.0385965
0.038587
0.0385774
0.0385679
0.0385584
0.0385488
0.0385393
0.0385298
0.0385203
0.0385108
0.0385013
0.0384918
0.0384823
0.0384728
0.0384634
0.0384539
0.0384444
0.038435
0.0384255
0.0384161
0.0384066
0.0383972
0.0383877
0.0383783
0.0383689
0.0383595
0.03835
0.0383406
0.0383312
0.0383218
0.0383124
0.0383031
0.0382937
0.0382843
0.0382749
0.0382656
0.0382562
0.0382469
0.0382375
0.0382282
0.0382188
0.0382095
0.0382002
0.0381908
0.0381815
0.0381722
0.0381629
0.0381536
0.0381443
0.038135
0.0381257
0.0381164
0.0381072
0.0380979
0.0380886
0.0380794
0.0380701
0.0380609
0.0380516
0.0380424
0.0380332
0.0380239
0.0380147
0.0380055
0.0379963
0.0379871
0.0379779
0.0379687
0.0379595
0.0379503
0.0379411
0.037932
0.0379228
0.0379136
0.0379045
0.0378953
0.0378862
0.037877
0.0378679
0.0378588
0.0378496
0.0378405
0.0378314
0.0378223
0.0378132
0.0378041
0.037795
0.0377859
0.0377768
0.0377677
0.0377587
0.0377496
0.0377405
0.0377315
0.0377224
0.0377134
0.0377043
0.0376953
0.0376863
0.0376772
0.0376682
0.0376592
0.0376502
0.0376412
0.0376322
0.0376232
0.0376142
0.0376052
0.0375962
0.0375873
0.0375783
0.0375693
0.0375604
0.0375514
0.0375425
0.0375335
0.0375246
0.0375157
0.0375068
0.0374978
0.0374889
0.03748
0.0374711
0.0374622
0.0374533
0.0374444
0.0374355
0.0374267
0.0374178
0.0374089
0.0374001
0.0373912
0.0373824
0.0373735
0.0373647
0.0373558
0.037347
0.0373382
0.0373294
0.0373206
0.0373118
0.0373029
0.0372942
0.0372854
0.0372766
0.0372678
0.037259
0.0372502
0.0372415
0.0372327
0.037224
0.0372152
0.0372065
0.0371977
0.037189
0.0371803
0.0371715
0.0371628
0.0371541
0.0371454
0.0371367
0.037128
0.0371193
0.0371106
0.0371019
0.0370933
0.0370846
0.0370759
0.0370673
0.0370586
0.03705
0.0370413
0.0370327
0.037024
0.0370154
0.0370068
0.0369982
0.0369896
0.036981
0.0369724
0.0369638
0.0369552
0.0369466
0.036938
0.0369294
0.0369209
0.0369123
0.0369037
0.0368952
0.0368866
0.0368781
0.0368695
0.036861
0.0368525
0.036844
0.0368354
0.0368269
0.0368184
0.0368099
0.0368014
0.0367929
0.0367845
0.036776
0.0367675
0.036759
0.0367506
0.0367421
0.0367336
0.0367252
0.0367168
0.0367083
0.0366999
0.0366915
0.036683
0.0366746
0.0366662
0.0366578
0.0366494
0.036641
0.0366326
0.0366242
0.0366158
0.0366075
0.0365991
0.0365907
0.0365824
0.036574
0.0365657
0.0365573
0.036549
0.0365407
0.0365323
0.036524
0.0365157
0.0365074
0.0364991
0.0364908
0.0364825
0.0364742
0.0364659
0.0364576
0.0364494
0.0364411
0.0364328
0.0364246
0.0364163
0.0364081
0.0363998
0.0363916
0.0363833
0.0363751
0.0363669
0.0363587
0.0363505
0.0363423
0.0363341
0.0363259
0.0363177
0.0363095
0.0363013
0.0362931
0.036285
0.0362768
0.0362686
0.0362605
0.0362523
0.0362442
0.0362361
0.0362279
0.0362198
0.0362117
0.0362036
0.0361954
0.0361873
0.0361792
0.0361711
0.0361631
0.036155
0.0361469
0.0361388
0.0361307
0.0361227
0.0361146
0.0361066
0.0360985
0.0360905
0.0360824
0.0360744
0.0360664
0.0360584
0.0360503
0.0360423
0.0360343
0.0360263
0.0360183
0.0360103
0.0360024
0.0359944
0.0359864
0.0359784
0.0359705
0.0359625
0.0359546
0.0359466
0.0359387
0.0359307
0.0359228
0.0359149
0.0359069
0.035899
0.0358911
0.0358832
0.0358753
0.0358674
0.0358595
0.0358516
0.0358438
0.0358359
0.035828
0.0358201
0.0358123
0.0358044
0.0357966
0.0357887
0.0357809
0.0357731
0.0357652
0.0357574
0.0357496
0.0357418
0.035734
0.0357262
0.0357184
0.0357106
0.0357028
0.035695
0.0356873
0.0356795
0.0356717
0.035664
0.0356562
0.0356485
0.0356407
0.035633
0.0356252
0.0356175
0.0356098
0.0356021
0.0355944
0.0355867
0.035579
0.0355713
0.0355636
0.0355559
0.0355482
0.0355405
0.0355329
0.0355252
0.0355175
0.0355099
0.0355022
0.0354946
0.035487
0.0354793
0.0354717
0.0354641
0.0354565
0.0354488
0.0354412
0.0354336
0.035426
0.0354184
0.0354109
0.0354033
0.0353957
0.0353881
0.0353806
0.035373
0.0353655
0.0353579
0.0353504
0.0353428
0.0353353
0.0353278
0.0353202
0.0353127
0.0353052
0.0352977
0.0352902
0.0352827
0.0352752
0.0352677
0.0352602
0.0352528
0.0352453
0.0352378
0.0352304
0.0352229
0.0352155
0.035208
0.0352006
0.0351931
0.0351857
0.0351783
0.0351709
0.0351635
0.035156
0.0351486
0.0351412
0.0351339
0.0351265
0.0351191
0.0351117
0.0351043
0.035097
0.0350896
0.0350823
0.0350749
0.0350676
0.0350602
0.0350529
0.0350456
0.0350382
0.0350309
0.0350236
0.0350163
0.035009
0.0350017
0.0349944
0.0349871
0.0349798
0.0349725
0.0349653
0.034958
0.0349507
0.0349435
0.0349362
0.034929
0.0349217
0.0349145
0.0349073
0.0349001
0.0348928
0.0348856
0.0348784
0.0348712
0.034864
0.0348568
0.0348496
0.0348424
0.0348353
0.0348281
0.0348209
0.0348138
0.0348066
0.0347995
0.0347923
0.0347852
0.034778
0.0347709
0.0347638
0.0347566
0.0347495
0.0347424
0.0347353
0.0347282
0.0347211
0.034714
0.0347069
0.0346999
0.0346928
0.0346857
0.0346787
0.0346716
0.0346645
0.0346575
0.0346505
0.0346434
0.0346364
0.0346294
0.0346223
0.0346153
0.0346083
0.0346013
0.0345943
0.0345873
0.0345803
0.0345733
0.0345663
0.0345594
0.0345524
0.0345454
0.0345385
0.0345315
0.0345246
0.0345176
0.0345107
0.0345038
0.0344968
0.0344899
0.034483
0.0344761
0.0344692
0.0344623
0.0344554
0.0344485
0.0344416
0.0344347
0.0344278
0.034421
0.0344141
0.0344072
0.0344004
0.0343935
0.0343867
0.0343798
0.034373
0.0343662
0.0343593
0.0343525
0.0343457
0.0343389
0.0343321
0.0343253
0.0343185
0.0343117
0.0343049
0.0342982
0.0342914
0.0342846
0.0342779
0.0342711
0.0342643
0.0342576
0.0342509
0.0342441
0.0342374
0.0342307
0.0342239
0.0342172
0.0342105
0.0342038
0.0341971
0.0341904
0.0341837
0.034177
0.0341704
0.0341637
0.034157
0.0341503
0.0341437
0.034137
0.0341304
0.0341237
0.0341171
0.0341105
0.0341038
0.0340972
0.0340906
0.034084
0.0340774
0.0340708
0.0340642
0.0340576
0.034051
0.0340444
0.0340378
0.0340313
0.0340247
0.0340181
0.0340116
0.034005
0.0339985
0.0339919
0.0339854
0.0339789
0.0339723
0.0339658
0.0339593
0.0339528
0.0339463
0.0339398
0.0339333
0.0339268
0.0339203
0.0339138
0.0339074
0.0339009
0.0338944
0.033888
0.0338815
0.0338751
0.0338686
0.0338622
0.0338558
0.0338493
0.0338429
0.0338365
0.0338301
0.0338237
0.0338173
0.0338109
0.0338045
0.0337981
0.0337917
0.0337853
0.033779
0.0337726
0.0337662
0.0337599
0.0337535
0.0337472
0.0337408
0.0337345
0.0337282
0.0337218
0.0337155
0.0337092
0.0337029
0.0336966
0.0336903
0.033684
0.0336777
0.0336714
0.0336651
0.0336589
0.0336526
0.0336463
0.0336401
0.0336338
0.0336276
0.0336213
0.0336151
0.0336088
0.0336026
0.0335964
0.0335902
0.033584
0.0335777
0.0335715
0.0335653
0.0335592
0.033553
0.0335468
0.0335406
0.0335344
0.0335283
0.0335221
0.0335159
0.0335098
0.0335036
0.0334975
0.0334914
0.0334852
0.0334791
0.033473
0.0334669
0.0334607
0.0334546
0.0334485
0.0334424
0.0334363
0.0334303
0.0334242
0.0334181
0.033412
0.033406
0.0333999
0.0333938
0.0333878
0.0333817
0.0333757
0.0333697
0.0333636
0.0333576
0.0333516
0.0333456
0.0333396
0.0333335
0.0333275
0.0333215
0.0333156
0.0333096
0.0333036
0.0332976
0.0332916
0.0332857
0.0332797
0.0332738
0.0332678
0.0332619
0.0332559
0.03325
0.0332441
0.0332381
0.0332322
0.0332263
0.0332204
0.0332145
0.0332086
0.0332027
0.0331968
0.0331909
0.033185
0.0331791
0.0331733
0.0331674
0.0331615
0.0331557
0.0331498
0.033144
0.0331381
0.0331323
0.0331265
0.0331206
0.0331148
0.033109
0.0331032
0.0330974
0.0330916
0.0330858
0.03308
0.0330742
0.0330684
0.0330627
0.0330569
0.0330511
0.0330454
0.0330396
0.0330339
0.0330281
0.0330224
0.0330166
0.0330109
0.0330052
0.0329994
0.0329937
0.032988
0.0329823
0.0329766
0.0329709
0.0329652
0.0329595
0.0329538
0.0329482
0.0329425
0.0329368
0.0329312
0.0329255
0.0329199
0.0329142
0.0329086
0.0329029
0.0328973
0.0328917
0.032886
0.0328804
0.0328748
0.0328692
0.0328636
0.032858
0.0328524
0.0328468
0.0328412
0.0328357
0.0328301
0.0328245
0.032819
0.0328134
0.0328078
0.0328023
0.0327967
0.0327912
0.0327857
0.0327801
0.0327746
0.0327691
0.0327636
0.0327581
0.0327526
0.0327471
0.0327416
0.0327361
0.0327306
0.0327251
0.0327196
0.0327142
0.0327087
0.0327032
0.0326978
0.0326923
0.0326869
0.0326814
0.032676
0.0326706
0.0326651
0.0326597
0.0326543
0.0326489
0.0326435
0.0326381
0.0326327
0.0326273
0.0326219
0.0326165
0.0326111
0.0326058
0.0326004
0.032595
0.0325897
0.0325843
0.032579
0.0325736
0.0325683
0.0325629
0.0325576
0.0325523
0.032547
0.0325416
0.0325363
0.032531
0.0325257
0.0325204
0.0325151
0.0325098
0.0325046
0.0324993
0.032494
0.0324887
0.0324835
0.0324782
0.032473
0.0324677
0.0324625
0.0324572
0.032452
0.0324468
0.0324415
0.0324363
0.0324311
0.0324259
0.0324207
0.0324155
0.0324103
0.0324051
0.0323999
0.0323947
0.0323895
0.0323844
0.0323792
0.032374
0.0323689
0.0323637
0.0323586
0.0323534
0.0323483
0.0323432
0.032338
0.0323329
0.0323278
0.0323227
0.0323176
0.0323124
0.0323073
0.0323022
0.0322972
0.0322921
0.032287
0.0322819
0.0322768
0.0322718
0.0322667
0.0322616
0.0322566
0.0322515
0.0322465
0.0322415
0.0322364
0.0322314
0.0322264
0.0322213
0.0322163
0.0322113
0.0322063
0.0322013
0.0321963
0.0321913
0.0321863
0.0321813
0.0321763
0.0321714
0.0321664
0.0321614
0.0321565
0.0321515
0.0321466
0.0321416
0.0321367
0.0321317
0.0321268
0.0321219
0.032117
0.032112
0.0321071
0.0321022
0.0320973
0.0320924
0.0320875
0.0320826
0.0320777
0.0320728
0.032068
0.0320631
0.0320582
0.0320534
0.0320485
0.0320436
0.0320388
0.032034
0.0320291
0.0320243
0.0320194
0.0320146
0.0320098
0.032005
0.0320002
0.0319954
0.0319905
0.0319857
0.031981
0.0319762
0.0319714
0.0319666
0.0319618
0.031957
0.0319523
0.0319475
0.0319428
0.031938
0.0319333
0.0319285
0.0319238
0.031919
0.0319143
0.0319096
0.0319049
0.0319001
0.0318954
0.0318907
0.031886
0.0318813
0.0318766
0.0318719
0.0318672
0.0318626
0.0318579
0.0318532
0.0318485
0.0318439
0.0318392
0.0318346
0.0318299
0.0318253
0.0318206
0.031816
0.0318114
0.0318067
0.0318021
0.0317975
0.0317929
0.0317883
0.0317837
0.0317791
0.0317745
0.0317699
0.0317653
0.0317607
0.0317561
0.0317515
0.031747
0.0317424
0.0317379
0.0317333
0.0317287
0.0317242
0.0317197
0.0317151
0.0317106
0.0317061
0.0317015
0.031697
0.0316925
0.031688
0.0316835
0.031679
0.0316745
0.03167
0.0316655
0.031661
0.0316565
0.031652
0.0316476
0.0316431
0.0316386
0.0316342
0.0316297
0.0316253
0.0316208
0.0316164
0.031612
0.0316075
0.0316031
0.0315987
0.0315942
0.0315898
0.0315854
0.031581
0.0315766
0.0315722
0.0315678
0.0315634
0.031559
0.0315547
0.0315503
0.0315459
0.0315416
0.0315372
0.0315328
0.0315285
0.0315241
0.0315198
0.0315154
0.0315111
0.0315068
0.0315024
0.0314981
0.0314938
0.0314895
0.0314852
0.0314809
0.0314766
0.0314723
0.031468
0.0314637
0.0314594
0.0314551
0.0314508
0.0314466
0.0314423
0.031438
0.0314338
0.0314295
0.0314253
0.031421
0.0314168
0.0314125
0.0314083
0.0314041
0.0313998
0.0313956
0.0313914
0.0313872
0.031383
0.0313788
0.0313746
0.0313704
0.0313662
0.031362
0.0313578
0.0313536
0.0313495
0.0313453
0.0313411
0.031337
0.0313328
0.0313286
0.0313245
0.0313203
0.0313162
0.0313121
0.0313079
0.0313038
0.0312997
0.0312956
0.0312914
0.0312873
0.0312832
0.0312791
0.031275
0.0312709
0.0312668
0.0312627
0.0312587
0.0312546
0.0312505
0.0312464
0.0312424
0.0312383
0.0312342
0.0312302
0.0312261
0.0312221
0.031218
0.031214
0.03121
0.0312059
0.0312019
0.0311979
0.0311939
0.0311899
0.0311859
0.0311819
0.0311779
0.0311739
0.0311699
0.0311659
0.0311619
0.0311579
0.0311539
0.03115
0.031146
0.031142
0.0311381
0.0311341
0.0311302
0.0311262
0.0311223
0.0311183
0.0311144
0.0311105
0.0311065
0.0311026
0.0310987
0.0310948
0.0310909
0.0310869
0.031083
0.0310791
0.0310752
0.0310714
0.0310675
0.0310636
0.0310597
0.0310558
0.031052
0.0310481
0.0310442
0.0310404
0.0310365
0.0310326
0.0310288
0.031025
0.0310211
0.0310173
0.0310134
0.0310096
0.0310058
0.031002
0.0309982
0.0309943
0.0309905
0.0309867
0.0309829
0.0309791
0.0309753
0.0309716
0.0309678
0.030964
0.0309602
0.0309564
0.0309527
0.0309489
0.0309451
0.0309414
0.0309376
0.0309339
0.0309301
0.0309264
0.0309227
0.0309189
0.0309152
0.0309115
0.0309077
0.030904
0.0309003
0.0308966
0.0308929
0.0308892
0.0308855
0.0308818
0.0308781
0.0308744
0.0308707
0.030867
0.0308634
0.0308597
0.030856
0.0308524
0.0308487
0.0308451
0.0308414
0.0308377
0.0308341
0.0308305
0.0308268
0.0308232
0.0308196
0.0308159
0.0308123
0.0308087
0.0308051
0.0308015
0.0307979
0.0307943
0.0307907
0.0307871
0.0307835
0.0307799
0.0307763
0.0307727
0.0307691
0.0307656
0.030762
0.0307584
0.0307549
0.0307513
0.0307477
0.0307442
0.0307406
0.0307371
0.0307336
0.03073
0.0307265
0.030723
0.0307194
0.0307159
0.0307124
0.0307089
0.0307054
0.0307019
0.0306984
0.0306949
0.0306914
0.0306879
0.0306844
0.0306809
0.0306774
0.030674
0.0306705
0.030667
0.0306635
0.0306601
0.0306566
0.0306532
0.0306497
0.0306463
0.0306428
0.0306394
0.030636
0.0306325
0.0306291
0.0306257
0.0306222
0.0306188
0.0306154
0.030612
0.0306086
0.0306052
0.0306018
0.0305984
0.030595
0.0305916
0.0305882
0.0305848
0.0305815
0.0305781
0.0305747
0.0305713
0.030568
0.0305646
0.0305613
0.0305579
0.0305546
0.0305512
0.0305479
0.0305445
0.0305412
0.0305379
0.0305345
0.0305312
0.0305279
0.0305246
0.0305213
0.0305179
0.0305146
0.0305113
0.030508
0.0305047
0.0305014
0.0304982
0.0304949
0.0304916
0.0304883
0.030485
0.0304818
0.0304785
0.0304752
0.030472
0.0304687
0.0304654
0.0304622
0.0304589
0.0304557
0.0304525
0.0304492
0.030446
0.0304428
0.0304395
0.0304363
0.0304331
0.0304299
0.0304267
0.0304235
0.0304202
0.030417
0.0304138
0.0304106
0.0304075
0.0304043
0.0304011
0.0303979
0.0303947
0.0303915
0.0303884
0.0303852
0.030382
0.0303789
0.0303757
0.0303726
0.0303694
0.0303663
0.0303631
0.03036
0.0303568
0.0303537
0.0303506
0.0303474
0.0303443
0.0303412
0.0303381
0.030335
0.0303319
0.0303288
0.0303256
0.0303225
0.0303194
0.0303164
0.0303133
0.0303102
0.0303071
0.030304
0.0303009
0.0302979
0.0302948
0.0302917
0.0302887
0.0302856
0.0302825
0.0302795
0.0302764
0.0302734
0.0302703
0.0302673
0.0302643
0.0302612
0.0302582
0.0302552
0.0302521
0.0302491
0.0302461
0.0302431
0.0302401
0.0302371
0.0302341
0.0302311
0.0302281
0.0302251
0.0302221
0.0302191
0.0302161
0.0302131
0.0302101
0.0302072
0.0302042
0.0302012
0.0301983
0.0301953
0.0301923
0.0301894
0.0301864
0.0301835
0.0301805
0.0301776
0.0301746
0.0301717
0.0301688
0.0301658
0.0301629
0.03016
0.0301571
0.0301541
0.0301512
0.0301483
0.0301454
0.0301425
0.0301396
0.0301367
0.0301338
0.0301309
0.030128
0.0301251
0.0301223
0.0301194
0.0301165
0.0301136
0.0301108
0.0301079
0.030105
0.0301022
0.0300993
0.0300964
0.0300936
0.0300907
0.0300879
0.0300851
0.0300822
0.0300794
0.0300765
0.0300737
0.0300709
0.0300681
0.0300652
0.0300624
0.0300596
0.0300568
0.030054
0.0300512
0.0300484
0.0300456
0.0300428
0.03004
0.0300372
0.0300344
0.0300316
0.0300288
0.0300261
0.0300233
0.0300205
0.0300178
0.030015
0.0300122
0.0300095
0.0300067
0.030004
0.0300012
0.0299985
0.0299957
0.029993
0.0299902
0.0299875
0.0299848
0.029982
0.0299793
0.0299766
0.0299739
0.0299711
0.0299684
0.0299657
0.029963
0.0299603
0.0299576
0.0299549
0.0299522
0.0299495
0.0299468
0.0299441
0.0299414
0.0299387
0.0299361
0.0299334
0.0299307
0.029928
0.0299254
0.0299227
0.0299201
0.0299174
0.0299147
0.0299121
0.0299094
0.0299068
0.0299041
0.0299015
0.0298989
0.0298962
0.0298936
0.029891
0.0298883
0.0298857
0.0298831
0.0298805
0.0298779
0.0298752
0.0298726
0.02987
0.0298674
0.0298648
0.0298622
0.0298596
0.029857
0.0298544
0.0298519
0.0298493
0.0298467
0.0298441
0.0298415
0.029839
0.0298364
0.0298338
0.0298313
0.0298287
0.0298261
0.0298236
0.029821
0.0298185
0.0298159
0.0298134
0.0298108
0.0298083
0.0298058
0.0298032
0.0298007
0.0297982
0.0297957
0.0297931
0.0297906
0.0297881
0.0297856
0.0297831
0.0297806
0.0297781
0.0297756
0.0297731
0.0297706
0.0297681
0.0297656
0.0297631
0.0297606
0.0297581
0.0297556
0.0297531
0.0297507
0.0297482
0.0297457
0.0297433
0.0297408
0.0297383
0.0297359
0.0297334
0.029731
0.0297285
0.0297261
0.0297236
0.0297212
0.0297187
0.0297163
0.0297139
0.0297114
0.029709
0.0297066
0.0297041
0.0297017
0.0296993
0.0296969
0.0296945
0.0296921
0.0296897
0.0296873
0.0296849
0.0296825
0.0296801
0.0296777
0.0296753
0.0296729
0.0296705
0.0296681
0.0296657
0.0296633
0.029661
0.0296586
0.0296562
0.0296539
0.0296515
0.0296491
0.0296468
0.0296444
0.029642
0.0296397
0.0296373
0.029635
0.0296327
0.0296303
0.029628
0.0296256
0.0296233
0.029621
0.0296186
0.0296163
0.029614
0.0296117
0.0296093
0.029607
0.0296047
0.0296024
0.0296001
0.0295978
0.0295955
0.0295932
0.0295909
0.0295886
0.0295863
0.029584
0.0295817
0.0295794
0.0295771
0.0295749
0.0295726
0.0295703
0.029568
0.0295658
0.0295635
0.0295612
0.029559
0.0295567
0.0295544
0.0295522
0.0295499
0.0295477
0.0295454
0.0295432
0.0295409
0.0295387
0.0295365
0.0295342
0.029532
0.0295297
0.0295275
0.0295253
0.0295231
0.0295208
0.0295186
0.0295164
0.0295142
0.029512
0.0295098
0.0295076
0.0295054
0.0295032
0.029501
0.0294988
0.0294966
0.0294944
0.0294922
0.02949
0.0294878
0.0294856
0.0294835
0.0294813
0.0294791
0.0294769
0.0294748
0.0294726
0.0294704
0.0294683
0.0294661
0.0294639
0.0294618
0.0294596
0.0294575
0.0294553
0.0294532
0.029451
0.0294489
0.0294468
0.0294446
0.0294425
0.0294403
0.0294382
0.0294361
0.029434
0.0294318
0.0294297
0.0294276
0.0294255
0.0294234
0.0294213
0.0294191
0.029417
0.0294149
0.0294128
0.0294107
0.0294086
0.0294065
0.0294044
0.0294024
0.0294003
0.0293982
0.0293961
0.029394
0.0293919
0.0293899
0.0293878
0.0293857
0.0293836
0.0293816
0.0293795
0.0293774
0.0293754
0.0293733
0.0293713
0.0293692
0.0293672
0.0293651
0.0293631
0.029361
0.029359
0.0293569
0.0293549
0.0293529
0.0293508
0.0293488
0.0293468
0.0293447
0.0293427
0.0293407
0.0293387
0.0293367
0.0293346
0.0293326
0.0293306
0.0293286
0.0293266
0.0293246
0.0293226
0.0293206
0.0293186
0.0293166
0.0293146
0.0293126
0.0293106
0.0293086
0.0293066
0.0293047
0.0293027
0.0293007
0.0292987
0.0292968
0.0292948
0.0292928
0.0292908
0.0292889
0.0292869
0.029285
0.029283
0.029281
0.0292791
0.0292771
0.0292752
0.0292732
0.0292713
0.0292693
0.0292674
0.0292655
0.0292635
0.0292616
0.0292597
0.0292577
0.0292558
0.0292539
0.0292519
0.02925
0.0292481
0.0292462
0.0292443
0.0292423
0.0292404
0.0292385
0.0292366
0.0292347
0.0292328
0.0292309
0.029229
0.0292271
0.0292252
0.0292233
0.0292214
0.0292195
0.0292177
0.0292158
0.0292139
0.029212
0.0292101
0.0292082
0.0292064
0.0292045
0.0292026
0.0292008
0.0291989
0.029197
0.0291952
0.0291933
0.0291914
0.0291896
0.0291877
0.0291859
0.029184
0.0291822
0.0291803
0.0291785
0.0291767
0.0291748
0.029173
0.0291711
0.0291693
0.0291675
0.0291656
0.0291638
0.029162
0.0291602
0.0291583
0.0291565
0.0291547
0.0291529
0.0291511
0.0291493
0.0291475
0.0291456
0.0291438
0.029142
0.0291402
0.0291384
0.0291366
0.0291348
0.029133
0.0291312
0.0291295
0.0291277
0.0291259
0.0291241
0.0291223
0.0291205
0.0291188
0.029117
0.0291152
0.0291134
0.0291117
0.0291099
0.0291081
0.0291064
0.0291046
0.0291028
0.0291011
0.0290993
0.0290976
0.0290958
0.0290941
0.0290923
0.0290906
0.0290888
0.0290871
0.0290853
0.0290836
0.0290818
0.0290801
0.0290784
0.0290766
0.0290749
0.0290732
0.0290715
0.0290697
0.029068
0.0290663
0.0290646
0.0290629
0.0290611
0.0290594
0.0290577
0.029056
0.0290543
0.0290526
0.0290509
0.0290492
0.0290475
0.0290458
0.0290441
0.0290424
0.0290407
0.029039
0.0290373
0.0290356
0.0290339
0.0290323
0.0290306
0.0290289
0.0290272
0.0290255
0.0290239
0.0290222
0.0290205
0.0290188
0.0290172
0.0290155
0.0290138
0.0290122
0.0290105
0.0290089
0.0290072
0.0290056
0.0290039
0.0290022
0.0290006
0.0289989
0.0289973
0.0289957
0.028994
0.0289924
0.0289907
0.0289891
0.0289875
0.0289858
0.0289842
0.0289826
0.0289809
0.0289793
0.0289777
0.0289761
0.0289744
0.0289728
0.0289712
0.0289696
0.028968
0.0289664
0.0289647
0.0289631
0.0289615
0.0289599
0.0289583
0.0289567
0.0289551
0.0289535
0.0289519
0.0289503
0.0289487
0.0289471
0.0289456
0.028944
0.0289424
0.0289408
0.0289392
0.0289376
0.028936
0.0289345
0.0289329
0.0289313
0.0289297
0.0289282
0.0289266
0.028925
0.0289235
0.0289219
0.0289203
0.0289188
0.0289172
0.0289157
0.0289141
0.0289125
0.028911
0.0289094
0.0289079
0.0289063
0.0289048
0.0289033
0.0289017
0.0289002
0.0288986
0.0288971
0.0288956
0.028894
0.0288925
0.028891
0.0288894
0.0288879
0.0288864
0.0288849
0.0288833
0.0288818
0.0288803
0.0288788
0.0288773
0.0288757
0.0288742
0.0288727
0.0288712
0.0288697
0.0288682
0.0288667
0.0288652
0.0288637
0.0288622
0.0288607
0.0288592
0.0288577
0.0288562
0.0288547
0.0288532
0.0288517
0.0288502
0.0288487
0.0288473
0.0288458
0.0288443
0.0288428
0.0288413
0.0288399
0.0288384
0.0288369
0.0288354
0.028834
0.0288325
0.028831
0.0288296
0.0288281
0.0288266
0.0288252
0.0288237
0.0288223
0.0288208
0.0288193
0.0288179
0.0288164
0.028815
0.0288135
0.0288121
0.0288107
0.0288092
0.0288078
0.0288063
0.0288049
0.0288034
0.028802
0.0288006
0.0287991
0.0287977
0.0287963
0.0287949
0.0287934
0.028792
0.0287906
0.0287892
0.0287877
0.0287863
0.0287849
0.0287835
0.0287821
0.0287807
0.0287792
0.0287778
0.0287764
0.028775
0.0287736
0.0287722
0.0287708
0.0287694
0.028768
0.0287666
0.0287652
0.0287638
0.0287624
0.028761
0.0287596
0.0287582
0.0287568
0.0287555
0.0287541
0.0287527
0.0287513
0.0287499
0.0287485
0.0287472
0.0287458
0.0287444
0.028743
0.0287417
0.0287403
0.0287389
0.0287376
0.0287362
0.0287348
0.0287335
0.0287321
0.0287307
0.0287294
0.028728
0.0287267
0.0287253
0.028724
0.0287226
0.0287213
0.0287199
0.0287186
0.0287172
0.0287159
0.0287145
0.0287132
0.0287118
0.0287105
0.0287092
0.0287078
0.0287065
0.0287052
0.0287038
0.0287025
0.0287012
0.0286998
0.0286985
0.0286972
0.0286959
0.0286945
0.0286932
0.0286919
0.0286906
0.0286893
0.0286879
0.0286866
0.0286853
0.028684
0.0286827
0.0286814
0.0286801
0.0286788
0.0286775
0.0286762
0.0286749
0.0286736
0.0286723
0.028671
0.0286697
0.0286684
0.0286671
0.0286658
0.0286645
0.0286632
0.0286619
0.0286606
0.0286593
0.0286581
0.0286568
0.0286555
0.0286542
0.0286529
0.0286517
0.0286504
0.0286491
0.0286478
0.0286466
0.0286453
0.028644
0.0286427
0.0286415
0.0286402
0.0286389
0.0286377
0.0286364
0.0286352
0.0286339
0.0286326
0.0286314
0.0286301
0.0286289
0.0286276
0.0286264
0.0286251
0.0286239
0.0286226
0.0286214
0.0286201
0.0286189
0.0286176
0.0286164
0.0286152
0.0286139
0.0286127
0.0286114
0.0286102
0.028609
0.0286077
0.0286065
0.0286053
0.0286041
0.0286028
0.0286016
0.0286004
0.0285991
0.0285979
0.0285967
0.0285955
0.0285943
0.028593
0.0285918
0.0285906
0.0285894
0.0285882
0.028587
0.0285858
0.0285846
0.0285834
0.0285821
0.0285809
0.0285797
0.0285785
0.0285773
0.0285761
0.0285749
0.0285737
0.0285725
0.0285713
0.0285702
0.028569
0.0285678
0.0285666
0.0285654
0.0285642
0.028563
0.0285618
0.0285606
0.0285595
0.0285583
0.0285571
0.0285559
0.0285547
0.0285536
0.0285524
0.0285512
0.02855
0.0285489
0.0285477
0.0285465
0.0285454
0.0285442
0.028543
0.0285419
0.0285407
0.0285395
0.0285384
0.0285372
0.028536
0.0285349
0.0285337
0.0285326
0.0285314
0.0285303
0.0285291
0.028528
0.0285268
0.0285257
0.0285245
0.0285234
0.0285222
0.0285211
0.0285199
0.0285188
0.0285177
0.0285165
0.0285154
0.0285142
0.0285131
0.028512
0.0285108
0.0285097
0.0285086
0.0285074
0.0285063
0.0285052
0.0285041
0.0285029
0.0285018
0.0285007
0.0284996
0.0284984
0.0284973
0.0284962
0.0284951
0.028494
0.0284928
0.0284917
0.0284906
0.0284895
0.0284884
0.0284873
0.0284862
0.0284851
0.028484
0.0284829
0.0284817
0.0284806
0.0284795
0.0284784
0.0284773
0.0284762
0.0284751
0.028474
0.0284729
0.0284719
0.0284708
0.0284697
0.0284686
0.0284675
0.0284664
0.0284653
0.0284642
0.0284631
0.028462
0.028461
0.0284599
0.0284588
0.0284577
0.0284566
0.0284556
0.0284545
0.0284534
0.0284523
0.0284513
0.0284502
0.0284491
0.028448
0.028447
0.0284459
0.0284448
0.0284438
0.0284427
0.0284416
0.0284406
0.0284395
0.0284384
0.0284374
0.0284363
0.0284353
0.0284342
0.0284332
0.0284321
0.028431
0.02843
0.0284289
0.0284279
0.0284268
0.0284258
0.0284247
0.0284237
0.0284226
0.0284216
0.0284206
0.0284195
0.0284185
0.0284174
0.0284164
0.0284153
0.0284143
0.0284133
0.0284122
0.0284112
0.0284102
0.0284091
0.0284081
0.0284071
0.028406
0.028405
0.028404
0.028403
0.0284019
0.0284009
0.0283999
0.0283989
0.0283978
0.0283968
0.0283958
0.0283948
0.0283938
0.0283927
0.0283917
0.0283907
0.0283897
0.0283887
0.0283877
0.0283867
0.0283857
0.0283846
0.0283836
0.0283826
0.0283816
0.0283806
0.0283796
0.0283786
0.0283776
0.0283766
0.0283756
0.0283746
0.0283736
0.0283726
0.0283716
0.0283706
0.0283696
0.0283686
0.0283676
0.0283666
0.0283657
0.0283647
0.0283637
0.0283627
0.0283617
0.0283607
0.0283597
0.0283587
0.0283578
0.0283568
0.0283558
0.0283548
0.0283538
0.0283529
0.0283519
0.0283509
0.0283499
0.028349
0.028348
0.028347
0.028346
0.0283451
0.0283441
0.0283431
0.0283422
0.0283412
0.0283402
0.0283393
0.0283383
0.0283373
0.0283364
0.0283354
0.0283344
0.0283335
0.0283325
0.0283316
0.0283306
0.0283297
0.0283287
0.0283277
0.0283268
0.0283258
0.0283249
0.0283239
0.028323
0.028322
0.0283211
0.0283201
0.0283192
0.0283182
0.0283173
0.0283164
0.0283154
0.0283145
0.0283135
0.0283126
0.0283116
0.0283107
0.0283098
0.0283088
0.0283079
0.028307
0.028306
0.0283051
0.0283042
0.0283032
0.0283023
0.0283014
0.0283004
0.0282995
0.0282986
0.0282977
0.0282967
0.0282958
0.0282949
0.028294
0.028293
0.0282921
0.0282912
0.0282903
0.0282894
0.0282884
0.0282875
0.0282866
0.0282857
0.0282848
0.0282839
0.028283
0.028282
0.0282811
0.0282802
0.0282793
0.0282784
0.0282775
0.0282766
0.0282757
0.0282748
0.0282739
0.028273
0.0282721
0.0282712
0.0282703
0.0282694
0.0282685
0.0282676
0.0282667
0.0282658
0.0282649
0.028264
0.0282631
0.0282622
0.0282613
0.0282604
0.0282595
0.0282586
0.0282577
0.0282569
0.028256
0.0282551
0.0282542
0.0282533
0.0282524
0.0282515
0.0282507
0.0282498
0.0282489
0.028248
0.0282471
0.0282463
0.0282454
0.0282445
0.0282436
0.0282428
0.0282419
0.028241
0.0282401
0.0282393
0.0282384
0.0282375
0.0282367
0.0282358
0.0282349
0.028234
0.0282332
0.0282323
0.0282314
0.0282306
0.0282297
0.0282289
0.028228
0.0282271
0.0282263
0.0282254
0.0282246
0.0282237
0.0282228
0.028222
0.0282211
0.0282203
0.0282194
0.0282186
0.0282177
0.0282169
0.028216
0.0282152
0.0282143
0.0282135
0.0282126
0.0282118
0.0282109
0.0282101
0.0282092
0.0282084
0.0282075
0.0282067
0.0282059
0.028205
0.0282042
0.0282033
0.0282025
0.0282017
0.0282008
0.0282
0.0281991
0.0281983
0.0281975
0.0281966
0.0281958
0.028195
0.0281941
0.0281933
0.0281925
0.0281917
0.0281908
0.02819
0.0281892
0.0281883
0.0281875
0.0281867
0.0281859
0.028185
0.0281842
0.0281834
0.0281826
0.0281818
0.0281809
0.0281801
0.0281793
0.0281785
0.0281777
0.0281768
0.028176
0.0281752
0.0281744
0.0281736
0.0281728
0.028172
0.0281712
0.0281703
0.0281695
0.0281687
0.0281679
0.0281671
0.0281663
0.0281655
0.0281647
0.0281639
0.0281631
0.0281623
0.0281615
0.0281607
0.0281599
0.0281591
0.0281583
0.0281575
0.0281567
0.0281559
0.0281551
0.0281543
0.0281535
0.0281527
0.0281519
0.0281511
0.0281503
0.0281495
0.0281487
0.0281479
0.0281471
0.0281463
0.0281456
0.0281448
0.028144
0.0281432
0.0281424
0.0281416
0.0281408
0.0281401
0.0281393
0.0281385
0.0281377
0.0281369
0.0281361
0.0281354
0.0281346
0.0281338
0.028133
0.0281322
0.0281315
0.0281307
0.0281299
0.0281291
0.0281284
0.0281276
0.0281268
0.0281261
0.0281253
0.0281245
0.0281237
0.028123
0.0281222
0.0281214
0.0281207
0.0281199
0.0281191
0.0281184
0.0281176
0.0281168
0.0281161
0.0281153
0.0281145
0.0281138
0.028113
0.0281123
0.0281115
0.0281107
0.02811
0.0281092
0.0281085
0.0281077
0.028107
0.0281062
0.0281054
0.0281047
0.0281039
0.0281032
0.0281024
0.0281017
0.0281009
0.0281002
0.0280994
0.0280987
0.0280979
0.0280972
0.0280964
0.0280957
0.0280949
0.0280942
0.0280935
0.0280927
0.028092
0.0280912
0.0280905
0.0280897
0.028089
0.0280883
0.0280875
0.0280868
0.028086
0.0280853
0.0280846
0.0280838
0.0280831
0.0280824
0.0280816
0.0280809
0.0280802
0.0280794
0.0280787
0.028078
0.0280772
0.0280765
0.0280758
0.028075
0.0280743
0.0280736
0.0280729
0.0280721
0.0280714
0.0280707
0.0280699
0.0280692
0.0280685
0.0280678
0.0280671
0.0280663
0.0280656
0.0280649
0.0280642
0.0280634
0.0280627
0.028062
0.0280613
0.0280606
0.0280599
0.0280591
0.0280584
0.0280577
0.028057
0.0280563
0.0280556
0.0280549
0.0280541
0.0280534
0.0280527
0.028052
0.0280513
0.0280506
0.0280499
0.0280492
0.0280485
0.0280478
0.028047
0.0280463
0.0280456
0.0280449
0.0280442
0.0280435
0.0280428
0.0280421
0.0280414
0.0280407
0.02804
0.0280393
0.0280386
0.0280379
0.0280372
0.0280365
0.0280358
0.0280351
0.0280344
0.0280337
0.028033
0.0280323
0.0280316
0.0280309
0.0280303
0.0280296
0.0280289
0.0280282
0.0280275
0.0280268
0.0280261
0.0280254
0.0280247
0.028024
0.0280234
0.0280227
0.028022
0.0280213
0.0280206
0.0280199
0.0280192
0.0280186
0.0280179
0.0280172
0.0280165
0.0280158
0.0280151
0.0280145
0.0280138
0.0280131
0.0280124
0.0280117
0.0280111
0.0280104
0.0280097
0.028009
0.0280084
0.0280077
0.028007
0.0280063
0.0280057
0.028005
0.0280043
0.0280036
0.028003
0.0280023
0.0280016
0.028001
0.0280003
0.0279996
0.0279989
0.0279983
0.0279976
0.0279969
0.0279963
0.0279956
0.0279949
0.0279943
0.0279936
0.027993
0.0279923
0.0279916
0.027991
0.0279903
0.0279896
0.027989
0.0279883
0.0279877
0.027987
0.0279863
0.0279857
0.027985
0.0279844
0.0279837
0.0279831
0.0279824
0.0279817
0.0279811
0.0279804
0.0279798
0.0279791
0.0279785
0.0279778
0.0279772
0.0279765
0.0279759
0.0279752
0.0279746
0.0279739
0.0279733
0.0279726
0.027972
0.0279713
0.0279707
0.02797
0.0279694
0.0279687
0.0279681
0.0279674
0.0279668
0.0279662
0.0279655
0.0279649
0.0279642
0.0279636
0.0279629
0.0279623
0.0279617
0.027961
0.0279604
0.0279597
0.0279591
0.0279585
0.0279578
0.0279572
0.0279566
0.0279559
0.0279553
0.0279547
0.027954
0.0279534
0.0279527
0.0279521
0.0279515
0.0279509
0.0279502
0.0279496
0.027949
0.0279483
0.0279477
0.0279471
0.0279464
0.0279458
0.0279452
0.0279446
0.0279439
0.0279433
0.0279427
0.027942
0.0279414
0.0279408
0.0279402
0.0279395
0.0279389
0.0279383
0.0279377
0.0279371
0.0279364
0.0279358
0.0279352
0.0279346
0.027934
0.0279333
0.0279327
0.0279321
0.0279315
0.0279309
0.0279302
0.0279296
0.027929
0.0279284
0.0279278
0.0279272
0.0279265
0.0279259
0.0279253
0.0279247
0.0279241
0.0279235
0.0279229
0.0279223
0.0279216
0.027921
0.0279204
0.0279198
0.0279192
0.0279186
0.027918
0.0279174
0.0279168
0.0279162
0.0279156
0.027915
0.0279143
0.0279137
0.0279131
0.0279125
0.0279119
0.0279113
0.0279107
0.0279101
0.0279095
0.0279089
0.0279083
0.0279077
0.0279071
0.0279065
0.0279059
0.0279053
0.0279047
0.0279041
0.0279035
0.0279029
0.0279023
0.0279017
0.0279011
0.0279005
0.0278999
0.0278993
0.0278987
0.0278981
0.0278976
0.027897
0.0278964
0.0278958
0.0278952
0.0278946
0.027894
0.0278934
0.0278928
0.0278922
0.0278916
0.027891
0.0278905
0.0278899
0.0278893
0.0278887
0.0278881
0.0278875
0.0278869
0.0278863
0.0278858
0.0278852
0.0278846
0.027884
0.0278834
0.0278828
0.0278822
0.0278817
0.0278811
0.0278805
0.0278799
0.0278793
0.0278788
0.0278782
0.0278776
0.027877
0.0278764
0.0278759
0.0278753
0.0278747
0.0278741
0.0278735
0.027873
0.0278724
0.0278718
0.0278712
0.0278707
0.0278701
0.0278695
0.0278689
0.0278684
0.0278678
0.0278672
0.0278666
0.0278661
0.0278655
0.0278649
0.0278644
0.0278638
0.0278632
0.0278626
0.0278621
0.0278615
0.0278609
0.0278604
0.0278598
0.0278592
0.0278587
0.0278581
0.0278575
0.027857
0.0278564
0.0278558
0.0278553
0.0278547
0.0278541
0.0278536
0.027853
0.0278524
0.0278519
0.0278513
0.0278508
0.0278502
0.0278496
0.0278491
0.0278485
0.0278479
0.0278474
0.0278468
0.0278463
0.0278457
0.0278451
0.0278446
0.027844
0.0278435
0.0278429
0.0278424
0.0278418
0.0278412
0.0278407
0.0278401
0.0278396
0.027839
0.0278385
0.0278379
0.0278374
0.0278368
0.0278363
0.0278357
0.0278351
0.0278346
0.027834
0.0278335
0.0278329
0.0278324
0.0278318
0.0278313
0.0278307
0.0278302
0.0278296
0.0278291
0.0278285
0.027828
0.0278275
0.0278269
0.0278264
0.0278258
0.0278253
0.0278247
0.0278242
0.0278236
0.0278231
0.0278225
0.027822
0.0278215
0.0278209
0.0278204
0.0278198
0.0278193
0.0278187
0.0278182
0.0278177
0.0278171
0.0278166
0.027816
0.0278155
0.027815
0.0278144
0.0278139
0.0278133
0.0278128
0.0278123
0.0278117
0.0278112
0.0278107
0.0278101
0.0278096
0.027809
0.0278085
0.027808
0.0278074
0.0278069
0.0278064
0.0278058
0.0278053
0.0278048
0.0278042
0.0278037
0.0278032
0.0278026
0.0278021
0.0278016
0.027801
0.0278005
0.0278
0.0277995
0.0277989
0.0277984
0.0277979
0.0277973
0.0277968
0.0277963
0.0277958
0.0277952
0.0277947
0.0277942
0.0277936
0.0277931
0.0277926
0.0277921
0.0277915
0.027791
0.0277905
0.02779
0.0277894
0.0277889
0.0277884
0.0277879
0.0277874
0.0277868
0.0277863
0.0277858
0.0277853
0.0277847
0.0277842
0.0277837
0.0277832
0.0277827
0.0277821
0.0277816
0.0277811
0.0277806
0.0277801
0.0277796
0.027779
0.0277785
0.027778
0.0277775
0.027777
0.0277764
0.0277759
0.0277754
0.0277749
0.0277744
0.0277739
0.0277734
0.0277728
0.0277723
0.0277718
0.0277713
0.0277708
0.0277703
0.0277698
0.0277693
0.0277687
0.0277682
0.0277677
0.0277672
0.0277667
0.0277662
0.0277657
0.0277652
0.0277647
0.0277642
0.0277636
0.0277631
0.0277626
0.0277621
0.0277616
0.0277611
0.0277606
0.0277601
0.0277596
0.0277591
0.0277586
0.0277581
0.0277576
0.0277571
0.0277566
0.027756
0.0277555
0.027755
0.0277545
0.027754
0.0277535
0.027753
0.0277525
0.027752
0.0277515
0.027751
0.0277505
0.02775
0.0277495
0.027749
0.0277485
0.027748
0.0277475
0.027747
0.0277465
0.027746
0.0277455
0.027745
0.0277445
0.027744
0.0277435
0.027743
0.0277425
0.027742
0.0277415
0.027741
0.0277406
0.0277401
0.0277396
0.0277391
0.0277386
0.0277381
0.0277376
0.0277371
0.0277366
0.0277361
0.0277356
0.0277351
0.0277346
0.0277341
0.0277336
0.0277332
0.0277327
0.0277322
0.0277317
0.0277312
0.0277307
0.0277302
0.0277297
0.0277292
0.0277287
0.0277282
0.0277278
0.0277273
0.0277268
0.0277263
0.0277258
0.0277253
0.0277248
0.0277243
0.0277239
0.0277234
0.0277229
0.0277224
0.0277219
0.0277214
0.0277209
0.0277205
0.02772
0.0277195
0.027719
0.0277185
0.027718
0.0277176
0.0277171
0.0277166
0.0277161
0.0277156
0.0277151
0.0277147
0.0277142
0.0277137
0.0277132
0.0277127
0.0277123
0.0277118
0.0277113
0.0277108
0.0277103
0.0277099
0.0277094
0.0277089
0.0277084
0.027708
0.0277075
0.027707
0.0277065
0.027706
0.0277056
0.0277051
0.0277046
0.0277041
0.0277037
0.0277032
0.0277027
0.0277022
0.0277018
0.0277013
0.0277008
0.0277003
0.0276999
0.0276994
0.0276989
0.0276984
0.027698
0.0276975
0.027697
0.0276966
0.0276961
0.0276956
0.0276951
0.0276947
0.0276942
0.0276937
0.0276933
0.0276928
0.0276923
0.0276918
0.0276914
0.0276909
0.0276904
0.02769
0.0276895
0.027689
0.0276886
0.0276881
0.0276876
0.0276872
0.0276867
0.0276862
0.0276858
0.0276853
0.0276848
0.0276844
0.0276839
0.0276834
0.027683
0.0276825
0.027682
0.0276816
0.0276811
0.0276806
0.0276802
0.0276797
0.0276792
0.0276788
0.0276783
0.0276779
0.0276774
0.0276769
0.0276765
0.027676
0.0276755
0.0276751
0.0276746
0.0276742
0.0276737
0.0276732
0.0276728
0.0276723
0.0276719
0.0276714
0.0276709
0.0276705
0.02767
0.0276696
0.0276691
0.0276687
0.0276682
0.0276677
0.0276673
0.0276668
0.0276664
0.0276659
0.0276655
0.027665
0.0276645
0.0276641
0.0276636
0.0276632
0.0276627
0.0276623
0.0276618
0.0276614
0.0276609
0.0276604
0.02766
0.0276595
0.0276591
0.0276586
0.0276582
0.0276577
0.0276573
0.0276568
0.0276564
0.0276559
0.0276555
0.027655
0.0276546
0.0276541
0.0276537
0.0276532
0.0276528
0.0276523
0.0276519
0.0276514
0.027651
0.0276505
0.0276501
0.0276496
0.0276492
0.0276487
0.0276483
0.0276478
0.0276474
0.0276469
0.0276465
0.027646
0.0276456
0.0276451
0.0276447
0.0276442
0.0276438
0.0276433
0.0276429
0.0276424
0.027642
0.0276416
0.0276411
0.0276407
0.0276402
0.0276398
0.0276393
0.0276389
0.0276384
0.027638
0.0276376
0.0276371
0.0276367
0.0276362
0.0276358
0.0276353
0.0276349
0.0276345
0.027634
0.0276336
0.0276331
0.0276327
0.0276322
0.0276318
0.0276314
0.0276309
0.0276305
0.02763
0.0276296
0.0276292
0.0276287
0.0276283
0.0276278
0.0276274
0.027627
0.0276265
0.0276261
0.0276256
0.0276252
0.0276248
0.0276243
0.0276239
0.0276235
0.027623
0.0276226
0.0276221
0.0276217
0.0276213
0.0276208
0.0276204
0.02762
0.0276195
0.0276191
0.0276187
0.0276182
0.0276178
0.0276174
0.0276169
0.0276165
0.0276161
0.0276156
0.0276152
0.0276148
0.0276143
0.0276139
0.0276135
0.027613
0.0276126
0.0276122
0.0276117
0.0276113
0.0276109
0.0276104
0.02761
0.0276096
0.0276091
0.0276087
0.0276083
0.0276078
0.0276074
0.027607
0.0276066
0.0276061
0.0276057
0.0276053
0.0276048
0.0276044
0.027604
0.0276035
0.0276031
0.0276027
0.0276023
0.0276018
0.0276014
0.027601
0.0276006
0.0276001
0.0275997
0.0275993
0.0275988
0.0275984
0.027598
0.0275976
0.0275971
0.0275967
0.0275963
0.0275959
0.0275954
0.027595
0.0275946
0.0275942
0.0275937
0.0275933
0.0275929
0.0275925
0.027592
0.0275916
0.0275912
0.0275908
0.0275903
0.0275899
0.0275895
0.0275891
0.0275887
0.0275882
0.0275878
0.0275874
0.027587
0.0275865
0.0275861
0.0275857
0.0275853
0.0275849
0.0275844
0.027584
0.0275836
0.0275832
0.0275828
0.0275823
0.0275819
0.0275815
0.0275811
0.0275807
0.0275802
0.0275798
0.0275794
0.027579
0.0275786
0.0275781
0.0275777
0.0275773
0.0275769
0.0275765
0.0275761
0.0275756
0.0275752
0.0275748
0.0275744
0.027574
0.0275736
0.0275731
0.0275727
0.0275723
0.0275719
0.0275715
0.0275711
0.0275706
0.0275702
0.0275698
0.0275694
0.027569
0.0275686
0.0275681
0.0275677
0.0275673
0.0275669
0.0275665
0.0275661
0.0275657
0.0275653
0.0275648
0.0275644
0.027564
0.0275636
0.0275632
0.0275628
0.0275624
0.027562
0.0275615
0.0275611
0.0275607
0.0275603
0.0275599
0.0275595
0.0275591
0.0275587
0.0275583
0.0275578
0.0275574
0.027557
0.0275566
0.0275562
0.0275558
0.0275554
0.027555
0.0275546
0.0275542
0.0275537
0.0275533
0.0275529
0.0275525
0.0275521
0.0275517
0.0275513
0.0275509
0.0275505
0.0275501
0.0275497
0.0275493
0.0275488
0.0275484
0.027548
0.0275476
0.0275472
0.0275468
0.0275464
0.027546
0.0275456
0.0275452
0.0275448
0.0275444
0.027544
0.0275436
0.0275432
0.0275428
0.0275424
0.0275419
0.0275415
0.0275411
0.0275407
0.0275403
0.0275399
0.0275395
0.0275391
0.0275387
0.0275383
0.0275379
0.0275375
0.0275371
0.0275367
0.0275363
0.0275359
0.0275355
0.0275351
0.0275347
0.0275343
0.0275339
0.0275335
0.0275331
0.0275327
0.0275323
0.0275319
0.0275315
0.0275311
0.0275307
0.0275303
0.0275299
0.0275295
0.0275291
0.0275287
0.0275283
0.0275279
0.0275275
0.0275271
0.0275267
0.0275263
0.0275259
0.0275255
0.0275251
0.0275247
0.0275243
0.0275239
0.0275235
0.0275231
0.0275227
0.0275223
0.0275219
0.0275215
0.0275211
0.0275207
0.0275203
0.0275199
0.0275195
0.0275191
0.0275187
0.0275183
0.0275179
0.0275175
0.0275171
0.0275167
0.0275163
0.0275159
0.0275156
0.0275152
0.0275148
0.0275144
0.027514
0.0275136
0.0275132
0.0275128
0.0275124
0.027512
0.0275116
0.0275112
0.0275108
0.0275104
0.02751
0.0275096
0.0275092
0.0275089
0.0275085
0.0275081
0.0275077
0.0275073
0.0275069
0.0275065
0.0275061
0.0275057
0.0275053
0.0275049
0.0275045
0.0275041
0.0275038
0.0275034
0.027503
0.0275026
0.0275022
0.0275018
0.0275014
0.027501
0.0275006
0.0275002
0.0274998
0.0274995
0.0274991
0.0274987
0.0274983
0.0274979
0.0274975
0.0274971
0.0274967
0.0274963
0.0274959
0.0274956
0.0274952
0.0274948
0.0274944
0.027494
0.0274936
0.0274932
0.0274928
0.0274925
0.0274921
0.0274917
0.0274913
0.0274909
0.0274905
0.0274901
0.0274897
0.0274894
0.027489
0.0274886
0.0274882
0.0274878
0.0274874
0.027487
0.0274867
0.0274863
0.0274859
0.0274855
0.0274851
0.0274847
0.0274843
0.027484
0.0274836
0.0274832
0.0274828
0.0274824
0.027482
0.0274816
0.0274813
0.0274809
0.0274805
0.0274801
0.0274797
0.0274793
0.027479
0.0274786
0.0274782
0.0274778
0.0274774
0.027477
0.0274767
0.0274763
0.0274759
0.0274755
0.0274751
0.0274747
0.0274744
0.027474
0.0274736
0.0274732
0.0274728
0.0274724
0.0274721
0.0274717
0.0274713
0.0274709
0.0274705
0.0274702
0.0274698
0.0274694
0.027469
0.0274686
0.0274683
0.0274679
0.0274675
0.0274671
0.0274667
0.0274664
0.027466
0.0274656
0.0274652
0.0274648
0.0274645
0.0274641
0.0274637
0.0274633
0.0274629
0.0274626
0.0274622
0.0274618
0.0274614
0.0274611
0.0274607
0.0274603
0.0274599
0.0274595
0.0274592
0.0274588
0.0274584
0.027458
0.0274577
0.0274573
0.0274569
0.0274565
0.0274561
0.0274558
0.0274554
0.027455
0.0274546
0.0274543
0.0274539
0.0274535
0.0274531
0.0274528
0.0274524
0.027452
0.0274516
0.0274513
0.0274509
0.0274505
0.0274501
0.0274498
0.0274494
0.027449
0.0274486
0.0274483
0.0274479
0.0274475
0.0274471
0.0274468
0.0274464
0.027446
0.0274456
0.0274453
0.0274449
0.0274445
0.0274441
0.0274438
0.0274434
0.027443
0.0274426
0.0274423
0.0274419
0.0274415
0.0274412
0.0274408
0.0274404
0.02744
0.0274397
0.0274393
0.0274389
0.0274385
0.0274382
0.0274378
0.0274374
0.0274371
0.0274367
0.0274363
0.0274359
0.0274356
0.0274352
0.0274348
0.0274345
0.0274341
0.0274337
0.0274333
0.027433
0.0274326
0.0274322
0.0274319
0.0274315
0.0274311
0.0274308
0.0274304
0.02743
0.0274296
0.0274293
0.0274289
0.0274285
0.0274282
0.0274278
0.0274274
0.0274271
0.0274267
0.0274263
0.027426
0.0274256
0.0274252
0.0274249
0.0274245
0.0274241
0.0274237
0.0274234
0.027423
0.0274226
0.0274223
0.0274219
0.0274215
0.0274212
0.0274208
0.0274204
0.0274201
0.0274197
0.0274193
0.027419
0.0274186
0.0274182
0.0274179
0.0274175
0.0274171
0.0274168
0.0274164
0.027416
0.0274157
0.0274153
0.0274149
0.0274146
0.0274142
0.0274138
0.0274135
0.0274131
0.0274127
0.0274124
0.027412
0.0274117
0.0274113
0.0274109
0.0274106
0.0274102
0.0274098
0.0274095
0.0274091
0.0274087
0.0274084
0.027408
0.0274076
0.0274073
0.0274069
0.0274066
0.0274062
0.0274058
0.0274055
0.0274051
0.0274047
0.0274044
0.027404
0.0274036
0.0274033
0.0274029
0.0274026
0.0274022
0.0274018
0.0274015
0.0274011
0.0274007
0.0274004
0.0274
0.0273997
0.0273993
0.0273989
0.0273986
0.0273982
0.0273978
0.0273975
0.0273971
0.0273968
0.0273964
0.027396
0.0273957
0.0273953
0.027395
0.0273946
0.0273942
0.0273939
0.0273935
0.0273932
0.0273928
0.0273924
0.0273921
0.0273917
0.0273914
0.027391
0.0273906
0.0273903
0.0273899
0.0273896
0.0273892
0.0273888
0.0273885
0.0273881
0.0273878
0.0273874
0.027387
0.0273867
0.0273863
0.027386
0.0273856
0.0273852
0.0273849
0.0273845
0.0273842
0.0273838
0.0273835
0.0273831
0.0273827
0.0273824
0.027382
0.0273817
0.0273813
0.0273809
0.0273806
0.0273802
0.0273799
0.0273795
0.0273792
0.0273788
0.0273784
0.0273781
0.0273777
0.0273774
0.027377
0.0273767
0.0273763
0.0273759
0.0273756
0.0273752
0.0273749
0.0273745
0.0273742
0.0273738
0.0273735
0.0273731
0.0273727
0.0273724
0.027372
0.0273717
0.0273713
0.027371
0.0273706
0.0273703
0.0273699
0.0273695
0.0273692
0.0273688
0.0273685
0.0273681
0.0273678
0.0273674
0.0273671
0.0273667
0.0273664
0.027366
0.0273656
0.0273653
0.0273649
0.0273646
0.0273642
0.0273639
0.0273635
0.0273632
0.0273628
0.0273625
0.0273621
0.0273618
0.0273614
0.027361
0.0273607
0.0273603
0.02736
0.0273596
0.0273593
0.0273589
0.0273586
0.0273582
0.0273579
0.0273575
0.0273572
0.0273568
0.0273565
0.0273561
0.0273558
0.0273554
0.0273551
0.0273547
0.0273543
0.027354
0.0273536
0.0273533
0.0273529
0.0273526
0.0273522
0.0273519
0.0273515
0.0273512
0.0273508
0.0273505
0.0273501
0.0273498
0.0273494
0.0273491
0.0273487
0.0273484
0.027348
0.0273477
0.0273473
0.027347
0.0273466
0.0273463
0.0273459
0.0273456
0.0273452
0.0273449
0.0273445
0.0273442
0.0273438
0.0273435
0.0273431
0.0273428
0.0273424
0.0273421
0.0273417
0.0273414
0.027341
0.0273407
0.0273403
0.02734
0.0273396
0.0273393
0.0273389
0.0273386
0.0273382
0.0273379
0.0273375
0.0273372
0.0273368
0.0273365
0.0273362
0.0273358
0.0273355
0.0273351
0.0273348
0.0273344
0.0273341
0.0273337
0.0273334
0.027333
0.0273327
0.0273323
0.027332
0.0273316
0.0273313
0.0273309
0.0273306
0.0273302
0.0273299
0.0273296
0.0273292
0.0273289
0.0273285
0.0273282
0.0273278
0.0273275
0.0273271
0.0273268
0.0273264
0.0273261
0.0273257
0.0273254
0.027325
0.0273247
0.0273244
0.027324
0.0273237
0.0273233
0.027323
0.0273226
0.0273223
0.0273219
0.0273216
0.0273212
0.0273209
0.0273206
0.0273202
0.0273199
0.0273195
0.0273192
0.0273188
0.0273185
0.0273181
0.0273178
0.0273175
0.0273171
0.0273168
0.0273164
0.0273161
0.0273157
0.0273154
0.027315
0.0273147
0.0273144
0.027314
0.0273137
0.0273133
0.027313
0.0273126
0.0273123
0.0273119
0.0273116
0.0273113
0.0273109
0.0273106
0.0273102
0.0273099
0.0273095
0.0273092
0.0273089
0.0273085
0.0273082
0.0273078
0.0273075
0.0273071
0.0273068
0.0273065
0.0273061
0.0273058
0.0273054
0.0273051
0.0273047
0.0273044
0.0273041
0.0273037
0.0273034
0.027303
0.0273027
0.0273024
0.027302
0.0273017
0.0273013
0.027301
0.0273006
0.0273003
0.0273
0.0272996
0.0272993
0.0272989
0.0272986
0.0272983
0.0272979
0.0272976
0.0272972
0.0272969
0.0272966
0.0272962
0.0272959
0.0272955
0.0272952
0.0272949
0.0272945
0.0272942
0.0272938
0.0272935
0.0272931
0.0272928
0.0272925
0.0272921
0.0272918
0.0272914
0.0272911
0.0272908
0.0272904
0.0272901
0.0272898
0.0272894
0.0272891
0.0272887
0.0272884
0.0272881
0.0272877
0.0272874
0.027287
0.0272867
0.0272864
0.027286
0.0272857
0.0272853
0.027285
0.0272847
0.0272843
0.027284
0.0272836
0.0272833
0.027283
0.0272826
0.0272823
0.027282
0.0272816
0.0272813
0.0272809
0.0272806
0.0272803
0.0272799
0.0272796
0.0272793
0.0272789
0.0272786
0.0272782
0.0272779
0.0272776
0.0272772
0.0272769
0.0272766
0.0272762
0.0272759
0.0272755
0.0272752
0.0272749
0.0272745
0.0272742
0.0272739
0.0272735
0.0272732
0.0272728
0.0272725
0.0272722
0.0272718
0.0272715
0.0272712
0.0272708
0.0272705
0.0272702
0.0272698
0.0272695
0.0272691
0.0272688
0.0272685
0.0272681
0.0272678
0.0272675
0.0272671
0.0272668
0.0272665
0.0272661
0.0272658
0.0272654
0.0272651
0.0272648
0.0272644
0.0272641
0.0272638
0.0272634
0.0272631
0.0272628
0.0272624
0.0272621
0.0272618
0.0272614
0.0272611
0.0272608
0.0272604
0.0272601
0.0272598
0.0272594
0.0272591
0.0272587
0.0272584
0.0272581
0.0272577
0.0272574
0.0272571
0.0272567
0.0272564
0.0272561
0.0272557
0.0272554
0.0272551
0.0272547
0.0272544
0.0272541
0.0272537
0.0272534
0.0272531
0.0272527
0.0272524
0.0272521
0.0272517
0.0272514
0.0272511
0.0272507
0.0272504
0.0272501
0.0272497
0.0272494
0.0272491
0.0272487
0.0272484
0.0272481
0.0272477
0.0272474
0.0272471
0.0272467
0.0272464
0.0272461
0.0272457
0.0272454
0.0272451
0.0272447
0.0272444
0.0272441
0.0272437
0.0272434
0.0272431
0.0272427
0.0272424
0.0272421
0.0272418
0.0272414
0.0272411
0.0272408
0.0272404
0.0272401
0.0272398
0.0272394
0.0272391
0.0272388
0.0272384
0.0272381
0.0272378
0.0272374
0.0272371
0.0272368
0.0272364
0.0272361
0.0272358
0.0272355
0.0272351
0.0272348
0.0272345
0.0272341
0.0272338
0.0272335
0.0272331
0.0272328
0.0272325
0.0272321
0.0272318
0.0272315
0.0272312
0.0272308
0.0272305
0.0272302
0.0272298
0.0272295
0.0272292
0.0272288
0.0272285
0.0272282
0.0272279
0.0272275
0.0272272
0.0272269
0.0272265
0.0272262
0.0272259
0.0272255
0.0272252
0.0272249
0.0272246
0.0272242
0.0272239
0.0272236
0.0272232
0.0272229
0.0272226
0.0272222
0.0272219
0.0272216
0.0272213
0.0272209
0.0272206
0.0272203
0.0272199
0.0272196
0.0272193
0.027219
0.0272186
0.0272183
0.027218
0.0272176
0.0272173
0.027217
0.0272167
0.0272163
0.027216
0.0272157
0.0272153
0.027215
0.0272147
0.0272144
0.027214
0.0272137
0.0272134
0.0272131
0.0272127
0.0272124
0.0272121
0.0272117
0.0272114
0.0272111
0.0272108
0.0272104
0.0272101
0.0272098
0.0272094
0.0272091
0.0272088
0.0272085
0.0272081
0.0272078
0.0272075
0.0272072
0.0272068
0.0272065
0.0272062
0.0272058
0.0272055
0.0272052
0.0272049
0.0272045
0.0272042
0.0272039
0.0272036
0.0272032
0.0272029
0.0272026
0.0272023
0.0272019
0.0272016
0.0272013
0.0272009
0.0272006
0.0272003
0.0272
0.0271996
0.0271993
0.027199
0.0271987
0.0271983
0.027198
0.0271977
0.0271974
0.027197
0.0271967
0.0271964
0.0271961
0.0271957
0.0271954
0.0271951
0.0271948
0.0271944
0.0271941
0.0271938
0.0271935
0.0271931
0.0271928
0.0271925
0.0271922
0.0271918
0.0271915
0.0271912
0.0271909
0.0271905
0.0271902
0.0271899
0.0271896
0.0271892
0.0271889
0.0271886
0.0271883
0.0271879
0.0271876
0.0271873
0.027187
0.0271866
0.0271863
0.027186
0.0271857
0.0271853
0.027185
0.0271847
0.0271844
0.027184
0.0271837
0.0271834
0.0271831
0.0271827
0.0271824
0.0271821
0.0271818
0.0271814
0.0271811
0.0271808
0.0271805
0.0271801
0.0271798
0.0271795
0.0271792
0.0271789
0.0271785
0.0271782
0.0271779
0.0271776
0.0271772
0.0271769
0.0271766
0.0271763
0.0271759
0.0271756
0.0271753
0.027175
0.0271746
0.0271743
0.027174
0.0271737
0.0271734
0.027173
0.0271727
0.0271724
0.0271721
0.0271717
0.0271714
0.0271711
0.0271708
0.0271705
0.0271701
0.0271698
0.0271695
0.0271692
0.0271688
0.0271685
0.0271682
0.0271679
0.0271676
0.0271672
0.0271669
0.0271666
0.0271663
0.0271659
0.0271656
0.0271653
0.027165
0.0271647
0.0271643
0.027164
0.0271637
0.0271634
0.027163
0.0271627
0.0271624
0.0271621
0.0271618
0.0271614
0.0271611
0.0271608
0.0271605
0.0271602
0.0271598
0.0271595
0.0271592
0.0271589
0.0271585
0.0271582
0.0271579
0.0271576
0.0271573
0.0271569
0.0271566
0.0271563
0.027156
0.0271557
0.0271553
0.027155
0.0271547
0.0271544
0.0271541
0.0271537
0.0271534
0.0271531
0.0271528
0.0271525
0.0271521
0.0271518
0.0271515
0.0271512
0.0271508
0.0271505
0.0271502
0.0271499
0.0271496
0.0271492
0.0271489
0.0271486
0.0271483
0.027148
0.0271476
0.0271473
0.027147
0.0271467
0.0271464
0.027146
0.0271457
0.0271454
0.0271451
0.0271448
0.0271445
0.0271441
0.0271438
0.0271435
0.0271432
0.0271429
0.0271425
0.0271422
0.0271419
0.0271416
0.0271413
0.0271409
0.0271406
0.0271403
0.02714
0.0271397
0.0271393
0.027139
0.0271387
0.0271384
0.0271381
0.0271377
0.0271374
0.0271371
0.0271368
0.0271365
0.0271362
0.0271358
0.0271355
0.0271352
0.0271349
0.0271346
0.0271342
0.0271339
0.0271336
0.0271333
0.027133
0.0271327
0.0271323
0.027132
0.0271317
0.0271314
0.0271311
0.0271307
0.0271304
0.0271301
0.0271298
0.0271295
0.0271292
0.0271288
0.0271285
0.0271282
0.0271279
0.0271276
0.0271272
0.0271269
0.0271266
0.0271263
0.027126
0.0271257
0.0271253
0.027125
0.0271247
0.0271244
0.0271241
0.0271238
0.0271234
0.0271231
0.0271228
0.0271225
0.0271222
0.0271218
0.0271215
0.0271212
0.0271209
0.0271206
0.0271203
0.0271199
0.0271196
0.0271193
0.027119
0.0271187
0.0271184
0.027118
0.0271177
0.0271174
0.0271171
0.0271168
0.0271165
0.0271161
0.0271158
0.0271155
0.0271152
0.0271149
0.0271146
0.0271142
0.0271139
0.0271136
0.0271133
0.027113
0.0271127
0.0271124
0.027112
0.0271117
0.0271114
0.0271111
0.0271108
0.0271105
0.0271101
0.0271098
0.0271095
0.0271092
0.0271089
0.0271086
0.0271082
0.0271079
0.0271076
0.0271073
0.027107
0.0271067
0.0271063
0.027106
0.0271057
0.0271054
0.0271051
0.0271048
0.0271045
0.0271041
0.0271038
0.0271035
0.0271032
0.0271029
0.0271026
0.0271022
0.0271019
0.0271016
0.0271013
0.027101
0.0271007
0.0271004
0.0271
0.0270997
0.0270994
0.0270991
0.0270988
0.0270985
0.0270982
0.0270978
0.0270975
0.0270972
0.0270969
0.0270966
0.0270963
0.027096
0.0270956
0.0270953
0.027095
0.0270947
0.0270944
0.0270941
0.0270938
0.0270934
0.0270931
0.0270928
0.0270925
0.0270922
0.0270919
0.0270916
0.0270912
0.0270909
0.0270906
0.0270903
0.02709
0.0270897
0.0270894
0.027089
0.0270887
0.0270884
0.0270881
0.0270878
0.0270875
0.0270872
0.0270868
0.0270865
0.0270862
0.0270859
0.0270856
0.0270853
0.027085
0.0270846
0.0270843
0.027084
0.0270837
0.0270834
0.0270831
0.0270828
0.0270825
0.0270821
0.0270818
0.0270815
0.0270812
0.0270809
0.0270806
0.0270803
0.02708
0.0270796
0.0270793
0.027079
0.0270787
0.0270784
0.0270781
0.0270778
0.0270774
0.0270771
0.0270768
0.0270765
0.0270762
0.0270759
0.0270756
0.0270753
0.0270749
0.0270746
0.0270743
0.027074
0.0270737
0.0270734
0.0270731
0.0270728
0.0270724
0.0270721
0.0270718
0.0270715
0.0270712
0.0270709
0.0270706
0.0270703
0.02707
0.0270696
0.0270693
0.027069
0.0270687
0.0270684
0.0270681
0.0270678
0.0270675
0.0270671
0.0270668
0.0270665
0.0270662
0.0270659
0.0270656
0.0270653
0.027065
0.0270647
0.0270643
0.027064
0.0270637
0.0270634
0.0270631
0.0270628
0.0270625
0.0270622
0.0270618
0.0270615
0.0270612
0.0270609
0.0270606
0.0270603
0.02706
0.0270597
0.0270594
0.027059
0.0270587
0.0270584
0.0270581
0.0270578
0.0270575
0.0270572
0.0270569
0.0270566
0.0270562
0.0270559
0.0270556
0.0270553
0.027055
0.0270547
0.0270544
0.0270541
0.0270538
0.0270535
0.0270531
0.0270528
0.0270525
0.0270522
0.0270519
0.0270516
0.0270513
0.027051
0.0270507
0.0270503
0.02705
0.0270497
0.0270494
0.0270491
0.0270488
0.0270485
0.0270482
0.0270479
0.0270476
0.0270472
0.0270469
0.0270466
0.0270463
0.027046
0.0270457
0.0270454
0.0270451
0.0270448
0.0270445
0.0270441
0.0270438
0.0270435
0.0270432
0.0270429
0.0270426
0.0270423
0.027042
0.0270417
0.0270414
0.0270411
0.0270407
0.0270404
0.0270401
0.0270398
0.0270395
0.0270392
0.0270389
0.0270386
0.0270383
0.027038
0.0270376
0.0270373
0.027037
0.0270367
0.0270364
0.0270361
0.0270358
0.0270355
0.0270352
0.0270349
0.0270346
0.0270342
0.0270339
0.0270336
0.0270333
0.027033
0.0270327
0.0270324
0.0270321
0.0270318
0.0270315
0.0270312
0.0270309
0.0270305
0.0270302
0.0270299
0.0270296
0.0270293
0.027029
0.0270287
0.0270284
0.0270281
0.0270278
0.0270275
0.0270272
0.0270268
0.0270265
0.0270262
0.0270259
0.0270256
0.0270253
0.027025
0.0270247
0.0270244
0.0270241
0.0270238
0.0270235
0.0270231
0.0270228
0.0270225
0.0270222
0.0270219
0.0270216
0.0270213
0.027021
0.0270207
0.0270204
0.0270201
0.0270198
0.0270195
0.0270191
0.0270188
0.0270185
0.0270182
0.0270179
0.0270176
0.0270173
0.027017
0.0270167
0.0270164
0.0270161
0.0270158
0.0270155
0.0270151
0.0270148
0.0270145
0.0270142
0.0270139
0.0270136
0.0270133
0.027013
0.0270127
0.0270124
0.0270121
0.0270118
0.0270115
0.0270112
0.0270108
0.0270105
0.0270102
0.0270099
0.0270096
0.0270093
0.027009
0.0270087
0.0270084
0.0270081
0.0270078
0.0270075
0.0270072
0.0270069
0.0270066
0.0270062
0.0270059
0.0270056
0.0270053
0.027005
0.0270047
0.0270044
0.0270041
0.0270038
0.0270035
0.0270032
0.0270029
0.0270026
0.0270023
0.027002
0.0270017
0.0270013
0.027001
0.0270007
0.0270004
0.0270001
0.0269998
0.0269995
0.0269992
0.0269989
0.0269986
0.0269983
0.026998
0.0269977
0.0269974
0.0269971
0.0269968
0.0269965
0.0269961
0.0269958
0.0269955
0.0269952
0.0269949
0.0269946
0.0269943
0.026994
0.0269937
0.0269934
0.0269931
0.0269928
0.0269925
0.0269922
0.0269919
0.0269916
0.0269913
0.026991
0.0269906
0.0269903
0.02699
0.0269897
0.0269894
0.0269891
0.0269888
0.0269885
0.0269882
0.0269879
0.0269876
0.0269873
0.026987
0.0269867
0.0269864
0.0269861
0.0269858
0.0269855
0.0269852
0.0269848
0.0269845
0.0269842
0.0269839
0.0269836
0.0269833
0.026983
0.0269827
0.0269824
0.0269821
0.0269818
0.0269815
0.0269812
0.0269809
0.0269806
0.0269803
0.02698
0.0269797
0.0269794
0.0269791
0.0269788
0.0269785
0.0269781
0.0269778
0.0269775
0.0269772
0.0269769
0.0269766
0.0269763
0.026976
0.0269757
0.0269754
0.0269751
0.0269748
0.0269745
0.0269742
0.0269739
0.0269736
0.0269733
0.026973
0.0269727
0.0269724
0.0269721
0.0269718
0.0269715
0.0269712
0.0269709
0.0269705
0.0269702
0.0269699
0.0269696
0.0269693
0.026969
0.0269687
0.0269684
0.0269681
0.0269678
0.0269675
0.0269672
0.0269669
0.0269666
0.0269663
0.026966
0.0269657
0.0269654
0.0269651
0.0269648
0.0269645
0.0269642
0.0269639
0.0269636
0.0269633
0.026963
0.0269627
0.0269624
0.0269621
0.0269617
0.0269614
0.0269611
0.0269608
0.0269605
0.0269602
0.0269599
0.0269596
0.0269593
0.026959
0.0269587
0.0269584
0.0269581
0.0269578
0.0269575
0.0269572
0.0269569
0.0269566
0.0269563
0.026956
0.0269557
0.0269554
0.0269551
0.0269548
0.0269545
0.0269542
0.0269539
0.0269536
0.0269533
0.026953
0.0269527
0.0269524
0.0269521
0.0269518
0.0269515
0.0269512
0.0269509
0.0269506
0.0269502
0.0269499
0.0269496
0.0269493
0.026949
0.0269487
0.0269484
0.0269481
0.0269478
0.0269475
0.0269472
0.0269469
0.0269466
0.0269463
0.026946
0.0269457
0.0269454
0.0269451
0.0269448
0.0269445
0.0269442
0.0269439
0.0269436
0.0269433
0.026943
0.0269427
0.0269424
0.0269421
0.0269418
0.0269415
0.0269412
0.0269409
0.0269406
0.0269403
0.02694
0.0269397
0.0269394
0.0269391
0.0269388
0.0269385
0.0269382
0.0269379
0.0269376
0.0269373
0.026937
0.0269367
0.0269364
0.0269361
0.0269358
0.0269355
0.0269352
0.0269349
0.0269346
0.0269343
0.026934
0.0269337
0.0269334
0.0269331
0.0269328
0.0269325
0.0269322
0.0269319
0.0269316
0.0269313
0.026931
0.0269307
0.0269304
0.0269301
0.0269298
0.0269295
0.0269291
0.0269288
0.0269285
0.0269282
0.0269279
0.0269276
0.0269273
0.026927
0.0269267
0.0269264
0.0269261
0.0269258
0.0269255
0.0269252
0.0269249
0.0269246
0.0269243
0.026924
0.0269237
0.0269234
0.0269231
0.0269228
0.0269225
0.0269222
0.0269219
0.0269216
0.0269213
0.026921
0.0269207
0.0269204
0.0269201
0.0269198
0.0269195
0.0269192
0.0269189
0.0269186
0.0269183
0.026918
0.0269177
0.0269174
0.0269171
0.0269168
0.0269165
0.0269162
0.0269159
0.0269156
0.0269153
0.026915
0.0269147
0.0269144
0.0269141
0.0269138
0.0269135
0.0269132
0.0269129
0.0269126
0.0269123
0.026912
0.0269117
0.0269115
0.0269112
0.0269109
0.0269106
0.0269103
0.02691
0.0269097
0.0269094
0.0269091
0.0269088
0.0269085
0.0269082
0.0269079
0.0269076
0.0269073
0.026907
0.0269067
0.0269064
0.0269061
0.0269058
0.0269055
0.0269052
0.0269049
0.0269046
0.0269043
0.026904
0.0269037
0.0269034
0.0269031
0.0269028
0.0269025
0.0269022
0.0269019
0.0269016
0.0269013
0.026901
0.0269007
0.0269004
0.0269001
0.0268998
0.0268995
0.0268992
0.0268989
0.0268986
0.0268983
0.026898
0.0268977
0.0268974
0.0268971
0.0268968
0.0268965
0.0268962
0.0268959
0.0268956
0.0268953
0.026895
0.0268947
0.0268944
0.0268941
0.0268938
0.0268935
0.0268932
0.0268929
0.0268926
0.0268923
0.026892
0.0268917
0.0268914
0.0268911
0.0268908
0.0268905
0.0268903
0.02689
0.0268897
0.0268894
0.0268891
0.0268888
0.0268885
0.0268882
0.0268879
0.0268876
0.0268873
0.026887
0.0268867
0.0268864
0.0268861
0.0268858
0.0268855
0.0268852
0.0268849
0.0268846
0.0268843
0.026884
0.0268837
0.0268834
0.0268831
0.0268828
0.0268825
0.0268822
0.0268819
0.0268816
0.0268813
0.026881
0.0268807
0.0268804
0.0268801
0.0268798
0.0268795
0.0268792
0.0268789
0.0268787
0.0268784
0.0268781
0.0268778
0.0268775
0.0268772
0.0268769
0.0268766
0.0268763
0.026876
0.0268757
0.0268754
0.0268751
0.0268748
0.0268745
0.0268742
0.0268739
0.0268736
0.0268733
0.026873
0.0268727
0.0268724
0.0268721
0.0268718
0.0268715
0.0268712
0.0268709
0.0268706
0.0268703
0.02687
0.0268697
0.0268695
0.0268692
0.0268689
0.0268686
0.0268683
0.026868
0.0268677
0.0268674
0.0268671
0.0268668
0.0268665
0.0268662
0.0268659
0.0268656
0.0268653
0.026865
0.0268647
0.0268644
0.0268641
0.0268638
0.0268635
0.0268632
0.0268629
0.0268626
0.0268623
0.0268621
0.0268618
0.0268615
0.0268612
0.0268609
0.0268606
0.0268603
0.02686
0.0268597
0.0268594
0.0268591
0.0268588
0.0268585
0.0268582
0.0268579
0.0268576
0.0268573
0.026857
0.0268567
0.0268564
0.0268561
0.0268558
0.0268555
0.0268553
0.026855
0.0268547
0.0268544
0.0268541
0.0268538
0.0268535
0.0268532
0.0268529
0.0268526
0.0268523
0.026852
0.0268517
0.0268514
0.0268511
0.0268508
0.0268505
0.0268502
0.0268499
0.0268496
0.0268493
0.0268491
0.0268488
0.0268485
0.0268482
0.0268479
