0.5
0.495025
0.490099
0.485223
0.480395
0.475615
0.470882
0.466197
0.461558
0.456966
0.452419
0.447917
0.44346
0.439048
0.434679
0.430354
0.426072
0.421832
0.417635
0.41348
0.409365
0.405292
0.401259
0.397267
0.393314
0.3894
0.385526
0.38169
0.377892
0.374132
0.370409
0.366723
0.363075
0.359462
0.355885
0.352344
0.348838
0.345367
0.341931
0.338528
0.33516
0.331825
0.328523
0.325255
0.322018
0.318814
0.315642
0.312501
0.309392
0.306313
0.303265
0.300248
0.29726
0.294302
0.291374
0.288475
0.285605
0.282763
0.279949
0.277164
0.274406
0.271675
0.268972
0.266296
0.263646
0.261023
0.258426
0.255854
0.253309
0.250788
0.248293
0.245822
0.243376
0.240955
0.238557
0.236184
0.233834
0.231507
0.229204
0.226923
0.224665
0.22243
0.220217
0.218026
0.215857
0.213709
0.211583
0.209478
0.207394
0.20533
0.203288
0.201265
0.199263
0.197281
0.195318
0.193375
0.191452
0.189548
0.187662
0.185796
0.183948
0.182119
0.180308
0.178516
0.176741
0.174984
0.173245
0.171523
0.169818
0.168131
0.166461
0.164807
0.163171
0.161551
0.159947
0.15836
0.156789
0.155234
0.153695
0.152172
0.150664
0.149172
0.147696
0.146234
0.144789
0.143358
0.141942
0.140541
0.139156
0.137785
0.136428
0.135087
0.13376
0.132447
0.131149
0.129865
0.128596
0.127341
0.1261
0.124874
0.123662
0.122464
0.12128
0.12011
0.118954
0.117813
0.116685
0.115572
0.114473
0.113388
0.112317
0.11126
0.110218
0.10919
0.108176
0.107176
0.106191
0.10522
0.104263
0.103321
0.102393
0.10148
0.100582
0.0996977
0.0988284
0.0979738
0.0971339
0.0963088
0.0954985
0.094703
0.0939224
0.0931566
0.0924057
0.0916698
0.0909487
0.0902425
0.0895511
0.0888747
0.088213
0.0875662
0.0869341
0.0863167
0.0857139
0.0851257
0.0845519
0.0839926
0.0834475
0.0829165
0.0823997
0.0818967
0.0814074
0.0809318
0.0804697
0.0800208
0.079585
0.0791621
0.0787519
0.0783543
0.0779689
0.0775956
0.0772342
0.0768845
0.0765461
0.076219
0.0759027
0.0755972
0.075302
0.0750171
0.0747422
0.0744769
0.0742211
0.0739745
0.0737368
0.0735079
0.0732874
0.0730751
0.0728708
0.0726742
0.0724851
0.0723033
0.0721285
0.0719605
0.071799
0.071644
0.0714951
0.0713521
0.0712149
0.0710832
0.0709568
0.0708356
0.0707193
0.0706078
0.0705009
0.0703985
0.0703003
0.0702062
0.070116
0.0700296
0.0699469
0.0698677
0.0697919
0.0697193
0.0696498
0.0695833
0.0695196
0.0694587
0.0694004
0.0693447
0.0692913
0.0692403
0.0691915
0.0691449
0.0691003
0.0690577
0.0690169
0.068978
0.0689408
0.0689052
0.0688712
0.0688387
0.0688077
0.0687781
0.0687498
0.0687227
0.0686969
0.0686723
0.0686487
0.0686263
0.0686048
0.0685843
0.0685648
0.0685462
0.0685284
0.0685115
0.0684953
0.0684799
0.0684652
0.0684511
0.0684378
0.068425
0.0684129
0.0684014
0.0683904
0.0683799
0.0683699
0.0683604
0.0683514
0.0683428
0.0683346
0.0683269
0.0683195
0.0683125
0.0683058
0.0682995
0.0682935
0.0682879
0.0682825
0.0682774
0.0682726
0.068268
0.0682637
0.0682596
0.0682558
0.0682522
0.0682487
0.0682455
0.0682425
0.0682397
0.068237
0.0682346
0.0682322
0.0682301
0.0682281
0.0682262
0.0682245
0.0682229
0.0682214
0.06822
0.0682188
0.0682177
0.0682167
0.0682158
0.068215
0.0682143
0.0682137
0.0682131
0.0682127
0.0682123
0.0682121
0.0682119
0.0682117
0.0682117
0.0682117
0.0682117
0.0682119
0.0682121
0.0682123
0.0682127
0.068213
0.0682135
0.0682139
0.0682145
0.068215
0.0682157
0.0682163
0.068217
0.0682178
0.0682186
0.0682194
0.0682203
0.0682212
0.0682221
0.0682231
0.0682241
0.0682252
0.0682262
0.0682274
0.0682285
0.0682297
0.0682309
0.0682321
0.0682333
0.0682346
0.0682359
0.0682373
0.0682386
0.06824
0.0682414
0.0682428
0.0682443
0.0682458
0.0682473
0.0682488
0.0682503
0.0682519
0.0682534
0.068255
0.0682566
0.0682583
0.0682599
0.0682616
0.0682633
0.068265
0.0682667
0.0682684
0.0682702
0.068272
0.0682738
0.0682756
0.0682774
0.0682792
0.0682811
0.0682829
0.0682848
0.0682867
0.0682886
0.0682905
0.0682924
0.0682944
0.0682963
0.0682983
0.0683003
0.0683023
0.0683043
0.0683063
0.0683083
0.0683104
0.0683124
0.0683145
0.0683166
0.0683187
0.0683208
0.0683229
0.068325
0.0683272
0.0683293
0.0683315
0.0683336
0.0683358
0.068338
0.0683402
0.0683424
0.0683446
0.0683469
0.0683491
0.0683513
0.0683536
0.0683559
0.0683581
0.0683604
0.0683627
0.068365
0.0683673
0.0683696
0.068372
0.0683743
0.0683767
0.068379
0.0683814
0.0683837
0.0683861
0.0683885
0.0683909
0.0683933
0.0683957
0.0683981
0.0684006
0.068403
0.0684054
0.0684079
0.0684103
0.0684128
0.0684153
0.0684177
0.0684202
0.0684227
0.0684252
0.0684277
0.0684302
0.0684327
0.0684353
0.0684378
0.0684403
0.0684429
0.0684454
0.068448
0.0684505
0.0684531
0.0684556
0.0684582
0.0684608
0.0684634
0.068466
0.0684686
0.0684712
0.0684738
0.0684764
0.068479
0.0684816
0.0684843
0.0684869
0.0684895
0.0684922
0.0684948
0.0684975
0.0685001
0.0685028
0.0685055
0.0685081
0.0685108
0.0685135
0.0685162
0.0685189
0.0685216
0.0685243
0.0685269
0.0685297
0.0685324
0.0685351
0.0685378
0.0685405
0.0685432
0.0685459
0.0685487
0.0685514
0.0685541
0.0685569
0.0685596
0.0685624
0.0685651
0.0685679
0.0685706
0.0685734
0.0685761
0.0685789
0.0685816
0.0685844
0.0685872
0.0685899
0.0685927
0.0685955
0.0685983
0.068601
0.0686038
0.0686066
0.0686094
0.0686122
0.068615
0.0686178
0.0686205
0.0686233
0.0686261
0.0686289
0.0686317
0.0686345
0.0686373
0.0686401
0.0686429
0.0686457
0.0686486
0.0686514
0.0686542
0.068657
0.0686598
0.0686626
0.0686654
0.0686682
0.068671
0.0686739
0.0686767
0.0686795
0.0686823
0.0686851
0.0686879
0.0686908
0.0686936
0.0686964
0.0686992
0.068702
0.0687048
0.0687077
0.0687105
0.0687133
0.0687161
0.0687189
0.0687218
0.0687246
0.0687274
0.0687302
0.068733
0.0687358
0.0687386
0.0687415
0.0687443
0.0687471
0.0687499
0.0687527
0.0687555
0.0687583
0.0687611
0.0687639
0.0687668
0.0687696
0.0687724
0.0687752
0.068778
0.0687808
0.0687836
0.0687864
0.0687892
0.068792
0.0687947
0.0687975
0.0688003
0.0688031
0.0688059
0.0688087
0.0688115
0.0688143
0.068817
0.0688198
0.0688226
0.0688254
0.0688281
0.0688309
0.0688337
0.0688364
0.0688392
0.068842
0.0688447
0.0688475
0.0688502
0.068853
0.0688557
0.0688585
0.0688612
0.0688639
0.0688667
0.0688694
0.0688721
0.0688749
0.0688776
0.0688803
0.068883
0.0688858
0.0688885
0.0688912
0.0688939
0.0688966
0.0688993
0.068902
0.0689047
0.0689074
0.0689101
0.0689128
0.0689154
0.0689181
0.0689208
0.0689235
0.0689261
0.0689288
0.0689314
0.0689341
0.0689368
0.0689394
0.068942
0.0689447
0.0689473
0.06895
0.0689526
0.0689552
0.0689578
0.0689604
0.0689631
0.0689657
0.0689683
0.0689709
0.0689735
0.068976
0.0689786
0.0689812
0.0689838
0.0689864
0.0689889
0.0689915
0.0689941
0.0689966
0.0689992
0.0690017
0.0690042
0.0690068
0.0690093
0.0690118
0.0690144
0.0690169
0.0690194
0.0690219
0.0690244
0.0690269
0.0690294
0.0690319
0.0690343
0.0690368
0.0690393
0.0690418
0.0690442
0.0690467
0.0690491
0.0690516
0.069054
0.0690564
0.0690589
0.0690613
0.0690637
0.0690661
0.0690685
0.0690709
0.0690733
0.0690757
0.0690781
0.0690804
0.0690828
0.0690852
0.0690875
0.0690899
0.0690922
0.0690946
0.0690969
0.0690992
0.0691016
0.0691039
0.0691062
0.0691085
0.0691108
0.0691131
0.0691154
0.0691176
0.0691199
0.0691222
0.0691244
0.0691267
0.0691289
0.0691312
0.0691334
0.0691357
0.0691379
0.0691401
0.0691423
0.0691445
0.0691467
0.0691489
0.0691511
0.0691532
0.0691554
0.0691576
0.0691597
0.0691619
0.069164
0.0691661
0.0691683
0.0691704
0.0691725
0.0691746
0.0691767
0.0691788
0.0691809
0.069183
0.069185
0.0691871
0.0691892
0.0691912
0.0691932
0.0691953
0.0691973
0.0691993
0.0692013
0.0692033
0.0692053
0.0692073
0.0692093
0.0692113
0.0692133
0.0692152
0.0692172
0.0692191
0.0692211
0.069223
0.0692249
0.0692268
0.0692287
0.0692306
0.0692325
0.0692344
0.0692363
0.0692381
0.06924
0.0692419
0.0692437
0.0692455
0.0692474
0.0692492
0.069251
0.0692528
0.0692546
0.0692564
0.0692582
0.0692599
0.0692617
0.0692635
0.0692652
0.069267
0.0692687
0.0692704
0.0692721
0.0692738
0.0692755
0.0692772
0.0692789
0.0692806
0.0692822
0.0692839
0.0692856
0.0692872
0.0692888
0.0692905
0.0692921
0.0692937
0.0692953
0.0692969
0.0692984
0.0693
0.0693016
0.0693031
0.0693047
0.0693062
0.0693077
0.0693093
0.0693108
0.0693123
0.0693138
0.0693153
0.0693167
0.0693182
0.0693197
0.0693211
0.0693226
0.069324
0.0693254
0.0693268
0.0693282
0.0693296
0.069331
0.0693324
0.0693338
0.0693351
0.0693365
0.0693378
0.0693391
0.0693405
0.0693418
0.0693431
0.0693444
0.0693457
0.0693469
0.0693482
0.0693495
0.0693507
0.069352
0.0693532
0.0693544
0.0693556
0.0693568
0.069358
0.0693592
0.0693604
0.0693615
0.0693627
0.0693638
0.069365
0.0693661
0.0693672
0.0693683
0.0693694
0.0693705
0.0693716
0.0693727
0.0693737
0.0693748
0.0693758
0.0693769
0.0693779
0.0693789
0.0693799
0.0693809
0.0693819
0.0693828
0.0693838
0.0693848
0.0693857
0.0693866
0.0693876
0.0693885
0.0693894
0.0693903
0.0693912
0.069392
0.0693929
0.0693938
0.0693946
0.0693954
0.0693963
0.0693971
0.0693979
0.0693987
0.0693995
0.0694002
0.069401
0.0694017
0.0694025
0.0694032
0.069404
0.0694047
0.0694054
0.0694061
0.0694067
0.0694074
0.0694081
0.0694087
0.0694094
0.06941
0.0694106
0.0694112
0.0694118
0.0694124
0.069413
0.0694136
0.0694141
0.0694147
0.0694152
0.0694158
0.0694163
0.0694168
0.0694173
0.0694178
0.0694182
0.0694187
0.0694192
0.0694196
0.06942
0.0694205
0.0694209
0.0694213
0.0694217
0.0694221
0.0694224
0.0694228
0.0694231
0.0694235
0.0694238
0.0694241
0.0694244
0.0694247
0.069425
0.0694253
0.0694256
0.0694258
0.069426
0.0694263
0.0694265
0.0694267
0.0694269
0.0694271
0.0694273
0.0694274
0.0694276
0.0694277
0.0694279
0.069428
0.0694281
0.0694282
0.0694283
0.0694284
0.0694285
0.0694285
0.0694286
0.0694286
0.0694286
0.0694286
0.0694286
0.0694286
0.0694286
0.0694286
0.0694285
0.0694285
0.0694284
0.0694284
0.0694283
0.0694282
0.0694281
0.069428
0.0694278
0.0694277
0.0694275
0.0694274
0.0694272
0.069427
0.0694268
0.0694266
0.0694264
0.0694262
0.0694259
0.0694257
0.0694254
0.0694251
0.0694248
0.0694245
0.0694242
0.0694239
0.0694236
0.0694232
0.0694229
0.0694225
0.0694221
0.0694218
0.0694214
0.0694209
0.0694205
0.0694201
0.0694196
0.0694192
0.0694187
0.0694182
0.0694177
0.0694172
0.0694167
0.0694162
0.0694157
0.0694151
0.0694146
0.069414
0.0694134
0.0694128
0.0694122
0.0694116
0.069411
0.0694103
0.0694097
0.069409
0.0694083
0.0694076
0.0694069
0.0694062
0.0694055
0.0694048
0.069404
0.0694033
0.0694025
0.0694017
0.0694009
0.0694001
0.0693993
0.0693985
0.0693977
0.0693968
0.069396
0.0693951
0.0693942
0.0693933
0.0693924
0.0693915
0.0693905
0.0693896
0.0693886
0.0693877
0.0693867
0.0693857
0.0693847
0.0693837
0.0693827
0.0693816
0.0693806
0.0693795
0.0693784
0.0693774
0.0693763
0.0693751
0.069374
0.0693729
0.0693717
0.0693706
0.0693694
0.0693682
0.069367
0.0693658
0.0693646
0.0693634
0.0693622
0.0693609
0.0693596
0.0693584
0.0693571
0.0693558
0.0693545
0.0693531
0.0693518
0.0693505
0.0693491
0.0693477
0.0693463
0.0693449
0.0693435
0.0693421
0.0693407
0.0693392
0.0693378
0.0693363
0.0693348
0.0693333
0.0693318
0.0693303
0.0693288
0.0693272
0.0693257
0.0693241
0.0693225
0.069321
0.0693193
0.0693177
0.0693161
0.0693145
0.0693128
0.0693112
0.0693095
0.0693078
0.0693061
0.0693044
0.0693027
0.0693009
0.0692992
0.0692974
0.0692956
0.0692938
0.069292
0.0692902
0.0692884
0.0692866
0.0692847
0.0692829
0.069281
0.0692791
0.0692772
0.0692753
0.0692734
0.0692715
0.0692695
0.0692676
0.0692656
0.0692636
0.0692616
0.0692596
0.0692576
0.0692555
0.0692535
0.0692514
0.0692494
0.0692473
0.0692452
0.0692431
0.069241
0.0692388
0.0692367
0.0692345
0.0692324
0.0692302
0.069228
0.0692258
0.0692236
0.0692213
0.0692191
0.0692168
0.0692146
0.0692123
0.06921
0.0692077
0.0692054
0.069203
0.0692007
0.0691983
0.069196
0.0691936
0.0691912
0.0691888
0.0691864
0.0691839
0.0691815
0.069179
0.0691766
0.0691741
0.0691716
0.0691691
0.0691665
0.069164
0.0691615
0.0691589
0.0691563
0.0691538
0.0691512
0.0691485
0.0691459
0.0691433
0.0691406
0.069138
0.0691353
0.0691326
0.0691299
0.0691272
0.0691245
0.0691218
0.069119
0.0691163
0.0691135
0.0691107
0.0691079
0.0691051
0.0691023
0.0690994
0.0690966
0.0690937
0.0690908
0.0690879
0.069085
0.0690821
0.0690792
0.0690763
0.0690733
0.0690704
0.0690674
0.0690644
0.0690614
0.0690584
0.0690553
0.0690523
0.0690492
0.0690462
0.0690431
0.06904
0.0690369
0.0690338
0.0690306
0.0690275
0.0690243
0.0690212
0.069018
0.0690148
0.0690116
0.0690084
0.0690051
0.0690019
0.0689986
0.0689953
0.0689921
0.0689888
0.0689855
0.0689821
0.0689788
0.0689754
0.0689721
0.0689687
0.0689653
0.0689619
0.0689585
0.0689551
0.0689516
0.0689482
0.0689447
0.0689412
0.0689377
0.0689342
0.0689307
0.0689272
0.0689236
0.0689201
0.0689165
0.0689129
0.0689093
0.0689057
0.0689021
0.0688984
0.0688948
0.0688911
0.0688875
0.0688838
0.0688801
0.0688763
0.0688726
0.0688689
0.0688651
0.0688614
0.0688576
0.0688538
0.06885
0.0688462
0.0688423
0.0688385
0.0688346
0.0688308
0.0688269
0.068823
0.0688191
0.0688151
0.0688112
0.0688072
0.0688033
0.0687993
0.0687953
0.0687913
0.0687873
0.0687833
0.0687792
0.0687752
0.0687711
0.068767
0.0687629
0.0687588
0.0687547
0.0687506
0.0687464
0.0687422
0.0687381
0.0687339
0.0687297
0.0687255
0.0687212
0.068717
0.0687128
0.0687085
0.0687042
0.0686999
0.0686956
0.0686913
0.0686869
0.0686826
0.0686782
0.0686739
0.0686695
0.0686651
0.0686607
0.0686562
0.0686518
0.0686474
0.0686429
0.0686384
0.0686339
0.0686294
0.0686249
0.0686204
0.0686158
0.0686112
0.0686067
0.0686021
0.0685975
0.0685929
0.0685882
0.0685836
0.068579
0.0685743
0.0685696
0.0685649
0.0685602
0.0685555
0.0685508
0.068546
0.0685413
0.0685365
0.0685317
0.0685269
0.0685221
0.0685172
0.0685124
0.0685076
0.0685027
0.0684978
0.0684929
0.068488
0.0684831
0.0684781
0.0684732
0.0684682
0.0684633
0.0684583
0.0684533
0.0684483
0.0684432
0.0684382
0.0684331
0.0684281
0.068423
0.0684179
0.0684128
0.0684076
0.0684025
0.0683974
0.0683922
0.068387
0.0683818
0.0683766
0.0683714
0.0683662
0.0683609
0.0683557
0.0683504
0.0683451
0.0683398
0.0683345
0.0683292
0.0683238
0.0683185
0.0683131
0.0683077
0.0683023
0.0682969
0.0682915
0.0682861
0.0682806
0.0682752
0.0682697
0.0682642
0.0682587
0.0682532
0.0682476
0.0682421
0.0682365
0.068231
0.0682254
0.0682198
0.0682142
0.0682085
0.0682029
0.0681972
0.0681916
0.0681859
0.0681802
0.0681745
0.0681688
0.068163
0.0681573
0.0681515
0.0681457
0.06814
0.0681341
0.0681283
0.0681225
0.0681167
0.0681108
0.0681049
0.068099
0.0680931
0.0680872
0.0680813
0.0680753
0.0680694
0.0680634
0.0680574
0.0680514
0.0680454
0.0680394
0.0680334
0.0680273
0.0680213
0.0680152
0.0680091
0.068003
0.0679968
0.0679907
0.0679846
0.0679784
0.0679722
0.067966
0.0679598
0.0679536
0.0679474
0.0679411
0.0679349
0.0679286
0.0679223
0.067916
0.0679097
0.0679034
0.067897
0.0678907
0.0678843
0.0678779
0.0678715
0.0678651
0.0678587
0.0678522
0.0678458
0.0678393
0.0678328
0.0678263
0.0678198
0.0678133
0.0678068
0.0678002
0.0677937
0.0677871
0.0677805
0.0677739
0.0677673
0.0677606
0.067754
0.0677473
0.0677406
0.0677339
0.0677272
0.0677205
0.0677138
0.067707
0.0677003
0.0676935
0.0676867
0.0676799
0.0676731
0.0676663
0.0676594
0.0676525
0.0676457
0.0676388
0.0676319
0.067625
0.067618
0.0676111
0.0676041
0.0675972
0.0675902
0.0675832
0.0675762
0.0675691
0.0675621
0.067555
0.067548
0.0675409
0.0675338
0.0675267
0.0675196
0.0675124
0.0675053
0.0674981
0.0674909
0.0674837
0.0674765
0.0674693
0.067462
0.0674548
0.0674475
0.0674402
0.0674329
0.0674256
0.0674183
0.067411
0.0674036
0.0673962
0.0673889
0.0673815
0.0673741
0.0673666
0.0673592
0.0673517
0.0673443
0.0673368
0.0673293
0.0673218
0.0673143
0.0673067
0.0672992
0.0672916
0.067284
0.0672764
0.0672688
0.0672612
0.0672536
0.0672459
0.0672382
0.0672306
0.0672229
0.0672152
0.0672074
0.0671997
0.067192
0.0671842
0.0671764
0.0671686
0.0671608
0.067153
0.0671451
0.0671373
0.0671294
0.0671215
0.0671137
0.0671057
0.0670978
0.0670899
0.0670819
0.067074
0.067066
0.067058
0.06705
0.067042
0.0670339
0.0670259
0.0670178
0.0670097
0.0670016
0.0669935
0.0669854
0.0669773
0.0669691
0.0669609
0.0669528
0.0669446
0.0669363
0.0669281
0.0669199
0.0669116
0.0669034
0.0668951
0.0668868
0.0668785
0.0668701
0.0668618
0.0668534
0.0668451
0.0668367
0.0668283
0.0668199
0.0668115
0.066803
0.0667946
0.0667861
0.0667776
0.0667691
0.0667606
0.0667521
0.0667435
0.066735
0.0667264
0.0667178
0.0667092
0.0667006
0.066692
0.0666833
0.0666747
0.066666
0.0666573
0.0666486
0.0666399
0.0666311
0.0666224
0.0666136
0.0666049
0.0665961
0.0665873
0.0665785
0.0665696
0.0665608
0.0665519
0.066543
0.0665341
0.0665252
0.0665163
0.0665074
0.0664984
0.0664895
0.0664805
0.0664715
0.0664625
0.0664535
0.0664444
0.0664354
0.0664263
0.0664172
0.0664081
0.066399
0.0663899
0.0663808
0.0663716
0.0663624
0.0663533
0.0663441
0.0663348
0.0663256
0.0663164
0.0663071
0.0662978
0.0662886
0.0662793
0.0662699
0.0662606
0.0662513
0.0662419
0.0662325
0.0662232
0.0662137
0.0662043
0.0661949
0.0661855
0.066176
0.0661665
0.066157
0.0661475
0.066138
0.0661285
0.0661189
0.0661093
0.0660998
0.0660902
0.0660806
0.0660709
0.0660613
0.0660516
0.066042
0.0660323
0.0660226
0.0660129
0.0660032
0.0659934
0.0659837
0.0659739
0.0659641
0.0659543
0.0659445
0.0659347
0.0659248
0.065915
0.0659051
0.0658952
0.0658853
0.0658754
0.0658654
0.0658555
0.0658455
0.0658356
0.0658256
0.0658156
0.0658055
0.0657955
0.0657855
0.0657754
0.0657653
0.0657552
0.0657451
0.065735
0.0657248
0.0657147
0.0657045
0.0656943
0.0656841
0.0656739
0.0656637
0.0656535
0.0656432
0.0656329
0.0656226
0.0656123
0.065602
0.0655917
0.0655813
0.065571
0.0655606
0.0655502
0.0655398
0.0655294
0.065519
0.0655085
0.065498
0.0654876
0.0654771
0.0654666
0.065456
0.0654455
0.0654349
0.0654244
0.0654138
0.0654032
0.0653926
0.065382
0.0653713
0.0653607
0.06535
0.0653393
0.0653286
0.0653179
0.0653071
0.0652964
0.0652856
0.0652749
0.0652641
0.0652533
0.0652425
0.0652316
0.0652208
0.0652099
0.065199
0.0651881
0.0651772
0.0651663
0.0651554
0.0651444
0.0651334
0.0651225
0.0651115
0.0651004
0.0650894
0.0650784
0.0650673
0.0650563
0.0650452
0.0650341
0.0650229
0.0650118
0.0650007
0.0649895
0.0649783
0.0649671
0.0649559
0.0649447
0.0649335
0.0649222
0.064911
0.0648997
0.0648884
0.0648771
0.0648658
0.0648544
0.0648431
0.0648317
0.0648203
0.0648089
0.0647975
0.0647861
0.0647747
0.0647632
0.0647517
0.0647403
0.0647288
0.0647172
0.0647057
0.0646942
0.0646826
0.064671
0.0646595
0.0646479
0.0646362
0.0646246
0.064613
0.0646013
0.0645896
0.0645779
0.0645662
0.0645545
0.0645428
0.064531
0.0645193
0.0645075
0.0644957
0.0644839
0.064472
0.0644602
0.0644484
0.0644365
0.0644246
0.0644127
0.0644008
0.0643889
0.0643769
0.064365
0.064353
0.064341
0.064329
0.064317
0.064305
0.0642929
0.0642809
0.0642688
0.0642567
0.0642446
0.0642325
0.0642204
0.0642082
0.0641961
0.0641839
0.0641717
0.0641595
0.0641473
0.0641351
0.0641228
0.0641106
0.0640983
0.064086
0.0640737
0.0640614
0.064049
0.0640367
0.0640243
0.0640119
0.0639995
0.0639871
0.0639747
0.0639623
0.0639498
0.0639374
0.0639249
0.0639124
0.0638999
0.0638874
0.0638748
0.0638623
0.0638497
0.0638371
0.0638245
0.0638119
0.0637993
0.0637867
0.063774
0.0637614
0.0637487
0.063736
0.0637233
0.0637105
0.0636978
0.0636851
0.0636723
0.0636595
0.0636467
0.0636339
0.0636211
0.0636082
0.0635954
0.0635825
0.0635696
0.0635567
0.0635438
0.0635309
0.063518
0.063505
0.0634921
0.0634791
0.0634661
0.0634531
0.0634401
0.063427
0.063414
0.0634009
0.0633878
0.0633747
0.0633616
0.0633485
0.0633354
0.0633222
0.063309
0.0632959
0.0632827
0.0632695
0.0632562
0.063243
0.0632298
0.0632165
0.0632032
0.0631899
0.0631766
0.0631633
0.06315
0.0631366
0.0631233
0.0631099
0.0630965
0.0630831
0.0630697
0.0630563
0.0630428
0.0630294
0.0630159
0.0630024
0.0629889
0.0629754
0.0629619
0.0629483
0.0629348
0.0629212
0.0629076
0.062894
0.0628804
0.0628668
0.0628532
0.0628395
0.0628258
0.0628122
0.0627985
0.0627848
0.062771
0.0627573
0.0627436
0.0627298
0.062716
0.0627022
0.0626884
0.0626746
0.0626608
0.062647
0.0626331
0.0626192
0.0626054
0.0625915
0.0625776
0.0625636
0.0625497
0.0625357
0.0625218
0.0625078
0.0624938
0.0624798
0.0624658
0.0624518
0.0624377
0.0624237
0.0624096
0.0623955
0.0623814
0.0623673
0.0623532
0.062339
0.0623249
0.0623107
0.0622966
0.0622824
0.0622682
0.062254
0.0622397
0.0622255
0.0622112
0.062197
0.0621827
0.0621684
0.0621541
0.0621398
0.0621254
0.0621111
0.0620967
0.0620823
0.062068
0.0620536
0.0620392
0.0620247
0.0620103
0.0619958
0.0619814
0.0619669
0.0619524
0.0619379
0.0619234
0.0619089
0.0618943
0.0618798
0.0618652
0.0618506
0.0618361
0.0618214
0.0618068
0.0617922
0.0617776
0.0617629
0.0617482
0.0617336
0.0617189
0.0617042
0.0616895
0.0616747
0.06166
0.0616452
0.0616305
0.0616157
0.0616009
0.0615861
0.0615713
0.0615564
0.0615416
0.0615267
0.0615119
0.061497
0.0614821
0.0614672
0.0614523
0.0614374
0.0614224
0.0614075
0.0613925
0.0613775
0.0613625
0.0613475
0.0613325
0.0613175
0.0613025
0.0612874
0.0612724
0.0612573
0.0612422
0.0612271
0.061212
0.0611969
0.0611817
0.0611666
0.0611514
0.0611363
0.0611211
0.0611059
0.0610907
0.0610755
0.0610603
0.061045
0.0610298
0.0610145
0.0609992
0.0609839
0.0609686
0.0609533
0.060938
0.0609227
0.0609073
0.060892
0.0608766
0.0608612
0.0608458
0.0608304
0.060815
0.0607996
0.0607842
0.0607687
0.0607533
0.0607378
0.0607223
0.0607068
0.0606913
0.0606758
0.0606603
0.0606447
0.0606292
0.0606136
0.0605981
0.0605825
0.0605669
0.0605513
0.0605357
0.06052
0.0605044
0.0604887
0.0604731
0.0604574
0.0604417
0.060426
0.0604103
0.0603946
0.0603789
0.0603632
0.0603474
0.0603317
0.0603159
0.0603001
0.0602843
0.0602685
0.0602527
0.0602369
0.060221
0.0602052
0.0601894
0.0601735
0.0601576
0.0601417
0.0601258
0.0601099
0.060094
0.0600781
0.0600621
0.0600462
0.0600302
0.0600143
0.0599983
0.0599823
0.0599663
0.0599503
0.0599343
0.0599182
0.0599022
0.0598861
0.0598701
0.059854
0.0598379
0.0598218
0.0598057
0.0597896
0.0597735
0.0597574
0.0597412
0.0597251
0.0597089
0.0596928
0.0596766
0.0596604
0.0596442
0.059628
0.0596118
0.0595955
0.0595793
0.059563
0.0595468
0.0595305
0.0595142
0.059498
0.0594817
0.0594654
0.059449
0.0594327
0.0594164
0.0594
0.0593837
0.0593673
0.059351
0.0593346
0.0593182
0.0593018
0.0592854
0.059269
0.0592525
0.0592361
0.0592197
0.0592032
0.0591867
0.0591703
0.0591538
0.0591373
0.0591208
0.0591043
0.0590878
0.0590712
0.0590547
0.0590382
0.0590216
0.059005
0.0589885
0.0589719
0.0589553
0.0589387
0.0589221
0.0589055
0.0588889
0.0588722
0.0588556
0.058839
0.0588223
0.0588056
0.058789
0.0587723
0.0587556
0.0587389
0.0587222
0.0587055
0.0586887
0.058672
0.0586553
0.0586385
0.0586218
0.058605
0.0585882
0.0585714
0.0585547
0.0585379
0.0585211
0.0585042
0.0584874
0.0584706
0.0584538
0.0584369
0.0584201
0.0584032
0.0583863
0.0583695
0.0583526
0.0583357
0.0583188
0.0583019
0.058285
0.058268
0.0582511
0.0582342
0.0582172
0.0582003
0.0581833
0.0581663
0.0581494
0.0581324
0.0581154
0.0580984
0.0580814
0.0580644
0.0580474
0.0580303
0.0580133
0.0579963
0.0579792
0.0579622
0.0579451
0.057928
0.057911
0.0578939
0.0578768
0.0578597
0.0578426
0.0578255
0.0578083
0.0577912
0.0577741
0.057757
0.0577398
0.0577227
0.0577055
0.0576883
0.0576712
0.057654
0.0576368
0.0576196
0.0576024
0.0575852
0.057568
0.0575508
0.0575335
0.0575163
0.0574991
0.0574818
0.0574646
0.0574473
0.0574301
0.0574128
0.0573955
0.0573782
0.057361
0.0573437
0.0573264
0.0573091
0.0572917
0.0572744
0.0572571
0.0572398
0.0572224
0.0572051
0.0571877
0.0571704
0.057153
0.0571357
0.0571183
0.0571009
0.0570835
0.0570662
0.0570488
0.0570314
0.057014
0.0569965
0.0569791
0.0569617
0.0569443
0.0569268
0.0569094
0.056892
0.0568745
0.0568571
0.0568396
0.0568221
0.0568047
0.0567872
0.0567697
0.0567522
0.0567347
0.0567172
0.0566997
0.0566822
0.0566647
0.0566472
0.0566297
0.0566122
0.0565946
0.0565771
0.0565596
0.056542
0.0565245
0.0565069
0.0564893
0.0564718
0.0564542
0.0564366
0.0564191
0.0564015
0.0563839
0.0563663
0.0563487
0.0563311
0.0563135
0.0562959
0.0562783
0.0562606
0.056243
0.0562254
0.0562078
0.0561901
0.0561725
0.0561548
0.0561372
0.0561195
0.0561019
0.0560842
0.0560665
0.0560489
0.0560312
0.0560135
0.0559958
0.0559781
0.0559605
0.0559428
0.0559251
0.0559074
0.0558897
0.0558719
0.0558542
0.0558365
0.0558188
0.0558011
0.0557833
0.0557656
0.0557479
0.0557301
0.0557124
0.0556946
0.0556769
0.0556591
0.0556414
0.0556236
0.0556059
0.0555881
0.0555703
0.0555525
0.0555348
0.055517
0.0554992
0.0554814
0.0554636
0.0554458
0.055428
0.0554102
0.0553924
0.0553746
0.0553568
0.055339
0.0553212
0.0553034
0.0552856
0.0552677
0.0552499
0.0552321
0.0552142
0.0551964
0.0551786
0.0551607
0.0551429
0.055125
0.0551072
0.0550893
0.0550715
0.0550536
0.0550358
0.0550179
0.0550001
0.0549822
0.0549643
0.0549464
0.0549286
0.0549107
0.0548928
0.0548749
0.0548571
0.0548392
0.0548213
0.0548034
0.0547855
0.0547676
0.0547497
0.0547318
0.0547139
0.054696
0.0546781
0.0546602
0.0546423
0.0546244
0.0546065
0.0545886
0.0545706
0.0545527
0.0545348
0.0545169
0.054499
0.054481
0.0544631
0.0544452
0.0544273
0.0544093
0.0543914
0.0543735
0.0543555
0.0543376
0.0543196
0.0543017
0.0542838
0.0542658
0.0542479
0.0542299
0.054212
0.054194
0.0541761
0.0541581
0.0541402
0.0541222
0.0541043
0.0540863
0.0540684
0.0540504
0.0540324
0.0540145
0.0539965
0.0539785
0.0539606
0.0539426
0.0539247
0.0539067
0.0538887
0.0538707
0.0538528
0.0538348
0.0538168
0.0537989
0.0537809
0.0537629
0.0537449
0.053727
0.053709
0.053691
0.053673
0.0536551
0.0536371
0.0536191
0.0536011
0.0535831
0.0535652
0.0535472
0.0535292
0.0535112
0.0534932
0.0534753
0.0534573
0.0534393
0.0534213
0.0534033
0.0533853
0.0533674
0.0533494
0.0533314
0.0533134
0.0532954
0.0532774
0.0532594
0.0532415
0.0532235
0.0532055
0.0531875
0.0531695
0.0531515
0.0531336
0.0531156
0.0530976
0.0530796
0.0530616
0.0530436
0.0530256
0.0530077
0.0529897
0.0529717
0.0529537
0.0529357
0.0529178
0.0528998
0.0528818
0.0528638
0.0528458
0.0528278
0.0528099
0.0527919
0.0527739
0.0527559
0.052738
0.05272
0.052702
0.052684
0.0526661
0.0526481
0.0526301
0.0526121
0.0525942
0.0525762
0.0525582
0.0525403
0.0525223
0.0525043
0.0524863
0.0524684
0.0524504
0.0524325
0.0524145
0.0523965
0.0523786
0.0523606
0.0523426
0.0523247
0.0523067
0.0522888
0.0522708
0.0522529
0.0522349
0.052217
0.052199
0.0521811
0.0521631
0.0521452
0.0521272
0.0521093
0.0520913
0.0520734
0.0520555
0.0520375
0.0520196
0.0520017
0.0519837
0.0519658
0.0519479
0.0519299
0.051912
0.0518941
0.0518762
0.0518582
0.0518403
0.0518224
0.0518045
0.0517866
0.0517686
0.0517507
0.0517328
0.0517149
0.051697
0.0516791
0.0516612
0.0516433
0.0516254
0.0516075
0.0515896
0.0515717
0.0515538
0.0515359
0.051518
0.0515001
0.0514823
0.0514644
0.0514465
0.0514286
0.0514107
0.0513929
0.051375
0.0513571
0.0513393
0.0513214
0.0513035
0.0512857
0.0512678
0.05125
0.0512321
0.0512143
0.0511964
0.0511786
0.0511607
0.0511429
0.051125
0.0511072
0.0510894
0.0510715
0.0510537
0.0510359
0.051018
0.0510002
0.0509824
0.0509646
0.0509468
0.050929
0.0509112
0.0508933
0.0508755
0.0508577
0.0508399
0.0508221
0.0508044
0.0507866
0.0507688
0.050751
0.0507332
0.0507154
0.0506977
0.0506799
0.0506621
0.0506443
0.0506266
0.0506088
0.0505911
0.0505733
0.0505555
0.0505378
0.05052
0.0505023
0.0504846
0.0504668
0.0504491
0.0504314
0.0504136
0.0503959
0.0503782
0.0503605
0.0503427
0.050325
0.0503073
0.0502896
0.0502719
0.0502542
0.0502365
0.0502188
0.0502011
0.0501834
0.0501658
0.0501481
0.0501304
0.0501127
0.0500951
0.0500774
0.0500597
0.0500421
0.0500244
0.0500068
0.0499891
0.0499715
0.0499538
0.0499362
0.0499185
0.0499009
0.0498833
0.0498657
0.049848
0.0498304
0.0498128
0.0497952
0.0497776
0.04976
0.0497424
0.0497248
0.0497072
0.0496896
0.049672
0.0496544
0.0496369
0.0496193
0.0496017
0.0495842
0.0495666
0.049549
0.0495315
0.0495139
0.0494964
0.0494789
0.0494613
0.0494438
0.0494263
0.0494087
0.0493912
0.0493737
0.0493562
0.0493387
0.0493212
0.0493037
0.0492862
0.0492687
0.0492512
0.0492337
0.0492162
0.0491987
0.0491813
0.0491638
0.0491463
0.0491289
0.0491114
0.049094
0.0490765
0.0490591
0.0490416
0.0490242
0.0490068
0.0489893
0.0489719
0.0489545
0.0489371
0.0489197
0.0489023
0.0488849
0.0488675
0.0488501
0.0488327
0.0488153
0.0487979
0.0487806
0.0487632
0.0487458
0.0487285
0.0487111
0.0486938
0.0486764
0.0486591
0.0486417
0.0486244
0.0486071
0.0485898
0.0485724
0.0485551
0.0485378
0.0485205
0.0485032
0.0484859
0.0484686
0.0484513
0.0484341
0.0484168
0.0483995
0.0483822
0.048365
0.0483477
0.0483305
0.0483132
0.048296
0.0482787
0.0482615
0.0482443
0.0482271
0.0482098
0.0481926
0.0481754
0.0481582
0.048141
0.0481238
0.0481066
0.0480894
0.0480723
0.0480551
0.0480379
0.0480208
0.0480036
0.0479864
0.0479693
0.0479522
0.047935
0.0479179
0.0479008
0.0478836
0.0478665
0.0478494
0.0478323
0.0478152
0.0477981
0.047781
0.0477639
0.0477468
0.0477297
0.0477127
0.0476956
0.0476785
0.0476615
0.0476444
0.0476274
0.0476103
0.0475933
0.0475763
0.0475593
0.0475422
0.0475252
0.0475082
0.0474912
0.0474742
0.0474572
0.0474402
0.0474232
0.0474063
0.0473893
0.0473723
0.0473554
0.0473384
0.0473215
0.0473045
0.0472876
0.0472706
0.0472537
0.0472368
0.0472199
0.047203
0.0471861
0.0471692
0.0471523
0.0471354
0.0471185
0.0471016
0.0470847
0.0470679
0.047051
0.0470341
0.0470173
0.0470004
0.0469836
0.0469668
0.0469499
0.0469331
0.0469163
0.0468995
0.0468827
0.0468659
0.0468491
0.0468323
0.0468155
0.0467987
0.046782
0.0467652
0.0467484
0.0467317
0.0467149
0.0466982
0.0466815
0.0466647
0.046648
0.0466313
0.0466146
0.0465979
0.0465811
0.0465645
0.0465478
0.0465311
0.0465144
0.0464977
0.0464811
0.0464644
0.0464477
0.0464311
0.0464144
0.0463978
0.0463812
0.0463645
0.0463479
0.0463313
0.0463147
0.0462981
0.0462815
0.0462649
0.0462483
0.0462317
0.0462152
0.0461986
0.046182
0.0461655
0.0461489
0.0461324
0.0461159
0.0460993
0.0460828
0.0460663
0.0460498
0.0460333
0.0460168
0.0460003
0.0459838
0.0459673
0.0459508
0.0459344
0.0459179
0.0459014
0.045885
0.0458685
0.0458521
0.0458357
0.0458192
0.0458028
0.0457864
0.04577
0.0457536
0.0457372
0.0457208
0.0457044
0.045688
0.0456717
0.0456553
0.0456389
0.0456226
0.0456062
0.0455899
0.0455736
0.0455572
0.0455409
0.0455246
0.0455083
0.045492
0.0454757
0.0454594
0.0454431
0.0454268
0.0454106
0.0453943
0.045378
0.0453618
0.0453455
0.0453293
0.0453131
0.0452968
0.0452806
0.0452644
0.0452482
0.045232
0.0452158
0.0451996
0.0451834
0.0451672
0.0451511
0.0451349
0.0451188
0.0451026
0.0450865
0.0450703
0.0450542
0.0450381
0.0450219
0.0450058
0.0449897
0.0449736
0.0449575
0.0449415
0.0449254
0.0449093
0.0448932
0.0448772
0.0448611
0.0448451
0.044829
0.044813
0.044797
0.0447809
0.0447649
0.0447489
0.0447329
0.0447169
0.0447009
0.044685
0.044669
0.044653
0.044637
0.0446211
0.0446051
0.0445892
0.0445733
0.0445573
0.0445414
0.0445255
0.0445096
0.0444937
0.0444778
0.0444619
0.044446
0.0444301
0.0444143
0.0443984
0.0443825
0.0443667
0.0443508
0.044335
0.0443192
0.0443034
0.0442875
0.0442717
0.0442559
0.0442401
0.0442243
0.0442086
0.0441928
0.044177
0.0441612
0.0441455
0.0441297
0.044114
0.0440983
0.0440825
0.0440668
0.0440511
0.0440354
0.0440197
0.044004
0.0439883
0.0439726
0.0439569
0.0439413
0.0439256
0.0439099
0.0438943
0.0438786
0.043863
0.0438474
0.0438318
0.0438161
0.0438005
0.0437849
0.0437693
0.0437537
0.0437382
0.0437226
0.043707
0.0436915
0.0436759
0.0436604
0.0436448
0.0436293
0.0436138
0.0435982
0.0435827
0.0435672
0.0435517
0.0435362
0.0435207
0.0435053
0.0434898
0.0434743
0.0434589
0.0434434
0.043428
0.0434125
0.0433971
0.0433817
0.0433662
0.0433508
0.0433354
0.04332
0.0433046
0.0432893
0.0432739
0.0432585
0.0432431
0.0432278
0.0432124
0.0431971
0.0431818
0.0431664
0.0431511
0.0431358
0.0431205
0.0431052
0.0430899
0.0430746
0.0430593
0.0430441
0.0430288
0.0430135
0.0429983
0.042983
0.0429678
0.0429526
0.0429373
0.0429221
0.0429069
0.0428917
0.0428765
0.0428613
0.0428461
0.042831
0.0428158
0.0428006
0.0427855
0.0427703
0.0427552
0.04274
0.0427249
0.0427098
0.0426947
0.0426796
0.0426645
0.0426494
0.0426343
0.0426192
0.0426041
0.0425891
0.042574
0.042559
0.0425439
0.0425289
0.0425139
0.0424988
0.0424838
0.0424688
0.0424538
0.0424388
0.0424238
0.0424089
0.0423939
0.0423789
0.042364
0.042349
0.0423341
0.0423191
0.0423042
0.0422893
0.0422743
0.0422594
0.0422445
0.0422296
0.0422147
0.0421999
0.042185
0.0421701
0.0421553
0.0421404
0.0421255
0.0421107
0.0420959
0.042081
0.0420662
0.0420514
0.0420366
0.0420218
0.042007
0.0419922
0.0419775
0.0419627
0.0419479
0.0419332
0.0419184
0.0419037
0.0418889
0.0418742
0.0418595
0.0418448
0.0418301
0.0418154
0.0418007
0.041786
0.0417713
0.0417567
0.041742
0.0417273
0.0417127
0.041698
0.0416834
0.0416688
0.0416542
0.0416395
0.0416249
0.0416103
0.0415957
0.0415811
0.0415666
0.041552
0.0415374
0.0415229
0.0415083
0.0414938
0.0414792
0.0414647
0.0414502
0.0414357
0.0414212
0.0414067
0.0413922
0.0413777
0.0413632
0.0413487
0.0413343
0.0413198
0.0413054
0.0412909
0.0412765
0.041262
0.0412476
0.0412332
0.0412188
0.0412044
0.04119
0.0411756
0.0411612
0.0411468
0.0411325
0.0411181
0.0411038
0.0410894
0.0410751
0.0410608
0.0410464
0.0410321
0.0410178
0.0410035
0.0409892
0.0409749
0.0409606
0.0409464
0.0409321
0.0409178
0.0409036
0.0408893
0.0408751
0.0408609
0.0408466
0.0408324
0.0408182
0.040804
0.0407898
0.0407756
0.0407614
0.0407473
0.0407331
0.0407189
0.0407048
0.0406906
0.0406765
0.0406624
0.0406482
0.0406341
0.04062
0.0406059
0.0405918
0.0405777
0.0405636
0.0405496
0.0405355
0.0405214
0.0405074
0.0404933
0.0404793
0.0404653
0.0404512
0.0404372
0.0404232
0.0404092
0.0403952
0.0403812
0.0403672
0.0403532
0.0403393
0.0403253
0.0403114
0.0402974
0.0402835
0.0402695
0.0402556
0.0402417
0.0402278
0.0402139
0.0402
0.0401861
0.0401722
0.0401583
0.0401445
0.0401306
0.0401167
0.0401029
0.0400891
0.0400752
0.0400614
0.0400476
0.0400338
0.04002
0.0400062
0.0399924
0.0399786
0.0399648
0.039951
0.0399373
0.0399235
0.0399098
0.039896
0.0398823
0.0398686
0.0398548
0.0398411
0.0398274
0.0398137
0.0398
0.0397863
0.0397727
0.039759
0.0397453
0.0397317
0.039718
0.0397044
0.0396908
0.0396771
0.0396635
0.0396499
0.0396363
0.0396227
0.0396091
0.0395955
0.0395819
0.0395684
0.0395548
0.0395412
0.0395277
0.0395141
0.0395006
0.0394871
0.0394735
0.03946
0.0394465
0.039433
0.0394195
0.039406
0.0393926
0.0393791
0.0393656
0.0393522
0.0393387
0.0393253
0.0393118
0.0392984
0.039285
0.0392716
0.0392582
0.0392448
0.0392314
0.039218
0.0392046
0.0391912
0.0391779
0.0391645
0.0391511
0.0391378
0.0391245
0.0391111
0.0390978
0.0390845
0.0390712
0.0390579
0.0390446
0.0390313
0.039018
0.0390047
0.0389915
0.0389782
0.038965
0.0389517
0.0389385
0.0389252
0.038912
0.0388988
0.0388856
0.0388724
0.0388592
0.038846
0.0388328
0.0388196
0.0388065
0.0387933
0.0387801
0.038767
0.0387539
0.0387407
0.0387276
0.0387145
0.0387014
0.0386883
0.0386752
0.0386621
0.038649
0.0386359
0.0386228
0.0386098
0.0385967
0.0385837
0.0385706
0.0385576
0.0385446
0.0385315
0.0385185
0.0385055
0.0384925
0.0384795
0.0384665
0.0384536
0.0384406
0.0384276
0.0384147
0.0384017
0.0383888
0.0383758
0.0383629
0.03835
0.0383371
0.0383242
0.0383112
0.0382984
0.0382855
0.0382726
0.0382597
0.0382468
0.038234
0.0382211
0.0382083
0.0381954
0.0381826
0.0381698
0.038157
0.0381442
0.0381314
0.0381186
0.0381058
0.038093
0.0380802
0.0380674
0.0380547
0.0380419
0.0380292
0.0380164
0.0380037
0.037991
0.0379782
0.0379655
0.0379528
0.0379401
0.0379274
0.0379147
0.0379021
0.0378894
0.0378767
0.0378641
0.0378514
0.0378388
0.0378261
0.0378135
0.0378009
0.0377883
0.0377757
0.0377631
0.0377505
0.0377379
0.0377253
0.0377127
0.0377001
0.0376876
0.037675
0.0376625
0.0376499
0.0376374
0.0376249
0.0376124
0.0375999
0.0375873
0.0375748
0.0375624
0.0375499
0.0375374
0.0375249
0.0375125
0.0375
0.0374876
0.0374751
0.0374627
0.0374502
0.0374378
0.0374254
0.037413
0.0374006
0.0373882
0.0373758
0.0373634
0.0373511
0.0373387
0.0373263
0.037314
0.0373016
0.0372893
0.037277
0.0372646
0.0372523
0.03724
0.0372277
0.0372154
0.0372031
0.0371908
0.0371785
0.0371663
0.037154
0.0371417
0.0371295
0.0371173
0.037105
0.0370928
0.0370806
0.0370683
0.0370561
0.0370439
0.0370317
0.0370196
0.0370074
0.0369952
0.036983
0.0369709
0.0369587
0.0369466
0.0369344
0.0369223
0.0369102
0.036898
0.0368859
0.0368738
0.0368617
0.0368496
0.0368375
0.0368255
0.0368134
0.0368013
0.0367893
0.0367772
0.0367652
0.0367531
0.0367411
0.0367291
0.0367171
0.036705
0.036693
0.036681
0.0366691
0.0366571
0.0366451
0.0366331
0.0366212
0.0366092
0.0365973
0.0365853
0.0365734
0.0365614
0.0365495
0.0365376
0.0365257
0.0365138
0.0365019
0.03649
0.0364781
0.0364663
0.0364544
0.0364425
0.0364307
0.0364188
0.036407
0.0363951
0.0363833
0.0363715
0.0363597
0.0363479
0.0363361
0.0363243
0.0363125
0.0363007
0.0362889
0.0362772
0.0362654
0.0362537
0.0362419
0.0362302
0.0362184
0.0362067
0.036195
0.0361833
0.0361716
0.0361599
0.0361482
0.0361365
0.0361248
0.0361131
0.0361015
0.0360898
0.0360782
0.0360665
0.0360549
0.0360432
0.0360316
0.03602
0.0360084
0.0359968
0.0359852
0.0359736
0.035962
0.0359504
0.0359389
0.0359273
0.0359157
0.0359042
0.0358926
0.0358811
0.0358696
0.035858
0.0358465
0.035835
0.0358235
0.035812
0.0358005
0.035789
0.0357776
0.0357661
0.0357546
0.0357432
0.0357317
0.0357203
0.0357088
0.0356974
0.035686
0.0356746
0.0356631
0.0356517
0.0356403
0.035629
0.0356176
0.0356062
0.0355948
0.0355835
0.0355721
0.0355607
0.0355494
0.0355381
0.0355267
0.0355154
0.0355041
0.0354928
0.0354815
0.0354702
0.0354589
0.0354476
0.0354363
0.035425
0.0354138
0.0354025
0.0353913
0.03538
0.0353688
0.0353576
0.0353463
0.0353351
0.0353239
0.0353127
0.0353015
0.0352903
0.0352791
0.0352679
0.0352568
0.0352456
0.0352344
0.0352233
0.0352121
0.035201
0.0351899
0.0351787
0.0351676
0.0351565
0.0351454
0.0351343
0.0351232
0.0351121
0.035101
0.03509
0.0350789
0.0350678
0.0350568
0.0350457
0.0350347
0.0350237
0.0350126
0.0350016
0.0349906
0.0349796
0.0349686
0.0349576
0.0349466
0.0349356
0.0349246
0.0349137
0.0349027
0.0348918
0.0348808
0.0348699
0.0348589
0.034848
0.0348371
0.0348262
0.0348152
0.0348043
0.0347934
0.0347826
0.0347717
0.0347608
0.0347499
0.0347391
0.0347282
0.0347173
0.0347065
0.0346957
0.0346848
0.034674
0.0346632
0.0346524
0.0346416
0.0346308
0.03462
0.0346092
0.0345984
0.0345876
0.0345769
0.0345661
0.0345554
0.0345446
0.0345339
0.0345231
0.0345124
0.0345017
0.034491
0.0344803
0.0344696
0.0344589
0.0344482
0.0344375
0.0344268
0.0344162
0.0344055
0.0343948
0.0343842
0.0343735
0.0343629
0.0343523
0.0343416
0.034331
0.0343204
0.0343098
0.0342992
0.0342886
0.034278
0.0342675
0.0342569
0.0342463
0.0342358
0.0342252
0.0342147
0.0342041
0.0341936
0.0341831
0.0341725
0.034162
0.0341515
0.034141
0.0341305
0.03412
0.0341095
0.0340991
0.0340886
0.0340781
0.0340677
0.0340572
0.0340468
0.0340363
0.0340259
0.0340155
0.0340051
0.0339947
0.0339842
0.0339738
0.0339635
0.0339531
0.0339427
0.0339323
0.0339219
0.0339116
0.0339012
0.0338909
0.0338805
0.0338702
0.0338599
0.0338496
0.0338392
0.0338289
0.0338186
0.0338083
0.033798
0.0337877
0.0337775
0.0337672
0.0337569
0.0337467
0.0337364
0.0337262
0.0337159
0.0337057
0.0336955
0.0336853
0.033675
0.0336648
0.0336546
0.0336444
0.0336342
0.0336241
0.0336139
0.0336037
0.0335935
0.0335834
0.0335732
0.0335631
0.033553
0.0335428
0.0335327
0.0335226
0.0335125
0.0335024
0.0334923
0.0334822
0.0334721
0.033462
0.0334519
0.0334418
0.0334318
0.0334217
0.0334117
0.0334016
0.0333916
0.0333816
0.0333715
0.0333615
0.0333515
0.0333415
0.0333315
0.0333215
0.0333115
0.0333015
0.0332916
0.0332816
0.0332716
0.0332617
0.0332517
0.0332418
0.0332319
0.0332219
0.033212
0.0332021
0.0331922
0.0331823
0.0331724
0.0331625
0.0331526
0.0331427
0.0331328
0.033123
0.0331131
0.0331032
0.0330934
0.0330836
0.0330737
0.0330639
0.0330541
0.0330442
0.0330344
0.0330246
0.0330148
0.033005
0.0329952
0.0329855
0.0329757
0.0329659
0.0329562
0.0329464
0.0329367
0.0329269
0.0329172
0.0329074
0.0328977
0.032888
0.0328783
0.0328686
0.0328589
0.0328492
0.0328395
0.0328298
0.0328202
0.0328105
0.0328008
0.0327912
0.0327815
0.0327719
0.0327622
0.0327526
0.032743
0.0327334
0.0327238
0.0327141
0.0327045
0.0326949
0.0326854
0.0326758
0.0326662
0.0326566
0.0326471
0.0326375
0.032628
0.0326184
0.0326089
0.0325994
0.0325898
0.0325803
0.0325708
0.0325613
0.0325518
0.0325423
0.0325328
0.0325233
0.0325138
0.0325044
0.0324949
0.0324854
0.032476
0.0324666
0.0324571
0.0324477
0.0324383
0.0324288
0.0324194
0.03241
0.0324006
0.0323912
0.0323818
0.0323724
0.0323631
0.0323537
0.0323443
0.032335
0.0323256
0.0323163
0.0323069
0.0322976
0.0322883
0.0322789
0.0322696
0.0322603
0.032251
0.0322417
0.0322324
0.0322231
0.0322138
0.0322046
0.0321953
0.032186
0.0321768
0.0321675
0.0321583
0.0321491
0.0321398
0.0321306
0.0321214
0.0321122
0.032103
0.0320938
0.0320846
0.0320754
0.0320662
0.032057
0.0320479
0.0320387
0.0320295
0.0320204
0.0320112
0.0320021
0.031993
0.0319838
0.0319747
0.0319656
0.0319565
0.0319474
0.0319383
0.0319292
0.0319201
0.031911
0.031902
0.0318929
0.0318838
0.0318748
0.0318657
0.0318567
0.0318477
0.0318386
0.0318296
0.0318206
0.0318116
0.0318026
0.0317936
0.0317846
0.0317756
0.0317666
0.0317576
0.0317487
0.0317397
0.0317307
0.0317218
0.0317128
0.0317039
0.031695
0.031686
0.0316771
0.0316682
0.0316593
0.0316504
0.0316415
0.0316326
0.0316237
0.0316148
0.031606
0.0315971
0.0315882
0.0315794
0.0315705
0.0315617
0.0315529
0.031544
0.0315352
0.0315264
0.0315176
0.0315088
0.0315
0.0314912
0.0314824
0.0314736
0.0314648
0.0314561
0.0314473
0.0314385
0.0314298
0.031421
0.0314123
0.0314036
0.0313948
0.0313861
0.0313774
0.0313687
0.03136
0.0313513
0.0313426
0.0313339
0.0313252
0.0313166
0.0313079
0.0312992
0.0312906
0.0312819
0.0312733
0.0312646
0.031256
0.0312474
0.0312388
0.0312301
0.0312215
0.0312129
0.0312043
0.0311958
0.0311872
0.0311786
0.03117
0.0311615
0.0311529
0.0311443
0.0311358
0.0311272
0.0311187
0.0311102
0.0311017
0.0310931
0.0310846
0.0310761
0.0310676
0.0310591
0.0310506
0.0310422
0.0310337
0.0310252
0.0310167
0.0310083
0.0309998
0.0309914
0.0309829
0.0309745
0.0309661
0.0309577
0.0309492
0.0309408
0.0309324
0.030924
0.0309156
0.0309072
0.0308989
0.0308905
0.0308821
0.0308737
0.0308654
0.030857
0.0308487
0.0308404
0.030832
0.0308237
0.0308154
0.0308071
0.0307987
0.0307904
0.0307821
0.0307739
0.0307656
0.0307573
0.030749
0.0307407
0.0307325
0.0307242
0.030716
0.0307077
0.0306995
0.0306913
0.030683
0.0306748
0.0306666
0.0306584
0.0306502
0.030642
0.0306338
0.0306256
0.0306174
0.0306092
0.0306011
0.0305929
0.0305848
0.0305766
0.0305685
0.0305603
0.0305522
0.0305441
0.030536
0.0305278
0.0305197
0.0305116
0.0305035
0.0304954
0.0304873
0.0304793
0.0304712
0.0304631
0.0304551
0.030447
0.030439
0.0304309
0.0304229
0.0304148
0.0304068
0.0303988
0.0303908
0.0303828
0.0303748
0.0303668
0.0303588
0.0303508
0.0303428
0.0303348
0.0303269
0.0303189
0.030311
0.030303
0.0302951
0.0302871
0.0302792
0.0302713
0.0302634
0.0302554
0.0302475
0.0302396
0.0302317
0.0302238
0.030216
0.0302081
0.0302002
0.0301923
0.0301845
0.0301766
0.0301688
0.0301609
0.0301531
0.0301452
0.0301374
0.0301296
0.0301218
0.030114
0.0301062
0.0300984
0.0300906
0.0300828
0.030075
0.0300672
0.0300595
0.0300517
0.030044
0.0300362
0.0300285
0.0300207
0.030013
0.0300053
0.0299975
0.0299898
0.0299821
0.0299744
0.0299667
0.029959
0.0299513
0.0299437
0.029936
0.0299283
0.0299206
0.029913
0.0299053
0.0298977
0.0298901
0.0298824
0.0298748
0.0298672
0.0298596
0.0298519
0.0298443
0.0298367
0.0298291
0.0298216
0.029814
0.0298064
0.0297988
0.0297913
0.0297837
0.0297762
0.0297686
0.0297611
0.0297535
0.029746
0.0297385
0.029731
0.0297235
0.0297159
0.0297084
0.029701
0.0296935
0.029686
0.0296785
0.029671
0.0296636
0.0296561
0.0296487
0.0296412
0.0296338
0.0296263
0.0296189
0.0296115
0.0296041
0.0295966
0.0295892
0.0295818
0.0295744
0.0295671
0.0295597
0.0295523
0.0295449
0.0295376
0.0295302
0.0295228
0.0295155
0.0295081
0.0295008
0.0294935
0.0294861
0.0294788
0.0294715
0.0294642
0.0294569
0.0294496
0.0294423
0.029435
0.0294277
0.0294205
0.0294132
0.0294059
0.0293987
0.0293914
0.0293842
0.029377
0.0293697
0.0293625
0.0293553
0.0293481
0.0293408
0.0293336
0.0293264
0.0293192
0.0293121
0.0293049
0.0292977
0.0292905
0.0292834
0.0292762
0.0292691
0.0292619
0.0292548
0.0292476
0.0292405
0.0292334
0.0292263
0.0292191
0.029212
0.0292049
0.0291978
0.0291908
0.0291837
0.0291766
0.0291695
0.0291625
0.0291554
0.0291483
0.0291413
0.0291342
0.0291272
0.0291202
0.0291132
0.0291061
0.0290991
0.0290921
0.0290851
0.0290781
0.0290711
0.0290641
0.0290572
0.0290502
0.0290432
0.0290362
0.0290293
0.0290223
0.0290154
0.0290085
0.0290015
0.0289946
0.0289877
0.0289807
0.0289738
0.0289669
0.02896
0.0289531
0.0289462
0.0289394
0.0289325
0.0289256
0.0289188
0.0289119
0.028905
0.0288982
0.0288913
0.0288845
0.0288777
0.0288709
0.028864
0.0288572
0.0288504
0.0288436
0.0288368
0.02883
0.0288232
0.0288165
0.0288097
0.0288029
0.0287962
0.0287894
0.0287826
0.0287759
0.0287692
0.0287624
0.0287557
0.028749
0.0287423
0.0287355
0.0287288
0.0287221
0.0287154
0.0287088
0.0287021
0.0286954
0.0286887
0.0286821
0.0286754
0.0286687
0.0286621
0.0286555
0.0286488
0.0286422
0.0286356
0.0286289
0.0286223
0.0286157
0.0286091
0.0286025
0.0285959
0.0285893
0.0285828
0.0285762
0.0285696
0.028563
0.0285565
0.0285499
0.0285434
0.0285369
0.0285303
0.0285238
0.0285173
0.0285107
0.0285042
0.0284977
0.0284912
0.0284847
0.0284782
0.0284718
0.0284653
0.0284588
0.0284523
0.0284459
0.0284394
0.028433
0.0284265
0.0284201
0.0284137
0.0284072
0.0284008
0.0283944
0.028388
0.0283816
0.0283752
0.0283688
0.0283624
0.028356
0.0283496
0.0283433
0.0283369
0.0283305
0.0283242
0.0283178
0.0283115
0.0283052
0.0282988
0.0282925
0.0282862
0.0282799
0.0282736
0.0282673
0.028261
0.0282547
0.0282484
0.0282421
0.0282358
0.0282296
0.0282233
0.028217
0.0282108
0.0282045
0.0281983
0.0281921
0.0281858
0.0281796
0.0281734
0.0281672
0.028161
0.0281548
0.0281486
0.0281424
0.0281362
0.02813
0.0281238
0.0281177
0.0281115
0.0281053
0.0280992
0.028093
0.0280869
0.0280808
0.0280746
0.0280685
0.0280624
0.0280563
0.0280502
0.0280441
0.028038
0.0280319
0.0280258
0.0280197
0.0280137
0.0280076
0.0280015
0.0279955
0.0279894
0.0279834
0.0279773
0.0279713
0.0279653
0.0279593
0.0279532
0.0279472
0.0279412
0.0279352
0.0279292
0.0279232
0.0279173
0.0279113
0.0279053
0.0278993
0.0278934
0.0278874
0.0278815
0.0278755
0.0278696
0.0278636
0.0278577
0.0278518
0.0278459
0.02784
0.0278341
0.0278282
0.0278223
0.0278164
0.0278105
0.0278046
0.0277987
0.0277929
0.027787
0.0277812
0.0277753
0.0277695
0.0277636
0.0277578
0.027752
0.0277461
0.0277403
0.0277345
0.0277287
0.0277229
0.0277171
0.0277113
0.0277055
0.0276998
0.027694
0.0276882
0.0276825
0.0276767
0.0276709
0.0276652
0.0276595
0.0276537
0.027648
0.0276423
0.0276366
0.0276308
0.0276251
0.0276194
0.0276137
0.027608
0.0276024
0.0275967
0.027591
0.0275853
0.0275797
0.027574
0.0275684
0.0275627
0.0275571
0.0275514
0.0275458
0.0275402
0.0275346
0.027529
0.0275234
0.0275177
0.0275122
0.0275066
0.027501
0.0274954
0.0274898
0.0274842
0.0274787
0.0274731
0.0274676
0.027462
0.0274565
0.0274509
0.0274454
0.0274399
0.0274344
0.0274289
0.0274233
0.0274178
0.0274123
0.0274068
0.0274014
0.0273959
0.0273904
0.0273849
0.0273795
0.027374
0.0273685
0.0273631
0.0273576
0.0273522
0.0273468
0.0273413
0.0273359
0.0273305
0.0273251
0.0273197
0.0273143
0.0273089
0.0273035
0.0272981
0.0272927
0.0272874
0.027282
0.0272766
0.0272713
0.0272659
0.0272606
0.0272552
0.0272499
0.0272446
0.0272392
0.0272339
0.0272286
0.0272233
0.027218
0.0272127
0.0272074
0.0272021
0.0271968
0.0271916
0.0271863
0.027181
0.0271758
0.0271705
0.0271653
0.02716
0.0271548
0.0271495
0.0271443
0.0271391
0.0271339
0.0271287
0.0271235
0.0271183
0.0271131
0.0271079
0.0271027
0.0270975
0.0270923
0.0270872
0.027082
0.0270768
0.0270717
0.0270665
0.0270614
0.0270562
0.0270511
0.027046
0.0270409
0.0270358
0.0270306
0.0270255
0.0270204
0.0270153
0.0270103
0.0270052
0.0270001
0.026995
0.0269899
0.0269849
0.0269798
0.0269748
0.0269697
0.0269647
0.0269596
0.0269546
0.0269496
0.0269446
0.0269396
0.0269345
0.0269295
0.0269245
0.0269195
0.0269146
0.0269096
0.0269046
0.0268996
0.0268947
0.0268897
0.0268847
0.0268798
0.0268748
0.0268699
0.026865
0.02686
0.0268551
0.0268502
0.0268453
0.0268404
0.0268355
0.0268306
0.0268257
0.0268208
0.0268159
0.026811
0.0268061
0.0268013
0.0267964
0.0267915
0.0267867
0.0267818
0.026777
0.0267722
0.0267673
0.0267625
0.0267577
0.0267529
0.0267481
0.0267433
0.0267385
0.0267337
0.0267289
0.0267241
0.0267193
0.0267145
0.0267098
0.026705
0.0267002
0.0266955
0.0266907
0.026686
0.0266813
0.0266765
0.0266718
0.0266671
0.0266624
0.0266577
0.0266529
0.0266482
0.0266435
0.0266389
0.0266342
0.0266295
0.0266248
0.0266201
0.0266155
0.0266108
0.0266062
0.0266015
0.0265969
0.0265922
0.0265876
0.026583
0.0265783
0.0265737
0.0265691
0.0265645
0.0265599
0.0265553
0.0265507
0.0265461
0.0265415
0.0265369
0.0265324
0.0265278
0.0265232
0.0265187
0.0265141
0.0265096
0.026505
0.0265005
0.026496
0.0264914
0.0264869
0.0264824
0.0264779
0.0264734
0.0264689
0.0264644
0.0264599
0.0264554
0.0264509
0.0264464
0.026442
0.0264375
0.026433
0.0264286
0.0264241
0.0264197
0.0264153
0.0264108
0.0264064
0.026402
0.0263975
0.0263931
0.0263887
0.0263843
0.0263799
0.0263755
0.0263711
0.0263667
0.0263623
0.026358
0.0263536
0.0263492
0.0263449
0.0263405
0.0263362
0.0263318
0.0263275
0.0263231
0.0263188
0.0263145
0.0263102
0.0263058
0.0263015
0.0262972
0.0262929
0.0262886
0.0262843
0.0262801
0.0262758
0.0262715
0.0262672
0.026263
0.0262587
0.0262544
0.0262502
0.0262459
0.0262417
0.0262375
0.0262332
0.026229
0.0262248
0.0262206
0.0262163
0.0262121
0.0262079
0.0262037
0.0261995
0.0261954
0.0261912
0.026187
0.0261828
0.0261787
0.0261745
0.0261703
0.0261662
0.026162
0.0261579
0.0261537
0.0261496
0.0261455
0.0261414
0.0261372
0.0261331
0.026129
0.0261249
0.0261208
0.0261167
0.0261126
0.0261085
0.0261045
0.0261004
0.0260963
0.0260922
0.0260882
0.0260841
0.0260801
0.026076
0.026072
0.026068
0.0260639
0.0260599
0.0260559
0.0260519
0.0260478
0.0260438
0.0260398
0.0260358
0.0260318
0.0260278
0.0260239
0.0260199
0.0260159
0.0260119
0.026008
0.026004
0.0260001
0.0259961
0.0259922
0.0259882
0.0259843
0.0259804
0.0259764
0.0259725
0.0259686
0.0259647
0.0259608
0.0259569
0.025953
0.0259491
0.0259452
0.0259413
0.0259374
0.0259335
0.0259297
0.0259258
0.0259219
0.0259181
0.0259142
0.0259104
0.0259065
0.0259027
0.0258989
0.0258951
0.0258912
0.0258874
0.0258836
0.0258798
0.025876
0.0258722
0.0258684
0.0258646
0.0258608
0.025857
0.0258533
0.0258495
0.0258457
0.025842
0.0258382
0.0258344
0.0258307
0.0258269
0.0258232
0.0258195
0.0258157
0.025812
0.0258083
0.0258046
0.0258009
0.0257972
0.0257935
0.0257898
0.0257861
0.0257824
0.0257787
0.025775
0.0257713
0.0257677
0.025764
0.0257603
0.0257567
0.025753
0.0257494
0.0257457
0.0257421
0.0257385
0.0257348
0.0257312
0.0257276
0.025724
0.0257204
0.0257168
0.0257132
0.0257096
0.025706
0.0257024
0.0256988
0.0256952
0.0256917
0.0256881
0.0256845
0.025681
0.0256774
0.0256738
0.0256703
0.0256668
0.0256632
0.0256597
0.0256562
0.0256526
0.0256491
0.0256456
0.0256421
0.0256386
0.0256351
0.0256316
0.0256281
0.0256246
0.0256211
0.0256176
0.0256142
0.0256107
0.0256072
0.0256038
0.0256003
0.0255968
0.0255934
0.0255899
0.0255865
0.0255831
0.0255796
0.0255762
0.0255728
0.0255694
0.025566
0.0255625
0.0255591
0.0255557
0.0255523
0.025549
0.0255456
0.0255422
0.0255388
0.0255354
0.0255321
0.0255287
0.0255253
0.025522
0.0255186
0.0255153
0.0255119
0.0255086
0.0255053
0.0255019
0.0254986
0.0254953
0.025492
0.0254886
0.0254853
0.025482
0.0254787
0.0254754
0.0254721
0.0254689
0.0254656
0.0254623
0.025459
0.0254557
0.0254525
0.0254492
0.025446
0.0254427
0.0254395
0.0254362
0.025433
0.0254297
0.0254265
0.0254233
0.0254201
0.0254168
0.0254136
0.0254104
0.0254072
0.025404
0.0254008
0.0253976
0.0253944
0.0253912
0.0253881
0.0253849
0.0253817
0.0253785
0.0253754
0.0253722
0.0253691
0.0253659
0.0253628
0.0253596
0.0253565
0.0253533
0.0253502
0.0253471
0.025344
0.0253408
0.0253377
0.0253346
0.0253315
0.0253284
0.0253253
0.0253222
0.0253191
0.025316
0.025313
0.0253099
0.0253068
0.0253037
0.0253007
0.0252976
0.0252946
0.0252915
0.0252885
0.0252854
0.0252824
0.0252794
0.0252763
0.0252733
0.0252703
0.0252673
0.0252642
0.0252612
0.0252582
0.0252552
0.0252522
0.0252492
0.0252462
0.0252432
0.0252403
0.0252373
0.0252343
0.0252313
0.0252284
0.0252254
0.0252225
0.0252195
0.0252166
0.0252136
0.0252107
0.0252077
0.0252048
0.0252019
0.0251989
0.025196
0.0251931
0.0251902
0.0251873
0.0251844
0.0251815
0.0251786
0.0251757
0.0251728
0.0251699
0.025167
0.0251641
0.0251613
0.0251584
0.0251555
0.0251527
0.0251498
0.025147
0.0251441
0.0251413
0.0251384
0.0251356
0.0251327
0.0251299
0.0251271
0.0251243
0.0251215
0.0251186
0.0251158
0.025113
0.0251102
0.0251074
0.0251046
0.0251018
0.025099
0.0250963
0.0250935
0.0250907
0.0250879
0.0250852
0.0250824
0.0250796
0.0250769
0.0250741
0.0250714
0.0250686
0.0250659
0.0250632
0.0250604
0.0250577
0.025055
0.0250522
0.0250495
0.0250468
0.0250441
0.0250414
0.0250387
0.025036
0.0250333
0.0250306
0.0250279
0.0250252
0.0250226
0.0250199
0.0250172
0.0250145
0.0250119
0.0250092
0.0250066
0.0250039
0.0250013
0.0249986
0.024996
0.0249933
0.0249907
0.0249881
0.0249854
0.0249828
0.0249802
0.0249776
0.024975
0.0249724
0.0249698
0.0249672
0.0249646
0.024962
0.0249594
0.0249568
0.0249542
0.0249516
0.0249491
0.0249465
0.0249439
0.0249413
0.0249388
0.0249362
0.0249337
0.0249311
0.0249286
0.024926
0.0249235
0.024921
0.0249184
0.0249159
0.0249134
0.0249109
0.0249083
0.0249058
0.0249033
0.0249008
0.0248983
0.0248958
0.0248933
0.0248908
0.0248883
0.0248859
0.0248834
0.0248809
0.0248784
0.024876
0.0248735
0.024871
0.0248686
0.0248661
0.0248637
0.0248612
0.0248588
0.0248563
0.0248539
0.0248515
0.024849
0.0248466
0.0248442
0.0248418
0.0248394
0.0248369
0.0248345
0.0248321
0.0248297
0.0248273
0.0248249
0.0248225
0.0248202
0.0248178
0.0248154
0.024813
0.0248106
0.0248083
0.0248059
0.0248035
0.0248012
0.0247988
0.0247965
0.0247941
0.0247918
0.0247894
0.0247871
0.0247848
0.0247824
0.0247801
0.0247778
0.0247754
0.0247731
0.0247708
0.0247685
0.0247662
0.0247639
0.0247616
0.0247593
0.024757
0.0247547
0.0247524
0.0247501
0.0247479
0.0247456
0.0247433
0.024741
0.0247388
0.0247365
0.0247342
0.024732
0.0247297
0.0247275
0.0247252
0.024723
0.0247208
0.0247185
0.0247163
0.0247141
0.0247118
0.0247096
0.0247074
0.0247052
0.024703
0.0247007
0.0246985
0.0246963
0.0246941
0.0246919
0.0246897
0.0246876
0.0246854
0.0246832
0.024681
0.0246788
0.0246767
0.0246745
0.0246723
0.0246702
0.024668
0.0246658
0.0246637
0.0246615
0.0246594
0.0246572
0.0246551
0.024653
0.0246508
0.0246487
0.0246466
0.0246445
0.0246423
0.0246402
0.0246381
0.024636
0.0246339
0.0246318
0.0246297
0.0246276
0.0246255
0.0246234
0.0246213
0.0246192
0.0246171
0.0246151
0.024613
0.0246109
0.0246088
0.0246068
0.0246047
0.0246026
0.0246006
0.0245985
0.0245965
0.0245944
0.0245924
0.0245903
0.0245883
0.0245863
0.0245842
0.0245822
0.0245802
0.0245782
0.0245761
0.0245741
0.0245721
0.0245701
0.0245681
0.0245661
0.0245641
0.0245621
0.0245601
0.0245581
0.0245561
0.0245541
0.0245522
0.0245502
0.0245482
0.0245462
0.0245443
0.0245423
0.0245403
0.0245384
0.0245364
0.0245345
0.0245325
0.0245306
0.0245286
0.0245267
0.0245247
0.0245228
0.0245209
0.0245189
0.024517
0.0245151
0.0245132
0.0245113
0.0245093
0.0245074
0.0245055
0.0245036
0.0245017
0.0244998
0.0244979
0.024496
0.0244941
0.0244922
0.0244904
0.0244885
0.0244866
0.0244847
0.0244828
0.024481
0.0244791
0.0244772
0.0244754
0.0244735
0.0244717
0.0244698
0.024468
0.0244661
0.0244643
0.0244624
0.0244606
0.0244588
0.0244569
0.0244551
0.0244533
0.0244515
0.0244496
0.0244478
0.024446
0.0244442
0.0244424
0.0244406
0.0244388
0.024437
0.0244352
0.0244334
0.0244316
0.0244298
0.024428
0.0244262
0.0244245
0.0244227
0.0244209
0.0244191
0.0244174
0.0244156
0.0244139
0.0244121
0.0244103
0.0244086
0.0244068
0.0244051
0.0244033
0.0244016
0.0243999
0.0243981
0.0243964
0.0243947
0.0243929
0.0243912
0.0243895
0.0243878
0.024386
0.0243843
0.0243826
0.0243809
0.0243792
0.0243775
0.0243758
0.0243741
0.0243724
0.0243707
0.024369
0.0243673
0.0243657
0.024364
0.0243623
0.0243606
0.0243589
0.0243573
0.0243556
0.0243539
0.0243523
0.0243506
0.024349
0.0243473
0.0243457
0.024344
0.0243424
0.0243407
0.0243391
0.0243374
0.0243358
0.0243342
0.0243325
0.0243309
0.0243293
0.0243277
0.0243261
0.0243244
0.0243228
0.0243212
0.0243196
0.024318
0.0243164
0.0243148
0.0243132
0.0243116
0.02431
0.0243084
0.0243068
0.0243053
0.0243037
0.0243021
0.0243005
0.0242989
0.0242974
0.0242958
0.0242942
0.0242927
0.0242911
0.0242896
0.024288
0.0242865
0.0242849
0.0242834
0.0242818
0.0242803
0.0242787
0.0242772
0.0242757
0.0242741
0.0242726
0.0242711
0.0242695
0.024268
0.0242665
0.024265
0.0242635
0.024262
0.0242605
0.0242589
0.0242574
0.0242559
0.0242544
0.0242529
0.0242515
0.02425
0.0242485
0.024247
0.0242455
0.024244
0.0242425
0.0242411
0.0242396
0.0242381
0.0242367
0.0242352
0.0242337
0.0242323
0.0242308
0.0242294
0.0242279
0.0242264
0.024225
0.0242236
0.0242221
0.0242207
0.0242192
0.0242178
0.0242164
0.0242149
0.0242135
0.0242121
0.0242106
0.0242092
0.0242078
0.0242064
0.024205
0.0242036
0.0242022
0.0242007
0.0241993
0.0241979
0.0241965
0.0241951
0.0241938
0.0241924
0.024191
0.0241896
0.0241882
0.0241868
0.0241854
0.0241841
0.0241827
0.0241813
0.0241799
0.0241786
0.0241772
0.0241758
0.0241745
0.0241731
0.0241718
0.0241704
0.0241691
0.0241677
0.0241664
0.024165
0.0241637
0.0241623
0.024161
0.0241597
0.0241583
0.024157
0.0241557
0.0241543
0.024153
0.0241517
0.0241504
0.0241491
0.0241477
0.0241464
0.0241451
0.0241438
0.0241425
0.0241412
0.0241399
0.0241386
0.0241373
0.024136
0.0241347
0.0241334
0.0241321
0.0241309
0.0241296
0.0241283
0.024127
0.0241257
0.0241245
0.0241232
0.0241219
0.0241207
0.0241194
0.0241181
0.0241169
0.0241156
0.0241144
0.0241131
0.0241119
0.0241106
0.0241094
0.0241081
0.0241069
0.0241056
0.0241044
0.0241032
0.0241019
0.0241007
0.0240995
0.0240983
0.024097
0.0240958
0.0240946
0.0240934
0.0240922
0.0240909
0.0240897
0.0240885
0.0240873
0.0240861
0.0240849
0.0240837
0.0240825
0.0240813
0.0240801
0.0240789
0.0240777
0.0240765
0.0240754
0.0240742
0.024073
0.0240718
0.0240706
0.0240695
0.0240683
0.0240671
0.024066
0.0240648
0.0240636
0.0240625
0.0240613
0.0240602
0.024059
0.0240578
0.0240567
0.0240555
0.0240544
0.0240533
0.0240521
0.024051
0.0240498
0.0240487
0.0240476
0.0240464
0.0240453
0.0240442
0.024043
0.0240419
0.0240408
0.0240397
0.0240386
0.0240374
0.0240363
0.0240352
0.0240341
0.024033
0.0240319
0.0240308
0.0240297
0.0240286
0.0240275
0.0240264
0.0240253
0.0240242
0.0240231
0.024022
0.024021
0.0240199
0.0240188
0.0240177
0.0240166
0.0240156
0.0240145
0.0240134
0.0240123
0.0240113
0.0240102
0.0240092
0.0240081
0.024007
0.024006
0.0240049
0.0240039
0.0240028
0.0240018
0.0240007
0.0239997
0.0239986
0.0239976
0.0239966
0.0239955
0.0239945
0.0239934
0.0239924
0.0239914
0.0239904
0.0239893
0.0239883
0.0239873
0.0239863
0.0239852
0.0239842
0.0239832
0.0239822
0.0239812
0.0239802
0.0239792
0.0239782
0.0239772
0.0239762
0.0239752
0.0239742
0.0239732
0.0239722
0.0239712
0.0239702
0.0239692
0.0239682
0.0239673
0.0239663
0.0239653
0.0239643
0.0239633
0.0239624
0.0239614
0.0239604
0.0239595
0.0239585
0.0239575
0.0239566
0.0239556
0.0239546
0.0239537
0.0239527
0.0239518
0.0239508
0.0239499
0.0239489
0.023948
0.023947
0.0239461
0.0239452
0.0239442
0.0239433
0.0239423
0.0239414
0.0239405
0.0239395
0.0239386
0.0239377
0.0239368
0.0239358
0.0239349
0.023934
0.0239331
0.0239322
0.0239313
0.0239303
0.0239294
0.0239285
0.0239276
0.0239267
0.0239258
0.0239249
0.023924
0.0239231
0.0239222
0.0239213
0.0239204
0.0239195
0.0239187
0.0239178
0.0239169
0.023916
0.0239151
0.0239142
0.0239134
0.0239125
0.0239116
0.0239107
0.0239099
0.023909
0.0239081
0.0239073
0.0239064
0.0239055
0.0239047
0.0239038
0.023903
0.0239021
0.0239013
0.0239004
0.0238995
0.0238987
0.0238979
0.023897
0.0238962
0.0238953
0.0238945
0.0238936
0.0238928
0.023892
0.0238911
0.0238903
0.0238895
0.0238886
0.0238878
0.023887
0.0238862
0.0238854
0.0238845
0.0238837
0.0238829
0.0238821
0.0238813
0.0238805
0.0238796
0.0238788
0.023878
0.0238772
0.0238764
0.0238756
0.0238748
0.023874
0.0238732
0.0238724
0.0238716
0.0238708
0.0238701
0.0238693
0.0238685
0.0238677
0.0238669
0.0238661
0.0238653
0.0238646
0.0238638
0.023863
0.0238622
0.0238615
0.0238607
0.0238599
0.0238592
0.0238584
0.0238576
0.0238569
0.0238561
0.0238553
0.0238546
0.0238538
0.0238531
0.0238523
0.0238516
0.0238508
0.0238501
0.0238493
0.0238486
0.0238478
0.0238471
0.0238464
0.0238456
0.0238449
0.0238441
0.0238434
0.0238427
0.0238419
0.0238412
0.0238405
0.0238398
0.023839
0.0238383
0.0238376
0.0238369
0.0238361
0.0238354
0.0238347
0.023834
0.0238333
0.0238326
0.0238319
0.0238312
0.0238304
0.0238297
0.023829
0.0238283
0.0238276
0.0238269
0.0238262
0.0238255
0.0238248
0.0238241
0.0238235
0.0238228
0.0238221
0.0238214
0.0238207
0.02382
0.0238193
0.0238187
0.023818
0.0238173
0.0238166
0.0238159
0.0238153
0.0238146
0.0238139
0.0238133
0.0238126
0.0238119
0.0238113
0.0238106
0.0238099
0.0238093
0.0238086
0.0238079
0.0238073
0.0238066
0.023806
0.0238053
0.0238047
0.023804
0.0238034
0.0238027
0.0238021
0.0238014
0.0238008
0.0238002
0.0237995
0.0237989
0.0237982
0.0237976
0.023797
0.0237963
0.0237957
0.0237951
0.0237945
0.0237938
0.0237932
0.0237926
0.023792
0.0237913
0.0237907
0.0237901
0.0237895
0.0237889
0.0237882
0.0237876
0.023787
0.0237864
0.0237858
0.0237852
0.0237846
0.023784
0.0237834
0.0237828
0.0237822
0.0237816
0.023781
0.0237804
0.0237798
0.0237792
0.0237786
0.023778
0.0237774
0.0237768
0.0237762
0.0237757
0.0237751
0.0237745
0.0237739
0.0237733
0.0237728
0.0237722
0.0237716
0.023771
0.0237704
0.0237699
0.0237693
0.0237687
0.0237682
0.0237676
0.023767
0.0237665
0.0237659
0.0237653
0.0237648
0.0237642
0.0237637
0.0237631
0.0237626
0.023762
0.0237614
0.0237609
0.0237603
0.0237598
0.0237592
0.0237587
0.0237582
0.0237576
0.0237571
0.0237565
0.023756
0.0237554
0.0237549
0.0237544
0.0237538
0.0237533
0.0237528
0.0237522
0.0237517
0.0237512
0.0237507
0.0237501
0.0237496
0.0237491
0.0237486
0.023748
0.0237475
0.023747
0.0237465
0.023746
0.0237455
0.0237449
0.0237444
0.0237439
0.0237434
0.0237429
0.0237424
0.0237419
0.0237414
0.0237409
0.0237404
0.0237399
0.0237394
0.0237389
0.0237384
0.0237379
0.0237374
0.0237369
0.0237364
0.0237359
0.0237354
0.0237349
0.0237344
0.023734
0.0237335
0.023733
0.0237325
0.023732
0.0237315
0.0237311
0.0237306
0.0237301
0.0237296
0.0237291
0.0237287
0.0237282
0.0237277
0.0237273
0.0237268
0.0237263
0.0237259
0.0237254
0.0237249
0.0237245
0.023724
0.0237235
0.0237231
0.0237226
0.0237222
0.0237217
0.0237213
0.0237208
0.0237204
0.0237199
0.0237194
0.023719
0.0237186
0.0237181
0.0237177
0.0237172
0.0237168
0.0237163
0.0237159
0.0237154
0.023715
0.0237146
0.0237141
0.0237137
0.0237133
0.0237128
0.0237124
0.023712
0.0237115
0.0237111
0.0237107
0.0237103
0.0237098
0.0237094
0.023709
0.0237086
0.0237081
0.0237077
0.0237073
0.0237069
0.0237065
0.023706
0.0237056
0.0237052
0.0237048
0.0237044
0.023704
0.0237036
0.0237032
0.0237028
0.0237024
0.0237019
0.0237015
0.0237011
0.0237007
0.0237003
0.0236999
0.0236995
0.0236991
0.0236987
0.0236984
0.023698
0.0236976
0.0236972
0.0236968
0.0236964
0.023696
0.0236956
0.0236952
0.0236948
0.0236945
0.0236941
0.0236937
0.0236933
0.0236929
0.0236926
0.0236922
0.0236918
0.0236914
0.023691
0.0236907
0.0236903
0.0236899
0.0236896
0.0236892
0.0236888
0.0236884
0.0236881
0.0236877
0.0236874
0.023687
0.0236866
0.0236863
0.0236859
0.0236855
0.0236852
0.0236848
0.0236845
0.0236841
0.0236838
0.0236834
0.0236831
0.0236827
0.0236823
0.023682
0.0236816
0.0236813
0.023681
0.0236806
0.0236803
0.0236799
0.0236796
0.0236792
0.0236789
0.0236786
0.0236782
0.0236779
0.0236775
0.0236772
0.0236769
0.0236765
0.0236762
0.0236759
0.0236755
0.0236752
0.0236749
0.0236746
0.0236742
0.0236739
0.0236736
0.0236732
0.0236729
0.0236726
0.0236723
0.023672
0.0236716
0.0236713
0.023671
0.0236707
0.0236704
0.0236701
0.0236697
0.0236694
0.0236691
0.0236688
0.0236685
0.0236682
0.0236679
0.0236676
0.0236673
0.023667
0.0236667
0.0236664
0.023666
0.0236657
0.0236654
0.0236651
0.0236648
0.0236645
0.0236643
0.023664
0.0236637
0.0236634
0.0236631
0.0236628
0.0236625
0.0236622
0.0236619
0.0236616
0.0236613
0.023661
0.0236608
0.0236605
0.0236602
0.0236599
0.0236596
0.0236593
0.0236591
0.0236588
0.0236585
0.0236582
0.0236579
0.0236577
0.0236574
0.0236571
0.0236568
0.0236566
0.0236563
0.023656
0.0236558
0.0236555
0.0236552
0.0236549
0.0236547
0.0236544
0.0236541
0.0236539
0.0236536
0.0236534
0.0236531
0.0236528
0.0236526
0.0236523
0.0236521
0.0236518
0.0236515
0.0236513
0.023651
0.0236508
0.0236505
0.0236503
0.02365
0.0236498
0.0236495
0.0236493
0.023649
0.0236488
0.0236485
0.0236483
0.023648
0.0236478
0.0236476
0.0236473
0.0236471
0.0236468
0.0236466
0.0236464
0.0236461
0.0236459
0.0236456
0.0236454
0.0236452
0.0236449
0.0236447
0.0236445
0.0236442
0.023644
0.0236438
0.0236436
0.0236433
0.0236431
0.0236429
0.0236426
0.0236424
0.0236422
0.023642
0.0236417
0.0236415
0.0236413
0.0236411
0.0236409
0.0236406
0.0236404
0.0236402
0.02364
0.0236398
0.0236396
0.0236394
0.0236391
0.0236389
0.0236387
0.0236385
0.0236383
0.0236381
0.0236379
0.0236377
0.0236375
0.0236373
0.023637
0.0236368
0.0236366
0.0236364
0.0236362
0.023636
0.0236358
0.0236356
0.0236354
0.0236352
0.023635
0.0236348
0.0236346
0.0236345
0.0236343
0.0236341
0.0236339
0.0236337
0.0236335
0.0236333
0.0236331
0.0236329
0.0236327
0.0236325
0.0236324
0.0236322
0.023632
0.0236318
0.0236316
0.0236314
0.0236312
0.0236311
0.0236309
0.0236307
0.0236305
0.0236303
0.0236302
0.02363
0.0236298
0.0236296
0.0236295
0.0236293
0.0236291
0.0236289
0.0236288
0.0236286
0.0236284
0.0236283
0.0236281
0.0236279
0.0236277
0.0236276
0.0236274
0.0236272
0.0236271
0.0236269
0.0236268
0.0236266
0.0236264
0.0236263
0.0236261
0.0236259
0.0236258
0.0236256
0.0236255
0.0236253
0.0236252
0.023625
0.0236248
0.0236247
0.0236245
0.0236244
0.0236242
0.0236241
0.0236239
0.0236238
0.0236236
0.0236235
0.0236233
0.0236232
0.023623
0.0236229
0.0236227
0.0236226
0.0236224
0.0236223
0.0236222
0.023622
0.0236219
0.0236217
0.0236216
0.0236215
0.0236213
0.0236212
0.023621
0.0236209
0.0236208
0.0236206
0.0236205
0.0236204
0.0236202
0.0236201
0.02362
0.0236198
0.0236197
0.0236196
0.0236194
0.0236193
0.0236192
0.023619
0.0236189
0.0236188
0.0236187
0.0236185
0.0236184
0.0236183
0.0236182
0.023618
0.0236179
0.0236178
0.0236177
0.0236176
0.0236174
0.0236173
0.0236172
0.0236171
0.023617
0.0236169
0.0236167
0.0236166
0.0236165
0.0236164
0.0236163
0.0236162
0.0236161
0.0236159
0.0236158
0.0236157
0.0236156
0.0236155
0.0236154
0.0236153
0.0236152
0.0236151
0.023615
0.0236149
0.0236148
0.0236147
0.0236146
0.0236145
0.0236144
0.0236142
0.0236141
0.023614
0.0236139
0.0236138
0.0236137
0.0236137
0.0236136
0.0236135
0.0236134
0.0236133
0.0236132
0.0236131
0.023613
0.0236129
0.0236128
0.0236127
0.0236126
0.0236125
0.0236124
0.0236123
0.0236123
0.0236122
0.0236121
0.023612
0.0236119
0.0236118
0.0236117
0.0236116
0.0236116
0.0236115
0.0236114
0.0236113
0.0236112
0.0236111
0.0236111
0.023611
0.0236109
0.0236108
0.0236107
0.0236107
0.0236106
0.0236105
0.0236104
0.0236104
0.0236103
0.0236102
0.0236101
0.0236101
0.02361
0.0236099
0.0236098
0.0236098
0.0236097
0.0236096
0.0236096
0.0236095
0.0236094
0.0236094
0.0236093
0.0236092
0.0236092
0.0236091
0.023609
0.023609
0.0236089
0.0236088
0.0236088
0.0236087
0.0236086
0.0236086
0.0236085
0.0236085
0.0236084
0.0236083
0.0236083
0.0236082
0.0236082
0.0236081
0.0236081
0.023608
0.0236079
0.0236079
0.0236078
0.0236078
0.0236077
0.0236077
0.0236076
0.0236076
0.0236075
0.0236075
0.0236074
0.0236074
0.0236073
0.0236073
0.0236072
0.0236072
0.0236071
0.0236071
0.023607
0.023607
0.0236069
0.0236069
0.0236069
0.0236068
0.0236068
0.0236067
0.0236067
0.0236066
0.0236066
0.0236066
0.0236065
0.0236065
0.0236064
0.0236064
0.0236064
0.0236063
0.0236063
0.0236062
0.0236062
0.0236062
0.0236061
0.0236061
0.0236061
0.023606
0.023606
0.023606
0.0236059
0.0236059
0.0236059
0.0236058
0.0236058
0.0236058
0.0236058
0.0236057
0.0236057
0.0236057
0.0236056
0.0236056
0.0236056
0.0236056
0.0236055
0.0236055
0.0236055
0.0236055
0.0236054
0.0236054
0.0236054
0.0236054
0.0236053
0.0236053
0.0236053
0.0236053
0.0236053
0.0236052
0.0236052
0.0236052
0.0236052
0.0236052
0.0236052
0.0236051
0.0236051
0.0236051
0.0236051
0.0236051
0.0236051
0.0236051
0.023605
0.023605
0.023605
0.023605
0.023605
0.023605
0.023605
0.023605
0.0236049
0.0236049
0.0236049
0.0236049
0.0236049
0.0236049
0.0236049
0.0236049
0.0236049
0.0236049
0.0236049
0.0236049
0.0236049
0.0236049
0.0236049
0.0236049
0.0236049
0.0236048
0.0236048
0.0236048
0.0236048
0.0236048
0.0236048
0.0236048
0.0236048
0.0236048
0.0236048
0.0236048
0.0236049
0.0236049
0.0236049
0.0236049
0.0236049
0.0236049
0.0236049
0.0236049
0.0236049
0.0236049
0.0236049
0.0236049
0.0236049
0.0236049
0.0236049
0.0236049
0.0236049
0.023605
0.023605
0.023605
0.023605
0.023605
0.023605
0.023605
0.023605
0.0236051
0.0236051
0.0236051
0.0236051
0.0236051
0.0236051
0.0236051
0.0236052
0.0236052
0.0236052
0.0236052
0.0236052
0.0236052
0.0236053
0.0236053
0.0236053
0.0236053
0.0236053
0.0236054
0.0236054
0.0236054
0.0236054
0.0236054
0.0236055
0.0236055
0.0236055
0.0236055
0.0236056
0.0236056
0.0236056
0.0236056
0.0236057
0.0236057
0.0236057
0.0236057
0.0236058
0.0236058
0.0236058
0.0236058
0.0236059
0.0236059
0.0236059
0.023606
0.023606
0.023606
0.023606
0.0236061
0.0236061
0.0236061
0.0236062
0.0236062
0.0236062
0.0236063
0.0236063
0.0236063
0.0236064
0.0236064
0.0236064
0.0236065
0.0236065
0.0236065
0.0236066
0.0236066
0.0236067
0.0236067
0.0236067
0.0236068
0.0236068
0.0236069
0.0236069
0.0236069
0.023607
0.023607
0.0236071
0.0236071
0.0236071
0.0236072
0.0236072
0.0236073
0.0236073
0.0236073
0.0236074
0.0236074
0.0236075
0.0236075
0.0236076
0.0236076
0.0236077
0.0236077
0.0236078
0.0236078
0.0236078
0.0236079
0.0236079
0.023608
0.023608
0.0236081
0.0236081
0.0236082
0.0236082
0.0236083
0.0236083
0.0236084
0.0236084
0.0236085
0.0236085
0.0236086
0.0236087
0.0236087
0.0236088
0.0236088
0.0236089
0.0236089
0.023609
0.023609
0.0236091
0.0236091
0.0236092
0.0236093
0.0236093
0.0236094
0.0236094
0.0236095
0.0236095
0.0236096
0.0236097
0.0236097
0.0236098
0.0236098
0.0236099
0.02361
0.02361
0.0236101
0.0236101
0.0236102
0.0236103
0.0236103
0.0236104
0.0236104
0.0236105
0.0236106
0.0236106
0.0236107
0.0236108
0.0236108
0.0236109
0.023611
0.023611
0.0236111
0.0236112
0.0236112
0.0236113
0.0236114
0.0236114
0.0236115
0.0236116
0.0236116
0.0236117
0.0236118
0.0236118
0.0236119
0.023612
0.023612
0.0236121
0.0236122
0.0236123
0.0236123
0.0236124
0.0236125
0.0236126
0.0236126
0.0236127
0.0236128
0.0236128
0.0236129
0.023613
0.0236131
0.0236131
0.0236132
0.0236133
0.0236134
0.0236134
0.0236135
0.0236136
0.0236137
0.0236137
0.0236138
0.0236139
0.023614
0.0236141
0.0236141
0.0236142
0.0236143
0.0236144
0.0236145
0.0236145
0.0236146
0.0236147
0.0236148
0.0236149
0.0236149
0.023615
0.0236151
0.0236152
0.0236153
0.0236153
0.0236154
0.0236155
0.0236156
0.0236157
0.0236158
0.0236159
0.0236159
0.023616
0.0236161
0.0236162
0.0236163
0.0236164
0.0236164
0.0236165
0.0236166
0.0236167
0.0236168
0.0236169
0.023617
0.0236171
0.0236171
0.0236172
0.0236173
0.0236174
0.0236175
0.0236176
0.0236177
0.0236178
0.0236179
0.023618
0.023618
0.0236181
0.0236182
0.0236183
0.0236184
0.0236185
0.0236186
0.0236187
0.0236188
0.0236189
0.023619
0.0236191
0.0236192
0.0236193
0.0236193
0.0236194
0.0236195
0.0236196
0.0236197
0.0236198
0.0236199
0.02362
0.0236201
0.0236202
0.0236203
0.0236204
0.0236205
0.0236206
0.0236207
0.0236208
0.0236209
0.023621
0.0236211
0.0236212
0.0236213
0.0236214
0.0236215
0.0236216
0.0236217
0.0236218
0.0236219
0.023622
0.0236221
0.0236222
0.0236223
0.0236224
0.0236225
0.0236226
0.0236227
0.0236228
0.0236229
0.023623
0.0236231
0.0236232
0.0236233
0.0236234
0.0236235
0.0236237
0.0236238
0.0236239
0.023624
0.0236241
0.0236242
0.0236243
0.0236244
0.0236245
0.0236246
0.0236247
0.0236248
0.0236249
0.023625
0.0236252
0.0236253
0.0236254
0.0236255
0.0236256
0.0236257
0.0236258
0.0236259
0.023626
0.0236261
0.0236262
0.0236264
0.0236265
0.0236266
0.0236267
0.0236268
0.0236269
0.023627
0.0236271
0.0236273
0.0236274
0.0236275
0.0236276
0.0236277
0.0236278
0.0236279
0.023628
0.0236282
0.0236283
0.0236284
0.0236285
0.0236286
0.0236287
0.0236288
0.023629
0.0236291
0.0236292
0.0236293
0.0236294
0.0236295
0.0236297
0.0236298
0.0236299
0.02363
0.0236301
0.0236303
0.0236304
0.0236305
0.0236306
0.0236307
0.0236308
0.023631
0.0236311
0.0236312
0.0236313
0.0236314
0.0236316
0.0236317
0.0236318
0.0236319
0.023632
0.0236322
0.0236323
0.0236324
0.0236325
0.0236327
0.0236328
0.0236329
0.023633
0.0236331
0.0236333
0.0236334
0.0236335
0.0236336
0.0236338
0.0236339
0.023634
0.0236341
0.0236343
0.0236344
0.0236345
0.0236346
0.0236348
0.0236349
0.023635
0.0236351
0.0236353
0.0236354
0.0236355
0.0236356
0.0236358
0.0236359
0.023636
0.0236362
0.0236363
0.0236364
0.0236365
0.0236367
0.0236368
0.0236369
0.023637
0.0236372
0.0236373
0.0236374
0.0236376
0.0236377
0.0236378
0.023638
0.0236381
0.0236382
0.0236383
0.0236385
0.0236386
0.0236387
0.0236389
0.023639
0.0236391
0.0236393
0.0236394
0.0236395
0.0236397
0.0236398
0.0236399
0.0236401
0.0236402
0.0236403
0.0236405
0.0236406
0.0236407
0.0236409
0.023641
0.0236411
0.0236413
0.0236414
0.0236415
0.0236417
0.0236418
0.0236419
0.0236421
0.0236422
0.0236423
0.0236425
0.0236426
0.0236427
0.0236429
0.023643
0.0236432
0.0236433
0.0236434
0.0236436
0.0236437
0.0236438
0.023644
0.0236441
0.0236443
0.0236444
0.0236445
0.0236447
0.0236448
0.0236449
0.0236451
0.0236452
0.0236454
0.0236455
0.0236456
0.0236458
0.0236459
0.0236461
0.0236462
0.0236463
0.0236465
0.0236466
0.0236468
0.0236469
0.023647
0.0236472
0.0236473
0.0236475
0.0236476
0.0236478
0.0236479
0.023648
0.0236482
0.0236483
0.0236485
0.0236486
0.0236488
0.0236489
0.023649
0.0236492
0.0236493
0.0236495
0.0236496
0.0236498
0.0236499
0.02365
0.0236502
0.0236503
0.0236505
0.0236506
0.0236508
0.0236509
0.0236511
0.0236512
0.0236513
0.0236515
0.0236516
0.0236518
0.0236519
0.0236521
0.0236522
0.0236524
0.0236525
0.0236527
0.0236528
0.023653
0.0236531
0.0236533
0.0236534
0.0236535
0.0236537
0.0236538
0.023654
0.0236541
0.0236543
0.0236544
0.0236546
0.0236547
0.0236549
0.023655
0.0236552
0.0236553
0.0236555
0.0236556
0.0236558
0.0236559
0.0236561
0.0236562
0.0236564
0.0236565
0.0236567
0.0236568
0.023657
0.0236571
0.0236573
0.0236574
0.0236576
0.0236577
0.0236579
0.023658
0.0236582
0.0236583
0.0236585
0.0236586
0.0236588
0.0236589
0.0236591
0.0236593
0.0236594
0.0236596
0.0236597
0.0236599
0.02366
0.0236602
0.0236603
0.0236605
0.0236606
0.0236608
0.0236609
0.0236611
0.0236612
0.0236614
0.0236616
0.0236617
0.0236619
0.023662
0.0236622
0.0236623
0.0236625
0.0236626
0.0236628
0.0236629
0.0236631
0.0236633
0.0236634
0.0236636
0.0236637
0.0236639
0.023664
0.0236642
0.0236644
0.0236645
0.0236647
0.0236648
0.023665
0.0236651
0.0236653
0.0236654
0.0236656
0.0236658
0.0236659
0.0236661
0.0236662
0.0236664
0.0236666
0.0236667
0.0236669
0.023667
0.0236672
0.0236673
0.0236675
0.0236677
0.0236678
0.023668
0.0236681
0.0236683
0.0236685
0.0236686
0.0236688
0.0236689
0.0236691
0.0236693
0.0236694
0.0236696
0.0236697
0.0236699
0.0236701
0.0236702
0.0236704
0.0236705
0.0236707
0.0236709
0.023671
0.0236712
0.0236713
0.0236715
0.0236717
0.0236718
0.023672
0.0236722
0.0236723
0.0236725
0.0236726
0.0236728
0.023673
0.0236731
0.0236733
0.0236734
0.0236736
0.0236738
0.0236739
0.0236741
0.0236743
0.0236744
0.0236746
0.0236748
0.0236749
0.0236751
0.0236752
0.0236754
0.0236756
0.0236757
0.0236759
0.0236761
0.0236762
0.0236764
0.0236766
0.0236767
0.0236769
0.023677
0.0236772
0.0236774
0.0236775
0.0236777
0.0236779
0.023678
0.0236782
0.0236784
0.0236785
0.0236787
0.0236789
0.023679
0.0236792
0.0236794
0.0236795
0.0236797
0.0236799
0.02368
0.0236802
0.0236804
0.0236805
0.0236807
0.0236809
0.023681
0.0236812
0.0236814
0.0236815
0.0236817
0.0236819
0.023682
0.0236822
0.0236824
0.0236825
0.0236827
0.0236829
0.023683
0.0236832
0.0236834
0.0236835
0.0236837
0.0236839
0.023684
0.0236842
0.0236844
0.0236845
0.0236847
0.0236849
0.023685
0.0236852
0.0236854
0.0236856
0.0236857
0.0236859
0.0236861
0.0236862
0.0236864
0.0236866
0.0236867
0.0236869
0.0236871
0.0236872
0.0236874
0.0236876
0.0236878
0.0236879
0.0236881
0.0236883
0.0236884
0.0236886
0.0236888
0.0236889
0.0236891
0.0236893
0.0236895
0.0236896
0.0236898
0.02369
0.0236901
0.0236903
0.0236905
0.0236907
0.0236908
0.023691
0.0236912
0.0236913
0.0236915
0.0236917
0.0236919
0.023692
0.0236922
0.0236924
0.0236925
0.0236927
0.0236929
0.0236931
0.0236932
0.0236934
0.0236936
0.0236937
0.0236939
0.0236941
0.0236943
0.0236944
0.0236946
0.0236948
0.023695
0.0236951
0.0236953
0.0236955
0.0236956
0.0236958
0.023696
0.0236962
0.0236963
0.0236965
0.0236967
0.0236969
0.023697
0.0236972
0.0236974
0.0236976
0.0236977
0.0236979
0.0236981
0.0236982
0.0236984
0.0236986
0.0236988
0.0236989
0.0236991
0.0236993
0.0236995
0.0236996
0.0236998
0.0237
0.0237002
0.0237003
0.0237005
0.0237007
0.0237009
0.023701
0.0237012
0.0237014
0.0237016
0.0237017
0.0237019
0.0237021
0.0237023
0.0237024
0.0237026
0.0237028
0.023703
0.0237031
0.0237033
0.0237035
0.0237037
0.0237038
0.023704
0.0237042
0.0237044
0.0237045
0.0237047
0.0237049
0.0237051
0.0237053
0.0237054
0.0237056
0.0237058
0.023706
0.0237061
0.0237063
0.0237065
0.0237067
0.0237068
0.023707
0.0237072
0.0237074
0.0237075
0.0237077
0.0237079
0.0237081
0.0237083
0.0237084
0.0237086
0.0237088
0.023709
0.0237091
0.0237093
0.0237095
0.0237097
0.0237098
0.02371
0.0237102
0.0237104
0.0237106
0.0237107
0.0237109
0.0237111
0.0237113
0.0237114
0.0237116
0.0237118
0.023712
0.0237122
0.0237123
0.0237125
0.0237127
0.0237129
0.0237131
0.0237132
0.0237134
0.0237136
0.0237138
0.0237139
0.0237141
0.0237143
0.0237145
0.0237147
0.0237148
0.023715
0.0237152
0.0237154
0.0237156
0.0237157
0.0237159
0.0237161
0.0237163
0.0237164
0.0237166
0.0237168
0.023717
0.0237172
0.0237173
0.0237175
0.0237177
0.0237179
0.0237181
0.0237182
0.0237184
0.0237186
0.0237188
0.023719
0.0237191
0.0237193
0.0237195
0.0237197
0.0237199
0.02372
0.0237202
0.0237204
0.0237206
0.0237208
0.0237209
0.0237211
0.0237213
0.0237215
0.0237217
0.0237218
0.023722
0.0237222
0.0237224
0.0237226
0.0237227
0.0237229
0.0237231
0.0237233
0.0237235
0.0237236
0.0237238
0.023724
0.0237242
0.0237244
0.0237245
0.0237247
0.0237249
0.0237251
0.0237253
0.0237254
0.0237256
0.0237258
0.023726
0.0237262
0.0237264
0.0237265
0.0237267
0.0237269
0.0237271
0.0237273
0.0237274
0.0237276
0.0237278
0.023728
0.0237282
0.0237283
0.0237285
0.0237287
0.0237289
0.0237291
0.0237292
0.0237294
0.0237296
0.0237298
0.02373
0.0237302
0.0237303
0.0237305
0.0237307
0.0237309
0.0237311
0.0237312
0.0237314
0.0237316
0.0237318
0.023732
0.0237322
0.0237323
0.0237325
0.0237327
0.0237329
0.0237331
0.0237332
0.0237334
0.0237336
0.0237338
0.023734
0.0237342
0.0237343
0.0237345
0.0237347
0.0237349
0.0237351
0.0237352
0.0237354
0.0237356
0.0237358
0.023736
0.0237362
0.0237363
0.0237365
0.0237367
0.0237369
0.0237371
0.0237373
0.0237374
0.0237376
0.0237378
0.023738
0.0237382
0.0237383
0.0237385
0.0237387
0.0237389
0.0237391
0.0237393
0.0237394
0.0237396
0.0237398
0.02374
0.0237402
0.0237404
0.0237405
0.0237407
0.0237409
0.0237411
0.0237413
0.0237415
0.0237416
0.0237418
0.023742
0.0237422
0.0237424
0.0237426
0.0237427
0.0237429
0.0237431
0.0237433
0.0237435
0.0237436
0.0237438
0.023744
0.0237442
0.0237444
0.0237446
0.0237447
0.0237449
0.0237451
0.0237453
0.0237455
0.0237457
0.0237458
0.023746
0.0237462
0.0237464
0.0237466
0.0237468
0.0237469
0.0237471
0.0237473
0.0237475
0.0237477
0.0237479
0.023748
0.0237482
0.0237484
0.0237486
0.0237488
0.023749
0.0237491
0.0237493
0.0237495
0.0237497
0.0237499
0.0237501
0.0237502
0.0237504
0.0237506
0.0237508
0.023751
0.0237512
0.0237513
0.0237515
0.0237517
0.0237519
0.0237521
0.0237523
0.0237524
0.0237526
0.0237528
0.023753
0.0237532
0.0237534
0.0237535
0.0237537
0.0237539
0.0237541
0.0237543
0.0237545
0.0237547
0.0237548
0.023755
0.0237552
0.0237554
0.0237556
0.0237558
0.0237559
0.0237561
0.0237563
0.0237565
0.0237567
0.0237569
0.023757
0.0237572
0.0237574
0.0237576
0.0237578
0.023758
0.0237581
0.0237583
0.0237585
0.0237587
0.0237589
0.0237591
0.0237592
0.0237594
0.0237596
0.0237598
0.02376
0.0237602
0.0237603
0.0237605
0.0237607
0.0237609
0.0237611
0.0237613
0.0237614
0.0237616
0.0237618
0.023762
0.0237622
0.0237624
0.0237625
0.0237627
0.0237629
0.0237631
0.0237633
0.0237635
0.0237637
0.0237638
0.023764
0.0237642
0.0237644
0.0237646
0.0237648
0.0237649
0.0237651
0.0237653
0.0237655
0.0237657
0.0237659
0.023766
0.0237662
0.0237664
0.0237666
0.0237668
0.023767
0.0237671
0.0237673
0.0237675
0.0237677
0.0237679
0.0237681
0.0237682
0.0237684
0.0237686
0.0237688
0.023769
0.0237692
0.0237693
0.0237695
0.0237697
0.0237699
0.0237701
0.0237703
0.0237705
0.0237706
0.0237708
0.023771
0.0237712
0.0237714
0.0237716
0.0237717
0.0237719
0.0237721
0.0237723
0.0237725
0.0237727
0.0237728
0.023773
0.0237732
0.0237734
0.0237736
0.0237738
0.0237739
0.0237741
0.0237743
0.0237745
0.0237747
0.0237749
0.023775
0.0237752
0.0237754
0.0237756
0.0237758
0.023776
0.0237761
0.0237763
0.0237765
0.0237767
0.0237769
0.0237771
0.0237772
0.0237774
0.0237776
0.0237778
0.023778
0.0237782
0.0237783
0.0237785
0.0237787
0.0237789
0.0237791
0.0237793
0.0237794
0.0237796
0.0237798
0.02378
0.0237802
0.0237804
0.0237805
0.0237807
0.0237809
0.0237811
0.0237813
0.0237815
0.0237816
0.0237818
0.023782
0.0237822
0.0237824
0.0237826
0.0237827
0.0237829
0.0237831
0.0237833
0.0237835
0.0237837
0.0237838
0.023784
0.0237842
0.0237844
0.0237846
0.0237848
0.0237849
0.0237851
0.0237853
0.0237855
0.0237857
0.0237859
0.023786
0.0237862
0.0237864
0.0237866
0.0237868
0.0237869
0.0237871
0.0237873
0.0237875
0.0237877
0.0237879
0.023788
0.0237882
0.0237884
0.0237886
0.0237888
0.023789
0.0237891
0.0237893
0.0237895
0.0237897
0.0237899
0.0237901
0.0237902
0.0237904
0.0237906
0.0237908
0.023791
0.0237912
0.0237913
0.0237915
0.0237917
0.0237919
0.0237921
0.0237922
0.0237924
0.0237926
0.0237928
0.023793
0.0237932
0.0237933
0.0237935
0.0237937
0.0237939
0.0237941
0.0237943
0.0237944
0.0237946
0.0237948
0.023795
0.0237952
0.0237953
0.0237955
0.0237957
0.0237959
0.0237961
0.0237963
0.0237964
0.0237966
0.0237968
0.023797
0.0237972
0.0237973
0.0237975
0.0237977
0.0237979
0.0237981
0.0237983
0.0237984
0.0237986
0.0237988
0.023799
0.0237992
0.0237993
0.0237995
0.0237997
0.0237999
0.0238001
0.0238003
0.0238004
0.0238006
0.0238008
0.023801
0.0238012
0.0238013
0.0238015
0.0238017
0.0238019
0.0238021
0.0238023
0.0238024
0.0238026
0.0238028
0.023803
0.0238032
0.0238033
0.0238035
0.0238037
0.0238039
0.0238041
0.0238042
0.0238044
0.0238046
0.0238048
0.023805
0.0238052
0.0238053
0.0238055
0.0238057
0.0238059
0.0238061
0.0238062
0.0238064
0.0238066
0.0238068
0.023807
0.0238071
0.0238073
0.0238075
0.0238077
0.0238079
0.023808
0.0238082
0.0238084
0.0238086
0.0238088
0.0238089
0.0238091
0.0238093
0.0238095
0.0238097
0.0238098
0.02381
0.0238102
0.0238104
0.0238106
0.0238108
0.0238109
0.0238111
0.0238113
0.0238115
0.0238117
0.0238118
0.023812
0.0238122
0.0238124
0.0238126
0.0238127
0.0238129
0.0238131
0.0238133
0.0238135
0.0238136
0.0238138
0.023814
0.0238142
0.0238144
0.0238145
0.0238147
0.0238149
0.0238151
0.0238153
0.0238154
0.0238156
0.0238158
0.023816
0.0238161
0.0238163
0.0238165
0.0238167
0.0238169
0.023817
0.0238172
0.0238174
0.0238176
0.0238178
0.0238179
0.0238181
0.0238183
0.0238185
0.0238187
0.0238188
0.023819
0.0238192
0.0238194
0.0238196
0.0238197
0.0238199
0.0238201
0.0238203
0.0238204
0.0238206
0.0238208
0.023821
0.0238212
0.0238213
0.0238215
0.0238217
0.0238219
0.0238221
0.0238222
0.0238224
0.0238226
0.0238228
0.023823
0.0238231
0.0238233
0.0238235
0.0238237
0.0238238
0.023824
0.0238242
0.0238244
0.0238246
0.0238247
0.0238249
0.0238251
0.0238253
0.0238254
0.0238256
0.0238258
0.023826
0.0238262
0.0238263
0.0238265
0.0238267
0.0238269
0.023827
0.0238272
0.0238274
0.0238276
0.0238278
0.0238279
0.0238281
0.0238283
0.0238285
0.0238286
0.0238288
0.023829
0.0238292
0.0238294
0.0238295
0.0238297
0.0238299
0.0238301
0.0238302
0.0238304
0.0238306
0.0238308
0.023831
0.0238311
0.0238313
0.0238315
0.0238317
0.0238318
0.023832
0.0238322
0.0238324
0.0238325
0.0238327
0.0238329
0.0238331
0.0238333
0.0238334
0.0238336
0.0238338
0.023834
0.0238341
0.0238343
0.0238345
0.0238347
0.0238348
0.023835
0.0238352
0.0238354
0.0238355
0.0238357
0.0238359
0.0238361
0.0238362
0.0238364
0.0238366
0.0238368
0.023837
0.0238371
0.0238373
0.0238375
0.0238377
0.0238378
0.023838
0.0238382
0.0238384
0.0238385
0.0238387
0.0238389
0.0238391
0.0238392
0.0238394
0.0238396
0.0238398
0.0238399
0.0238401
0.0238403
0.0238405
0.0238406
0.0238408
0.023841
0.0238412
0.0238413
0.0238415
0.0238417
0.0238419
0.023842
0.0238422
0.0238424
0.0238426
0.0238427
0.0238429
0.0238431
0.0238433
0.0238434
0.0238436
0.0238438
0.023844
0.0238441
0.0238443
0.0238445
0.0238447
0.0238448
0.023845
0.0238452
0.0238454
0.0238455
0.0238457
0.0238459
0.0238461
0.0238462
0.0238464
0.0238466
0.0238468
0.0238469
0.0238471
0.0238473
0.0238474
0.0238476
0.0238478
0.023848
0.0238481
0.0238483
0.0238485
0.0238487
0.0238488
0.023849
0.0238492
0.0238494
0.0238495
0.0238497
0.0238499
0.0238501
0.0238502
0.0238504
0.0238506
0.0238507
0.0238509
0.0238511
0.0238513
0.0238514
0.0238516
0.0238518
0.023852
0.0238521
0.0238523
0.0238525
0.0238526
0.0238528
0.023853
0.0238532
0.0238533
0.0238535
0.0238537
0.0238539
0.023854
0.0238542
0.0238544
0.0238545
0.0238547
0.0238549
0.0238551
0.0238552
0.0238554
0.0238556
0.0238557
0.0238559
0.0238561
0.0238563
0.0238564
0.0238566
0.0238568
0.023857
0.0238571
0.0238573
0.0238575
0.0238576
0.0238578
0.023858
0.0238582
0.0238583
0.0238585
0.0238587
0.0238588
0.023859
0.0238592
0.0238594
0.0238595
0.0238597
0.0238599
0.02386
0.0238602
0.0238604
0.0238605
0.0238607
0.0238609
0.0238611
0.0238612
0.0238614
0.0238616
0.0238617
0.0238619
0.0238621
0.0238623
0.0238624
0.0238626
0.0238628
0.0238629
0.0238631
0.0238633
0.0238634
0.0238636
0.0238638
0.023864
0.0238641
0.0238643
0.0238645
0.0238646
0.0238648
0.023865
0.0238651
0.0238653
0.0238655
0.0238657
0.0238658
0.023866
0.0238662
0.0238663
0.0238665
0.0238667
0.0238668
0.023867
0.0238672
0.0238674
0.0238675
0.0238677
0.0238679
0.023868
0.0238682
0.0238684
0.0238685
0.0238687
0.0238689
0.023869
0.0238692
0.0238694
0.0238695
0.0238697
0.0238699
0.0238701
0.0238702
0.0238704
0.0238706
0.0238707
0.0238709
0.0238711
0.0238712
0.0238714
0.0238716
0.0238717
0.0238719
0.0238721
0.0238722
0.0238724
0.0238726
0.0238727
0.0238729
0.0238731
0.0238733
0.0238734
0.0238736
0.0238738
0.0238739
0.0238741
0.0238743
0.0238744
0.0238746
0.0238748
0.0238749
0.0238751
0.0238753
0.0238754
0.0238756
0.0238758
0.0238759
0.0238761
0.0238763
0.0238764
0.0238766
0.0238768
0.0238769
0.0238771
0.0238773
0.0238774
0.0238776
0.0238778
0.0238779
0.0238781
0.0238783
0.0238784
0.0238786
0.0238788
0.0238789
0.0238791
0.0238793
0.0238794
0.0238796
0.0238798
0.0238799
0.0238801
0.0238803
0.0238804
0.0238806
0.0238808
0.0238809
0.0238811
0.0238813
0.0238814
0.0238816
0.0238818
0.0238819
0.0238821
0.0238822
0.0238824
0.0238826
0.0238827
0.0238829
0.0238831
0.0238832
0.0238834
0.0238836
0.0238837
0.0238839
0.0238841
0.0238842
0.0238844
0.0238846
0.0238847
0.0238849
0.0238851
0.0238852
0.0238854
0.0238855
0.0238857
0.0238859
0.023886
0.0238862
0.0238864
0.0238865
0.0238867
0.0238869
0.023887
0.0238872
0.0238874
0.0238875
0.0238877
0.0238878
0.023888
0.0238882
0.0238883
0.0238885
0.0238887
0.0238888
0.023889
0.0238892
0.0238893
0.0238895
0.0238896
0.0238898
0.02389
0.0238901
0.0238903
0.0238905
0.0238906
0.0238908
0.023891
0.0238911
0.0238913
0.0238914
0.0238916
0.0238918
0.0238919
0.0238921
0.0238923
0.0238924
0.0238926
0.0238927
0.0238929
0.0238931
0.0238932
0.0238934
0.0238936
0.0238937
0.0238939
0.023894
0.0238942
0.0238944
0.0238945
0.0238947
0.0238949
0.023895
0.0238952
0.0238953
0.0238955
0.0238957
0.0238958
0.023896
0.0238961
0.0238963
0.0238965
0.0238966
0.0238968
0.023897
0.0238971
0.0238973
0.0238974
0.0238976
0.0238978
0.0238979
0.0238981
0.0238982
0.0238984
0.0238986
0.0238987
0.0238989
0.023899
0.0238992
0.0238994
0.0238995
0.0238997
0.0238998
0.0239
0.0239002
0.0239003
0.0239005
0.0239007
0.0239008
0.023901
0.0239011
0.0239013
0.0239015
0.0239016
0.0239018
0.0239019
0.0239021
0.0239023
0.0239024
0.0239026
0.0239027
0.0239029
0.023903
0.0239032
0.0239034
0.0239035
0.0239037
0.0239038
0.023904
0.0239042
0.0239043
0.0239045
0.0239046
0.0239048
0.023905
0.0239051
0.0239053
0.0239054
0.0239056
0.0239058
0.0239059
0.0239061
0.0239062
0.0239064
0.0239065
0.0239067
0.0239069
0.023907
0.0239072
0.0239073
0.0239075
0.0239077
0.0239078
0.023908
0.0239081
0.0239083
0.0239084
0.0239086
0.0239088
0.0239089
0.0239091
0.0239092
0.0239094
0.0239096
0.0239097
0.0239099
0.02391
0.0239102
0.0239103
0.0239105
0.0239107
0.0239108
0.023911
0.0239111
0.0239113
0.0239114
0.0239116
0.0239118
0.0239119
0.0239121
0.0239122
0.0239124
0.0239125
0.0239127
0.0239128
0.023913
0.0239132
0.0239133
0.0239135
0.0239136
0.0239138
0.0239139
0.0239141
0.0239143
0.0239144
0.0239146
0.0239147
0.0239149
0.023915
0.0239152
0.0239153
0.0239155
0.0239157
0.0239158
0.023916
0.0239161
0.0239163
0.0239164
0.0239166
0.0239167
0.0239169
0.0239171
0.0239172
0.0239174
0.0239175
0.0239177
0.0239178
0.023918
0.0239181
0.0239183
0.0239185
0.0239186
0.0239188
0.0239189
0.0239191
0.0239192
0.0239194
0.0239195
0.0239197
0.0239198
0.02392
0.0239202
0.0239203
0.0239205
0.0239206
0.0239208
0.0239209
0.0239211
0.0239212
0.0239214
0.0239215
0.0239217
0.0239218
0.023922
0.0239222
0.0239223
0.0239225
0.0239226
0.0239228
0.0239229
0.0239231
0.0239232
0.0239234
0.0239235
0.0239237
0.0239238
0.023924
0.0239242
0.0239243
0.0239245
0.0239246
0.0239248
0.0239249
0.0239251
0.0239252
0.0239254
0.0239255
0.0239257
0.0239258
0.023926
0.0239261
0.0239263
0.0239264
0.0239266
0.0239267
0.0239269
0.023927
0.0239272
0.0239274
0.0239275
0.0239277
0.0239278
0.023928
0.0239281
0.0239283
0.0239284
0.0239286
0.0239287
0.0239289
0.023929
0.0239292
0.0239293
0.0239295
0.0239296
0.0239298
0.0239299
0.0239301
0.0239302
0.0239304
0.0239305
0.0239307
0.0239308
0.023931
0.0239311
0.0239313
0.0239314
0.0239316
0.0239317
0.0239319
0.023932
0.0239322
0.0239323
0.0239325
0.0239326
0.0239328
0.0239329
0.0239331
0.0239332
0.0239334
0.0239335
0.0239337
0.0239338
0.023934
0.0239341
0.0239343
0.0239344
0.0239346
0.0239347
0.0239349
0.023935
0.0239352
0.0239353
0.0239355
0.0239356
0.0239358
0.0239359
0.0239361
0.0239362
0.0239364
0.0239365
0.0239367
0.0239368
0.023937
0.0239371
0.0239373
0.0239374
0.0239376
0.0239377
0.0239379
0.023938
0.0239382
0.0239383
0.0239385
0.0239386
0.0239388
0.0239389
0.0239391
0.0239392
0.0239394
0.0239395
0.0239396
0.0239398
0.0239399
0.0239401
0.0239402
0.0239404
0.0239405
0.0239407
0.0239408
0.023941
0.0239411
0.0239413
0.0239414
0.0239416
0.0239417
0.0239419
0.023942
0.0239422
0.0239423
0.0239424
0.0239426
0.0239427
0.0239429
0.023943
0.0239432
0.0239433
0.0239435
0.0239436
0.0239438
0.0239439
0.0239441
0.0239442
0.0239444
0.0239445
0.0239446
0.0239448
0.0239449
0.0239451
0.0239452
0.0239454
0.0239455
0.0239457
0.0239458
0.023946
0.0239461
0.0239463
0.0239464
0.0239465
0.0239467
0.0239468
0.023947
0.0239471
0.0239473
0.0239474
0.0239476
0.0239477
0.0239479
0.023948
0.0239481
0.0239483
0.0239484
0.0239486
0.0239487
0.0239489
0.023949
0.0239492
0.0239493
0.0239494
0.0239496
0.0239497
0.0239499
0.02395
0.0239502
0.0239503
0.0239505
0.0239506
0.0239507
0.0239509
0.023951
0.0239512
0.0239513
0.0239515
0.0239516
0.0239518
0.0239519
0.023952
0.0239522
0.0239523
0.0239525
0.0239526
0.0239528
0.0239529
0.023953
0.0239532
0.0239533
0.0239535
0.0239536
0.0239538
0.0239539
0.023954
0.0239542
0.0239543
0.0239545
0.0239546
0.0239548
0.0239549
0.023955
0.0239552
0.0239553
0.0239555
0.0239556
0.0239558
0.0239559
0.023956
0.0239562
0.0239563
0.0239565
0.0239566
0.0239568
0.0239569
0.023957
0.0239572
0.0239573
0.0239575
0.0239576
0.0239577
0.0239579
0.023958
0.0239582
0.0239583
0.0239585
0.0239586
0.0239587
0.0239589
0.023959
0.0239592
0.0239593
0.0239594
0.0239596
0.0239597
0.0239599
0.02396
0.0239601
0.0239603
0.0239604
0.0239606
0.0239607
0.0239608
0.023961
0.0239611
0.0239613
0.0239614
0.0239616
0.0239617
0.0239618
0.023962
0.0239621
0.0239623
0.0239624
0.0239625
0.0239627
0.0239628
0.023963
0.0239631
0.0239632
0.0239634
0.0239635
0.0239636
0.0239638
0.0239639
0.0239641
0.0239642
0.0239643
0.0239645
0.0239646
0.0239648
0.0239649
0.023965
0.0239652
0.0239653
0.0239655
0.0239656
0.0239657
0.0239659
0.023966
0.0239662
0.0239663
0.0239664
0.0239666
0.0239667
0.0239668
0.023967
0.0239671
0.0239673
0.0239674
0.0239675
0.0239677
0.0239678
0.0239679
0.0239681
0.0239682
0.0239684
0.0239685
0.0239686
0.0239688
0.0239689
0.0239691
0.0239692
0.0239693
0.0239695
0.0239696
0.0239697
0.0239699
0.02397
0.0239702
0.0239703
0.0239704
0.0239706
0.0239707
0.0239708
0.023971
0.0239711
0.0239712
0.0239714
0.0239715
0.0239717
0.0239718
0.0239719
0.0239721
0.0239722
0.0239723
0.0239725
0.0239726
0.0239727
0.0239729
0.023973
0.0239732
0.0239733
0.0239734
0.0239736
0.0239737
0.0239738
0.023974
0.0239741
0.0239742
0.0239744
0.0239745
0.0239746
0.0239748
0.0239749
0.0239751
0.0239752
0.0239753
0.0239755
0.0239756
0.0239757
0.0239759
0.023976
0.0239761
0.0239763
0.0239764
0.0239765
0.0239767
0.0239768
0.0239769
0.0239771
0.0239772
0.0239773
0.0239775
0.0239776
0.0239778
0.0239779
0.023978
0.0239782
0.0239783
0.0239784
0.0239786
0.0239787
0.0239788
0.023979
0.0239791
0.0239792
0.0239794
0.0239795
0.0239796
0.0239798
0.0239799
0.02398
0.0239802
0.0239803
0.0239804
0.0239806
0.0239807
0.0239808
0.023981
0.0239811
0.0239812
0.0239814
0.0239815
0.0239816
0.0239818
0.0239819
0.023982
0.0239822
0.0239823
0.0239824
0.0239826
0.0239827
0.0239828
0.023983
0.0239831
0.0239832
0.0239834
0.0239835
0.0239836
0.0239837
0.0239839
0.023984
0.0239841
0.0239843
0.0239844
0.0239845
0.0239847
0.0239848
0.0239849
0.0239851
0.0239852
0.0239853
0.0239855
0.0239856
0.0239857
0.0239859
0.023986
0.0239861
0.0239862
0.0239864
0.0239865
0.0239866
0.0239868
0.0239869
0.023987
0.0239872
0.0239873
0.0239874
0.0239876
0.0239877
0.0239878
0.0239879
0.0239881
0.0239882
0.0239883
0.0239885
0.0239886
0.0239887
0.0239889
0.023989
0.0239891
0.0239893
0.0239894
0.0239895
0.0239896
0.0239898
0.0239899
0.02399
0.0239902
0.0239903
0.0239904
0.0239905
0.0239907
0.0239908
0.0239909
0.0239911
0.0239912
0.0239913
0.0239915
0.0239916
0.0239917
0.0239918
0.023992
0.0239921
0.0239922
0.0239924
0.0239925
0.0239926
0.0239927
0.0239929
0.023993
0.0239931
0.0239933
0.0239934
0.0239935
0.0239936
0.0239938
0.0239939
0.023994
0.0239942
0.0239943
0.0239944
0.0239945
0.0239947
0.0239948
0.0239949
0.0239951
0.0239952
0.0239953
0.0239954
0.0239956
0.0239957
0.0239958
0.0239959
0.0239961
0.0239962
0.0239963
0.0239965
0.0239966
0.0239967
0.0239968
0.023997
0.0239971
0.0239972
0.0239973
0.0239975
0.0239976
0.0239977
0.0239979
0.023998
0.0239981
0.0239982
0.0239984
0.0239985
0.0239986
0.0239987
0.0239989
0.023999
0.0239991
0.0239992
0.0239994
0.0239995
0.0239996
0.0239997
0.0239999
0.024
0.0240001
0.0240002
0.0240004
0.0240005
0.0240006
0.0240008
0.0240009
0.024001
0.0240011
0.0240013
0.0240014
0.0240015
0.0240016
0.0240018
0.0240019
0.024002
0.0240021
0.0240023
0.0240024
0.0240025
0.0240026
0.0240028
0.0240029
0.024003
0.0240031
0.0240033
0.0240034
0.0240035
0.0240036
0.0240038
0.0240039
0.024004
0.0240041
0.0240042
0.0240044
0.0240045
0.0240046
0.0240047
0.0240049
0.024005
0.0240051
0.0240052
0.0240054
0.0240055
0.0240056
0.0240057
0.0240059
0.024006
0.0240061
0.0240062
0.0240064
0.0240065
0.0240066
0.0240067
0.0240068
0.024007
0.0240071
0.0240072
0.0240073
0.0240075
0.0240076
0.0240077
0.0240078
0.024008
0.0240081
0.0240082
0.0240083
0.0240084
0.0240086
0.0240087
0.0240088
0.0240089
0.0240091
0.0240092
0.0240093
0.0240094
0.0240095
0.0240097
0.0240098
0.0240099
0.02401
0.0240102
0.0240103
0.0240104
0.0240105
0.0240106
0.0240108
0.0240109
0.024011
0.0240111
0.0240112
0.0240114
0.0240115
0.0240116
0.0240117
0.0240119
0.024012
0.0240121
0.0240122
0.0240123
0.0240125
0.0240126
0.0240127
0.0240128
0.0240129
0.0240131
0.0240132
0.0240133
0.0240134
0.0240135
0.0240137
0.0240138
0.0240139
0.024014
0.0240141
0.0240143
0.0240144
0.0240145
0.0240146
0.0240148
0.0240149
0.024015
0.0240151
0.0240152
0.0240154
0.0240155
0.0240156
0.0240157
0.0240158
0.0240159
0.0240161
0.0240162
0.0240163
0.0240164
0.0240165
0.0240167
0.0240168
0.0240169
0.024017
0.0240171
0.0240173
0.0240174
0.0240175
0.0240176
0.0240177
0.0240179
0.024018
0.0240181
0.0240182
0.0240183
0.0240184
0.0240186
0.0240187
0.0240188
0.0240189
0.024019
0.0240192
0.0240193
0.0240194
0.0240195
0.0240196
0.0240198
0.0240199
0.02402
0.0240201
0.0240202
0.0240203
0.0240205
0.0240206
0.0240207
0.0240208
0.0240209
0.024021
0.0240212
0.0240213
0.0240214
0.0240215
0.0240216
0.0240218
0.0240219
0.024022
0.0240221
0.0240222
0.0240223
0.0240225
0.0240226
0.0240227
0.0240228
0.0240229
0.024023
0.0240232
0.0240233
0.0240234
0.0240235
0.0240236
0.0240237
0.0240239
0.024024
0.0240241
0.0240242
0.0240243
0.0240244
0.0240246
0.0240247
0.0240248
0.0240249
0.024025
0.0240251
0.0240252
0.0240254
0.0240255
0.0240256
0.0240257
0.0240258
0.0240259
0.0240261
0.0240262
0.0240263
0.0240264
0.0240265
0.0240266
0.0240267
0.0240269
0.024027
0.0240271
0.0240272
0.0240273
0.0240274
0.0240276
0.0240277
0.0240278
0.0240279
0.024028
0.0240281
0.0240282
0.0240284
0.0240285
0.0240286
0.0240287
0.0240288
0.0240289
0.024029
0.0240292
0.0240293
0.0240294
0.0240295
0.0240296
0.0240297
0.0240298
0.02403
0.0240301
0.0240302
0.0240303
0.0240304
0.0240305
0.0240306
0.0240308
0.0240309
0.024031
0.0240311
0.0240312
0.0240313
0.0240314
0.0240315
0.0240317
0.0240318
0.0240319
0.024032
0.0240321
0.0240322
0.0240323
0.0240324
0.0240326
0.0240327
0.0240328
0.0240329
0.024033
0.0240331
0.0240332
0.0240334
0.0240335
0.0240336
0.0240337
0.0240338
0.0240339
0.024034
0.0240341
0.0240342
0.0240344
0.0240345
0.0240346
0.0240347
0.0240348
0.0240349
0.024035
0.0240351
0.0240353
0.0240354
0.0240355
0.0240356
0.0240357
0.0240358
0.0240359
0.024036
0.0240361
0.0240363
0.0240364
0.0240365
0.0240366
0.0240367
0.0240368
0.0240369
0.024037
0.0240371
0.0240373
0.0240374
0.0240375
0.0240376
0.0240377
0.0240378
0.0240379
0.024038
0.0240381
0.0240383
0.0240384
0.0240385
0.0240386
0.0240387
0.0240388
0.0240389
0.024039
0.0240391
0.0240392
0.0240394
0.0240395
0.0240396
0.0240397
0.0240398
0.0240399
0.02404
0.0240401
0.0240402
0.0240403
0.0240405
0.0240406
0.0240407
0.0240408
0.0240409
0.024041
0.0240411
0.0240412
0.0240413
0.0240414
0.0240416
0.0240417
0.0240418
0.0240419
0.024042
0.0240421
0.0240422
0.0240423
0.0240424
0.0240425
0.0240426
0.0240427
0.0240429
0.024043
0.0240431
0.0240432
0.0240433
0.0240434
0.0240435
0.0240436
0.0240437
0.0240438
0.0240439
0.024044
0.0240442
0.0240443
0.0240444
0.0240445
0.0240446
0.0240447
0.0240448
0.0240449
0.024045
0.0240451
0.0240452
0.0240453
0.0240455
0.0240456
0.0240457
0.0240458
0.0240459
0.024046
0.0240461
0.0240462
0.0240463
0.0240464
0.0240465
0.0240466
0.0240467
0.0240468
0.024047
0.0240471
0.0240472
0.0240473
0.0240474
0.0240475
0.0240476
0.0240477
0.0240478
0.0240479
0.024048
0.0240481
0.0240482
0.0240483
0.0240484
0.0240485
0.0240487
0.0240488
0.0240489
0.024049
0.0240491
0.0240492
0.0240493
0.0240494
0.0240495
0.0240496
0.0240497
0.0240498
0.0240499
0.02405
0.0240501
0.0240502
0.0240503
0.0240505
0.0240506
0.0240507
0.0240508
0.0240509
0.024051
0.0240511
0.0240512
0.0240513
0.0240514
0.0240515
0.0240516
0.0240517
0.0240518
0.0240519
0.024052
0.0240521
0.0240522
0.0240523
0.0240524
0.0240526
0.0240527
0.0240528
0.0240529
0.024053
0.0240531
0.0240532
