0.5
0.495025
0.490099
0.485223
0.480395
0.475615
0.470882
0.466197
0.461558
0.456966
0.452419
0.447917
0.44346
0.439048
0.434679
0.430354
0.426072
0.421832
0.417635
0.41348
0.409365
0.405292
0.401259
0.397267
0.393314
0.3894
0.385526
0.38169
0.377892
0.374132
0.370409
0.366723
0.363075
0.359462
0.355885
0.352344
0.348838
0.345367
0.341931
0.338528
0.33516
0.331825
0.328523
0.325255
0.322018
0.318814
0.315642
0.312501
0.309392
0.306313
0.303265
0.300248
0.29726
0.294302
0.291374
0.288475
0.285605
0.282763
0.279949
0.277164
0.274406
0.271675
0.268972
0.266296
0.263646
0.261023
0.258426
0.255854
0.253309
0.250788
0.248293
0.245822
0.243376
0.240955
0.238557
0.236184
0.233834
0.231507
0.229204
0.226923
0.224665
0.22243
0.220217
0.218026
0.215857
0.213709
0.211583
0.209478
0.207394
0.20533
0.203288
0.201265
0.199263
0.197281
0.195318
0.193375
0.191452
0.189548
0.187662
0.185796
0.183948
0.182119
0.180308
0.178516
0.176741
0.174984
0.173245
0.171523
0.169818
0.168131
0.166461
0.164807
0.163171
0.161551
0.159947
0.15836
0.156789
0.155234
0.153695
0.152172
0.150664
0.149172
0.147696
0.146234
0.144789
0.143358
0.141942
0.140541
0.139156
0.137785
0.136428
0.135087
0.13376
0.132447
0.131149
0.129865
0.128596
0.127341
0.1261
0.124874
0.123662
0.122464
0.12128
0.12011
0.118954
0.117813
0.116685
0.115572
0.114473
0.113388
0.112317
0.11126
0.110218
0.10919
0.108176
0.107176
0.106191
0.10522
0.104263
0.103321
0.102393
0.10148
0.100582
0.0996978
0.0988285
0.0979739
0.097134
0.0963089
0.0954986
0.0947032
0.0939226
0.0931568
0.092406
0.09167
0.090949
0.0902428
0.0895516
0.0888752
0.0882136
0.0875668
0.0869348
0.0863175
0.0857149
0.0851268
0.0845532
0.083994
0.0834491
0.0829184
0.0824017
0.0818989
0.08141
0.0809347
0.0804728
0.0800243
0.0795888
0.0791664
0.0787567
0.0783595
0.0779747
0.077602
0.0772412
0.0768921
0.0765544
0.076228
0.0759125
0.0756078
0.0753136
0.0750297
0.0747557
0.0744915
0.0742369
0.0739915
0.0737551
0.0735275
0.0733084
0.0730976
0.0728948
0.0726999
0.0725125
0.0723325
0.0721595
0.0719935
0.0718341
0.0716811
0.0715344
0.0713937
0.0712588
0.0711295
0.0710057
0.070887
0.0707734
0.0706647
0.0705607
0.0704612
0.070366
0.070275
0.070188
0.070105
0.0700256
0.0699499
0.0698776
0.0698086
0.0697428
0.0696801
0.0696203
0.0695634
0.0695091
0.0694575
0.0694084
0.0693617
0.0693173
0.0692752
0.0692351
0.0691971
0.0691611
0.069127
0.0690946
0.069064
0.069035
0.0690077
0.0689819
0.0689575
0.0689345
0.0689129
0.0688926
0.0688736
0.0688557
0.068839
0.0688233
0.0688087
0.0687952
0.0687826
0.0687709
0.0687601
0.0687502
0.0687411
0.0687328
0.0687252
0.0687184
0.0687123
0.0687068
0.068702
0.0686978
0.0686942
0.0686912
0.0686888
0.0686868
0.0686854
0.0686845
0.068684
0.068684
0.0686844
0.0686853
0.0686865
0.0686882
0.0686902
0.0686926
0.0686953
0.0686984
0.0687018
0.0687056
0.0687096
0.0687139
0.0687185
0.0687234
0.0687286
0.068734
0.0687397
0.0687456
0.0687517
0.0687581
0.0687647
0.0687715
0.0687785
0.0687858
0.0687932
0.0688008
0.0688086
0.0688166
0.0688248
0.0688331
0.0688416
0.0688503
0.0688592
0.0688682
0.0688773
0.0688866
0.0688961
0.0689057
0.0689154
0.0689253
0.0689354
0.0689455
0.0689558
0.0689663
0.0689768
0.0689875
0.0689983
0.0690092
0.0690203
0.0690315
0.0690427
0.0690542
0.0690657
0.0690773
0.0690891
0.0691009
0.0691129
0.069125
0.0691372
0.0691494
0.0691618
0.0691744
0.069187
0.0691997
0.0692125
0.0692254
0.0692384
0.0692516
0.0692648
0.0692781
0.0692915
0.069305
0.0693187
0.0693324
0.0693462
0.0693601
0.0693741
0.0693882
0.0694024
0.0694167
0.0694311
0.0694456
0.0694602
0.0694748
0.0694896
0.0695045
0.0695194
0.0695345
0.0695496
0.0695649
0.0695802
0.0695956
0.0696111
0.0696267
0.0696424
0.0696582
0.0696741
0.0696901
0.0697062
0.0697224
0.0697386
0.069755
0.0697714
0.0697879
0.0698046
0.0698213
0.0698381
0.069855
0.069872
0.0698891
0.0699063
0.0699236
0.0699409
0.0699584
0.069976
0.0699936
0.0700114
0.0700292
0.0700471
0.0700651
0.0700832
0.0701014
0.0701197
0.0701381
0.0701566
0.0701752
0.0701939
0.0702126
0.0702315
0.0702504
0.0702695
0.0702886
0.0703078
0.0703272
0.0703466
0.0703661
0.0703857
0.0704054
0.0704252
0.0704451
0.0704651
0.0704851
0.0705053
0.0705256
0.0705459
0.0705664
0.0705869
0.0706076
0.0706283
0.0706491
0.0706701
0.0706911
0.0707122
0.0707334
0.0707547
0.0707761
0.0707976
0.0708192
0.0708409
0.0708627
0.0708845
0.0709065
0.0709286
0.0709508
0.070973
0.0709954
0.0710178
0.0710404
0.071063
0.0710858
0.0711086
0.0711315
0.0711546
0.0711777
0.0712009
0.0712242
0.0712477
0.0712712
0.0712948
0.0713185
0.0713423
0.0713662
0.0713902
0.0714143
0.0714385
0.0714628
0.0714872
0.0715116
0.0715362
0.0715609
0.0715857
0.0716106
0.0716355
0.0716606
0.0716858
0.071711
0.0717364
0.0717619
0.0717874
0.0718131
0.0718389
0.0718647
0.0718907
0.0719167
0.0719429
0.0719691
0.0719955
0.0720219
0.0720485
0.0720751
0.0721019
0.0721287
0.0721557
0.0721827
0.0722098
0.0722371
0.0722644
0.0722919
0.0723194
0.072347
0.0723748
0.0724026
0.0724306
0.0724586
0.0724867
0.072515
0.0725433
0.0725717
0.0726003
0.0726289
0.0726576
0.0726865
0.0727154
0.0727444
0.0727736
0.0728028
0.0728322
0.0728616
0.0728911
0.0729208
0.0729505
0.0729803
0.0730103
0.0730403
0.0730705
0.0731007
0.0731311
0.0731615
0.073192
0.0732227
0.0732534
0.0732843
0.0733152
0.0733463
0.0733774
0.0734087
0.07344
0.0734715
0.0735031
0.0735347
0.0735665
0.0735983
0.0736303
0.0736624
0.0736945
0.0737268
0.0737592
0.0737916
0.0738242
0.0738569
0.0738897
0.0739225
0.0739555
0.0739886
0.0740218
0.0740551
0.0740885
0.074122
0.0741556
0.0741893
0.0742231
0.074257
0.074291
0.0743251
0.0743593
0.0743936
0.074428
0.0744625
0.0744971
0.0745319
0.0745667
0.0746016
0.0746367
0.0746718
0.074707
0.0747424
0.0747778
0.0748133
0.074849
0.0748847
0.0749206
0.0749566
0.0749926
0.0750288
0.0750651
0.0751014
0.0751379
0.0751745
0.0752112
0.0752479
0.0752848
0.0753218
0.0753589
0.0753961
0.0754334
0.0754708
0.0755083
0.0755459
0.0755837
0.0756215
0.0756594
0.0756974
0.0757356
0.0757738
0.0758121
0.0758506
0.0758891
0.0759278
0.0759665
0.0760054
0.0760444
0.0760834
0.0761226
0.0761619
0.0762013
0.0762408
0.0762803
0.07632
0.0763598
0.0763997
0.0764397
0.0764799
0.0765201
0.0765604
0.0766008
0.0766414
0.076682
0.0767227
0.0767636
0.0768045
0.0768456
0.0768867
0.076928
0.0769694
0.0770108
0.0770524
0.0770941
0.0771359
0.0771778
0.0772198
0.0772619
0.0773041
0.0773464
0.0773888
0.0774313
0.0774739
0.0775167
0.0775595
0.0776024
0.0776455
0.0776886
0.0777319
0.0777753
0.0778187
0.0778623
0.077906
0.0779498
0.0779936
0.0780376
0.0780817
0.0781259
0.0781702
0.0782147
0.0782592
0.0783038
0.0783485
0.0783934
0.0784383
0.0784833
0.0785285
0.0785738
0.0786191
0.0786646
0.0787102
0.0787558
0.0788016
0.0788475
0.0788935
0.0789396
0.0789858
0.0790321
0.0790785
0.079125
0.0791717
0.0792184
0.0792652
0.0793122
0.0793592
0.0794064
0.0794536
0.079501
0.0795485
0.0795961
0.0796437
0.0796915
0.0797394
0.0797874
0.0798355
0.0798837
0.079932
0.0799805
0.080029
0.0800776
0.0801264
0.0801752
0.0802242
0.0802732
0.0803224
0.0803716
0.080421
0.0804705
0.0805201
0.0805697
0.0806195
0.0806694
0.0807194
0.0807695
0.0808198
0.0808701
0.0809205
0.080971
0.0810217
0.0810724
0.0811232
0.0811742
0.0812252
0.0812764
0.0813277
0.081379
0.0814305
0.0814821
0.0815338
0.0815856
0.0816375
0.0816895
0.0817416
0.0817938
0.0818461
0.0818985
0.0819511
0.0820037
0.0820564
0.0821093
0.0821622
0.0822153
0.0822684
0.0823217
0.082375
0.0824285
0.0824821
0.0825358
0.0825895
0.0826434
0.0826974
0.0827515
0.0828057
0.08286
0.0829144
0.0829689
0.0830236
0.0830783
0.0831331
0.083188
0.0832431
0.0832982
0.0833535
0.0834088
0.0834643
0.0835198
0.0835755
0.0836312
0.0836871
0.0837431
0.0837991
0.0838553
0.0839116
0.083968
0.0840245
0.084081
0.0841377
0.0841945
0.0842514
0.0843084
0.0843655
0.0844227
0.0844801
0.0845375
0.084595
0.0846526
0.0847103
0.0847681
0.0848261
0.0848841
0.0849422
0.0850005
0.0850588
0.0851172
0.0851758
0.0852344
0.0852932
0.085352
0.0854109
0.08547
0.0855291
0.0855884
0.0856477
0.0857072
0.0857667
0.0858264
0.0858862
0.085946
0.086006
0.086066
0.0861262
0.0861864
0.0862468
0.0863073
0.0863678
0.0864285
0.0864893
0.0865501
0.0866111
0.0866721
0.0867333
0.0867946
0.0868559
0.0869174
0.0869789
0.0870406
0.0871023
0.0871642
0.0872261
0.0872882
0.0873503
0.0874126
0.0874749
0.0875374
0.0875999
0.0876626
0.0877253
0.0877882
0.0878511
0.0879141
0.0879772
0.0880405
0.0881038
0.0881672
0.0882307
0.0882944
0.0883581
0.0884219
0.0884858
0.0885498
0.0886139
0.0886781
0.0887423
0.0888067
0.0888712
0.0889358
0.0890005
0.0890652
0.0891301
0.089195
0.0892601
0.0893252
0.0893905
0.0894558
0.0895212
0.0895867
0.0896523
0.089718
0.0897838
0.0898497
0.0899157
0.0899818
0.090048
0.0901142
0.0901806
0.090247
0.0903136
0.0903802
0.0904469
0.0905138
0.0905807
0.0906477
0.0907148
0.0907819
0.0908492
0.0909166
0.090984
0.0910516
0.0911192
0.0911869
0.0912547
0.0913226
0.0913906
0.0914587
0.0915268
0.0915951
0.0916634
0.0917319
0.0918004
0.091869
0.0919377
0.0920065
0.0920754
0.0921443
0.0922134
0.0922825
0.0923517
0.092421
0.0924904
0.0925599
0.0926294
0.0926991
0.0927688
0.0928386
0.0929085
0.0929785
0.0930486
0.0931187
0.093189
0.0932593
0.0933297
0.0934002
0.0934707
0.0935414
0.0936121
0.0936829
0.0937538
0.0938248
0.0938959
0.093967
0.0940383
0.0941096
0.0941809
0.0942524
0.094324
0.0943956
0.0944673
0.0945391
0.0946109
0.0946829
0.0947549
0.094827
0.0948992
0.0949714
0.0950438
0.0951162
0.0951887
0.0952612
0.0953339
0.0954066
0.0954794
0.0955522
0.0956252
0.0956982
0.0957713
0.0958445
0.0959177
0.095991
0.0960644
0.0961379
0.0962114
0.0962851
0.0963587
0.0964325
0.0965063
0.0965802
0.0966542
0.0967282
0.0968024
0.0968766
0.0969508
0.0970251
0.0970995
0.097174
0.0972485
0.0973231
0.0973978
0.0974726
0.0975474
0.0976223
0.0976972
0.0977722
0.0978473
0.0979225
0.0979977
0.098073
0.0981483
0.0982237
0.0982992
0.0983747
0.0984503
0.098526
0.0986018
0.0986776
0.0987534
0.0988293
0.0989053
0.0989814
0.0990575
0.0991337
0.0992099
0.0992862
0.0993626
0.099439
0.0995155
0.099592
0.0996686
0.0997453
0.099822
0.0998988
0.0999756
0.100053
0.100129
0.100206
0.100284
0.100361
0.100438
0.100515
0.100592
0.10067
0.100747
0.100825
0.100902
0.10098
0.101057
0.101135
0.101213
0.10129
0.101368
0.101446
0.101524
0.101602
0.10168
0.101758
0.101836
0.101915
0.101993
0.102071
0.102149
0.102228
0.102306
0.102385
0.102463
0.102542
0.10262
0.102699
0.102778
0.102857
0.102935
0.103014
0.103093
0.103172
0.103251
0.10333
0.103409
0.103488
0.103567
0.103647
0.103726
0.103805
0.103885
0.103964
0.104043
0.104123
0.104202
0.104282
0.104361
0.104441
0.104521
0.1046
0.10468
0.10476
0.10484
0.104919
0.104999
0.105079
0.105159
0.105239
0.105319
0.105399
0.105479
0.105559
0.105639
0.10572
0.1058
0.10588
0.10596
0.106041
0.106121
0.106201
0.106282
0.106362
0.106443
0.106523
0.106604
0.106684
0.106765
0.106845
0.106926
0.107007
0.107087
0.107168
0.107249
0.10733
0.10741
0.107491
0.107572
0.107653
0.107734
0.107815
0.107896
0.107976
0.108057
0.108138
0.108219
0.1083
0.108382
0.108463
0.108544
0.108625
0.108706
0.108787
0.108868
0.10895
0.109031
0.109112
0.109193
0.109274
0.109356
0.109437
0.109518
0.1096
0.109681
0.109762
0.109844
0.109925
0.110007
0.110088
0.110169
0.110251
0.110332
0.110414
0.110495
0.110577
0.110658
0.11074
0.110821
0.110903
0.110984
0.111066
0.111147
0.111229
0.111311
0.111392
0.111474
0.111555
0.111637
0.111719
0.1118
0.111882
0.111963
0.112045
0.112127
0.112208
0.11229
0.112372
0.112453
0.112535
0.112617
0.112698
0.11278
0.112861
0.112943
0.113025
0.113106
0.113188
0.11327
0.113351
0.113433
0.113515
0.113596
0.113678
0.11376
0.113841
0.113923
0.114005
0.114086
0.114168
0.114249
0.114331
0.114413
0.114494
0.114576
0.114658
0.114739
0.114821
0.114902
0.114984
0.115065
0.115147
0.115228
0.11531
0.115392
0.115473
0.115555
0.115636
0.115718
0.115799
0.11588
0.115962
0.116043
0.116125
0.116206
0.116288
0.116369
0.11645
0.116532
0.116613
0.116694
0.116776
0.116857
0.116938
0.11702
0.117101
0.117182
0.117263
0.117344
0.117426
0.117507
0.117588
0.117669
0.11775
0.117831
0.117912
0.117993
0.118074
0.118155
0.118236
0.118317
0.118398
0.118479
0.11856
0.118641
0.118722
0.118803
0.118884
0.118964
0.119045
0.119126
0.119207
0.119287
0.119368
0.119449
0.119529
0.11961
0.119691
0.119771
0.119852
0.119932
0.120013
0.120093
0.120173
0.120254
0.120334
0.120415
0.120495
0.120575
0.120655
0.120736
0.120816
0.120896
0.120976
0.121056
0.121136
0.121216
0.121296
0.121376
0.121456
0.121536
0.121616
0.121696
0.121776
0.121855
0.121935
0.122015
0.122095
0.122174
0.122254
0.122333
0.122413
0.122492
0.122572
0.122651
0.122731
0.12281
0.122889
0.122969
0.123048
0.123127
0.123206
0.123285
0.123364
0.123443
0.123522
0.123601
0.12368
0.123759
0.123838
0.123917
0.123996
0.124074
0.124153
0.124232
0.12431
0.124389
0.124467
0.124546
0.124624
0.124703
0.124781
0.124859
0.124938
0.125016
0.125094
0.125172
0.12525
0.125328
0.125406
0.125484
0.125562
0.12564
0.125718
0.125795
0.125873
0.125951
0.126028
0.126106
0.126183
0.126261
0.126338
0.126416
0.126493
0.12657
0.126647
0.126725
0.126802
0.126879
0.126956
0.127033
0.12711
0.127186
0.127263
0.12734
0.127417
0.127493
0.12757
0.127646
0.127723
0.127799
0.127876
0.127952
0.128028
0.128104
0.128181
0.128257
0.128333
0.128409
0.128485
0.12856
0.128636
0.128712
0.128788
0.128863
0.128939
0.129014
0.12909
0.129165
0.12924
0.129316
0.129391
0.129466
0.129541
0.129616
0.129691
0.129766
0.129841
0.129916
0.12999
0.130065
0.13014
0.130214
0.130288
0.130363
0.130437
0.130511
0.130586
0.13066
0.130734
0.130808
0.130882
0.130955
0.131029
0.131103
0.131177
0.13125
0.131324
0.131397
0.13147
0.131544
0.131617
0.13169
0.131763
0.131836
0.131909
0.131982
0.132055
0.132127
0.1322
0.132273
0.132345
0.132417
0.13249
0.132562
0.132634
0.132706
0.132778
0.13285
0.132922
0.132994
0.133066
0.133137
0.133209
0.13328
0.133352
0.133423
0.133494
0.133565
0.133636
0.133707
0.133778
0.133849
0.13392
0.13399
0.134061
0.134131
0.134202
0.134272
0.134342
0.134412
0.134482
0.134552
0.134622
0.134692
0.134761
0.134831
0.1349
0.13497
0.135039
0.135108
0.135177
0.135246
0.135315
0.135384
0.135453
0.135521
0.13559
0.135658
0.135727
0.135795
0.135863
0.135931
0.135999
0.136067
0.136135
0.136202
0.13627
0.136337
0.136404
0.136472
0.136539
0.136606
0.136673
0.136739
0.136806
0.136873
0.136939
0.137006
0.137072
0.137138
0.137204
0.13727
0.137336
0.137401
0.137467
0.137532
0.137598
0.137663
0.137728
0.137793
0.137858
0.137923
0.137987
0.138052
0.138116
0.13818
0.138245
0.138309
0.138373
0.138436
0.1385
0.138563
0.138627
0.13869
0.138753
0.138816
0.138879
0.138942
0.139005
0.139067
0.139129
0.139192
0.139254
0.139316
0.139378
0.139439
0.139501
0.139562
0.139623
0.139685
0.139746
0.139806
0.139867
0.139928
0.139988
0.140048
0.140109
0.140168
0.140228
0.140288
0.140348
0.140407
0.140466
0.140525
0.140584
0.140643
0.140702
0.14076
0.140818
0.140877
0.140935
0.140992
0.14105
0.141108
0.141165
0.141222
0.141279
0.141336
0.141393
0.141449
0.141506
0.141562
0.141618
0.141674
0.141729
0.141785
0.14184
0.141895
0.14195
0.142005
0.14206
0.142114
0.142169
0.142223
0.142277
0.14233
0.142384
0.142437
0.142491
0.142544
0.142596
0.142649
0.142702
0.142754
0.142806
0.142858
0.142909
0.142961
0.143012
0.143063
0.143114
0.143165
0.143216
0.143266
0.143316
0.143366
0.143416
0.143465
0.143514
0.143564
0.143612
0.143661
0.14371
0.143758
0.143806
0.143854
0.143901
0.143949
0.143996
0.144043
0.14409
0.144136
0.144183
0.144229
0.144275
0.14432
0.144366
0.144411
0.144456
0.144501
0.144546
0.14459
0.144634
0.144678
0.144722
0.144765
0.144808
0.144851
0.144894
0.144936
0.144979
0.145021
0.145062
0.145104
0.145145
0.145186
0.145227
0.145268
0.145308
0.145348
0.145388
0.145428
0.145467
0.145506
0.145545
0.145584
0.145622
0.14566
0.145698
0.145736
0.145773
0.14581
0.145847
0.145883
0.14592
0.145956
0.145992
0.146027
0.146062
0.146098
0.146132
0.146167
0.146201
0.146235
0.146269
0.146302
0.146335
0.146368
0.146401
0.146433
0.146465
0.146497
0.146529
0.14656
0.146591
0.146622
0.146652
0.146683
0.146713
0.146742
0.146772
0.146801
0.14683
0.146858
0.146886
0.146914
0.146942
0.14697
0.146997
0.147024
0.14705
0.147077
0.147103
0.147128
0.147154
0.147179
0.147204
0.147229
0.147253
0.147277
0.147301
0.147324
0.147347
0.14737
0.147393
0.147415
0.147437
0.147459
0.147481
0.147502
0.147523
0.147543
0.147564
0.147584
0.147603
0.147623
0.147642
0.147661
0.147679
0.147698
0.147716
0.147733
0.147751
0.147768
0.147785
0.147801
0.147818
0.147833
0.147849
0.147865
0.14788
0.147894
0.147909
0.147923
0.147937
0.147951
0.147964
0.147977
0.14799
0.148002
0.148014
0.148026
0.148038
0.148049
0.14806
0.148071
0.148081
0.148091
0.148101
0.148111
0.14812
0.148129
0.148138
0.148146
0.148154
0.148162
0.14817
0.148177
0.148184
0.148191
0.148197
0.148203
0.148209
0.148214
0.14822
0.148225
0.148229
0.148234
0.148238
0.148242
0.148245
0.148248
0.148251
0.148254
0.148257
0.148259
0.148261
0.148262
0.148264
0.148265
0.148265
0.148266
0.148266
0.148266
0.148266
0.148265
0.148264
0.148263
0.148262
0.14826
0.148258
0.148256
0.148253
0.148251
0.148248
0.148244
0.148241
0.148237
0.148233
0.148228
0.148224
0.148219
0.148214
0.148208
0.148203
0.148197
0.148191
0.148184
0.148178
0.148171
0.148164
0.148156
0.148149
0.148141
0.148132
0.148124
0.148115
0.148106
0.148097
0.148088
0.148078
0.148068
0.148058
0.148048
0.148037
0.148026
0.148015
0.148004
0.147992
0.147981
0.147969
0.147956
0.147944
0.147931
0.147918
0.147905
0.147892
0.147878
0.147864
0.14785
0.147836
0.147821
0.147807
0.147792
0.147777
0.147761
0.147746
0.14773
0.147714
0.147698
0.147681
0.147664
0.147648
0.147631
0.147613
0.147596
0.147578
0.14756
0.147542
0.147524
0.147505
0.147487
0.147468
0.147449
0.14743
0.14741
0.14739
0.147371
0.147351
0.14733
0.14731
0.147289
0.147269
0.147248
0.147226
0.147205
0.147184
0.147162
0.14714
0.147118
0.147096
0.147074
0.147051
0.147028
0.147005
0.146982
0.146959
0.146936
0.146912
0.146888
0.146865
0.146841
0.146816
0.146792
0.146767
0.146743
0.146718
0.146693
0.146668
0.146643
0.146617
0.146592
0.146566
0.14654
0.146514
0.146488
0.146461
0.146435
0.146408
0.146382
0.146355
0.146328
0.146301
0.146273
0.146246
0.146218
0.146191
0.146163
0.146135
0.146107
0.146079
0.14605
0.146022
0.145993
0.145965
0.145936
0.145907
0.145878
0.145849
0.14582
0.14579
0.145761
0.145731
0.145701
0.145672
0.145642
0.145612
0.145581
0.145551
0.145521
0.14549
0.14546
0.145429
0.145398
0.145367
0.145337
0.145305
0.145274
0.145243
0.145212
0.14518
0.145149
0.145117
0.145085
0.145054
0.145022
0.14499
0.144958
0.144926
0.144893
0.144861
0.144829
0.144796
0.144764
0.144731
0.144698
0.144666
0.144633
0.1446
0.144567
0.144534
0.144501
0.144468
0.144434
0.144401
0.144368
0.144334
0.144301
0.144267
0.144233
0.1442
0.144166
0.144132
0.144098
0.144064
0.14403
0.143996
0.143962
0.143928
0.143894
0.143859
0.143825
0.143791
0.143756
0.143722
0.143687
0.143653
0.143618
0.143583
0.143549
0.143514
0.143479
0.143444
0.143409
0.143374
0.143339
0.143304
0.143269
0.143234
0.143199
0.143164
0.143129
0.143094
0.143058
0.143023
0.142988
0.142953
0.142917
0.142882
0.142846
0.142811
0.142775
0.14274
0.142704
0.142669
0.142633
0.142598
0.142562
0.142526
0.142491
0.142455
0.142419
0.142384
0.142348
0.142312
0.142276
0.14224
0.142205
0.142169
0.142133
0.142097
0.142061
0.142025
0.141989
0.141954
0.141918
0.141882
0.141846
0.14181
0.141774
0.141738
0.141702
0.141666
0.14163
0.141594
0.141558
0.141522
0.141486
0.14145
0.141414
0.141378
0.141342
0.141306
0.14127
0.141234
0.141198
0.141162
0.141126
0.14109
0.141054
0.141018
0.140982
0.140946
0.140911
0.140875
0.140839
0.140803
0.140767
0.140731
0.140695
0.140659
0.140623
0.140587
0.140551
0.140516
0.14048
0.140444
0.140408
0.140372
0.140337
0.140301
0.140265
0.140229
0.140194
0.140158
0.140122
0.140086
0.140051
0.140015
0.139979
0.139944
0.139908
0.139873
0.139837
0.139802
0.139766
0.139731
0.139695
0.13966
0.139624
0.139589
0.139554
0.139518
0.139483
0.139448
0.139412
0.139377
0.139342
0.139307
0.139271
0.139236
0.139201
0.139166
0.139131
0.139096
0.139061
0.139026
0.138991
0.138956
0.138921
0.138886
0.138851
0.138816
0.138782
0.138747
0.138712
0.138677
0.138643
0.138608
0.138573
0.138539
0.138504
0.13847
0.138435
0.138401
0.138366
0.138332
0.138298
0.138263
0.138229
0.138195
0.138161
0.138127
0.138092
0.138058
0.138024
0.13799
0.137956
0.137922
0.137888
0.137854
0.137821
0.137787
0.137753
0.137719
0.137686
0.137652
0.137618
0.137585
0.137551
0.137518
0.137484
0.137451
0.137417
0.137384
0.137351
0.137317
0.137284
0.137251
0.137218
0.137185
0.137152
0.137119
0.137086
0.137053
0.13702
0.136987
0.136954
0.136921
0.136889
0.136856
0.136823
0.136791
0.136758
0.136726
0.136693
0.136661
0.136628
0.136596
0.136564
0.136531
0.136499
0.136467
0.136435
0.136403
0.136371
0.136339
0.136307
0.136275
0.136243
0.136211
0.136179
0.136148
0.136116
0.136084
0.136053
0.136021
0.13599
0.135958
0.135927
0.135895
0.135864
0.135833
0.135801
0.13577
0.135739
0.135708
0.135677
0.135646
0.135615
0.135584
0.135553
0.135522
0.135492
0.135461
0.13543
0.1354
0.135369
0.135338
0.135308
0.135278
0.135247
0.135217
0.135186
0.135156
0.135126
0.135096
0.135066
0.135036
0.135006
0.134976
0.134946
0.134916
0.134886
0.134856
0.134827
0.134797
0.134767
0.134738
0.134708
0.134679
0.134649
0.13462
0.13459
0.134561
0.134532
0.134503
0.134473
0.134444
0.134415
0.134386
0.134357
0.134328
0.134299
0.134271
0.134242
0.134213
0.134185
0.134156
0.134127
0.134099
0.13407
0.134042
0.134013
0.133985
0.133957
0.133929
0.1339
0.133872
0.133844
0.133816
0.133788
0.13376
0.133732
0.133704
0.133677
0.133649
0.133621
0.133593
0.133566
0.133538
0.133511
0.133483
0.133456
0.133428
0.133401
0.133374
0.133347
0.133319
0.133292
0.133265
0.133238
0.133211
0.133184
0.133157
0.133131
0.133104
0.133077
0.13305
0.133024
0.132997
0.13297
0.132944
0.132917
0.132891
0.132865
0.132838
0.132812
0.132786
0.13276
0.132734
0.132707
0.132681
0.132655
0.13263
0.132604
0.132578
0.132552
0.132526
0.132501
0.132475
0.132449
0.132424
0.132398
0.132373
0.132347
0.132322
0.132297
0.132271
0.132246
0.132221
0.132196
0.132171
0.132146
0.132121
0.132096
0.132071
0.132046
0.132021
0.131996
0.131972
0.131947
0.131922
0.131898
0.131873
0.131849
0.131824
0.1318
0.131776
0.131751
0.131727
0.131703
0.131679
0.131655
0.13163
0.131606
0.131582
0.131559
0.131535
0.131511
0.131487
0.131463
0.131439
0.131416
0.131392
0.131369
0.131345
0.131322
0.131298
0.131275
0.131251
0.131228
0.131205
0.131182
0.131158
0.131135
0.131112
0.131089
0.131066
0.131043
0.13102
0.130998
0.130975
0.130952
0.130929
0.130907
0.130884
0.130861
0.130839
0.130816
0.130794
0.130771
0.130749
0.130727
0.130704
0.130682
0.13066
0.130638
0.130616
0.130594
0.130572
0.13055
0.130528
0.130506
0.130484
0.130462
0.13044
0.130418
0.130397
0.130375
0.130354
0.130332
0.13031
0.130289
0.130268
0.130246
0.130225
0.130203
0.130182
0.130161
0.13014
0.130119
0.130098
0.130077
0.130055
0.130035
0.130014
0.129993
0.129972
0.129951
0.12993
0.12991
0.129889
0.129868
0.129848
0.129827
0.129806
0.129786
0.129766
0.129745
0.129725
0.129704
0.129684
0.129664
0.129644
0.129624
0.129603
0.129583
0.129563
0.129543
0.129523
0.129503
0.129484
0.129464
0.129444
0.129424
0.129404
0.129385
0.129365
0.129345
0.129326
0.129306
0.129287
0.129267
0.129248
0.129229
0.129209
0.12919
0.129171
0.129151
0.129132
0.129113
0.129094
0.129075
0.129056
0.129037
0.129018
0.128999
0.12898
0.128961
0.128943
0.128924
0.128905
0.128886
0.128868
0.128849
0.128831
0.128812
0.128793
0.128775
0.128757
0.128738
0.12872
0.128701
0.128683
0.128665
0.128647
0.128629
0.12861
0.128592
0.128574
0.128556
0.128538
0.12852
0.128502
0.128484
0.128467
0.128449
0.128431
0.128413
0.128396
0.128378
0.12836
0.128343
0.128325
0.128308
0.12829
0.128273
0.128255
0.128238
0.12822
0.128203
0.128186
0.128169
0.128151
0.128134
0.128117
0.1281
0.128083
0.128066
0.128049
0.128032
0.128015
0.127998
0.127981
0.127964
0.127947
0.127931
0.127914
0.127897
0.127881
0.127864
0.127847
0.127831
0.127814
0.127798
0.127781
0.127765
0.127748
0.127732
0.127716
0.127699
0.127683
0.127667
0.127651
0.127634
0.127618
0.127602
0.127586
0.12757
0.127554
0.127538
0.127522
0.127506
0.12749
0.127474
0.127459
0.127443
0.127427
0.127411
0.127396
0.12738
0.127364
0.127349
0.127333
0.127318
0.127302
0.127287
0.127271
0.127256
0.12724
0.127225
0.12721
0.127195
0.127179
0.127164
0.127149
0.127134
0.127119
0.127103
0.127088
0.127073
0.127058
0.127043
0.127028
0.127013
0.126999
0.126984
0.126969
0.126954
0.126939
0.126924
0.12691
0.126895
0.12688
0.126866
0.126851
0.126837
0.126822
0.126808
0.126793
0.126779
0.126764
0.12675
0.126735
0.126721
0.126707
0.126692
0.126678
0.126664
0.12665
0.126636
0.126622
0.126607
0.126593
0.126579
0.126565
0.126551
0.126537
0.126523
0.126509
0.126496
0.126482
0.126468
0.126454
0.12644
0.126427
0.126413
0.126399
0.126385
0.126372
0.126358
0.126345
0.126331
0.126318
0.126304
0.126291
0.126277
0.126264
0.12625
0.126237
0.126224
0.12621
0.126197
0.126184
0.12617
0.126157
0.126144
0.126131
0.126118
0.126105
0.126092
0.126079
0.126066
0.126053
0.12604
0.126027
0.126014
0.126001
0.125988
0.125975
0.125962
0.125949
0.125937
0.125924
0.125911
0.125899
0.125886
0.125873
0.125861
0.125848
0.125835
0.125823
0.12581
0.125798
0.125785
0.125773
0.125761
0.125748
0.125736
0.125724
0.125711
0.125699
0.125687
0.125674
0.125662
0.12565
0.125638
0.125626
0.125614
0.125601
0.125589
0.125577
0.125565
0.125553
0.125541
0.125529
0.125517
0.125506
0.125494
0.125482
0.12547
0.125458
0.125446
0.125435
0.125423
0.125411
0.125399
0.125388
0.125376
0.125364
0.125353
0.125341
0.12533
0.125318
0.125307
0.125295
0.125284
0.125272
0.125261
0.125249
0.125238
0.125227
0.125215
0.125204
0.125193
0.125181
0.12517
0.125159
0.125148
0.125137
0.125125
0.125114
0.125103
0.125092
0.125081
0.12507
0.125059
0.125048
0.125037
0.125026
0.125015
0.125004
0.124993
0.124982
0.124972
0.124961
0.12495
0.124939
0.124928
0.124918
0.124907
0.124896
0.124886
0.124875
0.124864
0.124854
0.124843
0.124832
0.124822
0.124811
0.124801
0.12479
0.12478
0.124769
0.124759
0.124749
0.124738
0.124728
0.124718
0.124707
0.124697
0.124687
0.124676
0.124666
0.124656
0.124646
0.124635
0.124625
0.124615
0.124605
0.124595
0.124585
0.124575
0.124565
0.124555
0.124545
0.124535
0.124525
0.124515
0.124505
0.124495
0.124485
0.124475
0.124465
0.124455
0.124446
0.124436
0.124426
0.124416
0.124407
0.124397
0.124387
0.124377
0.124368
0.124358
0.124348
0.124339
0.124329
0.12432
0.12431
0.124301
0.124291
0.124282
0.124272
0.124263
0.124253
0.124244
0.124234
0.124225
0.124216
0.124206
0.124197
0.124188
0.124178
0.124169
0.12416
0.124151
0.124141
0.124132
0.124123
0.124114
0.124105
0.124096
0.124086
0.124077
0.124068
0.124059
0.12405
0.124041
0.124032
0.124023
0.124014
0.124005
0.123996
0.123987
0.123978
0.123969
0.123961
0.123952
0.123943
0.123934
0.123925
0.123917
0.123908
0.123899
0.12389
0.123882
0.123873
0.123864
0.123855
0.123847
0.123838
0.12383
0.123821
0.123812
0.123804
0.123795
0.123787
0.123778
0.12377
0.123761
0.123753
0.123744
0.123736
0.123727
0.123719
0.123711
0.123702
0.123694
0.123686
0.123677
0.123669
0.123661
0.123652
0.123644
0.123636
0.123628
0.123619
0.123611
0.123603
0.123595
0.123587
0.123579
0.123571
0.123562
0.123554
0.123546
0.123538
0.12353
0.123522
0.123514
0.123506
0.123498
0.12349
0.123482
0.123474
0.123466
0.123459
0.123451
0.123443
0.123435
0.123427
0.123419
0.123411
0.123404
0.123396
0.123388
0.12338
0.123373
0.123365
0.123357
0.123349
0.123342
0.123334
0.123327
0.123319
0.123311
0.123304
0.123296
0.123288
0.123281
0.123273
0.123266
0.123258
0.123251
0.123243
0.123236
0.123228
0.123221
0.123214
0.123206
0.123199
0.123191
0.123184
0.123177
0.123169
0.123162
0.123155
0.123147
0.12314
0.123133
0.123125
0.123118
0.123111
0.123104
0.123097
0.123089
0.123082
0.123075
0.123068
0.123061
0.123054
0.123046
0.123039
0.123032
0.123025
0.123018
0.123011
0.123004
0.122997
0.12299
0.122983
0.122976
0.122969
0.122962
0.122955
0.122948
0.122941
0.122934
0.122928
0.122921
0.122914
0.122907
0.1229
0.122893
0.122887
0.12288
0.122873
0.122866
0.122859
0.122853
0.122846
0.122839
0.122833
0.122826
0.122819
0.122812
0.122806
0.122799
0.122793
0.122786
0.122779
0.122773
0.122766
0.12276
0.122753
0.122747
0.12274
0.122733
0.122727
0.12272
0.122714
0.122708
0.122701
0.122695
0.122688
0.122682
0.122675
0.122669
0.122663
0.122656
0.12265
0.122643
0.122637
0.122631
0.122625
0.122618
0.122612
0.122606
0.122599
0.122593
0.122587
0.122581
0.122574
0.122568
0.122562
0.122556
0.12255
0.122544
0.122537
0.122531
0.122525
0.122519
0.122513
0.122507
0.122501
0.122495
0.122489
0.122483
0.122477
0.122471
0.122464
0.122458
0.122453
0.122447
0.122441
0.122435
0.122429
0.122423
0.122417
0.122411
0.122405
0.122399
0.122393
0.122387
0.122382
0.122376
0.12237
0.122364
0.122358
0.122352
0.122347
0.122341
0.122335
0.122329
0.122324
0.122318
0.122312
0.122306
0.122301
0.122295
0.122289
0.122284
0.122278
0.122272
0.122267
0.122261
0.122255
0.12225
0.122244
0.122239
0.122233
0.122228
0.122222
0.122216
0.122211
0.122205
0.1222
0.122194
0.122189
0.122183
0.122178
0.122172
0.122167
0.122162
0.122156
0.122151
0.122145
0.12214
0.122134
0.122129
0.122124
0.122118
0.122113
0.122108
0.122102
0.122097
0.122092
0.122086
0.122081
0.122076
0.122071
0.122065
0.12206
0.122055
0.12205
0.122044
0.122039
0.122034
0.122029
0.122024
0.122018
0.122013
0.122008
0.122003
0.121998
0.121993
0.121987
0.121982
0.121977
0.121972
0.121967
0.121962
0.121957
0.121952
0.121947
0.121942
0.121937
0.121932
0.121927
0.121922
0.121917
0.121912
0.121907
0.121902
0.121897
0.121892
0.121887
0.121882
0.121877
0.121872
0.121867
0.121863
0.121858
0.121853
0.121848
0.121843
0.121838
0.121833
0.121829
0.121824
0.121819
0.121814
0.121809
0.121805
0.1218
0.121795
0.12179
0.121786
0.121781
0.121776
0.121771
0.121767
0.121762
0.121757
0.121753
0.121748
0.121743
0.121739
0.121734
0.121729
0.121725
0.12172
0.121715
0.121711
0.121706
0.121702
0.121697
0.121692
0.121688
0.121683
0.121679
0.121674
0.12167
0.121665
0.121661
0.121656
0.121652
0.121647
0.121643
0.121638
0.121634
0.121629
0.121625
0.12162
0.121616
0.121612
0.121607
0.121603
0.121598
0.121594
0.12159
0.121585
0.121581
0.121577
0.121572
0.121568
0.121563
0.121559
0.121555
0.121551
0.121546
0.121542
0.121538
0.121533
0.121529
0.121525
0.121521
0.121516
0.121512
0.121508
0.121504
0.121499
0.121495
0.121491
0.121487
0.121483
0.121478
0.121474
0.12147
0.121466
0.121462
0.121458
0.121454
0.121449
0.121445
0.121441
0.121437
0.121433
0.121429
0.121425
0.121421
0.121417
0.121413
0.121409
0.121405
0.1214
0.121396
0.121392
0.121388
0.121384
0.12138
0.121376
0.121372
0.121368
0.121364
0.121361
0.121357
0.121353
0.121349
0.121345
0.121341
0.121337
0.121333
0.121329
0.121325
0.121321
0.121317
0.121314
0.12131
0.121306
0.121302
0.121298
0.121294
0.12129
0.121287
0.121283
0.121279
0.121275
0.121271
0.121268
0.121264
0.12126
0.121256
0.121252
0.121249
0.121245
0.121241
0.121237
0.121234
0.12123
0.121226
0.121223
0.121219
0.121215
0.121211
0.121208
0.121204
0.1212
0.121197
0.121193
0.121189
0.121186
0.121182
0.121179
0.121175
0.121171
0.121168
0.121164
0.121161
0.121157
0.121153
0.12115
0.121146
0.121143
0.121139
0.121136
0.121132
0.121128
0.121125
0.121121
0.121118
0.121114
0.121111
0.121107
0.121104
0.1211
0.121097
0.121093
0.12109
0.121086
0.121083
0.12108
0.121076
0.121073
0.121069
0.121066
0.121062
0.121059
0.121056
0.121052
0.121049
0.121045
0.121042
0.121039
0.121035
0.121032
0.121029
0.121025
0.121022
0.121018
0.121015
0.121012
0.121009
0.121005
0.121002
0.120999
0.120995
0.120992
0.120989
0.120985
0.120982
0.120979
0.120976
0.120972
0.120969
0.120966
0.120963
0.120959
0.120956
0.120953
0.12095
0.120947
0.120943
0.12094
0.120937
0.120934
0.120931
0.120927
0.120924
0.120921
0.120918
0.120915
0.120912
0.120908
0.120905
0.120902
0.120899
0.120896
0.120893
0.12089
0.120887
0.120884
0.12088
0.120877
0.120874
0.120871
0.120868
0.120865
0.120862
0.120859
0.120856
0.120853
0.12085
0.120847
0.120844
0.120841
0.120838
0.120835
0.120832
0.120829
0.120826
0.120823
0.12082
0.120817
0.120814
0.120811
0.120808
0.120805
0.120802
0.120799
0.120796
0.120793
0.12079
0.120787
0.120784
0.120781
0.120779
0.120776
0.120773
0.12077
0.120767
0.120764
0.120761
0.120758
0.120756
0.120753
0.12075
0.120747
0.120744
0.120741
0.120738
0.120736
0.120733
0.12073
0.120727
0.120724
0.120722
0.120719
0.120716
0.120713
0.12071
0.120708
0.120705
0.120702
0.120699
0.120696
0.120694
0.120691
0.120688
0.120685
0.120683
0.12068
0.120677
0.120675
0.120672
0.120669
0.120666
0.120664
0.120661
0.120658
0.120656
0.120653
0.12065
0.120648
0.120645
0.120642
0.12064
0.120637
0.120634
0.120632
0.120629
0.120626
0.120624
0.120621
0.120619
0.120616
0.120613
0.120611
0.120608
0.120606
0.120603
0.1206
0.120598
0.120595
0.120593
0.12059
0.120587
0.120585
0.120582
0.12058
0.120577
0.120575
0.120572
0.12057
0.120567
0.120565
0.120562
0.12056
0.120557
0.120555
0.120552
0.12055
0.120547
0.120545
0.120542
0.12054
0.120537
0.120535
0.120532
0.12053
0.120527
0.120525
0.120522
0.12052
0.120517
0.120515
0.120513
0.12051
0.120508
0.120505
0.120503
0.120501
0.120498
0.120496
0.120493
0.120491
0.120489
0.120486
0.120484
0.120481
0.120479
0.120477
0.120474
0.120472
0.12047
0.120467
0.120465
0.120463
0.12046
0.120458
0.120456
0.120453
0.120451
0.120449
0.120446
0.120444
0.120442
0.120439
0.120437
0.120435
0.120432
0.12043
0.120428
0.120426
0.120423
0.120421
0.120419
0.120417
0.120414
0.120412
0.12041
0.120408
0.120405
0.120403
0.120401
0.120399
0.120396
0.120394
0.120392
0.12039
0.120387
0.120385
0.120383
0.120381
0.120379
0.120376
0.120374
0.120372
0.12037
0.120368
0.120366
0.120363
0.120361
0.120359
0.120357
0.120355
0.120353
0.120351
0.120348
0.120346
0.120344
0.120342
0.12034
0.120338
0.120336
0.120333
0.120331
0.120329
0.120327
0.120325
0.120323
0.120321
0.120319
0.120317
0.120315
0.120313
0.12031
0.120308
0.120306
0.120304
0.120302
0.1203
0.120298
0.120296
0.120294
0.120292
0.12029
0.120288
0.120286
0.120284
0.120282
0.12028
0.120278
0.120276
0.120274
0.120272
0.12027
0.120268
0.120266
0.120264
0.120262
0.12026
0.120258
0.120256
0.120254
0.120252
0.12025
0.120248
0.120246
0.120244
0.120242
0.12024
0.120238
0.120236
0.120234
0.120232
0.12023
0.120229
0.120227
0.120225
0.120223
0.120221
0.120219
0.120217
0.120215
0.120213
0.120211
0.120209
0.120208
0.120206
0.120204
0.120202
0.1202
0.120198
0.120196
0.120194
0.120193
0.120191
0.120189
0.120187
0.120185
0.120183
0.120181
0.12018
0.120178
0.120176
0.120174
0.120172
0.12017
0.120169
0.120167
0.120165
0.120163
0.120161
0.120159
0.120158
0.120156
0.120154
0.120152
0.12015
0.120149
0.120147
0.120145
0.120143
0.120142
0.12014
0.120138
0.120136
0.120135
0.120133
0.120131
0.120129
0.120127
0.120126
0.120124
0.120122
0.12012
0.120119
0.120117
0.120115
0.120114
0.120112
0.12011
0.120108
0.120107
0.120105
0.120103
0.120102
0.1201
0.120098
0.120096
0.120095
0.120093
0.120091
0.12009
0.120088
0.120086
0.120085
0.120083
0.120081
0.12008
0.120078
0.120076
0.120075
0.120073
0.120071
0.12007
0.120068
0.120066
0.120065
0.120063
0.120061
0.12006
0.120058
0.120057
0.120055
0.120053
0.120052
0.12005
0.120048
0.120047
0.120045
0.120044
0.120042
0.12004
0.120039
0.120037
0.120036
0.120034
0.120032
0.120031
0.120029
0.120028
0.120026
0.120025
0.120023
0.120021
0.12002
0.120018
0.120017
0.120015
0.120014
0.120012
0.120011
0.120009
0.120007
0.120006
0.120004
0.120003
0.120001
0.12
0.119998
0.119997
0.119995
0.119994
0.119992
0.119991
0.119989
0.119988
0.119986
0.119985
0.119983
0.119982
0.11998
0.119979
0.119977
0.119976
0.119974
0.119973
0.119971
0.11997
0.119968
0.119967
0.119965
0.119964
0.119962
0.119961
0.119959
0.119958
0.119957
0.119955
0.119954
0.119952
0.119951
0.119949
0.119948
0.119946
0.119945
0.119944
0.119942
0.119941
0.119939
0.119938
0.119936
0.119935
0.119934
0.119932
0.119931
0.119929
0.119928
0.119927
0.119925
0.119924
0.119922
0.119921
0.11992
0.119918
0.119917
0.119915
0.119914
0.119913
0.119911
0.11991
0.119909
0.119907
0.119906
0.119904
0.119903
0.119902
0.1199
0.119899
0.119898
0.119896
0.119895
0.119894
0.119892
0.119891
0.11989
0.119888
0.119887
0.119886
0.119884
0.119883
0.119882
0.11988
0.119879
0.119878
0.119876
0.119875
0.119874
0.119872
0.119871
0.11987
0.119868
0.119867
0.119866
0.119865
0.119863
0.119862
0.119861
0.119859
0.119858
0.119857
0.119856
0.119854
0.119853
0.119852
0.11985
0.119849
0.119848
0.119847
0.119845
0.119844
0.119843
0.119842
0.11984
0.119839
0.119838
0.119837
0.119835
0.119834
0.119833
0.119832
0.11983
0.119829
0.119828
0.119827
0.119825
0.119824
0.119823
0.119822
0.119821
0.119819
0.119818
0.119817
0.119816
0.119815
0.119813
0.119812
0.119811
0.11981
0.119809
0.119807
0.119806
0.119805
0.119804
0.119803
0.119801
0.1198
0.119799
0.119798
0.119797
0.119795
0.119794
0.119793
0.119792
0.119791
0.11979
0.119788
0.119787
0.119786
0.119785
0.119784
0.119783
0.119781
0.11978
0.119779
0.119778
0.119777
0.119776
0.119775
0.119773
0.119772
0.119771
0.11977
0.119769
0.119768
0.119767
0.119765
0.119764
0.119763
0.119762
0.119761
0.11976
0.119759
0.119758
0.119757
0.119755
0.119754
0.119753
0.119752
0.119751
0.11975
0.119749
0.119748
0.119747
0.119746
0.119744
0.119743
0.119742
0.119741
0.11974
0.119739
0.119738
0.119737
0.119736
0.119735
0.119734
0.119733
0.119731
0.11973
0.119729
0.119728
0.119727
0.119726
0.119725
0.119724
0.119723
0.119722
0.119721
0.11972
0.119719
0.119718
0.119717
0.119716
0.119715
0.119714
0.119713
0.119712
0.11971
0.119709
0.119708
0.119707
0.119706
0.119705
0.119704
0.119703
0.119702
0.119701
0.1197
0.119699
0.119698
0.119697
0.119696
0.119695
0.119694
0.119693
0.119692
0.119691
0.11969
0.119689
0.119688
0.119687
0.119686
0.119685
0.119684
0.119683
0.119682
0.119681
0.11968
0.119679
0.119678
0.119677
0.119676
0.119675
0.119674
0.119673
0.119672
0.119672
0.119671
0.11967
0.119669
0.119668
0.119667
0.119666
0.119665
0.119664
0.119663
0.119662
0.119661
0.11966
0.119659
0.119658
0.119657
0.119656
0.119655
0.119654
0.119653
0.119652
0.119652
0.119651
0.11965
0.119649
0.119648
0.119647
0.119646
0.119645
0.119644
0.119643
0.119642
0.119641
0.11964
0.11964
0.119639
0.119638
0.119637
0.119636
0.119635
0.119634
0.119633
0.119632
0.119631
0.11963
0.11963
0.119629
0.119628
0.119627
0.119626
0.119625
0.119624
0.119623
0.119622
0.119622
0.119621
0.11962
0.119619
0.119618
0.119617
0.119616
0.119615
0.119615
0.119614
0.119613
0.119612
0.119611
0.11961
0.119609
0.119608
0.119608
0.119607
0.119606
0.119605
0.119604
0.119603
0.119602
0.119602
0.119601
0.1196
0.119599
0.119598
0.119597
0.119597
0.119596
0.119595
0.119594
0.119593
0.119592
0.119592
0.119591
0.11959
0.119589
0.119588
0.119587
0.119587
0.119586
0.119585
0.119584
0.119583
0.119582
0.119582
0.119581
0.11958
0.119579
0.119578
0.119578
0.119577
0.119576
0.119575
0.119574
0.119574
0.119573
0.119572
0.119571
0.11957
0.11957
0.119569
0.119568
0.119567
0.119566
0.119566
0.119565
0.119564
0.119563
0.119562
0.119562
0.119561
0.11956
0.119559
0.119559
0.119558
0.119557
0.119556
0.119555
0.119555
0.119554
0.119553
0.119552
0.119552
0.119551
0.11955
0.119549
0.119548
0.119548
0.119547
0.119546
0.119545
0.119545
0.119544
0.119543
0.119542
0.119542
0.119541
0.11954
0.119539
0.119539
0.119538
0.119537
0.119536
0.119536
0.119535
0.119534
0.119533
0.119533
0.119532
0.119531
0.119531
0.11953
0.119529
0.119528
0.119528
0.119527
0.119526
0.119525
0.119525
0.119524
0.119523
0.119523
0.119522
0.119521
0.11952
0.11952
0.119519
0.119518
0.119518
0.119517
0.119516
0.119515
0.119515
0.119514
0.119513
0.119513
0.119512
0.119511
0.119511
0.11951
0.119509
0.119508
0.119508
0.119507
0.119506
0.119506
0.119505
0.119504
0.119504
0.119503
0.119502
0.119502
0.119501
0.1195
0.119499
0.119499
0.119498
0.119497
0.119497
0.119496
0.119495
0.119495
0.119494
0.119493
0.119493
0.119492
0.119491
0.119491
0.11949
0.119489
0.119489
0.119488
0.119487
0.119487
0.119486
0.119485
0.119485
0.119484
0.119483
0.119483
0.119482
0.119481
0.119481
0.11948
0.11948
0.119479
0.119478
0.119478
0.119477
0.119476
0.119476
0.119475
0.119474
0.119474
0.119473
0.119472
0.119472
0.119471
0.119471
0.11947
0.119469
0.119469
0.119468
0.119467
0.119467
0.119466
0.119465
0.119465
0.119464
0.119464
0.119463
0.119462
0.119462
0.119461
0.11946
0.11946
0.119459
0.119459
0.119458
0.119457
0.119457
0.119456
0.119456
0.119455
0.119454
0.119454
0.119453
0.119453
0.119452
0.119451
0.119451
0.11945
0.11945
0.119449
0.119448
0.119448
0.119447
0.119447
0.119446
0.119445
0.119445
0.119444
0.119444
0.119443
0.119442
0.119442
0.119441
0.119441
0.11944
0.119439
0.119439
0.119438
0.119438
0.119437
0.119437
0.119436
0.119435
0.119435
0.119434
0.119434
0.119433
0.119433
0.119432
0.119431
0.119431
0.11943
0.11943
0.119429
0.119429
0.119428
0.119427
0.119427
0.119426
0.119426
0.119425
0.119425
0.119424
0.119423
0.119423
0.119422
0.119422
0.119421
0.119421
0.11942
0.11942
0.119419
0.119418
0.119418
0.119417
0.119417
0.119416
0.119416
0.119415
0.119415
0.119414
0.119414
0.119413
0.119412
0.119412
0.119411
0.119411
0.11941
0.11941
0.119409
0.119409
0.119408
0.119408
0.119407
0.119407
0.119406
0.119406
0.119405
0.119404
0.119404
0.119403
0.119403
0.119402
0.119402
0.119401
0.119401
0.1194
0.1194
0.119399
0.119399
0.119398
0.119398
0.119397
0.119397
0.119396
0.119396
0.119395
0.119395
0.119394
0.119394
0.119393
0.119393
0.119392
0.119392
0.119391
0.119391
0.11939
0.11939
0.119389
0.119389
0.119388
0.119387
0.119387
0.119386
0.119386
0.119386
0.119385
0.119385
0.119384
0.119384
0.119383
0.119383
0.119382
0.119382
0.119381
0.119381
0.11938
0.11938
0.119379
0.119379
0.119378
0.119378
0.119377
0.119377
0.119376
0.119376
0.119375
0.119375
0.119374
0.119374
0.119373
0.119373
0.119372
0.119372
0.119371
0.119371
0.11937
0.11937
0.11937
0.119369
0.119369
0.119368
0.119368
0.119367
0.119367
0.119366
0.119366
0.119365
0.119365
0.119364
0.119364
0.119363
0.119363
0.119362
0.119362
0.119362
0.119361
0.119361
0.11936
0.11936
0.119359
0.119359
0.119358
0.119358
0.119357
0.119357
0.119357
0.119356
0.119356
0.119355
0.119355
0.119354
0.119354
0.119353
0.119353
0.119353
0.119352
0.119352
0.119351
0.119351
0.11935
0.11935
0.119349
0.119349
0.119349
0.119348
0.119348
0.119347
0.119347
0.119346
0.119346
0.119345
0.119345
0.119345
0.119344
0.119344
0.119343
0.119343
0.119342
0.119342
0.119342
0.119341
0.119341
0.11934
0.11934
0.119339
0.119339
0.119339
0.119338
0.119338
0.119337
0.119337
0.119337
0.119336
0.119336
0.119335
0.119335
0.119334
0.119334
0.119334
0.119333
0.119333
0.119332
0.119332
0.119332
0.119331
0.119331
0.11933
0.11933
0.119329
0.119329
0.119329
0.119328
0.119328
0.119327
0.119327
0.119327
0.119326
0.119326
0.119325
0.119325
0.119325
0.119324
0.119324
0.119323
0.119323
0.119323
0.119322
0.119322
0.119321
0.119321
0.119321
0.11932
0.11932
0.119319
0.119319
0.119319
0.119318
0.119318
0.119317
0.119317
0.119317
0.119316
0.119316
0.119316
0.119315
0.119315
0.119314
0.119314
0.119314
0.119313
0.119313
0.119312
0.119312
0.119312
0.119311
0.119311
0.119311
0.11931
0.11931
0.119309
0.119309
0.119309
0.119308
0.119308
0.119308
0.119307
0.119307
0.119306
0.119306
0.119306
0.119305
0.119305
0.119305
0.119304
0.119304
0.119303
0.119303
0.119303
0.119302
0.119302
0.119302
0.119301
0.119301
0.1193
0.1193
0.1193
0.119299
0.119299
0.119299
0.119298
0.119298
0.119298
0.119297
0.119297
0.119297
0.119296
0.119296
0.119295
0.119295
0.119295
0.119294
0.119294
0.119294
0.119293
0.119293
0.119293
0.119292
0.119292
0.119292
0.119291
0.119291
0.119291
0.11929
0.11929
0.119289
0.119289
0.119289
0.119288
0.119288
0.119288
0.119287
0.119287
0.119287
0.119286
0.119286
0.119286
0.119285
0.119285
0.119285
0.119284
0.119284
0.119284
0.119283
0.119283
0.119283
0.119282
0.119282
0.119282
0.119281
0.119281
0.119281
0.11928
0.11928
0.11928
0.119279
0.119279
0.119279
0.119278
0.119278
0.119278
0.119277
0.119277
0.119277
0.119276
0.119276
0.119276
0.119275
0.119275
0.119275
0.119274
0.119274
0.119274
0.119273
0.119273
0.119273
0.119272
0.119272
0.119272
0.119271
0.119271
0.119271
0.119271
0.11927
0.11927
0.11927
0.119269
0.119269
0.119269
0.119268
0.119268
0.119268
0.119267
0.119267
0.119267
0.119266
0.119266
0.119266
0.119265
0.119265
0.119265
0.119265
0.119264
0.119264
0.119264
0.119263
0.119263
0.119263
0.119262
0.119262
0.119262
0.119261
0.119261
0.119261
0.119261
0.11926
0.11926
0.11926
0.119259
0.119259
0.119259
0.119258
0.119258
0.119258
0.119258
0.119257
0.119257
0.119257
0.119256
0.119256
0.119256
0.119255
0.119255
0.119255
0.119255
0.119254
0.119254
0.119254
0.119253
0.119253
0.119253
0.119253
0.119252
0.119252
0.119252
0.119251
0.119251
0.119251
0.119251
0.11925
0.11925
0.11925
0.119249
0.119249
0.119249
0.119249
0.119248
0.119248
0.119248
0.119247
0.119247
0.119247
0.119247
0.119246
0.119246
0.119246
0.119245
0.119245
0.119245
0.119245
0.119244
0.119244
0.119244
0.119243
0.119243
0.119243
0.119243
0.119242
0.119242
0.119242
0.119242
0.119241
0.119241
0.119241
0.11924
0.11924
0.11924
0.11924
0.119239
0.119239
0.119239
0.119239
0.119238
0.119238
0.119238
0.119237
0.119237
0.119237
0.119237
0.119236
0.119236
0.119236
0.119236
0.119235
0.119235
0.119235
0.119235
0.119234
0.119234
0.119234
0.119233
0.119233
0.119233
0.119233
0.119232
0.119232
0.119232
0.119232
0.119231
0.119231
0.119231
0.119231
0.11923
0.11923
0.11923
0.11923
0.119229
0.119229
0.119229
0.119229
0.119228
0.119228
0.119228
0.119228
0.119227
0.119227
0.119227
0.119227
0.119226
0.119226
0.119226
0.119226
0.119225
0.119225
0.119225
0.119225
0.119224
0.119224
0.119224
0.119224
0.119223
0.119223
0.119223
0.119223
0.119222
0.119222
0.119222
0.119222
0.119221
0.119221
0.119221
0.119221
0.11922
0.11922
0.11922
0.11922
0.119219
0.119219
0.119219
0.119219
0.119218
0.119218
0.119218
0.119218
0.119217
0.119217
0.119217
0.119217
0.119217
0.119216
0.119216
0.119216
0.119216
0.119215
0.119215
0.119215
0.119215
0.119214
0.119214
0.119214
0.119214
0.119213
0.119213
0.119213
0.119213
0.119213
0.119212
0.119212
0.119212
0.119212
0.119211
0.119211
0.119211
0.119211
0.119211
0.11921
0.11921
0.11921
0.11921
0.119209
0.119209
0.119209
0.119209
0.119208
0.119208
0.119208
0.119208
0.119208
0.119207
0.119207
0.119207
0.119207
0.119206
0.119206
0.119206
0.119206
0.119206
0.119205
0.119205
0.119205
0.119205
0.119204
0.119204
0.119204
0.119204
0.119204
0.119203
0.119203
0.119203
0.119203
0.119203
0.119202
0.119202
0.119202
0.119202
0.119201
0.119201
0.119201
0.119201
0.119201
0.1192
0.1192
0.1192
0.1192
0.1192
0.119199
0.119199
0.119199
0.119199
0.119198
0.119198
0.119198
0.119198
0.119198
0.119197
0.119197
0.119197
0.119197
0.119197
0.119196
0.119196
0.119196
0.119196
0.119196
0.119195
0.119195
0.119195
0.119195
0.119195
0.119194
0.119194
0.119194
0.119194
0.119194
0.119193
0.119193
0.119193
0.119193
0.119193
0.119192
0.119192
0.119192
0.119192
0.119192
0.119191
0.119191
0.119191
0.119191
0.119191
0.11919
0.11919
0.11919
0.11919
0.11919
0.119189
0.119189
0.119189
0.119189
0.119189
0.119188
0.119188
0.119188
0.119188
0.119188
0.119187
0.119187
0.119187
0.119187
0.119187
0.119186
0.119186
0.119186
0.119186
0.119186
0.119185
0.119185
0.119185
0.119185
0.119185
0.119184
0.119184
0.119184
0.119184
0.119184
0.119184
0.119183
0.119183
0.119183
0.119183
0.119183
0.119182
0.119182
0.119182
0.119182
0.119182
0.119182
0.119181
0.119181
0.119181
0.119181
0.119181
0.11918
0.11918
0.11918
0.11918
0.11918
0.119179
0.119179
0.119179
0.119179
0.119179
0.119179
0.119178
0.119178
0.119178
0.119178
0.119178
0.119177
0.119177
0.119177
0.119177
0.119177
0.119177
0.119176
0.119176
0.119176
0.119176
0.119176
0.119176
0.119175
0.119175
0.119175
0.119175
0.119175
0.119174
0.119174
0.119174
0.119174
0.119174
0.119174
0.119173
0.119173
0.119173
0.119173
0.119173
0.119173
0.119172
0.119172
0.119172
0.119172
0.119172
0.119172
0.119171
0.119171
0.119171
0.119171
0.119171
0.119171
0.11917
0.11917
0.11917
0.11917
0.11917
0.11917
0.119169
0.119169
0.119169
0.119169
0.119169
0.119169
0.119168
0.119168
0.119168
0.119168
0.119168
0.119168
0.119167
0.119167
0.119167
0.119167
0.119167
0.119167
0.119166
0.119166
0.119166
0.119166
0.119166
0.119166
0.119165
0.119165
0.119165
0.119165
0.119165
0.119165
0.119164
0.119164
0.119164
0.119164
0.119164
0.119164
0.119163
0.119163
0.119163
0.119163
0.119163
0.119163
0.119163
0.119162
0.119162
0.119162
0.119162
0.119162
0.119162
0.119161
0.119161
0.119161
0.119161
0.119161
0.119161
0.11916
0.11916
0.11916
0.11916
0.11916
0.11916
0.11916
0.119159
0.119159
0.119159
0.119159
0.119159
0.119159
0.119159
0.119158
0.119158
0.119158
0.119158
0.119158
0.119158
0.119157
0.119157
0.119157
0.119157
0.119157
0.119157
0.119157
0.119156
0.119156
0.119156
0.119156
0.119156
0.119156
0.119156
0.119155
0.119155
0.119155
0.119155
0.119155
0.119155
0.119154
0.119154
0.119154
0.119154
0.119154
0.119154
0.119154
0.119153
0.119153
0.119153
0.119153
0.119153
0.119153
0.119153
0.119152
0.119152
0.119152
0.119152
0.119152
0.119152
0.119152
0.119151
0.119151
0.119151
0.119151
0.119151
0.119151
0.119151
0.11915
0.11915
0.11915
0.11915
0.11915
0.11915
0.11915
0.119149
0.119149
0.119149
0.119149
0.119149
0.119149
0.119149
0.119149
0.119148
0.119148
0.119148
0.119148
0.119148
0.119148
0.119148
0.119147
0.119147
0.119147
0.119147
0.119147
0.119147
0.119147
0.119146
0.119146
0.119146
0.119146
0.119146
0.119146
0.119146
0.119146
0.119145
0.119145
0.119145
0.119145
0.119145
0.119145
0.119145
0.119144
0.119144
0.119144
0.119144
0.119144
0.119144
0.119144
0.119144
0.119143
0.119143
0.119143
0.119143
0.119143
0.119143
0.119143
0.119143
0.119142
0.119142
0.119142
0.119142
0.119142
0.119142
0.119142
0.119142
0.119141
0.119141
0.119141
0.119141
0.119141
0.119141
0.119141
0.11914
0.11914
0.11914
0.11914
0.11914
0.11914
0.11914
0.11914
0.119139
0.119139
0.119139
0.119139
0.119139
0.119139
0.119139
0.119139
0.119138
0.119138
0.119138
0.119138
0.119138
0.119138
0.119138
0.119138
0.119138
0.119137
0.119137
0.119137
0.119137
0.119137
0.119137
0.119137
0.119137
0.119136
0.119136
0.119136
0.119136
0.119136
0.119136
0.119136
0.119136
0.119135
0.119135
0.119135
0.119135
0.119135
0.119135
0.119135
0.119135
0.119135
0.119134
0.119134
0.119134
0.119134
0.119134
0.119134
0.119134
0.119134
0.119133
0.119133
0.119133
0.119133
0.119133
0.119133
0.119133
0.119133
0.119133
0.119132
0.119132
0.119132
0.119132
0.119132
0.119132
0.119132
0.119132
0.119132
0.119131
0.119131
0.119131
0.119131
0.119131
0.119131
0.119131
0.119131
0.11913
0.11913
0.11913
0.11913
0.11913
0.11913
0.11913
0.11913
0.11913
0.119129
0.119129
0.119129
0.119129
0.119129
0.119129
0.119129
0.119129
0.119129
0.119129
0.119128
0.119128
0.119128
0.119128
0.119128
0.119128
0.119128
0.119128
0.119128
0.119127
0.119127
0.119127
0.119127
0.119127
0.119127
0.119127
0.119127
0.119127
0.119126
0.119126
0.119126
0.119126
0.119126
0.119126
0.119126
0.119126
0.119126
0.119126
0.119125
0.119125
0.119125
0.119125
0.119125
0.119125
0.119125
0.119125
0.119125
0.119124
0.119124
0.119124
0.119124
0.119124
0.119124
0.119124
0.119124
0.119124
0.119124
0.119123
0.119123
0.119123
0.119123
0.119123
0.119123
0.119123
0.119123
0.119123
0.119123
0.119122
0.119122
0.119122
0.119122
0.119122
0.119122
0.119122
0.119122
0.119122
0.119122
0.119121
0.119121
0.119121
0.119121
0.119121
0.119121
0.119121
0.119121
0.119121
0.119121
0.11912
0.11912
0.11912
0.11912
0.11912
0.11912
0.11912
0.11912
0.11912
0.11912
0.119119
0.119119
0.119119
0.119119
0.119119
0.119119
0.119119
0.119119
0.119119
0.119119
0.119119
0.119118
0.119118
0.119118
0.119118
0.119118
0.119118
0.119118
0.119118
0.119118
0.119118
0.119117
0.119117
0.119117
0.119117
0.119117
0.119117
0.119117
0.119117
0.119117
0.119117
0.119117
0.119116
0.119116
0.119116
0.119116
0.119116
0.119116
0.119116
0.119116
0.119116
0.119116
0.119116
0.119115
0.119115
0.119115
0.119115
0.119115
0.119115
0.119115
0.119115
0.119115
0.119115
0.119115
0.119114
0.119114
0.119114
0.119114
0.119114
0.119114
0.119114
0.119114
0.119114
0.119114
0.119114
0.119113
0.119113
0.119113
0.119113
0.119113
0.119113
0.119113
0.119113
0.119113
0.119113
0.119113
0.119112
0.119112
0.119112
0.119112
0.119112
0.119112
0.119112
0.119112
0.119112
0.119112
0.119112
0.119112
0.119111
0.119111
0.119111
0.119111
0.119111
0.119111
0.119111
0.119111
0.119111
0.119111
0.119111
0.119111
0.11911
0.11911
0.11911
0.11911
0.11911
0.11911
0.11911
0.11911
0.11911
0.11911
0.11911
0.11911
0.119109
0.119109
0.119109
0.119109
0.119109
0.119109
0.119109
0.119109
0.119109
0.119109
0.119109
0.119109
0.119108
0.119108
0.119108
0.119108
0.119108
0.119108
0.119108
0.119108
0.119108
0.119108
0.119108
0.119108
0.119107
0.119107
0.119107
0.119107
0.119107
0.119107
0.119107
0.119107
0.119107
0.119107
0.119107
0.119107
0.119107
0.119106
0.119106
0.119106
0.119106
0.119106
0.119106
0.119106
0.119106
0.119106
0.119106
0.119106
0.119106
0.119106
0.119105
0.119105
0.119105
0.119105
0.119105
0.119105
0.119105
0.119105
0.119105
0.119105
0.119105
0.119105
0.119105
0.119104
0.119104
0.119104
0.119104
0.119104
0.119104
0.119104
0.119104
0.119104
0.119104
0.119104
0.119104
0.119104
0.119103
0.119103
0.119103
0.119103
0.119103
0.119103
0.119103
0.119103
0.119103
0.119103
0.119103
0.119103
0.119103
0.119103
0.119102
0.119102
0.119102
0.119102
0.119102
0.119102
0.119102
0.119102
0.119102
0.119102
0.119102
0.119102
0.119102
0.119101
0.119101
0.119101
0.119101
0.119101
0.119101
0.119101
0.119101
0.119101
0.119101
0.119101
0.119101
0.119101
0.119101
0.1191
0.1191
0.1191
0.1191
0.1191
0.1191
0.1191
0.1191
0.1191
0.1191
0.1191
0.1191
0.1191
0.1191
0.1191
0.119099
0.119099
0.119099
0.119099
0.119099
0.119099
0.119099
0.119099
0.119099
0.119099
0.119099
0.119099
0.119099
0.119099
0.119098
0.119098
0.119098
0.119098
0.119098
0.119098
0.119098
0.119098
0.119098
0.119098
0.119098
0.119098
0.119098
0.119098
0.119098
0.119097
0.119097
0.119097
0.119097
0.119097
0.119097
0.119097
0.119097
0.119097
0.119097
0.119097
0.119097
0.119097
0.119097
0.119097
0.119096
0.119096
0.119096
0.119096
0.119096
0.119096
0.119096
0.119096
0.119096
0.119096
0.119096
0.119096
0.119096
0.119096
0.119096
0.119096
0.119095
0.119095
0.119095
0.119095
0.119095
0.119095
0.119095
0.119095
0.119095
0.119095
0.119095
0.119095
0.119095
0.119095
0.119095
0.119095
0.119094
0.119094
0.119094
0.119094
0.119094
0.119094
0.119094
0.119094
0.119094
0.119094
0.119094
0.119094
0.119094
0.119094
0.119094
0.119094
0.119093
0.119093
0.119093
0.119093
0.119093
0.119093
0.119093
0.119093
0.119093
0.119093
0.119093
0.119093
0.119093
0.119093
0.119093
0.119093
0.119093
0.119092
0.119092
0.119092
0.119092
0.119092
0.119092
0.119092
0.119092
0.119092
0.119092
0.119092
0.119092
0.119092
0.119092
0.119092
0.119092
0.119091
0.119091
0.119091
0.119091
0.119091
0.119091
0.119091
0.119091
0.119091
0.119091
0.119091
0.119091
0.119091
0.119091
0.119091
0.119091
0.119091
0.119091
0.11909
0.11909
0.11909
0.11909
0.11909
0.11909
0.11909
0.11909
0.11909
0.11909
0.11909
0.11909
0.11909
0.11909
0.11909
0.11909
0.11909
0.119089
0.119089
0.119089
0.119089
0.119089
0.119089
0.119089
0.119089
0.119089
0.119089
0.119089
0.119089
0.119089
0.119089
0.119089
0.119089
0.119089
0.119089
0.119089
0.119088
0.119088
0.119088
0.119088
0.119088
0.119088
0.119088
0.119088
0.119088
0.119088
0.119088
0.119088
0.119088
0.119088
0.119088
0.119088
0.119088
0.119088
0.119087
0.119087
0.119087
0.119087
0.119087
0.119087
0.119087
0.119087
0.119087
0.119087
0.119087
0.119087
0.119087
0.119087
0.119087
0.119087
0.119087
0.119087
0.119087
0.119086
0.119086
0.119086
0.119086
0.119086
0.119086
0.119086
0.119086
0.119086
0.119086
0.119086
0.119086
0.119086
0.119086
0.119086
0.119086
0.119086
0.119086
0.119086
0.119086
0.119085
0.119085
0.119085
0.119085
0.119085
0.119085
0.119085
0.119085
0.119085
0.119085
0.119085
0.119085
0.119085
0.119085
0.119085
0.119085
0.119085
0.119085
0.119085
0.119085
0.119084
0.119084
0.119084
0.119084
0.119084
0.119084
0.119084
0.119084
0.119084
0.119084
0.119084
0.119084
0.119084
0.119084
0.119084
0.119084
0.119084
0.119084
0.119084
0.119084
0.119083
0.119083
0.119083
0.119083
0.119083
0.119083
0.119083
0.119083
0.119083
0.119083
0.119083
0.119083
0.119083
0.119083
0.119083
0.119083
0.119083
0.119083
0.119083
0.119083
0.119083
0.119083
0.119082
0.119082
0.119082
0.119082
0.119082
0.119082
0.119082
0.119082
0.119082
0.119082
0.119082
0.119082
0.119082
0.119082
0.119082
0.119082
0.119082
0.119082
0.119082
0.119082
0.119082
0.119081
0.119081
0.119081
0.119081
0.119081
0.119081
0.119081
0.119081
0.119081
0.119081
0.119081
0.119081
0.119081
0.119081
0.119081
0.119081
0.119081
0.119081
0.119081
0.119081
0.119081
0.119081
0.119081
0.11908
0.11908
0.11908
0.11908
0.11908
0.11908
0.11908
0.11908
0.11908
0.11908
0.11908
0.11908
0.11908
0.11908
0.11908
0.11908
0.11908
0.11908
0.11908
0.11908
0.11908
0.11908
0.11908
0.119079
0.119079
0.119079
0.119079
0.119079
0.119079
0.119079
0.119079
0.119079
0.119079
0.119079
0.119079
0.119079
0.119079
0.119079
0.119079
0.119079
0.119079
0.119079
0.119079
0.119079
0.119079
0.119079
0.119078
0.119078
0.119078
0.119078
0.119078
0.119078
0.119078
0.119078
0.119078
0.119078
0.119078
0.119078
0.119078
0.119078
0.119078
0.119078
0.119078
0.119078
0.119078
0.119078
0.119078
0.119078
0.119078
0.119078
0.119078
0.119077
0.119077
0.119077
0.119077
0.119077
0.119077
0.119077
0.119077
0.119077
0.119077
0.119077
0.119077
0.119077
0.119077
0.119077
0.119077
0.119077
0.119077
0.119077
0.119077
0.119077
0.119077
0.119077
0.119077
0.119077
0.119076
0.119076
0.119076
0.119076
0.119076
0.119076
0.119076
0.119076
0.119076
0.119076
0.119076
0.119076
0.119076
0.119076
0.119076
0.119076
0.119076
0.119076
0.119076
0.119076
0.119076
0.119076
0.119076
0.119076
0.119076
0.119076
0.119075
0.119075
0.119075
0.119075
0.119075
0.119075
0.119075
0.119075
0.119075
0.119075
0.119075
0.119075
0.119075
0.119075
0.119075
0.119075
0.119075
0.119075
0.119075
0.119075
0.119075
0.119075
0.119075
0.119075
0.119075
0.119075
0.119075
0.119074
0.119074
0.119074
0.119074
0.119074
0.119074
0.119074
0.119074
0.119074
0.119074
0.119074
0.119074
0.119074
0.119074
0.119074
0.119074
0.119074
0.119074
0.119074
0.119074
0.119074
0.119074
0.119074
0.119074
0.119074
0.119074
0.119074
0.119074
0.119073
0.119073
0.119073
0.119073
0.119073
0.119073
0.119073
0.119073
0.119073
0.119073
0.119073
0.119073
0.119073
0.119073
0.119073
0.119073
0.119073
0.119073
0.119073
0.119073
0.119073
0.119073
0.119073
0.119073
0.119073
0.119073
0.119073
0.119073
0.119073
0.119072
0.119072
0.119072
0.119072
0.119072
0.119072
0.119072
0.119072
0.119072
0.119072
0.119072
0.119072
0.119072
0.119072
0.119072
0.119072
0.119072
0.119072
0.119072
0.119072
0.119072
0.119072
0.119072
0.119072
0.119072
0.119072
0.119072
0.119072
0.119072
0.119072
0.119071
0.119071
0.119071
0.119071
0.119071
0.119071
0.119071
0.119071
0.119071
0.119071
0.119071
0.119071
0.119071
0.119071
0.119071
0.119071
0.119071
0.119071
0.119071
0.119071
0.119071
0.119071
0.119071
0.119071
0.119071
0.119071
0.119071
0.119071
0.119071
0.119071
0.119071
0.11907
0.11907
0.11907
0.11907
0.11907
0.11907
0.11907
0.11907
0.11907
0.11907
0.11907
0.11907
0.11907
0.11907
0.11907
0.11907
0.11907
0.11907
0.11907
0.11907
0.11907
0.11907
0.11907
0.11907
0.11907
0.11907
0.11907
0.11907
0.11907
0.11907
0.11907
0.11907
0.119069
0.119069
0.119069
0.119069
0.119069
0.119069
0.119069
0.119069
0.119069
0.119069
0.119069
0.119069
0.119069
0.119069
0.119069
0.119069
0.119069
0.119069
0.119069
0.119069
0.119069
0.119069
0.119069
0.119069
0.119069
0.119069
0.119069
0.119069
0.119069
0.119069
0.119069
0.119069
0.119069
0.119069
0.119068
0.119068
0.119068
0.119068
0.119068
0.119068
0.119068
0.119068
0.119068
0.119068
0.119068
0.119068
0.119068
0.119068
0.119068
0.119068
0.119068
0.119068
0.119068
0.119068
0.119068
0.119068
0.119068
0.119068
0.119068
0.119068
0.119068
0.119068
0.119068
0.119068
0.119068
0.119068
0.119068
0.119068
0.119068
0.119067
0.119067
0.119067
0.119067
0.119067
0.119067
0.119067
0.119067
0.119067
0.119067
0.119067
0.119067
0.119067
0.119067
0.119067
0.119067
0.119067
0.119067
0.119067
0.119067
0.119067
0.119067
0.119067
0.119067
0.119067
0.119067
0.119067
0.119067
0.119067
0.119067
0.119067
0.119067
0.119067
0.119067
0.119067
0.119067
0.119066
0.119066
0.119066
0.119066
0.119066
0.119066
0.119066
0.119066
0.119066
0.119066
0.119066
0.119066
0.119066
0.119066
0.119066
0.119066
0.119066
0.119066
0.119066
0.119066
0.119066
0.119066
0.119066
0.119066
0.119066
0.119066
0.119066
0.119066
0.119066
0.119066
0.119066
0.119066
0.119066
0.119066
0.119066
0.119066
0.119066
0.119066
0.119065
0.119065
0.119065
0.119065
0.119065
0.119065
0.119065
0.119065
0.119065
0.119065
0.119065
0.119065
0.119065
0.119065
0.119065
0.119065
0.119065
0.119065
0.119065
0.119065
0.119065
0.119065
0.119065
0.119065
0.119065
0.119065
0.119065
0.119065
0.119065
0.119065
0.119065
0.119065
0.119065
0.119065
0.119065
0.119065
0.119065
0.119065
0.119065
0.119065
0.119064
0.119064
0.119064
0.119064
0.119064
0.119064
0.119064
0.119064
0.119064
0.119064
0.119064
0.119064
0.119064
0.119064
0.119064
0.119064
0.119064
0.119064
0.119064
0.119064
0.119064
0.119064
0.119064
0.119064
0.119064
0.119064
0.119064
0.119064
0.119064
0.119064
0.119064
0.119064
0.119064
0.119064
0.119064
0.119064
0.119064
0.119064
0.119064
0.119064
0.119064
0.119063
0.119063
0.119063
0.119063
0.119063
0.119063
0.119063
0.119063
0.119063
0.119063
0.119063
0.119063
0.119063
0.119063
0.119063
0.119063
0.119063
0.119063
0.119063
0.119063
0.119063
0.119063
0.119063
0.119063
0.119063
0.119063
0.119063
0.119063
0.119063
0.119063
0.119063
0.119063
0.119063
0.119063
0.119063
0.119063
0.119063
0.119063
0.119063
0.119063
0.119063
0.119063
0.119063
0.119063
0.119062
0.119062
0.119062
0.119062
0.119062
0.119062
0.119062
0.119062
0.119062
0.119062
0.119062
0.119062
0.119062
0.119062
0.119062
0.119062
0.119062
0.119062
0.119062
0.119062
0.119062
0.119062
0.119062
0.119062
0.119062
0.119062
0.119062
0.119062
0.119062
0.119062
0.119062
0.119062
0.119062
0.119062
0.119062
0.119062
0.119062
0.119062
0.119062
0.119062
0.119062
0.119062
0.119062
0.119062
0.119062
0.119061
0.119061
0.119061
0.119061
0.119061
0.119061
0.119061
0.119061
0.119061
0.119061
0.119061
0.119061
0.119061
0.119061
0.119061
0.119061
0.119061
0.119061
0.119061
0.119061
0.119061
0.119061
0.119061
0.119061
0.119061
0.119061
0.119061
0.119061
0.119061
0.119061
0.119061
0.119061
0.119061
0.119061
0.119061
0.119061
0.119061
0.119061
0.119061
0.119061
0.119061
0.119061
0.119061
0.119061
0.119061
0.119061
0.119061
0.119061
0.11906
0.11906
0.11906
0.11906
0.11906
0.11906
0.11906
0.11906
0.11906
0.11906
0.11906
0.11906
0.11906
0.11906
0.11906
0.11906
0.11906
0.11906
0.11906
0.11906
0.11906
0.11906
0.11906
0.11906
0.11906
0.11906
0.11906
0.11906
0.11906
0.11906
0.11906
0.11906
0.11906
0.11906
0.11906
0.11906
0.11906
0.11906
0.11906
0.11906
0.11906
0.11906
0.11906
0.11906
0.11906
0.11906
0.11906
0.11906
0.11906
0.11906
0.119059
0.119059
0.119059
0.119059
0.119059
0.119059
0.119059
0.119059
0.119059
0.119059
0.119059
0.119059
0.119059
0.119059
0.119059
0.119059
0.119059
0.119059
0.119059
0.119059
0.119059
0.119059
0.119059
0.119059
0.119059
0.119059
0.119059
0.119059
0.119059
0.119059
0.119059
0.119059
0.119059
0.119059
0.119059
0.119059
0.119059
0.119059
0.119059
0.119059
0.119059
0.119059
0.119059
0.119059
0.119059
0.119059
0.119059
0.119059
0.119059
0.119059
0.119059
0.119059
0.119058
0.119058
0.119058
0.119058
0.119058
0.119058
0.119058
0.119058
0.119058
0.119058
0.119058
0.119058
0.119058
0.119058
0.119058
0.119058
0.119058
0.119058
0.119058
0.119058
0.119058
0.119058
0.119058
0.119058
0.119058
0.119058
0.119058
0.119058
0.119058
0.119058
0.119058
0.119058
0.119058
0.119058
0.119058
0.119058
0.119058
0.119058
0.119058
0.119058
0.119058
0.119058
0.119058
0.119058
0.119058
0.119058
0.119058
0.119058
0.119058
0.119058
0.119058
0.119058
0.119058
0.119058
0.119058
0.119057
0.119057
0.119057
0.119057
0.119057
0.119057
0.119057
0.119057
0.119057
0.119057
0.119057
0.119057
0.119057
0.119057
0.119057
0.119057
0.119057
0.119057
0.119057
0.119057
0.119057
0.119057
0.119057
0.119057
0.119057
0.119057
0.119057
0.119057
0.119057
0.119057
0.119057
0.119057
0.119057
0.119057
0.119057
0.119057
0.119057
0.119057
0.119057
0.119057
0.119057
0.119057
0.119057
0.119057
0.119057
0.119057
0.119057
0.119057
0.119057
0.119057
0.119057
0.119057
0.119057
0.119057
0.119057
0.119057
0.119057
0.119057
0.119056
0.119056
0.119056
0.119056
0.119056
0.119056
0.119056
0.119056
0.119056
0.119056
0.119056
0.119056
0.119056
0.119056
0.119056
0.119056
0.119056
0.119056
0.119056
0.119056
0.119056
0.119056
0.119056
0.119056
0.119056
0.119056
0.119056
0.119056
0.119056
0.119056
0.119056
0.119056
0.119056
0.119056
0.119056
0.119056
0.119056
0.119056
0.119056
0.119056
0.119056
0.119056
0.119056
0.119056
0.119056
0.119056
0.119056
0.119056
0.119056
0.119056
0.119056
0.119056
0.119056
0.119056
0.119056
0.119056
0.119056
0.119056
0.119056
0.119056
0.119056
0.119055
0.119055
0.119055
0.119055
0.119055
0.119055
0.119055
0.119055
0.119055
0.119055
0.119055
0.119055
0.119055
0.119055
0.119055
0.119055
0.119055
0.119055
0.119055
0.119055
0.119055
0.119055
0.119055
0.119055
0.119055
0.119055
0.119055
0.119055
0.119055
0.119055
0.119055
0.119055
0.119055
0.119055
0.119055
0.119055
0.119055
0.119055
0.119055
0.119055
0.119055
0.119055
0.119055
0.119055
0.119055
0.119055
0.119055
0.119055
0.119055
0.119055
0.119055
0.119055
0.119055
0.119055
0.119055
0.119055
0.119055
0.119055
0.119055
0.119055
0.119055
0.119055
0.119055
0.119055
0.119054
0.119054
0.119054
0.119054
0.119054
0.119054
0.119054
0.119054
0.119054
0.119054
0.119054
0.119054
0.119054
0.119054
0.119054
0.119054
0.119054
0.119054
0.119054
0.119054
0.119054
0.119054
0.119054
0.119054
0.119054
0.119054
0.119054
0.119054
0.119054
0.119054
0.119054
0.119054
0.119054
0.119054
0.119054
0.119054
0.119054
0.119054
0.119054
0.119054
0.119054
0.119054
0.119054
0.119054
0.119054
0.119054
0.119054
0.119054
0.119054
0.119054
0.119054
0.119054
0.119054
0.119054
0.119054
0.119054
0.119054
0.119054
0.119054
0.119054
0.119054
0.119054
0.119054
0.119054
0.119054
0.119054
0.119054
0.119053
0.119053
0.119053
0.119053
0.119053
0.119053
0.119053
0.119053
0.119053
0.119053
0.119053
0.119053
0.119053
0.119053
0.119053
0.119053
0.119053
0.119053
0.119053
0.119053
0.119053
0.119053
0.119053
0.119053
0.119053
0.119053
0.119053
0.119053
0.119053
0.119053
0.119053
0.119053
0.119053
0.119053
0.119053
0.119053
0.119053
0.119053
0.119053
0.119053
0.119053
0.119053
0.119053
0.119053
0.119053
0.119053
0.119053
0.119053
0.119053
0.119053
0.119053
0.119053
0.119053
0.119053
0.119053
0.119053
0.119053
0.119053
0.119053
0.119053
0.119053
0.119053
0.119053
0.119053
0.119053
0.119053
0.119053
0.119053
0.119053
0.119053
0.119053
0.119052
0.119052
0.119052
0.119052
0.119052
0.119052
0.119052
0.119052
0.119052
0.119052
0.119052
0.119052
0.119052
0.119052
0.119052
0.119052
0.119052
0.119052
0.119052
0.119052
0.119052
0.119052
0.119052
0.119052
0.119052
0.119052
0.119052
0.119052
0.119052
0.119052
0.119052
0.119052
0.119052
0.119052
0.119052
0.119052
0.119052
0.119052
0.119052
0.119052
0.119052
0.119052
0.119052
0.119052
0.119052
0.119052
0.119052
0.119052
0.119052
0.119052
0.119052
0.119052
0.119052
0.119052
0.119052
0.119052
0.119052
0.119052
0.119052
0.119052
0.119052
0.119052
0.119052
0.119052
0.119052
0.119052
0.119052
0.119052
0.119052
0.119052
0.119052
0.119052
0.119052
0.119051
0.119051
0.119051
0.119051
0.119051
0.119051
0.119051
0.119051
0.119051
0.119051
0.119051
0.119051
0.119051
0.119051
0.119051
0.119051
0.119051
0.119051
0.119051
0.119051
0.119051
0.119051
0.119051
0.119051
0.119051
0.119051
0.119051
0.119051
0.119051
0.119051
0.119051
0.119051
0.119051
0.119051
0.119051
0.119051
0.119051
0.119051
0.119051
0.119051
0.119051
0.119051
0.119051
0.119051
0.119051
0.119051
0.119051
0.119051
0.119051
0.119051
0.119051
0.119051
0.119051
0.119051
0.119051
0.119051
0.119051
0.119051
0.119051
0.119051
0.119051
0.119051
0.119051
0.119051
0.119051
0.119051
0.119051
0.119051
0.119051
0.119051
0.119051
0.119051
0.119051
0.119051
0.119051
0.119051
0.119051
0.11905
0.11905
0.11905
0.11905
0.11905
0.11905
0.11905
0.11905
0.11905
0.11905
0.11905
0.11905
0.11905
0.11905
0.11905
0.11905
0.11905
0.11905
0.11905
0.11905
0.11905
0.11905
0.11905
0.11905
0.11905
0.11905
0.11905
0.11905
0.11905
0.11905
0.11905
0.11905
0.11905
0.11905
0.11905
0.11905
0.11905
0.11905
0.11905
0.11905
0.11905
0.11905
0.11905
0.11905
0.11905
0.11905
0.11905
0.11905
0.11905
0.11905
0.11905
0.11905
0.11905
0.11905
0.11905
0.11905
0.11905
0.11905
0.11905
0.11905
0.11905
0.11905
0.11905
0.11905
0.11905
0.11905
0.11905
0.11905
0.11905
0.11905
0.11905
0.11905
0.11905
0.11905
0.11905
0.11905
0.11905
0.11905
0.11905
0.11905
0.119049
0.119049
0.119049
0.119049
0.119049
0.119049
0.119049
0.119049
0.119049
0.119049
0.119049
0.119049
0.119049
0.119049
0.119049
0.119049
0.119049
0.119049
0.119049
0.119049
0.119049
0.119049
0.119049
0.119049
0.119049
0.119049
0.119049
0.119049
0.119049
0.119049
0.119049
0.119049
0.119049
0.119049
0.119049
0.119049
0.119049
0.119049
0.119049
0.119049
0.119049
0.119049
0.119049
0.119049
0.119049
0.119049
0.119049
0.119049
0.119049
0.119049
0.119049
0.119049
0.119049
0.119049
0.119049
0.119049
0.119049
0.119049
0.119049
0.119049
0.119049
0.119049
0.119049
0.119049
0.119049
0.119049
0.119049
0.119049
0.119049
0.119049
0.119049
0.119049
0.119049
0.119049
0.119049
0.119049
0.119049
0.119049
0.119049
0.119049
0.119049
0.119049
0.119049
0.119048
0.119048
0.119048
0.119048
0.119048
0.119048
0.119048
0.119048
0.119048
0.119048
0.119048
0.119048
0.119048
0.119048
0.119048
0.119048
0.119048
0.119048
0.119048
0.119048
0.119048
0.119048
0.119048
0.119048
0.119048
0.119048
0.119048
0.119048
0.119048
0.119048
0.119048
0.119048
0.119048
0.119048
0.119048
0.119048
0.119048
0.119048
0.119048
0.119048
0.119048
0.119048
0.119048
0.119048
0.119048
0.119048
0.119048
0.119048
0.119048
0.119048
0.119048
0.119048
0.119048
0.119048
0.119048
0.119048
0.119048
0.119048
0.119048
0.119048
0.119048
0.119048
0.119048
0.119048
0.119048
0.119048
0.119048
0.119048
0.119048
0.119048
0.119048
0.119048
0.119048
0.119048
0.119048
0.119048
0.119048
0.119048
0.119048
0.119048
0.119048
0.119048
0.119048
0.119048
0.119048
0.119047
0.119047
0.119047
0.119047
0.119047
0.119047
0.119047
0.119047
0.119047
0.119047
0.119047
0.119047
0.119047
0.119047
0.119047
0.119047
0.119047
0.119047
0.119047
0.119047
0.119047
0.119047
0.119047
0.119047
0.119047
0.119047
0.119047
0.119047
0.119047
0.119047
0.119047
0.119047
0.119047
0.119047
0.119047
0.119047
0.119047
0.119047
0.119047
0.119047
0.119047
0.119047
0.119047
0.119047
0.119047
0.119047
0.119047
0.119047
0.119047
0.119047
0.119047
0.119047
0.119047
0.119047
0.119047
0.119047
0.119047
0.119047
0.119047
0.119047
0.119047
0.119047
0.119047
0.119047
0.119047
0.119047
0.119047
0.119047
0.119047
0.119047
0.119047
0.119047
0.119047
0.119047
0.119047
0.119047
0.119047
0.119047
0.119047
0.119047
0.119047
0.119047
0.119047
0.119047
0.119047
0.119047
0.119047
0.119047
0.119046
0.119046
0.119046
0.119046
0.119046
0.119046
0.119046
0.119046
0.119046
0.119046
0.119046
0.119046
0.119046
0.119046
0.119046
0.119046
0.119046
0.119046
0.119046
0.119046
0.119046
0.119046
0.119046
0.119046
0.119046
0.119046
0.119046
0.119046
0.119046
0.119046
0.119046
0.119046
0.119046
0.119046
0.119046
0.119046
0.119046
0.119046
0.119046
0.119046
0.119046
0.119046
0.119046
0.119046
0.119046
0.119046
0.119046
0.119046
0.119046
0.119046
0.119046
0.119046
0.119046
0.119046
0.119046
0.119046
0.119046
0.119046
0.119046
0.119046
0.119046
0.119046
0.119046
0.119046
0.119046
0.119046
0.119046
0.119046
0.119046
0.119046
0.119046
0.119046
0.119046
0.119046
0.119046
0.119046
0.119046
0.119046
0.119046
0.119046
0.119046
0.119046
0.119046
0.119046
0.119046
0.119046
0.119046
0.119046
0.119046
0.119046
0.119045
0.119045
0.119045
0.119045
0.119045
0.119045
0.119045
0.119045
0.119045
0.119045
0.119045
0.119045
0.119045
0.119045
0.119045
0.119045
0.119045
0.119045
0.119045
0.119045
0.119045
0.119045
0.119045
0.119045
0.119045
0.119045
0.119045
0.119045
0.119045
0.119045
0.119045
0.119045
0.119045
0.119045
0.119045
0.119045
0.119045
0.119045
0.119045
0.119045
0.119045
0.119045
0.119045
0.119045
0.119045
0.119045
0.119045
0.119045
0.119045
0.119045
0.119045
0.119045
0.119045
0.119045
0.119045
0.119045
0.119045
0.119045
0.119045
0.119045
0.119045
0.119045
0.119045
0.119045
0.119045
0.119045
0.119045
0.119045
0.119045
0.119045
0.119045
0.119045
0.119045
0.119045
0.119045
0.119045
0.119045
0.119045
0.119045
0.119045
0.119045
0.119045
0.119045
0.119045
0.119045
0.119045
0.119045
0.119045
0.119045
0.119045
0.119045
0.119045
0.119044
0.119044
0.119044
0.119044
0.119044
0.119044
0.119044
0.119044
0.119044
0.119044
0.119044
0.119044
0.119044
0.119044
0.119044
0.119044
0.119044
0.119044
0.119044
0.119044
0.119044
0.119044
0.119044
0.119044
0.119044
0.119044
0.119044
0.119044
0.119044
0.119044
0.119044
0.119044
0.119044
0.119044
0.119044
0.119044
0.119044
0.119044
0.119044
0.119044
0.119044
0.119044
0.119044
0.119044
0.119044
0.119044
0.119044
0.119044
0.119044
0.119044
0.119044
0.119044
0.119044
0.119044
0.119044
0.119044
0.119044
0.119044
0.119044
0.119044
0.119044
0.119044
0.119044
0.119044
0.119044
0.119044
0.119044
0.119044
0.119044
0.119044
0.119044
0.119044
0.119044
0.119044
0.119044
0.119044
0.119044
0.119044
0.119044
0.119044
0.119044
0.119044
0.119044
0.119044
0.119044
0.119044
0.119044
0.119044
0.119044
0.119044
0.119044
0.119044
0.119044
0.119043
0.119043
0.119043
0.119043
0.119043
0.119043
0.119043
0.119043
0.119043
0.119043
0.119043
0.119043
0.119043
0.119043
0.119043
0.119043
0.119043
0.119043
0.119043
0.119043
0.119043
0.119043
0.119043
0.119043
0.119043
0.119043
0.119043
0.119043
0.119043
0.119043
0.119043
0.119043
0.119043
0.119043
0.119043
0.119043
0.119043
0.119043
0.119043
0.119043
0.119043
0.119043
0.119043
0.119043
0.119043
0.119043
0.119043
0.119043
0.119043
0.119043
0.119043
0.119043
0.119043
0.119043
0.119043
0.119043
0.119043
0.119043
0.119043
0.119043
0.119043
0.119043
0.119043
0.119043
0.119043
0.119043
0.119043
0.119043
0.119043
0.119043
0.119043
0.119043
0.119043
0.119043
0.119043
0.119043
0.119043
0.119043
0.119043
0.119043
0.119043
0.119043
0.119043
0.119043
0.119043
0.119043
0.119043
0.119043
0.119043
0.119043
0.119043
0.119043
0.119043
0.119043
0.119043
0.119042
0.119042
0.119042
0.119042
0.119042
0.119042
0.119042
0.119042
0.119042
0.119042
0.119042
0.119042
0.119042
0.119042
0.119042
0.119042
0.119042
0.119042
0.119042
0.119042
0.119042
0.119042
0.119042
0.119042
0.119042
0.119042
0.119042
0.119042
0.119042
0.119042
0.119042
0.119042
0.119042
0.119042
0.119042
0.119042
0.119042
0.119042
0.119042
0.119042
0.119042
0.119042
0.119042
0.119042
0.119042
0.119042
0.119042
0.119042
0.119042
0.119042
0.119042
0.119042
0.119042
0.119042
0.119042
0.119042
0.119042
0.119042
0.119042
0.119042
0.119042
0.119042
0.119042
0.119042
0.119042
0.119042
0.119042
0.119042
0.119042
0.119042
0.119042
0.119042
0.119042
0.119042
0.119042
0.119042
0.119042
0.119042
0.119042
0.119042
0.119042
0.119042
0.119042
0.119042
0.119042
0.119042
0.119042
0.119042
0.119042
0.119042
0.119042
0.119042
0.119042
0.119042
0.119042
0.119041
0.119041
0.119041
0.119041
0.119041
0.119041
0.119041
0.119041
0.119041
0.119041
0.119041
0.119041
0.119041
0.119041
0.119041
0.119041
0.119041
0.119041
0.119041
0.119041
0.119041
0.119041
0.119041
0.119041
0.119041
0.119041
0.119041
0.119041
0.119041
0.119041
0.119041
0.119041
0.119041
0.119041
0.119041
0.119041
0.119041
0.119041
0.119041
0.119041
0.119041
0.119041
0.119041
0.119041
0.119041
0.119041
0.119041
0.119041
0.119041
0.119041
0.119041
0.119041
0.119041
0.119041
0.119041
0.119041
0.119041
0.119041
0.119041
0.119041
0.119041
0.119041
0.119041
0.119041
0.119041
0.119041
0.119041
0.119041
0.119041
0.119041
0.119041
0.119041
0.119041
0.119041
0.119041
0.119041
0.119041
0.119041
0.119041
0.119041
0.119041
0.119041
0.119041
0.119041
0.119041
0.119041
0.119041
0.119041
0.119041
0.119041
0.119041
0.119041
0.119041
0.119041
0.119041
0.119041
0.11904
0.11904
0.11904
0.11904
0.11904
0.11904
0.11904
0.11904
0.11904
0.11904
0.11904
0.11904
0.11904
0.11904
0.11904
0.11904
0.11904
0.11904
0.11904
0.11904
0.11904
0.11904
0.11904
0.11904
0.11904
0.11904
0.11904
0.11904
0.11904
0.11904
0.11904
0.11904
0.11904
0.11904
0.11904
0.11904
0.11904
0.11904
0.11904
0.11904
0.11904
0.11904
0.11904
0.11904
0.11904
0.11904
0.11904
0.11904
0.11904
0.11904
0.11904
0.11904
0.11904
0.11904
0.11904
0.11904
0.11904
0.11904
0.11904
0.11904
0.11904
0.11904
0.11904
0.11904
0.11904
0.11904
0.11904
0.11904
0.11904
0.11904
0.11904
0.11904
0.11904
0.11904
0.11904
0.11904
0.11904
0.11904
0.11904
0.11904
0.11904
0.11904
0.11904
0.11904
0.11904
0.11904
0.11904
0.11904
0.11904
0.11904
0.11904
0.11904
0.11904
0.11904
0.11904
0.11904
0.119039
0.119039
0.119039
0.119039
0.119039
0.119039
0.119039
0.119039
0.119039
0.119039
0.119039
0.119039
0.119039
0.119039
0.119039
0.119039
0.119039
0.119039
0.119039
0.119039
0.119039
0.119039
0.119039
0.119039
0.119039
0.119039
0.119039
0.119039
0.119039
0.119039
0.119039
0.119039
0.119039
0.119039
0.119039
0.119039
0.119039
0.119039
0.119039
0.119039
0.119039
0.119039
0.119039
0.119039
0.119039
0.119039
0.119039
0.119039
0.119039
0.119039
0.119039
0.119039
0.119039
0.119039
0.119039
0.119039
0.119039
0.119039
0.119039
0.119039
0.119039
0.119039
0.119039
0.119039
0.119039
0.119039
0.119039
0.119039
0.119039
0.119039
0.119039
0.119039
0.119039
0.119039
0.119039
0.119039
0.119039
0.119039
0.119039
0.119039
0.119039
0.119039
0.119039
0.119039
0.119039
0.119039
0.119039
0.119039
0.119039
0.119039
0.119039
0.119039
0.119039
0.119039
0.119039
0.119039
0.119038
0.119038
0.119038
0.119038
0.119038
0.119038
0.119038
0.119038
0.119038
0.119038
0.119038
0.119038
0.119038
0.119038
0.119038
0.119038
0.119038
0.119038
0.119038
0.119038
0.119038
0.119038
0.119038
0.119038
0.119038
0.119038
0.119038
0.119038
0.119038
0.119038
0.119038
0.119038
0.119038
0.119038
0.119038
0.119038
0.119038
0.119038
0.119038
0.119038
0.119038
0.119038
0.119038
0.119038
0.119038
0.119038
0.119038
0.119038
0.119038
0.119038
0.119038
0.119038
0.119038
0.119038
0.119038
0.119038
0.119038
0.119038
0.119038
0.119038
0.119038
0.119038
0.119038
0.119038
0.119038
0.119038
0.119038
0.119038
0.119038
0.119038
0.119038
0.119038
0.119038
0.119038
0.119038
0.119038
0.119038
0.119038
0.119038
0.119038
0.119038
0.119038
0.119038
0.119038
0.119038
0.119038
0.119038
0.119038
0.119038
0.119038
0.119038
0.119038
0.119038
0.119038
0.119038
0.119038
0.119037
0.119037
0.119037
0.119037
0.119037
0.119037
0.119037
0.119037
0.119037
0.119037
0.119037
0.119037
0.119037
0.119037
0.119037
0.119037
0.119037
0.119037
0.119037
0.119037
0.119037
0.119037
0.119037
0.119037
0.119037
0.119037
0.119037
0.119037
0.119037
0.119037
0.119037
0.119037
0.119037
0.119037
0.119037
0.119037
0.119037
0.119037
0.119037
0.119037
0.119037
0.119037
0.119037
0.119037
0.119037
0.119037
0.119037
0.119037
0.119037
0.119037
0.119037
0.119037
0.119037
0.119037
0.119037
0.119037
0.119037
0.119037
0.119037
0.119037
0.119037
0.119037
0.119037
0.119037
0.119037
0.119037
0.119037
0.119037
0.119037
0.119037
0.119037
0.119037
0.119037
0.119037
0.119037
0.119037
0.119037
0.119037
0.119037
0.119037
0.119037
0.119037
0.119037
0.119037
0.119037
0.119037
0.119037
0.119037
0.119037
0.119037
0.119037
0.119037
0.119037
0.119037
0.119037
0.119037
0.119037
0.119036
0.119036
0.119036
0.119036
0.119036
0.119036
0.119036
0.119036
0.119036
0.119036
0.119036
0.119036
0.119036
0.119036
0.119036
0.119036
0.119036
0.119036
0.119036
0.119036
0.119036
0.119036
0.119036
0.119036
0.119036
0.119036
0.119036
0.119036
0.119036
0.119036
0.119036
0.119036
0.119036
0.119036
0.119036
0.119036
0.119036
0.119036
0.119036
0.119036
0.119036
0.119036
0.119036
0.119036
0.119036
0.119036
0.119036
0.119036
0.119036
0.119036
0.119036
0.119036
0.119036
0.119036
0.119036
0.119036
0.119036
0.119036
0.119036
0.119036
0.119036
0.119036
0.119036
0.119036
0.119036
0.119036
0.119036
0.119036
0.119036
0.119036
0.119036
0.119036
0.119036
0.119036
0.119036
0.119036
0.119036
0.119036
0.119036
0.119036
0.119036
0.119036
0.119036
0.119036
0.119036
0.119036
0.119036
0.119036
0.119036
0.119036
0.119036
0.119036
0.119036
0.119036
0.119036
0.119036
0.119035
0.119035
0.119035
0.119035
0.119035
0.119035
0.119035
0.119035
0.119035
0.119035
0.119035
0.119035
0.119035
0.119035
0.119035
0.119035
0.119035
0.119035
0.119035
0.119035
0.119035
0.119035
0.119035
0.119035
0.119035
0.119035
0.119035
0.119035
0.119035
0.119035
0.119035
0.119035
0.119035
0.119035
0.119035
0.119035
0.119035
0.119035
0.119035
0.119035
0.119035
0.119035
0.119035
0.119035
0.119035
0.119035
0.119035
0.119035
0.119035
0.119035
0.119035
0.119035
0.119035
0.119035
0.119035
0.119035
0.119035
0.119035
0.119035
0.119035
0.119035
0.119035
0.119035
0.119035
0.119035
0.119035
0.119035
0.119035
0.119035
0.119035
0.119035
0.119035
0.119035
0.119035
0.119035
0.119035
0.119035
0.119035
0.119035
0.119035
0.119035
0.119035
0.119035
0.119035
0.119035
0.119035
0.119035
0.119035
0.119035
0.119035
0.119035
0.119035
0.119035
0.119035
0.119035
0.119034
0.119034
0.119034
0.119034
0.119034
0.119034
0.119034
0.119034
0.119034
0.119034
0.119034
0.119034
0.119034
0.119034
0.119034
0.119034
0.119034
0.119034
0.119034
0.119034
0.119034
0.119034
0.119034
0.119034
0.119034
0.119034
0.119034
0.119034
0.119034
0.119034
0.119034
0.119034
0.119034
0.119034
0.119034
0.119034
0.119034
0.119034
0.119034
0.119034
0.119034
0.119034
0.119034
0.119034
0.119034
0.119034
0.119034
0.119034
0.119034
0.119034
0.119034
0.119034
0.119034
0.119034
0.119034
0.119034
0.119034
0.119034
0.119034
0.119034
0.119034
0.119034
0.119034
0.119034
0.119034
0.119034
0.119034
0.119034
0.119034
0.119034
0.119034
0.119034
0.119034
0.119034
0.119034
0.119034
0.119034
0.119034
0.119034
0.119034
0.119034
0.119034
0.119034
0.119034
0.119034
0.119034
0.119034
0.119034
0.119034
0.119034
0.119034
0.119034
0.119034
0.119034
0.119034
0.119034
0.119033
0.119033
0.119033
0.119033
0.119033
0.119033
0.119033
0.119033
0.119033
0.119033
0.119033
0.119033
0.119033
0.119033
0.119033
0.119033
0.119033
0.119033
0.119033
0.119033
0.119033
0.119033
0.119033
0.119033
0.119033
0.119033
0.119033
0.119033
0.119033
0.119033
0.119033
0.119033
0.119033
0.119033
0.119033
0.119033
0.119033
0.119033
0.119033
0.119033
0.119033
0.119033
0.119033
0.119033
0.119033
0.119033
0.119033
0.119033
0.119033
0.119033
0.119033
0.119033
0.119033
0.119033
0.119033
0.119033
0.119033
0.119033
0.119033
0.119033
0.119033
0.119033
0.119033
0.119033
0.119033
0.119033
0.119033
0.119033
0.119033
0.119033
0.119033
0.119033
0.119033
0.119033
0.119033
0.119033
0.119033
0.119033
0.119033
0.119033
0.119033
0.119033
0.119033
0.119033
0.119033
0.119033
0.119033
0.119033
0.119033
0.119033
0.119033
0.119033
0.119033
0.119033
0.119033
0.119032
0.119032
0.119032
0.119032
0.119032
0.119032
0.119032
0.119032
0.119032
0.119032
0.119032
0.119032
0.119032
0.119032
0.119032
0.119032
0.119032
0.119032
0.119032
0.119032
0.119032
0.119032
0.119032
0.119032
0.119032
0.119032
0.119032
0.119032
0.119032
0.119032
0.119032
0.119032
0.119032
0.119032
0.119032
0.119032
0.119032
0.119032
0.119032
0.119032
0.119032
0.119032
0.119032
0.119032
0.119032
0.119032
0.119032
0.119032
0.119032
0.119032
0.119032
0.119032
0.119032
0.119032
0.119032
0.119032
0.119032
0.119032
0.119032
0.119032
0.119032
0.119032
0.119032
0.119032
0.119032
0.119032
0.119032
0.119032
0.119032
0.119032
0.119032
0.119032
0.119032
0.119032
0.119032
0.119032
0.119032
0.119032
0.119032
0.119032
0.119032
0.119032
0.119032
0.119032
0.119032
0.119032
0.119032
0.119032
0.119032
0.119032
0.119032
0.119032
0.119032
0.119032
0.119032
0.119031
0.119031
0.119031
0.119031
0.119031
0.119031
0.119031
0.119031
0.119031
0.119031
0.119031
0.119031
0.119031
0.119031
0.119031
0.119031
0.119031
0.119031
0.119031
0.119031
0.119031
0.119031
0.119031
0.119031
0.119031
0.119031
0.119031
0.119031
0.119031
0.119031
0.119031
0.119031
0.119031
0.119031
0.119031
0.119031
0.119031
0.119031
0.119031
0.119031
0.119031
0.119031
0.119031
0.119031
0.119031
0.119031
0.119031
0.119031
0.119031
0.119031
0.119031
0.119031
0.119031
0.119031
0.119031
0.119031
0.119031
0.119031
0.119031
0.119031
0.119031
0.119031
0.119031
0.119031
0.119031
0.119031
0.119031
0.119031
0.119031
0.119031
0.119031
0.119031
0.119031
0.119031
0.119031
0.119031
0.119031
0.119031
0.119031
0.119031
0.119031
0.119031
0.119031
0.119031
0.119031
0.119031
0.119031
0.119031
0.119031
0.119031
0.119031
0.119031
0.119031
0.119031
0.11903
0.11903
0.11903
0.11903
0.11903
0.11903
0.11903
0.11903
0.11903
0.11903
0.11903
0.11903
0.11903
0.11903
0.11903
0.11903
0.11903
0.11903
0.11903
0.11903
0.11903
0.11903
0.11903
0.11903
0.11903
0.11903
0.11903
0.11903
0.11903
0.11903
0.11903
0.11903
0.11903
0.11903
0.11903
0.11903
0.11903
0.11903
0.11903
0.11903
0.11903
0.11903
0.11903
0.11903
0.11903
0.11903
0.11903
0.11903
0.11903
0.11903
0.11903
0.11903
0.11903
0.11903
0.11903
0.11903
0.11903
0.11903
0.11903
0.11903
0.11903
0.11903
0.11903
0.11903
0.11903
0.11903
0.11903
0.11903
0.11903
0.11903
0.11903
0.11903
0.11903
0.11903
0.11903
0.11903
0.11903
0.11903
0.11903
0.11903
0.11903
0.11903
0.11903
0.11903
0.11903
0.11903
0.11903
0.11903
0.11903
0.11903
0.11903
0.11903
0.11903
0.11903
0.11903
0.119029
0.119029
0.119029
0.119029
0.119029
0.119029
0.119029
0.119029
0.119029
0.119029
0.119029
0.119029
0.119029
0.119029
0.119029
0.119029
0.119029
0.119029
0.119029
0.119029
0.119029
0.119029
0.119029
0.119029
0.119029
0.119029
0.119029
0.119029
0.119029
0.119029
0.119029
0.119029
0.119029
0.119029
0.119029
0.119029
0.119029
0.119029
0.119029
0.119029
0.119029
0.119029
0.119029
0.119029
0.119029
0.119029
0.119029
0.119029
0.119029
0.119029
0.119029
0.119029
0.119029
0.119029
0.119029
0.119029
0.119029
0.119029
0.119029
0.119029
0.119029
0.119029
0.119029
0.119029
0.119029
0.119029
0.119029
0.119029
0.119029
0.119029
0.119029
0.119029
0.119029
0.119029
0.119029
0.119029
0.119029
0.119029
0.119029
0.119029
0.119029
0.119029
0.119029
0.119029
0.119029
0.119029
0.119029
0.119029
0.119029
0.119029
0.119029
0.119029
0.119029
0.119029
0.119028
0.119028
0.119028
0.119028
0.119028
0.119028
0.119028
0.119028
0.119028
0.119028
0.119028
0.119028
0.119028
0.119028
0.119028
0.119028
0.119028
0.119028
0.119028
0.119028
0.119028
0.119028
0.119028
0.119028
0.119028
0.119028
0.119028
0.119028
0.119028
0.119028
0.119028
0.119028
0.119028
0.119028
0.119028
0.119028
0.119028
0.119028
0.119028
0.119028
0.119028
0.119028
0.119028
0.119028
0.119028
0.119028
0.119028
0.119028
0.119028
0.119028
0.119028
0.119028
0.119028
0.119028
0.119028
0.119028
0.119028
0.119028
0.119028
0.119028
0.119028
0.119028
0.119028
0.119028
0.119028
0.119028
0.119028
0.119028
0.119028
0.119028
0.119028
0.119028
0.119028
0.119028
0.119028
0.119028
0.119028
0.119028
0.119028
0.119028
0.119028
0.119028
0.119028
0.119028
0.119028
0.119028
0.119028
0.119028
0.119028
0.119028
0.119028
0.119028
0.119028
0.119028
0.119027
0.119027
0.119027
0.119027
0.119027
0.119027
0.119027
0.119027
0.119027
0.119027
0.119027
0.119027
0.119027
0.119027
0.119027
0.119027
0.119027
0.119027
0.119027
0.119027
0.119027
0.119027
0.119027
0.119027
0.119027
0.119027
0.119027
0.119027
0.119027
0.119027
0.119027
0.119027
0.119027
0.119027
0.119027
0.119027
0.119027
0.119027
0.119027
0.119027
0.119027
0.119027
0.119027
0.119027
0.119027
0.119027
0.119027
0.119027
0.119027
0.119027
0.119027
0.119027
0.119027
0.119027
0.119027
0.119027
0.119027
0.119027
0.119027
0.119027
0.119027
0.119027
0.119027
0.119027
0.119027
0.119027
0.119027
0.119027
0.119027
0.119027
0.119027
0.119027
0.119027
0.119027
0.119027
0.119027
0.119027
0.119027
0.119027
0.119027
0.119027
0.119027
0.119027
0.119027
0.119027
0.119027
0.119027
0.119027
0.119027
0.119027
0.119027
0.119027
0.119027
0.119026
0.119026
0.119026
0.119026
0.119026
0.119026
0.119026
0.119026
0.119026
0.119026
0.119026
0.119026
0.119026
0.119026
0.119026
0.119026
0.119026
0.119026
0.119026
0.119026
0.119026
0.119026
0.119026
0.119026
0.119026
0.119026
0.119026
0.119026
0.119026
0.119026
0.119026
0.119026
0.119026
0.119026
0.119026
0.119026
0.119026
0.119026
0.119026
0.119026
0.119026
0.119026
0.119026
0.119026
0.119026
0.119026
0.119026
0.119026
0.119026
0.119026
0.119026
0.119026
0.119026
0.119026
0.119026
0.119026
0.119026
0.119026
0.119026
0.119026
0.119026
0.119026
0.119026
0.119026
0.119026
0.119026
0.119026
0.119026
0.119026
0.119026
0.119026
0.119026
0.119026
0.119026
0.119026
0.119026
0.119026
0.119026
0.119026
0.119026
0.119026
0.119026
0.119026
0.119026
0.119026
0.119026
0.119026
0.119026
0.119026
0.119026
0.119026
0.119026
0.119026
0.119026
0.119025
0.119025
0.119025
0.119025
0.119025
0.119025
0.119025
0.119025
0.119025
0.119025
0.119025
0.119025
0.119025
0.119025
0.119025
0.119025
0.119025
0.119025
0.119025
0.119025
0.119025
0.119025
0.119025
0.119025
0.119025
0.119025
0.119025
0.119025
0.119025
0.119025
0.119025
0.119025
0.119025
0.119025
0.119025
0.119025
0.119025
0.119025
0.119025
0.119025
0.119025
0.119025
0.119025
0.119025
0.119025
0.119025
0.119025
0.119025
0.119025
0.119025
0.119025
0.119025
0.119025
0.119025
0.119025
0.119025
0.119025
0.119025
0.119025
0.119025
0.119025
0.119025
0.119025
0.119025
0.119025
0.119025
0.119025
0.119025
0.119025
0.119025
0.119025
0.119025
0.119025
0.119025
0.119025
0.119025
0.119025
0.119025
0.119025
0.119025
0.119025
0.119025
0.119025
0.119025
0.119025
0.119025
0.119025
0.119025
0.119025
0.119025
0.119025
0.119025
0.119025
0.119025
0.119024
0.119024
0.119024
0.119024
0.119024
0.119024
0.119024
0.119024
0.119024
0.119024
0.119024
0.119024
0.119024
0.119024
0.119024
0.119024
0.119024
0.119024
0.119024
0.119024
0.119024
0.119024
0.119024
0.119024
0.119024
0.119024
0.119024
0.119024
0.119024
0.119024
0.119024
0.119024
0.119024
0.119024
0.119024
0.119024
0.119024
0.119024
0.119024
0.119024
0.119024
0.119024
0.119024
0.119024
0.119024
0.119024
0.119024
0.119024
0.119024
0.119024
0.119024
0.119024
0.119024
0.119024
0.119024
0.119024
0.119024
0.119024
0.119024
0.119024
0.119024
0.119024
0.119024
0.119024
0.119024
0.119024
0.119024
0.119024
0.119024
0.119024
0.119024
0.119024
0.119024
0.119024
