0.5
0.495025
0.490099
0.485223
0.480395
0.475615
0.470882
0.466197
0.461558
0.456966
0.452419
0.447917
0.44346
0.439048
0.434679
0.430354
0.426072
0.421832
0.417635
0.41348
0.409365
0.405292
0.401259
0.397267
0.393314
0.3894
0.385526
0.38169
0.377892
0.374132
0.370409
0.366723
0.363075
0.359462
0.355885
0.352344
0.348838
0.345367
0.341931
0.338528
0.33516
0.331825
0.328523
0.325255
0.322018
0.318814
0.315642
0.312501
0.309392
0.306313
0.303265
0.300248
0.29726
0.294302
0.291374
0.288475
0.285605
0.282763
0.279949
0.277164
0.274406
0.271675
0.268972
0.266296
0.263646
0.261023
0.258426
0.255854
0.253309
0.250788
0.248293
0.245822
0.243376
0.240955
0.238557
0.236184
0.233834
0.231507
0.229204
0.226923
0.224665
0.22243
0.220217
0.218026
0.215857
0.213709
0.211583
0.209478
0.207394
0.20533
0.203288
0.201265
0.199263
0.197281
0.195318
0.193375
0.191452
0.189548
0.187662
0.185796
0.183948
0.182119
0.180308
0.178516
0.176741
0.174984
0.173245
0.171523
0.169818
0.168131
0.166461
0.164807
0.163171
0.161551
0.159947
0.15836
0.156789
0.155234
0.153695
0.152172
0.150664
0.149172
0.147696
0.146234
0.144789
0.143358
0.141942
0.140541
0.139156
0.137785
0.136428
0.135087
0.13376
0.132447
0.131149
0.129865
0.128596
0.127341
0.1261
0.124874
0.123662
0.122464
0.12128
0.12011
0.118954
0.117813
0.116685
0.115572
0.114473
0.113388
0.112317
0.11126
0.110218
0.10919
0.108176
0.107176
0.106191
0.10522
0.104263
0.103321
0.102393
0.10148
0.100582
0.0996977
0.0988284
0.0979738
0.0971339
0.0963088
0.0954985
0.094703
0.0939224
0.0931566
0.0924057
0.0916698
0.0909487
0.0902425
0.0895511
0.0888747
0.088213
0.0875662
0.0869341
0.0863167
0.0857139
0.0851257
0.0845519
0.0839926
0.0834475
0.0829165
0.0823997
0.0818967
0.0814074
0.0809318
0.0804696
0.0800208
0.079585
0.0791621
0.0787519
0.0783542
0.0779689
0.0775956
0.0772342
0.0768844
0.0765461
0.0762189
0.0759026
0.0755971
0.075302
0.075017
0.0747421
0.0744768
0.074221
0.0739743
0.0737367
0.0735077
0.0732872
0.0730749
0.0728705
0.0726739
0.0724848
0.072303
0.0721281
0.0719601
0.0717986
0.0716435
0.0714946
0.0713516
0.0712143
0.0710825
0.0709561
0.0708348
0.0707185
0.070607
0.0705
0.0703975
0.0702992
0.070205
0.0701148
0.0700283
0.0699455
0.0698662
0.0697903
0.0697176
0.0696479
0.0695813
0.0695175
0.0694565
0.0693981
0.0693422
0.0692887
0.0692375
0.0691886
0.0691418
0.069097
0.0690542
0.0690132
0.0689741
0.0689366
0.0689008
0.0688666
0.0688339
0.0688026
0.0687727
0.0687442
0.0687169
0.0686908
0.0686658
0.068642
0.0686192
0.0685975
0.0685767
0.0685568
0.0685378
0.0685197
0.0685023
0.0684858
0.0684699
0.0684548
0.0684404
0.0684266
0.0684134
0.0684008
0.0683888
0.0683773
0.0683663
0.0683558
0.0683458
0.0683363
0.0683271
0.0683184
0.06831
0.0683021
0.0682945
0.0682872
0.0682802
0.0682736
0.0682673
0.0682612
0.0682554
0.0682499
0.0682446
0.0682395
0.0682347
0.0682301
0.0682257
0.0682214
0.0682174
0.0682136
0.0682099
0.0682063
0.068203
0.0681997
0.0681967
0.0681937
0.0681909
0.0681882
0.0681856
0.0681831
0.0681807
0.0681784
0.0681762
0.0681741
0.0681721
0.0681702
0.0681684
0.0681666
0.0681649
0.0681632
0.0681617
0.0681601
0.0681587
0.0681573
0.0681559
0.0681546
0.0681534
0.0681521
0.068151
0.0681498
0.0681487
0.0681477
0.0681466
0.0681456
0.0681447
0.0681437
0.0681428
0.0681419
0.0681411
0.0681402
0.0681394
0.0681386
0.0681378
0.068137
0.0681362
0.0681355
0.0681348
0.068134
0.0681333
0.0681326
0.0681319
0.0681313
0.0681306
0.0681299
0.0681292
0.0681286
0.0681279
0.0681273
0.0681266
0.068126
0.0681253
0.0681247
0.068124
0.0681234
0.0681228
0.0681221
0.0681215
0.0681208
0.0681202
0.0681195
0.0681189
0.0681182
0.0681175
0.0681169
0.0681162
0.0681155
0.0681148
0.0681141
0.0681134
0.0681127
0.068112
0.0681113
0.0681106
0.0681098
0.0681091
0.0681084
0.0681076
0.0681068
0.0681061
0.0681053
0.0681045
0.0681037
0.0681029
0.0681021
0.0681013
0.0681004
0.0680996
0.0680987
0.0680979
0.068097
0.0680961
0.0680952
0.0680943
0.0680934
0.0680924
0.0680915
0.0680905
0.0680896
0.0680886
0.0680876
0.0680866
0.0680856
0.0680846
0.0680835
0.0680825
0.0680814
0.0680804
0.0680793
0.0680782
0.0680771
0.068076
0.0680748
0.0680737
0.0680725
0.0680714
0.0680702
0.068069
0.0680678
0.0680665
0.0680653
0.0680641
0.0680628
0.0680615
0.0680602
0.0680589
0.0680576
0.0680563
0.0680549
0.0680536
0.0680522
0.0680508
0.0680494
0.068048
0.0680466
0.0680452
0.0680437
0.0680422
0.0680408
0.0680393
0.0680378
0.0680363
0.0680347
0.0680332
0.0680316
0.06803
0.0680284
0.0680268
0.0680252
0.0680236
0.068022
0.0680203
0.0680186
0.0680169
0.0680152
0.0680135
0.0680118
0.0680101
0.0680083
0.0680065
0.0680047
0.068003
0.0680011
0.0679993
0.0679975
0.0679956
0.0679938
0.0679919
0.06799
0.0679881
0.0679861
0.0679842
0.0679823
0.0679803
0.0679783
0.0679763
0.0679743
0.0679723
0.0679703
0.0679682
0.0679661
0.0679641
0.067962
0.0679599
0.0679577
0.0679556
0.0679535
0.0679513
0.0679491
0.067947
0.0679447
0.0679425
0.0679403
0.0679381
0.0679358
0.0679335
0.0679313
0.067929
0.0679266
0.0679243
0.067922
0.0679196
0.0679173
0.0679149
0.0679125
0.0679101
0.0679077
0.0679052
0.0679028
0.0679003
0.0678979
0.0678954
0.0678929
0.0678904
0.0678878
0.0678853
0.0678827
0.0678802
0.0678776
0.067875
0.0678724
0.0678698
0.0678672
0.0678645
0.0678618
0.0678592
0.0678565
0.0678538
0.0678511
0.0678484
0.0678456
0.0678429
0.0678401
0.0678374
0.0678346
0.0678318
0.067829
0.0678261
0.0678233
0.0678204
0.0678176
0.0678147
0.0678118
0.0678089
0.067806
0.0678031
0.0678002
0.0677972
0.0677942
0.0677913
0.0677883
0.0677853
0.0677823
0.0677793
0.0677762
0.0677732
0.0677701
0.0677671
0.067764
0.0677609
0.0677578
0.0677547
0.0677515
0.0677484
0.0677452
0.0677421
0.0677389
0.0677357
0.0677325
0.0677293
0.0677261
0.0677228
0.0677196
0.0677163
0.0677131
0.0677098
0.0677065
0.0677032
0.0676999
0.0676966
0.0676932
0.0676899
0.0676865
0.0676831
0.0676798
0.0676764
0.067673
0.0676696
0.0676661
0.0676627
0.0676593
0.0676558
0.0676523
0.0676489
0.0676454
0.0676419
0.0676384
0.0676348
0.0676313
0.0676278
0.0676242
0.0676207
0.0676171
0.0676135
0.0676099
0.0676063
0.0676027
0.0675991
0.0675954
0.0675918
0.0675881
0.0675845
0.0675808
0.0675771
0.0675734
0.0675697
0.067566
0.0675623
0.0675586
0.0675548
0.0675511
0.0675473
0.0675435
0.0675397
0.067536
0.0675322
0.0675283
0.0675245
0.0675207
0.0675169
0.067513
0.0675092
0.0675053
0.0675014
0.0674975
0.0674936
0.0674897
0.0674858
0.0674819
0.067478
0.067474
0.0674701
0.0674661
0.0674622
0.0674582
0.0674542
0.0674502
0.0674462
0.0674422
0.0674382
0.0674342
0.0674301
0.0674261
0.067422
0.067418
0.0674139
0.0674098
0.0674057
0.0674016
0.0673975
0.0673934
0.0673893
0.0673852
0.067381
0.0673769
0.0673727
0.0673686
0.0673644
0.0673602
0.0673561
0.0673519
0.0673477
0.0673435
0.0673392
0.067335
0.0673308
0.0673265
0.0673223
0.067318
0.0673138
0.0673095
0.0673052
0.067301
0.0672967
0.0672924
0.0672881
0.0672837
0.0672794
0.0672751
0.0672708
0.0672664
0.0672621
0.0672577
0.0672533
0.067249
0.0672446
0.0672402
0.0672358
0.0672314
0.067227
0.0672226
0.0672182
0.0672137
0.0672093
0.0672048
0.0672004
0.0671959
0.0671915
0.067187
0.0671825
0.067178
0.0671736
0.0671691
0.0671646
0.06716
0.0671555
0.067151
0.0671465
0.0671419
0.0671374
0.0671329
0.0671283
0.0671237
0.0671192
0.0671146
0.06711
0.0671054
0.0671008
0.0670962
0.0670916
0.067087
0.0670824
0.0670778
0.0670732
0.0670685
0.0670639
0.0670592
0.0670546
0.0670499
0.0670453
0.0670406
0.0670359
0.0670312
0.0670265
0.0670218
0.0670171
0.0670124
0.0670077
0.067003
0.0669983
0.0669936
0.0669888
0.0669841
0.0669794
0.0669746
0.0669699
0.0669651
0.0669603
0.0669556
0.0669508
0.066946
0.0669412
0.0669364
0.0669316
0.0669268
0.066922
0.0669172
0.0669124
0.0669076
0.0669027
0.0668979
0.0668931
0.0668882
0.0668834
0.0668785
0.0668736
0.0668688
0.0668639
0.066859
0.0668542
0.0668493
0.0668444
0.0668395
0.0668346
0.0668297
0.0668248
0.0668199
0.066815
0.06681
0.0668051
0.0668002
0.0667952
0.0667903
0.0667854
0.0667804
0.0667755
0.0667705
0.0667655
0.0667606
0.0667556
0.0667506
0.0667456
0.0667406
0.0667357
0.0667307
0.0667257
0.0667207
0.0667157
0.0667106
0.0667056
0.0667006
0.0666956
0.0666906
0.0666855
0.0666805
0.0666754
0.0666704
0.0666653
0.0666603
0.0666552
0.0666502
0.0666451
0.06664
0.066635
0.0666299
0.0666248
0.0666197
0.0666146
0.0666095
0.0666044
0.0665993
0.0665942
0.0665891
0.066584
0.0665789
0.0665738
0.0665686
0.0665635
0.0665584
0.0665532
0.0665481
0.0665429
0.0665378
0.0665326
0.0665275
0.0665223
0.0665172
0.066512
0.0665068
0.0665017
0.0664965
0.0664913
0.0664861
0.0664809
0.0664757
0.0664705
0.0664653
0.0664601
0.0664549
0.0664497
0.0664445
0.0664393
0.0664341
0.0664288
0.0664236
0.0664184
0.0664131
0.0664079
0.0664027
0.0663974
0.0663922
0.0663869
0.0663817
0.0663764
0.0663712
0.0663659
0.0663606
0.0663554
0.0663501
0.0663448
0.0663395
0.0663342
0.0663289
0.0663237
0.0663184
0.0663131
0.0663078
0.0663025
0.0662972
0.0662918
0.0662865
0.0662812
0.0662759
0.0662706
0.0662653
0.0662599
0.0662546
0.0662493
0.0662439
0.0662386
0.0662332
0.0662279
0.0662225
0.0662172
0.0662118
0.0662065
0.0662011
0.0661957
0.0661904
0.066185
0.0661796
0.0661743
0.0661689
0.0661635
0.0661581
0.0661527
0.0661473
0.0661419
0.0661365
0.0661311
0.0661257
0.0661203
0.0661149
0.0661095
0.0661041
0.0660987
0.0660932
0.0660878
0.0660824
0.066077
0.0660715
0.0660661
0.0660607
0.0660552
0.0660498
0.0660443
0.0660389
0.0660334
0.066028
0.0660225
0.0660171
0.0660116
0.0660061
0.0660007
0.0659952
0.0659897
0.0659843
0.0659788
0.0659733
0.0659678
0.0659623
0.0659568
0.0659513
0.0659458
0.0659403
0.0659348
0.0659293
0.0659238
0.0659183
0.0659128
0.0659073
0.0659018
0.0658963
0.0658907
0.0658852
0.0658797
0.0658742
0.0658686
0.0658631
0.0658576
0.065852
0.0658465
0.0658409
0.0658354
0.0658298
0.0658243
0.0658187
0.0658132
0.0658076
0.065802
0.0657965
0.0657909
0.0657853
0.0657798
0.0657742
0.0657686
0.065763
0.0657574
0.0657519
0.0657463
0.0657407
0.0657351
0.0657295
0.0657239
0.0657183
0.0657127
0.0657071
0.0657015
0.0656959
0.0656902
0.0656846
0.065679
0.0656734
0.0656678
0.0656621
0.0656565
0.0656509
0.0656452
0.0656396
0.065634
0.0656283
0.0656227
0.065617
0.0656114
0.0656057
0.0656001
0.0655944
0.0655887
0.0655831
0.0655774
0.0655718
0.0655661
0.0655604
0.0655547
0.0655491
0.0655434
0.0655377
0.065532
0.0655263
0.0655206
0.0655149
0.0655092
0.0655035
0.0654978
0.0654921
0.0654864
0.0654807
0.065475
0.0654693
0.0654636
0.0654579
0.0654522
0.0654464
0.0654407
0.065435
0.0654293
0.0654235
0.0654178
0.0654121
0.0654063
0.0654006
0.0653948
0.0653891
0.0653833
0.0653776
0.0653718
0.0653661
0.0653603
0.0653545
0.0653488
0.065343
0.0653372
0.0653315
0.0653257
0.0653199
0.0653141
0.0653084
0.0653026
0.0652968
0.065291
0.0652852
0.0652794
0.0652736
0.0652678
0.065262
0.0652562
0.0652504
0.0652446
0.0652388
0.065233
0.0652271
0.0652213
0.0652155
0.0652097
0.0652038
0.065198
0.0651922
0.0651864
0.0651805
0.0651747
0.0651688
0.065163
0.0651571
0.0651513
0.0651454
0.0651396
0.0651337
0.0651279
0.065122
0.0651161
0.0651103
0.0651044
0.0650985
0.0650927
0.0650868
0.0650809
0.065075
0.0650691
0.0650632
0.0650573
0.0650515
0.0650456
0.0650397
0.0650338
0.0650279
0.065022
0.065016
0.0650101
0.0650042
0.0649983
0.0649924
0.0649865
0.0649805
0.0649746
0.0649687
0.0649628
0.0649568
0.0649509
0.0649449
0.064939
0.0649331
0.0649271
0.0649212
0.0649152
0.0649093
0.0649033
0.0648973
0.0648914
0.0648854
0.0648794
0.0648735
0.0648675
0.0648615
0.0648555
0.0648496
0.0648436
0.0648376
0.0648316
0.0648256
0.0648196
0.0648136
0.0648076
0.0648016
0.0647956
0.0647896
0.0647836
0.0647776
0.0647716
0.0647656
0.0647595
0.0647535
0.0647475
0.0647415
0.0647354
0.0647294
0.0647234
0.0647173
0.0647113
0.0647052
0.0646992
0.0646931
0.0646871
0.064681
0.064675
0.0646689
0.0646629
0.0646568
0.0646507
0.0646447
0.0646386
0.0646325
0.0646264
0.0646203
0.0646143
0.0646082
0.0646021
0.064596
0.0645899
0.0645838
0.0645777
0.0645716
0.0645655
0.0645594
0.0645533
0.0645472
0.064541
0.0645349
0.0645288
0.0645227
0.0645165
0.0645104
0.0645043
0.0644981
0.064492
0.0644859
0.0644797
0.0644736
0.0644674
0.0644613
0.0644551
0.064449
0.0644428
0.0644366
0.0644305
0.0644243
0.0644181
0.064412
0.0644058
0.0643996
0.0643934
0.0643872
0.0643811
0.0643749
0.0643687
0.0643625
0.0643563
0.0643501
0.0643439
0.0643377
0.0643315
0.0643253
0.064319
0.0643128
0.0643066
0.0643004
0.0642942
0.0642879
0.0642817
0.0642755
0.0642692
0.064263
0.0642567
0.0642505
0.0642442
0.064238
0.0642317
0.0642255
0.0642192
0.064213
0.0642067
0.0642004
0.0641942
0.0641879
0.0641816
0.0641753
0.0641691
0.0641628
0.0641565
0.0641502
0.0641439
0.0641376
0.0641313
0.064125
0.0641187
0.0641124
0.0641061
0.0640998
0.0640935
0.0640872
0.0640808
0.0640745
0.0640682
0.0640619
0.0640555
0.0640492
0.0640429
0.0640365
0.0640302
0.0640238
0.0640175
0.0640111
0.0640048
0.0639984
0.0639921
0.0639857
0.0639793
0.063973
0.0639666
0.0639602
0.0639539
0.0639475
0.0639411
0.0639347
0.0639283
0.0639219
0.0639156
0.0639092
0.0639028
0.0638964
0.06389
0.0638836
0.0638771
0.0638707
0.0638643
0.0638579
0.0638515
0.0638451
0.0638386
0.0638322
0.0638258
0.0638193
0.0638129
0.0638065
0.0638
0.0637936
0.0637871
0.0637807
0.0637742
0.0637678
0.0637613
0.0637549
0.0637484
0.0637419
0.0637355
0.063729
0.0637225
0.063716
0.0637096
0.0637031
0.0636966
0.0636901
0.0636836
0.0636771
0.0636706
0.0636641
0.0636576
0.0636511
0.0636446
0.0636381
0.0636316
0.0636251
0.0636185
0.063612
0.0636055
0.063599
0.0635924
0.0635859
0.0635794
0.0635728
0.0635663
0.0635598
0.0635532
0.0635467
0.0635401
0.0635336
0.063527
0.0635204
0.0635139
0.0635073
0.0635008
0.0634942
0.0634876
0.063481
0.0634745
0.0634679
0.0634613
0.0634547
0.0634481
0.0634415
0.0634349
0.0634283
0.0634217
0.0634151
0.0634085
0.0634019
0.0633953
0.0633887
0.0633821
0.0633755
0.0633688
0.0633622
0.0633556
0.063349
0.0633423
0.0633357
0.0633291
0.0633224
0.0633158
0.0633091
0.0633025
0.0632958
0.0632892
0.0632825
0.0632759
0.0632692
0.0632626
0.0632559
0.0632492
0.0632426
0.0632359
0.0632292
0.0632225
0.0632159
0.0632092
0.0632025
0.0631958
0.0631891
0.0631824
0.0631757
0.063169
0.0631623
0.0631556
0.0631489
0.0631422
0.0631355
0.0631288
0.0631221
0.0631153
0.0631086
0.0631019
0.0630952
0.0630884
0.0630817
0.063075
0.0630682
0.0630615
0.0630548
0.063048
0.0630413
0.0630345
0.0630278
0.063021
0.0630143
0.0630075
0.0630007
0.062994
0.0629872
0.0629804
0.0629737
0.0629669
0.0629601
0.0629534
0.0629466
0.0629398
0.062933
0.0629262
0.0629194
0.0629126
0.0629058
0.062899
0.0628922
0.0628854
0.0628786
0.0628718
0.062865
0.0628582
0.0628514
0.0628446
0.0628378
0.062831
0.0628241
0.0628173
0.0628105
0.0628036
0.0627968
0.06279
0.0627831
0.0627763
0.0627695
0.0627626
0.0627558
0.0627489
0.0627421
0.0627352
0.0627284
0.0627215
0.0627147
0.0627078
0.0627009
0.0626941
0.0626872
0.0626803
0.0626735
0.0626666
0.0626597
0.0626528
0.0626459
0.0626391
0.0626322
0.0626253
0.0626184
0.0626115
0.0626046
0.0625977
0.0625908
0.0625839
0.062577
0.0625701
0.0625632
0.0625563
0.0625494
0.0625425
0.0625356
0.0625286
0.0625217
0.0625148
0.0625079
0.062501
0.062494
0.0624871
0.0624802
0.0624732
0.0624663
0.0624594
0.0624524
0.0624455
0.0624385
0.0624316
0.0624247
0.0624177
0.0624108
0.0624038
0.0623968
0.0623899
0.0623829
0.062376
0.062369
0.062362
0.0623551
0.0623481
0.0623411
0.0623342
0.0623272
0.0623202
0.0623132
0.0623063
0.0622993
0.0622923
0.0622853
0.0622783
0.0622713
0.0622643
0.0622574
0.0622504
0.0622434
0.0622364
0.0622294
0.0622224
0.0622154
0.0622084
0.0622013
0.0621943
0.0621873
0.0621803
0.0621733
0.0621663
0.0621593
0.0621523
0.0621452
0.0621382
0.0621312
0.0621242
0.0621171
0.0621101
0.0621031
0.062096
0.062089
0.062082
0.0620749
0.0620679
0.0620609
0.0620538
0.0620468
0.0620397
0.0620327
0.0620256
0.0620186
0.0620115
0.0620045
0.0619974
0.0619904
0.0619833
0.0619763
0.0619692
0.0619622
0.0619551
0.061948
0.061941
0.0619339
0.0619268
0.0619198
0.0619127
0.0619056
0.0618985
0.0618915
0.0618844
0.0618773
0.0618702
0.0618631
0.0618561
0.061849
0.0618419
0.0618348
0.0618277
0.0618206
0.0618135
0.0618065
0.0617994
0.0617923
0.0617852
0.0617781
0.061771
0.0617639
0.0617568
0.0617497
0.0617426
0.0617355
0.0617284
0.0617213
0.0617142
0.0617071
0.0616999
0.0616928
0.0616857
0.0616786
0.0616715
0.0616644
0.0616573
0.0616501
0.061643
0.0616359
0.0616288
0.0616217
0.0616145
0.0616074
0.0616003
0.0615932
0.0615861
0.0615789
0.0615718
0.0615647
0.0615575
0.0615504
0.0615433
0.0615361
0.061529
0.0615219
0.0615147
0.0615076
0.0615005
0.0614933
0.0614862
0.061479
0.0614719
0.0614648
0.0614576
0.0614505
0.0614433
0.0614362
0.061429
0.0614219
0.0614148
0.0614076
0.0614005
0.0613933
0.0613862
0.061379
0.0613719
0.0613647
0.0613576
0.0613504
0.0613432
0.0613361
0.0613289
0.0613218
0.0613146
0.0613075
0.0613003
0.0612932
0.061286
0.0612788
0.0612717
0.0612645
0.0612574
0.0612502
0.061243
0.0612359
0.0612287
0.0612215
0.0612144
0.0612072
0.0612001
0.0611929
0.0611857
0.0611786
0.0611714
0.0611642
0.0611571
0.0611499
0.0611427
0.0611356
0.0611284
0.0611212
0.061114
0.0611069
0.0610997
0.0610925
0.0610854
0.0610782
0.061071
0.0610639
0.0610567
0.0610495
0.0610423
0.0610352
0.061028
0.0610208
0.0610137
0.0610065
0.0609993
0.0609921
0.060985
0.0609778
0.0609706
0.0609635
0.0609563
0.0609491
0.0609419
0.0609348
0.0609276
0.0609204
0.0609133
0.0609061
0.0608989
0.0608917
0.0608846
0.0608774
0.0608702
0.060863
0.0608559
0.0608487
0.0608415
0.0608344
0.0608272
0.06082
0.0608128
0.0608057
0.0607985
0.0607913
0.0607842
0.060777
0.0607698
0.0607627
0.0607555
0.0607483
0.0607412
0.060734
0.0607268
0.0607196
0.0607125
0.0607053
0.0606981
0.060691
0.0606838
0.0606767
0.0606695
0.0606623
0.0606552
0.060648
0.0606408
0.0606337
0.0606265
0.0606194
0.0606122
0.060605
0.0605979
0.0605907
0.0605836
0.0605764
0.0605692
0.0605621
0.0605549
0.0605478
0.0605406
0.0605335
0.0605263
0.0605192
0.060512
0.0605049
0.0604977
0.0604906
0.0604834
0.0604763
0.0604691
0.060462
0.0604548
0.0604477
0.0604405
0.0604334
0.0604263
0.0604191
0.060412
0.0604048
0.0603977
0.0603906
0.0603834
0.0603763
0.0603692
0.060362
0.0603549
0.0603478
0.0603406
0.0603335
0.0603264
0.0603192
0.0603121
0.060305
0.0602979
0.0602907
0.0602836
0.0602765
0.0602694
0.0602623
0.0602551
0.060248
0.0602409
0.0602338
0.0602267
0.0602196
0.0602125
0.0602054
0.0601983
0.0601912
0.060184
0.0601769
0.0601698
0.0601627
0.0601556
0.0601485
0.0601415
0.0601344
0.0601273
0.0601202
0.0601131
0.060106
0.0600989
0.0600918
0.0600847
0.0600777
0.0600706
0.0600635
0.0600564
0.0600493
0.0600423
0.0600352
0.0600281
0.0600211
0.060014
0.0600069
0.0599999
0.0599928
0.0599857
0.0599787
0.0599716
0.0599646
0.0599575
0.0599505
0.0599434
0.0599364
0.0599293
0.0599223
0.0599152
0.0599082
0.0599011
0.0598941
0.0598871
0.05988
0.059873
0.059866
0.0598589
0.0598519
0.0598449
0.0598379
0.0598309
0.0598238
0.0598168
0.0598098
0.0598028
0.0597958
0.0597888
0.0597818
0.0597748
0.0597678
0.0597608
0.0597538
0.0597468
0.0597398
0.0597328
0.0597258
0.0597188
0.0597119
0.0597049
0.0596979
0.0596909
0.0596839
0.059677
0.05967
0.059663
0.0596561
0.0596491
0.0596422
0.0596352
0.0596282
0.0596213
0.0596143
0.0596074
0.0596004
0.0595935
0.0595866
0.0595796
0.0595727
0.0595658
0.0595588
0.0595519
0.059545
0.0595381
0.0595311
0.0595242
0.0595173
0.0595104
0.0595035
0.0594966
0.0594897
0.0594828
0.0594759
0.059469
0.0594621
0.0594552
0.0594483
0.0594415
0.0594346
0.0594277
0.0594208
0.059414
0.0594071
0.0594002
0.0593934
0.0593865
0.0593797
0.0593728
0.0593659
0.0593591
0.0593523
0.0593454
0.0593386
0.0593317
0.0593249
0.0593181
0.0593113
0.0593044
0.0592976
0.0592908
0.059284
0.0592772
0.0592704
0.0592636
0.0592568
0.05925
0.0592432
0.0592364
0.0592296
0.0592228
0.059216
0.0592093
0.0592025
0.0591957
0.0591889
0.0591822
0.0591754
0.0591687
0.0591619
0.0591552
0.0591484
0.0591417
0.0591349
0.0591282
0.0591215
0.0591147
0.059108
0.0591013
0.0590946
0.0590879
0.0590812
0.0590744
0.0590677
0.059061
0.0590543
0.0590477
0.059041
0.0590343
0.0590276
0.0590209
0.0590142
0.0590076
0.0590009
0.0589943
0.0589876
0.0589809
0.0589743
0.0589676
0.058961
0.0589544
0.0589477
0.0589411
0.0589345
0.0589278
0.0589212
0.0589146
0.058908
0.0589014
0.0588948
0.0588882
0.0588816
0.058875
0.0588684
0.0588618
0.0588552
0.0588487
0.0588421
0.0588355
0.058829
0.0588224
0.0588159
0.0588093
0.0588028
0.0587962
0.0587897
0.0587831
0.0587766
0.0587701
0.0587636
0.0587571
0.0587505
0.058744
0.0587375
0.058731
0.0587245
0.0587181
0.0587116
0.0587051
0.0586986
0.0586921
0.0586857
0.0586792
0.0586727
0.0586663
0.0586598
0.0586534
0.058647
0.0586405
0.0586341
0.0586277
0.0586212
0.0586148
0.0586084
0.058602
0.0585956
0.0585892
0.0585828
0.0585764
0.05857
0.0585636
0.0585573
0.0585509
0.0585445
0.0585382
0.0585318
0.0585255
0.0585191
0.0585128
0.0585064
0.0585001
0.0584938
0.0584874
0.0584811
0.0584748
0.0584685
0.0584622
0.0584559
0.0584496
0.0584433
0.058437
0.0584308
0.0584245
0.0584182
0.058412
0.0584057
0.0583994
0.0583932
0.058387
0.0583807
0.0583745
0.0583683
0.058362
0.0583558
0.0583496
0.0583434
0.0583372
0.058331
0.0583248
0.0583186
0.0583124
0.0583063
0.0583001
0.0582939
0.0582878
0.0582816
0.0582754
0.0582693
0.0582632
0.058257
0.0582509
0.0582448
0.0582387
0.0582325
0.0582264
0.0582203
0.0582142
0.0582081
0.0582021
0.058196
0.0581899
0.0581838
0.0581778
0.0581717
0.0581657
0.0581596
0.0581536
0.0581475
0.0581415
0.0581355
0.0581295
0.0581234
0.0581174
0.0581114
0.0581054
0.0580995
0.0580935
0.0580875
0.0580815
0.0580755
0.0580696
0.0580636
0.0580577
0.0580517
0.0580458
0.0580398
0.0580339
0.058028
0.0580221
0.0580162
0.0580103
0.0580044
0.0579985
0.0579926
0.0579867
0.0579808
0.0579749
0.0579691
0.0579632
0.0579574
0.0579515
0.0579457
0.0579398
0.057934
0.0579282
0.0579224
0.0579166
0.0579108
0.057905
0.0578992
0.0578934
0.0578876
0.0578818
0.0578761
0.0578703
0.0578645
0.0578588
0.057853
0.0578473
0.0578416
0.0578358
0.0578301
0.0578244
0.0578187
0.057813
0.0578073
0.0578016
0.0577959
0.0577902
0.0577846
0.0577789
0.0577732
0.0577676
0.0577619
0.0577563
0.0577507
0.057745
0.0577394
0.0577338
0.0577282
0.0577226
0.057717
0.0577114
0.0577058
0.0577002
0.0576947
0.0576891
0.0576835
0.057678
0.0576724
0.0576669
0.0576614
0.0576558
0.0576503
0.0576448
0.0576393
0.0576338
0.0576283
0.0576228
0.0576173
0.0576119
0.0576064
0.0576009
0.0575955
0.05759
0.0575846
0.0575791
0.0575737
0.0575683
0.0575629
0.0575575
0.0575521
0.0575467
0.0575413
0.0575359
0.0575305
0.0575251
0.0575198
0.0575144
0.0575091
0.0575037
0.0574984
0.0574931
0.0574877
0.0574824
0.0574771
0.0574718
0.0574665
0.0574612
0.0574559
0.0574506
0.0574454
0.0574401
0.0574348
0.0574296
0.0574244
0.0574191
0.0574139
0.0574087
0.0574034
0.0573982
0.057393
0.0573878
0.0573826
0.0573775
0.0573723
0.0573671
0.0573619
0.0573568
0.0573516
0.0573465
0.0573414
0.0573362
0.0573311
0.057326
0.0573209
0.0573158
0.0573107
0.0573056
0.0573005
0.0572954
0.0572904
0.0572853
0.0572803
0.0572752
0.0572702
0.0572651
0.0572601
0.0572551
0.0572501
0.0572451
0.0572401
0.0572351
0.0572301
0.0572251
0.0572202
0.0572152
0.0572102
0.0572053
0.0572004
0.0571954
0.0571905
0.0571856
0.0571807
0.0571757
0.0571708
0.057166
0.0571611
0.0571562
0.0571513
0.0571464
0.0571416
0.0571367
0.0571319
0.0571271
0.0571222
0.0571174
0.0571126
0.0571078
0.057103
0.0570982
0.0570934
0.0570886
0.0570838
0.0570791
0.0570743
0.0570696
0.0570648
0.0570601
0.0570554
0.0570506
0.0570459
0.0570412
0.0570365
0.0570318
0.0570271
0.0570224
0.0570178
0.0570131
0.0570084
0.0570038
0.0569991
0.0569945
0.0569899
0.0569853
0.0569806
0.056976
0.0569714
0.0569668
0.0569622
0.0569577
0.0569531
0.0569485
0.056944
0.0569394
0.0569349
0.0569303
0.0569258
0.0569213
0.0569168
0.0569123
0.0569078
0.0569033
0.0568988
0.0568943
0.0568898
0.0568854
0.0568809
0.0568765
0.056872
0.0568676
0.0568631
0.0568587
0.0568543
0.0568499
0.0568455
0.0568411
0.0568367
0.0568323
0.056828
0.0568236
0.0568193
0.0568149
0.0568106
0.0568062
0.0568019
0.0567976
0.0567933
0.056789
0.0567847
0.0567804
0.0567761
0.0567718
0.0567676
0.0567633
0.056759
0.0567548
0.0567506
0.0567463
0.0567421
0.0567379
0.0567337
0.0567295
0.0567253
0.0567211
0.0567169
0.0567127
0.0567086
0.0567044
0.0567002
0.0566961
0.056692
0.0566878
0.0566837
0.0566796
0.0566755
0.0566714
0.0566673
0.0566632
0.0566591
0.0566551
0.056651
0.0566469
0.0566429
0.0566388
0.0566348
0.0566308
0.0566268
0.0566228
0.0566187
0.0566148
0.0566108
0.0566068
0.0566028
0.0565988
0.0565949
0.0565909
0.056587
0.056583
0.0565791
0.0565752
0.0565713
0.0565673
0.0565634
0.0565595
0.0565557
0.0565518
0.0565479
0.056544
0.0565402
0.0565363
0.0565325
0.0565286
0.0565248
0.056521
0.0565172
0.0565134
0.0565096
0.0565058
0.056502
0.0564982
0.0564944
0.0564907
0.0564869
0.0564832
0.0564794
0.0564757
0.056472
0.0564682
0.0564645
0.0564608
0.0564571
0.0564534
0.0564498
0.0564461
0.0564424
0.0564387
0.0564351
0.0564314
0.0564278
0.0564242
0.0564205
0.0564169
0.0564133
0.0564097
0.0564061
0.0564025
0.0563989
0.0563954
0.0563918
0.0563882
0.0563847
0.0563812
0.0563776
0.0563741
0.0563706
0.056367
0.0563635
0.05636
0.0563565
0.0563531
0.0563496
0.0563461
0.0563426
0.0563392
0.0563357
0.0563323
0.0563288
0.0563254
0.056322
0.0563186
0.0563152
0.0563118
0.0563084
0.056305
0.0563016
0.0562982
0.0562949
0.0562915
0.0562882
0.0562848
0.0562815
0.0562782
0.0562748
0.0562715
0.0562682
0.0562649
0.0562616
0.0562584
0.0562551
0.0562518
0.0562485
0.0562453
0.056242
0.0562388
0.0562356
0.0562323
0.0562291
0.0562259
0.0562227
0.0562195
0.0562163
0.0562131
0.0562099
0.0562068
0.0562036
0.0562005
0.0561973
0.0561942
0.056191
0.0561879
0.0561848
0.0561817
0.0561786
0.0561755
0.0561724
0.0561693
0.0561662
0.0561631
0.0561601
0.056157
0.056154
0.0561509
0.0561479
0.0561449
0.0561419
0.0561388
0.0561358
0.0561328
0.0561298
0.0561269
0.0561239
0.0561209
0.0561179
0.056115
0.056112
0.0561091
0.0561062
0.0561032
0.0561003
0.0560974
0.0560945
0.0560916
0.0560887
0.0560858
0.0560829
0.0560801
0.0560772
0.0560743
0.0560715
0.0560686
0.0560658
0.056063
0.0560602
0.0560573
0.0560545
0.0560517
0.0560489
0.0560461
0.0560434
0.0560406
0.0560378
0.0560351
0.0560323
0.0560296
0.0560268
0.0560241
0.0560214
0.0560186
0.0560159
0.0560132
0.0560105
0.0560078
0.0560051
0.0560025
0.0559998
0.0559971
0.0559945
0.0559918
0.0559892
0.0559865
0.0559839
0.0559813
0.0559787
0.0559761
0.0559735
0.0559709
0.0559683
0.0559657
0.0559631
0.0559606
0.055958
0.0559554
0.0559529
0.0559504
0.0559478
0.0559453
0.0559428
0.0559403
0.0559378
0.0559353
0.0559328
0.0559303
0.0559278
0.0559253
0.0559229
0.0559204
0.0559179
0.0559155
0.0559131
0.0559106
0.0559082
0.0559058
0.0559034
0.055901
0.0558986
0.0558962
0.0558938
0.0558914
0.055889
0.0558867
0.0558843
0.055882
0.0558796
0.0558773
0.0558749
0.0558726
0.0558703
0.055868
0.0558657
0.0558634
0.0558611
0.0558588
0.0558565
0.0558543
0.055852
0.0558497
0.0558475
0.0558452
0.055843
0.0558408
0.0558385
0.0558363
0.0558341
0.0558319
0.0558297
0.0558275
0.0558253
0.0558231
0.055821
0.0558188
0.0558166
0.0558145
0.0558123
0.0558102
0.0558081
0.0558059
0.0558038
0.0558017
0.0557996
0.0557975
0.0557954
0.0557933
0.0557912
0.0557891
0.0557871
0.055785
0.0557829
0.0557809
0.0557788
0.0557768
0.0557748
0.0557728
0.0557707
0.0557687
0.0557667
0.0557647
0.0557627
0.0557607
0.0557588
0.0557568
0.0557548
0.0557529
0.0557509
0.055749
0.055747
0.0557451
0.0557431
0.0557412
0.0557393
0.0557374
0.0557355
0.0557336
0.0557317
0.0557298
0.0557279
0.0557261
0.0557242
0.0557223
0.0557205
0.0557186
0.0557168
0.055715
0.0557131
0.0557113
0.0557095
0.0557077
0.0557059
0.0557041
0.0557023
0.0557005
0.0556987
0.0556969
0.0556952
0.0556934
0.0556917
0.0556899
0.0556882
0.0556864
0.0556847
0.055683
0.0556813
0.0556795
0.0556778
0.0556761
0.0556744
0.0556728
0.0556711
0.0556694
0.0556677
0.0556661
0.0556644
0.0556628
0.0556611
0.0556595
0.0556578
0.0556562
0.0556546
0.055653
0.0556514
0.0556498
0.0556482
0.0556466
0.055645
0.0556434
0.0556418
0.0556403
0.0556387
0.0556371
0.0556356
0.0556341
0.0556325
0.055631
0.0556295
0.0556279
0.0556264
0.0556249
0.0556234
0.0556219
0.0556204
0.0556189
0.0556175
0.055616
0.0556145
0.0556131
0.0556116
0.0556102
0.0556087
0.0556073
0.0556058
0.0556044
0.055603
0.0556016
0.0556002
0.0555988
0.0555974
0.055596
0.0555946
0.0555932
0.0555919
0.0555905
0.0555891
0.0555878
0.0555864
0.0555851
0.0555837
0.0555824
0.0555811
0.0555797
0.0555784
0.0555771
0.0555758
0.0555745
0.0555732
0.0555719
0.0555706
0.0555694
0.0555681
0.0555668
0.0555656
0.0555643
0.0555631
0.0555618
0.0555606
0.0555594
0.0555581
0.0555569
0.0555557
0.0555545
0.0555533
0.0555521
0.0555509
0.0555497
0.0555485
0.0555473
0.0555462
0.055545
0.0555439
0.0555427
0.0555416
0.0555404
0.0555393
0.0555381
0.055537
0.0555359
0.0555348
0.0555337
0.0555326
0.0555315
0.0555304
0.0555293
0.0555282
0.0555271
0.055526
0.055525
0.0555239
0.0555229
0.0555218
0.0555208
0.0555197
0.0555187
0.0555177
0.0555166
0.0555156
0.0555146
0.0555136
0.0555126
0.0555116
0.0555106
0.0555096
0.0555086
0.0555077
0.0555067
0.0555057
0.0555048
0.0555038
0.0555029
0.0555019
0.055501
0.0555001
0.0554991
0.0554982
0.0554973
0.0554964
0.0554955
0.0554946
0.0554937
0.0554928
0.0554919
0.055491
0.0554901
0.0554893
0.0554884
0.0554875
0.0554867
0.0554858
0.055485
0.0554841
0.0554833
0.0554825
0.0554816
0.0554808
0.05548
0.0554792
0.0554784
0.0554776
0.0554768
0.055476
0.0554752
0.0554745
0.0554737
0.0554729
0.0554721
0.0554714
0.0554706
0.0554699
0.0554691
0.0554684
0.0554677
0.0554669
0.0554662
0.0554655
0.0554648
0.0554641
0.0554634
0.0554627
0.055462
0.0554613
0.0554606
0.0554599
0.0554592
0.0554586
0.0554579
0.0554573
0.0554566
0.0554559
0.0554553
0.0554547
0.055454
0.0554534
0.0554528
0.0554522
0.0554515
0.0554509
0.0554503
0.0554497
0.0554491
0.0554485
0.0554479
0.0554474
0.0554468
0.0554462
0.0554456
0.0554451
0.0554445
0.055444
0.0554434
0.0554429
0.0554423
0.0554418
0.0554413
0.0554407
0.0554402
0.0554397
0.0554392
0.0554387
0.0554382
0.0554377
0.0554372
0.0554367
0.0554362
0.0554357
0.0554353
0.0554348
0.0554343
0.0554339
0.0554334
0.055433
0.0554325
0.0554321
0.0554316
0.0554312
0.0554308
0.0554304
0.0554299
0.0554295
0.0554291
0.0554287
0.0554283
0.0554279
0.0554275
0.0554271
0.0554268
0.0554264
0.055426
0.0554256
0.0554253
0.0554249
0.0554246
0.0554242
0.0554239
0.0554235
0.0554232
0.0554229
0.0554225
0.0554222
0.0554219
0.0554216
0.0554213
0.0554209
0.0554206
0.0554204
0.0554201
0.0554198
0.0554195
0.0554192
0.0554189
0.0554187
0.0554184
0.0554181
0.0554179
0.0554176
0.0554174
0.0554171
0.0554169
0.0554166
0.0554164
0.0554162
0.055416
0.0554157
0.0554155
0.0554153
0.0554151
0.0554149
0.0554147
0.0554145
0.0554143
0.0554141
0.055414
0.0554138
0.0554136
0.0554134
0.0554133
0.0554131
0.055413
0.0554128
0.0554127
0.0554125
0.0554124
0.0554122
0.0554121
0.055412
0.0554119
0.0554117
0.0554116
0.0554115
0.0554114
0.0554113
0.0554112
0.0554111
0.055411
0.0554109
0.0554109
0.0554108
0.0554107
0.0554106
0.0554106
0.0554105
0.0554104
0.0554104
0.0554103
0.0554103
0.0554103
0.0554102
0.0554102
0.0554102
0.0554101
0.0554101
0.0554101
0.0554101
0.0554101
0.0554101
0.0554101
0.0554101
0.0554101
0.0554101
0.0554101
0.0554101
0.0554101
0.0554102
0.0554102
0.0554102
0.0554103
0.0554103
0.0554103
0.0554104
0.0554105
0.0554105
0.0554106
0.0554106
0.0554107
0.0554108
0.0554109
0.0554109
0.055411
0.0554111
0.0554112
0.0554113
0.0554114
0.0554115
0.0554116
0.0554117
0.0554118
0.0554119
0.0554121
0.0554122
0.0554123
0.0554124
0.0554126
0.0554127
0.0554129
0.055413
0.0554132
0.0554133
0.0554135
0.0554136
0.0554138
0.055414
0.0554142
0.0554143
0.0554145
0.0554147
0.0554149
0.0554151
0.0554153
0.0554155
0.0554157
0.0554159
0.0554161
0.0554163
0.0554165
0.0554167
0.055417
0.0554172
0.0554174
0.0554177
0.0554179
0.0554181
0.0554184
0.0554186
0.0554189
0.0554191
0.0554194
0.0554197
0.0554199
0.0554202
0.0554205
0.0554208
0.055421
0.0554213
0.0554216
0.0554219
0.0554222
0.0554225
0.0554228
0.0554231
0.0554234
0.0554237
0.055424
0.0554244
0.0554247
0.055425
0.0554253
0.0554257
0.055426
0.0554263
0.0554267
0.055427
0.0554274
0.0554277
0.0554281
0.0554285
0.0554288
0.0554292
0.0554296
0.0554299
0.0554303
0.0554307
0.0554311
0.0554315
0.0554318
0.0554322
0.0554326
0.055433
0.0554334
0.0554338
0.0554343
0.0554347
0.0554351
0.0554355
0.0554359
0.0554363
0.0554368
0.0554372
0.0554376
0.0554381
0.0554385
0.055439
0.0554394
0.0554399
0.0554403
0.0554408
0.0554412
0.0554417
0.0554422
0.0554426
0.0554431
0.0554436
0.0554441
0.0554446
0.055445
0.0554455
0.055446
0.0554465
0.055447
0.0554475
0.055448
0.0554485
0.0554491
0.0554496
0.0554501
0.0554506
0.0554511
0.0554517
0.0554522
0.0554527
0.0554533
0.0554538
0.0554543
0.0554549
0.0554554
0.055456
0.0554565
0.0554571
0.0554576
0.0554582
0.0554588
0.0554593
0.0554599
0.0554605
0.0554611
0.0554617
0.0554622
0.0554628
0.0554634
0.055464
0.0554646
0.0554652
0.0554658
0.0554664
0.055467
0.0554676
0.0554682
0.0554689
0.0554695
0.0554701
0.0554707
0.0554713
0.055472
0.0554726
0.0554732
0.0554739
0.0554745
0.0554752
0.0554758
0.0554765
0.0554771
0.0554778
0.0554784
0.0554791
0.0554798
0.0554804
0.0554811
0.0554818
0.0554825
0.0554831
0.0554838
0.0554845
0.0554852
0.0554859
0.0554866
0.0554873
0.055488
0.0554887
0.0554894
0.0554901
0.0554908
0.0554915
0.0554922
0.0554929
0.0554936
0.0554944
0.0554951
0.0554958
0.0554966
0.0554973
0.055498
0.0554988
0.0554995
0.0555002
0.055501
0.0555017
0.0555025
0.0555032
0.055504
0.0555048
0.0555055
0.0555063
0.0555071
0.0555078
0.0555086
0.0555094
0.0555102
0.0555109
0.0555117
0.0555125
0.0555133
0.0555141
0.0555149
0.0555157
0.0555165
0.0555173
0.0555181
0.0555189
0.0555197
0.0555205
0.0555213
0.0555221
0.055523
0.0555238
0.0555246
0.0555254
0.0555263
0.0555271
0.0555279
0.0555288
0.0555296
0.0555304
0.0555313
0.0555321
0.055533
0.0555338
0.0555347
0.0555355
0.0555364
0.0555373
0.0555381
0.055539
0.0555399
0.0555407
0.0555416
0.0555425
0.0555434
0.0555442
0.0555451
0.055546
0.0555469
0.0555478
0.0555487
0.0555496
0.0555505
0.0555514
0.0555523
0.0555532
0.0555541
0.055555
0.0555559
0.0555568
0.0555577
0.0555586
0.0555596
0.0555605
0.0555614
0.0555623
0.0555633
0.0555642
0.0555651
0.0555661
0.055567
0.0555679
0.0555689
0.0555698
0.0555708
0.0555717
0.0555727
0.0555736
0.0555746
0.0555755
0.0555765
0.0555775
0.0555784
0.0555794
0.0555804
0.0555813
0.0555823
0.0555833
0.0555843
0.0555853
0.0555862
0.0555872
0.0555882
0.0555892
0.0555902
0.0555912
0.0555922
0.0555932
0.0555942
0.0555952
0.0555962
0.0555972
0.0555982
0.0555992
0.0556002
0.0556012
0.0556023
0.0556033
0.0556043
0.0556053
0.0556063
0.0556074
0.0556084
0.0556094
0.0556105
0.0556115
0.0556125
0.0556136
0.0556146
0.0556157
0.0556167
0.0556178
0.0556188
0.0556199
0.0556209
0.055622
0.055623
0.0556241
0.0556251
0.0556262
0.0556273
0.0556283
0.0556294
0.0556305
0.0556316
0.0556326
0.0556337
0.0556348
0.0556359
0.055637
0.055638
0.0556391
0.0556402
0.0556413
0.0556424
0.0556435
0.0556446
0.0556457
0.0556468
0.0556479
0.055649
0.0556501
0.0556512
0.0556523
0.0556534
0.0556546
0.0556557
0.0556568
0.0556579
0.055659
0.0556602
0.0556613
0.0556624
0.0556635
0.0556647
0.0556658
0.0556669
0.0556681
0.0556692
0.0556703
0.0556715
0.0556726
0.0556738
0.0556749
0.0556761
0.0556772
0.0556784
0.0556795
0.0556807
0.0556818
0.055683
0.0556842
0.0556853
0.0556865
0.0556877
0.0556888
0.05569
0.0556912
0.0556923
0.0556935
0.0556947
0.0556959
0.0556971
0.0556982
0.0556994
0.0557006
0.0557018
0.055703
0.0557042
0.0557054
0.0557066
0.0557078
0.055709
0.0557102
0.0557114
0.0557126
0.0557138
0.055715
0.0557162
0.0557174
0.0557186
0.0557198
0.055721
0.0557223
0.0557235
0.0557247
0.0557259
0.0557271
0.0557284
0.0557296
0.0557308
0.055732
0.0557333
0.0557345
0.0557357
0.055737
0.0557382
0.0557394
0.0557407
0.0557419
0.0557432
0.0557444
0.0557457
0.0557469
0.0557482
0.0557494
0.0557507
0.0557519
0.0557532
0.0557544
0.0557557
0.055757
0.0557582
0.0557595
0.0557607
0.055762
0.0557633
0.0557645
0.0557658
0.0557671
0.0557684
0.0557696
0.0557709
0.0557722
0.0557735
0.0557748
0.055776
0.0557773
0.0557786
0.0557799
0.0557812
0.0557825
0.0557838
0.0557851
0.0557864
0.0557876
0.0557889
0.0557902
0.0557915
0.0557928
0.0557942
0.0557955
0.0557968
0.0557981
0.0557994
0.0558007
0.055802
0.0558033
0.0558046
0.0558059
0.0558073
0.0558086
0.0558099
0.0558112
0.0558125
0.0558139
0.0558152
0.0558165
0.0558178
0.0558192
0.0558205
0.0558218
0.0558232
0.0558245
0.0558258
0.0558272
0.0558285
0.0558299
0.0558312
0.0558325
0.0558339
0.0558352
0.0558366
0.0558379
0.0558393
0.0558406
0.055842
0.0558433
0.0558447
0.055846
0.0558474
0.0558488
0.0558501
0.0558515
0.0558528
0.0558542
0.0558556
0.0558569
0.0558583
0.0558597
0.055861
0.0558624
0.0558638
0.0558652
0.0558665
0.0558679
0.0558693
0.0558707
0.055872
0.0558734
0.0558748
0.0558762
0.0558776
0.055879
0.0558803
0.0558817
0.0558831
0.0558845
0.0558859
0.0558873
0.0558887
0.0558901
0.0558915
0.0558929
0.0558943
0.0558957
0.0558971
0.0558985
0.0558999
0.0559013
0.0559027
0.0559041
0.0559055
0.0559069
0.0559083
0.0559097
0.0559112
0.0559126
0.055914
0.0559154
0.0559168
0.0559182
0.0559197
0.0559211
0.0559225
0.0559239
0.0559253
0.0559268
0.0559282
0.0559296
0.055931
0.0559325
0.0559339
0.0559353
0.0559368
0.0559382
0.0559396
0.0559411
0.0559425
0.0559439
0.0559454
0.0559468
0.0559483
0.0559497
0.0559511
0.0559526
0.055954
0.0559555
0.0559569
0.0559584
0.0559598
0.0559613
0.0559627
0.0559642
0.0559656
0.0559671
0.0559685
0.05597
0.0559715
0.0559729
0.0559744
0.0559758
0.0559773
0.0559788
0.0559802
0.0559817
0.0559832
0.0559846
0.0559861
0.0559876
0.055989
0.0559905
0.055992
0.0559934
0.0559949
0.0559964
0.0559979
0.0559993
0.0560008
0.0560023
0.0560038
0.0560052
0.0560067
0.0560082
0.0560097
0.0560112
0.0560127
0.0560141
0.0560156
0.0560171
0.0560186
0.0560201
0.0560216
0.0560231
0.0560246
0.0560261
0.0560276
0.056029
0.0560305
0.056032
0.0560335
0.056035
0.0560365
0.056038
0.0560395
0.056041
0.0560425
0.056044
0.0560455
0.056047
0.0560486
0.0560501
0.0560516
0.0560531
0.0560546
0.0560561
0.0560576
0.0560591
0.0560606
0.0560621
0.0560637
0.0560652
0.0560667
0.0560682
0.0560697
0.0560712
0.0560728
0.0560743
0.0560758
0.0560773
0.0560789
0.0560804
0.0560819
0.0560834
0.0560849
0.0560865
0.056088
0.0560895
0.0560911
0.0560926
0.0560941
0.0560957
0.0560972
0.0560987
0.0561003
0.0561018
0.0561033
0.0561049
0.0561064
0.0561079
0.0561095
0.056111
0.0561126
0.0561141
0.0561156
0.0561172
0.0561187
0.0561203
0.0561218
0.0561234
0.0561249
0.0561265
0.056128
0.0561296
0.0561311
0.0561327
0.0561342
0.0561358
0.0561373
0.0561389
0.0561404
0.056142
0.0561435
0.0561451
0.0561466
0.0561482
0.0561498
0.0561513
0.0561529
0.0561544
0.056156
0.0561576
0.0561591
0.0561607
0.0561622
0.0561638
0.0561654
0.0561669
0.0561685
0.0561701
0.0561716
0.0561732
0.0561748
0.0561764
0.0561779
0.0561795
0.0561811
0.0561826
0.0561842
0.0561858
0.0561874
0.0561889
0.0561905
0.0561921
0.0561937
0.0561953
0.0561968
0.0561984
0.0562
0.0562016
0.0562032
0.0562047
0.0562063
0.0562079
0.0562095
0.0562111
0.0562127
0.0562143
0.0562158
0.0562174
0.056219
0.0562206
0.0562222
0.0562238
0.0562254
0.056227
0.0562286
0.0562302
0.0562317
0.0562333
0.0562349
0.0562365
0.0562381
0.0562397
0.0562413
0.0562429
0.0562445
0.0562461
0.0562477
0.0562493
0.0562509
0.0562525
0.0562541
0.0562557
0.0562573
0.0562589
0.0562605
0.0562622
0.0562638
0.0562654
0.056267
0.0562686
0.0562702
0.0562718
0.0562734
0.056275
0.0562766
0.0562782
0.0562799
0.0562815
0.0562831
0.0562847
0.0562863
0.0562879
0.0562895
0.0562912
0.0562928
0.0562944
0.056296
0.0562976
0.0562992
0.0563009
0.0563025
0.0563041
0.0563057
0.0563074
0.056309
0.0563106
0.0563122
0.0563139
0.0563155
0.0563171
0.0563187
0.0563204
0.056322
0.0563236
0.0563252
0.0563269
0.0563285
0.0563301
0.0563318
0.0563334
0.056335
0.0563367
0.0563383
0.0563399
0.0563416
0.0563432
0.0563448
0.0563465
0.0563481
0.0563497
0.0563514
0.056353
0.0563547
0.0563563
0.0563579
0.0563596
0.0563612
0.0563629
0.0563645
0.0563661
0.0563678
0.0563694
0.0563711
0.0563727
0.0563744
0.056376
0.0563777
0.0563793
0.0563809
0.0563826
0.0563842
0.0563859
0.0563875
0.0563892
0.0563908
0.0563925
0.0563941
0.0563958
0.0563974
0.0563991
0.0564008
0.0564024
0.0564041
0.0564057
0.0564074
0.056409
0.0564107
0.0564123
0.056414
0.0564157
0.0564173
0.056419
0.0564206
0.0564223
0.056424
0.0564256
0.0564273
0.056429
0.0564306
0.0564323
0.0564339
0.0564356
0.0564373
0.0564389
0.0564406
0.0564423
0.0564439
0.0564456
0.0564473
0.0564489
0.0564506
0.0564523
0.056454
0.0564556
0.0564573
0.056459
0.0564606
0.0564623
0.056464
0.0564657
0.0564673
0.056469
0.0564707
0.0564724
0.056474
0.0564757
0.0564774
0.0564791
0.0564808
0.0564824
0.0564841
0.0564858
0.0564875
0.0564892
0.0564908
0.0564925
0.0564942
0.0564959
0.0564976
0.0564993
0.0565009
0.0565026
0.0565043
0.056506
0.0565077
0.0565094
0.0565111
0.0565127
0.0565144
0.0565161
0.0565178
0.0565195
0.0565212
0.0565229
0.0565246
0.0565263
0.056528
0.0565297
0.0565314
0.056533
0.0565347
0.0565364
0.0565381
0.0565398
0.0565415
0.0565432
0.0565449
0.0565466
0.0565483
0.05655
0.0565517
0.0565534
0.0565551
0.0565568
0.0565585
0.0565602
0.0565619
0.0565636
0.0565653
0.056567
0.0565687
0.0565705
0.0565722
0.0565739
0.0565756
0.0565773
0.056579
0.0565807
0.0565824
0.0565841
0.0565858
0.0565875
0.0565892
0.056591
0.0565927
0.0565944
0.0565961
0.0565978
0.0565995
0.0566012
0.056603
0.0566047
0.0566064
0.0566081
0.0566098
0.0566115
0.0566133
0.056615
0.0566167
0.0566184
0.0566201
0.0566219
0.0566236
0.0566253
0.056627
0.0566287
0.0566305
0.0566322
0.0566339
0.0566356
0.0566374
0.0566391
0.0566408
0.0566426
0.0566443
0.056646
0.0566477
0.0566495
0.0566512
0.0566529
0.0566547
0.0566564
0.0566581
0.0566599
0.0566616
0.0566633
0.0566651
0.0566668
0.0566685
0.0566703
0.056672
0.0566737
0.0566755
0.0566772
0.0566789
0.0566807
0.0566824
0.0566842
0.0566859
0.0566876
0.0566894
0.0566911
0.0566929
0.0566946
0.0566964
0.0566981
0.0566998
0.0567016
0.0567033
0.0567051
0.0567068
0.0567086
0.0567103
0.0567121
0.0567138
0.0567156
0.0567173
0.0567191
0.0567208
0.0567226
0.0567243
0.0567261
0.0567278
0.0567296
0.0567313
0.0567331
0.0567349
0.0567366
0.0567384
0.0567401
0.0567419
0.0567436
0.0567454
0.0567472
0.0567489
0.0567507
0.0567525
0.0567542
0.056756
0.0567577
0.0567595
0.0567613
0.056763
0.0567648
0.0567666
0.0567683
0.0567701
0.0567719
0.0567736
0.0567754
0.0567772
0.0567789
0.0567807
0.0567825
0.0567843
0.056786
0.0567878
0.0567896
0.0567913
0.0567931
0.0567949
0.0567967
0.0567985
0.0568002
0.056802
0.0568038
0.0568056
0.0568073
0.0568091
0.0568109
0.0568127
0.0568145
0.0568162
0.056818
0.0568198
0.0568216
0.0568234
0.0568252
0.056827
0.0568287
0.0568305
0.0568323
0.0568341
0.0568359
0.0568377
0.0568395
0.0568413
0.0568431
0.0568449
0.0568466
0.0568484
0.0568502
0.056852
0.0568538
0.0568556
0.0568574
0.0568592
0.056861
0.0568628
0.0568646
0.0568664
0.0568682
0.05687
0.0568718
0.0568736
0.0568754
0.0568772
0.056879
0.0568808
0.0568826
0.0568844
0.0568862
0.0568881
0.0568899
0.0568917
0.0568935
0.0568953
0.0568971
0.0568989
0.0569007
0.0569025
0.0569044
0.0569062
0.056908
0.0569098
0.0569116
0.0569134
0.0569152
0.0569171
0.0569189
0.0569207
0.0569225
0.0569243
0.0569262
0.056928
0.0569298
0.0569316
0.0569335
0.0569353
0.0569371
0.0569389
0.0569408
0.0569426
0.0569444
0.0569462
0.0569481
0.0569499
0.0569517
0.0569536
0.0569554
0.0569572
0.0569591
0.0569609
0.0569627
0.0569646
0.0569664
0.0569682
0.0569701
0.0569719
0.0569738
0.0569756
0.0569774
0.0569793
0.0569811
0.056983
0.0569848
0.0569867
0.0569885
0.0569904
0.0569922
0.056994
0.0569959
0.0569977
0.0569996
0.0570014
0.0570033
0.0570051
0.057007
0.0570088
0.0570107
0.0570126
0.0570144
0.0570163
0.0570181
0.05702
0.0570218
0.0570237
0.0570256
0.0570274
0.0570293
0.0570311
0.057033
0.0570349
0.0570367
0.0570386
0.0570405
0.0570423
0.0570442
0.0570461
0.0570479
0.0570498
0.0570517
0.0570535
0.0570554
0.0570573
0.0570592
0.057061
0.0570629
0.0570648
0.0570667
0.0570685
0.0570704
0.0570723
0.0570742
0.0570761
0.0570779
0.0570798
0.0570817
0.0570836
0.0570855
0.0570874
0.0570892
0.0570911
0.057093
0.0570949
0.0570968
0.0570987
0.0571006
0.0571025
0.0571044
0.0571063
0.0571082
0.05711
0.0571119
0.0571138
0.0571157
0.0571176
0.0571195
0.0571214
0.0571233
0.0571252
0.0571271
0.057129
0.0571309
0.0571329
0.0571348
0.0571367
0.0571386
0.0571405
0.0571424
0.0571443
0.0571462
0.0571481
0.05715
0.0571519
0.0571539
0.0571558
0.0571577
0.0571596
0.0571615
0.0571634
0.0571654
0.0571673
0.0571692
0.0571711
0.057173
0.057175
0.0571769
0.0571788
0.0571807
0.0571827
0.0571846
0.0571865
0.0571885
0.0571904
0.0571923
0.0571942
0.0571962
0.0571981
0.0572
0.057202
0.0572039
0.0572059
0.0572078
0.0572097
0.0572117
0.0572136
0.0572156
0.0572175
0.0572194
0.0572214
0.0572233
0.0572253
0.0572272
0.0572292
0.0572311
0.0572331
0.057235
0.057237
0.0572389
0.0572409
0.0572428
0.0572448
0.0572467
0.0572487
0.0572507
0.0572526
0.0572546
0.0572565
0.0572585
0.0572605
0.0572624
0.0572644
0.0572664
0.0572683
0.0572703
0.0572723
0.0572742
0.0572762
0.0572782
0.0572801
0.0572821
0.0572841
0.0572861
0.057288
0.05729
0.057292
0.057294
0.057296
0.0572979
0.0572999
0.0573019
0.0573039
0.0573059
0.0573079
0.0573098
0.0573118
0.0573138
0.0573158
0.0573178
0.0573198
0.0573218
0.0573238
0.0573258
0.0573278
0.0573298
0.0573317
0.0573337
0.0573357
0.0573377
0.0573397
0.0573417
0.0573437
0.0573458
0.0573478
0.0573498
0.0573518
0.0573538
0.0573558
0.0573578
0.0573598
0.0573618
0.0573638
0.0573658
0.0573679
0.0573699
0.0573719
0.0573739
0.0573759
0.0573779
0.05738
0.057382
0.057384
0.057386
0.0573881
0.0573901
0.0573921
0.0573941
0.0573962
0.0573982
0.0574002
0.0574023
0.0574043
0.0574063
0.0574084
0.0574104
0.0574124
0.0574145
0.0574165
0.0574185
0.0574206
0.0574226
0.0574247
0.0574267
0.0574288
0.0574308
0.0574328
0.0574349
0.0574369
0.057439
0.057441
0.0574431
0.0574451
0.0574472
0.0574493
0.0574513
0.0574534
0.0574554
0.0574575
0.0574595
0.0574616
0.0574637
0.0574657
0.0574678
0.0574699
0.0574719
0.057474
0.0574761
0.0574781
0.0574802
0.0574823
0.0574843
0.0574864
0.0574885
0.0574906
0.0574927
0.0574947
0.0574968
0.0574989
0.057501
0.0575031
0.0575051
0.0575072
0.0575093
0.0575114
0.0575135
0.0575156
0.0575177
0.0575197
0.0575218
0.0575239
0.057526
0.0575281
0.0575302
0.0575323
0.0575344
0.0575365
0.0575386
0.0575407
0.0575428
0.0575449
0.057547
0.0575491
0.0575512
0.0575533
0.0575555
0.0575576
0.0575597
0.0575618
0.0575639
0.057566
0.0575681
0.0575703
0.0575724
0.0575745
0.0575766
0.0575787
0.0575809
0.057583
0.0575851
0.0575872
0.0575894
0.0575915
0.0575936
0.0575957
0.0575979
0.0576
0.0576021
0.0576043
0.0576064
0.0576085
0.0576107
0.0576128
0.057615
0.0576171
0.0576192
0.0576214
0.0576235
0.0576257
0.0576278
0.05763
0.0576321
0.0576343
0.0576364
0.0576386
0.0576407
0.0576429
0.057645
0.0576472
0.0576493
0.0576515
0.0576537
0.0576558
0.057658
0.0576602
0.0576623
0.0576645
0.0576666
0.0576688
0.057671
0.0576732
0.0576753
0.0576775
0.0576797
0.0576818
0.057684
0.0576862
0.0576884
0.0576906
0.0576927
0.0576949
0.0576971
0.0576993
0.0577015
0.0577037
0.0577058
0.057708
0.0577102
0.0577124
0.0577146
0.0577168
0.057719
0.0577212
0.0577234
0.0577256
0.0577278
0.05773
0.0577322
0.0577344
0.0577366
0.0577388
0.057741
0.0577432
0.0577454
0.0577476
0.0577498
0.057752
0.0577542
0.0577565
0.0577587
0.0577609
0.0577631
0.0577653
0.0577675
0.0577698
0.057772
0.0577742
0.0577764
0.0577786
0.0577809
0.0577831
0.0577853
0.0577876
0.0577898
0.057792
0.0577943
0.0577965
0.0577987
0.057801
0.0578032
0.0578054
0.0578077
0.0578099
0.0578122
0.0578144
0.0578166
0.0578189
0.0578211
0.0578234
0.0578256
0.0578279
0.0578301
0.0578324
0.0578346
0.0578369
0.0578391
0.0578414
0.0578437
0.0578459
0.0578482
0.0578504
0.0578527
0.057855
0.0578572
0.0578595
0.0578618
0.057864
0.0578663
0.0578686
0.0578708
0.0578731
0.0578754
0.0578777
0.0578799
0.0578822
0.0578845
0.0578868
0.0578891
0.0578913
0.0578936
0.0578959
0.0578982
0.0579005
0.0579028
0.0579051
0.0579073
0.0579096
0.0579119
0.0579142
0.0579165
0.0579188
0.0579211
0.0579234
0.0579257
0.057928
0.0579303
0.0579326
0.0579349
0.0579372
0.0579395
0.0579418
0.0579441
0.0579464
0.0579488
0.0579511
0.0579534
0.0579557
0.057958
0.0579603
0.0579626
0.057965
0.0579673
0.0579696
0.0579719
0.0579743
0.0579766
0.0579789
0.0579812
0.0579836
0.0579859
0.0579882
0.0579905
0.0579929
0.0579952
0.0579976
0.0579999
0.0580022
0.0580046
0.0580069
0.0580092
0.0580116
0.0580139
0.0580163
0.0580186
0.058021
0.0580233
0.0580257
0.058028
0.0580304
0.0580327
0.0580351
0.0580374
0.0580398
0.0580421
0.0580445
0.0580468
0.0580492
0.0580516
0.0580539
0.0580563
0.0580587
0.058061
0.0580634
0.0580658
0.0580681
0.0580705
0.0580729
0.0580752
0.0580776
0.05808
0.0580824
0.0580847
0.0580871
0.0580895
0.0580919
0.0580943
0.0580966
0.058099
0.0581014
0.0581038
0.0581062
0.0581086
0.058111
0.0581134
0.0581158
0.0581181
0.0581205
0.0581229
0.0581253
0.0581277
0.0581301
0.0581325
0.0581349
0.0581373
0.0581397
0.0581421
0.0581445
0.0581469
0.0581494
0.0581518
0.0581542
0.0581566
0.058159
0.0581614
0.0581638
0.0581662
0.0581687
0.0581711
0.0581735
0.0581759
0.0581783
0.0581808
0.0581832
0.0581856
0.058188
0.0581905
0.0581929
0.0581953
0.0581977
0.0582002
0.0582026
0.058205
0.0582075
0.0582099
0.0582123
0.0582148
0.0582172
0.0582197
0.0582221
0.0582245
0.058227
0.0582294
0.0582319
0.0582343
0.0582368
0.0582392
0.0582417
0.0582441
0.0582466
0.058249
0.0582515
0.0582539
0.0582564
0.0582589
0.0582613
0.0582638
0.0582662
0.0582687
0.0582712
0.0582736
0.0582761
0.0582786
0.058281
0.0582835
0.058286
0.0582884
0.0582909
0.0582934
0.0582958
0.0582983
0.0583008
0.0583033
0.0583058
0.0583082
0.0583107
0.0583132
0.0583157
0.0583182
0.0583206
0.0583231
0.0583256
0.0583281
0.0583306
0.0583331
0.0583356
0.0583381
0.0583406
0.0583431
0.0583455
0.058348
0.0583505
0.058353
0.0583555
0.058358
0.0583605
0.058363
0.0583655
0.0583681
0.0583706
0.0583731
0.0583756
0.0583781
0.0583806
0.0583831
0.0583856
0.0583881
0.0583906
0.0583932
0.0583957
0.0583982
0.0584007
0.0584032
0.0584058
0.0584083
0.0584108
0.0584133
0.0584158
0.0584184
0.0584209
0.0584234
0.058426
0.0584285
0.058431
0.0584335
0.0584361
0.0584386
0.0584412
0.0584437
0.0584462
0.0584488
0.0584513
0.0584538
0.0584564
0.0584589
0.0584615
0.058464
0.0584666
0.0584691
0.0584717
0.0584742
0.0584768
0.0584793
0.0584819
0.0584844
0.058487
0.0584895
0.0584921
0.0584946
0.0584972
0.0584997
0.0585023
0.0585049
0.0585074
0.05851
0.0585125
0.0585151
0.0585177
0.0585202
0.0585228
0.0585254
0.058528
0.0585305
0.0585331
0.0585357
0.0585382
0.0585408
0.0585434
0.058546
0.0585485
0.0585511
0.0585537
0.0585563
0.0585589
0.0585614
0.058564
0.0585666
0.0585692
0.0585718
0.0585744
0.058577
0.0585795
0.0585821
0.0585847
0.0585873
0.0585899
0.0585925
0.0585951
0.0585977
0.0586003
0.0586029
0.0586055
0.0586081
0.0586107
0.0586133
0.0586159
0.0586185
0.0586211
0.0586237
0.0586263
0.0586289
0.0586315
0.0586341
0.0586368
0.0586394
0.058642
0.0586446
0.0586472
0.0586498
0.0586524
0.0586551
0.0586577
0.0586603
0.0586629
0.0586655
0.0586681
0.0586708
0.0586734
0.058676
0.0586786
0.0586813
0.0586839
0.0586865
0.0586892
0.0586918
0.0586944
0.058697
0.0586997
0.0587023
0.0587049
0.0587076
0.0587102
0.0587129
0.0587155
0.0587181
0.0587208
0.0587234
0.0587261
0.0587287
0.0587313
0.058734
0.0587366
0.0587393
0.0587419
0.0587446
0.0587472
0.0587499
0.0587525
0.0587552
0.0587578
0.0587605
0.0587631
0.0587658
0.0587684
0.0587711
0.0587738
0.0587764
0.0587791
0.0587817
0.0587844
0.0587871
0.0587897
0.0587924
0.058795
0.0587977
0.0588004
0.058803
0.0588057
0.0588084
0.058811
0.0588137
0.0588164
0.0588191
0.0588217
0.0588244
0.0588271
0.0588298
0.0588324
0.0588351
0.0588378
0.0588405
0.0588431
0.0588458
0.0588485
0.0588512
0.0588539
0.0588566
0.0588592
0.0588619
0.0588646
0.0588673
0.05887
0.0588727
0.0588754
0.0588781
0.0588808
0.0588834
0.0588861
0.0588888
0.0588915
0.0588942
0.0588969
0.0588996
0.0589023
0.058905
0.0589077
0.0589104
0.0589131
0.0589158
0.0589185
0.0589212
0.0589239
0.0589266
0.0589293
0.058932
0.0589348
0.0589375
0.0589402
0.0589429
0.0589456
0.0589483
0.058951
0.0589537
0.0589564
0.0589592
0.0589619
0.0589646
0.0589673
0.05897
0.0589727
0.0589755
0.0589782
0.0589809
0.0589836
0.0589863
0.0589891
0.0589918
0.0589945
0.0589972
0.059
0.0590027
0.0590054
0.0590082
0.0590109
0.0590136
0.0590163
0.0590191
0.0590218
0.0590245
0.0590273
0.05903
0.0590327
0.0590355
0.0590382
0.059041
0.0590437
0.0590464
0.0590492
0.0590519
0.0590547
0.0590574
0.0590601
0.0590629
0.0590656
0.0590684
0.0590711
0.0590739
0.0590766
0.0590794
0.0590821
0.0590849
0.0590876
0.0590904
0.0590931
0.0590959
0.0590986
0.0591014
0.0591041
0.0591069
0.0591096
0.0591124
0.0591151
0.0591179
0.0591207
0.0591234
0.0591262
0.0591289
0.0591317
0.0591345
0.0591372
0.05914
0.0591427
0.0591455
0.0591483
0.059151
0.0591538
0.0591566
0.0591593
0.0591621
0.0591649
0.0591676
0.0591704
0.0591732
0.059176
0.0591787
0.0591815
0.0591843
0.0591871
0.0591898
0.0591926
0.0591954
0.0591982
0.0592009
0.0592037
0.0592065
0.0592093
0.059212
0.0592148
0.0592176
0.0592204
0.0592232
0.059226
0.0592287
0.0592315
0.0592343
0.0592371
0.0592399
0.0592427
0.0592455
0.0592483
0.059251
0.0592538
0.0592566
0.0592594
0.0592622
0.059265
0.0592678
0.0592706
0.0592734
0.0592762
0.059279
0.0592818
0.0592846
0.0592874
0.0592902
0.059293
0.0592957
0.0592985
0.0593013
0.0593041
0.059307
0.0593098
0.0593126
0.0593154
0.0593182
0.059321
0.0593238
0.0593266
0.0593294
0.0593322
0.059335
0.0593378
0.0593406
0.0593434
0.0593462
0.059349
0.0593519
0.0593547
0.0593575
0.0593603
0.0593631
0.0593659
0.0593687
0.0593715
0.0593744
0.0593772
0.05938
0.0593828
0.0593856
0.0593884
0.0593913
0.0593941
0.0593969
0.0593997
0.0594025
0.0594054
0.0594082
0.059411
0.0594138
0.0594166
0.0594195
0.0594223
0.0594251
0.0594279
0.0594308
0.0594336
0.0594364
0.0594393
0.0594421
0.0594449
0.0594477
0.0594506
0.0594534
0.0594562
0.0594591
0.0594619
0.0594647
0.0594676
0.0594704
0.0594732
0.0594761
0.0594789
0.0594817
0.0594846
0.0594874
0.0594902
0.0594931
0.0594959
0.0594988
0.0595016
0.0595044
0.0595073
0.0595101
0.059513
0.0595158
0.0595186
0.0595215
0.0595243
0.0595272
0.05953
0.0595329
0.0595357
0.0595385
0.0595414
0.0595442
0.0595471
0.0595499
0.0595528
0.0595556
0.0595585
0.0595613
0.0595642
0.059567
0.0595699
0.0595727
0.0595756
0.0595784
0.0595813
0.0595841
0.059587
0.0595898
0.0595927
0.0595955
0.0595984
0.0596012
0.0596041
0.059607
0.0596098
0.0596127
0.0596155
0.0596184
0.0596212
0.0596241
0.059627
0.0596298
0.0596327
0.0596355
0.0596384
0.0596413
0.0596441
0.059647
0.0596499
0.0596527
0.0596556
0.0596584
0.0596613
0.0596642
0.059667
0.0596699
0.0596728
0.0596756
0.0596785
0.0596814
0.0596842
0.0596871
0.05969
0.0596928
0.0596957
0.0596986
0.0597014
0.0597043
0.0597072
0.0597101
0.0597129
0.0597158
0.0597187
0.0597215
0.0597244
0.0597273
0.0597302
0.059733
0.0597359
0.0597388
0.0597417
0.0597445
0.0597474
0.0597503
0.0597532
0.059756
0.0597589
0.0597618
0.0597647
0.0597676
0.0597704
0.0597733
0.0597762
0.0597791
0.0597819
0.0597848
0.0597877
0.0597906
0.0597935
0.0597964
0.0597992
0.0598021
0.059805
0.0598079
0.0598108
0.0598137
0.0598165
0.0598194
0.0598223
0.0598252
0.0598281
0.059831
0.0598339
0.0598367
0.0598396
0.0598425
0.0598454
0.0598483
0.0598512
0.0598541
0.059857
0.0598598
0.0598627
0.0598656
0.0598685
0.0598714
0.0598743
0.0598772
0.0598801
0.059883
0.0598859
0.0598888
0.0598916
0.0598945
0.0598974
0.0599003
0.0599032
0.0599061
0.059909
0.0599119
0.0599148
0.0599177
0.0599206
0.0599235
0.0599264
0.0599293
0.0599322
0.0599351
0.059938
0.0599409
0.0599438
0.0599467
0.0599496
0.0599525
0.0599554
0.0599583
0.0599612
0.0599641
0.059967
0.0599699
0.0599728
0.0599757
0.0599786
0.0599815
0.0599844
0.0599873
0.0599902
0.0599931
0.059996
0.0599989
0.0600018
0.0600047
0.0600076
0.0600105
0.0600134
0.0600163
0.0600192
0.0600221
0.060025
0.0600279
0.0600308
0.0600337
0.0600366
0.0600395
0.0600424
0.0600453
0.0600483
0.0600512
0.0600541
0.060057
0.0600599
0.0600628
0.0600657
0.0600686
0.0600715
0.0600744
0.0600773
0.0600802
0.0600832
0.0600861
0.060089
0.0600919
0.0600948
0.0600977
0.0601006
0.0601035
0.0601064
0.0601094
0.0601123
0.0601152
0.0601181
0.060121
0.0601239
0.0601268
0.0601297
0.0601327
0.0601356
0.0601385
0.0601414
0.0601443
0.0601472
0.0601501
0.060153
0.060156
0.0601589
0.0601618
0.0601647
0.0601676
0.0601705
0.0601735
0.0601764
0.0601793
0.0601822
0.0601851
0.060188
0.060191
0.0601939
0.0601968
0.0601997
0.0602026
0.0602055
0.0602085
0.0602114
0.0602143
0.0602172
0.0602201
0.060223
0.060226
0.0602289
0.0602318
0.0602347
0.0602376
0.0602406
0.0602435
0.0602464
0.0602493
0.0602522
0.0602552
0.0602581
0.060261
0.0602639
0.0602668
0.0602698
0.0602727
0.0602756
0.0602785
0.0602814
0.0602844
0.0602873
0.0602902
0.0602931
0.0602961
0.060299
0.0603019
0.0603048
0.0603077
0.0603107
0.0603136
0.0603165
0.0603194
0.0603224
0.0603253
0.0603282
0.0603311
0.0603341
0.060337
0.0603399
0.0603428
0.0603458
0.0603487
0.0603516
0.0603545
0.0603575
0.0603604
0.0603633
0.0603662
0.0603692
0.0603721
0.060375
0.0603779
0.0603809
0.0603838
0.0603867
0.0603896
0.0603926
0.0603955
0.0603984
0.0604013
0.0604043
0.0604072
0.0604101
0.060413
0.060416
0.0604189
0.0604218
0.0604247
0.0604277
0.0604306
0.0604335
0.0604365
0.0604394
0.0604423
0.0604452
0.0604482
0.0604511
0.060454
0.0604569
0.0604599
0.0604628
0.0604657
0.0604687
0.0604716
0.0604745
0.0604774
0.0604804
0.0604833
0.0604862
0.0604891
0.0604921
0.060495
0.0604979
0.0605009
0.0605038
0.0605067
0.0605096
0.0605126
0.0605155
0.0605184
0.0605214
0.0605243
0.0605272
0.0605301
0.0605331
0.060536
0.0605389
0.0605419
0.0605448
0.0605477
0.0605506
0.0605536
0.0605565
0.0605594
0.0605624
0.0605653
0.0605682
0.0605712
0.0605741
0.060577
0.0605799
0.0605829
0.0605858
0.0605887
0.0605917
0.0605946
0.0605975
0.0606004
0.0606034
0.0606063
0.0606092
0.0606122
0.0606151
0.060618
0.060621
0.0606239
0.0606268
0.0606297
0.0606327
0.0606356
0.0606385
0.0606415
0.0606444
0.0606473
0.0606502
0.0606532
0.0606561
0.060659
0.060662
0.0606649
0.0606678
0.0606708
0.0606737
0.0606766
0.0606795
0.0606825
0.0606854
0.0606883
0.0606913
0.0606942
0.0606971
0.0607001
0.060703
0.0607059
0.0607088
0.0607118
0.0607147
0.0607176
0.0607206
0.0607235
0.0607264
0.0607293
0.0607323
0.0607352
0.0607381
0.0607411
0.060744
0.0607469
0.0607498
0.0607528
0.0607557
0.0607586
0.0607616
0.0607645
0.0607674
0.0607704
0.0607733
0.0607762
0.0607791
0.0607821
0.060785
0.0607879
0.0607909
0.0607938
0.0607967
0.0607996
0.0608026
0.0608055
0.0608084
0.0608113
0.0608143
0.0608172
0.0608201
0.0608231
0.060826
0.0608289
0.0608318
0.0608348
0.0608377
0.0608406
0.0608436
0.0608465
0.0608494
0.0608523
0.0608553
0.0608582
0.0608611
0.060864
0.060867
0.0608699
0.0608728
0.0608758
0.0608787
0.0608816
0.0608845
0.0608875
0.0608904
0.0608933
0.0608962
0.0608992
0.0609021
0.060905
0.0609079
0.0609109
0.0609138
0.0609167
0.0609196
0.0609226
0.0609255
0.0609284
0.0609313
0.0609343
0.0609372
0.0609401
0.060943
0.060946
0.0609489
0.0609518
0.0609547
0.0609577
0.0609606
0.0609635
0.0609664
0.0609694
0.0609723
0.0609752
0.0609781
0.0609811
0.060984
0.0609869
0.0609898
0.0609927
0.0609957
0.0609986
0.0610015
0.0610044
0.0610074
0.0610103
0.0610132
0.0610161
0.0610191
0.061022
0.0610249
0.0610278
0.0610307
0.0610337
0.0610366
0.0610395
0.0610424
0.0610453
0.0610483
0.0610512
0.0610541
0.061057
0.0610599
0.0610629
0.0610658
0.0610687
0.0610716
0.0610746
0.0610775
0.0610804
0.0610833
0.0610862
0.0610891
0.0610921
0.061095
0.0610979
0.0611008
0.0611037
0.0611067
0.0611096
0.0611125
0.0611154
0.0611183
0.0611212
0.0611242
0.0611271
0.06113
0.0611329
0.0611358
0.0611388
0.0611417
0.0611446
0.0611475
0.0611504
0.0611533
0.0611562
0.0611592
0.0611621
0.061165
0.0611679
0.0611708
0.0611737
0.0611767
0.0611796
0.0611825
0.0611854
0.0611883
0.0611912
0.0611941
0.0611971
0.0612
0.0612029
0.0612058
0.0612087
0.0612116
0.0612145
0.0612174
0.0612204
0.0612233
0.0612262
0.0612291
0.061232
0.0612349
0.0612378
0.0612407
0.0612437
0.0612466
0.0612495
0.0612524
0.0612553
0.0612582
0.0612611
0.061264
0.0612669
0.0612698
0.0612728
0.0612757
0.0612786
0.0612815
0.0612844
0.0612873
0.0612902
0.0612931
0.061296
0.0612989
0.0613018
0.0613047
0.0613077
0.0613106
0.0613135
0.0613164
0.0613193
0.0613222
0.0613251
0.061328
0.0613309
0.0613338
0.0613367
0.0613396
0.0613425
0.0613454
0.0613483
0.0613512
0.0613541
0.061357
0.0613599
0.0613629
0.0613658
0.0613687
0.0613716
0.0613745
0.0613774
0.0613803
0.0613832
0.0613861
0.061389
0.0613919
0.0613948
0.0613977
0.0614006
0.0614035
0.0614064
0.0614093
0.0614122
0.0614151
0.061418
0.0614209
0.0614238
0.0614267
0.0614296
0.0614325
0.0614354
0.0614383
0.0614412
0.0614441
0.061447
0.0614499
0.0614528
0.0614557
0.0614586
0.0614614
0.0614643
0.0614672
0.0614701
0.061473
0.0614759
0.0614788
0.0614817
0.0614846
0.0614875
0.0614904
0.0614933
0.0614962
0.0614991
0.061502
0.0615049
0.0615078
0.0615107
0.0615135
0.0615164
0.0615193
0.0615222
0.0615251
0.061528
0.0615309
0.0615338
0.0615367
0.0615396
0.0615425
0.0615453
0.0615482
0.0615511
0.061554
0.0615569
0.0615598
0.0615627
0.0615656
0.0615684
0.0615713
0.0615742
0.0615771
0.06158
0.0615829
0.0615858
0.0615887
0.0615915
0.0615944
0.0615973
0.0616002
0.0616031
0.061606
0.0616089
0.0616117
0.0616146
0.0616175
0.0616204
0.0616233
0.0616262
0.061629
0.0616319
0.0616348
0.0616377
0.0616406
0.0616434
0.0616463
0.0616492
0.0616521
0.061655
0.0616578
0.0616607
0.0616636
0.0616665
0.0616694
0.0616722
0.0616751
0.061678
0.0616809
0.0616838
0.0616866
0.0616895
0.0616924
0.0616953
0.0616981
0.061701
0.0617039
0.0617068
0.0617096
0.0617125
0.0617154
0.0617183
0.0617211
0.061724
0.0617269
0.0617298
0.0617326
0.0617355
0.0617384
0.0617412
0.0617441
0.061747
0.0617499
0.0617527
0.0617556
0.0617585
0.0617613
0.0617642
0.0617671
0.06177
0.0617728
0.0617757
0.0617786
0.0617814
0.0617843
0.0617872
0.06179
0.0617929
0.0617958
0.0617986
0.0618015
0.0618044
0.0618072
0.0618101
0.061813
0.0618158
0.0618187
0.0618216
0.0618244
0.0618273
0.0618301
0.061833
0.0618359
0.0618387
0.0618416
0.0618445
0.0618473
0.0618502
0.061853
0.0618559
0.0618588
0.0618616
0.0618645
0.0618673
0.0618702
0.0618731
0.0618759
0.0618788
0.0618816
0.0618845
0.0618874
0.0618902
0.0618931
0.0618959
0.0618988
0.0619016
0.0619045
0.0619073
0.0619102
0.0619131
0.0619159
0.0619188
0.0619216
0.0619245
0.0619273
0.0619302
0.061933
0.0619359
0.0619387
0.0619416
0.0619444
0.0619473
0.0619501
0.061953
0.0619558
0.0619587
0.0619615
0.0619644
0.0619672
0.0619701
0.0619729
0.0619758
0.0619786
0.0619815
0.0619843
0.0619872
0.06199
0.0619929
0.0619957
0.0619986
0.0620014
0.0620042
0.0620071
0.0620099
0.0620128
0.0620156
0.0620185
0.0620213
0.0620242
0.062027
0.0620298
0.0620327
0.0620355
0.0620384
0.0620412
0.062044
0.0620469
0.0620497
0.0620526
0.0620554
0.0620582
0.0620611
0.0620639
0.0620668
0.0620696
0.0620724
0.0620753
0.0620781
0.0620809
0.0620838
0.0620866
0.0620894
0.0620923
0.0620951
0.0620979
0.0621008
0.0621036
0.0621064
0.0621093
0.0621121
0.0621149
0.0621178
0.0621206
0.0621234
0.0621263
0.0621291
0.0621319
0.0621348
0.0621376
0.0621404
0.0621432
0.0621461
0.0621489
0.0621517
0.0621546
0.0621574
0.0621602
0.062163
0.0621659
0.0621687
0.0621715
0.0621743
0.0621772
0.06218
0.0621828
0.0621856
0.0621885
0.0621913
0.0621941
0.0621969
0.0621998
0.0622026
0.0622054
0.0622082
0.062211
0.0622139
0.0622167
0.0622195
0.0622223
0.0622251
0.062228
0.0622308
0.0622336
0.0622364
0.0622392
0.062242
0.0622449
0.0622477
0.0622505
0.0622533
0.0622561
0.0622589
0.0622618
0.0622646
0.0622674
0.0622702
0.062273
0.0622758
0.0622786
0.0622814
0.0622843
0.0622871
0.0622899
0.0622927
0.0622955
0.0622983
0.0623011
0.0623039
0.0623067
0.0623095
0.0623124
0.0623152
0.062318
0.0623208
0.0623236
0.0623264
0.0623292
0.062332
0.0623348
0.0623376
0.0623404
0.0623432
0.062346
0.0623488
0.0623516
0.0623544
0.0623572
0.06236
0.0623628
0.0623656
0.0623684
0.0623712
0.062374
0.0623768
0.0623796
0.0623824
0.0623852
0.062388
0.0623908
0.0623936
0.0623964
0.0623992
0.062402
0.0624048
0.0624076
0.0624104
0.0624132
0.062416
0.0624188
0.0624216
0.0624244
0.0624272
0.06243
0.0624328
0.0624355
0.0624383
0.0624411
0.0624439
0.0624467
0.0624495
0.0624523
0.0624551
0.0624579
0.0624607
0.0624634
0.0624662
0.062469
0.0624718
0.0624746
0.0624774
0.0624802
0.062483
0.0624857
0.0624885
0.0624913
0.0624941
0.0624969
0.0624997
0.0625024
0.0625052
0.062508
0.0625108
0.0625136
0.0625164
0.0625191
0.0625219
0.0625247
0.0625275
0.0625303
0.062533
0.0625358
0.0625386
0.0625414
0.0625441
0.0625469
0.0625497
0.0625525
0.0625552
0.062558
0.0625608
0.0625636
0.0625663
0.0625691
0.0625719
0.0625747
0.0625774
0.0625802
0.062583
0.0625858
0.0625885
0.0625913
0.0625941
0.0625968
0.0625996
0.0626024
0.0626051
0.0626079
0.0626107
0.0626135
0.0626162
0.062619
0.0626218
0.0626245
0.0626273
0.0626301
0.0626328
0.0626356
0.0626383
0.0626411
0.0626439
0.0626466
0.0626494
0.0626522
0.0626549
0.0626577
0.0626604
0.0626632
0.062666
0.0626687
0.0626715
0.0626742
0.062677
0.0626798
0.0626825
0.0626853
0.062688
0.0626908
0.0626936
0.0626963
0.0626991
0.0627018
0.0627046
0.0627073
0.0627101
0.0627128
0.0627156
0.0627183
0.0627211
0.0627238
0.0627266
0.0627293
0.0627321
0.0627349
0.0627376
0.0627404
0.0627431
0.0627458
0.0627486
0.0627513
0.0627541
0.0627568
0.0627596
0.0627623
0.0627651
0.0627678
0.0627706
0.0627733
0.0627761
0.0627788
0.0627815
0.0627843
0.062787
0.0627898
0.0627925
0.0627953
0.062798
0.0628007
0.0628035
0.0628062
0.062809
0.0628117
0.0628144
0.0628172
0.0628199
0.0628227
0.0628254
0.0628281
0.0628309
0.0628336
0.0628363
0.0628391
0.0628418
0.0628445
0.0628473
0.06285
0.0628527
0.0628555
0.0628582
0.0628609
0.0628637
0.0628664
0.0628691
0.0628719
0.0628746
0.0628773
0.0628801
0.0628828
0.0628855
0.0628882
0.062891
0.0628937
0.0628964
0.0628992
0.0629019
0.0629046
0.0629073
0.0629101
0.0629128
0.0629155
0.0629182
0.0629209
0.0629237
0.0629264
0.0629291
0.0629318
0.0629346
0.0629373
0.06294
0.0629427
0.0629454
0.0629482
0.0629509
0.0629536
0.0629563
0.062959
0.0629617
0.0629645
0.0629672
0.0629699
0.0629726
0.0629753
0.062978
0.0629808
0.0629835
0.0629862
0.0629889
0.0629916
0.0629943
0.062997
0.0629997
0.0630025
0.0630052
0.0630079
0.0630106
0.0630133
0.063016
0.0630187
0.0630214
0.0630241
0.0630268
0.0630295
0.0630322
0.0630349
0.0630377
0.0630404
0.0630431
0.0630458
0.0630485
0.0630512
0.0630539
0.0630566
0.0630593
0.063062
0.0630647
0.0630674
0.0630701
0.0630728
0.0630755
0.0630782
0.0630809
0.0630836
0.0630863
0.063089
0.0630917
0.0630944
0.0630971
0.0630998
0.0631025
0.0631052
0.0631078
0.0631105
0.0631132
0.0631159
0.0631186
0.0631213
0.063124
0.0631267
0.0631294
0.0631321
0.0631348
0.0631375
0.0631401
0.0631428
0.0631455
0.0631482
0.0631509
0.0631536
0.0631563
0.063159
0.0631616
0.0631643
0.063167
0.0631697
0.0631724
0.0631751
0.0631778
0.0631804
0.0631831
0.0631858
0.0631885
0.0631912
0.0631938
0.0631965
0.0631992
0.0632019
0.0632046
0.0632072
0.0632099
0.0632126
0.0632153
0.063218
0.0632206
0.0632233
0.063226
0.0632287
0.0632313
0.063234
0.0632367
0.0632394
0.063242
0.0632447
0.0632474
0.0632501
0.0632527
0.0632554
0.0632581
0.0632607
0.0632634
0.0632661
0.0632687
0.0632714
0.0632741
0.0632768
0.0632794
0.0632821
0.0632848
0.0632874
0.0632901
0.0632927
0.0632954
0.0632981
0.0633007
0.0633034
0.0633061
0.0633087
0.0633114
0.0633141
0.0633167
0.0633194
0.063322
0.0633247
0.0633274
0.06333
0.0633327
0.0633353
0.063338
0.0633407
0.0633433
0.063346
0.0633486
0.0633513
0.0633539
0.0633566
0.0633592
0.0633619
0.0633646
0.0633672
0.0633699
0.0633725
0.0633752
0.0633778
0.0633805
0.0633831
0.0633858
0.0633884
0.0633911
0.0633937
0.0633964
0.063399
0.0634017
0.0634043
0.063407
0.0634096
0.0634122
0.0634149
0.0634175
0.0634202
0.0634228
0.0634255
0.0634281
0.0634308
0.0634334
0.063436
0.0634387
0.0634413
0.063444
0.0634466
0.0634492
0.0634519
0.0634545
0.0634572
0.0634598
0.0634624
0.0634651
0.0634677
0.0634703
0.063473
0.0634756
0.0634783
0.0634809
0.0634835
0.0634862
0.0634888
0.0634914
0.0634941
0.0634967
0.0634993
0.063502
0.0635046
0.0635072
0.0635098
0.0635125
0.0635151
0.0635177
0.0635204
0.063523
0.0635256
0.0635282
0.0635309
0.0635335
0.0635361
0.0635387
0.0635414
0.063544
0.0635466
0.0635492
0.0635519
0.0635545
0.0635571
0.0635597
0.0635624
0.063565
0.0635676
0.0635702
0.0635728
0.0635755
0.0635781
0.0635807
0.0635833
0.0635859
0.0635885
0.0635912
0.0635938
0.0635964
0.063599
0.0636016
0.0636042
0.0636068
0.0636095
0.0636121
0.0636147
0.0636173
0.0636199
0.0636225
0.0636251
0.0636277
0.0636304
0.063633
0.0636356
0.0636382
0.0636408
0.0636434
0.063646
0.0636486
0.0636512
0.0636538
0.0636564
0.063659
0.0636616
0.0636642
0.0636668
0.0636694
0.0636721
0.0636747
0.0636773
0.0636799
0.0636825
0.0636851
0.0636877
0.0636903
0.0636929
0.0636955
0.0636981
0.0637007
0.0637033
0.0637058
0.0637084
0.063711
0.0637136
0.0637162
0.0637188
0.0637214
0.063724
0.0637266
0.0637292
0.0637318
0.0637344
0.063737
0.0637396
0.0637422
0.0637448
0.0637473
0.0637499
0.0637525
0.0637551
0.0637577
0.0637603
0.0637629
0.0637655
0.0637681
0.0637706
0.0637732
0.0637758
0.0637784
0.063781
0.0637836
0.0637861
0.0637887
0.0637913
0.0637939
0.0637965
0.0637991
0.0638016
0.0638042
0.0638068
0.0638094
0.063812
0.0638145
0.0638171
0.0638197
0.0638223
0.0638248
0.0638274
0.06383
0.0638326
0.0638352
0.0638377
0.0638403
0.0638429
0.0638455
0.063848
0.0638506
0.0638532
0.0638557
0.0638583
0.0638609
0.0638635
0.063866
0.0638686
0.0638712
0.0638737
0.0638763
0.0638789
0.0638814
0.063884
0.0638866
0.0638891
0.0638917
0.0638943
0.0638968
0.0638994
0.063902
0.0639045
0.0639071
0.0639096
0.0639122
0.0639148
0.0639173
0.0639199
0.0639225
0.063925
0.0639276
0.0639301
0.0639327
0.0639353
0.0639378
0.0639404
0.0639429
0.0639455
0.063948
0.0639506
0.0639531
0.0639557
0.0639583
0.0639608
0.0639634
0.0639659
0.0639685
0.063971
0.0639736
0.0639761
0.0639787
0.0639812
0.0639838
0.0639863
0.0639889
0.0639914
0.063994
0.0639965
0.0639991
0.0640016
0.0640042
0.0640067
0.0640092
0.0640118
0.0640143
0.0640169
0.0640194
0.064022
0.0640245
0.0640271
0.0640296
0.0640321
0.0640347
0.0640372
0.0640398
0.0640423
0.0640448
0.0640474
0.0640499
0.0640525
0.064055
0.0640575
0.0640601
0.0640626
0.0640651
0.0640677
0.0640702
0.0640727
0.0640753
0.0640778
0.0640803
0.0640829
0.0640854
0.0640879
0.0640905
0.064093
0.0640955
0.0640981
0.0641006
0.0641031
0.0641056
0.0641082
0.0641107
0.0641132
0.0641158
0.0641183
0.0641208
0.0641233
0.0641259
0.0641284
0.0641309
0.0641334
0.064136
0.0641385
0.064141
0.0641435
0.0641461
0.0641486
0.0641511
0.0641536
0.0641561
0.0641587
0.0641612
0.0641637
0.0641662
0.0641687
0.0641712
0.0641738
0.0641763
0.0641788
0.0641813
0.0641838
0.0641863
0.0641889
0.0641914
0.0641939
0.0641964
0.0641989
0.0642014
0.0642039
0.0642064
0.064209
0.0642115
0.064214
0.0642165
0.064219
0.0642215
0.064224
0.0642265
0.064229
0.0642315
0.064234
0.0642365
0.064239
0.0642416
0.0642441
0.0642466
0.0642491
0.0642516
0.0642541
0.0642566
0.0642591
0.0642616
0.0642641
0.0642666
0.0642691
0.0642716
0.0642741
0.0642766
0.0642791
0.0642816
0.0642841
0.0642866
0.0642891
0.0642916
0.0642941
0.0642966
0.064299
0.0643015
0.064304
0.0643065
0.064309
0.0643115
0.064314
0.0643165
0.064319
0.0643215
0.064324
0.0643265
0.064329
0.0643314
0.0643339
0.0643364
0.0643389
0.0643414
0.0643439
0.0643464
0.0643489
0.0643513
0.0643538
0.0643563
0.0643588
0.0643613
0.0643638
0.0643662
0.0643687
0.0643712
0.0643737
0.0643762
0.0643787
0.0643811
0.0643836
0.0643861
0.0643886
0.0643911
0.0643935
0.064396
0.0643985
0.064401
0.0644034
0.0644059
0.0644084
0.0644109
0.0644133
0.0644158
0.0644183
0.0644208
0.0644232
0.0644257
0.0644282
0.0644307
0.0644331
0.0644356
0.0644381
0.0644405
0.064443
0.0644455
0.0644479
0.0644504
0.0644529
0.0644553
0.0644578
0.0644603
0.0644627
0.0644652
0.0644677
0.0644701
0.0644726
0.0644751
0.0644775
0.06448
0.0644825
0.0644849
0.0644874
0.0644898
0.0644923
0.0644948
0.0644972
0.0644997
0.0645021
0.0645046
0.0645071
0.0645095
0.064512
0.0645144
0.0645169
0.0645193
0.0645218
0.0645243
0.0645267
0.0645292
0.0645316
0.0645341
0.0645365
0.064539
0.0645414
0.0645439
0.0645463
0.0645488
0.0645512
0.0645537
0.0645561
0.0645586
0.064561
0.0645635
0.0645659
0.0645684
0.0645708
0.0645733
0.0645757
0.0645782
0.0645806
0.0645831
0.0645855
0.0645879
0.0645904
0.0645928
0.0645953
0.0645977
0.0646002
0.0646026
0.064605
0.0646075
0.0646099
0.0646124
0.0646148
0.0646172
0.0646197
0.0646221
0.0646246
0.064627
0.0646294
0.0646319
0.0646343
0.0646367
0.0646392
0.0646416
0.064644
0.0646465
0.0646489
0.0646513
0.0646538
0.0646562
0.0646586
0.0646611
0.0646635
0.0646659
0.0646684
0.0646708
0.0646732
0.0646756
0.0646781
0.0646805
0.0646829
0.0646853
0.0646878
0.0646902
0.0646926
0.0646951
0.0646975
0.0646999
0.0647023
0.0647047
0.0647072
0.0647096
0.064712
0.0647144
0.0647169
0.0647193
0.0647217
0.0647241
0.0647265
0.064729
0.0647314
0.0647338
0.0647362
0.0647386
0.064741
0.0647435
0.0647459
0.0647483
0.0647507
0.0647531
0.0647555
0.0647579
0.0647604
0.0647628
0.0647652
0.0647676
0.06477
0.0647724
0.0647748
0.0647772
0.0647797
0.0647821
0.0647845
0.0647869
0.0647893
0.0647917
0.0647941
0.0647965
0.0647989
0.0648013
0.0648037
0.0648061
0.0648085
0.0648109
0.0648133
0.0648157
0.0648182
0.0648206
0.064823
0.0648254
0.0648278
0.0648302
0.0648326
0.064835
0.0648374
0.0648398
0.0648422
0.0648446
0.064847
0.0648494
0.0648518
0.0648541
0.0648565
0.0648589
0.0648613
0.0648637
0.0648661
0.0648685
0.0648709
0.0648733
0.0648757
0.0648781
0.0648805
0.0648829
0.0648853
0.0648877
0.06489
0.0648924
0.0648948
0.0648972
0.0648996
0.064902
0.0649044
0.0649068
0.0649092
0.0649115
0.0649139
0.0649163
0.0649187
0.0649211
0.0649235
0.0649258
0.0649282
0.0649306
0.064933
0.0649354
0.0649378
0.0649401
0.0649425
0.0649449
0.0649473
0.0649497
0.064952
0.0649544
0.0649568
0.0649592
0.0649616
0.0649639
0.0649663
0.0649687
0.0649711
0.0649734
0.0649758
0.0649782
0.0649806
0.0649829
0.0649853
0.0649877
0.0649901
0.0649924
0.0649948
0.0649972
0.0649995
0.0650019
0.0650043
0.0650066
0.065009
0.0650114
0.0650138
0.0650161
0.0650185
0.0650209
0.0650232
0.0650256
0.065028
0.0650303
0.0650327
0.065035
0.0650374
0.0650398
0.0650421
0.0650445
0.0650469
0.0650492
0.0650516
0.0650539
0.0650563
0.0650587
0.065061
0.0650634
0.0650657
0.0650681
0.0650705
0.0650728
0.0650752
0.0650775
0.0650799
0.0650822
0.0650846
0.065087
0.0650893
0.0650917
0.065094
0.0650964
0.0650987
0.0651011
0.0651034
0.0651058
0.0651081
0.0651105
0.0651128
0.0651152
0.0651175
0.0651199
0.0651222
0.0651246
0.0651269
0.0651293
0.0651316
0.065134
0.0651363
0.0651387
0.065141
0.0651434
0.0651457
0.065148
0.0651504
0.0651527
0.0651551
0.0651574
0.0651598
0.0651621
0.0651644
0.0651668
0.0651691
0.0651715
0.0651738
0.0651761
0.0651785
0.0651808
0.0651832
0.0651855
0.0651878
0.0651902
0.0651925
0.0651948
0.0651972
0.0651995
0.0652018
0.0652042
0.0652065
0.0652088
0.0652112
0.0652135
0.0652158
0.0652182
0.0652205
0.0652228
0.0652252
0.0652275
0.0652298
0.0652322
0.0652345
0.0652368
0.0652391
0.0652415
0.0652438
0.0652461
0.0652484
0.0652508
0.0652531
0.0652554
0.0652578
0.0652601
0.0652624
0.0652647
0.065267
0.0652694
0.0652717
0.065274
0.0652763
0.0652787
0.065281
0.0652833
0.0652856
0.0652879
0.0652903
0.0652926
0.0652949
0.0652972
0.0652995
0.0653018
0.0653042
0.0653065
0.0653088
0.0653111
0.0653134
0.0653157
0.065318
0.0653204
0.0653227
0.065325
0.0653273
0.0653296
0.0653319
0.0653342
0.0653365
0.0653389
0.0653412
0.0653435
0.0653458
0.0653481
0.0653504
0.0653527
0.065355
0.0653573
0.0653596
0.0653619
0.0653642
0.0653665
0.0653688
0.0653712
0.0653735
0.0653758
0.0653781
0.0653804
0.0653827
0.065385
0.0653873
0.0653896
0.0653919
0.0653942
0.0653965
0.0653988
0.0654011
0.0654034
0.0654057
0.065408
0.0654103
0.0654126
0.0654149
0.0654172
0.0654195
0.0654217
0.065424
0.0654263
0.0654286
0.0654309
0.0654332
0.0654355
0.0654378
0.0654401
0.0654424
0.0654447
0.065447
0.0654493
0.0654516
0.0654538
0.0654561
0.0654584
0.0654607
0.065463
0.0654653
0.0654676
0.0654699
0.0654721
0.0654744
0.0654767
0.065479
0.0654813
0.0654836
0.0654859
0.0654881
0.0654904
0.0654927
0.065495
0.0654973
0.0654996
0.0655018
0.0655041
0.0655064
0.0655087
0.065511
0.0655132
0.0655155
0.0655178
0.0655201
0.0655223
0.0655246
0.0655269
0.0655292
0.0655315
0.0655337
0.065536
0.0655383
0.0655406
0.0655428
0.0655451
0.0655474
0.0655496
0.0655519
0.0655542
0.0655565
0.0655587
0.065561
0.0655633
0.0655655
0.0655678
0.0655701
0.0655724
0.0655746
0.0655769
0.0655792
0.0655814
0.0655837
0.065586
0.0655882
0.0655905
0.0655928
0.065595
0.0655973
0.0655995
0.0656018
0.0656041
0.0656063
0.0656086
0.0656109
0.0656131
0.0656154
0.0656176
0.0656199
0.0656222
0.0656244
0.0656267
0.0656289
0.0656312
0.0656335
0.0656357
0.065638
0.0656402
0.0656425
0.0656447
0.065647
0.0656493
0.0656515
0.0656538
0.065656
0.0656583
0.0656605
0.0656628
0.065665
0.0656673
0.0656695
0.0656718
0.065674
0.0656763
0.0656785
0.0656808
0.065683
0.0656853
0.0656875
0.0656898
0.065692
0.0656943
0.0656965
0.0656988
0.065701
0.0657033
0.0657055
0.0657077
0.06571
0.0657122
0.0657145
0.0657167
0.065719
0.0657212
0.0657234
0.0657257
0.0657279
0.0657302
0.0657324
0.0657347
0.0657369
0.0657391
0.0657414
0.0657436
0.0657458
0.0657481
0.0657503
0.0657526
0.0657548
0.065757
0.0657593
0.0657615
0.0657637
0.065766
0.0657682
0.0657704
0.0657727
0.0657749
0.0657771
0.0657794
0.0657816
0.0657838
0.0657861
0.0657883
0.0657905
0.0657928
0.065795
0.0657972
0.0657994
0.0658017
0.0658039
0.0658061
0.0658083
0.0658106
0.0658128
0.065815
0.0658173
0.0658195
0.0658217
0.0658239
0.0658262
0.0658284
0.0658306
0.0658328
0.065835
0.0658373
0.0658395
0.0658417
0.0658439
0.0658461
0.0658484
0.0658506
0.0658528
0.065855
0.0658572
0.0658595
0.0658617
0.0658639
0.0658661
0.0658683
0.0658705
0.0658728
0.065875
0.0658772
0.0658794
0.0658816
0.0658838
0.065886
0.0658883
0.0658905
0.0658927
0.0658949
0.0658971
0.0658993
0.0659015
0.0659037
0.065906
0.0659082
0.0659104
0.0659126
0.0659148
0.065917
0.0659192
0.0659214
0.0659236
0.0659258
0.065928
0.0659302
0.0659324
0.0659346
0.0659368
0.0659391
0.0659413
0.0659435
0.0659457
0.0659479
0.0659501
0.0659523
0.0659545
0.0659567
0.0659589
0.0659611
0.0659633
0.0659655
0.0659677
0.0659699
0.0659721
0.0659743
0.0659765
0.0659787
0.0659809
0.0659831
0.0659852
0.0659874
0.0659896
0.0659918
0.065994
0.0659962
0.0659984
0.0660006
0.0660028
0.066005
0.0660072
0.0660094
0.0660116
0.0660138
0.066016
0.0660181
0.0660203
0.0660225
0.0660247
0.0660269
0.0660291
0.0660313
0.0660335
0.0660357
0.0660378
0.06604
0.0660422
0.0660444
0.0660466
0.0660488
0.066051
0.0660531
0.0660553
0.0660575
0.0660597
0.0660619
0.066064
0.0660662
0.0660684
0.0660706
0.0660728
0.066075
0.0660771
0.0660793
0.0660815
0.0660837
0.0660858
0.066088
0.0660902
0.0660924
0.0660946
0.0660967
0.0660989
0.0661011
0.0661033
0.0661054
0.0661076
0.0661098
0.066112
0.0661141
0.0661163
0.0661185
0.0661207
0.0661228
0.066125
0.0661272
0.0661293
0.0661315
0.0661337
0.0661358
0.066138
0.0661402
0.0661424
0.0661445
0.0661467
0.0661489
0.066151
0.0661532
0.0661554
0.0661575
0.0661597
0.0661619
0.066164
0.0661662
0.0661683
0.0661705
0.0661727
0.0661748
0.066177
0.0661792
0.0661813
0.0661835
0.0661856
0.0661878
0.06619
0.0661921
0.0661943
0.0661964
0.0661986
0.0662008
0.0662029
0.0662051
0.0662072
0.0662094
0.0662115
0.0662137
0.0662159
0.066218
0.0662202
0.0662223
0.0662245
0.0662266
0.0662288
0.0662309
0.0662331
0.0662352
0.0662374
0.0662396
0.0662417
0.0662439
0.066246
0.0662482
0.0662503
0.0662525
0.0662546
0.0662568
0.0662589
0.066261
0.0662632
0.0662653
0.0662675
0.0662696
0.0662718
0.0662739
0.0662761
0.0662782
0.0662804
0.0662825
0.0662846
0.0662868
0.0662889
0.0662911
0.0662932
0.0662954
0.0662975
0.0662996
0.0663018
0.0663039
0.0663061
0.0663082
0.0663103
0.0663125
0.0663146
0.0663168
0.0663189
0.066321
0.0663232
0.0663253
0.0663274
0.0663296
0.0663317
0.0663339
0.066336
0.0663381
0.0663403
0.0663424
0.0663445
0.0663467
0.0663488
0.0663509
0.0663531
0.0663552
0.0663573
0.0663595
0.0663616
0.0663637
0.0663658
0.066368
0.0663701
0.0663722
0.0663744
0.0663765
0.0663786
0.0663807
0.0663829
0.066385
0.0663871
0.0663892
0.0663914
0.0663935
0.0663956
0.0663977
0.0663999
0.066402
0.0664041
0.0664062
0.0664084
0.0664105
0.0664126
0.0664147
0.0664168
0.066419
0.0664211
0.0664232
0.0664253
0.0664274
0.0664296
0.0664317
0.0664338
0.0664359
0.066438
0.0664402
0.0664423
0.0664444
0.0664465
0.0664486
0.0664507
0.0664529
0.066455
0.0664571
0.0664592
0.0664613
0.0664634
0.0664655
0.0664676
0.0664698
0.0664719
0.066474
0.0664761
0.0664782
0.0664803
0.0664824
0.0664845
0.0664866
0.0664887
0.0664909
0.066493
0.0664951
0.0664972
0.0664993
0.0665014
0.0665035
0.0665056
0.0665077
0.0665098
0.0665119
0.066514
0.0665161
0.0665182
0.0665203
0.0665224
0.0665245
0.0665266
0.0665287
0.0665308
0.0665329
0.0665351
0.0665372
0.0665393
0.0665414
0.0665435
0.0665455
0.0665476
0.0665497
0.0665518
0.0665539
0.066556
0.0665581
0.0665602
0.0665623
0.0665644
0.0665665
0.0665686
0.0665707
0.0665728
0.0665749
0.066577
0.0665791
0.0665812
0.0665833
0.0665854
0.0665875
0.0665895
0.0665916
0.0665937
0.0665958
0.0665979
0.0666
0.0666021
0.0666042
0.0666063
0.0666084
0.0666104
0.0666125
0.0666146
0.0666167
0.0666188
0.0666209
0.066623
0.066625
0.0666271
0.0666292
0.0666313
0.0666334
0.0666355
0.0666376
0.0666396
0.0666417
0.0666438
0.0666459
0.066648
0.06665
0.0666521
0.0666542
0.0666563
0.0666584
0.0666604
0.0666625
0.0666646
0.0666667
0.0666688
0.0666708
0.0666729
0.066675
0.0666771
0.0666791
0.0666812
0.0666833
0.0666854
0.0666874
0.0666895
0.0666916
0.0666937
0.0666957
0.0666978
0.0666999
0.066702
0.066704
0.0667061
0.0667082
0.0667102
0.0667123
0.0667144
0.0667165
0.0667185
0.0667206
0.0667227
0.0667247
0.0667268
0.0667289
0.0667309
0.066733
0.0667351
0.0667371
0.0667392
0.0667413
0.0667433
0.0667454
0.0667475
0.0667495
0.0667516
0.0667537
0.0667557
0.0667578
0.0667598
0.0667619
0.066764
0.066766
0.0667681
0.0667702
0.0667722
0.0667743
0.0667763
0.0667784
0.0667805
0.0667825
0.0667846
0.0667866
0.0667887
0.0667907
0.0667928
0.0667949
0.0667969
0.066799
0.066801
0.0668031
0.0668051
0.0668072
0.0668092
0.0668113
0.0668134
0.0668154
0.0668175
0.0668195
0.0668216
0.0668236
0.0668257
0.0668277
0.0668298
0.0668318
0.0668339
0.0668359
0.066838
0.06684
0.0668421
0.0668441
0.0668462
0.0668482
0.0668503
0.0668523
0.0668544
0.0668564
0.0668585
0.0668605
0.0668625
0.0668646
0.0668666
0.0668687
0.0668707
0.0668728
0.0668748
0.0668769
0.0668789
0.0668809
0.066883
0.066885
0.0668871
0.0668891
0.0668911
0.0668932
0.0668952
0.0668973
0.0668993
0.0669013
0.0669034
0.0669054
0.0669075
0.0669095
0.0669115
0.0669136
0.0669156
0.0669176
0.0669197
0.0669217
0.0669237
0.0669258
0.0669278
0.0669298
0.0669319
0.0669339
0.0669359
0.066938
0.06694
0.066942
0.0669441
0.0669461
0.0669481
0.0669502
0.0669522
0.0669542
0.0669563
0.0669583
0.0669603
0.0669623
0.0669644
0.0669664
0.0669684
0.0669705
0.0669725
0.0669745
0.0669765
0.0669786
0.0669806
0.0669826
0.0669846
0.0669867
0.0669887
0.0669907
0.0669927
0.0669948
0.0669968
0.0669988
0.0670008
0.0670029
0.0670049
0.0670069
0.0670089
0.0670109
0.067013
0.067015
0.067017
0.067019
0.067021
0.0670231
0.0670251
0.0670271
0.0670291
0.0670311
0.0670331
0.0670352
0.0670372
0.0670392
0.0670412
0.0670432
0.0670452
0.0670473
0.0670493
0.0670513
0.0670533
0.0670553
0.0670573
0.0670593
0.0670613
0.0670634
0.0670654
0.0670674
0.0670694
0.0670714
0.0670734
0.0670754
0.0670774
0.0670794
0.0670814
0.0670835
0.0670855
0.0670875
0.0670895
0.0670915
0.0670935
0.0670955
0.0670975
0.0670995
0.0671015
0.0671035
0.0671055
0.0671075
0.0671095
0.0671115
0.0671135
0.0671155
0.0671176
0.0671196
0.0671216
0.0671236
0.0671256
0.0671276
0.0671296
0.0671316
0.0671336
0.0671356
0.0671376
0.0671396
0.0671416
0.0671436
0.0671456
0.0671476
0.0671496
0.0671516
0.0671535
0.0671555
0.0671575
0.0671595
0.0671615
0.0671635
0.0671655
0.0671675
0.0671695
0.0671715
0.0671735
0.0671755
0.0671775
0.0671795
0.0671815
0.0671835
0.0671855
0.0671874
0.0671894
0.0671914
0.0671934
0.0671954
0.0671974
0.0671994
0.0672014
0.0672034
0.0672054
0.0672073
0.0672093
0.0672113
0.0672133
0.0672153
0.0672173
0.0672193
0.0672213
0.0672232
0.0672252
0.0672272
0.0672292
0.0672312
0.0672332
0.0672351
0.0672371
0.0672391
0.0672411
0.0672431
0.0672451
0.067247
0.067249
0.067251
0.067253
0.067255
0.0672569
0.0672589
0.0672609
0.0672629
0.0672649
0.0672668
0.0672688
0.0672708
0.0672728
0.0672748
0.0672767
0.0672787
0.0672807
0.0672827
0.0672846
0.0672866
0.0672886
0.0672906
0.0672925
0.0672945
0.0672965
0.0672985
0.0673004
0.0673024
0.0673044
0.0673063
0.0673083
0.0673103
0.0673123
0.0673142
0.0673162
0.0673182
0.0673201
0.0673221
0.0673241
0.067326
0.067328
0.06733
0.0673319
0.0673339
0.0673359
0.0673379
0.0673398
0.0673418
0.0673437
0.0673457
0.0673477
0.0673496
0.0673516
0.0673536
0.0673555
0.0673575
0.0673595
0.0673614
0.0673634
0.0673654
0.0673673
0.0673693
0.0673712
0.0673732
0.0673752
0.0673771
0.0673791
0.067381
0.067383
0.067385
0.0673869
0.0673889
0.0673908
0.0673928
0.0673948
0.0673967
0.0673987
0.0674006
0.0674026
0.0674045
0.0674065
0.0674084
0.0674104
0.0674124
0.0674143
0.0674163
0.0674182
0.0674202
0.0674221
0.0674241
0.067426
0.067428
0.0674299
0.0674319
0.0674338
0.0674358
0.0674377
0.0674397
0.0674416
0.0674436
0.0674455
0.0674475
0.0674494
0.0674514
0.0674533
0.0674553
0.0674572
0.0674592
0.0674611
0.0674631
0.067465
0.067467
0.0674689
0.0674709
0.0674728
0.0674747
0.0674767
0.0674786
0.0674806
0.0674825
0.0674845
0.0674864
0.0674883
0.0674903
0.0674922
0.0674942
0.0674961
0.0674981
0.0675
0.0675019
0.0675039
0.0675058
0.0675078
0.0675097
0.0675116
0.0675136
0.0675155
0.0675174
0.0675194
0.0675213
0.0675233
0.0675252
0.0675271
0.0675291
0.067531
0.0675329
0.0675349
0.0675368
0.0675387
0.0675407
0.0675426
0.0675445
0.0675465
0.0675484
0.0675503
0.0675523
0.0675542
0.0675561
0.0675581
0.06756
0.0675619
0.0675639
0.0675658
0.0675677
0.0675697
0.0675716
0.0675735
0.0675754
0.0675774
0.0675793
0.0675812
0.0675832
0.0675851
0.067587
0.0675889
0.0675909
0.0675928
0.0675947
0.0675966
0.0675986
0.0676005
0.0676024
0.0676043
0.0676063
0.0676082
0.0676101
0.067612
0.0676139
0.0676159
0.0676178
0.0676197
0.0676216
0.0676236
0.0676255
0.0676274
0.0676293
0.0676312
0.0676332
0.0676351
0.067637
0.0676389
0.0676408
0.0676427
0.0676447
0.0676466
0.0676485
0.0676504
0.0676523
0.0676542
0.0676562
0.0676581
0.06766
0.0676619
0.0676638
0.0676657
0.0676676
0.0676696
0.0676715
0.0676734
0.0676753
0.0676772
0.0676791
0.067681
0.0676829
0.0676849
0.0676868
0.0676887
0.0676906
0.0676925
0.0676944
0.0676963
0.0676982
0.0677001
0.067702
0.067704
0.0677059
0.0677078
0.0677097
0.0677116
0.0677135
0.0677154
0.0677173
0.0677192
0.0677211
0.067723
0.0677249
0.0677268
0.0677287
0.0677306
0.0677325
0.0677344
0.0677363
0.0677382
0.0677402
0.0677421
0.067744
0.0677459
0.0677478
0.0677497
0.0677516
0.0677535
0.0677554
0.0677573
0.0677592
0.0677611
0.067763
0.0677649
0.0677668
0.0677687
0.0677705
0.0677724
0.0677743
0.0677762
0.0677781
0.06778
0.0677819
0.0677838
0.0677857
0.0677876
0.0677895
0.0677914
0.0677933
0.0677952
0.0677971
0.067799
0.0678009
0.0678028
0.0678047
0.0678065
0.0678084
0.0678103
0.0678122
0.0678141
0.067816
0.0678179
0.0678198
0.0678217
0.0678236
0.0678254
0.0678273
0.0678292
0.0678311
0.067833
0.0678349
0.0678368
0.0678387
0.0678405
0.0678424
0.0678443
0.0678462
0.0678481
0.06785
0.0678519
0.0678537
0.0678556
0.0678575
0.0678594
0.0678613
0.0678632
0.067865
0.0678669
0.0678688
0.0678707
0.0678726
0.0678745
0.0678763
0.0678782
0.0678801
0.067882
0.0678839
0.0678857
0.0678876
0.0678895
0.0678914
0.0678933
0.0678951
0.067897
0.0678989
0.0679008
0.0679026
0.0679045
0.0679064
0.0679083
0.0679101
0.067912
0.0679139
0.0679158
0.0679176
0.0679195
0.0679214
0.0679233
0.0679251
0.067927
0.0679289
0.0679308
0.0679326
0.0679345
0.0679364
0.0679382
0.0679401
0.067942
0.0679439
0.0679457
0.0679476
0.0679495
0.0679513
0.0679532
0.0679551
0.0679569
0.0679588
0.0679607
0.0679625
0.0679644
0.0679663
0.0679681
0.06797
0.0679719
0.0679737
0.0679756
0.0679775
0.0679793
0.0679812
0.0679831
0.0679849
0.0679868
0.0679887
0.0679905
0.0679924
0.0679942
0.0679961
0.067998
0.0679998
0.0680017
0.0680036
0.0680054
0.0680073
0.0680091
0.068011
0.0680129
0.0680147
0.0680166
0.0680184
0.0680203
0.0680222
0.068024
0.0680259
0.0680277
0.0680296
0.0680314
0.0680333
0.0680352
0.068037
0.0680389
0.0680407
0.0680426
0.0680444
0.0680463
0.0680481
0.06805
0.0680518
0.0680537
0.0680556
0.0680574
0.0680593
0.0680611
0.068063
0.0680648
0.0680667
0.0680685
0.0680704
0.0680722
0.0680741
0.0680759
0.0680778
0.0680796
0.0680815
0.0680833
0.0680852
0.068087
0.0680889
0.0680907
0.0680926
0.0680944
0.0680962
0.0680981
0.0680999
0.0681018
0.0681036
0.0681055
0.0681073
0.0681092
0.068111
0.0681129
0.0681147
0.0681165
0.0681184
0.0681202
0.0681221
0.0681239
0.0681258
0.0681276
0.0681294
0.0681313
0.0681331
0.068135
0.0681368
0.0681386
0.0681405
0.0681423
0.0681442
0.068146
0.0681478
0.0681497
0.0681515
0.0681534
0.0681552
0.068157
0.0681589
0.0681607
0.0681625
0.0681644
0.0681662
0.0681681
0.0681699
0.0681717
0.0681736
0.0681754
0.0681772
0.0681791
0.0681809
0.0681827
0.0681846
0.0681864
0.0681882
0.0681901
0.0681919
0.0681937
0.0681956
0.0681974
0.0681992
0.068201
0.0682029
0.0682047
0.0682065
0.0682084
0.0682102
0.068212
0.0682139
0.0682157
0.0682175
0.0682193
0.0682212
0.068223
0.0682248
0.0682266
0.0682285
0.0682303
0.0682321
0.068234
0.0682358
0.0682376
0.0682394
0.0682413
0.0682431
0.0682449
0.0682467
0.0682486
0.0682504
0.0682522
0.068254
0.0682558
0.0682577
0.0682595
0.0682613
0.0682631
0.0682649
0.0682668
0.0682686
0.0682704
0.0682722
0.0682741
0.0682759
0.0682777
0.0682795
0.0682813
0.0682831
0.068285
0.0682868
0.0682886
0.0682904
0.0682922
0.068294
0.0682959
0.0682977
0.0682995
0.0683013
0.0683031
0.0683049
0.0683068
0.0683086
0.0683104
0.0683122
0.068314
0.0683158
0.0683176
0.0683195
0.0683213
0.0683231
0.0683249
0.0683267
0.0683285
0.0683303
0.0683321
0.0683339
0.0683358
0.0683376
0.0683394
0.0683412
0.068343
0.0683448
0.0683466
0.0683484
0.0683502
0.068352
0.0683538
0.0683556
0.0683575
0.0683593
0.0683611
0.0683629
0.0683647
0.0683665
0.0683683
0.0683701
0.0683719
0.0683737
0.0683755
0.0683773
0.0683791
0.0683809
0.0683827
0.0683845
0.0683863
0.0683881
0.0683899
0.0683917
0.0683935
0.0683953
0.0683971
0.0683989
0.0684007
0.0684025
0.0684043
0.0684061
0.0684079
0.0684097
0.0684115
0.0684133
0.0684151
0.0684169
0.0684187
0.0684205
0.0684223
0.0684241
0.0684259
0.0684277
0.0684295
0.0684313
0.0684331
0.0684349
0.0684367
0.0684385
0.0684403
0.0684421
0.0684439
0.0684457
0.0684475
0.0684493
0.068451
0.0684528
0.0684546
0.0684564
0.0684582
0.06846
0.0684618
0.0684636
0.0684654
0.0684672
0.068469
0.0684708
0.0684725
0.0684743
0.0684761
0.0684779
0.0684797
0.0684815
0.0684833
0.0684851
0.0684869
0.0684886
0.0684904
0.0684922
0.068494
0.0684958
0.0684976
0.0684994
0.0685011
0.0685029
0.0685047
0.0685065
0.0685083
0.0685101
0.0685118
0.0685136
0.0685154
0.0685172
0.068519
0.0685208
0.0685225
0.0685243
0.0685261
0.0685279
0.0685297
0.0685315
0.0685332
0.068535
0.0685368
0.0685386
0.0685404
0.0685421
0.0685439
0.0685457
0.0685475
0.0685492
0.068551
0.0685528
0.0685546
0.0685564
0.0685581
0.0685599
0.0685617
0.0685635
0.0685652
0.068567
0.0685688
0.0685706
0.0685723
0.0685741
0.0685759
0.0685777
0.0685794
0.0685812
0.068583
0.0685848
0.0685865
0.0685883
0.0685901
0.0685918
0.0685936
0.0685954
0.0685972
0.0685989
0.0686007
0.0686025
0.0686042
0.068606
0.0686078
0.0686096
0.0686113
0.0686131
0.0686149
0.0686166
0.0686184
0.0686202
0.0686219
0.0686237
0.0686255
0.0686272
0.068629
0.0686308
0.0686325
0.0686343
0.0686361
0.0686378
0.0686396
0.0686414
0.0686431
0.0686449
0.0686467
0.0686484
0.0686502
0.0686519
0.0686537
0.0686555
0.0686572
0.068659
0.0686608
0.0686625
0.0686643
0.068666
0.0686678
0.0686696
0.0686713
0.0686731
0.0686748
0.0686766
0.0686784
0.0686801
0.0686819
0.0686836
0.0686854
0.0686872
0.0686889
0.0686907
0.0686924
0.0686942
0.0686959
0.0686977
0.0686994
0.0687012
0.068703
0.0687047
0.0687065
0.0687082
0.06871
0.0687117
0.0687135
0.0687152
0.068717
0.0687187
0.0687205
0.0687223
0.068724
0.0687258
0.0687275
0.0687293
0.068731
0.0687328
0.0687345
0.0687363
0.068738
0.0687398
0.0687415
0.0687433
0.068745
0.0687468
0.0687485
0.0687503
0.068752
0.0687538
0.0687555
0.0687573
0.068759
0.0687608
0.0687625
0.0687642
0.068766
0.0687677
0.0687695
0.0687712
0.068773
0.0687747
0.0687765
0.0687782
0.06878
0.0687817
0.0687834
0.0687852
0.0687869
0.0687887
0.0687904
0.0687922
0.0687939
0.0687956
0.0687974
0.0687991
0.0688009
0.0688026
0.0688043
0.0688061
0.0688078
0.0688096
0.0688113
0.068813
0.0688148
0.0688165
0.0688183
0.06882
0.0688217
0.0688235
0.0688252
0.068827
0.0688287
0.0688304
0.0688322
0.0688339
0.0688356
0.0688374
0.0688391
0.0688408
0.0688426
0.0688443
0.0688461
0.0688478
0.0688495
0.0688513
0.068853
0.0688547
0.0688565
0.0688582
0.0688599
0.0688617
0.0688634
0.0688651
0.0688668
0.0688686
0.0688703
0.068872
0.0688738
0.0688755
0.0688772
0.068879
0.0688807
0.0688824
0.0688842
0.0688859
0.0688876
0.0688893
0.0688911
0.0688928
0.0688945
0.0688962
0.068898
0.0688997
0.0689014
0.0689032
0.0689049
0.0689066
0.0689083
0.0689101
0.0689118
0.0689135
0.0689152
0.068917
0.0689187
0.0689204
0.0689221
0.0689239
0.0689256
0.0689273
0.068929
0.0689307
0.0689325
0.0689342
0.0689359
0.0689376
0.0689394
0.0689411
0.0689428
0.0689445
0.0689462
0.068948
0.0689497
0.0689514
0.0689531
0.0689548
0.0689566
0.0689583
0.06896
0.0689617
0.0689634
0.0689651
0.0689669
0.0689686
0.0689703
0.068972
0.0689737
0.0689754
0.0689772
0.0689789
0.0689806
0.0689823
0.068984
0.0689857
0.0689875
0.0689892
0.0689909
0.0689926
0.0689943
0.068996
0.0689977
0.0689994
0.0690012
0.0690029
0.0690046
0.0690063
0.069008
0.0690097
0.0690114
0.0690131
0.0690148
0.0690166
0.0690183
0.06902
0.0690217
0.0690234
0.0690251
0.0690268
0.0690285
0.0690302
0.0690319
0.0690336
0.0690354
0.0690371
0.0690388
0.0690405
0.0690422
0.0690439
0.0690456
0.0690473
0.069049
0.0690507
0.0690524
0.0690541
0.0690558
0.0690575
0.0690592
0.0690609
0.0690626
0.0690643
0.069066
0.0690677
0.0690695
0.0690712
0.0690729
0.0690746
0.0690763
0.069078
0.0690797
0.0690814
0.0690831
0.0690848
0.0690865
0.0690882
0.0690899
0.0690916
0.0690933
0.069095
0.0690967
0.0690984
0.0691001
0.0691018
0.0691035
0.0691052
0.0691068
0.0691085
0.0691102
0.0691119
0.0691136
0.0691153
0.069117
0.0691187
0.0691204
0.0691221
0.0691238
0.0691255
0.0691272
0.0691289
0.0691306
0.0691323
0.069134
0.0691357
0.0691374
0.0691391
0.0691407
0.0691424
0.0691441
0.0691458
0.0691475
0.0691492
0.0691509
0.0691526
0.0691543
0.069156
0.0691577
0.0691593
0.069161
0.0691627
0.0691644
0.0691661
0.0691678
0.0691695
0.0691712
0.0691729
0.0691745
0.0691762
0.0691779
0.0691796
0.0691813
0.069183
0.0691847
0.0691864
0.069188
0.0691897
0.0691914
0.0691931
0.0691948
0.0691965
0.0691981
0.0691998
0.0692015
0.0692032
0.0692049
0.0692066
0.0692083
0.0692099
0.0692116
0.0692133
0.069215
0.0692167
0.0692183
0.06922
0.0692217
0.0692234
0.0692251
0.0692267
0.0692284
0.0692301
0.0692318
0.0692335
0.0692351
0.0692368
0.0692385
0.0692402
0.0692419
0.0692435
0.0692452
0.0692469
0.0692486
0.0692502
0.0692519
0.0692536
0.0692553
0.069257
0.0692586
0.0692603
0.069262
0.0692637
0.0692653
0.069267
0.0692687
0.0692704
0.069272
0.0692737
0.0692754
0.069277
0.0692787
0.0692804
0.0692821
0.0692837
0.0692854
0.0692871
0.0692888
0.0692904
0.0692921
0.0692938
0.0692954
0.0692971
0.0692988
0.0693005
0.0693021
0.0693038
0.0693055
0.0693071
0.0693088
0.0693105
0.0693121
0.0693138
0.0693155
0.0693171
0.0693188
0.0693205
0.0693221
0.0693238
0.0693255
0.0693271
0.0693288
0.0693305
0.0693321
0.0693338
0.0693355
0.0693371
0.0693388
0.0693405
0.0693421
0.0693438
0.0693455
0.0693471
0.0693488
0.0693504
0.0693521
0.0693538
0.0693554
0.0693571
0.0693588
0.0693604
0.0693621
0.0693637
0.0693654
0.0693671
0.0693687
0.0693704
0.069372
0.0693737
0.0693754
0.069377
0.0693787
0.0693803
0.069382
0.0693837
0.0693853
0.069387
0.0693886
0.0693903
0.0693919
0.0693936
0.0693953
0.0693969
0.0693986
0.0694002
0.0694019
0.0694035
0.0694052
0.0694069
0.0694085
0.0694102
0.0694118
0.0694135
0.0694151
0.0694168
0.0694184
0.0694201
0.0694217
0.0694234
0.069425
0.0694267
0.0694283
0.06943
0.0694317
0.0694333
0.069435
0.0694366
0.0694383
0.0694399
0.0694416
0.0694432
0.0694449
0.0694465
0.0694482
0.0694498
0.0694515
0.0694531
0.0694548
0.0694564
0.0694581
0.0694597
0.0694613
0.069463
0.0694646
0.0694663
0.0694679
0.0694696
0.0694712
0.0694729
0.0694745
0.0694762
0.0694778
0.0694795
0.0694811
0.0694827
0.0694844
0.069486
0.0694877
0.0694893
0.069491
0.0694926
0.0694943
0.0694959
0.0694975
0.0694992
0.0695008
0.0695025
0.0695041
0.0695058
0.0695074
0.069509
0.0695107
0.0695123
0.069514
0.0695156
0.0695172
0.0695189
0.0695205
0.0695222
0.0695238
0.0695254
0.0695271
0.0695287
0.0695303
0.069532
0.0695336
0.0695353
0.0695369
0.0695385
0.0695402
0.0695418
0.0695434
0.0695451
0.0695467
0.0695484
0.06955
0.0695516
0.0695533
0.0695549
0.0695565
0.0695582
0.0695598
0.0695614
0.0695631
0.0695647
0.0695663
0.069568
0.0695696
0.0695712
0.0695729
0.0695745
0.0695761
0.0695778
0.0695794
0.069581
0.0695827
0.0695843
0.0695859
0.0695875
0.0695892
0.0695908
0.0695924
0.0695941
0.0695957
0.0695973
0.069599
0.0696006
0.0696022
0.0696038
0.0696055
0.0696071
0.0696087
0.0696103
0.069612
0.0696136
0.0696152
0.0696169
0.0696185
0.0696201
0.0696217
0.0696234
0.069625
0.0696266
0.0696282
0.0696299
0.0696315
0.0696331
0.0696347
0.0696364
0.069638
0.0696396
0.0696412
0.0696428
0.0696445
0.0696461
0.0696477
0.0696493
0.069651
0.0696526
0.0696542
0.0696558
0.0696574
0.0696591
0.0696607
0.0696623
0.0696639
0.0696655
0.0696672
0.0696688
0.0696704
0.069672
0.0696736
0.0696753
0.0696769
0.0696785
0.0696801
0.0696817
0.0696833
0.069685
0.0696866
0.0696882
0.0696898
0.0696914
0.069693
0.0696947
0.0696963
0.0696979
0.0696995
0.0697011
0.0697027
0.0697044
0.069706
0.0697076
0.0697092
0.0697108
0.0697124
0.069714
0.0697156
0.0697173
0.0697189
0.0697205
0.0697221
0.0697237
0.0697253
0.0697269
0.0697285
0.0697302
0.0697318
0.0697334
0.069735
0.0697366
0.0697382
0.0697398
0.0697414
0.069743
0.0697446
0.0697463
0.0697479
0.0697495
0.0697511
0.0697527
0.0697543
0.0697559
0.0697575
0.0697591
0.0697607
0.0697623
0.0697639
0.0697655
0.0697672
0.0697688
0.0697704
0.069772
0.0697736
0.0697752
0.0697768
0.0697784
0.06978
0.0697816
0.0697832
0.0697848
0.0697864
0.069788
0.0697896
0.0697912
0.0697928
0.0697944
0.069796
0.0697976
0.0697992
0.0698008
0.0698024
0.069804
0.0698056
0.0698072
0.0698088
0.0698104
0.069812
0.0698136
0.0698152
0.0698168
0.0698184
0.06982
0.0698216
0.0698232
0.0698248
0.0698264
0.069828
0.0698296
0.0698312
0.0698328
0.0698344
0.069836
0.0698376
0.0698392
0.0698408
0.0698424
0.069844
0.0698456
0.0698472
0.0698488
0.0698504
0.069852
0.0698536
0.0698552
0.0698568
0.0698583
0.0698599
0.0698615
0.0698631
0.0698647
0.0698663
0.0698679
0.0698695
0.0698711
0.0698727
0.0698743
0.0698759
0.0698775
0.069879
0.0698806
0.0698822
0.0698838
0.0698854
0.069887
0.0698886
0.0698902
0.0698918
0.0698934
0.0698949
0.0698965
0.0698981
0.0698997
0.0699013
0.0699029
0.0699045
0.0699061
0.0699076
0.0699092
0.0699108
0.0699124
0.069914
0.0699156
0.0699172
0.0699188
0.0699203
0.0699219
0.0699235
0.0699251
0.0699267
0.0699283
0.0699298
0.0699314
0.069933
0.0699346
