0.5
0.495025
0.490099
0.485223
0.480395
0.475615
0.470882
0.466197
0.461558
0.456966
0.452419
0.447917
0.44346
0.439048
0.434679
0.430354
0.426072
0.421832
0.417635
0.41348
0.409365
0.405292
0.401259
0.397267
0.393314
0.3894
0.385526
0.38169
0.377892
0.374132
0.370409
0.366723
0.363075
0.359462
0.355885
0.352344
0.348838
0.345367
0.341931
0.338528
0.33516
0.331825
0.328523
0.325255
0.322018
0.318814
0.315642
0.312501
0.309392
0.306313
0.303265
0.300248
0.29726
0.294302
0.291374
0.288475
0.285605
0.282763
0.279949
0.277164
0.274406
0.271675
0.268972
0.266296
0.263646
0.261023
0.258426
0.255854
0.253309
0.250788
0.248293
0.245822
0.243376
0.240955
0.238557
0.236184
0.233834
0.231507
0.229204
0.226923
0.224665
0.22243
0.220217
0.218026
0.215857
0.213709
0.211583
0.209478
0.207394
0.20533
0.203288
0.201265
0.199263
0.197281
0.195318
0.193375
0.191452
0.189548
0.187662
0.185796
0.183948
0.182119
0.180308
0.178516
0.176741
0.174984
0.173245
0.171523
0.169818
0.168131
0.166461
0.164807
0.163171
0.161551
0.159947
0.15836
0.156789
0.155234
0.153695
0.152172
0.150664
0.149172
0.147696
0.146234
0.144789
0.143358
0.141942
0.140541
0.139156
0.137785
0.136428
0.135087
0.13376
0.132447
0.131149
0.129865
0.128596
0.127341
0.1261
0.124874
0.123662
0.122464
0.12128
0.12011
0.118954
0.117813
0.116685
0.115572
0.114473
0.113388
0.112317
0.11126
0.110218
0.10919
0.108176
0.107176
0.106191
0.10522
0.104263
0.103321
0.102393
0.10148
0.100582
0.0996977
0.0988284
0.0979738
0.0971339
0.0963088
0.0954985
0.094703
0.0939224
0.0931567
0.0924058
0.0916698
0.0909487
0.0902425
0.0895512
0.0888747
0.0882131
0.0875663
0.0869342
0.0863168
0.085714
0.0851258
0.0845521
0.0839927
0.0834477
0.0829168
0.0823999
0.0818969
0.0814077
0.0809321
0.08047
0.0800211
0.0795854
0.0791625
0.0787524
0.0783547
0.0779694
0.0775962
0.0772348
0.0768851
0.0765468
0.0762196
0.0759034
0.0755979
0.0753028
0.0750179
0.074743
0.0744778
0.074222
0.0739754
0.0737377
0.0735088
0.0732883
0.073076
0.0728717
0.0726751
0.072486
0.0723041
0.0721292
0.0719612
0.0717997
0.0716446
0.0714956
0.0713525
0.0712151
0.0710833
0.0709567
0.0708353
0.0707189
0.0706072
0.0705
0.0703973
0.0702988
0.0702045
0.070114
0.0700273
0.0699442
0.0698646
0.0697883
0.0697152
0.0696452
0.0695782
0.069514
0.0694525
0.0693936
0.0693372
0.0692832
0.0692315
0.0691819
0.0691345
0.0690891
0.0690456
0.0690039
0.068964
0.0689258
0.0688892
0.0688542
0.0688206
0.0687884
0.0687576
0.068728
0.0686997
0.0686726
0.0686466
0.0686216
0.0685977
0.0685748
0.0685527
0.0685316
0.0685113
0.0684919
0.0684732
0.0684552
0.068438
0.0684214
0.0684055
0.0683901
0.0683754
0.0683612
0.0683475
0.0683343
0.0683216
0.0683094
0.0682976
0.0682862
0.0682752
0.0682645
0.0682543
0.0682443
0.0682347
0.0682254
0.0682164
0.0682076
0.0681991
0.0681909
0.0681829
0.0681751
0.0681675
0.0681601
0.068153
0.068146
0.0681391
0.0681325
0.0681259
0.0681196
0.0681133
0.0681072
0.0681012
0.0680954
0.0680896
0.068084
0.0680784
0.0680729
0.0680675
0.0680622
0.068057
0.0680519
0.0680468
0.0680417
0.0680368
0.0680318
0.068027
0.0680221
0.0680174
0.0680126
0.0680079
0.0680033
0.0679986
0.067994
0.0679895
0.0679849
0.0679804
0.0679759
0.0679714
0.0679669
0.0679624
0.067958
0.0679536
0.0679491
0.0679447
0.0679403
0.0679359
0.0679315
0.0679271
0.0679227
0.0679183
0.0679139
0.0679095
0.0679051
0.0679007
0.0678963
0.0678919
0.0678875
0.0678831
0.0678787
0.0678742
0.0678698
0.0678654
0.0678609
0.0678565
0.067852
0.0678475
0.067843
0.0678385
0.067834
0.0678295
0.067825
0.0678204
0.0678159
0.0678113
0.0678068
0.0678022
0.0677976
0.067793
0.0677883
0.0677837
0.0677791
0.0677744
0.0677697
0.0677651
0.0677604
0.0677556
0.0677509
0.0677462
0.0677415
0.0677367
0.0677319
0.0677271
0.0677223
0.0677175
0.0677127
0.0677079
0.067703
0.0676982
0.0676933
0.0676884
0.0676835
0.0676786
0.0676737
0.0676688
0.0676638
0.0676589
0.0676539
0.0676489
0.0676439
0.0676389
0.0676339
0.0676289
0.0676239
0.0676188
0.0676138
0.0676087
0.0676036
0.0675985
0.0675934
0.0675883
0.0675832
0.0675781
0.0675729
0.0675678
0.0675626
0.0675575
0.0675523
0.0675471
0.0675419
0.0675367
0.0675315
0.0675263
0.067521
0.0675158
0.0675106
0.0675053
0.0675
0.0674948
0.0674895
0.0674842
0.0674789
0.0674736
0.0674683
0.067463
0.0674577
0.0674523
0.067447
0.0674416
0.0674363
0.0674309
0.0674256
0.0674202
0.0674148
0.0674094
0.067404
0.0673986
0.0673932
0.0673878
0.0673824
0.067377
0.0673716
0.0673661
0.0673607
0.0673553
0.0673498
0.0673444
0.0673389
0.0673335
0.067328
0.0673225
0.0673171
0.0673116
0.0673061
0.0673006
0.0672951
0.0672897
0.0672842
0.0672787
0.0672732
0.0672677
0.0672621
0.0672566
0.0672511
0.0672456
0.0672401
0.0672346
0.067229
0.0672235
0.067218
0.0672124
0.0672069
0.0672014
0.0671958
0.0671903
0.0671847
0.0671792
0.0671736
0.0671681
0.0671625
0.067157
0.0671514
0.0671459
0.0671403
0.0671347
0.0671292
0.0671236
0.0671181
0.0671125
0.0671069
0.0671014
0.0670958
0.0670902
0.0670847
0.0670791
0.0670735
0.0670679
0.0670624
0.0670568
0.0670512
0.0670457
0.0670401
0.0670345
0.0670289
0.0670234
0.0670178
0.0670122
0.0670067
0.0670011
0.0669955
0.06699
0.0669844
0.0669788
0.0669732
0.0669677
0.0669621
0.0669565
0.066951
0.0669454
0.0669399
0.0669343
0.0669287
0.0669232
0.0669176
0.0669121
0.0669065
0.0669009
0.0668954
0.0668898
0.0668843
0.0668787
0.0668732
0.0668676
0.0668621
0.0668565
0.066851
0.0668455
0.0668399
0.0668344
0.0668288
0.0668233
0.0668178
0.0668123
0.0668067
0.0668012
0.0667957
0.0667902
0.0667846
0.0667791
0.0667736
0.0667681
0.0667626
0.0667571
0.0667516
0.0667461
0.0667406
0.0667351
0.0667296
0.0667241
0.0667186
0.0667131
0.0667076
0.0667021
0.0666966
0.0666912
0.0666857
0.0666802
0.0666747
0.0666693
0.0666638
0.0666583
0.0666529
0.0666474
0.066642
0.0666365
0.0666311
0.0666256
0.0666202
0.0666148
0.0666093
0.0666039
0.0665985
0.066593
0.0665876
0.0665822
0.0665768
0.0665714
0.066566
0.0665606
0.0665552
0.0665498
0.0665444
0.066539
0.0665336
0.0665282
0.0665228
0.0665174
0.066512
0.0665067
0.0665013
0.0664959
0.0664906
0.0664852
0.0664799
0.0664745
0.0664692
0.0664638
0.0664585
0.0664531
0.0664478
0.0664425
0.0664371
0.0664318
0.0664265
0.0664212
0.0664159
0.0664106
0.0664053
0.0664
0.0663947
0.0663894
0.0663841
0.0663788
0.0663735
0.0663682
0.066363
0.0663577
0.0663524
0.0663471
0.0663419
0.0663366
0.0663314
0.0663261
0.0663209
0.0663156
0.0663104
0.0663052
0.0662999
0.0662947
0.0662895
0.0662843
0.0662791
0.0662738
0.0662686
0.0662634
0.0662582
0.066253
0.0662479
0.0662427
0.0662375
0.0662323
0.0662271
0.066222
0.0662168
0.0662116
0.0662065
0.0662013
0.0661961
0.066191
0.0661859
0.0661807
0.0661756
0.0661704
0.0661653
0.0661602
0.0661551
0.0661499
0.0661448
0.0661397
0.0661346
0.0661295
0.0661244
0.0661193
0.0661142
0.0661091
0.0661041
0.066099
0.0660939
0.0660888
0.0660838
0.0660787
0.0660737
0.0660686
0.0660635
0.0660585
0.0660535
0.0660484
0.0660434
0.0660383
0.0660333
0.0660283
0.0660233
0.0660183
0.0660132
0.0660082
0.0660032
0.0659982
0.0659932
0.0659882
0.0659832
0.0659783
0.0659733
0.0659683
0.0659633
0.0659583
0.0659534
0.0659484
0.0659435
0.0659385
0.0659335
0.0659286
0.0659237
0.0659187
0.0659138
0.0659088
0.0659039
0.065899
0.0658941
0.0658891
0.0658842
0.0658793
0.0658744
0.0658695
0.0658646
0.0658597
0.0658548
0.0658499
0.065845
0.0658402
0.0658353
0.0658304
0.0658255
0.0658207
0.0658158
0.0658109
0.0658061
0.0658012
0.0657964
0.0657915
0.0657867
0.0657819
0.065777
0.0657722
0.0657674
0.0657625
0.0657577
0.0657529
0.0657481
0.0657433
0.0657385
0.0657337
0.0657289
0.0657241
0.0657193
0.0657145
0.0657097
0.0657049
0.0657001
0.0656953
0.0656906
0.0656858
0.065681
0.0656763
0.0656715
0.0656668
0.065662
0.0656573
0.0656525
0.0656478
0.065643
0.0656383
0.0656336
0.0656288
0.0656241
0.0656194
0.0656146
0.0656099
0.0656052
0.0656005
0.0655958
0.0655911
0.0655864
0.0655817
0.065577
0.0655723
0.0655676
0.0655629
0.0655582
0.0655536
0.0655489
0.0655442
0.0655395
0.0655349
0.0655302
0.0655255
0.0655209
0.0655162
0.0655116
0.0655069
0.0655023
0.0654976
0.065493
0.0654884
0.0654837
0.0654791
0.0654745
0.0654698
0.0654652
0.0654606
0.065456
0.0654514
0.0654467
0.0654421
0.0654375
0.0654329
0.0654283
0.0654237
0.0654191
0.0654145
0.0654099
0.0654054
0.0654008
0.0653962
0.0653916
0.065387
0.0653825
0.0653779
0.0653733
0.0653687
0.0653642
0.0653596
0.0653551
0.0653505
0.0653459
0.0653414
0.0653368
0.0653323
0.0653278
0.0653232
0.0653187
0.0653141
0.0653096
0.0653051
0.0653005
0.065296
0.0652915
0.065287
0.0652825
0.0652779
0.0652734
0.0652689
0.0652644
0.0652599
0.0652554
0.0652509
0.0652464
0.0652419
0.0652374
0.0652329
0.0652284
0.0652239
0.0652194
0.0652149
0.0652105
0.065206
0.0652015
0.065197
0.0651926
0.0651881
0.0651836
0.0651791
0.0651747
0.0651702
0.0651657
0.0651613
0.0651568
0.0651524
0.0651479
0.0651435
0.065139
0.0651346
0.0651301
0.0651257
0.0651212
0.0651168
0.0651124
0.0651079
0.0651035
0.0650991
0.0650946
0.0650902
0.0650858
0.0650813
0.0650769
0.0650725
0.0650681
0.0650637
0.0650592
0.0650548
0.0650504
0.065046
0.0650416
0.0650372
0.0650328
0.0650284
0.065024
0.0650196
0.0650152
0.0650108
0.0650064
0.065002
0.0649976
0.0649932
0.0649888
0.0649844
0.06498
0.0649757
0.0649713
0.0649669
0.0649625
0.0649581
0.0649537
0.0649494
0.064945
0.0649406
0.0649363
0.0649319
0.0649275
0.0649231
0.0649188
0.0649144
0.06491
0.0649057
0.0649013
0.064897
0.0648926
0.0648882
0.0648839
0.0648795
0.0648752
0.0648708
0.0648665
0.0648621
0.0648578
0.0648534
0.0648491
0.0648447
0.0648404
0.064836
0.0648317
0.0648273
0.064823
0.0648187
0.0648143
0.06481
0.0648057
0.0648013
0.064797
0.0647926
0.0647883
0.064784
0.0647797
0.0647753
0.064771
0.0647667
0.0647623
0.064758
0.0647537
0.0647494
0.064745
0.0647407
0.0647364
0.0647321
0.0647277
0.0647234
0.0647191
0.0647148
0.0647105
0.0647061
0.0647018
0.0646975
0.0646932
0.0646889
0.0646846
0.0646802
0.0646759
0.0646716
0.0646673
0.064663
0.0646587
0.0646544
0.0646501
0.0646458
0.0646414
0.0646371
0.0646328
0.0646285
0.0646242
0.0646199
0.0646156
0.0646113
0.064607
0.0646027
0.0645984
0.0645941
0.0645898
0.0645855
0.0645812
0.0645768
0.0645725
0.0645682
0.0645639
0.0645596
0.0645553
0.064551
0.0645467
0.0645424
0.0645381
0.0645338
0.0645295
0.0645252
0.0645209
0.0645166
0.0645123
0.064508
0.0645037
0.0644994
0.0644951
0.0644908
0.0644865
0.0644822
0.0644779
0.0644736
0.0644693
0.064465
0.0644607
0.0644564
0.0644521
0.0644478
0.0644435
0.0644392
0.0644349
0.0644306
0.0644263
0.064422
0.0644177
0.0644134
0.0644091
0.0644047
0.0644004
0.0643961
0.0643918
0.0643875
0.0643832
0.0643789
0.0643746
0.0643703
0.064366
0.0643617
0.0643574
0.0643531
0.0643488
0.0643444
0.0643401
0.0643358
0.0643315
0.0643272
0.0643229
0.0643186
0.0643143
0.0643099
0.0643056
0.0643013
0.064297
0.0642927
0.0642884
0.064284
0.0642797
0.0642754
0.0642711
0.0642668
0.0642624
0.0642581
0.0642538
0.0642495
0.0642451
0.0642408
0.0642365
0.0642321
0.0642278
0.0642235
0.0642192
0.0642148
0.0642105
0.0642062
0.0642018
0.0641975
0.0641931
0.0641888
0.0641845
0.0641801
0.0641758
0.0641714
0.0641671
0.0641628
0.0641584
0.0641541
0.0641497
0.0641454
0.064141
0.0641367
0.0641323
0.064128
0.0641236
0.0641192
0.0641149
0.0641105
0.0641062
0.0641018
0.0640974
0.0640931
0.0640887
0.0640843
0.06408
0.0640756
0.0640712
0.0640669
0.0640625
0.0640581
0.0640537
0.0640494
0.064045
0.0640406
0.0640362
0.0640318
0.0640274
0.0640231
0.0640187
0.0640143
0.0640099
0.0640055
0.0640011
0.0639967
0.0639923
0.0639879
0.0639835
0.0639791
0.0639747
0.0639703
0.0639659
0.0639614
0.063957
0.0639526
0.0639482
0.0639438
0.0639394
0.0639349
0.0639305
0.0639261
0.0639216
0.0639172
0.0639128
0.0639083
0.0639039
0.0638995
0.063895
0.0638906
0.0638861
0.0638817
0.0638772
0.0638728
0.0638683
0.0638639
0.0638594
0.063855
0.0638505
0.063846
0.0638416
0.0638371
0.0638326
0.0638281
0.0638237
0.0638192
0.0638147
0.0638102
0.0638057
0.0638013
0.0637968
0.0637923
0.0637878
0.0637833
0.0637788
0.0637743
0.0637698
0.0637653
0.0637608
0.0637562
0.0637517
0.0637472
0.0637427
0.0637382
0.0637336
0.0637291
0.0637246
0.06372
0.0637155
0.063711
0.0637064
0.0637019
0.0636973
0.0636928
0.0636882
0.0636837
0.0636791
0.0636746
0.06367
0.0636654
0.0636609
0.0636563
0.0636517
0.0636471
0.0636426
0.063638
0.0636334
0.0636288
0.0636242
0.0636196
0.063615
0.0636104
0.0636058
0.0636012
0.0635966
0.063592
0.0635874
0.0635827
0.0635781
0.0635735
0.0635689
0.0635642
0.0635596
0.0635549
0.0635503
0.0635457
0.063541
0.0635364
0.0635317
0.063527
0.0635224
0.0635177
0.063513
0.0635084
0.0635037
0.063499
0.0634943
0.0634897
0.063485
0.0634803
0.0634756
0.0634709
0.0634662
0.0634615
0.0634568
0.063452
0.0634473
0.0634426
0.0634379
0.0634331
0.0634284
0.0634237
0.0634189
0.0634142
0.0634095
0.0634047
0.0633999
0.0633952
0.0633904
0.0633857
0.0633809
0.0633761
0.0633713
0.0633666
0.0633618
0.063357
0.0633522
0.0633474
0.0633426
0.0633378
0.063333
0.0633282
0.0633234
0.0633186
0.0633137
0.0633089
0.0633041
0.0632992
0.0632944
0.0632896
0.0632847
0.0632799
0.063275
0.0632701
0.0632653
0.0632604
0.0632555
0.0632507
0.0632458
0.0632409
0.063236
0.0632311
0.0632262
0.0632213
0.0632164
0.0632115
0.0632066
0.0632017
0.0631967
0.0631918
0.0631869
0.0631819
0.063177
0.0631721
0.0631671
0.0631622
0.0631572
0.0631522
0.0631473
0.0631423
0.0631373
0.0631323
0.0631273
0.0631224
0.0631174
0.0631124
0.0631074
0.0631024
0.0630973
0.0630923
0.0630873
0.0630823
0.0630772
0.0630722
0.0630672
0.0630621
0.0630571
0.063052
0.063047
0.0630419
0.0630368
0.0630317
0.0630267
0.0630216
0.0630165
0.0630114
0.0630063
0.0630012
0.0629961
0.062991
0.0629859
0.0629807
0.0629756
0.0629705
0.0629653
0.0629602
0.062955
0.0629499
0.0629447
0.0629396
0.0629344
0.0629292
0.0629241
0.0629189
0.0629137
0.0629085
0.0629033
0.0628981
0.0628929
0.0628877
0.0628824
0.0628772
0.062872
0.0628668
0.0628615
0.0628563
0.062851
0.0628458
0.0628405
0.0628352
0.06283
0.0628247
0.0628194
0.0628141
0.0628088
0.0628035
0.0627982
0.0627929
0.0627876
0.0627823
0.0627769
0.0627716
0.0627663
0.0627609
0.0627556
0.0627502
0.0627449
0.0627395
0.0627341
0.0627288
0.0627234
0.062718
0.0627126
0.0627072
0.0627018
0.0626964
0.062691
0.0626856
0.0626801
0.0626747
0.0626693
0.0626638
0.0626584
0.0626529
0.0626475
0.062642
0.0626365
0.062631
0.0626256
0.0626201
0.0626146
0.0626091
0.0626036
0.0625981
0.0625925
0.062587
0.0625815
0.062576
0.0625704
0.0625649
0.0625593
0.0625538
0.0625482
0.0625426
0.062537
0.0625315
0.0625259
0.0625203
0.0625147
0.0625091
0.0625034
0.0624978
0.0624922
0.0624866
0.0624809
0.0624753
0.0624696
0.062464
0.0624583
0.0624527
0.062447
0.0624413
0.0624356
0.0624299
0.0624242
0.0624185
0.0624128
0.0624071
0.0624014
0.0623956
0.0623899
0.0623842
0.0623784
0.0623726
0.0623669
0.0623611
0.0623553
0.0623496
0.0623438
0.062338
0.0623322
0.0623264
0.0623206
0.0623147
0.0623089
0.0623031
0.0622973
0.0622914
0.0622856
0.0622797
0.0622738
0.062268
0.0622621
0.0622562
0.0622503
0.0622444
0.0622385
0.0622326
0.0622267
0.0622208
0.0622148
0.0622089
0.062203
0.062197
0.0621911
0.0621851
0.0621791
0.0621732
0.0621672
0.0621612
0.0621552
0.0621492
0.0621432
0.0621372
0.0621311
0.0621251
0.0621191
0.062113
0.062107
0.0621009
0.0620949
0.0620888
0.0620827
0.0620766
0.0620706
0.0620645
0.0620584
0.0620522
0.0620461
0.06204
0.0620339
0.0620277
0.0620216
0.0620154
0.0620093
0.0620031
0.0619969
0.0619908
0.0619846
0.0619784
0.0619722
0.061966
0.0619598
0.0619536
0.0619473
0.0619411
0.0619349
0.0619286
0.0619223
0.0619161
0.0619098
0.0619035
0.0618973
0.061891
0.0618847
0.0618784
0.0618721
0.0618657
0.0618594
0.0618531
0.0618467
0.0618404
0.061834
0.0618277
0.0618213
0.0618149
0.0618086
0.0618022
0.0617958
0.0617894
0.0617829
0.0617765
0.0617701
0.0617637
0.0617572
0.0617508
0.0617443
0.0617379
0.0617314
0.0617249
0.0617184
0.061712
0.0617055
0.0616989
0.0616924
0.0616859
0.0616794
0.0616729
0.0616663
0.0616598
0.0616532
0.0616466
0.0616401
0.0616335
0.0616269
0.0616203
0.0616137
0.0616071
0.0616005
0.0615939
0.0615872
0.0615806
0.061574
0.0615673
0.0615606
0.061554
0.0615473
0.0615406
0.0615339
0.0615272
0.0615205
0.0615138
0.0615071
0.0615004
0.0614936
0.0614869
0.0614801
0.0614734
0.0614666
0.0614598
0.0614531
0.0614463
0.0614395
0.0614327
0.0614259
0.061419
0.0614122
0.0614054
0.0613985
0.0613917
0.0613848
0.061378
0.0613711
0.0613642
0.0613573
0.0613504
0.0613435
0.0613366
0.0613297
0.0613228
0.0613159
0.0613089
0.061302
0.061295
0.061288
0.0612811
0.0612741
0.0612671
0.0612601
0.0612531
0.0612461
0.0612391
0.0612321
0.061225
0.061218
0.0612109
0.0612039
0.0611968
0.0611897
0.0611827
0.0611756
0.0611685
0.0611614
0.0611543
0.0611471
0.06114
0.0611329
0.0611257
0.0611186
0.0611114
0.0611043
0.0610971
0.0610899
0.0610827
0.0610755
0.0610683
0.0610611
0.0610539
0.0610466
0.0610394
0.0610322
0.0610249
0.0610176
0.0610104
0.0610031
0.0609958
0.0609885
0.0609812
0.0609739
0.0609666
0.0609593
0.0609519
0.0609446
0.0609372
0.0609299
0.0609225
0.0609151
0.0609078
0.0609004
0.060893
0.0608856
0.0608782
0.0608707
0.0608633
0.0608559
0.0608484
0.060841
0.0608335
0.060826
0.0608186
0.0608111
0.0608036
0.0607961
0.0607886
0.060781
0.0607735
0.060766
0.0607584
0.0607509
0.0607433
0.0607358
0.0607282
0.0607206
0.060713
0.0607054
0.0606978
0.0606902
0.0606825
0.0606749
0.0606673
0.0606596
0.060652
0.0606443
0.0606366
0.0606289
0.0606212
0.0606135
0.0606058
0.0605981
0.0605904
0.0605827
0.0605749
0.0605672
0.0605594
0.0605517
0.0605439
0.0605361
0.0605283
0.0605205
0.0605127
0.0605049
0.0604971
0.0604892
0.0604814
0.0604735
0.0604657
0.0604578
0.0604499
0.0604421
0.0604342
0.0604263
0.0604184
0.0604105
0.0604025
0.0603946
0.0603867
0.0603787
0.0603708
0.0603628
0.0603548
0.0603468
0.0603388
0.0603308
0.0603228
0.0603148
0.0603068
0.0602988
0.0602907
0.0602827
0.0602746
0.0602665
0.0602585
0.0602504
0.0602423
0.0602342
0.0602261
0.060218
0.0602098
0.0602017
0.0601936
0.0601854
0.0601772
0.0601691
0.0601609
0.0601527
0.0601445
0.0601363
0.0601281
0.0601199
0.0601117
0.0601034
0.0600952
0.0600869
0.0600787
0.0600704
0.0600621
0.0600538
0.0600455
0.0600372
0.0600289
0.0600206
0.0600122
0.0600039
0.0599956
0.0599872
0.0599788
0.0599705
0.0599621
0.0599537
0.0599453
0.0599369
0.0599285
0.05992
0.0599116
0.0599032
0.0598947
0.0598862
0.0598778
0.0598693
0.0598608
0.0598523
0.0598438
0.0598353
0.0598268
0.0598183
0.0598097
0.0598012
0.0597926
0.059784
0.0597755
0.0597669
0.0597583
0.0597497
0.0597411
0.0597325
0.0597239
0.0597152
0.0597066
0.0596979
0.0596893
0.0596806
0.0596719
0.0596632
0.0596545
0.0596458
0.0596371
0.0596284
0.0596197
0.0596109
0.0596022
0.0595934
0.0595847
0.0595759
0.0595671
0.0595583
0.0595495
0.0595407
0.0595319
0.0595231
0.0595142
0.0595054
0.0594965
0.0594877
0.0594788
0.0594699
0.059461
0.0594521
0.0594432
0.0594343
0.0594254
0.0594165
0.0594075
0.0593986
0.0593896
0.0593806
0.0593717
0.0593627
0.0593537
0.0593447
0.0593357
0.0593267
0.0593176
0.0593086
0.0592995
0.0592905
0.0592814
0.0592723
0.0592633
0.0592542
0.0592451
0.059236
0.0592268
0.0592177
0.0592086
0.0591994
0.0591903
0.0591811
0.059172
0.0591628
0.0591536
0.0591444
0.0591352
0.059126
0.0591167
0.0591075
0.0590983
0.059089
0.0590798
0.0590705
0.0590612
0.0590519
0.0590426
0.0590333
0.059024
0.0590147
0.0590054
0.058996
0.0589867
0.0589773
0.0589679
0.0589586
0.0589492
0.0589398
0.0589304
0.058921
0.0589115
0.0589021
0.0588927
0.0588832
0.0588738
0.0588643
0.0588548
0.0588454
0.0588359
0.0588264
0.0588168
0.0588073
0.0587978
0.0587883
0.0587787
0.0587692
0.0587596
0.05875
0.0587404
0.0587309
0.0587213
0.0587116
0.058702
0.0586924
0.0586828
0.0586731
0.0586635
0.0586538
0.0586441
0.0586344
0.0586248
0.0586151
0.0586054
0.0585956
0.0585859
0.0585762
0.0585664
0.0585567
0.0585469
0.0585371
0.0585274
0.0585176
0.0585078
0.058498
0.0584882
0.0584783
0.0584685
0.0584587
0.0584488
0.0584389
0.0584291
0.0584192
0.0584093
0.0583994
0.0583895
0.0583796
0.0583697
0.0583597
0.0583498
0.0583398
0.0583299
0.0583199
0.0583099
0.0582999
0.05829
0.0582799
0.0582699
0.0582599
0.0582499
0.0582398
0.0582298
0.0582197
0.0582097
0.0581996
0.0581895
0.0581794
0.0581693
0.0581592
0.0581491
0.0581389
0.0581288
0.0581186
0.0581085
0.0580983
0.0580881
0.058078
0.0580678
0.0580576
0.0580473
0.0580371
0.0580269
0.0580167
0.0580064
0.0579962
0.0579859
0.0579756
0.0579653
0.057955
0.0579447
0.0579344
0.0579241
0.0579138
0.0579034
0.0578931
0.0578827
0.0578724
0.057862
0.0578516
0.0578412
0.0578308
0.0578204
0.05781
0.0577996
0.0577891
0.0577787
0.0577682
0.0577578
0.0577473
0.0577368
0.0577263
0.0577158
0.0577053
0.0576948
0.0576843
0.0576737
0.0576632
0.0576526
0.0576421
0.0576315
0.0576209
0.0576103
0.0575997
0.0575891
0.0575785
0.0575679
0.0575572
0.0575466
0.0575359
0.0575253
0.0575146
0.0575039
0.0574932
0.0574825
0.0574718
0.0574611
0.0574504
0.0574397
0.0574289
0.0574182
0.0574074
0.0573966
0.0573859
0.0573751
0.0573643
0.0573535
0.0573427
0.0573318
0.057321
0.0573102
0.0572993
0.0572885
0.0572776
0.0572667
0.0572558
0.0572449
0.057234
0.0572231
0.0572122
0.0572013
0.0571903
0.0571794
0.0571684
0.0571575
0.0571465
0.0571355
0.0571245
0.0571135
0.0571025
0.0570915
0.0570805
0.0570694
0.0570584
0.0570473
0.0570363
0.0570252
0.0570141
0.057003
0.0569919
0.0569808
0.0569697
0.0569586
0.0569474
0.0569363
0.0569252
0.056914
0.0569028
0.0568917
0.0568805
0.0568693
0.0568581
0.0568469
0.0568356
0.0568244
0.0568132
0.0568019
0.0567907
0.0567794
0.0567681
0.0567568
0.0567456
0.0567343
0.0567229
0.0567116
0.0567003
0.056689
0.0566776
0.0566663
0.0566549
0.0566435
0.0566322
0.0566208
0.0566094
0.056598
0.0565866
0.0565752
0.0565637
0.0565523
0.0565408
0.0565294
0.0565179
0.0565064
0.056495
0.0564835
0.056472
0.0564605
0.0564489
0.0564374
0.0564259
0.0564143
0.0564028
0.0563912
0.0563797
0.0563681
0.0563565
0.0563449
0.0563333
0.0563217
0.0563101
0.0562985
0.0562868
0.0562752
0.0562635
0.0562519
0.0562402
0.0562285
0.0562168
0.0562051
0.0561934
0.0561817
0.05617
0.0561583
0.0561465
0.0561348
0.056123
0.0561112
0.0560995
0.0560877
0.0560759
0.0560641
0.0560523
0.0560405
0.0560287
0.0560168
0.056005
0.0559931
0.0559813
0.0559694
0.0559576
0.0559457
0.0559338
0.0559219
0.05591
0.0558981
0.0558861
0.0558742
0.0558623
0.0558503
0.0558384
0.0558264
0.0558144
0.0558025
0.0557905
0.0557785
0.0557665
0.0557544
0.0557424
0.0557304
0.0557184
0.0557063
0.0556943
0.0556822
0.0556701
0.055658
0.055646
0.0556339
0.0556218
0.0556096
0.0555975
0.0555854
0.0555733
0.0555611
0.055549
0.0555368
0.0555246
0.0555125
0.0555003
0.0554881
0.0554759
0.0554637
0.0554514
0.0554392
0.055427
0.0554147
0.0554025
0.0553902
0.055378
0.0553657
0.0553534
0.0553411
0.0553288
0.0553165
0.0553042
0.0552919
0.0552796
0.0552672
0.0552549
0.0552425
0.0552302
0.0552178
0.0552054
0.055193
0.0551807
0.0551683
0.0551559
0.0551434
0.055131
0.0551186
0.0551061
0.0550937
0.0550812
0.0550688
0.0550563
0.0550438
0.0550314
0.0550189
0.0550064
0.0549939
0.0549813
0.0549688
0.0549563
0.0549437
0.0549312
0.0549186
0.0549061
0.0548935
0.0548809
0.0548684
0.0548558
0.0548432
0.0548306
0.0548179
0.0548053
0.0547927
0.0547801
0.0547674
0.0547548
0.0547421
0.0547294
0.0547168
0.0547041
0.0546914
0.0546787
0.054666
0.0546533
0.0546406
0.0546278
0.0546151
0.0546024
0.0545896
0.0545769
0.0545641
0.0545513
0.0545386
0.0545258
0.054513
0.0545002
0.0544874
0.0544746
0.0544617
0.0544489
0.0544361
0.0544232
0.0544104
0.0543975
0.0543847
0.0543718
0.0543589
0.054346
0.0543331
0.0543202
0.0543073
0.0542944
0.0542815
0.0542686
0.0542556
0.0542427
0.0542298
0.0542168
0.0542038
0.0541909
0.0541779
0.0541649
0.0541519
0.0541389
0.0541259
0.0541129
0.0540999
0.0540869
0.0540738
0.0540608
0.0540478
0.0540347
0.0540216
0.0540086
0.0539955
0.0539824
0.0539693
0.0539563
0.0539432
0.05393
0.0539169
0.0539038
0.0538907
0.0538776
0.0538644
0.0538513
0.0538381
0.053825
0.0538118
0.0537986
0.0537855
0.0537723
0.0537591
0.0537459
0.0537327
0.0537195
0.0537062
0.053693
0.0536798
0.0536666
0.0536533
0.0536401
0.0536268
0.0536135
0.0536003
0.053587
0.0535737
0.0535604
0.0535471
0.0535338
0.0535205
0.0535072
0.0534939
0.0534806
0.0534672
0.0534539
0.0534406
0.0534272
0.0534139
0.0534005
0.0533871
0.0533738
0.0533604
0.053347
0.0533336
0.0533202
0.0533068
0.0532934
0.05328
0.0532666
0.0532531
0.0532397
0.0532262
0.0532128
0.0531994
0.0531859
0.0531724
0.053159
0.0531455
0.053132
0.0531185
0.053105
0.0530915
0.053078
0.0530645
0.053051
0.0530375
0.0530239
0.0530104
0.0529969
0.0529833
0.0529698
0.0529562
0.0529427
0.0529291
0.0529155
0.0529019
0.0528884
0.0528748
0.0528612
0.0528476
0.052834
0.0528204
0.0528067
0.0527931
0.0527795
0.0527659
0.0527522
0.0527386
0.0527249
0.0527113
0.0526976
0.0526839
0.0526703
0.0526566
0.0526429
0.0526292
0.0526155
0.0526018
0.0525881
0.0525744
0.0525607
0.052547
0.0525333
0.0525196
0.0525058
0.0524921
0.0524783
0.0524646
0.0524508
0.0524371
0.0524233
0.0524096
0.0523958
0.052382
0.0523682
0.0523544
0.0523406
0.0523268
0.052313
0.0522992
0.0522854
0.0522716
0.0522578
0.0522439
0.0522301
0.0522163
0.0522024
0.0521886
0.0521747
0.0521609
0.052147
0.0521332
0.0521193
0.0521054
0.0520915
0.0520777
0.0520638
0.0520499
0.052036
0.0520221
0.0520082
0.0519943
0.0519803
0.0519664
0.0519525
0.0519386
0.0519246
0.0519107
0.0518968
0.0518828
0.0518689
0.0518549
0.051841
0.051827
0.051813
0.0517991
0.0517851
0.0517711
0.0517571
0.0517431
0.0517291
0.0517151
0.0517011
0.0516871
0.0516731
0.0516591
0.0516451
0.0516311
0.051617
0.051603
0.051589
0.0515749
0.0515609
0.0515468
0.0515328
0.0515187
0.0515047
0.0514906
0.0514766
0.0514625
0.0514484
0.0514343
0.0514203
0.0514062
0.0513921
0.051378
0.0513639
0.0513498
0.0513357
0.0513216
0.0513075
0.0512934
0.0512792
0.0512651
0.051251
0.0512369
0.0512227
0.0512086
0.0511945
0.0511803
0.0511662
0.051152
0.0511379
0.0511237
0.0511096
0.0510954
0.0510812
0.051067
0.0510529
0.0510387
0.0510245
0.0510103
0.0509961
0.050982
0.0509678
0.0509536
0.0509394
0.0509252
0.050911
0.0508967
0.0508825
0.0508683
0.0508541
0.0508399
0.0508256
0.0508114
0.0507972
0.050783
0.0507687
0.0507545
0.0507402
0.050726
0.0507117
0.0506975
0.0506832
0.050669
0.0506547
0.0506404
0.0506262
0.0506119
0.0505976
0.0505834
0.0505691
0.0505548
0.0505405
0.0505262
0.0505119
0.0504976
0.0504834
0.0504691
0.0504548
0.0504405
0.0504261
0.0504118
0.0503975
0.0503832
0.0503689
0.0503546
0.0503403
0.0503259
0.0503116
0.0502973
0.050283
0.0502686
0.0502543
0.05024
0.0502256
0.0502113
0.0501969
0.0501826
0.0501682
0.0501539
0.0501395
0.0501252
0.0501108
0.0500965
0.0500821
0.0500677
0.0500534
0.050039
0.0500246
0.0500102
0.0499959
0.0499815
0.0499671
0.0499527
0.0499383
0.049924
0.0499096
0.0498952
0.0498808
0.0498664
0.049852
0.0498376
0.0498232
0.0498088
0.0497944
0.04978
0.0497656
0.0497512
0.0497368
0.0497224
0.0497079
0.0496935
0.0496791
0.0496647
0.0496503
0.0496358
0.0496214
0.049607
0.0495926
0.0495781
0.0495637
0.0495493
0.0495348
0.0495204
0.049506
0.0494915
0.0494771
0.0494626
0.0494482
0.0494338
0.0494193
0.0494049
0.0493904
0.049376
0.0493615
0.0493471
0.0493326
0.0493181
0.0493037
0.0492892
0.0492748
0.0492603
0.0492459
0.0492314
0.0492169
0.0492025
0.049188
0.0491735
0.0491591
0.0491446
0.0491301
0.0491156
0.0491012
0.0490867
0.0490722
0.0490577
0.0490433
0.0490288
0.0490143
0.0489998
0.0489853
0.0489709
0.0489564
0.0489419
0.0489274
0.0489129
0.0488984
0.0488839
0.0488695
0.048855
0.0488405
0.048826
0.0488115
0.048797
0.0487825
0.048768
0.0487535
0.048739
0.0487245
0.04871
0.0486955
0.048681
0.0486665
0.048652
0.0486375
0.048623
0.0486085
0.048594
0.0485795
0.048565
0.0485505
0.048536
0.0485215
0.048507
0.0484925
0.048478
0.0484635
0.048449
0.0484345
0.04842
0.0484055
0.048391
0.0483765
0.048362
0.0483475
0.0483329
0.0483184
0.0483039
0.0482894
0.0482749
0.0482604
0.0482459
0.0482314
0.0482169
0.0482024
0.0481879
0.0481734
0.0481588
0.0481443
0.0481298
0.0481153
0.0481008
0.0480863
0.0480718
0.0480573
0.0480428
0.0480283
0.0480137
0.0479992
0.0479847
0.0479702
0.0479557
0.0479412
0.0479267
0.0479122
0.0478977
0.0478832
0.0478687
0.0478542
0.0478396
0.0478251
0.0478106
0.0477961
0.0477816
0.0477671
0.0477526
0.0477381
0.0477236
0.0477091
0.0476946
0.0476801
0.0476656
0.0476511
0.0476366
0.0476221
0.0476076
0.0475931
0.0475786
0.0475641
0.0475496
0.0475351
0.0475206
0.0475061
0.0474916
0.0474771
0.0474626
0.0474481
0.0474336
0.0474191
0.0474046
0.0473901
0.0473756
0.0473612
0.0473467
0.0473322
0.0473177
0.0473032
0.0472887
0.0472742
0.0472597
0.0472453
0.0472308
0.0472163
0.0472018
0.0471873
0.0471729
0.0471584
0.0471439
0.0471294
0.0471149
0.0471005
0.047086
0.0470715
0.0470571
0.0470426
0.0470281
0.0470136
0.0469992
0.0469847
0.0469702
0.0469558
0.0469413
0.0469269
0.0469124
0.0468979
0.0468835
0.046869
0.0468546
0.0468401
0.0468257
0.0468112
0.0467968
0.0467823
0.0467679
0.0467534
0.046739
0.0467245
0.0467101
0.0466956
0.0466812
0.0466668
0.0466523
0.0466379
0.0466234
0.046609
0.0465946
0.0465802
0.0465657
0.0465513
0.0465369
0.0465224
0.046508
0.0464936
0.0464792
0.0464648
0.0464503
0.0464359
0.0464215
0.0464071
0.0463927
0.0463783
0.0463639
0.0463495
0.0463351
0.0463207
0.0463063
0.0462919
0.0462775
0.0462631
0.0462487
0.0462343
0.0462199
0.0462055
0.0461911
0.0461767
0.0461624
0.046148
0.0461336
0.0461192
0.0461049
0.0460905
0.0460761
0.0460617
0.0460474
0.046033
0.0460186
0.0460043
0.0459899
0.0459756
0.0459612
0.0459469
0.0459325
0.0459182
0.0459038
0.0458895
0.0458751
0.0458608
0.0458464
0.0458321
0.0458178
0.0458034
0.0457891
0.0457748
0.0457604
0.0457461
0.0457318
0.0457175
0.0457032
0.0456888
0.0456745
0.0456602
0.0456459
0.0456316
0.0456173
0.045603
0.0455887
0.0455744
0.0455601
0.0455458
0.0455315
0.0455172
0.0455029
0.0454887
0.0454744
0.0454601
0.0454458
0.0454315
0.0454173
0.045403
0.0453887
0.0453745
0.0453602
0.0453459
0.0453317
0.0453174
0.0453032
0.0452889
0.0452747
0.0452604
0.0452462
0.045232
0.0452177
0.0452035
0.0451893
0.045175
0.0451608
0.0451466
0.0451324
0.0451181
0.0451039
0.0450897
0.0450755
0.0450613
0.0450471
0.0450329
0.0450187
0.0450045
0.0449903
0.0449761
0.0449619
0.0449477
0.0449335
0.0449194
0.0449052
0.044891
0.0448768
0.0448627
0.0448485
0.0448343
0.0448202
0.044806
0.0447919
0.0447777
0.0447636
0.0447494
0.0447353
0.0447211
0.044707
0.0446929
0.0446787
0.0446646
0.0446505
0.0446363
0.0446222
0.0446081
0.044594
0.0445799
0.0445658
0.0445517
0.0445376
0.0445235
0.0445094
0.0444953
0.0444812
0.0444671
0.044453
0.0444389
0.0444249
0.0444108
0.0443967
0.0443826
0.0443686
0.0443545
0.0443405
0.0443264
0.0443124
0.0442983
0.0442843
0.0442702
0.0442562
0.0442421
0.0442281
0.0442141
0.0442001
0.044186
0.044172
0.044158
0.044144
0.04413
0.044116
0.044102
0.044088
0.044074
0.04406
0.044046
0.044032
0.044018
0.044004
0.0439901
0.0439761
0.0439621
0.0439482
0.0439342
0.0439202
0.0439063
0.0438923
0.0438784
0.0438644
0.0438505
0.0438366
0.0438226
0.0438087
0.0437948
0.0437808
0.0437669
0.043753
0.0437391
0.0437252
0.0437113
0.0436974
0.0436835
0.0436696
0.0436557
0.0436418
0.0436279
0.043614
0.0436001
0.0435863
0.0435724
0.0435585
0.0435447
0.0435308
0.043517
0.0435031
0.0434893
0.0434754
0.0434616
0.0434477
0.0434339
0.0434201
0.0434062
0.0433924
0.0433786
0.0433648
0.043351
0.0433372
0.0433234
0.0433096
0.0432958
0.043282
0.0432682
0.0432544
0.0432406
0.0432269
0.0432131
0.0431993
0.0431855
0.0431718
0.043158
0.0431443
0.0431305
0.0431168
0.043103
0.0430893
0.0430756
0.0430618
0.0430481
0.0430344
0.0430207
0.043007
0.0429932
0.0429795
0.0429658
0.0429521
0.0429384
0.0429248
0.0429111
0.0428974
0.0428837
0.04287
0.0428564
0.0428427
0.042829
0.0428154
0.0428017
0.0427881
0.0427744
0.0427608
0.0427471
0.0427335
0.0427199
0.0427063
0.0426926
0.042679
0.0426654
0.0426518
0.0426382
0.0426246
0.042611
0.0425974
0.0425838
0.0425702
0.0425566
0.0425431
0.0425295
0.0425159
0.0425024
0.0424888
0.0424753
0.0424617
0.0424482
0.0424346
0.0424211
0.0424075
0.042394
0.0423805
0.042367
0.0423535
0.0423399
0.0423264
0.0423129
0.0422994
0.0422859
0.0422724
0.042259
0.0422455
0.042232
0.0422185
0.0422051
0.0421916
0.0421781
0.0421647
0.0421512
0.0421378
0.0421243
0.0421109
0.0420975
0.042084
0.0420706
0.0420572
0.0420438
0.0420304
0.042017
0.0420035
0.0419901
0.0419768
0.0419634
0.04195
0.0419366
0.0419232
0.0419099
0.0418965
0.0418831
0.0418698
0.0418564
0.0418431
0.0418297
0.0418164
0.041803
0.0417897
0.0417764
0.0417631
0.0417497
0.0417364
0.0417231
0.0417098
0.0416965
0.0416832
0.0416699
0.0416566
0.0416434
0.0416301
0.0416168
0.0416035
0.0415903
0.041577
0.0415638
0.0415505
0.0415373
0.041524
0.0415108
0.0414976
0.0414843
0.0414711
0.0414579
0.0414447
0.0414315
0.0414183
0.0414051
0.0413919
0.0413787
0.0413655
0.0413523
0.0413392
0.041326
0.0413128
0.0412997
0.0412865
0.0412734
0.0412602
0.0412471
0.0412339
0.0412208
0.0412077
0.0411946
0.0411814
0.0411683
0.0411552
0.0411421
0.041129
0.0411159
0.0411028
0.0410898
0.0410767
0.0410636
0.0410505
0.0410375
0.0410244
0.0410113
0.0409983
0.0409853
0.0409722
0.0409592
0.0409461
0.0409331
0.0409201
0.0409071
0.0408941
0.0408811
0.0408681
0.0408551
0.0408421
0.0408291
0.0408161
0.0408031
0.0407901
0.0407772
0.0407642
0.0407513
0.0407383
0.0407254
0.0407124
0.0406995
0.0406865
0.0406736
0.0406607
0.0406478
0.0406349
0.040622
0.040609
0.0405961
0.0405833
0.0405704
0.0405575
0.0405446
0.0405317
0.0405189
0.040506
0.0404931
0.0404803
0.0404674
0.0404546
0.0404418
0.0404289
0.0404161
0.0404033
0.0403904
0.0403776
0.0403648
0.040352
0.0403392
0.0403264
0.0403136
0.0403009
0.0402881
0.0402753
0.0402625
0.0402498
0.040237
0.0402243
0.0402115
0.0401988
0.040186
0.0401733
0.0401606
0.0401479
0.0401351
0.0401224
0.0401097
0.040097
0.0400843
0.0400716
0.0400589
0.0400463
0.0400336
0.0400209
0.0400082
0.0399956
0.0399829
0.0399703
0.0399576
0.039945
0.0399324
0.0399197
0.0399071
0.0398945
0.0398819
0.0398693
0.0398567
0.0398441
0.0398315
0.0398189
0.0398063
0.0397937
0.0397811
0.0397686
0.039756
0.0397434
0.0397309
0.0397184
0.0397058
0.0396933
0.0396807
0.0396682
0.0396557
0.0396432
0.0396307
0.0396182
0.0396057
0.0395932
0.0395807
0.0395682
0.0395557
0.0395432
0.0395308
0.0395183
0.0395059
0.0394934
0.039481
0.0394685
0.0394561
0.0394436
0.0394312
0.0394188
0.0394064
0.039394
0.0393816
0.0393692
0.0393568
0.0393444
0.039332
0.0393196
0.0393073
0.0392949
0.0392825
0.0392702
0.0392578
0.0392455
0.0392331
0.0392208
0.0392085
0.0391961
0.0391838
0.0391715
0.0391592
0.0391469
0.0391346
0.0391223
0.03911
0.0390977
0.0390855
0.0390732
0.0390609
0.0390487
0.0390364
0.0390242
0.0390119
0.0389997
0.0389874
0.0389752
0.038963
0.0389508
0.0389386
0.0389264
0.0389142
0.038902
0.0388898
0.0388776
0.0388654
0.0388532
0.0388411
0.0388289
0.0388168
0.0388046
0.0387925
0.0387803
0.0387682
0.038756
0.0387439
0.0387318
0.0387197
0.0387076
0.0386955
0.0386834
0.0386713
0.0386592
0.0386471
0.0386351
0.038623
0.0386109
0.0385989
0.0385868
0.0385748
0.0385627
0.0385507
0.0385386
0.0385266
0.0385146
0.0385026
0.0384906
0.0384786
0.0384666
0.0384546
0.0384426
0.0384306
0.0384186
0.0384067
0.0383947
0.0383827
0.0383708
0.0383588
0.0383469
0.038335
0.038323
0.0383111
0.0382992
0.0382873
0.0382754
0.0382635
0.0382516
0.0382397
0.0382278
0.0382159
0.038204
0.0381921
0.0381803
0.0381684
0.0381566
0.0381447
0.0381329
0.038121
0.0381092
0.0380974
0.0380856
0.0380737
0.0380619
0.0380501
0.0380383
0.0380265
0.0380148
0.038003
0.0379912
0.0379794
0.0379677
0.0379559
0.0379441
0.0379324
0.0379207
0.0379089
0.0378972
0.0378855
0.0378737
0.037862
0.0378503
0.0378386
0.0378269
0.0378152
0.0378035
0.0377919
0.0377802
0.0377685
0.0377569
0.0377452
0.0377336
0.0377219
0.0377103
0.0376986
0.037687
0.0376754
0.0376638
0.0376521
0.0376405
0.0376289
0.0376173
0.0376058
0.0375942
0.0375826
0.037571
0.0375595
0.0375479
0.0375363
0.0375248
0.0375132
0.0375017
0.0374902
0.0374786
0.0374671
0.0374556
0.0374441
0.0374326
0.0374211
0.0374096
0.0373981
0.0373866
0.0373752
0.0373637
0.0373522
0.0373408
0.0373293
0.0373179
0.0373064
0.037295
0.0372836
0.0372721
0.0372607
0.0372493
0.0372379
0.0372265
0.0372151
0.0372037
0.0371923
0.0371809
0.0371696
0.0371582
0.0371468
0.0371355
0.0371241
0.0371128
0.0371014
0.0370901
0.0370788
0.0370675
0.0370562
0.0370448
0.0370335
0.0370222
0.0370109
0.0369997
0.0369884
0.0369771
0.0369658
0.0369546
0.0369433
0.0369321
0.0369208
0.0369096
0.0368983
0.0368871
0.0368759
0.0368647
0.0368535
0.0368423
0.0368311
0.0368199
0.0368087
0.0367975
0.0367863
0.0367751
0.036764
0.0367528
0.0367417
0.0367305
0.0367194
0.0367082
0.0366971
0.036686
0.0366749
0.0366638
0.0366526
0.0366415
0.0366304
0.0366194
0.0366083
0.0365972
0.0365861
0.0365751
0.036564
0.0365529
0.0365419
0.0365309
0.0365198
0.0365088
0.0364978
0.0364867
0.0364757
0.0364647
0.0364537
0.0364427
0.0364317
0.0364207
0.0364098
0.0363988
0.0363878
0.0363769
0.0363659
0.036355
0.036344
0.0363331
0.0363221
0.0363112
0.0363003
0.0362894
0.0362785
0.0362676
0.0362567
0.0362458
0.0362349
0.036224
0.0362131
0.0362023
0.0361914
0.0361806
0.0361697
0.0361589
0.036148
0.0361372
0.0361264
0.0361155
0.0361047
0.0360939
0.0360831
0.0360723
0.0360615
0.0360507
0.03604
0.0360292
0.0360184
0.0360077
0.0359969
0.0359861
0.0359754
0.0359647
0.0359539
0.0359432
0.0359325
0.0359218
0.0359111
0.0359004
0.0358897
0.035879
0.0358683
0.0358576
0.0358469
0.0358363
0.0358256
0.0358149
0.0358043
0.0357936
0.035783
0.0357724
0.0357617
0.0357511
0.0357405
0.0357299
0.0357193
0.0357087
0.0356981
0.0356875
0.0356769
0.0356664
0.0356558
0.0356452
0.0356347
0.0356241
0.0356136
0.0356031
0.0355925
0.035582
0.0355715
0.035561
0.0355505
0.03554
0.0355295
0.035519
0.0355085
0.035498
0.0354875
0.0354771
0.0354666
0.0354562
0.0354457
0.0354353
0.0354248
0.0354144
0.035404
0.0353936
0.0353831
0.0353727
0.0353623
0.0353519
0.0353415
0.0353312
0.0353208
0.0353104
0.0353
0.0352897
0.0352793
0.035269
0.0352586
0.0352483
0.035238
0.0352277
0.0352173
0.035207
0.0351967
0.0351864
0.0351761
0.0351658
0.0351556
0.0351453
0.035135
0.0351247
0.0351145
0.0351042
0.035094
0.0350837
0.0350735
0.0350633
0.0350531
0.0350428
0.0350326
0.0350224
0.0350122
0.035002
0.0349919
0.0349817
0.0349715
0.0349613
0.0349512
0.034941
0.0349309
0.0349207
0.0349106
0.0349004
0.0348903
0.0348802
0.0348701
0.03486
0.0348499
0.0348398
0.0348297
0.0348196
0.0348095
0.0347994
0.0347894
0.0347793
0.0347693
0.0347592
0.0347492
0.0347391
0.0347291
0.0347191
0.0347091
0.034699
0.034689
0.034679
0.034669
0.034659
0.0346491
0.0346391
0.0346291
0.0346191
0.0346092
0.0345992
0.0345893
0.0345793
0.0345694
0.0345595
0.0345496
0.0345396
0.0345297
0.0345198
0.0345099
0.0345
0.0344901
0.0344803
0.0344704
0.0344605
0.0344507
0.0344408
0.034431
0.0344211
0.0344113
0.0344014
0.0343916
0.0343818
0.034372
0.0343622
0.0343524
0.0343426
0.0343328
0.034323
0.0343132
0.0343034
0.0342937
0.0342839
0.0342742
0.0342644
0.0342547
0.0342449
0.0342352
0.0342255
0.0342157
0.034206
0.0341963
0.0341866
0.0341769
0.0341672
0.0341576
0.0341479
0.0341382
0.0341285
0.0341189
0.0341092
0.0340996
0.03409
0.0340803
0.0340707
0.0340611
0.0340514
0.0340418
0.0340322
0.0340226
0.034013
0.0340035
0.0339939
0.0339843
0.0339747
0.0339652
0.0339556
0.0339461
0.0339365
0.033927
0.0339175
0.0339079
0.0338984
0.0338889
0.0338794
0.0338699
0.0338604
0.0338509
0.0338414
0.0338319
0.0338225
0.033813
0.0338035
0.0337941
0.0337846
0.0337752
0.0337658
0.0337563
0.0337469
0.0337375
0.0337281
0.0337187
0.0337093
0.0336999
0.0336905
0.0336811
0.0336717
0.0336624
0.033653
0.0336436
0.0336343
0.0336249
0.0336156
0.0336063
0.033597
0.0335876
0.0335783
0.033569
0.0335597
0.0335504
0.0335411
0.0335318
0.0335226
0.0335133
0.033504
0.0334948
0.0334855
0.0334762
0.033467
0.0334578
0.0334485
0.0334393
0.0334301
0.0334209
0.0334117
0.0334025
0.0333933
0.0333841
0.0333749
0.0333657
0.0333566
0.0333474
0.0333382
0.0333291
0.0333199
0.0333108
0.0333017
0.0332925
0.0332834
0.0332743
0.0332652
0.0332561
0.033247
0.0332379
0.0332288
0.0332197
0.0332107
0.0332016
0.0331925
0.0331835
0.0331744
0.0331654
0.0331564
0.0331473
0.0331383
0.0331293
0.0331203
0.0331113
0.0331023
0.0330933
0.0330843
0.0330753
0.0330663
0.0330573
0.0330484
0.0330394
0.0330305
0.0330215
0.0330126
0.0330036
0.0329947
0.0329858
0.0329769
0.032968
0.0329591
0.0329502
0.0329413
0.0329324
0.0329235
0.0329146
0.0329058
0.0328969
0.032888
0.0328792
0.0328704
0.0328615
0.0328527
0.0328439
0.032835
0.0328262
0.0328174
0.0328086
0.0327998
0.032791
0.0327822
0.0327735
0.0327647
0.0327559
0.0327472
0.0327384
0.0327297
0.0327209
0.0327122
0.0327035
0.0326947
0.032686
0.0326773
0.0326686
0.0326599
0.0326512
0.0326425
0.0326338
0.0326252
0.0326165
0.0326078
0.0325992
0.0325905
0.0325819
0.0325732
0.0325646
0.032556
0.0325474
0.0325387
0.0325301
0.0325215
0.0325129
0.0325043
0.0324958
0.0324872
0.0324786
0.03247
0.0324615
0.0324529
0.0324444
0.0324358
0.0324273
0.0324188
0.0324102
0.0324017
0.0323932
0.0323847
0.0323762
0.0323677
0.0323592
0.0323507
0.0323423
0.0323338
0.0323253
0.0323169
0.0323084
0.0323
0.0322915
0.0322831
0.0322747
0.0322662
0.0322578
0.0322494
0.032241
0.0322326
0.0322242
0.0322158
0.0322075
0.0321991
0.0321907
0.0321823
0.032174
0.0321656
0.0321573
0.032149
0.0321406
0.0321323
0.032124
0.0321157
0.0321074
0.0320991
0.0320908
0.0320825
0.0320742
0.0320659
0.0320576
0.0320494
0.0320411
0.0320328
0.0320246
0.0320164
0.0320081
0.0319999
0.0319917
0.0319834
0.0319752
0.031967
0.0319588
0.0319506
0.0319424
0.0319343
0.0319261
0.0319179
0.0319097
0.0319016
0.0318934
0.0318853
0.0318771
0.031869
0.0318609
0.0318528
0.0318446
0.0318365
0.0318284
0.0318203
0.0318122
0.0318041
0.0317961
0.031788
0.0317799
0.0317718
0.0317638
0.0317557
0.0317477
0.0317397
0.0317316
0.0317236
0.0317156
0.0317076
0.0316995
0.0316915
0.0316835
0.0316755
0.0316676
0.0316596
0.0316516
0.0316436
0.0316357
0.0316277
0.0316198
0.0316118
0.0316039
0.031596
0.031588
0.0315801
0.0315722
0.0315643
0.0315564
0.0315485
0.0315406
0.0315327
0.0315248
0.031517
0.0315091
0.0315012
0.0314934
0.0314855
0.0314777
0.0314698
0.031462
0.0314542
0.0314464
0.0314385
0.0314307
0.0314229
0.0314151
0.0314074
0.0313996
0.0313918
0.031384
0.0313763
0.0313685
0.0313607
0.031353
0.0313452
0.0313375
0.0313298
0.031322
0.0313143
0.0313066
0.0312989
0.0312912
0.0312835
0.0312758
0.0312681
0.0312605
0.0312528
0.0312451
0.0312375
0.0312298
0.0312222
0.0312145
0.0312069
0.0311992
0.0311916
0.031184
0.0311764
0.0311688
0.0311612
0.0311536
0.031146
0.0311384
0.0311308
0.0311233
0.0311157
0.0311081
0.0311006
0.031093
0.0310855
0.031078
0.0310704
0.0310629
0.0310554
0.0310479
0.0310404
0.0310329
0.0310254
0.0310179
0.0310104
0.0310029
0.0309954
0.030988
0.0309805
0.0309731
0.0309656
0.0309582
0.0309507
0.0309433
0.0309359
0.0309284
0.030921
0.0309136
0.0309062
0.0308988
0.0308914
0.0308841
0.0308767
0.0308693
0.0308619
0.0308546
0.0308472
0.0308399
0.0308325
0.0308252
0.0308179
0.0308105
0.0308032
0.0307959
0.0307886
0.0307813
0.030774
0.0307667
0.0307594
0.0307521
0.0307449
0.0307376
0.0307303
0.0307231
0.0307158
0.0307086
0.0307013
0.0306941
0.0306869
0.0306796
0.0306724
0.0306652
0.030658
0.0306508
0.0306436
0.0306364
0.0306293
0.0306221
0.0306149
0.0306077
0.0306006
0.0305934
0.0305863
0.0305792
0.030572
0.0305649
0.0305578
0.0305506
0.0305435
0.0305364
0.0305293
0.0305222
0.0305151
0.0305081
0.030501
0.0304939
0.0304868
0.0304798
0.0304727
0.0304657
0.0304586
0.0304516
0.0304446
0.0304375
0.0304305
0.0304235
0.0304165
0.0304095
0.0304025
0.0303955
0.0303885
0.0303816
0.0303746
0.0303676
0.0303606
0.0303537
0.0303467
0.0303398
0.0303329
0.0303259
0.030319
0.0303121
0.0303052
0.0302982
0.0302913
0.0302844
0.0302775
0.0302707
0.0302638
0.0302569
0.03025
0.0302432
0.0302363
0.0302294
0.0302226
0.0302158
0.0302089
0.0302021
0.0301953
0.0301884
0.0301816
0.0301748
0.030168
0.0301612
0.0301544
0.0301476
0.0301409
0.0301341
0.0301273
0.0301206
0.0301138
0.0301071
0.0301003
0.0300936
0.0300868
0.0300801
0.0300734
0.0300667
0.03006
0.0300532
0.0300465
0.0300398
0.0300332
0.0300265
0.0300198
0.0300131
0.0300065
0.0299998
0.0299931
0.0299865
0.0299798
0.0299732
0.0299666
0.02996
0.0299533
0.0299467
0.0299401
0.0299335
0.0299269
0.0299203
0.0299137
0.0299071
0.0299006
0.029894
0.0298874
0.0298809
0.0298743
0.0298678
0.0298612
0.0298547
0.0298481
0.0298416
0.0298351
0.0298286
0.0298221
0.0298156
0.0298091
0.0298026
0.0297961
0.0297896
0.0297831
0.0297767
0.0297702
0.0297637
0.0297573
0.0297508
0.0297444
0.029738
0.0297315
0.0297251
0.0297187
0.0297123
0.0297059
0.0296995
0.0296931
0.0296867
0.0296803
0.0296739
0.0296675
0.0296612
0.0296548
0.0296484
0.0296421
0.0296357
0.0296294
0.029623
0.0296167
0.0296104
0.0296041
0.0295978
0.0295914
0.0295851
0.0295788
0.0295726
0.0295663
0.02956
0.0295537
0.0295474
0.0295412
0.0295349
0.0295287
0.0295224
0.0295162
0.0295099
0.0295037
0.0294975
0.0294912
0.029485
0.0294788
0.0294726
0.0294664
0.0294602
0.029454
0.0294479
0.0294417
0.0294355
0.0294293
0.0294232
0.029417
0.0294109
0.0294047
0.0293986
0.0293925
0.0293863
0.0293802
0.0293741
0.029368
0.0293619
0.0293558
0.0293497
0.0293436
0.0293375
0.0293314
0.0293253
0.0293193
0.0293132
0.0293072
0.0293011
0.0292951
0.029289
0.029283
0.0292769
0.0292709
0.0292649
0.0292589
0.0292529
0.0292469
0.0292409
0.0292349
0.0292289
0.0292229
0.0292169
0.029211
0.029205
0.029199
0.0291931
0.0291871
0.0291812
0.0291753
0.0291693
0.0291634
0.0291575
0.0291516
0.0291456
0.0291397
0.0291338
0.0291279
0.0291221
0.0291162
0.0291103
0.0291044
0.0290985
0.0290927
0.0290868
0.029081
0.0290751
0.0290693
0.0290634
0.0290576
0.0290518
0.029046
0.0290402
0.0290343
0.0290285
0.0290227
0.0290169
0.0290112
0.0290054
0.0289996
0.0289938
0.0289881
0.0289823
0.0289765
0.0289708
0.028965
0.0289593
0.0289536
0.0289478
0.0289421
0.0289364
0.0289307
0.028925
0.0289193
0.0289136
0.0289079
0.0289022
0.0288965
0.0288908
0.0288851
0.0288795
0.0288738
0.0288682
0.0288625
0.0288569
0.0288512
0.0288456
0.02884
0.0288343
0.0288287
0.0288231
0.0288175
0.0288119
0.0288063
0.0288007
0.0287951
0.0287895
0.028784
0.0287784
0.0287728
0.0287673
0.0287617
0.0287561
0.0287506
0.0287451
0.0287395
0.028734
0.0287285
0.0287229
0.0287174
0.0287119
0.0287064
0.0287009
0.0286954
0.0286899
0.0286844
0.028679
0.0286735
0.028668
0.0286626
0.0286571
0.0286517
0.0286462
0.0286408
0.0286353
0.0286299
0.0286245
0.028619
0.0286136
0.0286082
0.0286028
0.0285974
0.028592
0.0285866
0.0285812
0.0285759
0.0285705
0.0285651
0.0285598
0.0285544
0.028549
0.0285437
0.0285383
0.028533
0.0285277
0.0285223
0.028517
0.0285117
0.0285064
0.0285011
0.0284958
0.0284905
0.0284852
0.0284799
0.0284746
0.0284693
0.0284641
0.0284588
0.0284535
0.0284483
0.028443
0.0284378
0.0284325
0.0284273
0.0284221
0.0284168
0.0284116
0.0284064
0.0284012
0.028396
0.0283908
0.0283856
0.0283804
0.0283752
0.02837
0.0283648
0.0283597
0.0283545
0.0283493
0.0283442
0.028339
0.0283339
0.0283287
0.0283236
0.0283185
0.0283134
0.0283082
0.0283031
0.028298
0.0282929
0.0282878
0.0282827
0.0282776
0.0282725
0.0282674
0.0282624
0.0282573
0.0282522
0.0282472
0.0282421
0.0282371
0.028232
0.028227
0.0282219
0.0282169
0.0282119
0.0282069
0.0282018
0.0281968
0.0281918
0.0281868
0.0281818
0.0281768
0.0281719
0.0281669
0.0281619
0.0281569
0.028152
0.028147
0.028142
0.0281371
0.0281321
0.0281272
0.0281223
0.0281173
0.0281124
0.0281075
0.0281026
0.0280977
0.0280927
0.0280878
0.0280829
0.0280781
0.0280732
0.0280683
0.0280634
0.0280585
0.0280537
0.0280488
0.0280439
0.0280391
0.0280342
0.0280294
0.0280246
0.0280197
0.0280149
0.0280101
0.0280052
0.0280004
0.0279956
0.0279908
0.027986
0.0279812
0.0279764
0.0279716
0.0279669
0.0279621
0.0279573
0.0279526
0.0279478
0.027943
0.0279383
0.0279335
0.0279288
0.0279241
0.0279193
0.0279146
0.0279099
0.0279052
0.0279005
0.0278957
0.027891
0.0278863
0.0278816
0.027877
0.0278723
0.0278676
0.0278629
0.0278583
0.0278536
0.0278489
0.0278443
0.0278396
0.027835
0.0278303
0.0278257
0.0278211
0.0278164
0.0278118
0.0278072
0.0278026
0.027798
0.0277934
0.0277888
0.0277842
0.0277796
0.027775
0.0277704
0.0277659
0.0277613
0.0277567
0.0277522
0.0277476
0.0277431
0.0277385
0.027734
0.0277294
0.0277249
0.0277204
0.0277159
0.0277113
0.0277068
0.0277023
0.0276978
0.0276933
0.0276888
0.0276843
0.0276798
0.0276754
0.0276709
0.0276664
0.0276619
0.0276575
0.027653
0.0276486
0.0276441
0.0276397
0.0276353
0.0276308
0.0276264
0.027622
0.0276175
0.0276131
0.0276087
0.0276043
0.0275999
0.0275955
0.0275911
0.0275867
0.0275824
0.027578
0.0275736
0.0275692
0.0275649
0.0275605
0.0275562
0.0275518
0.0275475
0.0275431
0.0275388
0.0275345
0.0275301
0.0275258
0.0275215
0.0275172
0.0275129
0.0275086
0.0275043
0.0275
0.0274957
0.0274914
0.0274871
0.0274828
0.0274786
0.0274743
0.02747
0.0274658
0.0274615
0.0274573
0.027453
0.0274488
0.0274445
0.0274403
0.0274361
0.0274319
0.0274276
0.0274234
0.0274192
0.027415
0.0274108
0.0274066
0.0274024
0.0273982
0.0273941
0.0273899
0.0273857
0.0273815
0.0273774
0.0273732
0.0273691
0.0273649
0.0273608
0.0273566
0.0273525
0.0273484
0.0273442
0.0273401
0.027336
0.0273319
0.0273278
0.0273237
0.0273196
0.0273155
0.0273114
0.0273073
0.0273032
0.0272991
0.0272951
0.027291
0.0272869
0.0272829
0.0272788
0.0272747
0.0272707
0.0272667
0.0272626
0.0272586
0.0272546
0.0272505
0.0272465
0.0272425
0.0272385
0.0272345
0.0272305
0.0272265
0.0272225
0.0272185
0.0272145
0.0272105
0.0272065
0.0272026
0.0271986
0.0271946
0.0271907
0.0271867
0.0271828
0.0271788
0.0271749
0.0271709
0.027167
0.0271631
0.0271591
0.0271552
0.0271513
0.0271474
0.0271435
0.0271396
0.0271357
0.0271318
0.0271279
0.027124
0.0271201
0.0271163
0.0271124
0.0271085
0.0271046
0.0271008
0.0270969
0.0270931
0.0270892
0.0270854
0.0270816
0.0270777
0.0270739
0.0270701
0.0270662
0.0270624
0.0270586
0.0270548
0.027051
0.0270472
0.0270434
0.0270396
0.0270358
0.027032
0.0270283
0.0270245
0.0270207
0.0270169
0.0270132
0.0270094
0.0270057
0.0270019
0.0269982
0.0269944
0.0269907
0.026987
0.0269832
0.0269795
0.0269758
0.0269721
0.0269684
0.0269647
0.026961
0.0269573
0.0269536
0.0269499
0.0269462
0.0269425
0.0269388
0.0269352
0.0269315
0.0269278
0.0269242
0.0269205
0.0269168
0.0269132
0.0269096
0.0269059
0.0269023
0.0268986
0.026895
0.0268914
0.0268878
0.0268842
0.0268805
0.0268769
0.0268733
0.0268697
0.0268661
0.0268625
0.026859
0.0268554
0.0268518
0.0268482
0.0268447
0.0268411
0.0268375
0.026834
0.0268304
0.0268269
0.0268233
0.0268198
0.0268162
0.0268127
0.0268092
0.0268056
0.0268021
0.0267986
0.0267951
0.0267916
0.0267881
0.0267846
0.0267811
0.0267776
0.0267741
0.0267706
0.0267671
0.0267637
0.0267602
0.0267567
0.0267533
0.0267498
0.0267463
0.0267429
0.0267394
0.026736
0.0267325
0.0267291
0.0267257
0.0267222
0.0267188
0.0267154
0.026712
0.0267086
0.0267052
0.0267018
0.0266984
0.026695
0.0266916
0.0266882
0.0266848
0.0266814
0.026678
0.0266747
0.0266713
0.0266679
0.0266646
0.0266612
0.0266579
0.0266545
0.0266512
0.0266478
0.0266445
0.0266411
0.0266378
0.0266345
0.0266312
0.0266278
0.0266245
0.0266212
0.0266179
0.0266146
0.0266113
0.026608
0.0266047
0.0266014
0.0265982
0.0265949
0.0265916
0.0265883
0.0265851
0.0265818
0.0265785
0.0265753
0.026572
0.0265688
0.0265655
0.0265623
0.0265591
0.0265558
0.0265526
0.0265494
0.0265462
0.0265429
0.0265397
0.0265365
0.0265333
0.0265301
0.0265269
0.0265237
0.0265205
0.0265173
0.0265142
0.026511
0.0265078
0.0265046
0.0265015
0.0264983
0.0264951
0.026492
0.0264888
0.0264857
0.0264825
0.0264794
0.0264763
0.0264731
0.02647
0.0264669
0.0264637
0.0264606
0.0264575
0.0264544
0.0264513
0.0264482
0.0264451
0.026442
0.0264389
0.0264358
0.0264327
0.0264296
0.0264266
0.0264235
0.0264204
0.0264174
0.0264143
0.0264112
0.0264082
0.0264051
0.0264021
0.026399
0.026396
0.026393
0.0263899
0.0263869
0.0263839
0.0263808
0.0263778
0.0263748
0.0263718
0.0263688
0.0263658
0.0263628
0.0263598
0.0263568
0.0263538
0.0263508
0.0263478
0.0263449
0.0263419
0.0263389
0.0263359
0.026333
0.02633
0.0263271
0.0263241
0.0263212
0.0263182
0.0263153
0.0263123
0.0263094
0.0263065
0.0263035
0.0263006
0.0262977
0.0262948
0.0262919
0.026289
0.0262861
0.0262832
0.0262803
0.0262774
0.0262745
0.0262716
0.0262687
0.0262658
0.0262629
0.0262601
0.0262572
0.0262543
0.0262515
0.0262486
0.0262457
0.0262429
0.02624
0.0262372
0.0262344
0.0262315
0.0262287
0.0262258
0.026223
0.0262202
0.0262174
0.0262146
0.0262117
0.0262089
0.0262061
0.0262033
0.0262005
0.0261977
0.0261949
0.0261921
0.0261894
0.0261866
0.0261838
0.026181
0.0261782
0.0261755
0.0261727
0.0261699
0.0261672
0.0261644
0.0261617
0.0261589
0.0261562
0.0261534
0.0261507
0.026148
0.0261452
0.0261425
0.0261398
0.0261371
0.0261344
0.0261316
0.0261289
0.0261262
0.0261235
0.0261208
0.0261181
0.0261154
0.0261127
0.0261101
0.0261074
0.0261047
0.026102
0.0260993
0.0260967
0.026094
0.0260913
0.0260887
0.026086
0.0260834
0.0260807
0.0260781
0.0260754
0.0260728
0.0260702
0.0260675
0.0260649
0.0260623
0.0260596
0.026057
0.0260544
0.0260518
0.0260492
0.0260466
0.026044
0.0260414
0.0260388
0.0260362
0.0260336
0.026031
0.0260284
0.0260259
0.0260233
0.0260207
0.0260181
0.0260156
0.026013
0.0260104
0.0260079
0.0260053
0.0260028
0.0260002
0.0259977
0.0259952
0.0259926
0.0259901
0.0259875
0.025985
0.0259825
0.02598
0.0259775
0.0259749
0.0259724
0.0259699
0.0259674
0.0259649
0.0259624
0.0259599
0.0259574
0.0259549
0.0259525
0.02595
0.0259475
0.025945
0.0259425
0.0259401
0.0259376
0.0259351
0.0259327
0.0259302
0.0259278
0.0259253
0.0259229
0.0259204
0.025918
0.0259156
0.0259131
0.0259107
0.0259083
0.0259058
0.0259034
0.025901
0.0258986
0.0258962
0.0258938
0.0258913
0.0258889
0.0258865
0.0258841
0.0258818
0.0258794
0.025877
0.0258746
0.0258722
0.0258698
0.0258675
0.0258651
0.0258627
0.0258603
0.025858
0.0258556
0.0258533
0.0258509
0.0258486
0.0258462
0.0258439
0.0258415
0.0258392
0.0258369
0.0258345
0.0258322
0.0258299
0.0258275
0.0258252
0.0258229
0.0258206
0.0258183
0.025816
0.0258137
0.0258114
0.0258091
0.0258068
0.0258045
0.0258022
0.0257999
0.0257976
0.0257953
0.0257931
0.0257908
0.0257885
0.0257863
0.025784
0.0257817
0.0257795
0.0257772
0.025775
0.0257727
0.0257705
0.0257682
0.025766
0.0257637
0.0257615
0.0257593
0.025757
0.0257548
0.0257526
0.0257504
0.0257481
0.0257459
0.0257437
0.0257415
0.0257393
0.0257371
0.0257349
0.0257327
0.0257305
0.0257283
0.0257261
0.0257239
0.0257217
0.0257196
0.0257174
0.0257152
0.025713
0.0257109
0.0257087
0.0257065
0.0257044
0.0257022
0.0257001
0.0256979
0.0256958
0.0256936
0.0256915
0.0256893
0.0256872
0.0256851
0.0256829
0.0256808
0.0256787
0.0256766
0.0256744
0.0256723
0.0256702
0.0256681
0.025666
0.0256639
0.0256618
0.0256597
0.0256576
0.0256555
0.0256534
0.0256513
0.0256492
0.0256471
0.0256451
0.025643
0.0256409
0.0256388
0.0256368
0.0256347
0.0256326
0.0256306
0.0256285
0.0256265
0.0256244
0.0256224
0.0256203
0.0256183
0.0256162
0.0256142
0.0256122
0.0256101
0.0256081
0.0256061
0.025604
0.025602
0.0256
0.025598
0.025596
0.025594
0.025592
0.02559
0.0255879
0.0255859
0.025584
0.025582
0.02558
0.025578
0.025576
0.025574
0.025572
0.02557
0.0255681
0.0255661
0.0255641
0.0255622
0.0255602
0.0255582
0.0255563
0.0255543
0.0255524
0.0255504
0.0255485
0.0255465
0.0255446
0.0255426
0.0255407
0.0255388
0.0255368
0.0255349
0.025533
0.025531
0.0255291
0.0255272
0.0255253
0.0255234
0.0255214
0.0255195
0.0255176
0.0255157
0.0255138
0.0255119
0.02551
0.0255081
0.0255062
0.0255044
0.0255025
0.0255006
0.0254987
0.0254968
0.025495
0.0254931
0.0254912
0.0254893
0.0254875
0.0254856
0.0254838
0.0254819
0.02548
0.0254782
0.0254763
0.0254745
0.0254726
0.0254708
0.025469
0.0254671
0.0254653
0.0254635
0.0254616
0.0254598
0.025458
0.0254562
0.0254543
0.0254525
0.0254507
0.0254489
0.0254471
0.0254453
0.0254435
0.0254417
0.0254399
0.0254381
0.0254363
0.0254345
0.0254327
0.0254309
0.0254291
0.0254274
0.0254256
0.0254238
0.025422
0.0254203
0.0254185
0.0254167
0.0254149
0.0254132
0.0254114
0.0254097
0.0254079
0.0254062
0.0254044
0.0254027
0.0254009
0.0253992
0.0253974
0.0253957
0.025394
0.0253922
0.0253905
0.0253888
0.0253871
0.0253853
0.0253836
0.0253819
0.0253802
0.0253785
0.0253767
0.025375
0.0253733
0.0253716
0.0253699
0.0253682
0.0253665
0.0253648
0.0253631
0.0253615
0.0253598
0.0253581
0.0253564
0.0253547
0.025353
0.0253514
0.0253497
0.025348
0.0253464
0.0253447
0.025343
0.0253414
0.0253397
0.0253381
0.0253364
0.0253347
0.0253331
0.0253315
0.0253298
0.0253282
0.0253265
0.0253249
0.0253233
0.0253216
0.02532
0.0253184
0.0253167
0.0253151
0.0253135
0.0253119
0.0253103
0.0253086
0.025307
0.0253054
0.0253038
0.0253022
0.0253006
0.025299
0.0252974
0.0252958
0.0252942
0.0252926
0.025291
0.0252894
0.0252879
0.0252863
0.0252847
0.0252831
0.0252815
0.02528
0.0252784
0.0252768
0.0252753
0.0252737
0.0252721
0.0252706
0.025269
0.0252675
0.0252659
0.0252643
0.0252628
0.0252612
0.0252597
0.0252582
0.0252566
0.0252551
0.0252535
0.025252
0.0252505
0.025249
0.0252474
0.0252459
0.0252444
0.0252429
0.0252413
0.0252398
0.0252383
0.0252368
0.0252353
0.0252338
0.0252323
0.0252308
0.0252293
0.0252278
0.0252263
0.0252248
0.0252233
0.0252218
0.0252203
0.0252188
0.0252173
0.0252159
0.0252144
0.0252129
0.0252114
0.0252099
0.0252085
0.025207
0.0252055
0.0252041
0.0252026
0.0252012
0.0251997
0.0251982
0.0251968
0.0251953
0.0251939
0.0251924
0.025191
0.0251895
0.0251881
0.0251867
0.0251852
0.0251838
0.0251824
0.0251809
0.0251795
0.0251781
0.0251766
0.0251752
0.0251738
0.0251724
0.025171
0.0251695
0.0251681
0.0251667
0.0251653
0.0251639
0.0251625
0.0251611
0.0251597
0.0251583
0.0251569
0.0251555
0.0251541
0.0251527
0.0251513
0.02515
0.0251486
0.0251472
0.0251458
0.0251444
0.0251431
0.0251417
0.0251403
0.0251389
0.0251376
0.0251362
0.0251348
0.0251335
0.0251321
0.0251308
0.0251294
0.0251281
0.0251267
0.0251253
0.025124
0.0251227
0.0251213
0.02512
0.0251186
0.0251173
0.025116
0.0251146
0.0251133
0.025112
0.0251106
0.0251093
0.025108
0.0251067
0.0251053
0.025104
0.0251027
0.0251014
0.0251001
0.0250988
0.0250974
0.0250961
0.0250948
0.0250935
0.0250922
0.0250909
0.0250896
0.0250883
0.025087
0.0250857
0.0250845
0.0250832
0.0250819
0.0250806
0.0250793
0.025078
0.0250768
0.0250755
0.0250742
0.0250729
0.0250717
0.0250704
0.0250691
0.0250679
0.0250666
0.0250653
0.0250641
0.0250628
0.0250616
0.0250603
0.0250591
0.0250578
0.0250566
0.0250553
0.0250541
0.0250528
0.0250516
0.0250503
0.0250491
0.0250479
0.0250466
0.0250454
0.0250442
0.0250429
0.0250417
0.0250405
0.0250393
0.025038
0.0250368
0.0250356
0.0250344
0.0250332
0.025032
0.0250308
0.0250295
0.0250283
0.0250271
0.0250259
0.0250247
0.0250235
0.0250223
0.0250211
0.0250199
0.0250187
0.0250176
0.0250164
0.0250152
0.025014
0.0250128
0.0250116
0.0250104
0.0250093
0.0250081
0.0250069
0.0250057
0.0250046
0.0250034
0.0250022
0.0250011
0.0249999
0.0249987
0.0249976
0.0249964
0.0249953
0.0249941
0.024993
0.0249918
0.0249907
0.0249895
0.0249884
0.0249872
0.0249861
0.0249849
0.0249838
0.0249826
0.0249815
0.0249804
0.0249792
0.0249781
0.024977
0.0249759
0.0249747
0.0249736
0.0249725
0.0249714
0.0249702
0.0249691
0.024968
0.0249669
0.0249658
0.0249647
0.0249636
0.0249624
0.0249613
0.0249602
0.0249591
0.024958
0.0249569
0.0249558
0.0249547
0.0249536
0.0249525
0.0249515
0.0249504
0.0249493
0.0249482
0.0249471
0.024946
0.0249449
0.0249439
0.0249428
0.0249417
0.0249406
0.0249396
0.0249385
0.0249374
0.0249363
0.0249353
0.0249342
0.0249331
0.0249321
0.024931
0.02493
0.0249289
0.0249279
0.0249268
0.0249257
0.0249247
0.0249236
0.0249226
0.0249216
0.0249205
0.0249195
0.0249184
0.0249174
0.0249163
0.0249153
0.0249143
0.0249132
0.0249122
0.0249112
0.0249101
0.0249091
0.0249081
0.0249071
0.024906
0.024905
0.024904
0.024903
0.024902
0.024901
0.0248999
0.0248989
0.0248979
0.0248969
0.0248959
0.0248949
0.0248939
0.0248929
0.0248919
0.0248909
0.0248899
0.0248889
0.0248879
0.0248869
0.0248859
0.0248849
0.0248839
0.024883
0.024882
0.024881
0.02488
0.024879
0.024878
0.0248771
0.0248761
0.0248751
0.0248741
0.0248732
0.0248722
0.0248712
0.0248703
0.0248693
0.0248683
0.0248674
0.0248664
0.0248654
0.0248645
0.0248635
0.0248626
0.0248616
0.0248607
0.0248597
0.0248588
0.0248578
0.0248569
0.0248559
0.024855
0.024854
0.0248531
0.0248521
0.0248512
0.0248503
0.0248493
0.0248484
0.0248475
0.0248465
0.0248456
0.0248447
0.0248438
0.0248428
0.0248419
0.024841
0.0248401
0.0248391
0.0248382
0.0248373
0.0248364
0.0248355
0.0248346
0.0248336
0.0248327
0.0248318
0.0248309
0.02483
0.0248291
0.0248282
0.0248273
0.0248264
0.0248255
0.0248246
0.0248237
0.0248228
0.0248219
0.024821
0.0248201
0.0248193
0.0248184
0.0248175
0.0248166
0.0248157
0.0248148
0.0248139
0.0248131
0.0248122
0.0248113
0.0248104
0.0248096
0.0248087
0.0248078
0.0248069
0.0248061
0.0248052
0.0248043
0.0248035
0.0248026
0.0248018
0.0248009
0.0248
0.0247992
0.0247983
0.0247975
0.0247966
0.0247958
0.0247949
0.0247941
0.0247932
0.0247924
0.0247915
0.0247907
0.0247898
0.024789
0.0247881
0.0247873
0.0247865
0.0247856
0.0247848
0.024784
0.0247831
0.0247823
0.0247815
0.0247806
0.0247798
0.024779
0.0247782
0.0247773
0.0247765
0.0247757
0.0247749
0.024774
0.0247732
0.0247724
0.0247716
0.0247708
0.02477
0.0247692
0.0247684
0.0247675
0.0247667
0.0247659
0.0247651
0.0247643
0.0247635
0.0247627
0.0247619
0.0247611
0.0247603
0.0247595
0.0247587
0.0247579
0.0247571
0.0247564
0.0247556
0.0247548
0.024754
0.0247532
0.0247524
0.0247516
0.0247509
0.0247501
0.0247493
0.0247485
0.0247477
0.024747
0.0247462
0.0247454
0.0247446
0.0247439
0.0247431
0.0247423
0.0247416
0.0247408
0.02474
0.0247393
0.0247385
0.0247377
0.024737
0.0247362
0.0247355
0.0247347
0.0247339
0.0247332
0.0247324
0.0247317
0.0247309
0.0247302
0.0247294
0.0247287
0.0247279
0.0247272
0.0247265
0.0247257
0.024725
0.0247242
0.0247235
0.0247227
0.024722
0.0247213
0.0247205
0.0247198
0.0247191
0.0247183
0.0247176
0.0247169
0.0247162
0.0247154
0.0247147
0.024714
0.0247133
0.0247125
0.0247118
0.0247111
0.0247104
0.0247097
0.0247089
0.0247082
0.0247075
0.0247068
0.0247061
0.0247054
0.0247047
0.024704
0.0247032
0.0247025
0.0247018
0.0247011
0.0247004
0.0246997
0.024699
0.0246983
0.0246976
0.0246969
0.0246962
0.0246955
0.0246948
0.0246942
0.0246935
0.0246928
0.0246921
0.0246914
0.0246907
0.02469
0.0246893
0.0246887
0.024688
0.0246873
0.0246866
0.0246859
0.0246852
0.0246846
0.0246839
0.0246832
0.0246825
0.0246819
0.0246812
0.0246805
0.0246799
0.0246792
0.0246785
0.0246779
0.0246772
0.0246765
0.0246759
0.0246752
0.0246745
0.0246739
0.0246732
0.0246726
0.0246719
0.0246712
0.0246706
0.0246699
0.0246693
0.0246686
0.024668
0.0246673
0.0246667
0.024666
0.0246654
0.0246647
0.0246641
0.0246634
0.0246628
0.0246622
0.0246615
0.0246609
0.0246602
0.0246596
0.024659
0.0246583
0.0246577
0.0246571
0.0246564
0.0246558
0.0246552
0.0246545
0.0246539
0.0246533
0.0246526
0.024652
0.0246514
0.0246508
0.0246502
0.0246495
0.0246489
0.0246483
0.0246477
0.0246471
0.0246464
0.0246458
0.0246452
0.0246446
0.024644
0.0246434
0.0246428
0.0246421
0.0246415
0.0246409
0.0246403
0.0246397
0.0246391
0.0246385
0.0246379
0.0246373
0.0246367
0.0246361
0.0246355
0.0246349
0.0246343
0.0246337
0.0246331
0.0246325
0.0246319
0.0246313
0.0246307
0.0246302
0.0246296
0.024629
0.0246284
0.0246278
0.0246272
0.0246266
0.024626
0.0246255
0.0246249
0.0246243
0.0246237
0.0246231
0.0246226
0.024622
0.0246214
0.0246208
0.0246203
0.0246197
0.0246191
0.0246185
0.024618
0.0246174
0.0246168
0.0246163
0.0246157
0.0246151
0.0246146
0.024614
0.0246134
0.0246129
0.0246123
0.0246117
0.0246112
0.0246106
0.0246101
0.0246095
0.024609
0.0246084
0.0246078
0.0246073
0.0246067
0.0246062
0.0246056
0.0246051
0.0246045
0.024604
0.0246034
0.0246029
0.0246023
0.0246018
0.0246013
0.0246007
0.0246002
0.0245996
0.0245991
0.0245985
0.024598
0.0245975
0.0245969
0.0245964
0.0245959
0.0245953
0.0245948
0.0245943
0.0245937
0.0245932
0.0245927
0.0245921
0.0245916
0.0245911
0.0245906
0.02459
0.0245895
0.024589
0.0245885
0.0245879
0.0245874
0.0245869
0.0245864
0.0245859
0.0245853
0.0245848
0.0245843
0.0245838
0.0245833
0.0245828
0.0245822
0.0245817
0.0245812
0.0245807
0.0245802
0.0245797
0.0245792
0.0245787
0.0245782
0.0245777
0.0245772
0.0245767
0.0245761
0.0245756
0.0245751
0.0245746
0.0245741
0.0245736
0.0245731
0.0245726
0.0245721
0.0245717
0.0245712
0.0245707
0.0245702
0.0245697
0.0245692
0.0245687
0.0245682
0.0245677
0.0245672
0.0245667
0.0245662
0.0245658
0.0245653
0.0245648
0.0245643
0.0245638
0.0245633
0.0245629
0.0245624
0.0245619
0.0245614
0.0245609
0.0245605
0.02456
0.0245595
0.024559
0.0245586
0.0245581
0.0245576
0.0245571
0.0245567
0.0245562
0.0245557
0.0245553
0.0245548
0.0245543
0.0245539
0.0245534
0.0245529
0.0245525
0.024552
0.0245515
0.0245511
0.0245506
0.0245501
0.0245497
0.0245492
0.0245488
0.0245483
0.0245479
0.0245474
0.0245469
0.0245465
0.024546
0.0245456
0.0245451
0.0245447
0.0245442
0.0245438
0.0245433
0.0245429
0.0245424
0.024542
0.0245415
0.0245411
0.0245406
0.0245402
0.0245397
0.0245393
0.0245389
0.0245384
0.024538
0.0245375
0.0245371
0.0245367
0.0245362
0.0245358
0.0245353
0.0245349
0.0245345
0.024534
0.0245336
0.0245332
0.0245327
0.0245323
0.0245319
0.0245314
0.024531
0.0245306
0.0245302
0.0245297
0.0245293
0.0245289
0.0245285
0.024528
0.0245276
0.0245272
0.0245268
0.0245263
0.0245259
0.0245255
0.0245251
0.0245247
0.0245242
0.0245238
0.0245234
0.024523
0.0245226
0.0245221
0.0245217
0.0245213
0.0245209
0.0245205
0.0245201
0.0245197
0.0245193
0.0245189
0.0245184
0.024518
0.0245176
0.0245172
0.0245168
0.0245164
0.024516
0.0245156
0.0245152
0.0245148
0.0245144
0.024514
0.0245136
0.0245132
0.0245128
0.0245124
0.024512
0.0245116
0.0245112
0.0245108
0.0245104
0.02451
0.0245096
0.0245092
0.0245088
0.0245084
0.024508
0.0245076
0.0245073
0.0245069
0.0245065
0.0245061
0.0245057
0.0245053
0.0245049
0.0245045
0.0245041
0.0245038
0.0245034
0.024503
0.0245026
0.0245022
0.0245018
0.0245015
0.0245011
0.0245007
0.0245003
0.0244999
0.0244996
0.0244992
0.0244988
0.0244984
0.0244981
0.0244977
0.0244973
0.0244969
0.0244966
0.0244962
0.0244958
0.0244954
0.0244951
0.0244947
0.0244943
0.024494
0.0244936
0.0244932
0.0244929
0.0244925
0.0244921
0.0244918
0.0244914
0.024491
0.0244907
0.0244903
0.0244899
0.0244896
0.0244892
0.0244889
0.0244885
0.0244881
0.0244878
0.0244874
0.0244871
0.0244867
0.0244864
0.024486
0.0244856
0.0244853
0.0244849
0.0244846
0.0244842
0.0244839
0.0244835
0.0244832
0.0244828
0.0244825
0.0244821
0.0244818
0.0244814
0.0244811
0.0244807
0.0244804
0.02448
0.0244797
0.0244793
0.024479
0.0244787
0.0244783
0.024478
0.0244776
0.0244773
0.0244769
0.0244766
0.0244763
0.0244759
0.0244756
0.0244752
0.0244749
0.0244746
0.0244742
0.0244739
0.0244736
0.0244732
0.0244729
0.0244726
0.0244722
0.0244719
0.0244716
0.0244712
0.0244709
0.0244706
0.0244702
0.0244699
0.0244696
0.0244693
0.0244689
0.0244686
0.0244683
0.0244679
0.0244676
0.0244673
0.024467
0.0244666
0.0244663
0.024466
0.0244657
0.0244654
0.024465
0.0244647
0.0244644
0.0244641
0.0244637
0.0244634
0.0244631
0.0244628
0.0244625
0.0244622
0.0244618
0.0244615
0.0244612
0.0244609
0.0244606
0.0244603
0.02446
0.0244596
0.0244593
0.024459
0.0244587
0.0244584
0.0244581
0.0244578
0.0244575
0.0244572
0.0244569
0.0244565
0.0244562
0.0244559
0.0244556
0.0244553
0.024455
0.0244547
0.0244544
0.0244541
0.0244538
0.0244535
0.0244532
0.0244529
0.0244526
0.0244523
0.024452
0.0244517
0.0244514
0.0244511
0.0244508
0.0244505
0.0244502
0.0244499
0.0244496
0.0244493
0.024449
0.0244487
0.0244484
0.0244481
0.0244478
0.0244475
0.0244473
0.024447
0.0244467
0.0244464
0.0244461
0.0244458
0.0244455
0.0244452
0.0244449
0.0244446
0.0244444
0.0244441
0.0244438
0.0244435
0.0244432
0.0244429
0.0244426
0.0244424
0.0244421
0.0244418
0.0244415
0.0244412
0.0244409
0.0244407
0.0244404
0.0244401
0.0244398
0.0244395
0.0244393
0.024439
0.0244387
0.0244384
0.0244381
0.0244379
0.0244376
0.0244373
0.024437
0.0244368
0.0244365
0.0244362
0.0244359
0.0244357
0.0244354
0.0244351
0.0244349
0.0244346
0.0244343
0.024434
0.0244338
0.0244335
0.0244332
0.024433
0.0244327
0.0244324
0.0244322
0.0244319
0.0244316
0.0244314
0.0244311
0.0244308
0.0244306
0.0244303
0.02443
0.0244298
0.0244295
0.0244292
0.024429
0.0244287
0.0244285
0.0244282
0.0244279
0.0244277
0.0244274
0.0244272
0.0244269
0.0244266
0.0244264
0.0244261
0.0244259
0.0244256
0.0244253
0.0244251
0.0244248
0.0244246
0.0244243
0.0244241
0.0244238
0.0244236
0.0244233
0.0244231
0.0244228
0.0244226
0.0244223
0.024422
0.0244218
0.0244215
0.0244213
0.024421
0.0244208
0.0244205
0.0244203
0.0244201
0.0244198
0.0244196
0.0244193
0.0244191
0.0244188
0.0244186
0.0244183
0.0244181
0.0244178
0.0244176
0.0244174
0.0244171
0.0244169
0.0244166
0.0244164
0.0244161
0.0244159
0.0244157
0.0244154
0.0244152
0.0244149
0.0244147
0.0244145
0.0244142
0.024414
0.0244137
0.0244135
0.0244133
0.024413
0.0244128
0.0244126
0.0244123
0.0244121
0.0244119
0.0244116
0.0244114
0.0244112
0.0244109
0.0244107
0.0244105
0.0244102
0.02441
0.0244098
0.0244095
0.0244093
0.0244091
0.0244088
0.0244086
0.0244084
0.0244082
0.0244079
0.0244077
0.0244075
0.0244072
0.024407
0.0244068
0.0244066
0.0244063
0.0244061
0.0244059
0.0244057
0.0244054
0.0244052
0.024405
0.0244048
0.0244045
0.0244043
0.0244041
0.0244039
0.0244037
0.0244034
0.0244032
0.024403
0.0244028
0.0244026
0.0244023
0.0244021
0.0244019
0.0244017
0.0244015
0.0244012
0.024401
0.0244008
0.0244006
0.0244004
0.0244002
0.0243999
0.0243997
0.0243995
0.0243993
0.0243991
0.0243989
0.0243987
0.0243985
0.0243982
0.024398
0.0243978
0.0243976
0.0243974
0.0243972
0.024397
0.0243968
0.0243965
0.0243963
0.0243961
0.0243959
0.0243957
0.0243955
0.0243953
0.0243951
0.0243949
0.0243947
0.0243945
0.0243943
0.0243941
0.0243939
0.0243936
0.0243934
0.0243932
0.024393
0.0243928
0.0243926
0.0243924
0.0243922
0.024392
0.0243918
0.0243916
0.0243914
0.0243912
0.024391
0.0243908
0.0243906
0.0243904
0.0243902
0.02439
0.0243898
0.0243896
0.0243894
0.0243892
0.024389
0.0243888
0.0243886
0.0243884
0.0243882
0.024388
0.0243878
0.0243876
0.0243874
0.0243872
0.0243871
0.0243869
0.0243867
0.0243865
0.0243863
0.0243861
0.0243859
0.0243857
0.0243855
0.0243853
0.0243851
0.0243849
0.0243847
0.0243845
0.0243844
0.0243842
0.024384
0.0243838
0.0243836
0.0243834
0.0243832
0.024383
0.0243828
0.0243827
0.0243825
0.0243823
0.0243821
0.0243819
0.0243817
0.0243815
0.0243813
0.0243812
0.024381
0.0243808
0.0243806
0.0243804
0.0243802
0.0243801
0.0243799
0.0243797
0.0243795
0.0243793
0.0243791
0.024379
0.0243788
0.0243786
0.0243784
0.0243782
0.0243781
0.0243779
0.0243777
0.0243775
0.0243773
0.0243772
0.024377
0.0243768
0.0243766
0.0243764
0.0243763
0.0243761
0.0243759
0.0243757
0.0243756
0.0243754
0.0243752
0.024375
0.0243748
0.0243747
0.0243745
0.0243743
0.0243741
0.024374
0.0243738
0.0243736
0.0243735
0.0243733
0.0243731
0.0243729
0.0243728
0.0243726
0.0243724
0.0243722
0.0243721
0.0243719
0.0243717
0.0243716
0.0243714
0.0243712
0.0243711
0.0243709
0.0243707
0.0243705
0.0243704
0.0243702
0.02437
0.0243699
0.0243697
0.0243695
0.0243694
0.0243692
0.024369
0.0243689
0.0243687
0.0243685
0.0243684
0.0243682
0.024368
0.0243679
0.0243677
0.0243675
0.0243674
0.0243672
0.0243671
0.0243669
0.0243667
0.0243666
0.0243664
0.0243662
0.0243661
0.0243659
0.0243658
0.0243656
0.0243654
0.0243653
0.0243651
0.024365
0.0243648
0.0243646
0.0243645
0.0243643
0.0243642
0.024364
0.0243638
0.0243637
0.0243635
0.0243634
0.0243632
0.024363
0.0243629
0.0243627
0.0243626
0.0243624
0.0243623
0.0243621
0.024362
0.0243618
0.0243616
0.0243615
0.0243613
0.0243612
0.024361
0.0243609
0.0243607
0.0243606
0.0243604
0.0243603
0.0243601
0.0243599
0.0243598
0.0243596
0.0243595
0.0243593
0.0243592
0.024359
0.0243589
0.0243587
0.0243586
0.0243584
0.0243583
0.0243581
0.024358
0.0243578
0.0243577
0.0243575
0.0243574
0.0243572
0.0243571
0.0243569
0.0243568
0.0243566
0.0243565
0.0243564
0.0243562
0.0243561
0.0243559
0.0243558
0.0243556
0.0243555
0.0243553
0.0243552
0.024355
0.0243549
0.0243547
0.0243546
0.0243545
0.0243543
0.0243542
0.024354
0.0243539
0.0243537
0.0243536
0.0243535
0.0243533
0.0243532
0.024353
0.0243529
0.0243527
0.0243526
0.0243525
0.0243523
0.0243522
0.024352
0.0243519
0.0243518
0.0243516
0.0243515
0.0243513
0.0243512
0.0243511
0.0243509
0.0243508
0.0243506
0.0243505
0.0243504
0.0243502
0.0243501
0.0243499
0.0243498
0.0243497
0.0243495
0.0243494
0.0243493
0.0243491
0.024349
0.0243488
0.0243487
0.0243486
0.0243484
0.0243483
0.0243482
0.024348
0.0243479
0.0243478
0.0243476
0.0243475
0.0243474
0.0243472
0.0243471
0.024347
0.0243468
0.0243467
0.0243466
0.0243464
0.0243463
0.0243462
0.024346
0.0243459
0.0243458
0.0243456
0.0243455
0.0243454
0.0243452
0.0243451
0.024345
0.0243448
0.0243447
0.0243446
0.0243445
0.0243443
0.0243442
0.0243441
0.0243439
0.0243438
0.0243437
0.0243436
0.0243434
0.0243433
0.0243432
0.024343
0.0243429
0.0243428
0.0243427
0.0243425
0.0243424
0.0243423
0.0243422
0.024342
0.0243419
0.0243418
0.0243416
0.0243415
0.0243414
0.0243413
0.0243411
0.024341
0.0243409
0.0243408
0.0243406
0.0243405
0.0243404
0.0243403
0.0243401
0.02434
0.0243399
0.0243398
0.0243397
0.0243395
0.0243394
0.0243393
0.0243392
0.024339
0.0243389
0.0243388
0.0243387
0.0243386
0.0243384
0.0243383
0.0243382
0.0243381
0.0243379
0.0243378
0.0243377
0.0243376
0.0243375
0.0243373
0.0243372
0.0243371
0.024337
0.0243369
0.0243367
0.0243366
0.0243365
0.0243364
0.0243363
0.0243362
0.024336
0.0243359
0.0243358
0.0243357
0.0243356
0.0243354
0.0243353
0.0243352
0.0243351
0.024335
0.0243349
0.0243347
0.0243346
0.0243345
0.0243344
0.0243343
0.0243342
0.0243341
0.0243339
0.0243338
0.0243337
0.0243336
0.0243335
0.0243334
0.0243332
0.0243331
0.024333
0.0243329
0.0243328
0.0243327
0.0243326
0.0243325
0.0243323
0.0243322
0.0243321
0.024332
0.0243319
0.0243318
0.0243317
0.0243316
0.0243314
0.0243313
0.0243312
0.0243311
0.024331
0.0243309
0.0243308
0.0243307
0.0243305
0.0243304
0.0243303
0.0243302
0.0243301
0.02433
0.0243299
0.0243298
0.0243297
0.0243296
0.0243294
0.0243293
0.0243292
0.0243291
0.024329
0.0243289
0.0243288
0.0243287
0.0243286
0.0243285
0.0243284
0.0243283
0.0243281
0.024328
0.0243279
0.0243278
0.0243277
0.0243276
0.0243275
0.0243274
0.0243273
0.0243272
0.0243271
0.024327
0.0243269
0.0243268
0.0243267
0.0243265
0.0243264
0.0243263
0.0243262
0.0243261
0.024326
0.0243259
0.0243258
0.0243257
0.0243256
0.0243255
0.0243254
0.0243253
0.0243252
0.0243251
0.024325
0.0243249
0.0243248
0.0243247
0.0243246
0.0243245
0.0243244
0.0243243
0.0243242
0.0243241
0.024324
0.0243238
0.0243237
0.0243236
0.0243235
0.0243234
0.0243233
0.0243232
0.0243231
0.024323
0.0243229
0.0243228
0.0243227
0.0243226
0.0243225
0.0243224
0.0243223
0.0243222
0.0243221
0.024322
0.0243219
0.0243218
0.0243217
0.0243216
0.0243215
0.0243214
0.0243213
0.0243212
0.0243211
0.024321
0.0243209
0.0243208
0.0243207
0.0243206
0.0243205
0.0243204
0.0243203
0.0243203
0.0243202
0.0243201
0.02432
0.0243199
0.0243198
0.0243197
0.0243196
0.0243195
0.0243194
0.0243193
0.0243192
0.0243191
0.024319
0.0243189
0.0243188
0.0243187
0.0243186
0.0243185
0.0243184
0.0243183
0.0243182
0.0243181
0.024318
0.0243179
0.0243178
0.0243177
0.0243177
0.0243176
0.0243175
0.0243174
0.0243173
0.0243172
0.0243171
0.024317
0.0243169
0.0243168
0.0243167
0.0243166
0.0243165
0.0243164
0.0243163
0.0243162
0.0243162
0.0243161
0.024316
0.0243159
0.0243158
0.0243157
0.0243156
0.0243155
0.0243154
0.0243153
0.0243152
0.0243151
0.024315
0.024315
0.0243149
0.0243148
0.0243147
0.0243146
0.0243145
0.0243144
0.0243143
0.0243142
0.0243141
0.024314
0.024314
0.0243139
0.0243138
0.0243137
0.0243136
0.0243135
0.0243134
0.0243133
0.0243132
0.0243131
0.0243131
0.024313
0.0243129
0.0243128
0.0243127
0.0243126
0.0243125
0.0243124
0.0243123
0.0243122
0.0243122
0.0243121
0.024312
0.0243119
0.0243118
0.0243117
0.0243116
0.0243115
0.0243115
0.0243114
0.0243113
0.0243112
0.0243111
0.024311
0.0243109
0.0243108
0.0243108
0.0243107
0.0243106
0.0243105
0.0243104
0.0243103
0.0243102
0.0243102
0.0243101
0.02431
0.0243099
0.0243098
0.0243097
0.0243096
0.0243095
0.0243095
0.0243094
0.0243093
0.0243092
0.0243091
0.024309
0.0243089
0.0243089
0.0243088
0.0243087
0.0243086
0.0243085
0.0243084
0.0243084
0.0243083
0.0243082
0.0243081
0.024308
0.0243079
0.0243079
0.0243078
0.0243077
0.0243076
0.0243075
0.0243074
0.0243073
0.0243073
0.0243072
0.0243071
0.024307
0.0243069
0.0243068
0.0243068
0.0243067
0.0243066
0.0243065
0.0243064
0.0243064
0.0243063
0.0243062
0.0243061
0.024306
0.0243059
0.0243059
0.0243058
0.0243057
0.0243056
0.0243055
0.0243054
0.0243054
0.0243053
0.0243052
0.0243051
0.024305
0.024305
0.0243049
0.0243048
0.0243047
0.0243046
0.0243046
0.0243045
0.0243044
0.0243043
0.0243042
0.0243042
0.0243041
0.024304
0.0243039
0.0243038
0.0243038
0.0243037
0.0243036
0.0243035
0.0243034
0.0243034
0.0243033
0.0243032
0.0243031
0.024303
0.024303
0.0243029
0.0243028
0.0243027
0.0243026
0.0243026
0.0243025
0.0243024
0.0243023
0.0243022
0.0243022
0.0243021
0.024302
0.0243019
0.0243019
0.0243018
0.0243017
0.0243016
0.0243015
0.0243015
0.0243014
0.0243013
0.0243012
0.0243011
0.0243011
0.024301
0.0243009
0.0243008
0.0243008
0.0243007
0.0243006
0.0243005
0.0243005
0.0243004
0.0243003
0.0243002
0.0243001
0.0243001
0.0243
0.0242999
0.0242998
0.0242998
0.0242997
0.0242996
0.0242995
0.0242995
0.0242994
0.0242993
0.0242992
0.0242992
0.0242991
0.024299
0.0242989
0.0242988
0.0242988
0.0242987
0.0242986
0.0242985
0.0242985
0.0242984
0.0242983
0.0242982
0.0242982
0.0242981
0.024298
0.0242979
0.0242979
0.0242978
0.0242977
0.0242976
0.0242976
0.0242975
0.0242974
0.0242973
0.0242973
0.0242972
0.0242971
0.024297
0.024297
0.0242969
0.0242968
0.0242968
0.0242967
0.0242966
0.0242965
0.0242965
0.0242964
0.0242963
0.0242962
0.0242962
0.0242961
0.024296
0.0242959
0.0242959
0.0242958
0.0242957
0.0242956
0.0242956
0.0242955
0.0242954
0.0242954
0.0242953
0.0242952
0.0242951
0.0242951
0.024295
0.0242949
0.0242948
0.0242948
0.0242947
0.0242946
0.0242946
0.0242945
0.0242944
0.0242943
0.0242943
0.0242942
0.0242941
0.0242941
0.024294
0.0242939
0.0242938
0.0242938
0.0242937
0.0242936
0.0242936
0.0242935
0.0242934
0.0242933
0.0242933
0.0242932
0.0242931
0.0242931
0.024293
0.0242929
0.0242928
0.0242928
0.0242927
0.0242926
0.0242926
0.0242925
0.0242924
0.0242923
0.0242923
0.0242922
0.0242921
0.0242921
0.024292
0.0242919
0.0242918
0.0242918
0.0242917
0.0242916
0.0242916
0.0242915
0.0242914
0.0242914
0.0242913
0.0242912
0.0242911
0.0242911
0.024291
0.0242909
0.0242909
0.0242908
0.0242907
0.0242907
0.0242906
0.0242905
0.0242904
0.0242904
0.0242903
0.0242902
0.0242902
0.0242901
0.02429
0.02429
0.0242899
0.0242898
0.0242898
0.0242897
0.0242896
0.0242895
0.0242895
0.0242894
0.0242893
0.0242893
0.0242892
0.0242891
0.0242891
0.024289
0.0242889
0.0242889
0.0242888
0.0242887
0.0242887
0.0242886
0.0242885
0.0242884
0.0242884
0.0242883
0.0242882
0.0242882
0.0242881
0.024288
0.024288
0.0242879
0.0242878
0.0242878
0.0242877
0.0242876
0.0242876
0.0242875
0.0242874
0.0242874
0.0242873
0.0242872
0.0242872
0.0242871
0.024287
0.024287
0.0242869
0.0242868
0.0242868
0.0242867
0.0242866
0.0242866
0.0242865
0.0242864
0.0242864
0.0242863
0.0242862
0.0242862
0.0242861
0.024286
0.024286
0.0242859
0.0242858
0.0242857
0.0242857
0.0242856
0.0242855
0.0242855
0.0242854
0.0242854
0.0242853
0.0242852
0.0242852
0.0242851
0.024285
0.024285
0.0242849
0.0242848
0.0242848
0.0242847
0.0242846
0.0242846
0.0242845
0.0242844
0.0242844
0.0242843
0.0242842
0.0242842
0.0242841
0.024284
0.024284
0.0242839
0.0242838
0.0242838
0.0242837
0.0242836
0.0242836
0.0242835
0.0242834
0.0242834
0.0242833
0.0242832
0.0242832
0.0242831
0.024283
0.024283
0.0242829
0.0242828
0.0242828
0.0242827
0.0242827
0.0242826
0.0242825
0.0242825
0.0242824
0.0242823
0.0242823
0.0242822
0.0242821
0.0242821
0.024282
0.0242819
0.0242819
0.0242818
0.0242817
0.0242817
0.0242816
0.0242815
0.0242815
0.0242814
0.0242814
0.0242813
0.0242812
0.0242812
0.0242811
0.024281
0.024281
0.0242809
0.0242808
0.0242808
0.0242807
0.0242806
0.0242806
0.0242805
0.0242804
0.0242804
0.0242803
0.0242803
0.0242802
0.0242801
0.0242801
0.02428
0.0242799
0.0242799
0.0242798
0.0242797
0.0242797
0.0242796
0.0242796
0.0242795
0.0242794
0.0242794
0.0242793
0.0242792
0.0242792
0.0242791
0.024279
0.024279
0.0242789
0.0242789
0.0242788
0.0242787
0.0242787
0.0242786
0.0242785
0.0242785
0.0242784
0.0242783
0.0242783
0.0242782
0.0242782
0.0242781
0.024278
0.024278
0.0242779
0.0242778
0.0242778
0.0242777
0.0242776
0.0242776
0.0242775
0.0242775
0.0242774
0.0242773
0.0242773
0.0242772
0.0242771
0.0242771
0.024277
0.024277
0.0242769
0.0242768
0.0242768
0.0242767
0.0242766
0.0242766
0.0242765
0.0242764
0.0242764
0.0242763
0.0242763
0.0242762
0.0242761
0.0242761
0.024276
0.0242759
0.0242759
0.0242758
0.0242758
0.0242757
0.0242756
0.0242756
0.0242755
0.0242754
0.0242754
0.0242753
0.0242753
0.0242752
0.0242751
0.0242751
0.024275
0.0242749
0.0242749
0.0242748
0.0242748
0.0242747
0.0242746
0.0242746
0.0242745
0.0242744
0.0242744
0.0242743
0.0242743
0.0242742
0.0242741
0.0242741
0.024274
0.024274
0.0242739
0.0242738
0.0242738
0.0242737
0.0242736
0.0242736
0.0242735
0.0242735
0.0242734
0.0242733
0.0242733
0.0242732
0.0242731
0.0242731
0.024273
0.024273
0.0242729
0.0242728
0.0242728
0.0242727
0.0242726
0.0242726
0.0242725
0.0242725
0.0242724
0.0242723
0.0242723
0.0242722
0.0242722
0.0242721
0.024272
0.024272
0.0242719
0.0242718
0.0242718
0.0242717
0.0242717
0.0242716
0.0242715
0.0242715
0.0242714
0.0242714
0.0242713
0.0242712
0.0242712
0.0242711
0.024271
0.024271
0.0242709
0.0242709
0.0242708
0.0242707
0.0242707
0.0242706
0.0242706
0.0242705
0.0242704
0.0242704
0.0242703
0.0242702
0.0242702
0.0242701
0.0242701
0.02427
0.0242699
0.0242699
0.0242698
0.0242698
0.0242697
0.0242696
0.0242696
0.0242695
0.0242695
0.0242694
0.0242693
0.0242693
0.0242692
0.0242691
0.0242691
0.024269
0.024269
0.0242689
0.0242688
0.0242688
0.0242687
0.0242687
0.0242686
0.0242685
0.0242685
0.0242684
0.0242684
0.0242683
0.0242682
0.0242682
0.0242681
0.024268
0.024268
0.0242679
0.0242679
0.0242678
0.0242677
0.0242677
0.0242676
0.0242676
0.0242675
0.0242674
0.0242674
0.0242673
0.0242673
0.0242672
0.0242671
0.0242671
0.024267
0.024267
0.0242669
0.0242668
0.0242668
0.0242667
0.0242666
0.0242666
0.0242665
0.0242665
0.0242664
0.0242663
0.0242663
0.0242662
0.0242662
0.0242661
0.024266
0.024266
0.0242659
0.0242659
0.0242658
0.0242657
0.0242657
0.0242656
0.0242656
0.0242655
0.0242654
0.0242654
0.0242653
0.0242653
0.0242652
0.0242651
0.0242651
0.024265
0.0242649
0.0242649
0.0242648
0.0242648
0.0242647
0.0242646
0.0242646
0.0242645
0.0242645
0.0242644
0.0242643
0.0242643
0.0242642
0.0242642
0.0242641
0.024264
0.024264
0.0242639
0.0242639
0.0242638
0.0242637
0.0242637
0.0242636
0.0242636
0.0242635
0.0242634
0.0242634
0.0242633
0.0242633
0.0242632
0.0242631
0.0242631
0.024263
0.0242629
0.0242629
0.0242628
0.0242628
0.0242627
0.0242626
0.0242626
0.0242625
0.0242625
0.0242624
0.0242623
0.0242623
0.0242622
0.0242622
0.0242621
0.024262
0.024262
0.0242619
0.0242619
0.0242618
0.0242617
0.0242617
0.0242616
0.0242616
0.0242615
0.0242614
0.0242614
0.0242613
0.0242613
0.0242612
0.0242611
0.0242611
0.024261
0.024261
0.0242609
0.0242608
0.0242608
0.0242607
0.0242606
0.0242606
0.0242605
0.0242605
0.0242604
0.0242603
0.0242603
0.0242602
0.0242602
0.0242601
0.02426
0.02426
0.0242599
0.0242599
0.0242598
0.0242597
0.0242597
0.0242596
0.0242596
0.0242595
0.0242594
0.0242594
0.0242593
0.0242593
0.0242592
0.0242591
0.0242591
0.024259
0.024259
0.0242589
0.0242588
0.0242588
0.0242587
0.0242587
0.0242586
0.0242585
0.0242585
0.0242584
0.0242584
0.0242583
0.0242582
0.0242582
0.0242581
0.024258
0.024258
0.0242579
0.0242579
0.0242578
0.0242577
0.0242577
0.0242576
0.0242576
0.0242575
0.0242574
0.0242574
0.0242573
0.0242573
0.0242572
0.0242571
0.0242571
0.024257
0.024257
0.0242569
0.0242568
0.0242568
0.0242567
0.0242567
0.0242566
0.0242565
0.0242565
0.0242564
0.0242564
0.0242563
0.0242562
0.0242562
0.0242561
0.024256
0.024256
0.0242559
0.0242559
0.0242558
0.0242557
0.0242557
0.0242556
0.0242556
0.0242555
0.0242554
0.0242554
0.0242553
0.0242553
0.0242552
0.0242551
0.0242551
0.024255
0.024255
0.0242549
0.0242548
0.0242548
0.0242547
0.0242547
0.0242546
0.0242545
0.0242545
0.0242544
0.0242543
0.0242543
0.0242542
0.0242542
0.0242541
0.024254
0.024254
0.0242539
0.0242539
0.0242538
0.0242537
0.0242537
0.0242536
0.0242536
0.0242535
0.0242534
0.0242534
0.0242533
0.0242533
0.0242532
0.0242531
0.0242531
0.024253
0.024253
0.0242529
0.0242528
0.0242528
0.0242527
0.0242526
0.0242526
0.0242525
0.0242525
0.0242524
0.0242523
0.0242523
0.0242522
0.0242522
0.0242521
0.024252
0.024252
0.0242519
0.0242519
0.0242518
0.0242517
0.0242517
0.0242516
0.0242515
0.0242515
0.0242514
0.0242514
0.0242513
0.0242512
0.0242512
0.0242511
0.0242511
0.024251
0.0242509
0.0242509
0.0242508
0.0242508
0.0242507
0.0242506
0.0242506
0.0242505
0.0242504
0.0242504
0.0242503
0.0242503
0.0242502
0.0242501
0.0242501
0.02425
0.02425
0.0242499
0.0242498
0.0242498
0.0242497
0.0242497
0.0242496
0.0242495
0.0242495
0.0242494
0.0242493
0.0242493
0.0242492
0.0242492
0.0242491
0.024249
0.024249
0.0242489
0.0242489
0.0242488
0.0242487
0.0242487
0.0242486
0.0242485
0.0242485
0.0242484
0.0242484
0.0242483
0.0242482
0.0242482
0.0242481
0.0242481
0.024248
0.0242479
0.0242479
0.0242478
0.0242477
0.0242477
0.0242476
0.0242476
0.0242475
0.0242474
0.0242474
0.0242473
0.0242473
0.0242472
0.0242471
0.0242471
0.024247
0.0242469
0.0242469
0.0242468
0.0242468
0.0242467
0.0242466
0.0242466
0.0242465
0.0242465
0.0242464
0.0242463
0.0242463
0.0242462
0.0242461
0.0242461
0.024246
0.024246
0.0242459
0.0242458
0.0242458
0.0242457
0.0242457
0.0242456
0.0242455
0.0242455
0.0242454
0.0242453
0.0242453
0.0242452
0.0242452
0.0242451
0.024245
0.024245
0.0242449
0.0242448
0.0242448
0.0242447
0.0242447
0.0242446
0.0242445
0.0242445
0.0242444
0.0242443
0.0242443
0.0242442
0.0242442
0.0242441
0.024244
0.024244
0.0242439
0.0242439
0.0242438
0.0242437
0.0242437
0.0242436
0.0242435
0.0242435
0.0242434
0.0242434
0.0242433
0.0242432
0.0242432
0.0242431
0.024243
0.024243
0.0242429
0.0242429
0.0242428
0.0242427
0.0242427
0.0242426
0.0242425
0.0242425
0.0242424
0.0242424
0.0242423
0.0242422
0.0242422
0.0242421
0.024242
0.024242
0.0242419
0.0242419
0.0242418
0.0242417
0.0242417
0.0242416
0.0242415
0.0242415
0.0242414
0.0242414
0.0242413
0.0242412
0.0242412
0.0242411
0.024241
0.024241
0.0242409
0.0242409
0.0242408
0.0242407
0.0242407
0.0242406
0.0242405
0.0242405
0.0242404
0.0242403
0.0242403
0.0242402
0.0242402
0.0242401
0.02424
0.02424
0.0242399
0.0242398
0.0242398
0.0242397
0.0242397
0.0242396
0.0242395
0.0242395
0.0242394
0.0242393
0.0242393
0.0242392
0.0242391
0.0242391
0.024239
0.024239
0.0242389
0.0242388
0.0242388
0.0242387
0.0242386
0.0242386
0.0242385
0.0242385
0.0242384
0.0242383
0.0242383
0.0242382
0.0242381
0.0242381
0.024238
0.0242379
0.0242379
0.0242378
0.0242378
0.0242377
0.0242376
0.0242376
0.0242375
0.0242374
0.0242374
0.0242373
0.0242372
0.0242372
0.0242371
0.0242371
0.024237
0.0242369
0.0242369
0.0242368
0.0242367
0.0242367
0.0242366
0.0242365
0.0242365
0.0242364
0.0242364
0.0242363
0.0242362
0.0242362
0.0242361
0.024236
0.024236
0.0242359
0.0242358
0.0242358
0.0242357
0.0242357
0.0242356
0.0242355
0.0242355
0.0242354
0.0242353
0.0242353
0.0242352
0.0242351
0.0242351
0.024235
0.024235
0.0242349
0.0242348
0.0242348
0.0242347
0.0242346
0.0242346
0.0242345
0.0242344
0.0242344
0.0242343
0.0242342
0.0242342
0.0242341
0.0242341
0.024234
0.0242339
0.0242339
0.0242338
0.0242337
0.0242337
0.0242336
0.0242335
0.0242335
0.0242334
0.0242333
0.0242333
0.0242332
0.0242331
0.0242331
0.024233
0.024233
0.0242329
0.0242328
0.0242328
0.0242327
0.0242326
0.0242326
0.0242325
0.0242324
0.0242324
0.0242323
0.0242322
0.0242322
0.0242321
0.024232
0.024232
0.0242319
0.0242319
0.0242318
0.0242317
0.0242317
0.0242316
0.0242315
0.0242315
0.0242314
0.0242313
0.0242313
0.0242312
0.0242311
0.0242311
0.024231
0.0242309
0.0242309
0.0242308
0.0242308
0.0242307
0.0242306
0.0242306
0.0242305
0.0242304
0.0242304
0.0242303
0.0242302
0.0242302
0.0242301
0.02423
0.02423
0.0242299
0.0242298
0.0242298
0.0242297
0.0242296
0.0242296
0.0242295
0.0242294
0.0242294
0.0242293
0.0242292
0.0242292
0.0242291
0.0242291
0.024229
0.0242289
0.0242289
0.0242288
0.0242287
0.0242287
0.0242286
0.0242285
0.0242285
0.0242284
0.0242283
0.0242283
0.0242282
0.0242281
0.0242281
0.024228
0.0242279
0.0242279
0.0242278
0.0242277
0.0242277
0.0242276
0.0242275
0.0242275
0.0242274
0.0242273
0.0242273
0.0242272
0.0242271
0.0242271
0.024227
0.0242269
0.0242269
0.0242268
0.0242267
0.0242267
0.0242266
0.0242265
0.0242265
0.0242264
0.0242263
0.0242263
0.0242262
0.0242261
0.0242261
0.024226
0.024226
0.0242259
0.0242258
0.0242258
0.0242257
0.0242256
0.0242256
0.0242255
0.0242254
0.0242254
0.0242253
0.0242252
0.0242252
0.0242251
0.024225
0.024225
0.0242249
0.0242248
0.0242248
0.0242247
0.0242246
0.0242246
0.0242245
0.0242244
0.0242244
0.0242243
0.0242242
0.0242242
0.0242241
0.024224
0.024224
0.0242239
0.0242238
0.0242238
0.0242237
0.0242236
0.0242236
0.0242235
0.0242234
0.0242233
0.0242233
0.0242232
0.0242231
0.0242231
0.024223
0.0242229
0.0242229
0.0242228
0.0242227
0.0242227
0.0242226
0.0242225
0.0242225
0.0242224
0.0242223
0.0242223
0.0242222
0.0242221
0.0242221
0.024222
0.0242219
0.0242219
0.0242218
0.0242217
0.0242217
0.0242216
0.0242215
0.0242215
0.0242214
0.0242213
0.0242213
0.0242212
0.0242211
0.0242211
0.024221
0.0242209
0.0242209
0.0242208
0.0242207
0.0242207
0.0242206
0.0242205
0.0242204
0.0242204
0.0242203
0.0242202
0.0242202
0.0242201
0.02422
0.02422
0.0242199
0.0242198
0.0242198
0.0242197
0.0242196
0.0242196
0.0242195
0.0242194
0.0242194
0.0242193
0.0242192
0.0242192
0.0242191
0.024219
0.024219
0.0242189
0.0242188
0.0242187
0.0242187
0.0242186
0.0242185
0.0242185
0.0242184
0.0242183
0.0242183
0.0242182
0.0242181
0.0242181
0.024218
0.0242179
0.0242179
0.0242178
0.0242177
0.0242177
0.0242176
0.0242175
0.0242174
0.0242174
0.0242173
0.0242172
0.0242172
0.0242171
0.024217
0.024217
0.0242169
0.0242168
0.0242168
0.0242167
0.0242166
0.0242166
0.0242165
0.0242164
0.0242163
0.0242163
0.0242162
0.0242161
0.0242161
0.024216
0.0242159
0.0242159
0.0242158
0.0242157
0.0242157
0.0242156
0.0242155
0.0242154
0.0242154
0.0242153
0.0242152
0.0242152
0.0242151
0.024215
0.024215
0.0242149
0.0242148
0.0242148
0.0242147
0.0242146
0.0242145
0.0242145
0.0242144
0.0242143
0.0242143
0.0242142
0.0242141
0.0242141
0.024214
0.0242139
0.0242139
0.0242138
0.0242137
0.0242136
0.0242136
0.0242135
0.0242134
0.0242134
0.0242133
0.0242132
0.0242132
0.0242131
0.024213
0.0242129
0.0242129
0.0242128
0.0242127
0.0242127
0.0242126
0.0242125
0.0242125
0.0242124
0.0242123
0.0242122
0.0242122
0.0242121
0.024212
0.024212
0.0242119
0.0242118
0.0242118
0.0242117
0.0242116
0.0242115
0.0242115
0.0242114
0.0242113
0.0242113
0.0242112
0.0242111
0.0242111
0.024211
0.0242109
0.0242108
0.0242108
0.0242107
0.0242106
0.0242106
0.0242105
0.0242104
0.0242103
0.0242103
0.0242102
0.0242101
0.0242101
0.02421
0.0242099
0.0242099
0.0242098
0.0242097
0.0242096
0.0242096
0.0242095
0.0242094
0.0242094
0.0242093
0.0242092
0.0242091
0.0242091
0.024209
0.0242089
0.0242089
0.0242088
0.0242087
0.0242086
0.0242086
0.0242085
0.0242084
0.0242084
0.0242083
0.0242082
0.0242082
0.0242081
0.024208
0.0242079
0.0242079
0.0242078
0.0242077
0.0242077
0.0242076
0.0242075
0.0242074
0.0242074
0.0242073
0.0242072
0.0242072
0.0242071
0.024207
0.0242069
0.0242069
0.0242068
0.0242067
0.0242067
0.0242066
0.0242065
0.0242064
0.0242064
0.0242063
0.0242062
0.0242062
0.0242061
0.024206
0.0242059
0.0242059
0.0242058
0.0242057
0.0242056
0.0242056
0.0242055
0.0242054
0.0242054
0.0242053
0.0242052
0.0242051
0.0242051
0.024205
0.0242049
0.0242049
0.0242048
0.0242047
0.0242046
0.0242046
0.0242045
0.0242044
0.0242044
0.0242043
0.0242042
0.0242041
0.0242041
0.024204
0.0242039
0.0242038
0.0242038
0.0242037
0.0242036
0.0242036
0.0242035
0.0242034
0.0242033
0.0242033
0.0242032
0.0242031
0.024203
0.024203
0.0242029
0.0242028
0.0242028
0.0242027
0.0242026
0.0242025
0.0242025
0.0242024
0.0242023
0.0242023
0.0242022
0.0242021
0.024202
0.024202
0.0242019
0.0242018
0.0242017
0.0242017
0.0242016
0.0242015
0.0242014
0.0242014
0.0242013
0.0242012
0.0242012
0.0242011
0.024201
0.0242009
0.0242009
0.0242008
0.0242007
0.0242006
0.0242006
0.0242005
0.0242004
0.0242004
0.0242003
0.0242002
0.0242001
0.0242001
0.0242
0.0241999
0.0241998
0.0241998
0.0241997
0.0241996
0.0241995
0.0241995
0.0241994
0.0241993
0.0241993
0.0241992
0.0241991
0.024199
0.024199
0.0241989
0.0241988
0.0241987
0.0241987
0.0241986
0.0241985
0.0241984
0.0241984
0.0241983
0.0241982
0.0241981
0.0241981
0.024198
0.0241979
0.0241978
0.0241978
0.0241977
0.0241976
0.0241976
0.0241975
0.0241974
0.0241973
0.0241973
0.0241972
0.0241971
0.024197
0.024197
0.0241969
0.0241968
0.0241967
0.0241967
0.0241966
0.0241965
0.0241964
0.0241964
0.0241963
0.0241962
0.0241961
0.0241961
0.024196
0.0241959
0.0241958
0.0241958
0.0241957
0.0241956
0.0241955
0.0241955
0.0241954
0.0241953
0.0241953
0.0241952
0.0241951
0.024195
0.024195
0.0241949
0.0241948
0.0241947
0.0241947
0.0241946
0.0241945
0.0241944
0.0241944
0.0241943
0.0241942
0.0241941
0.0241941
0.024194
0.0241939
0.0241938
0.0241938
0.0241937
0.0241936
0.0241935
0.0241935
0.0241934
0.0241933
0.0241932
0.0241932
0.0241931
0.024193
0.0241929
0.0241929
0.0241928
0.0241927
0.0241926
0.0241926
0.0241925
0.0241924
0.0241923
0.0241923
0.0241922
0.0241921
0.024192
0.0241919
0.0241919
0.0241918
0.0241917
0.0241916
0.0241916
0.0241915
0.0241914
0.0241913
0.0241913
0.0241912
0.0241911
0.024191
0.024191
0.0241909
0.0241908
0.0241907
0.0241907
0.0241906
0.0241905
0.0241904
0.0241904
0.0241903
0.0241902
0.0241901
0.0241901
0.02419
0.0241899
0.0241898
0.0241898
0.0241897
0.0241896
0.0241895
0.0241894
0.0241894
0.0241893
0.0241892
0.0241891
0.0241891
0.024189
0.0241889
0.0241888
0.0241888
0.0241887
0.0241886
0.0241885
0.0241885
0.0241884
0.0241883
0.0241882
0.0241882
0.0241881
0.024188
0.0241879
0.0241878
0.0241878
0.0241877
0.0241876
0.0241875
0.0241875
0.0241874
0.0241873
0.0241872
0.0241872
0.0241871
0.024187
0.0241869
0.0241868
0.0241868
0.0241867
0.0241866
0.0241865
0.0241865
0.0241864
0.0241863
0.0241862
0.0241862
0.0241861
0.024186
0.0241859
0.0241859
0.0241858
0.0241857
0.0241856
0.0241855
0.0241855
0.0241854
0.0241853
0.0241852
0.0241852
0.0241851
0.024185
0.0241849
0.0241848
0.0241848
0.0241847
0.0241846
0.0241845
0.0241845
0.0241844
0.0241843
0.0241842
0.0241842
0.0241841
0.024184
0.0241839
0.0241838
0.0241838
0.0241837
0.0241836
0.0241835
0.0241835
0.0241834
0.0241833
0.0241832
0.0241831
0.0241831
0.024183
0.0241829
0.0241828
0.0241828
0.0241827
0.0241826
0.0241825
0.0241824
0.0241824
0.0241823
0.0241822
0.0241821
0.0241821
0.024182
0.0241819
0.0241818
0.0241817
0.0241817
0.0241816
0.0241815
0.0241814
0.0241814
0.0241813
0.0241812
0.0241811
0.024181
0.024181
0.0241809
0.0241808
0.0241807
0.0241806
0.0241806
0.0241805
0.0241804
0.0241803
0.0241803
0.0241802
0.0241801
0.02418
0.0241799
0.0241799
0.0241798
0.0241797
0.0241796
0.0241796
0.0241795
0.0241794
0.0241793
0.0241792
0.0241792
0.0241791
0.024179
0.0241789
0.0241788
0.0241788
0.0241787
0.0241786
0.0241785
0.0241785
0.0241784
0.0241783
0.0241782
0.0241781
0.0241781
0.024178
0.0241779
0.0241778
0.0241777
0.0241777
0.0241776
0.0241775
0.0241774
0.0241773
0.0241773
0.0241772
0.0241771
0.024177
0.024177
0.0241769
0.0241768
0.0241767
0.0241766
0.0241766
0.0241765
0.0241764
0.0241763
0.0241762
0.0241762
0.0241761
0.024176
0.0241759
0.0241758
0.0241758
0.0241757
0.0241756
0.0241755
0.0241754
0.0241754
0.0241753
0.0241752
0.0241751
0.024175
0.024175
0.0241749
0.0241748
0.0241747
0.0241746
0.0241746
0.0241745
0.0241744
0.0241743
0.0241742
0.0241742
0.0241741
0.024174
0.0241739
0.0241738
0.0241738
0.0241737
0.0241736
0.0241735
0.0241734
0.0241734
0.0241733
0.0241732
0.0241731
0.024173
0.024173
0.0241729
0.0241728
0.0241727
0.0241726
0.0241726
0.0241725
0.0241724
0.0241723
0.0241722
0.0241722
0.0241721
0.024172
0.0241719
0.0241718
0.0241718
0.0241717
0.0241716
0.0241715
0.0241714
0.0241714
0.0241713
0.0241712
0.0241711
0.024171
0.024171
0.0241709
0.0241708
0.0241707
0.0241706
0.0241706
0.0241705
0.0241704
0.0241703
0.0241702
0.0241702
0.0241701
0.02417
0.0241699
0.0241698
0.0241698
0.0241697
0.0241696
0.0241695
0.0241694
0.0241693
0.0241693
0.0241692
0.0241691
0.024169
0.0241689
0.0241689
0.0241688
0.0241687
0.0241686
0.0241685
0.0241685
0.0241684
0.0241683
0.0241682
0.0241681
0.0241681
0.024168
0.0241679
0.0241678
0.0241677
0.0241676
0.0241676
0.0241675
0.0241674
0.0241673
0.0241672
0.0241672
0.0241671
0.024167
0.0241669
0.0241668
0.0241668
0.0241667
0.0241666
0.0241665
0.0241664
0.0241663
0.0241663
0.0241662
0.0241661
0.024166
0.0241659
0.0241659
0.0241658
0.0241657
0.0241656
0.0241655
0.0241654
0.0241654
0.0241653
0.0241652
0.0241651
0.024165
0.024165
0.0241649
0.0241648
0.0241647
0.0241646
0.0241645
0.0241645
0.0241644
0.0241643
0.0241642
0.0241641
0.0241641
0.024164
0.0241639
0.0241638
0.0241637
0.0241636
0.0241636
0.0241635
0.0241634
0.0241633
0.0241632
0.0241632
0.0241631
0.024163
0.0241629
0.0241628
0.0241627
0.0241627
0.0241626
0.0241625
0.0241624
0.0241623
0.0241622
0.0241622
0.0241621
0.024162
0.0241619
0.0241618
0.0241618
0.0241617
0.0241616
0.0241615
0.0241614
0.0241613
0.0241613
0.0241612
0.0241611
0.024161
0.0241609
0.0241608
0.0241608
0.0241607
0.0241606
0.0241605
0.0241604
0.0241603
0.0241603
0.0241602
0.0241601
0.02416
0.0241599
0.0241598
0.0241598
0.0241597
0.0241596
0.0241595
0.0241594
0.0241593
0.0241593
0.0241592
0.0241591
0.024159
0.0241589
0.0241589
0.0241588
0.0241587
0.0241586
0.0241585
0.0241584
0.0241584
0.0241583
0.0241582
0.0241581
0.024158
0.0241579
0.0241579
0.0241578
0.0241577
0.0241576
0.0241575
0.0241574
0.0241574
0.0241573
0.0241572
0.0241571
0.024157
0.0241569
0.0241569
0.0241568
0.0241567
0.0241566
0.0241565
0.0241564
0.0241563
0.0241563
0.0241562
0.0241561
0.024156
0.0241559
0.0241558
0.0241558
0.0241557
0.0241556
0.0241555
0.0241554
0.0241553
0.0241553
0.0241552
0.0241551
0.024155
0.0241549
0.0241548
0.0241548
0.0241547
0.0241546
0.0241545
0.0241544
0.0241543
0.0241543
0.0241542
0.0241541
0.024154
0.0241539
0.0241538
0.0241537
0.0241537
0.0241536
0.0241535
0.0241534
0.0241533
0.0241532
0.0241532
0.0241531
0.024153
0.0241529
0.0241528
0.0241527
0.0241527
0.0241526
0.0241525
0.0241524
0.0241523
0.0241522
0.0241521
0.0241521
0.024152
0.0241519
0.0241518
0.0241517
0.0241516
0.0241516
0.0241515
0.0241514
0.0241513
0.0241512
0.0241511
0.024151
0.024151
0.0241509
0.0241508
0.0241507
0.0241506
0.0241505
0.0241505
0.0241504
0.0241503
0.0241502
0.0241501
0.02415
0.0241499
0.0241499
0.0241498
0.0241497
0.0241496
0.0241495
0.0241494
0.0241494
0.0241493
0.0241492
0.0241491
0.024149
0.0241489
0.0241488
0.0241488
0.0241487
0.0241486
0.0241485
0.0241484
0.0241483
0.0241482
0.0241482
0.0241481
0.024148
0.0241479
0.0241478
0.0241477
0.0241476
0.0241476
0.0241475
0.0241474
0.0241473
0.0241472
0.0241471
0.0241471
0.024147
0.0241469
0.0241468
0.0241467
0.0241466
0.0241465
0.0241465
0.0241464
0.0241463
0.0241462
0.0241461
0.024146
0.0241459
0.0241459
0.0241458
0.0241457
0.0241456
0.0241455
0.0241454
0.0241453
0.0241453
0.0241452
0.0241451
0.024145
0.0241449
0.0241448
0.0241447
0.0241447
0.0241446
0.0241445
0.0241444
0.0241443
0.0241442
0.0241441
0.024144
0.024144
0.0241439
0.0241438
0.0241437
0.0241436
0.0241435
0.0241434
0.0241434
0.0241433
0.0241432
0.0241431
0.024143
0.0241429
0.0241428
0.0241428
0.0241427
0.0241426
0.0241425
0.0241424
0.0241423
0.0241422
0.0241422
0.0241421
0.024142
0.0241419
0.0241418
0.0241417
0.0241416
0.0241415
0.0241415
0.0241414
0.0241413
0.0241412
0.0241411
0.024141
0.0241409
0.0241409
0.0241408
0.0241407
0.0241406
0.0241405
0.0241404
0.0241403
0.0241403
0.0241402
0.0241401
0.02414
0.0241399
0.0241398
0.0241397
0.0241396
