0.5
0.495025
0.490099
0.485223
0.480395
0.475615
0.470882
0.466197
0.461558
0.456966
0.452419
0.447917
0.44346
0.439048
0.434679
0.430354
0.426072
0.421832
0.417635
0.41348
0.409365
0.405292
0.401259
0.397267
0.393314
0.3894
0.385526
0.38169
0.377892
0.374132
0.370409
0.366723
0.363075
0.359462
0.355885
0.352344
0.348838
0.345367
0.341931
0.338528
0.33516
0.331825
0.328523
0.325255
0.322018
0.318814
0.315642
0.312501
0.309392
0.306313
0.303265
0.300248
0.29726
0.294302
0.291374
0.288475
0.285605
0.282763
0.279949
0.277164
0.274406
0.271675
0.268972
0.266296
0.263646
0.261023
0.258426
0.255854
0.253309
0.250788
0.248293
0.245822
0.243376
0.240955
0.238557
0.236184
0.233834
0.231507
0.229204
0.226923
0.224665
0.22243
0.220217
0.218026
0.215857
0.213709
0.211583
0.209478
0.207394
0.20533
0.203288
0.201265
0.199263
0.197281
0.195318
0.193375
0.191452
0.189548
0.187662
0.185796
0.183948
0.182119
0.180308
0.178516
0.176741
0.174984
0.173245
0.171523
0.169818
0.168131
0.166461
0.164807
0.163171
0.161551
0.159947
0.15836
0.156789
0.155234
0.153695
0.152172
0.150664
0.149172
0.147696
0.146234
0.144788
0.143358
0.141942
0.140541
0.139156
0.137785
0.136428
0.135087
0.13376
0.132447
0.131149
0.129865
0.128596
0.127341
0.1261
0.124874
0.123661
0.122463
0.121279
0.120109
0.118953
0.117812
0.116684
0.115571
0.114472
0.113386
0.112315
0.111259
0.110216
0.109187
0.108173
0.107173
0.106187
0.105216
0.104259
0.103316
0.102388
0.101474
0.100575
0.0996901
0.09882
0.0979645
0.0971236
0.0962973
0.0954858
0.094689
0.0939069
0.0931395
0.0923869
0.0916491
0.090926
0.0902176
0.0895239
0.088845
0.0881806
0.0875309
0.0868957
0.086275
0.0856687
0.0850767
0.0844989
0.0839353
0.0833857
0.08285
0.082328
0.0818197
0.0813249
0.0808433
0.0803749
0.0799195
0.0794768
0.0790468
0.0786291
0.0782236
0.0778301
0.0774483
0.0770781
0.0767191
0.0763712
0.0760342
0.0757077
0.0753916
0.0750855
0.0747893
0.0745027
0.0742255
0.0739574
0.0736981
0.0734475
0.0732052
0.0729711
0.0727448
0.0725262
0.072315
0.0721109
0.0719139
0.0717235
0.0715397
0.0713621
0.0711906
0.071025
0.070865
0.0707105
0.0705612
0.0704171
0.0702778
0.0701432
0.0700132
0.0698875
0.069766
0.0696486
0.0695351
0.0694253
0.069319
0.0692162
0.0691168
0.0690205
0.0689272
0.0688369
0.0687494
0.0686646
0.0685824
0.0685026
0.0684252
0.0683501
0.0682772
0.0682064
0.0681375
0.0680706
0.0680055
0.0679422
0.0678806
0.0678206
0.0677621
0.0677051
0.0676495
0.0675953
0.0675424
0.0674907
0.0674402
0.0673908
0.0673425
0.0672953
0.067249
0.0672037
0.0671593
0.0671158
0.0670731
0.0670312
0.0669901
0.0669497
0.06691
0.066871
0.0668326
0.0667948
0.0667576
0.0667209
0.0666848
0.0666492
0.0666141
0.0665795
0.0665453
0.0665116
0.0664782
0.0664453
0.0664127
0.0663805
0.0663487
0.0663172
0.066286
0.0662551
0.0662245
0.0661941
0.0661641
0.0661343
0.0661048
0.0660754
0.0660464
0.0660175
0.0659889
0.0659604
0.0659322
0.0659042
0.0658763
0.0658486
0.0658211
0.0657937
0.0657665
0.0657394
0.0657125
0.0656857
0.0656591
0.0656326
0.0656062
0.06558
0.0655538
0.0655278
0.0655019
0.0654761
0.0654504
0.0654248
0.0653993
0.0653739
0.0653486
0.0653234
0.0652983
0.0652732
0.0652483
0.0652234
0.0651986
0.0651739
0.0651492
0.0651246
0.0651001
0.0650757
0.0650514
0.0650271
0.0650029
0.0649787
0.0649546
0.0649306
0.0649066
0.0648827
0.0648589
0.0648351
0.0648114
0.0647877
0.0647641
0.0647406
0.0647171
0.0646936
0.0646703
0.0646469
0.0646237
0.0646004
0.0645773
0.0645541
0.0645311
0.0645081
0.0644851
0.0644622
0.0644393
0.0644165
0.0643937
0.064371
0.0643483
0.0643257
0.0643031
0.0642806
0.0642581
0.0642357
0.0642133
0.064191
0.0641687
0.0641464
0.0641242
0.0641021
0.06408
0.0640579
0.0640359
0.0640139
0.063992
0.0639701
0.0639483
0.0639265
0.0639047
0.063883
0.0638614
0.0638398
0.0638182
0.0637967
0.0637752
0.0637538
0.0637324
0.063711
0.0636897
0.0636685
0.0636472
0.0636261
0.0636049
0.0635839
0.0635628
0.0635418
0.0635209
0.0635
0.0634791
0.0634583
0.0634375
0.0634168
0.0633961
0.0633754
0.0633548
0.0633342
0.0633137
0.0632932
0.0632728
0.0632524
0.0632321
0.0632118
0.0631915
0.0631713
0.0631511
0.063131
0.0631109
0.0630908
0.0630708
0.0630508
0.0630309
0.063011
0.0629912
0.0629714
0.0629516
0.0629319
0.0629122
0.0628926
0.062873
0.0628535
0.062834
0.0628145
0.0627951
0.0627757
0.0627564
0.0627371
0.0627178
0.0626986
0.0626794
0.0626603
0.0626412
0.0626221
0.0626031
0.0625841
0.0625652
0.0625463
0.0625275
0.0625087
0.0624899
0.0624712
0.0624525
0.0624338
0.0624152
0.0623967
0.0623782
0.0623597
0.0623412
0.0623228
0.0623045
0.0622861
0.0622678
0.0622496
0.0622314
0.0622132
0.0621951
0.062177
0.062159
0.0621409
0.062123
0.062105
0.0620872
0.0620693
0.0620515
0.0620337
0.062016
0.0619983
0.0619806
0.061963
0.0619454
0.0619279
0.0619103
0.0618929
0.0618754
0.061858
0.0618407
0.0618234
0.0618061
0.0617888
0.0617716
0.0617545
0.0617373
0.0617202
0.0617032
0.0616862
0.0616692
0.0616522
0.0616353
0.0616184
0.0616016
0.0615848
0.061568
0.0615513
0.0615346
0.061518
0.0615013
0.0614848
0.0614682
0.0614517
0.0614352
0.0614188
0.0614024
0.061386
0.0613697
0.0613534
0.0613371
0.0613209
0.0613047
0.0612885
0.0612724
0.0612563
0.0612402
0.0612242
0.0612082
0.0611922
0.0611763
0.0611604
0.0611446
0.0611288
0.061113
0.0610972
0.0610815
0.0610658
0.0610502
0.0610346
0.061019
0.0610034
0.0609879
0.0609724
0.060957
0.0609415
0.0609261
0.0609108
0.0608955
0.0608802
0.0608649
0.0608497
0.0608345
0.0608193
0.0608042
0.0607891
0.060774
0.060759
0.060744
0.060729
0.0607141
0.0606991
0.0606843
0.0606694
0.0606546
0.0606398
0.060625
0.0606103
0.0605956
0.0605809
0.0605663
0.0605517
0.0605371
0.0605226
0.0605081
0.0604936
0.0604791
0.0604647
0.0604503
0.0604359
0.0604216
0.0604073
0.060393
0.0603787
0.0603645
0.0603503
0.0603361
0.060322
0.0603079
0.0602938
0.0602798
0.0602657
0.0602517
0.0602378
0.0602238
0.0602099
0.060196
0.0601822
0.0601683
0.0601545
0.0601408
0.060127
0.0601133
0.0600996
0.0600859
0.0600723
0.0600587
0.0600451
0.0600315
0.060018
0.0600045
0.059991
0.0599775
0.0599641
0.0599507
0.0599373
0.059924
0.0599107
0.0598974
0.0598841
0.0598708
0.0598576
0.0598444
0.0598312
0.0598181
0.059805
0.0597919
0.0597788
0.0597658
0.0597527
0.0597397
0.0597268
0.0597138
0.0597009
0.059688
0.0596751
0.0596623
0.0596494
0.0596366
0.0596238
0.0596111
0.0595983
0.0595856
0.0595729
0.0595603
0.0595476
0.059535
0.0595224
0.0595099
0.0594973
0.0594848
0.0594723
0.0594598
0.0594473
0.0594349
0.0594225
0.0594101
0.0593977
0.0593854
0.0593731
0.0593608
0.0593485
0.0593362
0.059324
0.0593118
0.0592996
0.0592874
0.0592752
0.0592631
0.059251
0.0592389
0.0592268
0.0592148
0.0592028
0.0591908
0.0591788
0.0591668
0.0591549
0.059143
0.059131
0.0591192
0.0591073
0.0590955
0.0590836
0.0590718
0.0590601
0.0590483
0.0590366
0.0590248
0.0590131
0.0590014
0.0589898
0.0589781
0.0589665
0.0589549
0.0589433
0.0589317
0.0589202
0.0589087
0.0588971
0.0588857
0.0588742
0.0588627
0.0588513
0.0588399
0.0588285
0.0588171
0.0588057
0.0587944
0.058783
0.0587717
0.0587604
0.0587492
0.0587379
0.0587267
0.0587154
0.0587042
0.058693
0.0586819
0.0586707
0.0586596
0.0586485
0.0586374
0.0586263
0.0586152
0.0586041
0.0585931
0.0585821
0.0585711
0.0585601
0.0585491
0.0585382
0.0585272
0.0585163
0.0585054
0.0584945
0.0584837
0.0584728
0.058462
0.0584511
0.0584403
0.0584295
0.0584188
0.058408
0.0583972
0.0583865
0.0583758
0.0583651
0.0583544
0.0583437
0.0583331
0.0583224
0.0583118
0.0583012
0.0582906
0.05828
0.0582695
0.0582589
0.0582484
0.0582378
0.0582273
0.0582168
0.0582063
0.0581959
0.0581854
0.058175
0.0581646
0.0581541
0.0581438
0.0581334
0.058123
0.0581126
0.0581023
0.058092
0.0580817
0.0580713
0.0580611
0.0580508
0.0580405
0.0580303
0.05802
0.0580098
0.0579996
0.0579894
0.0579792
0.057969
0.0579589
0.0579487
0.0579386
0.0579285
0.0579184
0.0579083
0.0578982
0.0578881
0.057878
0.057868
0.057858
0.0578479
0.0578379
0.0578279
0.0578179
0.057808
0.057798
0.057788
0.0577781
0.0577682
0.0577582
0.0577483
0.0577384
0.0577285
0.0577187
0.0577088
0.057699
0.0576891
0.0576793
0.0576695
0.0576597
0.0576499
0.0576401
0.0576303
0.0576205
0.0576108
0.057601
0.0575913
0.0575816
0.0575719
0.0575622
0.0575525
0.0575428
0.0575331
0.0575235
0.0575138
0.0575042
0.0574945
0.0574849
0.0574753
0.0574657
0.0574561
0.0574465
0.057437
0.0574274
0.0574178
0.0574083
0.0573988
0.0573892
0.0573797
0.0573702
0.0573607
0.0573512
0.0573417
0.0573323
0.0573228
0.0573134
0.0573039
0.0572945
0.0572851
0.0572756
0.0572662
0.0572568
0.0572474
0.0572381
0.0572287
0.0572193
0.05721
0.0572006
0.0571913
0.0571819
0.0571726
0.0571633
0.057154
0.0571447
0.0571354
0.0571261
0.0571169
0.0571076
0.0570983
0.0570891
0.0570798
0.0570706
0.0570614
0.0570522
0.0570429
0.0570337
0.0570245
0.0570154
0.0570062
0.056997
0.0569878
0.0569787
0.0569695
0.0569604
0.0569512
0.0569421
0.056933
0.0569239
0.0569148
0.0569057
0.0568966
0.0568875
0.0568784
0.0568693
0.0568602
0.0568512
0.0568421
0.0568331
0.056824
0.056815
0.056806
0.0567969
0.0567879
0.0567789
0.0567699
0.0567609
0.0567519
0.0567429
0.056734
0.056725
0.056716
0.0567071
0.0566981
0.0566892
0.0566802
0.0566713
0.0566624
0.0566534
0.0566445
0.0566356
0.0566267
0.0566178
0.0566089
0.0566
0.0565911
0.0565822
0.0565734
0.0565645
0.0565556
0.0565468
0.0565379
0.0565291
0.0565202
0.0565114
0.0565026
0.0564938
0.0564849
0.0564761
0.0564673
0.0564585
0.0564497
0.0564409
0.0564321
0.0564233
0.0564146
0.0564058
0.056397
0.0563882
0.0563795
0.0563707
0.056362
0.0563532
0.0563445
0.0563358
0.056327
0.0563183
0.0563096
0.0563009
0.0562921
0.0562834
0.0562747
0.056266
0.0562573
0.0562486
0.0562399
0.0562313
0.0562226
0.0562139
0.0562052
0.0561966
0.0561879
0.0561792
0.0561706
0.0561619
0.0561533
0.0561446
0.056136
0.0561274
0.0561187
0.0561101
0.0561015
0.0560929
0.0560842
0.0560756
0.056067
0.0560584
0.0560498
0.0560412
0.0560326
0.056024
0.0560154
0.0560068
0.0559983
0.0559897
0.0559811
0.0559725
0.055964
0.0559554
0.0559468
0.0559383
0.0559297
0.0559212
0.0559126
0.0559041
0.0558955
0.055887
0.0558785
0.0558699
0.0558614
0.0558529
0.0558444
0.0558358
0.0558273
0.0558188
0.0558103
0.0558018
0.0557933
0.0557848
0.0557763
0.0557678
0.0557593
0.0557508
0.0557423
0.0557338
0.0557253
0.0557169
0.0557084
0.0556999
0.0556914
0.055683
0.0556745
0.055666
0.0556576
0.0556491
0.0556406
0.0556322
0.0556237
0.0556153
0.0556068
0.0555984
0.0555899
0.0555815
0.0555731
0.0555646
0.0555562
0.0555478
0.0555393
0.0555309
0.0555225
0.0555141
0.0555056
0.0554972
0.0554888
0.0554804
0.055472
0.0554636
0.0554552
0.0554467
0.0554383
0.0554299
0.0554215
0.0554131
0.0554047
0.0553963
0.055388
0.0553796
0.0553712
0.0553628
0.0553544
0.055346
0.0553376
0.0553293
0.0553209
0.0553125
0.0553041
0.0552957
0.0552874
0.055279
0.0552706
0.0552623
0.0552539
0.0552455
0.0552372
0.0552288
0.0552205
0.0552121
0.0552038
0.0551954
0.055187
0.0551787
0.0551703
0.055162
0.0551537
0.0551453
0.055137
0.0551286
0.0551203
0.0551119
0.0551036
0.0550953
0.0550869
0.0550786
0.0550703
0.0550619
0.0550536
0.0550453
0.0550369
0.0550286
0.0550203
0.055012
0.0550036
0.0549953
0.054987
0.0549787
0.0549704
0.0549621
0.0549537
0.0549454
0.0549371
0.0549288
0.0549205
0.0549122
0.0549039
0.0548956
0.0548873
0.0548789
0.0548706
0.0548623
0.054854
0.0548457
0.0548374
0.0548291
0.0548208
0.0548125
0.0548042
0.0547959
0.0547876
0.0547793
0.0547711
0.0547628
0.0547545
0.0547462
0.0547379
0.0547296
0.0547213
0.054713
0.0547047
0.0546964
0.0546882
0.0546799
0.0546716
0.0546633
0.054655
0.0546467
0.0546385
0.0546302
0.0546219
0.0546136
0.0546054
0.0545971
0.0545888
0.0545805
0.0545722
0.054564
0.0545557
0.0545474
0.0545391
0.0545309
0.0545226
0.0545143
0.0545061
0.0544978
0.0544895
0.0544813
0.054473
0.0544647
0.0544565
0.0544482
0.0544399
0.0544317
0.0544234
0.0544151
0.0544069
0.0543986
0.0543903
0.0543821
0.0543738
0.0543655
0.0543573
0.054349
0.0543408
0.0543325
0.0543242
0.054316
0.0543077
0.0542995
0.0542912
0.0542829
0.0542747
0.0542664
0.0542582
0.0542499
0.0542417
0.0542334
0.0542252
0.0542169
0.0542086
0.0542004
0.0541921
0.0541839
0.0541756
0.0541674
0.0541591
0.0541509
0.0541426
0.0541344
0.0541261
0.0541179
0.0541096
0.0541014
0.0540931
0.0540849
0.0540766
0.0540684
0.0540601
0.0540519
0.0540436
0.0540354
0.0540271
0.0540189
0.0540106
0.0540024
0.0539941
0.0539859
0.0539776
0.0539694
0.0539611
0.0539529
0.0539446
0.0539364
0.0539281
0.0539199
0.0539116
0.0539034
0.0538951
0.0538869
0.0538786
0.0538704
0.0538621
0.0538539
0.0538456
0.0538374
0.0538291
0.0538209
0.0538127
0.0538044
0.0537962
0.0537879
0.0537797
0.0537714
0.0537632
0.0537549
0.0537467
0.0537384
0.0537302
0.0537219
0.0537137
0.0537054
0.0536972
0.053689
0.0536807
0.0536725
0.0536642
0.053656
0.0536477
0.0536395
0.0536312
0.053623
0.0536147
0.0536065
0.0535982
0.05359
0.0535817
0.0535735
0.0535652
0.053557
0.0535487
0.0535405
0.0535322
0.053524
0.0535157
0.0535075
0.0534992
0.053491
0.0534827
0.0534745
0.0534662
0.053458
0.0534497
0.0534415
0.0534332
0.053425
0.0534167
0.0534085
0.0534002
0.053392
0.0533837
0.0533755
0.0533672
0.053359
0.0533507
0.0533425
0.0533342
0.053326
0.0533177
0.0533095
0.0533012
0.053293
0.0532847
0.0532764
0.0532682
0.0532599
0.0532517
0.0532434
0.0532352
0.0532269
0.0532187
0.0532104
0.0532021
0.0531939
0.0531856
0.0531774
0.0531691
0.0531608
0.0531526
0.0531443
0.0531361
0.0531278
0.0531195
0.0531113
0.053103
0.0530948
0.0530865
0.0530782
0.05307
0.0530617
0.0530534
0.0530452
0.0530369
0.0530287
0.0530204
0.0530121
0.0530039
0.0529956
0.0529873
0.0529791
0.0529708
0.0529625
0.0529542
0.052946
0.0529377
0.0529294
0.0529212
0.0529129
0.0529046
0.0528964
0.0528881
0.0528798
0.0528715
0.0528633
0.052855
0.0528467
0.0528384
0.0528302
0.0528219
0.0528136
0.0528053
0.0527971
0.0527888
0.0527805
0.0527722
0.0527639
0.0527557
0.0527474
0.0527391
0.0527308
0.0527225
0.0527142
0.052706
0.0526977
0.0526894
0.0526811
0.0526728
0.0526645
0.0526562
0.052648
0.0526397
0.0526314
0.0526231
0.0526148
0.0526065
0.0525982
0.0525899
0.0525816
0.0525733
0.052565
0.0525568
0.0525485
0.0525402
0.0525319
0.0525236
0.0525153
0.052507
0.0524987
0.0524904
0.0524821
0.0524738
0.0524655
0.0524572
0.0524489
0.0524406
0.0524323
0.0524239
0.0524156
0.0524073
0.052399
0.0523907
0.0523824
0.0523741
0.0523658
0.0523575
0.0523492
0.0523409
0.0523325
0.0523242
0.0523159
0.0523076
0.0522993
0.052291
0.0522826
0.0522743
0.052266
0.0522577
0.0522494
0.052241
0.0522327
0.0522244
0.0522161
0.0522077
0.0521994
0.0521911
0.0521828
0.0521744
0.0521661
0.0521578
0.0521494
0.0521411
0.0521328
0.0521244
0.0521161
0.0521078
0.0520994
0.0520911
0.0520827
0.0520744
0.0520661
0.0520577
0.0520494
0.052041
0.0520327
0.0520243
0.052016
0.0520076
0.0519993
0.0519909
0.0519826
0.0519742
0.0519659
0.0519575
0.0519492
0.0519408
0.0519325
0.0519241
0.0519158
0.0519074
0.051899
0.0518907
0.0518823
0.0518739
0.0518656
0.0518572
0.0518488
0.0518405
0.0518321
0.0518237
0.0518154
0.051807
0.0517986
0.0517902
0.0517819
0.0517735
0.0517651
0.0517567
0.0517484
0.05174
0.0517316
0.0517232
0.0517148
0.0517064
0.0516981
0.0516897
0.0516813
0.0516729
0.0516645
0.0516561
0.0516477
0.0516393
0.0516309
0.0516225
0.0516141
0.0516057
0.0515973
0.0515889
0.0515805
0.0515721
0.0515637
0.0515553
0.0515469
0.0515385
0.0515301
0.0515217
0.0515132
0.0515048
0.0514964
0.051488
0.0514796
0.0514712
0.0514627
0.0514543
0.0514459
0.0514375
0.051429
0.0514206
0.0514122
0.0514037
0.0513953
0.0513869
0.0513784
0.05137
0.0513616
0.0513531
0.0513447
0.0513363
0.0513278
0.0513194
0.0513109
0.0513025
0.051294
0.0512856
0.0512771
0.0512687
0.0512602
0.0512518
0.0512433
0.0512348
0.0512264
0.0512179
0.0512095
0.051201
0.0511925
0.0511841
0.0511756
0.0511671
0.0511587
0.0511502
0.0511417
0.0511332
0.0511248
0.0511163
0.0511078
0.0510993
0.0510908
0.0510823
0.0510739
0.0510654
0.0510569
0.0510484
0.0510399
0.0510314
0.0510229
0.0510144
0.0510059
0.0509974
0.0509889
0.0509804
0.0509719
0.0509634
0.0509549
0.0509464
0.0509378
0.0509293
0.0509208
0.0509123
0.0509038
0.0508953
0.0508867
0.0508782
0.0508697
0.0508612
0.0508526
0.0508441
0.0508356
0.050827
0.0508185
0.05081
0.0508014
0.0507929
0.0507843
0.0507758
0.0507672
0.0507587
0.0507501
0.0507416
0.050733
0.0507245
0.0507159
0.0507074
0.0506988
0.0506902
0.0506817
0.0506731
0.0506645
0.050656
0.0506474
0.0506388
0.0506303
0.0506217
0.0506131
0.0506045
0.0505959
0.0505874
0.0505788
0.0505702
0.0505616
0.050553
0.0505444
0.0505358
0.0505272
0.0505186
0.05051
0.0505014
0.0504928
0.0504842
0.0504756
0.050467
0.0504584
0.0504497
0.0504411
0.0504325
0.0504239
0.0504153
0.0504066
0.050398
0.0503894
0.0503807
0.0503721
0.0503635
0.0503548
0.0503462
0.0503376
0.0503289
0.0503203
0.0503116
0.050303
0.0502943
0.0502857
0.050277
0.0502684
0.0502597
0.050251
0.0502424
0.0502337
0.050225
0.0502164
0.0502077
0.050199
0.0501903
0.0501817
0.050173
0.0501643
0.0501556
0.0501469
0.0501382
0.0501295
0.0501209
0.0501122
0.0501035
0.0500948
0.0500861
0.0500774
0.0500686
0.0500599
0.0500512
0.0500425
0.0500338
0.0500251
0.0500164
0.0500076
0.0499989
0.0499902
0.0499815
0.0499727
0.049964
0.0499553
0.0499465
0.0499378
0.049929
0.0499203
0.0499115
0.0499028
0.049894
0.0498853
0.0498765
0.0498678
0.049859
0.0498502
0.0498415
0.0498327
0.0498239
0.0498152
0.0498064
0.0497976
0.0497888
0.0497801
0.0497713
0.0497625
0.0497537
0.0497449
0.0497361
0.0497273
0.0497185
0.0497097
0.0497009
0.0496921
0.0496833
0.0496745
0.0496657
0.0496569
0.049648
0.0496392
0.0496304
0.0496216
0.0496127
0.0496039
0.0495951
0.0495862
0.0495774
0.0495686
0.0495597
0.0495509
0.049542
0.0495332
0.0495243
0.0495155
0.0495066
0.0494977
0.0494889
0.04948
0.0494711
0.0494623
0.0494534
0.0494445
0.0494356
0.0494268
0.0494179
0.049409
0.0494001
0.0493912
0.0493823
0.0493734
0.0493645
0.0493556
0.0493467
0.0493378
0.0493289
0.04932
0.0493111
0.0493021
0.0492932
0.0492843
0.0492754
0.0492664
0.0492575
0.0492486
0.0492396
0.0492307
0.0492218
0.0492128
0.0492039
0.0491949
0.049186
0.049177
0.0491681
0.0491591
0.0491501
0.0491412
0.0491322
0.0491232
0.0491142
0.0491053
0.0490963
0.0490873
0.0490783
0.0490693
0.0490603
0.0490513
0.0490424
0.0490334
0.0490243
0.0490153
0.0490063
0.0489973
0.0489883
0.0489793
0.0489703
0.0489613
0.0489522
0.0489432
0.0489342
0.0489251
0.0489161
0.0489071
0.048898
0.048889
0.0488799
0.0488709
0.0488618
0.0488528
0.0488437
0.0488346
0.0488256
0.0488165
0.0488074
0.0487984
0.0487893
0.0487802
0.0487711
0.048762
0.0487529
0.0487439
0.0487348
0.0487257
0.0487166
0.0487075
0.0486983
0.0486892
0.0486801
0.048671
0.0486619
0.0486528
0.0486436
0.0486345
0.0486254
0.0486163
0.0486071
0.048598
0.0485888
0.0485797
0.0485705
0.0485614
0.0485522
0.0485431
0.0485339
0.0485247
0.0485156
0.0485064
0.0484972
0.0484881
0.0484789
0.0484697
0.0484605
0.0484513
0.0484421
0.0484329
0.0484237
0.0484145
0.0484053
0.0483961
0.0483869
0.0483777
0.0483685
0.0483593
0.04835
0.0483408
0.0483316
0.0483223
0.0483131
0.0483039
0.0482946
0.0482854
0.0482761
0.0482669
0.0482576
0.0482484
0.0482391
0.0482298
0.0482206
0.0482113
0.048202
0.0481927
0.0481835
0.0481742
0.0481649
0.0481556
0.0481463
0.048137
0.0481277
0.0481184
0.0481091
0.0480998
0.0480905
0.0480812
0.0480718
0.0480625
0.0480532
0.0480439
0.0480345
0.0480252
0.0480158
0.0480065
0.0479972
0.0479878
0.0479785
0.0479691
0.0479597
0.0479504
0.047941
0.0479316
0.0479223
0.0479129
0.0479035
0.0478941
0.0478847
0.0478753
0.0478659
0.0478565
0.0478471
0.0478377
0.0478283
0.0478189
0.0478095
0.0478001
0.0477907
0.0477812
0.0477718
0.0477624
0.0477529
0.0477435
0.0477341
0.0477246
0.0477152
0.0477057
0.0476963
0.0476868
0.0476773
0.0476679
0.0476584
0.0476489
0.0476395
0.04763
0.0476205
0.047611
0.0476015
0.047592
0.0475825
0.047573
0.0475635
0.047554
0.0475445
0.047535
0.0475255
0.0475159
0.0475064
0.0474969
0.0474873
0.0474778
0.0474683
0.0474587
0.0474492
0.0474396
0.0474301
0.0474205
0.0474109
0.0474014
0.0473918
0.0473822
0.0473727
0.0473631
0.0473535
0.0473439
0.0473343
0.0473247
0.0473151
0.0473055
0.0472959
0.0472863
0.0472767
0.0472671
0.0472574
0.0472478
0.0472382
0.0472286
0.0472189
0.0472093
0.0471996
0.04719
0.0471804
0.0471707
0.047161
0.0471514
0.0471417
0.047132
0.0471224
0.0471127
0.047103
0.0470933
0.0470836
0.047074
0.0470643
0.0470546
0.0470449
0.0470351
0.0470254
0.0470157
0.047006
0.0469963
0.0469866
0.0469768
0.0469671
0.0469574
0.0469476
0.0469379
0.0469281
0.0469184
0.0469086
0.0468989
0.0468891
0.0468793
0.0468696
0.0468598
0.04685
0.0468402
0.0468304
0.0468206
0.0468109
0.0468011
0.0467913
0.0467814
0.0467716
0.0467618
0.046752
0.0467422
0.0467324
0.0467225
0.0467127
0.0467029
0.046693
0.0466832
0.0466733
0.0466635
0.0466536
0.0466438
0.0466339
0.046624
0.0466142
0.0466043
0.0465944
0.0465845
0.0465746
0.0465647
0.0465548
0.0465449
0.046535
0.0465251
0.0465152
0.0465053
0.0464954
0.0464855
0.0464755
0.0464656
0.0464557
0.0464457
0.0464358
0.0464258
0.0464159
0.0464059
0.046396
0.046386
0.046376
0.0463661
0.0463561
0.0463461
0.0463361
0.0463261
0.0463162
0.0463062
0.0462962
0.0462862
0.0462761
0.0462661
0.0462561
0.0462461
0.0462361
0.046226
0.046216
0.046206
0.0461959
0.0461859
0.0461758
0.0461658
0.0461557
0.0461457
0.0461356
0.0461255
0.0461155
0.0461054
0.0460953
0.0460852
0.0460751
0.046065
0.0460549
0.0460448
0.0460347
0.0460246
0.0460145
0.0460044
0.0459943
0.0459841
0.045974
0.0459639
0.0459537
0.0459436
0.0459335
0.0459233
0.0459132
0.045903
0.0458928
0.0458827
0.0458725
0.0458623
0.0458521
0.0458419
0.0458318
0.0458216
0.0458114
0.0458012
0.045791
0.0457808
0.0457705
0.0457603
0.0457501
0.0457399
0.0457296
0.0457194
0.0457092
0.0456989
0.0456887
0.0456784
0.0456682
0.0456579
0.0456477
0.0456374
0.0456271
0.0456168
0.0456066
0.0455963
0.045586
0.0455757
0.0455654
0.0455551
0.0455448
0.0455345
0.0455242
0.0455138
0.0455035
0.0454932
0.0454829
0.0454725
0.0454622
0.0454518
0.0454415
0.0454311
0.0454208
0.0454104
0.0454001
0.0453897
0.0453793
0.0453689
0.0453586
0.0453482
0.0453378
0.0453274
0.045317
0.0453066
0.0452962
0.0452858
0.0452753
0.0452649
0.0452545
0.0452441
0.0452336
0.0452232
0.0452128
0.0452023
0.0451919
0.0451814
0.0451709
0.0451605
0.04515
0.0451395
0.0451291
0.0451186
0.0451081
0.0450976
0.0450871
0.0450766
0.0450661
0.0450556
0.0450451
0.0450346
0.0450241
0.0450135
0.045003
0.0449925
0.044982
0.0449714
0.0449609
0.0449503
0.0449398
0.0449292
0.0449186
0.0449081
0.0448975
0.0448869
0.0448764
0.0448658
0.0448552
0.0448446
0.044834
0.0448234
0.0448128
0.0448022
0.0447916
0.044781
0.0447703
0.0447597
0.0447491
0.0447384
0.0447278
0.0447172
0.0447065
0.0446959
0.0446852
0.0446745
0.0446639
0.0446532
0.0446425
0.0446319
0.0446212
0.0446105
0.0445998
0.0445891
0.0445784
0.0445677
0.044557
0.0445463
0.0445356
0.0445248
0.0445141
0.0445034
0.0444926
0.0444819
0.0444712
0.0444604
0.0444497
0.0444389
0.0444282
0.0444174
0.0444066
0.0443959
0.0443851
0.0443743
0.0443635
0.0443527
0.0443419
0.0443311
0.0443203
0.0443095
0.0442987
0.0442879
0.0442771
0.0442663
0.0442554
0.0442446
0.0442338
0.0442229
0.0442121
0.0442012
0.0441904
0.0441795
0.0441686
0.0441578
0.0441469
0.044136
0.0441252
0.0441143
0.0441034
0.0440925
0.0440816
0.0440707
0.0440598
0.0440489
0.044038
0.044027
0.0440161
0.0440052
0.0439943
0.0439833
0.0439724
0.0439615
0.0439505
0.0439396
0.0439286
0.0439176
0.0439067
0.0438957
0.0438847
0.0438738
0.0438628
0.0438518
0.0438408
0.0438298
0.0438188
0.0438078
0.0437968
0.0437858
0.0437748
0.0437638
0.0437527
0.0437417
0.0437307
0.0437196
0.0437086
0.0436976
0.0436865
0.0436754
0.0436644
0.0436533
0.0436423
0.0436312
0.0436201
0.043609
0.043598
0.0435869
0.0435758
0.0435647
0.0435536
0.0435425
0.0435314
0.0435203
0.0435092
0.043498
0.0434869
0.0434758
0.0434647
0.0434535
0.0434424
0.0434312
0.0434201
0.0434089
0.0433978
0.0433866
0.0433754
0.0433643
0.0433531
0.0433419
0.0433307
0.0433196
0.0433084
0.0432972
0.043286
0.0432748
0.0432636
0.0432524
0.0432411
0.0432299
0.0432187
0.0432075
0.0431962
0.043185
0.0431738
0.0431625
0.0431513
0.04314
0.0431288
0.0431175
0.0431063
0.043095
0.0430837
0.0430724
0.0430612
0.0430499
0.0430386
0.0430273
0.043016
0.0430047
0.0429934
0.0429821
0.0429708
0.0429595
0.0429481
0.0429368
0.0429255
0.0429142
0.0429028
0.0428915
0.0428801
0.0428688
0.0428574
0.0428461
0.0428347
0.0428234
0.042812
0.0428006
0.0427892
0.0427779
0.0427665
0.0427551
0.0427437
0.0427323
0.0427209
0.0427095
0.0426981
0.0426867
0.0426753
0.0426639
0.0426524
0.042641
0.0426296
0.0426181
0.0426067
0.0425953
0.0425838
0.0425724
0.0425609
0.0425495
0.042538
0.0425265
0.0425151
0.0425036
0.0424921
0.0424806
0.0424691
0.0424577
0.0424462
0.0424347
0.0424232
0.0424117
0.0424002
0.0423886
0.0423771
0.0423656
0.0423541
0.0423426
0.042331
0.0423195
0.042308
0.0422964
0.0422849
0.0422733
0.0422618
0.0422502
0.0422387
0.0422271
0.0422155
0.042204
0.0421924
0.0421808
0.0421692
0.0421576
0.042146
0.0421345
0.0421229
0.0421113
0.0420996
0.042088
0.0420764
0.0420648
0.0420532
0.0420416
0.0420299
0.0420183
0.0420067
0.041995
0.0419834
0.0419718
0.0419601
0.0419485
0.0419368
0.0419251
0.0419135
0.0419018
0.0418901
0.0418785
0.0418668
0.0418551
0.0418434
0.0418317
0.04182
0.0418083
0.0417966
0.0417849
0.0417732
0.0417615
0.0417498
0.0417381
0.0417264
0.0417147
0.0417029
0.0416912
0.0416795
0.0416677
0.041656
0.0416442
0.0416325
0.0416207
0.041609
0.0415972
0.0415855
0.0415737
0.0415619
0.0415502
0.0415384
0.0415266
0.0415148
0.041503
0.0414912
0.0414794
0.0414677
0.0414559
0.041444
0.0414322
0.0414204
0.0414086
0.0413968
0.041385
0.0413732
0.0413613
0.0413495
0.0413377
0.0413258
0.041314
0.0413021
0.0412903
0.0412785
0.0412666
0.0412547
0.0412429
0.041231
0.0412192
0.0412073
0.0411954
0.0411835
0.0411717
0.0411598
0.0411479
0.041136
0.0411241
0.0411122
0.0411003
0.0410884
0.0410765
0.0410646
0.0410527
0.0410408
0.0410288
0.0410169
0.041005
0.0409931
0.0409811
0.0409692
0.0409573
0.0409453
0.0409334
0.0409214
0.0409095
0.0408975
0.0408856
0.0408736
0.0408617
0.0408497
0.0408377
0.0408258
0.0408138
0.0408018
0.0407898
0.0407778
0.0407659
0.0407539
0.0407419
0.0407299
0.0407179
0.0407059
0.0406939
0.0406819
0.0406699
0.0406578
0.0406458
0.0406338
0.0406218
0.0406098
0.0405977
0.0405857
0.0405737
0.0405616
0.0405496
0.0405375
0.0405255
0.0405134
0.0405014
0.0404893
0.0404773
0.0404652
0.0404532
0.0404411
0.040429
0.0404169
0.0404049
0.0403928
0.0403807
0.0403686
0.0403565
0.0403445
0.0403324
0.0403203
0.0403082
0.0402961
0.040284
0.0402719
0.0402598
0.0402476
0.0402355
0.0402234
0.0402113
0.0401992
0.040187
0.0401749
0.0401628
0.0401507
0.0401385
0.0401264
0.0401142
0.0401021
0.0400899
0.0400778
0.0400656
0.0400535
0.0400413
0.0400292
0.040017
0.0400048
0.0399927
0.0399805
0.0399683
0.0399562
0.039944
0.0399318
0.0399196
0.0399074
0.0398952
0.039883
0.0398708
0.0398587
0.0398465
0.0398342
0.039822
0.0398098
0.0397976
0.0397854
0.0397732
0.039761
0.0397488
0.0397365
0.0397243
0.0397121
0.0396999
0.0396876
0.0396754
0.0396632
0.0396509
0.0396387
0.0396264
0.0396142
0.0396019
0.0395897
0.0395774
0.0395652
0.0395529
0.0395407
0.0395284
0.0395161
0.0395039
0.0394916
0.0394793
0.0394671
0.0394548
0.0394425
0.0394302
0.0394179
0.0394056
0.0393934
0.0393811
0.0393688
0.0393565
0.0393442
0.0393319
0.0393196
0.0393073
0.039295
0.0392827
0.0392704
0.039258
0.0392457
0.0392334
0.0392211
0.0392088
0.0391964
0.0391841
0.0391718
0.0391595
0.0391471
0.0391348
0.0391225
0.0391101
0.0390978
0.0390854
0.0390731
0.0390607
0.0390484
0.039036
0.0390237
0.0390113
0.038999
0.0389866
0.0389742
0.0389619
0.0389495
0.0389372
0.0389248
0.0389124
0.0389
0.0388877
0.0388753
0.0388629
0.0388505
0.0388381
0.0388258
0.0388134
0.038801
0.0387886
0.0387762
0.0387638
0.0387514
0.038739
0.0387266
0.0387142
0.0387018
0.0386894
0.038677
0.0386646
0.0386522
0.0386397
0.0386273
0.0386149
0.0386025
0.0385901
0.0385776
0.0385652
0.0385528
0.0385404
0.0385279
0.0385155
0.0385031
0.0384906
0.0384782
0.0384658
0.0384533
0.0384409
0.0384284
0.038416
0.0384035
0.0383911
0.0383786
0.0383662
0.0383537
0.0383413
0.0383288
0.0383164
0.0383039
0.0382914
0.038279
0.0382665
0.038254
0.0382416
0.0382291
0.0382166
0.0382041
0.0381917
0.0381792
0.0381667
0.0381542
0.0381418
0.0381293
0.0381168
0.0381043
0.0380918
0.0380793
0.0380668
0.0380543
0.0380418
0.0380293
0.0380169
0.0380044
0.0379919
0.0379794
0.0379669
0.0379543
0.0379418
0.0379293
0.0379168
0.0379043
0.0378918
0.0378793
0.0378668
0.0378543
0.0378417
0.0378292
0.0378167
0.0378042
0.0377917
0.0377791
0.0377666
0.0377541
0.0377416
0.037729
0.0377165
0.037704
0.0376914
0.0376789
0.0376664
0.0376538
0.0376413
0.0376288
0.0376162
0.0376037
0.0375911
0.0375786
0.0375661
0.0375535
0.037541
0.0375284
0.0375159
0.0375033
0.0374908
0.0374782
0.0374657
0.0374531
0.0374405
0.037428
0.0374154
0.0374029
0.0373903
0.0373777
0.0373652
0.0373526
0.0373401
0.0373275
0.0373149
0.0373023
0.0372898
0.0372772
0.0372646
0.0372521
0.0372395
0.0372269
0.0372143
0.0372018
0.0371892
0.0371766
0.037164
0.0371515
0.0371389
0.0371263
0.0371137
0.0371011
0.0370885
0.037076
0.0370634
0.0370508
0.0370382
0.0370256
0.037013
0.0370004
0.0369878
0.0369752
0.0369626
0.03695
0.0369375
0.0369249
0.0369123
0.0368997
0.0368871
0.0368745
0.0368619
0.0368493
0.0368367
0.0368241
0.0368115
0.0367989
0.0367862
0.0367736
0.036761
0.0367484
0.0367358
0.0367232
0.0367106
0.036698
0.0366854
0.0366728
0.0366602
0.0366475
0.0366349
0.0366223
0.0366097
0.0365971
0.0365845
0.0365719
0.0365592
0.0365466
0.036534
0.0365214
0.0365088
0.0364962
0.0364835
0.0364709
0.0364583
0.0364457
0.036433
0.0364204
0.0364078
0.0363952
0.0363826
0.0363699
0.0363573
0.0363447
0.0363321
0.0363194
0.0363068
0.0362942
0.0362815
0.0362689
0.0362563
0.0362437
0.036231
0.0362184
0.0362058
0.0361931
0.0361805
0.0361679
0.0361552
0.0361426
0.03613
0.0361173
0.0361047
0.0360921
0.0360794
0.0360668
0.0360542
0.0360415
0.0360289
0.0360163
0.0360036
0.035991
0.0359784
0.0359657
0.0359531
0.0359405
0.0359278
0.0359152
0.0359025
0.0358899
0.0358773
0.0358646
0.035852
0.0358394
0.0358267
0.0358141
0.0358014
0.0357888
0.0357762
0.0357635
0.0357509
0.0357382
0.0357256
0.035713
0.0357003
0.0356877
0.035675
0.0356624
0.0356498
0.0356371
0.0356245
0.0356118
0.0355992
0.0355866
0.0355739
0.0355613
0.0355486
0.035536
0.0355234
0.0355107
0.0354981
0.0354854
0.0354728
0.0354602
0.0354475
0.0354349
0.0354222
0.0354096
0.035397
0.0353843
0.0353717
0.035359
0.0353464
0.0353338
0.0353211
0.0353085
0.0352958
0.0352832
0.0352706
0.0352579
0.0352453
0.0352327
0.03522
0.0352074
0.0351947
0.0351821
0.0351695
0.0351568
0.0351442
0.0351316
0.0351189
0.0351063
0.0350937
0.035081
0.0350684
0.0350557
0.0350431
0.0350305
0.0350178
0.0350052
0.0349926
0.0349799
0.0349673
0.0349547
0.0349421
0.0349294
0.0349168
0.0349042
0.0348915
0.0348789
0.0348663
0.0348536
0.034841
0.0348284
0.0348158
0.0348031
0.0347905
0.0347779
0.0347653
0.0347526
0.03474
0.0347274
0.0347148
0.0347021
0.0346895
0.0346769
0.0346643
0.0346516
0.034639
0.0346264
0.0346138
0.0346012
0.0345885
0.0345759
0.0345633
0.0345507
0.0345381
0.0345255
0.0345128
0.0345002
0.0344876
0.034475
0.0344624
0.0344498
0.0344372
0.0344246
0.0344119
0.0343993
0.0343867
0.0343741
0.0343615
0.0343489
0.0343363
0.0343237
0.0343111
0.0342985
0.0342859
0.0342733
0.0342607
0.0342481
0.0342355
0.0342229
0.0342103
0.0341977
0.0341851
0.0341725
0.0341599
0.0341473
0.0341347
0.0341221
0.0341095
0.0340969
0.0340843
0.0340718
0.0340592
0.0340466
0.034034
0.0340214
0.0340088
0.0339962
0.0339837
0.0339711
0.0339585
0.0339459
0.0339333
0.0339208
0.0339082
0.0338956
0.033883
0.0338704
0.0338579
0.0338453
0.0338327
0.0338202
0.0338076
0.033795
0.0337825
0.0337699
0.0337573
0.0337448
0.0337322
0.0337196
0.0337071
0.0336945
0.033682
0.0336694
0.0336568
0.0336443
0.0336317
0.0336192
0.0336066
0.0335941
0.0335815
0.033569
0.0335564
0.0335439
0.0335313
0.0335188
0.0335062
0.0334937
0.0334812
0.0334686
0.0334561
0.0334435
0.033431
0.0334185
0.0334059
0.0333934
0.0333809
0.0333684
0.0333558
0.0333433
0.0333308
0.0333182
0.0333057
0.0332932
0.0332807
0.0332682
0.0332556
0.0332431
0.0332306
0.0332181
0.0332056
0.0331931
0.0331806
0.0331681
0.0331556
0.033143
0.0331305
0.033118
0.0331055
0.033093
0.0330805
0.033068
0.0330555
0.0330431
0.0330306
0.0330181
0.0330056
0.0329931
0.0329806
0.0329681
0.0329556
0.0329432
0.0329307
0.0329182
0.0329057
0.0328932
0.0328808
0.0328683
0.0328558
0.0328433
0.0328309
0.0328184
0.0328059
0.0327935
0.032781
0.0327686
0.0327561
0.0327436
0.0327312
0.0327187
0.0327063
0.0326938
0.0326814
0.0326689
0.0326565
0.032644
0.0326316
0.0326192
0.0326067
0.0325943
0.0325819
0.0325694
0.032557
0.0325446
0.0325321
0.0325197
0.0325073
0.0324949
0.0324824
0.03247
0.0324576
0.0324452
0.0324328
0.0324204
0.0324079
0.0323955
0.0323831
0.0323707
0.0323583
0.0323459
0.0323335
0.0323211
0.0323087
0.0322963
0.0322839
0.0322715
0.0322592
0.0322468
0.0322344
0.032222
0.0322096
0.0321972
0.0321849
0.0321725
0.0321601
0.0321477
0.0321354
0.032123
0.0321106
0.0320983
0.0320859
0.0320736
0.0320612
0.0320488
0.0320365
0.0320241
0.0320118
0.0319994
0.0319871
0.0319748
0.0319624
0.0319501
0.0319377
0.0319254
0.0319131
0.0319007
0.0318884
0.0318761
0.0318638
0.0318514
0.0318391
0.0318268
0.0318145
0.0318022
0.0317899
0.0317775
0.0317652
0.0317529
0.0317406
0.0317283
0.031716
0.0317037
0.0316914
0.0316792
0.0316669
0.0316546
0.0316423
0.03163
0.0316177
0.0316054
0.0315932
0.0315809
0.0315686
0.0315564
0.0315441
0.0315318
0.0315196
0.0315073
0.031495
0.0314828
0.0314705
0.0314583
0.031446
0.0314338
0.0314215
0.0314093
0.0313971
0.0313848
0.0313726
0.0313604
0.0313481
0.0313359
0.0313237
0.0313115
0.0312992
0.031287
0.0312748
0.0312626
0.0312504
0.0312382
0.031226
0.0312138
0.0312016
0.0311894
0.0311772
0.031165
0.0311528
0.0311406
0.0311284
0.0311162
0.0311041
0.0310919
0.0310797
0.0310675
0.0310554
0.0310432
0.031031
0.0310189
0.0310067
0.0309946
0.0309824
0.0309702
0.0309581
0.0309459
0.0309338
0.0309217
0.0309095
0.0308974
0.0308853
0.0308731
0.030861
0.0308489
0.0308367
0.0308246
0.0308125
0.0308004
0.0307883
0.0307762
0.0307641
0.030752
0.0307399
0.0307278
0.0307157
0.0307036
0.0306915
0.0306794
0.0306673
0.0306552
0.0306432
0.0306311
0.030619
0.0306069
0.0305949
0.0305828
0.0305707
0.0305587
0.0305466
0.0305346
0.0305225
0.0305105
0.0304984
0.0304864
0.0304743
0.0304623
0.0304503
0.0304382
0.0304262
0.0304142
0.0304022
0.0303901
0.0303781
0.0303661
0.0303541
0.0303421
0.0303301
0.0303181
0.0303061
0.0302941
0.0302821
0.0302701
0.0302581
0.0302461
0.0302342
0.0302222
0.0302102
0.0301982
0.0301863
0.0301743
0.0301623
0.0301504
0.0301384
0.0301265
0.0301145
0.0301026
0.0300906
0.0300787
0.0300668
0.0300548
0.0300429
0.030031
0.030019
0.0300071
0.0299952
0.0299833
0.0299714
0.0299595
0.0299476
0.0299356
0.0299237
0.0299118
0.0299
0.0298881
0.0298762
0.0298643
0.0298524
0.0298405
0.0298287
0.0298168
0.0298049
0.0297931
0.0297812
0.0297693
0.0297575
0.0297456
0.0297338
0.0297219
0.0297101
0.0296983
0.0296864
0.0296746
0.0296628
0.0296509
0.0296391
0.0296273
0.0296155
0.0296037
0.0295918
0.02958
0.0295682
0.0295564
0.0295446
0.0295329
0.0295211
0.0295093
0.0294975
0.0294857
0.0294739
0.0294622
0.0294504
0.0294386
0.0294269
0.0294151
0.0294034
0.0293916
0.0293799
0.0293681
0.0293564
0.0293446
0.0293329
0.0293212
0.0293095
0.0292977
0.029286
0.0292743
0.0292626
0.0292509
0.0292392
0.0292275
0.0292158
0.0292041
0.0291924
0.0291807
0.029169
0.0291573
0.0291456
0.029134
0.0291223
0.0291106
0.029099
0.0290873
0.0290757
0.029064
0.0290524
0.0290407
0.0290291
0.0290174
0.0290058
0.0289942
0.0289825
0.0289709
0.0289593
0.0289477
0.0289361
0.0289245
0.0289129
0.0289013
0.0288897
0.0288781
0.0288665
0.0288549
0.0288433
0.0288317
0.0288201
0.0288086
0.028797
0.0287854
0.0287739
0.0287623
0.0287508
0.0287392
0.0287277
0.0287161
0.0287046
0.0286931
0.0286815
0.02867
0.0286585
0.028647
0.0286355
0.028624
0.0286124
0.0286009
0.0285894
0.0285779
0.0285665
0.028555
0.0285435
0.028532
0.0285205
0.0285091
0.0284976
0.0284861
0.0284747
0.0284632
0.0284518
0.0284403
0.0284289
0.0284174
0.028406
0.0283946
0.0283831
0.0283717
0.0283603
0.0283489
0.0283375
0.028326
0.0283146
0.0283032
0.0282918
0.0282805
0.0282691
0.0282577
0.0282463
0.0282349
0.0282236
0.0282122
0.0282008
0.0281895
0.0281781
0.0281668
0.0281554
0.0281441
0.0281327
0.0281214
0.0281101
0.0280987
0.0280874
0.0280761
0.0280648
0.0280535
0.0280421
0.0280308
0.0280195
0.0280083
0.027997
0.0279857
0.0279744
0.0279631
0.0279518
0.0279406
0.0279293
0.027918
0.0279068
0.0278955
0.0278843
0.027873
0.0278618
0.0278506
0.0278393
0.0278281
0.0278169
0.0278057
0.0277945
0.0277832
0.027772
0.0277608
0.0277496
0.0277384
0.0277273
0.0277161
0.0277049
0.0276937
0.0276825
0.0276714
0.0276602
0.0276491
0.0276379
0.0276267
0.0276156
0.0276045
0.0275933
0.0275822
0.0275711
0.0275599
0.0275488
0.0275377
0.0275266
0.0275155
0.0275044
0.0274933
0.0274822
0.0274711
0.02746
0.0274489
0.0274379
0.0274268
0.0274157
0.0274047
0.0273936
0.0273826
0.0273715
0.0273605
0.0273494
0.0273384
0.0273273
0.0273163
0.0273053
0.0272943
0.0272833
0.0272723
0.0272613
0.0272503
0.0272393
0.0272283
0.0272173
0.0272063
0.0271953
0.0271844
0.0271734
0.0271624
0.0271515
0.0271405
0.0271296
0.0271186
0.0271077
0.0270967
0.0270858
0.0270749
0.027064
0.027053
0.0270421
0.0270312
0.0270203
0.0270094
0.0269985
0.0269876
0.0269767
0.0269659
0.026955
0.0269441
0.0269332
0.0269224
0.0269115
0.0269007
0.0268898
0.026879
0.0268681
0.0268573
0.0268465
0.0268357
0.0268248
0.026814
0.0268032
0.0267924
0.0267816
0.0267708
0.02676
0.0267492
0.0267384
0.0267277
0.0267169
0.0267061
0.0266954
0.0266846
0.0266739
0.0266631
0.0266524
0.0266416
0.0266309
0.0266202
0.0266094
0.0265987
0.026588
0.0265773
0.0265666
0.0265559
0.0265452
0.0265345
0.0265238
0.0265131
0.0265024
0.0264918
0.0264811
0.0264704
0.0264598
0.0264491
0.0264385
0.0264278
0.0264172
0.0264066
0.0263959
0.0263853
0.0263747
0.0263641
0.0263535
0.0263429
0.0263323
0.0263217
0.0263111
0.0263005
0.0262899
0.0262794
0.0262688
0.0262582
0.0262477
0.0262371
0.0262266
0.026216
0.0262055
0.026195
0.0261844
0.0261739
0.0261634
0.0261529
0.0261424
0.0261319
0.0261214
0.0261109
0.0261004
0.0260899
0.0260794
0.0260689
0.0260585
0.026048
0.0260375
0.0260271
0.0260166
0.0260062
0.0259958
0.0259853
0.0259749
0.0259645
0.0259541
0.0259436
0.0259332
0.0259228
0.0259124
0.025902
0.0258916
0.0258813
0.0258709
0.0258605
0.0258501
0.0258398
0.0258294
0.0258191
0.0258087
0.0257984
0.025788
0.0257777
0.0257674
0.0257571
0.0257468
0.0257364
0.0257261
0.0257158
0.0257055
0.0256952
0.025685
0.0256747
0.0256644
0.0256541
0.0256439
0.0256336
0.0256234
0.0256131
0.0256029
0.0255926
0.0255824
0.0255722
0.0255619
0.0255517
0.0255415
0.0255313
0.0255211
0.0255109
0.0255007
0.0254905
0.0254804
0.0254702
0.02546
0.0254498
0.0254397
0.0254295
0.0254194
0.0254092
0.0253991
0.025389
0.0253788
0.0253687
0.0253586
0.0253485
0.0253384
0.0253283
0.0253182
0.0253081
0.025298
0.0252879
0.0252778
0.0252678
0.0252577
0.0252477
0.0252376
0.0252276
0.0252175
0.0252075
0.0251974
0.0251874
0.0251774
0.0251674
0.0251574
0.0251474
0.0251374
0.0251274
0.0251174
0.0251074
0.0250974
0.0250874
0.0250775
0.0250675
0.0250576
0.0250476
0.0250377
0.0250277
0.0250178
0.0250079
0.0249979
0.024988
0.0249781
0.0249682
0.0249583
0.0249484
0.0249385
0.0249286
0.0249187
0.0249089
0.024899
0.0248891
0.0248793
0.0248694
0.0248596
0.0248497
0.0248399
0.0248301
0.0248202
0.0248104
0.0248006
0.0247908
0.024781
0.0247712
0.0247614
0.0247516
0.0247418
0.024732
0.0247223
0.0247125
0.0247028
0.024693
0.0246832
0.0246735
0.0246638
0.024654
0.0246443
0.0246346
0.0246249
0.0246152
0.0246055
0.0245958
0.0245861
0.0245764
0.0245667
0.024557
0.0245474
0.0245377
0.024528
0.0245184
0.0245087
0.0244991
0.0244894
0.0244798
0.0244702
0.0244606
0.0244509
0.0244413
0.0244317
0.0244221
0.0244125
0.024403
0.0243934
0.0243838
0.0243742
0.0243647
0.0243551
0.0243456
0.024336
0.0243265
0.0243169
0.0243074
0.0242979
0.0242884
0.0242788
0.0242693
0.0242598
0.0242503
0.0242408
0.0242314
0.0242219
0.0242124
0.0242029
0.0241935
0.024184
0.0241746
0.0241651
0.0241557
0.0241462
0.0241368
0.0241274
0.024118
0.0241086
0.0240992
0.0240898
0.0240804
0.024071
0.0240616
0.0240522
0.0240428
0.0240335
0.0240241
0.0240148
0.0240054
0.0239961
0.0239867
0.0239774
0.0239681
0.0239588
0.0239494
0.0239401
0.0239308
0.0239215
0.0239122
0.023903
0.0238937
0.0238844
0.0238751
0.0238659
0.0238566
0.0238474
0.0238381
0.0238289
0.0238197
0.0238104
0.0238012
0.023792
0.0237828
0.0237736
0.0237644
0.0237552
0.023746
0.0237368
0.0237276
0.0237185
0.0237093
0.0237001
0.023691
0.0236818
0.0236727
0.0236636
0.0236544
0.0236453
0.0236362
0.0236271
0.023618
0.0236089
0.0235998
0.0235907
0.0235816
0.0235725
0.0235635
0.0235544
0.0235453
0.0235363
0.0235272
0.0235182
0.0235092
0.0235001
0.0234911
0.0234821
0.0234731
0.0234641
0.0234551
0.0234461
0.0234371
0.0234281
0.0234191
0.0234101
0.0234012
0.0233922
0.0233833
0.0233743
0.0233654
0.0233564
0.0233475
0.0233386
0.0233297
0.0233207
0.0233118
0.0233029
0.023294
0.0232851
0.0232763
0.0232674
0.0232585
0.0232496
0.0232408
0.0232319
0.0232231
0.0232142
0.0232054
0.0231966
0.0231877
0.0231789
0.0231701
0.0231613
0.0231525
0.0231437
0.0231349
0.0231261
0.0231174
0.0231086
0.0230998
0.0230911
0.0230823
0.0230736
0.0230648
0.0230561
0.0230473
0.0230386
0.0230299
0.0230212
0.0230125
0.0230038
0.0229951
0.0229864
0.0229777
0.022969
0.0229604
0.0229517
0.022943
0.0229344
0.0229257
0.0229171
0.0229085
0.0228998
0.0228912
0.0228826
0.022874
0.0228654
0.0228568
0.0228482
0.0228396
0.022831
0.0228224
0.0228139
0.0228053
0.0227967
0.0227882
0.0227796
0.0227711
0.0227626
0.022754
0.0227455
0.022737
0.0227285
0.02272
0.0227115
0.022703
0.0226945
0.022686
0.0226775
0.0226691
0.0226606
0.0226522
0.0226437
0.0226353
0.0226268
0.0226184
0.02261
0.0226015
0.0225931
0.0225847
0.0225763
0.0225679
0.0225595
0.0225511
0.0225428
0.0225344
0.022526
0.0225177
0.0225093
0.0225009
0.0224926
0.0224843
0.0224759
0.0224676
0.0224593
0.022451
0.0224427
0.0224344
0.0224261
0.0224178
0.0224095
0.0224012
0.0223929
0.0223847
0.0223764
0.0223682
0.0223599
0.0223517
0.0223434
0.0223352
0.022327
0.0223188
0.0223105
0.0223023
0.0222941
0.0222859
0.0222778
0.0222696
0.0222614
0.0222532
0.0222451
0.0222369
0.0222288
0.0222206
0.0222125
0.0222043
0.0221962
0.0221881
0.02218
0.0221719
0.0221638
0.0221557
0.0221476
0.0221395
0.0221314
0.0221233
0.0221153
0.0221072
0.0220991
0.0220911
0.022083
0.022075
0.022067
0.0220589
0.0220509
0.0220429
0.0220349
0.0220269
0.0220189
0.0220109
0.0220029
0.0219949
0.021987
0.021979
0.021971
0.0219631
0.0219551
0.0219472
0.0219393
0.0219313
0.0219234
0.0219155
0.0219076
0.0218997
0.0218918
0.0218839
0.021876
0.0218681
0.0218602
0.0218524
0.0218445
0.0218366
0.0218288
0.0218209
0.0218131
0.0218053
0.0217974
0.0217896
0.0217818
0.021774
0.0217662
0.0217584
0.0217506
0.0217428
0.021735
0.0217272
0.0217195
0.0217117
0.021704
0.0216962
0.0216885
0.0216807
0.021673
0.0216653
0.0216575
0.0216498
0.0216421
0.0216344
0.0216267
0.021619
0.0216113
0.0216037
0.021596
0.0215883
0.0215807
0.021573
0.0215654
0.0215577
0.0215501
0.0215424
0.0215348
0.0215272
0.0215196
0.021512
0.0215044
0.0214968
0.0214892
0.0214816
0.021474
0.0214665
0.0214589
0.0214513
0.0214438
0.0214362
0.0214287
0.0214212
0.0214136
0.0214061
0.0213986
0.0213911
0.0213836
0.0213761
0.0213686
0.0213611
0.0213536
0.0213461
0.0213387
0.0213312
0.0213238
0.0213163
0.0213089
0.0213014
0.021294
0.0212866
0.0212791
0.0212717
0.0212643
0.0212569
0.0212495
0.0212421
0.0212347
0.0212273
0.02122
0.0212126
0.0212052
0.0211979
0.0211905
0.0211832
0.0211758
0.0211685
0.0211612
0.0211539
0.0211466
0.0211392
0.0211319
0.0211246
0.0211174
0.0211101
0.0211028
0.0210955
0.0210882
0.021081
0.0210737
0.0210665
0.0210592
0.021052
0.0210448
0.0210375
0.0210303
0.0210231
0.0210159
0.0210087
0.0210015
0.0209943
0.0209871
0.02098
0.0209728
0.0209656
0.0209585
0.0209513
0.0209441
0.020937
0.0209299
0.0209227
0.0209156
0.0209085
0.0209014
0.0208943
0.0208872
0.0208801
0.020873
0.0208659
0.0208588
0.0208518
0.0208447
0.0208376
0.0208306
0.0208235
0.0208165
0.0208094
0.0208024
0.0207954
0.0207884
0.0207814
0.0207743
0.0207673
0.0207604
0.0207534
0.0207464
0.0207394
0.0207324
0.0207255
0.0207185
0.0207115
0.0207046
0.0206977
0.0206907
0.0206838
0.0206769
0.0206699
0.020663
0.0206561
0.0206492
0.0206423
0.0206354
0.0206286
0.0206217
0.0206148
0.0206079
0.0206011
0.0205942
0.0205874
0.0205805
0.0205737
0.0205669
0.02056
0.0205532
0.0205464
0.0205396
0.0205328
0.020526
0.0205192
0.0205124
0.0205056
0.0204989
0.0204921
0.0204853
0.0204786
0.0204718
0.0204651
0.0204584
0.0204516
0.0204449
0.0204382
0.0204315
0.0204248
0.020418
0.0204114
0.0204047
0.020398
0.0203913
0.0203846
0.020378
0.0203713
0.0203646
0.020358
0.0203513
0.0203447
0.0203381
0.0203314
0.0203248
0.0203182
0.0203116
0.020305
0.0202984
0.0202918
0.0202852
0.0202786
0.020272
0.0202655
0.0202589
0.0202524
0.0202458
0.0202393
0.0202327
0.0202262
0.0202196
0.0202131
0.0202066
0.0202001
0.0201936
0.0201871
0.0201806
0.0201741
0.0201676
0.0201611
0.0201547
0.0201482
0.0201417
0.0201353
0.0201288
0.0201224
0.0201159
0.0201095
0.0201031
0.0200967
0.0200903
0.0200838
0.0200774
0.020071
0.0200646
0.0200583
0.0200519
0.0200455
0.0200391
0.0200328
0.0200264
0.0200201
0.0200137
0.0200074
0.020001
0.0199947
0.0199884
0.0199821
0.0199758
0.0199694
0.0199631
0.0199568
0.0199506
0.0199443
0.019938
0.0199317
0.0199255
0.0199192
0.0199129
0.0199067
0.0199004
0.0198942
0.019888
0.0198817
0.0198755
0.0198693
0.0198631
0.0198569
0.0198507
0.0198445
0.0198383
0.0198321
0.0198259
0.0198198
0.0198136
0.0198074
0.0198013
0.0197951
0.019789
0.0197829
0.0197767
0.0197706
0.0197645
0.0197584
0.0197523
0.0197462
0.0197401
0.019734
0.0197279
0.0197218
0.0197157
0.0197096
0.0197036
0.0196975
0.0196915
0.0196854
0.0196794
0.0196733
0.0196673
0.0196613
0.0196553
0.0196492
0.0196432
0.0196372
0.0196312
0.0196252
0.0196193
0.0196133
0.0196073
0.0196013
0.0195954
0.0195894
0.0195834
0.0195775
0.0195716
0.0195656
0.0195597
0.0195538
0.0195478
0.0195419
0.019536
0.0195301
0.0195242
0.0195183
0.0195124
0.0195065
0.0195007
0.0194948
0.0194889
0.0194831
0.0194772
0.0194714
0.0194655
0.0194597
0.0194539
0.019448
0.0194422
0.0194364
0.0194306
0.0194248
0.019419
0.0194132
0.0194074
0.0194016
0.0193958
0.01939
0.0193843
0.0193785
0.0193728
0.019367
0.0193613
0.0193555
0.0193498
0.0193441
0.0193383
0.0193326
0.0193269
0.0193212
0.0193155
0.0193098
0.0193041
0.0192984
0.0192927
0.0192871
0.0192814
0.0192757
0.0192701
0.0192644
0.0192588
0.0192531
0.0192475
0.0192419
0.0192362
0.0192306
0.019225
0.0192194
0.0192138
0.0192082
0.0192026
0.019197
0.0191914
0.0191858
0.0191803
0.0191747
0.0191691
0.0191636
0.019158
0.0191525
0.0191469
0.0191414
0.0191359
0.0191303
0.0191248
0.0191193
0.0191138
0.0191083
0.0191028
0.0190973
0.0190918
0.0190863
0.0190808
0.0190754
0.0190699
0.0190644
0.019059
0.0190535
0.0190481
0.0190426
0.0190372
0.0190318
0.0190264
0.0190209
0.0190155
0.0190101
0.0190047
0.0189993
0.0189939
0.0189885
0.0189832
0.0189778
0.0189724
0.018967
0.0189617
0.0189563
0.018951
0.0189456
0.0189403
0.0189349
0.0189296
0.0189243
0.018919
0.0189137
0.0189083
0.018903
0.0188977
0.0188924
0.0188872
0.0188819
0.0188766
0.0188713
0.0188661
0.0188608
0.0188555
0.0188503
0.018845
0.0188398
0.0188346
0.0188293
0.0188241
0.0188189
0.0188137
0.0188084
0.0188032
0.018798
0.0187928
0.0187877
0.0187825
0.0187773
0.0187721
0.0187669
0.0187618
0.0187566
0.0187515
0.0187463
0.0187412
0.018736
0.0187309
0.0187258
0.0187206
0.0187155
0.0187104
0.0187053
0.0187002
0.0186951
0.01869
0.0186849
0.0186798
0.0186748
0.0186697
0.0186646
0.0186596
0.0186545
0.0186494
0.0186444
0.0186394
0.0186343
0.0186293
0.0186243
0.0186192
0.0186142
0.0186092
0.0186042
0.0185992
0.0185942
0.0185892
0.0185842
0.0185792
0.0185743
0.0185693
0.0185643
0.0185593
0.0185544
0.0185494
0.0185445
0.0185395
0.0185346
0.0185297
0.0185248
0.0185198
0.0185149
0.01851
0.0185051
0.0185002
0.0184953
0.0184904
0.0184855
0.0184806
0.0184758
0.0184709
0.018466
0.0184611
0.0184563
0.0184514
0.0184466
0.0184417
0.0184369
0.0184321
0.0184272
0.0184224
0.0184176
0.0184128
0.018408
0.0184032
0.0183984
0.0183936
0.0183888
0.018384
0.0183792
0.0183745
0.0183697
0.0183649
0.0183602
0.0183554
0.0183507
0.0183459
0.0183412
0.0183364
0.0183317
0.018327
0.0183223
0.0183175
0.0183128
0.0183081
0.0183034
0.0182987
0.018294
0.0182893
0.0182847
0.01828
0.0182753
0.0182706
0.018266
0.0182613
0.0182567
0.018252
0.0182474
0.0182427
0.0182381
0.0182335
0.0182288
0.0182242
0.0182196
0.018215
0.0182104
0.0182058
0.0182012
0.0181966
0.018192
0.0181874
0.0181829
0.0181783
0.0181737
0.0181692
0.0181646
0.01816
0.0181555
0.0181509
0.0181464
0.0181419
0.0181373
0.0181328
0.0181283
0.0181238
0.0181193
0.0181148
0.0181103
0.0181058
0.0181013
0.0180968
0.0180923
0.0180878
0.0180834
0.0180789
0.0180744
0.01807
0.0180655
0.0180611
0.0180566
0.0180522
0.0180477
0.0180433
0.0180389
0.0180345
0.01803
0.0180256
0.0180212
0.0180168
0.0180124
0.018008
0.0180036
0.0179992
0.0179949
0.0179905
0.0179861
0.0179817
0.0179774
0.017973
0.0179687
0.0179643
0.01796
0.0179556
0.0179513
0.017947
0.0179427
0.0179383
0.017934
0.0179297
0.0179254
0.0179211
0.0179168
0.0179125
0.0179082
0.0179039
0.0178996
0.0178954
0.0178911
0.0178868
0.0178826
0.0178783
0.0178741
0.0178698
0.0178656
0.0178613
0.0178571
0.0178529
0.0178486
0.0178444
0.0178402
0.017836
0.0178318
0.0178276
0.0178234
0.0178192
0.017815
0.0178108
0.0178066
0.0178025
0.0177983
0.0177941
0.01779
0.0177858
0.0177816
0.0177775
0.0177733
0.0177692
0.0177651
0.0177609
0.0177568
0.0177527
0.0177486
0.0177445
0.0177403
0.0177362
0.0177321
0.017728
0.0177239
0.0177199
0.0177158
0.0177117
0.0177076
0.0177036
0.0176995
0.0176954
0.0176914
0.0176873
0.0176833
0.0176792
0.0176752
0.0176711
0.0176671
0.0176631
0.0176591
0.0176551
0.017651
0.017647
0.017643
0.017639
0.017635
0.017631
0.017627
0.0176231
0.0176191
0.0176151
0.0176111
0.0176072
0.0176032
0.0175993
0.0175953
0.0175914
0.0175874
0.0175835
0.0175795
0.0175756
0.0175717
0.0175678
0.0175638
0.0175599
0.017556
0.0175521
0.0175482
0.0175443
0.0175404
0.0175365
0.0175326
0.0175288
0.0175249
0.017521
0.0175171
0.0175133
0.0175094
0.0175056
0.0175017
0.0174979
0.017494
0.0174902
0.0174863
0.0174825
0.0174787
0.0174749
0.0174711
0.0174672
0.0174634
0.0174596
0.0174558
0.017452
0.0174482
0.0174444
0.0174407
0.0174369
0.0174331
0.0174293
0.0174256
0.0174218
0.017418
0.0174143
0.0174105
0.0174068
0.0174031
0.0173993
0.0173956
0.0173918
0.0173881
0.0173844
0.0173807
0.017377
0.0173733
0.0173696
0.0173659
0.0173622
0.0173585
0.0173548
0.0173511
0.0173474
0.0173437
0.0173401
0.0173364
0.0173327
0.0173291
0.0173254
0.0173218
0.0173181
0.0173145
0.0173108
0.0173072
0.0173035
0.0172999
0.0172963
0.0172927
0.0172891
0.0172854
0.0172818
0.0172782
0.0172746
0.017271
0.0172674
0.0172639
0.0172603
0.0172567
0.0172531
0.0172495
0.017246
0.0172424
0.0172389
0.0172353
0.0172317
0.0172282
0.0172247
0.0172211
0.0172176
0.017214
0.0172105
0.017207
0.0172035
0.0172
0.0171964
0.0171929
0.0171894
0.0171859
0.0171824
0.0171789
0.0171754
0.017172
0.0171685
0.017165
0.0171615
0.0171581
0.0171546
0.0171511
0.0171477
0.0171442
0.0171408
0.0171373
0.0171339
0.0171304
0.017127
0.0171236
0.0171201
0.0171167
0.0171133
0.0171099
0.0171065
0.0171031
0.0170997
0.0170963
0.0170929
0.0170895
0.0170861
0.0170827
0.0170793
0.0170759
0.0170726
0.0170692
0.0170658
0.0170625
0.0170591
0.0170558
0.0170524
0.0170491
0.0170457
0.0170424
0.017039
0.0170357
0.0170324
0.0170291
0.0170257
0.0170224
0.0170191
0.0170158
0.0170125
0.0170092
0.0170059
0.0170026
0.0169993
0.016996
0.0169927
0.0169895
0.0169862
0.0169829
0.0169797
0.0169764
0.0169731
0.0169699
0.0169666
0.0169634
0.0169601
0.0169569
0.0169536
0.0169504
0.0169472
0.016944
0.0169407
0.0169375
0.0169343
0.0169311
0.0169279
0.0169247
0.0169215
0.0169183
0.0169151
0.0169119
0.0169087
0.0169055
0.0169023
0.0168992
0.016896
0.0168928
0.0168897
0.0168865
0.0168833
0.0168802
0.016877
0.0168739
0.0168707
0.0168676
0.0168645
0.0168613
0.0168582
0.0168551
0.016852
0.0168488
0.0168457
0.0168426
0.0168395
0.0168364
0.0168333
0.0168302
0.0168271
0.016824
0.0168209
0.0168179
0.0168148
0.0168117
0.0168086
0.0168056
0.0168025
0.0167994
0.0167964
0.0167933
0.0167903
0.0167872
0.0167842
0.0167812
0.0167781
0.0167751
0.0167721
0.016769
0.016766
0.016763
0.01676
0.016757
0.016754
0.0167509
0.0167479
0.016745
0.016742
0.016739
0.016736
0.016733
0.01673
0.016727
0.0167241
0.0167211
0.0167181
0.0167152
0.0167122
0.0167092
0.0167063
0.0167033
0.0167004
0.0166975
0.0166945
0.0166916
0.0166887
0.0166857
0.0166828
0.0166799
0.016677
0.016674
0.0166711
0.0166682
0.0166653
0.0166624
0.0166595
0.0166566
0.0166537
0.0166508
0.016648
0.0166451
0.0166422
0.0166393
0.0166365
0.0166336
0.0166307
0.0166279
0.016625
0.0166222
0.0166193
0.0166165
0.0166136
0.0166108
0.0166079
0.0166051
0.0166023
0.0165994
0.0165966
0.0165938
0.016591
0.0165882
0.0165853
0.0165825
0.0165797
0.0165769
0.0165741
0.0165713
0.0165686
0.0165658
0.016563
0.0165602
0.0165574
0.0165546
0.0165519
0.0165491
0.0165463
0.0165436
0.0165408
0.0165381
0.0165353
0.0165326
0.0165298
0.0165271
0.0165243
0.0165216
0.0165189
0.0165161
0.0165134
0.0165107
0.016508
0.0165053
0.0165025
0.0164998
0.0164971
0.0164944
0.0164917
0.016489
0.0164863
0.0164836
0.0164809
0.0164783
0.0164756
0.0164729
0.0164702
0.0164676
0.0164649
0.0164622
0.0164596
0.0164569
0.0164542
0.0164516
0.0164489
0.0164463
0.0164437
0.016441
0.0164384
0.0164357
0.0164331
0.0164305
0.0164279
0.0164252
0.0164226
0.01642
0.0164174
0.0164148
0.0164122
0.0164096
0.016407
0.0164044
0.0164018
0.0163992
0.0163966
0.016394
0.0163914
0.0163889
0.0163863
0.0163837
0.0163812
0.0163786
0.016376
0.0163735
0.0163709
0.0163684
0.0163658
0.0163633
0.0163607
0.0163582
0.0163556
0.0163531
0.0163506
0.016348
0.0163455
0.016343
0.0163405
0.0163379
0.0163354
0.0163329
0.0163304
0.0163279
0.0163254
0.0163229
0.0163204
0.0163179
0.0163154
0.0163129
0.0163105
0.016308
0.0163055
0.016303
0.0163006
0.0162981
0.0162956
0.0162932
0.0162907
0.0162882
0.0162858
0.0162833
0.0162809
0.0162784
0.016276
0.0162736
0.0162711
0.0162687
0.0162663
0.0162638
0.0162614
0.016259
0.0162566
0.0162541
0.0162517
0.0162493
0.0162469
0.0162445
0.0162421
0.0162397
0.0162373
0.0162349
0.0162325
0.0162301
0.0162278
0.0162254
0.016223
0.0162206
0.0162183
0.0162159
0.0162135
0.0162112
0.0162088
0.0162064
0.0162041
0.0162017
0.0161994
0.016197
0.0161947
0.0161923
0.01619
0.0161877
0.0161853
0.016183
0.0161807
0.0161784
0.016176
0.0161737
0.0161714
0.0161691
0.0161668
0.0161645
0.0161622
0.0161599
0.0161576
0.0161553
0.016153
0.0161507
0.0161484
0.0161461
0.0161438
0.0161416
0.0161393
0.016137
0.0161347
0.0161325
0.0161302
0.0161279
0.0161257
0.0161234
0.0161212
0.0161189
0.0161167
0.0161144
0.0161122
0.0161099
0.0161077
0.0161055
0.0161032
0.016101
0.0160988
0.0160966
0.0160943
0.0160921
0.0160899
0.0160877
0.0160855
0.0160833
0.0160811
0.0160789
0.0160767
0.0160745
0.0160723
0.0160701
0.0160679
0.0160657
0.0160635
0.0160613
0.0160592
0.016057
0.0160548
0.0160526
0.0160505
0.0160483
0.0160461
0.016044
0.0160418
0.0160397
0.0160375
0.0160354
0.0160332
0.0160311
0.0160289
0.0160268
0.0160247
0.0160225
0.0160204
0.0160183
0.0160162
0.016014
0.0160119
0.0160098
0.0160077
0.0160056
0.0160035
0.0160013
0.0159992
0.0159971
0.015995
0.0159929
0.0159909
0.0159888
0.0159867
0.0159846
0.0159825
0.0159804
0.0159783
0.0159763
0.0159742
0.0159721
0.0159701
0.015968
0.0159659
0.0159639
0.0159618
0.0159598
0.0159577
0.0159557
0.0159536
0.0159516
0.0159495
0.0159475
0.0159454
0.0159434
0.0159414
0.0159393
0.0159373
0.0159353
0.0159333
0.0159312
0.0159292
0.0159272
0.0159252
0.0159232
0.0159212
0.0159192
0.0159172
0.0159152
0.0159132
0.0159112
0.0159092
0.0159072
0.0159052
0.0159032
0.0159012
0.0158993
0.0158973
0.0158953
0.0158933
0.0158914
0.0158894
0.0158874
0.0158855
0.0158835
0.0158816
0.0158796
0.0158776
0.0158757
0.0158737
0.0158718
0.0158699
0.0158679
0.015866
0.015864
0.0158621
0.0158602
0.0158582
0.0158563
0.0158544
0.0158525
0.0158506
0.0158486
0.0158467
0.0158448
0.0158429
0.015841
0.0158391
0.0158372
0.0158353
0.0158334
0.0158315
0.0158296
0.0158277
0.0158258
0.0158239
0.0158221
0.0158202
0.0158183
0.0158164
0.0158145
0.0158127
0.0158108
0.0158089
0.0158071
0.0158052
0.0158033
0.0158015
0.0157996
0.0157978
0.0157959
0.0157941
0.0157922
0.0157904
0.0157886
0.0157867
0.0157849
0.015783
0.0157812
0.0157794
0.0157776
0.0157757
0.0157739
0.0157721
0.0157703
0.0157684
0.0157666
0.0157648
0.015763
0.0157612
0.0157594
0.0157576
0.0157558
0.015754
0.0157522
0.0157504
0.0157486
0.0157468
0.015745
0.0157433
0.0157415
0.0157397
0.0157379
0.0157362
0.0157344
0.0157326
0.0157308
0.0157291
0.0157273
0.0157255
0.0157238
0.015722
0.0157203
0.0157185
0.0157168
0.015715
0.0157133
0.0157115
0.0157098
0.0157081
0.0157063
0.0157046
0.0157028
0.0157011
0.0156994
0.0156977
0.0156959
0.0156942
0.0156925
0.0156908
0.0156891
0.0156873
0.0156856
0.0156839
0.0156822
0.0156805
0.0156788
0.0156771
0.0156754
0.0156737
0.015672
0.0156703
0.0156686
0.015667
0.0156653
0.0156636
0.0156619
0.0156602
0.0156586
0.0156569
0.0156552
0.0156535
0.0156519
0.0156502
0.0156485
0.0156469
0.0156452
0.0156436
0.0156419
0.0156403
0.0156386
0.015637
0.0156353
0.0156337
0.015632
0.0156304
0.0156287
0.0156271
0.0156255
0.0156238
0.0156222
0.0156206
0.015619
0.0156173
0.0156157
0.0156141
0.0156125
0.0156109
0.0156092
0.0156076
0.015606
0.0156044
0.0156028
0.0156012
0.0155996
0.015598
0.0155964
0.0155948
0.0155932
0.0155916
0.01559
0.0155885
0.0155869
0.0155853
0.0155837
0.0155821
0.0155806
0.015579
0.0155774
0.0155758
0.0155743
0.0155727
0.0155711
0.0155696
0.015568
0.0155665
0.0155649
0.0155634
0.0155618
0.0155602
0.0155587
0.0155572
0.0155556
0.0155541
0.0155525
0.015551
0.0155495
0.0155479
0.0155464
0.0155449
0.0155433
0.0155418
0.0155403
0.0155388
0.0155372
0.0155357
0.0155342
0.0155327
0.0155312
0.0155297
0.0155282
0.0155266
0.0155251
0.0155236
0.0155221
0.0155206
0.0155191
0.0155176
0.0155161
0.0155147
0.0155132
0.0155117
0.0155102
0.0155087
0.0155072
0.0155058
0.0155043
0.0155028
0.0155013
0.0154999
0.0154984
0.0154969
0.0154954
0.015494
0.0154925
0.0154911
0.0154896
0.0154881
0.0154867
0.0154852
0.0154838
0.0154823
0.0154809
0.0154794
0.015478
0.0154766
0.0154751
0.0154737
0.0154722
0.0154708
0.0154694
0.0154679
0.0154665
0.0154651
0.0154637
0.0154622
0.0154608
0.0154594
0.015458
0.0154566
0.0154552
0.0154537
0.0154523
0.0154509
0.0154495
0.0154481
0.0154467
0.0154453
0.0154439
0.0154425
0.0154411
0.0154397
0.0154383
0.0154369
0.0154355
0.0154342
0.0154328
0.0154314
0.01543
0.0154286
0.0154273
0.0154259
0.0154245
0.0154231
0.0154218
0.0154204
0.015419
0.0154177
0.0154163
0.0154149
0.0154136
0.0154122
0.0154109
0.0154095
0.0154082
0.0154068
0.0154055
0.0154041
0.0154028
0.0154014
0.0154001
0.0153987
0.0153974
0.0153961
0.0153947
0.0153934
0.0153921
0.0153907
0.0153894
0.0153881
0.0153868
0.0153854
0.0153841
0.0153828
0.0153815
0.0153802
0.0153788
0.0153775
0.0153762
0.0153749
0.0153736
0.0153723
0.015371
0.0153697
0.0153684
0.0153671
0.0153658
0.0153645
0.0153632
0.0153619
0.0153606
0.0153593
0.0153581
0.0153568
0.0153555
0.0153542
0.0153529
0.0153517
0.0153504
0.0153491
0.0153478
0.0153466
0.0153453
0.015344
0.0153428
0.0153415
0.0153402
0.015339
0.0153377
0.0153364
0.0153352
0.0153339
0.0153327
0.0153314
0.0153302
0.0153289
0.0153277
0.0153264
0.0153252
0.015324
0.0153227
0.0153215
0.0153202
0.015319
0.0153178
0.0153165
0.0153153
0.0153141
0.0153129
0.0153116
0.0153104
0.0153092
0.015308
0.0153067
0.0153055
0.0153043
0.0153031
0.0153019
0.0153007
0.0152995
0.0152983
0.0152971
0.0152959
0.0152947
0.0152935
0.0152923
0.0152911
0.0152899
0.0152887
0.0152875
0.0152863
0.0152851
0.0152839
0.0152827
0.0152815
0.0152803
0.0152792
0.015278
0.0152768
0.0152756
0.0152745
0.0152733
0.0152721
0.0152709
0.0152698
0.0152686
0.0152674
0.0152663
0.0152651
0.0152639
0.0152628
0.0152616
0.0152605
0.0152593
0.0152582
0.015257
0.0152559
0.0152547
0.0152536
0.0152524
0.0152513
0.0152501
0.015249
0.0152478
0.0152467
0.0152456
0.0152444
0.0152433
0.0152422
0.015241
0.0152399
0.0152388
0.0152377
0.0152365
0.0152354
0.0152343
0.0152332
0.015232
0.0152309
0.0152298
0.0152287
0.0152276
0.0152265
0.0152254
0.0152243
0.0152231
0.015222
0.0152209
0.0152198
0.0152187
0.0152176
0.0152165
0.0152154
0.0152143
0.0152133
0.0152122
0.0152111
0.01521
0.0152089
0.0152078
0.0152067
0.0152056
0.0152046
0.0152035
0.0152024
0.0152013
0.0152002
0.0151992
0.0151981
0.015197
0.015196
0.0151949
0.0151938
0.0151928
0.0151917
0.0151906
0.0151896
0.0151885
0.0151874
0.0151864
0.0151853
0.0151843
0.0151832
0.0151822
0.0151811
0.0151801
0.015179
0.015178
0.0151769
0.0151759
0.0151748
0.0151738
0.0151728
0.0151717
0.0151707
0.0151697
0.0151686
0.0151676
0.0151666
0.0151655
0.0151645
0.0151635
0.0151625
0.0151614
0.0151604
0.0151594
0.0151584
0.0151574
0.0151563
0.0151553
0.0151543
0.0151533
0.0151523
0.0151513
0.0151503
0.0151493
0.0151483
0.0151472
0.0151462
0.0151452
0.0151442
0.0151432
0.0151422
0.0151413
0.0151403
0.0151393
0.0151383
0.0151373
0.0151363
0.0151353
0.0151343
0.0151333
0.0151323
0.0151314
0.0151304
0.0151294
0.0151284
0.0151274
0.0151265
0.0151255
0.0151245
0.0151236
0.0151226
0.0151216
0.0151206
0.0151197
0.0151187
0.0151177
0.0151168
0.0151158
0.0151149
0.0151139
0.0151129
0.015112
0.015111
0.0151101
0.0151091
0.0151082
0.0151072
0.0151063
0.0151053
0.0151044
0.0151034
0.0151025
0.0151016
0.0151006
0.0150997
0.0150987
0.0150978
0.0150969
0.0150959
0.015095
0.0150941
0.0150931
0.0150922
0.0150913
0.0150904
0.0150894
0.0150885
0.0150876
0.0150867
0.0150857
0.0150848
0.0150839
0.015083
0.0150821
0.0150812
0.0150803
0.0150793
0.0150784
0.0150775
0.0150766
0.0150757
0.0150748
0.0150739
0.015073
0.0150721
0.0150712
0.0150703
0.0150694
0.0150685
0.0150676
0.0150667
0.0150658
0.0150649
0.015064
0.0150631
0.0150623
0.0150614
0.0150605
0.0150596
0.0150587
0.0150578
0.015057
0.0150561
0.0150552
0.0150543
0.0150534
0.0150526
0.0150517
0.0150508
0.01505
0.0150491
0.0150482
0.0150474
0.0150465
0.0150456
0.0150448
0.0150439
0.015043
0.0150422
0.0150413
0.0150405
0.0150396
0.0150387
0.0150379
0.015037
0.0150362
0.0150353
0.0150345
0.0150336
0.0150328
0.0150319
0.0150311
0.0150303
0.0150294
0.0150286
0.0150277
0.0150269
0.0150261
0.0150252
0.0150244
0.0150236
0.0150227
0.0150219
0.0150211
0.0150202
0.0150194
0.0150186
0.0150177
0.0150169
0.0150161
0.0150153
0.0150145
0.0150136
0.0150128
0.015012
0.0150112
0.0150104
0.0150096
0.0150087
0.0150079
0.0150071
0.0150063
0.0150055
0.0150047
0.0150039
0.0150031
0.0150023
0.0150015
0.0150007
0.0149999
0.0149991
0.0149983
0.0149975
0.0149967
0.0149959
0.0149951
0.0149943
0.0149935
0.0149927
0.0149919
0.0149911
0.0149903
0.0149896
0.0149888
0.014988
0.0149872
0.0149864
0.0149856
0.0149849
0.0149841
0.0149833
0.0149825
0.0149817
0.014981
0.0149802
0.0149794
0.0149787
0.0149779
0.0149771
0.0149763
0.0149756
0.0149748
0.014974
0.0149733
0.0149725
0.0149718
0.014971
0.0149702
0.0149695
0.0149687
0.014968
0.0149672
0.0149665
0.0149657
0.014965
0.0149642
0.0149635
0.0149627
0.014962
0.0149612
0.0149605
0.0149597
0.014959
0.0149582
0.0149575
0.0149567
0.014956
0.0149553
0.0149545
0.0149538
0.0149531
0.0149523
0.0149516
0.0149509
0.0149501
0.0149494
0.0149487
0.0149479
0.0149472
0.0149465
0.0149458
0.014945
0.0149443
0.0149436
0.0149429
0.0149422
0.0149414
0.0149407
0.01494
0.0149393
0.0149386
0.0149379
0.0149371
0.0149364
0.0149357
0.014935
0.0149343
0.0149336
0.0149329
0.0149322
0.0149315
0.0149308
0.0149301
0.0149294
0.0149287
0.014928
0.0149273
0.0149266
0.0149259
0.0149252
0.0149245
0.0149238
0.0149231
0.0149224
0.0149217
0.014921
0.0149203
0.0149197
0.014919
0.0149183
0.0149176
0.0149169
0.0149162
0.0149155
0.0149149
0.0149142
0.0149135
0.0149128
0.0149122
0.0149115
0.0149108
0.0149101
0.0149095
0.0149088
0.0149081
0.0149074
0.0149068
0.0149061
0.0149054
0.0149048
0.0149041
0.0149034
0.0149028
0.0149021
0.0149015
0.0149008
0.0149001
0.0148995
0.0148988
0.0148982
0.0148975
0.0148968
0.0148962
0.0148955
0.0148949
0.0148942
0.0148936
0.0148929
0.0148923
0.0148916
0.014891
0.0148903
0.0148897
0.0148891
0.0148884
0.0148878
0.0148871
0.0148865
0.0148859
0.0148852
0.0148846
0.0148839
0.0148833
0.0148827
0.014882
0.0148814
0.0148808
0.0148801
0.0148795
0.0148789
0.0148783
0.0148776
0.014877
0.0148764
0.0148757
0.0148751
0.0148745
0.0148739
0.0148733
0.0148726
0.014872
0.0148714
0.0148708
0.0148702
0.0148695
0.0148689
0.0148683
0.0148677
0.0148671
0.0148665
0.0148659
0.0148653
0.0148647
0.014864
0.0148634
0.0148628
0.0148622
0.0148616
0.014861
0.0148604
0.0148598
0.0148592
0.0148586
0.014858
0.0148574
0.0148568
0.0148562
0.0148556
0.014855
0.0148544
0.0148538
0.0148533
0.0148527
0.0148521
0.0148515
0.0148509
0.0148503
0.0148497
0.0148491
0.0148486
0.014848
0.0148474
0.0148468
0.0148462
0.0148456
0.0148451
0.0148445
0.0148439
0.0148433
0.0148427
0.0148422
0.0148416
0.014841
0.0148404
0.0148399
0.0148393
0.0148387
0.0148382
0.0148376
0.014837
0.0148365
0.0148359
0.0148353
0.0148348
0.0148342
0.0148336
0.0148331
0.0148325
0.0148319
0.0148314
0.0148308
0.0148303
0.0148297
0.0148292
0.0148286
0.014828
0.0148275
0.0148269
0.0148264
0.0148258
0.0148253
0.0148247
0.0148242
0.0148236
0.0148231
0.0148225
0.014822
0.0148214
0.0148209
0.0148204
0.0148198
0.0148193
0.0148187
0.0148182
0.0148177
0.0148171
0.0148166
0.014816
0.0148155
0.014815
0.0148144
0.0148139
0.0148134
0.0148128
0.0148123
0.0148118
0.0148112
0.0148107
0.0148102
0.0148096
0.0148091
0.0148086
0.0148081
0.0148075
0.014807
0.0148065
0.014806
0.0148055
0.0148049
0.0148044
0.0148039
0.0148034
0.0148029
0.0148023
0.0148018
0.0148013
0.0148008
0.0148003
0.0147998
0.0147993
0.0147987
0.0147982
0.0147977
0.0147972
0.0147967
0.0147962
0.0147957
0.0147952
0.0147947
0.0147942
0.0147937
0.0147932
0.0147927
0.0147922
0.0147917
0.0147912
0.0147907
0.0147902
0.0147897
0.0147892
0.0147887
0.0147882
0.0147877
0.0147872
0.0147867
0.0147862
0.0147857
0.0147852
0.0147847
0.0147842
0.0147837
0.0147832
0.0147828
0.0147823
0.0147818
0.0147813
0.0147808
0.0147803
0.0147798
0.0147794
0.0147789
0.0147784
0.0147779
0.0147774
0.014777
0.0147765
0.014776
0.0147755
0.0147751
0.0147746
0.0147741
0.0147736
0.0147732
0.0147727
0.0147722
0.0147717
0.0147713
0.0147708
0.0147703
0.0147699
0.0147694
0.0147689
0.0147685
0.014768
0.0147675
0.0147671
0.0147666
0.0147661
0.0147657
0.0147652
0.0147648
0.0147643
0.0147638
0.0147634
0.0147629
0.0147625
0.014762
0.0147616
0.0147611
0.0147606
0.0147602
0.0147597
0.0147593
0.0147588
0.0147584
0.0147579
0.0147575
0.014757
0.0147566
0.0147561
0.0147557
0.0147552
0.0147548
0.0147544
0.0147539
0.0147535
0.014753
0.0147526
0.0147521
0.0147517
0.0147513
0.0147508
0.0147504
0.0147499
0.0147495
0.0147491
0.0147486
0.0147482
0.0147478
0.0147473
0.0147469
0.0147465
0.014746
0.0147456
0.0147452
0.0147447
0.0147443
0.0147439
0.0147434
0.014743
0.0147426
0.0147422
0.0147417
0.0147413
0.0147409
0.0147405
0.01474
0.0147396
0.0147392
0.0147388
0.0147384
0.0147379
0.0147375
0.0147371
0.0147367
0.0147363
0.0147359
0.0147354
0.014735
0.0147346
0.0147342
0.0147338
0.0147334
0.014733
0.0147325
0.0147321
0.0147317
0.0147313
0.0147309
0.0147305
0.0147301
0.0147297
0.0147293
0.0147289
0.0147285
0.0147281
0.0147277
0.0147273
0.0147269
0.0147264
0.014726
0.0147256
0.0147252
0.0147248
0.0147244
0.0147241
0.0147237
0.0147233
0.0147229
0.0147225
0.0147221
0.0147217
0.0147213
0.0147209
0.0147205
0.0147201
0.0147197
0.0147193
0.0147189
0.0147185
0.0147182
0.0147178
0.0147174
0.014717
0.0147166
0.0147162
0.0147158
0.0147154
0.0147151
0.0147147
0.0147143
0.0147139
0.0147135
0.0147131
0.0147128
0.0147124
0.014712
0.0147116
0.0147113
0.0147109
0.0147105
0.0147101
0.0147097
0.0147094
0.014709
0.0147086
0.0147082
0.0147079
0.0147075
0.0147071
0.0147068
0.0147064
0.014706
0.0147057
0.0147053
0.0147049
0.0147045
0.0147042
0.0147038
0.0147034
0.0147031
0.0147027
0.0147024
0.014702
0.0147016
0.0147013
0.0147009
0.0147005
0.0147002
0.0146998
0.0146995
0.0146991
0.0146987
0.0146984
0.014698
0.0146977
0.0146973
0.014697
0.0146966
0.0146962
0.0146959
0.0146955
0.0146952
0.0146948
0.0146945
0.0146941
0.0146938
0.0146934
0.0146931
0.0146927
0.0146924
0.014692
0.0146917
0.0146913
0.014691
0.0146907
0.0146903
0.01469
0.0146896
0.0146893
0.0146889
0.0146886
0.0146882
0.0146879
0.0146876
0.0146872
0.0146869
0.0146865
0.0146862
0.0146859
0.0146855
0.0146852
0.0146849
0.0146845
0.0146842
0.0146839
0.0146835
0.0146832
0.0146829
0.0146825
0.0146822
0.0146819
0.0146815
0.0146812
0.0146809
0.0146805
0.0146802
0.0146799
0.0146796
0.0146792
0.0146789
0.0146786
0.0146782
0.0146779
0.0146776
0.0146773
0.014677
0.0146766
0.0146763
0.014676
0.0146757
0.0146753
0.014675
0.0146747
0.0146744
0.0146741
0.0146737
0.0146734
0.0146731
0.0146728
0.0146725
0.0146722
0.0146718
0.0146715
0.0146712
0.0146709
0.0146706
0.0146703
0.01467
0.0146697
0.0146693
0.014669
0.0146687
0.0146684
0.0146681
0.0146678
0.0146675
0.0146672
0.0146669
0.0146666
0.0146663
0.014666
0.0146657
0.0146653
0.014665
0.0146647
0.0146644
0.0146641
0.0146638
0.0146635
0.0146632
0.0146629
0.0146626
0.0146623
0.014662
0.0146617
0.0146614
0.0146611
0.0146608
0.0146605
0.0146602
0.0146599
0.0146597
0.0146594
0.0146591
0.0146588
0.0146585
0.0146582
0.0146579
0.0146576
0.0146573
0.014657
0.0146567
0.0146564
0.0146561
0.0146559
0.0146556
0.0146553
0.014655
0.0146547
0.0146544
0.0146541
0.0146539
0.0146536
0.0146533
0.014653
0.0146527
0.0146524
0.0146521
0.0146519
0.0146516
0.0146513
0.014651
0.0146507
0.0146505
0.0146502
0.0146499
0.0146496
0.0146493
0.0146491
0.0146488
0.0146485
0.0146482
0.014648
0.0146477
0.0146474
0.0146471
0.0146469
0.0146466
0.0146463
0.014646
0.0146458
0.0146455
0.0146452
0.014645
0.0146447
0.0146444
0.0146442
0.0146439
0.0146436
0.0146433
0.0146431
0.0146428
0.0146425
0.0146423
0.014642
0.0146418
0.0146415
0.0146412
0.014641
0.0146407
0.0146404
0.0146402
0.0146399
0.0146396
0.0146394
0.0146391
0.0146389
0.0146386
0.0146383
0.0146381
0.0146378
0.0146376
0.0146373
0.0146371
0.0146368
0.0146365
0.0146363
0.014636
0.0146358
0.0146355
0.0146353
0.014635
0.0146348
0.0146345
0.0146343
0.014634
0.0146337
0.0146335
0.0146332
0.014633
0.0146327
0.0146325
0.0146322
0.014632
0.0146318
0.0146315
0.0146313
0.014631
0.0146308
0.0146305
0.0146303
0.01463
0.0146298
0.0146295
0.0146293
0.0146291
0.0146288
0.0146286
0.0146283
0.0146281
0.0146278
0.0146276
0.0146274
0.0146271
0.0146269
0.0146266
0.0146264
0.0146262
0.0146259
0.0146257
0.0146254
0.0146252
0.014625
0.0146247
0.0146245
0.0146243
0.014624
0.0146238
0.0146236
0.0146233
0.0146231
0.0146229
0.0146226
0.0146224
0.0146222
0.0146219
0.0146217
0.0146215
0.0146213
0.014621
0.0146208
0.0146206
0.0146203
0.0146201
0.0146199
0.0146197
0.0146194
0.0146192
0.014619
0.0146187
0.0146185
0.0146183
0.0146181
0.0146179
0.0146176
0.0146174
0.0146172
0.014617
0.0146167
0.0146165
0.0146163
0.0146161
0.0146159
0.0146156
0.0146154
0.0146152
0.014615
0.0146148
0.0146145
0.0146143
0.0146141
0.0146139
0.0146137
0.0146135
0.0146132
0.014613
0.0146128
0.0146126
0.0146124
0.0146122
0.014612
0.0146117
0.0146115
0.0146113
0.0146111
0.0146109
0.0146107
0.0146105
0.0146103
0.0146101
0.0146098
0.0146096
0.0146094
0.0146092
0.014609
0.0146088
0.0146086
0.0146084
0.0146082
0.014608
0.0146078
0.0146076
0.0146074
0.0146072
0.014607
0.0146067
0.0146065
0.0146063
0.0146061
0.0146059
0.0146057
0.0146055
0.0146053
0.0146051
0.0146049
0.0146047
0.0146045
0.0146043
0.0146041
0.0146039
0.0146037
0.0146035
0.0146033
0.0146031
0.0146029
0.0146027
0.0146026
0.0146024
0.0146022
0.014602
0.0146018
0.0146016
0.0146014
0.0146012
0.014601
0.0146008
0.0146006
0.0146004
0.0146002
0.0146
0.0145998
0.0145997
0.0145995
0.0145993
0.0145991
0.0145989
0.0145987
0.0145985
0.0145983
0.0145981
0.0145979
0.0145978
0.0145976
0.0145974
0.0145972
0.014597
0.0145968
0.0145966
0.0145965
0.0145963
0.0145961
0.0145959
0.0145957
0.0145955
0.0145954
0.0145952
0.014595
0.0145948
0.0145946
0.0145944
0.0145943
0.0145941
0.0145939
0.0145937
0.0145935
0.0145934
0.0145932
0.014593
0.0145928
0.0145927
0.0145925
0.0145923
0.0145921
0.0145919
0.0145918
0.0145916
0.0145914
0.0145912
0.0145911
0.0145909
0.0145907
0.0145905
0.0145904
0.0145902
0.01459
0.0145899
0.0145897
0.0145895
0.0145893
0.0145892
0.014589
0.0145888
0.0145887
0.0145885
0.0145883
0.0145882
0.014588
0.0145878
0.0145876
0.0145875
0.0145873
0.0145871
0.014587
0.0145868
0.0145866
0.0145865
0.0145863
0.0145861
0.014586
0.0145858
0.0145857
0.0145855
0.0145853
0.0145852
0.014585
0.0145848
0.0145847
0.0145845
0.0145843
0.0145842
0.014584
0.0145839
0.0145837
0.0145835
0.0145834
0.0145832
0.0145831
0.0145829
0.0145827
0.0145826
0.0145824
0.0145823
0.0145821
0.014582
0.0145818
0.0145816
0.0145815
0.0145813
0.0145812
0.014581
0.0145809
0.0145807
0.0145806
0.0145804
0.0145803
0.0145801
0.0145799
0.0145798
0.0145796
0.0145795
0.0145793
0.0145792
0.014579
0.0145789
0.0145787
0.0145786
0.0145784
0.0145783
0.0145781
0.014578
0.0145778
0.0145777
0.0145775
0.0145774
0.0145772
0.0145771
0.0145769
0.0145768
0.0145767
0.0145765
0.0145764
0.0145762
0.0145761
0.0145759
0.0145758
0.0145756
0.0145755
0.0145753
0.0145752
0.0145751
0.0145749
0.0145748
0.0145746
0.0145745
0.0145744
0.0145742
0.0145741
0.0145739
0.0145738
0.0145736
0.0145735
0.0145734
0.0145732
0.0145731
0.0145729
0.0145728
0.0145727
0.0145725
0.0145724
0.0145723
0.0145721
0.014572
0.0145718
0.0145717
0.0145716
0.0145714
0.0145713
0.0145712
0.014571
0.0145709
0.0145708
0.0145706
0.0145705
0.0145704
0.0145702
0.0145701
0.01457
0.0145698
0.0145697
0.0145696
0.0145694
0.0145693
0.0145692
0.014569
0.0145689
0.0145688
0.0145687
0.0145685
0.0145684
0.0145683
0.0145681
0.014568
0.0145679
0.0145677
0.0145676
0.0145675
0.0145674
0.0145672
0.0145671
0.014567
0.0145669
0.0145667
0.0145666
0.0145665
0.0145664
0.0145662
0.0145661
0.014566
0.0145659
0.0145657
0.0145656
0.0145655
0.0145654
0.0145652
0.0145651
0.014565
0.0145649
0.0145648
0.0145646
0.0145645
0.0145644
0.0145643
0.0145642
0.014564
0.0145639
0.0145638
0.0145637
0.0145636
0.0145634
0.0145633
0.0145632
0.0145631
0.014563
0.0145628
0.0145627
0.0145626
0.0145625
0.0145624
0.0145623
0.0145621
0.014562
0.0145619
0.0145618
0.0145617
0.0145616
0.0145615
0.0145613
0.0145612
0.0145611
0.014561
0.0145609
0.0145608
0.0145607
0.0145606
0.0145604
0.0145603
0.0145602
0.0145601
0.01456
0.0145599
0.0145598
0.0145597
0.0145596
0.0145594
0.0145593
0.0145592
0.0145591
0.014559
0.0145589
0.0145588
0.0145587
0.0145586
0.0145585
0.0145584
0.0145582
0.0145581
0.014558
0.0145579
0.0145578
0.0145577
0.0145576
0.0145575
0.0145574
0.0145573
0.0145572
0.0145571
0.014557
0.0145569
0.0145568
0.0145567
0.0145566
0.0145565
0.0145564
0.0145563
0.0145562
0.0145561
0.014556
0.0145559
0.0145557
0.0145556
0.0145555
0.0145554
0.0145553
0.0145552
0.0145551
0.014555
0.0145549
0.0145548
0.0145547
0.0145546
0.0145546
0.0145545
0.0145544
0.0145543
0.0145542
0.0145541
0.014554
0.0145539
0.0145538
0.0145537
0.0145536
0.0145535
0.0145534
0.0145533
0.0145532
0.0145531
0.014553
0.0145529
0.0145528
0.0145527
0.0145526
0.0145525
0.0145524
0.0145523
0.0145523
0.0145522
0.0145521
0.014552
0.0145519
0.0145518
0.0145517
0.0145516
0.0145515
0.0145514
0.0145513
0.0145512
0.0145512
0.0145511
0.014551
0.0145509
0.0145508
0.0145507
0.0145506
0.0145505
0.0145504
0.0145504
0.0145503
0.0145502
0.0145501
0.01455
0.0145499
0.0145498
0.0145497
0.0145497
0.0145496
0.0145495
0.0145494
0.0145493
0.0145492
0.0145491
0.0145491
0.014549
0.0145489
0.0145488
0.0145487
0.0145486
0.0145485
0.0145485
0.0145484
0.0145483
0.0145482
0.0145481
0.014548
0.014548
0.0145479
0.0145478
0.0145477
0.0145476
0.0145476
0.0145475
0.0145474
0.0145473
0.0145472
0.0145472
0.0145471
0.014547
0.0145469
0.0145468
0.0145468
0.0145467
0.0145466
0.0145465
0.0145464
0.0145464
0.0145463
0.0145462
0.0145461
0.014546
0.014546
0.0145459
0.0145458
0.0145457
0.0145457
0.0145456
0.0145455
0.0145454
0.0145454
0.0145453
0.0145452
0.0145451
0.0145451
0.014545
0.0145449
0.0145448
0.0145448
0.0145447
0.0145446
0.0145445
0.0145445
0.0145444
0.0145443
0.0145443
0.0145442
0.0145441
0.014544
0.014544
0.0145439
0.0145438
0.0145438
0.0145437
0.0145436
0.0145435
0.0145435
0.0145434
0.0145433
0.0145433
0.0145432
0.0145431
0.014543
0.014543
0.0145429
0.0145428
0.0145428
0.0145427
0.0145426
0.0145426
0.0145425
0.0145424
0.0145424
0.0145423
0.0145422
0.0145422
0.0145421
0.014542
0.014542
0.0145419
0.0145418
0.0145418
0.0145417
0.0145416
0.0145416
0.0145415
0.0145414
0.0145414
0.0145413
0.0145413
0.0145412
0.0145411
0.0145411
0.014541
0.0145409
0.0145409
0.0145408
0.0145407
0.0145407
0.0145406
0.0145406
0.0145405
0.0145404
0.0145404
0.0145403
0.0145403
0.0145402
0.0145401
0.0145401
0.01454
0.01454
0.0145399
0.0145398
0.0145398
0.0145397
0.0145397
0.0145396
0.0145395
0.0145395
0.0145394
0.0145394
0.0145393
0.0145392
0.0145392
0.0145391
0.0145391
0.014539
0.014539
0.0145389
0.0145388
0.0145388
0.0145387
0.0145387
0.0145386
0.0145386
0.0145385
0.0145384
0.0145384
0.0145383
0.0145383
0.0145382
0.0145382
0.0145381
0.0145381
0.014538
0.014538
0.0145379
0.0145378
0.0145378
0.0145377
0.0145377
0.0145376
0.0145376
0.0145375
0.0145375
0.0145374
0.0145374
0.0145373
0.0145373
0.0145372
0.0145372
0.0145371
0.0145371
0.014537
0.014537
0.0145369
0.0145369
0.0145368
0.0145368
0.0145367
0.0145367
0.0145366
0.0145366
0.0145365
0.0145365
0.0145364
0.0145364
0.0145363
0.0145363
0.0145362
0.0145362
0.0145361
0.0145361
0.014536
0.014536
0.0145359
0.0145359
0.0145358
0.0145358
0.0145358
0.0145357
0.0145357
0.0145356
0.0145356
0.0145355
0.0145355
0.0145354
0.0145354
0.0145353
0.0145353
0.0145352
0.0145352
0.0145352
0.0145351
0.0145351
0.014535
0.014535
0.0145349
0.0145349
0.0145349
0.0145348
0.0145348
0.0145347
0.0145347
0.0145346
0.0145346
0.0145346
0.0145345
0.0145345
0.0145344
0.0145344
0.0145343
0.0145343
0.0145343
0.0145342
0.0145342
0.0145341
0.0145341
0.0145341
0.014534
0.014534
0.0145339
0.0145339
0.0145339
0.0145338
0.0145338
0.0145337
0.0145337
0.0145337
0.0145336
0.0145336
0.0145336
0.0145335
0.0145335
0.0145334
0.0145334
0.0145334
0.0145333
0.0145333
0.0145332
0.0145332
0.0145332
0.0145331
0.0145331
0.0145331
0.014533
0.014533
0.014533
0.0145329
0.0145329
0.0145329
0.0145328
0.0145328
0.0145327
0.0145327
0.0145327
0.0145326
0.0145326
0.0145326
0.0145325
0.0145325
0.0145325
0.0145324
0.0145324
0.0145324
0.0145323
0.0145323
0.0145323
0.0145322
0.0145322
0.0145322
0.0145321
0.0145321
0.0145321
0.014532
0.014532
0.014532
0.0145319
0.0145319
0.0145319
0.0145319
0.0145318
0.0145318
0.0145318
0.0145317
0.0145317
0.0145317
0.0145316
0.0145316
0.0145316
0.0145316
0.0145315
0.0145315
0.0145315
0.0145314
0.0145314
0.0145314
0.0145313
0.0145313
0.0145313
0.0145313
0.0145312
0.0145312
0.0145312
0.0145312
0.0145311
0.0145311
0.0145311
0.014531
0.014531
0.014531
0.014531
0.0145309
0.0145309
0.0145309
0.0145309
0.0145308
0.0145308
0.0145308
0.0145308
0.0145307
0.0145307
0.0145307
0.0145307
0.0145306
0.0145306
0.0145306
0.0145306
0.0145305
0.0145305
0.0145305
0.0145305
0.0145304
0.0145304
0.0145304
0.0145304
0.0145303
0.0145303
0.0145303
0.0145303
0.0145302
0.0145302
0.0145302
0.0145302
0.0145302
0.0145301
0.0145301
0.0145301
0.0145301
0.01453
0.01453
0.01453
0.01453
0.01453
0.0145299
0.0145299
0.0145299
0.0145299
0.0145299
0.0145298
0.0145298
0.0145298
0.0145298
0.0145298
0.0145297
0.0145297
0.0145297
0.0145297
0.0145297
0.0145296
0.0145296
0.0145296
0.0145296
0.0145296
0.0145295
0.0145295
0.0145295
0.0145295
0.0145295
0.0145295
0.0145294
0.0145294
0.0145294
0.0145294
0.0145294
0.0145293
0.0145293
0.0145293
0.0145293
0.0145293
0.0145293
0.0145292
0.0145292
0.0145292
0.0145292
0.0145292
0.0145292
0.0145292
0.0145291
0.0145291
0.0145291
0.0145291
0.0145291
0.0145291
0.014529
0.014529
0.014529
0.014529
0.014529
0.014529
0.014529
0.0145289
0.0145289
0.0145289
0.0145289
0.0145289
0.0145289
0.0145289
0.0145289
0.0145288
0.0145288
0.0145288
0.0145288
0.0145288
0.0145288
0.0145288
0.0145287
0.0145287
0.0145287
0.0145287
0.0145287
0.0145287
0.0145287
0.0145287
0.0145287
0.0145286
0.0145286
0.0145286
0.0145286
0.0145286
0.0145286
0.0145286
0.0145286
0.0145286
0.0145285
0.0145285
0.0145285
0.0145285
0.0145285
0.0145285
0.0145285
0.0145285
0.0145285
0.0145285
0.0145285
0.0145284
0.0145284
0.0145284
0.0145284
0.0145284
0.0145284
0.0145284
0.0145284
0.0145284
0.0145284
0.0145284
0.0145284
0.0145283
0.0145283
0.0145283
0.0145283
0.0145283
0.0145283
0.0145283
0.0145283
0.0145283
0.0145283
0.0145283
0.0145283
0.0145283
0.0145283
0.0145283
0.0145282
0.0145282
0.0145282
0.0145282
0.0145282
0.0145282
0.0145282
0.0145282
0.0145282
0.0145282
0.0145282
0.0145282
0.0145282
0.0145282
0.0145282
0.0145282
0.0145282
0.0145282
0.0145282
0.0145282
0.0145282
0.0145281
0.0145281
0.0145281
0.0145281
0.0145281
0.0145281
0.0145281
0.0145281
0.0145281
0.0145281
0.0145281
0.0145281
0.0145281
0.0145281
0.0145281
0.0145281
0.0145281
0.0145281
0.0145281
0.0145281
0.0145281
0.0145281
0.0145281
0.0145281
0.0145281
0.0145281
0.0145281
0.0145281
0.0145281
0.0145281
0.0145281
0.0145281
0.0145281
0.0145281
0.0145281
0.0145281
0.0145281
0.0145281
0.0145281
0.0145281
0.0145281
0.0145281
0.0145281
0.0145281
0.0145281
0.0145281
0.0145281
0.0145281
0.0145281
0.0145281
0.0145281
0.0145281
0.0145281
0.0145281
0.0145281
0.0145281
0.0145281
0.0145281
0.0145281
0.0145281
0.0145281
0.0145281
0.0145281
0.0145281
0.0145281
0.0145281
0.0145281
0.0145281
0.0145281
0.0145281
0.0145281
0.0145281
0.0145281
0.0145282
0.0145282
0.0145282
0.0145282
0.0145282
0.0145282
0.0145282
0.0145282
0.0145282
0.0145282
0.0145282
0.0145282
0.0145282
0.0145282
0.0145282
0.0145282
0.0145282
0.0145282
0.0145282
0.0145282
0.0145282
0.0145282
0.0145283
0.0145283
0.0145283
0.0145283
0.0145283
0.0145283
0.0145283
0.0145283
0.0145283
0.0145283
0.0145283
0.0145283
0.0145283
0.0145283
0.0145283
0.0145284
0.0145284
0.0145284
0.0145284
0.0145284
0.0145284
0.0145284
0.0145284
0.0145284
0.0145284
0.0145284
0.0145284
0.0145284
0.0145285
0.0145285
0.0145285
0.0145285
0.0145285
0.0145285
0.0145285
0.0145285
0.0145285
0.0145285
0.0145285
0.0145285
0.0145286
0.0145286
0.0145286
0.0145286
0.0145286
0.0145286
0.0145286
0.0145286
0.0145286
0.0145286
0.0145287
0.0145287
0.0145287
0.0145287
0.0145287
0.0145287
0.0145287
0.0145287
0.0145287
0.0145287
0.0145288
0.0145288
0.0145288
0.0145288
0.0145288
0.0145288
0.0145288
0.0145288
0.0145288
0.0145289
0.0145289
0.0145289
0.0145289
0.0145289
0.0145289
0.0145289
0.0145289
0.014529
0.014529
0.014529
0.014529
0.014529
0.014529
0.014529
0.014529
0.0145291
0.0145291
0.0145291
0.0145291
0.0145291
0.0145291
0.0145291
0.0145292
0.0145292
0.0145292
0.0145292
0.0145292
0.0145292
0.0145292
0.0145292
0.0145293
0.0145293
0.0145293
0.0145293
0.0145293
0.0145293
0.0145293
0.0145294
0.0145294
0.0145294
0.0145294
0.0145294
0.0145294
0.0145295
0.0145295
0.0145295
0.0145295
0.0145295
0.0145295
0.0145295
0.0145296
0.0145296
0.0145296
0.0145296
0.0145296
0.0145296
0.0145297
0.0145297
0.0145297
0.0145297
0.0145297
0.0145297
0.0145298
0.0145298
0.0145298
0.0145298
0.0145298
0.0145298
0.0145299
0.0145299
0.0145299
0.0145299
0.0145299
0.0145299
0.01453
0.01453
0.01453
0.01453
0.01453
0.0145301
0.0145301
0.0145301
0.0145301
0.0145301
0.0145301
0.0145302
0.0145302
0.0145302
0.0145302
0.0145302
0.0145303
0.0145303
0.0145303
0.0145303
0.0145303
0.0145304
0.0145304
0.0145304
0.0145304
0.0145304
0.0145304
0.0145305
0.0145305
0.0145305
0.0145305
0.0145305
0.0145306
0.0145306
0.0145306
0.0145306
0.0145306
0.0145307
0.0145307
0.0145307
0.0145307
0.0145308
0.0145308
0.0145308
0.0145308
0.0145308
0.0145309
0.0145309
0.0145309
0.0145309
0.0145309
0.014531
0.014531
0.014531
0.014531
0.014531
0.0145311
0.0145311
0.0145311
0.0145311
0.0145312
0.0145312
0.0145312
0.0145312
0.0145312
0.0145313
0.0145313
0.0145313
0.0145313
0.0145314
0.0145314
0.0145314
0.0145314
0.0145314
0.0145315
0.0145315
0.0145315
0.0145315
0.0145316
0.0145316
0.0145316
0.0145316
0.0145317
0.0145317
0.0145317
0.0145317
0.0145317
0.0145318
0.0145318
0.0145318
0.0145318
0.0145319
0.0145319
0.0145319
0.0145319
0.014532
0.014532
0.014532
0.014532
0.0145321
0.0145321
0.0145321
0.0145321
0.0145322
0.0145322
0.0145322
0.0145322
0.0145323
0.0145323
0.0145323
0.0145323
0.0145324
0.0145324
0.0145324
0.0145324
0.0145325
0.0145325
0.0145325
0.0145325
0.0145326
0.0145326
0.0145326
0.0145326
0.0145327
0.0145327
0.0145327
0.0145327
0.0145328
0.0145328
0.0145328
0.0145329
0.0145329
0.0145329
0.0145329
0.014533
0.014533
0.014533
0.014533
0.0145331
0.0145331
0.0145331
0.0145331
0.0145332
0.0145332
0.0145332
0.0145333
0.0145333
0.0145333
0.0145333
0.0145334
0.0145334
0.0145334
0.0145334
0.0145335
0.0145335
0.0145335
0.0145336
0.0145336
0.0145336
0.0145336
0.0145337
0.0145337
0.0145337
0.0145338
0.0145338
0.0145338
0.0145338
0.0145339
0.0145339
0.0145339
0.014534
0.014534
0.014534
0.014534
0.0145341
0.0145341
0.0145341
0.0145342
0.0145342
0.0145342
0.0145343
0.0145343
0.0145343
0.0145343
0.0145344
0.0145344
0.0145344
0.0145345
0.0145345
0.0145345
0.0145345
0.0145346
0.0145346
0.0145346
0.0145347
0.0145347
0.0145347
0.0145348
0.0145348
0.0145348
0.0145349
0.0145349
0.0145349
0.0145349
0.014535
0.014535
0.014535
0.0145351
0.0145351
0.0145351
0.0145352
0.0145352
0.0145352
0.0145353
0.0145353
0.0145353
0.0145353
0.0145354
0.0145354
0.0145354
0.0145355
0.0145355
0.0145355
0.0145356
0.0145356
0.0145356
0.0145357
0.0145357
0.0145357
0.0145358
0.0145358
0.0145358
0.0145359
0.0145359
0.0145359
0.014536
0.014536
0.014536
0.0145361
0.0145361
0.0145361
0.0145362
0.0145362
0.0145362
0.0145362
0.0145363
0.0145363
0.0145363
0.0145364
0.0145364
0.0145364
0.0145365
0.0145365
0.0145365
0.0145366
0.0145366
0.0145366
0.0145367
0.0145367
0.0145367
0.0145368
0.0145368
0.0145369
0.0145369
0.0145369
0.014537
0.014537
0.014537
0.0145371
0.0145371
0.0145371
0.0145372
0.0145372
0.0145372
0.0145373
0.0145373
0.0145373
0.0145374
0.0145374
0.0145374
0.0145375
0.0145375
0.0145375
0.0145376
0.0145376
0.0145376
0.0145377
0.0145377
0.0145377
0.0145378
0.0145378
0.0145379
0.0145379
0.0145379
0.014538
0.014538
0.014538
0.0145381
0.0145381
0.0145381
0.0145382
0.0145382
0.0145382
0.0145383
0.0145383
0.0145384
0.0145384
0.0145384
0.0145385
0.0145385
0.0145385
0.0145386
0.0145386
0.0145386
0.0145387
0.0145387
0.0145388
0.0145388
0.0145388
0.0145389
0.0145389
0.0145389
0.014539
0.014539
0.014539
0.0145391
0.0145391
0.0145392
0.0145392
0.0145392
0.0145393
0.0145393
0.0145393
0.0145394
0.0145394
0.0145395
0.0145395
0.0145395
0.0145396
0.0145396
0.0145396
0.0145397
0.0145397
0.0145398
0.0145398
0.0145398
0.0145399
0.0145399
0.0145399
0.01454
0.01454
0.0145401
0.0145401
0.0145401
0.0145402
0.0145402
0.0145402
0.0145403
0.0145403
0.0145404
0.0145404
0.0145404
0.0145405
0.0145405
0.0145406
0.0145406
0.0145406
0.0145407
0.0145407
0.0145407
0.0145408
0.0145408
0.0145409
0.0145409
0.0145409
0.014541
0.014541
0.0145411
0.0145411
0.0145411
0.0145412
0.0145412
0.0145413
0.0145413
0.0145413
0.0145414
0.0145414
0.0145415
0.0145415
0.0145415
0.0145416
0.0145416
0.0145417
0.0145417
0.0145417
0.0145418
0.0145418
0.0145419
0.0145419
0.0145419
0.014542
0.014542
0.0145421
0.0145421
0.0145421
0.0145422
0.0145422
0.0145423
0.0145423
0.0145423
0.0145424
0.0145424
0.0145425
0.0145425
0.0145425
0.0145426
0.0145426
0.0145427
0.0145427
0.0145427
0.0145428
0.0145428
0.0145429
0.0145429
0.0145429
0.014543
0.014543
0.0145431
0.0145431
0.0145432
0.0145432
0.0145432
0.0145433
0.0145433
0.0145434
0.0145434
0.0145434
0.0145435
0.0145435
0.0145436
0.0145436
0.0145437
0.0145437
0.0145437
0.0145438
0.0145438
0.0145439
0.0145439
0.0145439
0.014544
0.014544
0.0145441
0.0145441
0.0145442
0.0145442
0.0145442
0.0145443
0.0145443
0.0145444
0.0145444
0.0145444
0.0145445
0.0145445
0.0145446
0.0145446
0.0145447
0.0145447
0.0145447
0.0145448
0.0145448
0.0145449
0.0145449
0.014545
0.014545
0.014545
0.0145451
0.0145451
0.0145452
0.0145452
0.0145453
0.0145453
0.0145453
0.0145454
0.0145454
0.0145455
0.0145455
0.0145456
0.0145456
0.0145457
0.0145457
0.0145457
0.0145458
0.0145458
0.0145459
0.0145459
0.014546
0.014546
0.014546
0.0145461
0.0145461
0.0145462
0.0145462
0.0145463
0.0145463
0.0145464
0.0145464
0.0145464
0.0145465
0.0145465
0.0145466
0.0145466
0.0145467
0.0145467
0.0145468
0.0145468
0.0145468
0.0145469
0.0145469
0.014547
0.014547
0.0145471
0.0145471
0.0145472
0.0145472
0.0145472
0.0145473
0.0145473
0.0145474
0.0145474
0.0145475
0.0145475
0.0145476
0.0145476
0.0145476
0.0145477
0.0145477
0.0145478
0.0145478
0.0145479
0.0145479
0.014548
0.014548
0.014548
0.0145481
0.0145481
0.0145482
0.0145482
0.0145483
0.0145483
0.0145484
0.0145484
0.0145485
0.0145485
0.0145485
0.0145486
0.0145486
0.0145487
0.0145487
0.0145488
0.0145488
0.0145489
0.0145489
0.014549
0.014549
0.0145491
0.0145491
0.0145491
0.0145492
0.0145492
0.0145493
0.0145493
0.0145494
0.0145494
0.0145495
0.0145495
0.0145496
0.0145496
0.0145497
0.0145497
0.0145497
0.0145498
0.0145498
0.0145499
0.0145499
0.01455
0.01455
0.0145501
0.0145501
0.0145502
0.0145502
0.0145503
0.0145503
0.0145504
0.0145504
0.0145504
0.0145505
0.0145505
0.0145506
0.0145506
0.0145507
0.0145507
0.0145508
0.0145508
0.0145509
0.0145509
0.014551
0.014551
0.0145511
0.0145511
0.0145512
0.0145512
0.0145512
0.0145513
0.0145513
0.0145514
0.0145514
0.0145515
0.0145515
0.0145516
0.0145516
0.0145517
0.0145517
0.0145518
0.0145518
0.0145519
0.0145519
0.014552
0.014552
0.0145521
0.0145521
0.0145522
0.0145522
0.0145522
0.0145523
0.0145523
0.0145524
0.0145524
0.0145525
0.0145525
0.0145526
0.0145526
0.0145527
0.0145527
0.0145528
0.0145528
0.0145529
0.0145529
0.014553
0.014553
0.0145531
0.0145531
0.0145532
0.0145532
0.0145533
0.0145533
0.0145534
0.0145534
0.0145535
0.0145535
0.0145536
0.0145536
0.0145537
0.0145537
0.0145537
0.0145538
0.0145538
0.0145539
0.0145539
0.014554
0.014554
0.0145541
0.0145541
0.0145542
0.0145542
0.0145543
0.0145543
0.0145544
0.0145544
0.0145545
0.0145545
0.0145546
0.0145546
0.0145547
0.0145547
0.0145548
0.0145548
0.0145549
0.0145549
0.014555
0.014555
0.0145551
0.0145551
0.0145552
0.0145552
0.0145553
0.0145553
0.0145554
0.0145554
0.0145555
0.0145555
0.0145556
0.0145556
0.0145557
0.0145557
0.0145558
0.0145558
0.0145559
0.0145559
0.014556
0.014556
0.0145561
0.0145561
0.0145562
0.0145562
0.0145563
0.0145563
0.0145564
0.0145564
0.0145565
0.0145565
0.0145566
0.0145566
0.0145567
0.0145567
0.0145568
0.0145568
0.0145569
0.0145569
0.014557
0.014557
0.0145571
0.0145571
0.0145572
0.0145572
0.0145573
0.0145573
0.0145574
0.0145574
0.0145575
0.0145575
0.0145576
0.0145576
0.0145577
0.0145577
0.0145578
0.0145578
0.0145579
0.0145579
0.014558
0.014558
0.0145581
0.0145581
0.0145582
0.0145582
0.0145583
0.0145583
0.0145584
0.0145584
0.0145585
0.0145585
0.0145586
0.0145586
0.0145587
0.0145588
0.0145588
0.0145589
0.0145589
0.014559
0.014559
0.0145591
0.0145591
0.0145592
0.0145592
0.0145593
0.0145593
0.0145594
0.0145594
0.0145595
0.0145595
0.0145596
0.0145596
0.0145597
0.0145597
0.0145598
0.0145598
0.0145599
0.0145599
0.01456
0.01456
0.0145601
0.0145601
0.0145602
0.0145602
0.0145603
0.0145603
0.0145604
0.0145605
0.0145605
0.0145606
0.0145606
0.0145607
0.0145607
0.0145608
0.0145608
0.0145609
0.0145609
0.014561
0.014561
0.0145611
0.0145611
0.0145612
0.0145612
0.0145613
0.0145613
0.0145614
0.0145614
0.0145615
0.0145615
0.0145616
0.0145616
0.0145617
0.0145618
0.0145618
0.0145619
0.0145619
0.014562
0.014562
0.0145621
0.0145621
0.0145622
0.0145622
0.0145623
0.0145623
0.0145624
0.0145624
0.0145625
0.0145625
0.0145626
0.0145626
0.0145627
0.0145628
0.0145628
0.0145629
0.0145629
0.014563
0.014563
0.0145631
0.0145631
0.0145632
0.0145632
0.0145633
0.0145633
0.0145634
0.0145634
0.0145635
0.0145635
0.0145636
0.0145637
0.0145637
0.0145638
0.0145638
0.0145639
0.0145639
0.014564
0.014564
0.0145641
0.0145641
0.0145642
0.0145642
0.0145643
0.0145643
0.0145644
0.0145644
0.0145645
0.0145646
0.0145646
0.0145647
0.0145647
0.0145648
0.0145648
0.0145649
0.0145649
0.014565
0.014565
0.0145651
0.0145651
0.0145652
0.0145653
0.0145653
0.0145654
0.0145654
0.0145655
0.0145655
0.0145656
0.0145656
0.0145657
0.0145657
0.0145658
0.0145658
0.0145659
0.0145659
0.014566
0.0145661
0.0145661
0.0145662
0.0145662
0.0145663
0.0145663
0.0145664
0.0145664
0.0145665
0.0145665
0.0145666
0.0145666
0.0145667
0.0145668
0.0145668
0.0145669
0.0145669
0.014567
0.014567
0.0145671
0.0145671
0.0145672
0.0145672
0.0145673
0.0145674
0.0145674
0.0145675
0.0145675
0.0145676
0.0145676
0.0145677
0.0145677
0.0145678
0.0145678
0.0145679
0.0145679
0.014568
0.0145681
0.0145681
0.0145682
0.0145682
0.0145683
0.0145683
0.0145684
0.0145684
0.0145685
0.0145685
0.0145686
0.0145687
0.0145687
0.0145688
0.0145688
0.0145689
0.0145689
0.014569
0.014569
0.0145691
0.0145691
0.0145692
0.0145693
0.0145693
0.0145694
0.0145694
0.0145695
0.0145695
0.0145696
0.0145696
0.0145697
0.0145698
0.0145698
0.0145699
0.0145699
0.01457
0.01457
0.0145701
0.0145701
0.0145702
0.0145702
0.0145703
0.0145704
0.0145704
0.0145705
0.0145705
0.0145706
0.0145706
0.0145707
0.0145707
0.0145708
0.0145709
0.0145709
0.014571
0.014571
0.0145711
0.0145711
0.0145712
0.0145712
0.0145713
0.0145713
0.0145714
0.0145715
0.0145715
0.0145716
0.0145716
0.0145717
0.0145717
0.0145718
0.0145718
0.0145719
0.014572
0.014572
0.0145721
0.0145721
0.0145722
0.0145722
0.0145723
0.0145723
0.0145724
0.0145725
0.0145725
0.0145726
0.0145726
0.0145727
0.0145727
0.0145728
0.0145728
0.0145729
0.014573
0.014573
0.0145731
0.0145731
0.0145732
0.0145732
0.0145733
0.0145733
0.0145734
0.0145735
0.0145735
0.0145736
0.0145736
0.0145737
0.0145737
0.0145738
0.0145738
0.0145739
0.014574
0.014574
0.0145741
0.0145741
0.0145742
0.0145742
0.0145743
0.0145744
0.0145744
0.0145745
0.0145745
0.0145746
0.0145746
0.0145747
0.0145747
0.0145748
0.0145749
0.0145749
0.014575
0.014575
0.0145751
0.0145751
0.0145752
0.0145752
0.0145753
0.0145754
0.0145754
0.0145755
0.0145755
0.0145756
0.0145756
0.0145757
0.0145758
0.0145758
0.0145759
0.0145759
0.014576
0.014576
0.0145761
0.0145761
0.0145762
0.0145763
0.0145763
0.0145764
0.0145764
0.0145765
0.0145765
0.0145766
0.0145767
0.0145767
0.0145768
0.0145768
0.0145769
0.0145769
0.014577
0.014577
0.0145771
0.0145772
0.0145772
0.0145773
0.0145773
0.0145774
0.0145774
0.0145775
0.0145776
0.0145776
0.0145777
0.0145777
0.0145778
0.0145778
0.0145779
0.014578
0.014578
0.0145781
0.0145781
0.0145782
0.0145782
0.0145783
0.0145784
0.0145784
0.0145785
0.0145785
0.0145786
0.0145786
0.0145787
0.0145787
0.0145788
0.0145789
0.0145789
0.014579
0.014579
0.0145791
0.0145791
0.0145792
0.0145793
0.0145793
0.0145794
0.0145794
0.0145795
0.0145795
0.0145796
0.0145797
0.0145797
0.0145798
0.0145798
0.0145799
0.0145799
0.01458
0.0145801
0.0145801
0.0145802
0.0145802
0.0145803
0.0145803
0.0145804
0.0145805
0.0145805
0.0145806
0.0145806
0.0145807
0.0145807
0.0145808
0.0145809
0.0145809
0.014581
0.014581
0.0145811
0.0145811
0.0145812
0.0145813
0.0145813
0.0145814
0.0145814
0.0145815
0.0145815
0.0145816
0.0145817
0.0145817
0.0145818
0.0145818
0.0145819
0.0145819
0.014582
0.0145821
0.0145821
0.0145822
0.0145822
0.0145823
0.0145823
0.0145824
0.0145825
0.0145825
0.0145826
0.0145826
0.0145827
0.0145827
0.0145828
0.0145829
0.0145829
0.014583
0.014583
0.0145831
0.0145831
0.0145832
0.0145833
0.0145833
0.0145834
0.0145834
0.0145835
0.0145835
0.0145836
0.0145837
0.0145837
0.0145838
0.0145838
0.0145839
0.014584
0.014584
0.0145841
0.0145841
0.0145842
0.0145842
0.0145843
0.0145844
0.0145844
0.0145845
0.0145845
0.0145846
0.0145846
0.0145847
0.0145848
0.0145848
0.0145849
0.0145849
0.014585
0.014585
0.0145851
0.0145852
0.0145852
0.0145853
0.0145853
0.0145854
0.0145855
0.0145855
0.0145856
0.0145856
0.0145857
0.0145857
0.0145858
0.0145859
0.0145859
0.014586
0.014586
0.0145861
0.0145861
0.0145862
0.0145863
0.0145863
0.0145864
0.0145864
0.0145865
0.0145865
0.0145866
0.0145867
0.0145867
0.0145868
0.0145868
0.0145869
0.014587
0.014587
0.0145871
0.0145871
0.0145872
0.0145872
0.0145873
0.0145874
0.0145874
0.0145875
0.0145875
0.0145876
0.0145877
0.0145877
0.0145878
0.0145878
0.0145879
0.0145879
0.014588
0.0145881
0.0145881
0.0145882
0.0145882
0.0145883
0.0145883
0.0145884
0.0145885
0.0145885
0.0145886
0.0145886
0.0145887
0.0145888
0.0145888
0.0145889
0.0145889
0.014589
0.014589
0.0145891
0.0145892
0.0145892
0.0145893
0.0145893
0.0145894
0.0145895
0.0145895
0.0145896
0.0145896
0.0145897
0.0145897
0.0145898
0.0145899
0.0145899
0.01459
0.01459
0.0145901
0.0145901
0.0145902
0.0145903
0.0145903
0.0145904
0.0145904
0.0145905
0.0145906
0.0145906
0.0145907
0.0145907
0.0145908
0.0145908
0.0145909
0.014591
0.014591
0.0145911
0.0145911
0.0145912
0.0145913
0.0145913
0.0145914
0.0145914
0.0145915
0.0145915
0.0145916
0.0145917
0.0145917
0.0145918
0.0145918
0.0145919
0.014592
0.014592
0.0145921
0.0145921
0.0145922
0.0145922
0.0145923
0.0145924
0.0145924
0.0145925
0.0145925
0.0145926
0.0145927
0.0145927
0.0145928
0.0145928
0.0145929
0.014593
0.014593
0.0145931
0.0145931
0.0145932
0.0145932
0.0145933
0.0145934
0.0145934
0.0145935
0.0145935
0.0145936
0.0145937
0.0145937
0.0145938
0.0145938
0.0145939
0.0145939
0.014594
0.0145941
0.0145941
0.0145942
0.0145942
0.0145943
0.0145944
0.0145944
0.0145945
0.0145945
0.0145946
0.0145946
0.0145947
0.0145948
0.0145948
0.0145949
0.0145949
0.014595
0.0145951
0.0145951
0.0145952
0.0145952
0.0145953
0.0145954
0.0145954
0.0145955
0.0145955
0.0145956
0.0145956
0.0145957
0.0145958
0.0145958
0.0145959
0.0145959
0.014596
0.0145961
0.0145961
0.0145962
0.0145962
0.0145963
0.0145963
0.0145964
0.0145965
0.0145965
0.0145966
0.0145966
0.0145967
0.0145968
0.0145968
0.0145969
0.0145969
0.014597
0.0145971
0.0145971
0.0145972
0.0145972
0.0145973
0.0145973
0.0145974
0.0145975
0.0145975
0.0145976
0.0145976
0.0145977
0.0145978
0.0145978
0.0145979
0.0145979
0.014598
0.0145981
0.0145981
0.0145982
0.0145982
0.0145983
0.0145983
0.0145984
0.0145985
0.0145985
0.0145986
0.0145986
0.0145987
0.0145988
0.0145988
0.0145989
0.0145989
0.014599
0.0145991
0.0145991
0.0145992
0.0145992
0.0145993
0.0145993
0.0145994
0.0145995
0.0145995
0.0145996
0.0145996
0.0145997
0.0145998
0.0145998
0.0145999
0.0145999
0.0146
0.0146001
0.0146001
0.0146002
0.0146002
0.0146003
0.0146003
0.0146004
0.0146005
0.0146005
0.0146006
0.0146006
0.0146007
0.0146008
0.0146008
0.0146009
0.0146009
0.014601
0.0146011
0.0146011
0.0146012
0.0146012
0.0146013
0.0146014
0.0146014
0.0146015
0.0146015
0.0146016
0.0146016
0.0146017
0.0146018
0.0146018
0.0146019
0.0146019
0.014602
0.0146021
0.0146021
0.0146022
0.0146022
0.0146023
0.0146024
0.0146024
0.0146025
0.0146025
0.0146026
0.0146026
0.0146027
0.0146028
0.0146028
0.0146029
0.0146029
0.014603
0.0146031
0.0146031
0.0146032
0.0146032
0.0146033
0.0146034
0.0146034
0.0146035
0.0146035
0.0146036
0.0146037
0.0146037
0.0146038
0.0146038
0.0146039
0.0146039
0.014604
0.0146041
0.0146041
0.0146042
0.0146042
0.0146043
0.0146044
0.0146044
0.0146045
0.0146045
0.0146046
0.0146047
0.0146047
0.0146048
0.0146048
0.0146049
0.0146049
0.014605
0.0146051
0.0146051
0.0146052
0.0146052
0.0146053
0.0146054
0.0146054
0.0146055
0.0146055
0.0146056
0.0146057
0.0146057
0.0146058
0.0146058
0.0146059
0.014606
0.014606
0.0146061
0.0146061
0.0146062
0.0146062
0.0146063
0.0146064
0.0146064
0.0146065
0.0146065
0.0146066
0.0146067
0.0146067
0.0146068
0.0146068
0.0146069
0.014607
0.014607
0.0146071
0.0146071
0.0146072
0.0146073
0.0146073
0.0146074
0.0146074
0.0146075
0.0146075
0.0146076
0.0146077
0.0146077
0.0146078
0.0146078
0.0146079
0.014608
0.014608
0.0146081
0.0146081
0.0146082
0.0146083
