0.5
0.495025
0.490099
0.485223
0.480395
0.475615
0.470882
0.466197
0.461558
0.456966
0.452419
0.447917
0.44346
0.439048
0.434679
0.430354
0.426072
0.421832
0.417635
0.41348
0.409365
0.405292
0.401259
0.397267
0.393314
0.3894
0.385526
0.38169
0.377892
0.374132
0.370409
0.366723
0.363075
0.359462
0.355885
0.352344
0.348838
0.345367
0.341931
0.338528
0.33516
0.331825
0.328523
0.325255
0.322018
0.318814
0.315642
0.312501
0.309392
0.306313
0.303265
0.300248
0.29726
0.294303
0.291374
0.288475
0.285605
0.282763
0.279949
0.277164
0.274406
0.271676
0.268972
0.266296
0.263646
0.261023
0.258426
0.255855
0.253309
0.250788
0.248293
0.245823
0.243377
0.240955
0.238558
0.236184
0.233834
0.231508
0.229205
0.226924
0.224666
0.222431
0.220218
0.218027
0.215858
0.213711
0.211585
0.20948
0.207397
0.205334
0.203291
0.201269
0.199268
0.197286
0.195324
0.193382
0.191459
0.189556
0.187671
0.185806
0.183959
0.182131
0.180321
0.17853
0.176757
0.175001
0.173264
0.171544
0.169841
0.168156
0.166488
0.164837
0.163203
0.161586
0.159986
0.158402
0.156835
0.155284
0.153749
0.15223
0.150728
0.149241
0.14777
0.146315
0.144875
0.143452
0.142043
0.14065
0.139273
0.137911
0.136564
0.135233
0.133916
0.132615
0.131329
0.130059
0.128803
0.127562
0.126337
0.125126
0.123931
0.122751
0.121586
0.120436
0.119301
0.118181
0.117077
0.115988
0.114914
0.113856
0.112812
0.111785
0.110773
0.109776
0.108796
0.107831
0.106881
0.105948
0.10503
0.104129
0.103243
0.102374
0.10152
0.100683
0.0998627
0.0990583
0.0982704
0.0974989
0.0967438
0.0960053
0.0952834
0.094578
0.0938892
0.093217
0.0925613
0.0919223
0.0912998
0.0906937
0.0901042
0.089531
0.0889742
0.0884337
0.0879093
0.0874009
0.0869085
0.0864319
0.085971
0.0855256
0.0850956
0.0846808
0.0842809
0.0838959
0.0835254
0.0831693
0.0828274
0.0824994
0.0821851
0.0818842
0.0815965
0.0813217
0.0810595
0.0808097
0.080572
0.0803461
0.0801317
0.0799285
0.0797363
0.0795547
0.0793835
0.0792224
0.0790711
0.0789293
0.0787966
0.0786729
0.0785578
0.0784511
0.0783525
0.0782617
0.0781784
0.0781024
0.0780335
0.0779713
0.0779156
0.0778662
0.0778228
0.0777852
0.0777532
0.0777265
0.077705
0.0776884
0.0776765
0.0776692
0.0776661
0.0776673
0.0776723
0.0776812
0.0776936
0.0777095
0.0777287
0.0777511
0.0777764
0.0778046
0.0778355
0.0778689
0.0779048
0.0779431
0.0779835
0.078026
0.0780705
0.0781169
0.0781651
0.0782149
0.0782664
0.0783193
0.0783737
0.0784293
0.0784863
0.0785444
0.0786036
0.0786638
0.078725
0.0787872
0.0788501
0.0789139
0.0789784
0.0790435
0.0791094
0.0791757
0.0792427
0.0793101
0.0793779
0.0794462
0.0795149
0.0795838
0.0796531
0.0797227
0.0797925
0.0798625
0.0799327
0.080003
0.0800735
0.0801441
0.0802148
0.0802855
0.0803562
0.080427
0.0804978
0.0805685
0.0806393
0.0807099
0.0807805
0.0808511
0.0809215
0.0809918
0.0810621
0.0811321
0.0812021
0.0812719
0.0813415
0.081411
0.0814803
0.0815494
0.0816183
0.081687
0.0817555
0.0818238
0.0818919
0.0819597
0.0820273
0.0820947
0.0821619
0.0822288
0.0822955
0.0823619
0.0824281
0.082494
0.0825596
0.082625
0.0826901
0.082755
0.0828196
0.082884
0.082948
0.0830118
0.0830753
0.0831386
0.0832016
0.0832643
0.0833267
0.0833889
0.0834507
0.0835123
0.0835737
0.0836347
0.0836955
0.083756
0.0838162
0.0838762
0.0839358
0.0839952
0.0840544
0.0841132
0.0841718
0.0842301
0.0842881
0.0843459
0.0844034
0.0844606
0.0845176
0.0845743
0.0846307
0.0846869
0.0847428
0.0847984
0.0848538
0.0849089
0.0849638
0.0850184
0.0850727
0.0851268
0.0851806
0.0852342
0.0852875
0.0853406
0.0853934
0.085446
0.0854983
0.0855504
0.0856023
0.0856539
0.0857052
0.0857563
0.0858072
0.0858578
0.0859082
0.0859584
0.0860083
0.086058
0.0861075
0.0861567
0.0862057
0.0862545
0.0863031
0.0863514
0.0863995
0.0864474
0.086495
0.0865425
0.0865897
0.0866367
0.0866835
0.0867301
0.0867764
0.0868226
0.0868685
0.0869142
0.0869597
0.087005
0.0870501
0.087095
0.0871397
0.0871842
0.0872285
0.0872726
0.0873165
0.0873602
0.0874037
0.087447
0.0874901
0.087533
0.0875757
0.0876182
0.0876605
0.0877027
0.0877446
0.0877864
0.087828
0.0878694
0.0879106
0.0879516
0.0879924
0.0880331
0.0880736
0.0881139
0.088154
0.0881939
0.0882337
0.0882733
0.0883127
0.088352
0.088391
0.0884299
0.0884687
0.0885072
0.0885456
0.0885838
0.0886219
0.0886598
0.0886975
0.088735
0.0887724
0.0888097
0.0888467
0.0888836
0.0889204
0.088957
0.0889934
0.0890297
0.0890658
0.0891017
0.0891375
0.0891732
0.0892087
0.089244
0.0892792
0.0893142
0.0893491
0.0893838
0.0894184
0.0894528
0.0894871
0.0895212
0.0895552
0.0895891
0.0896227
0.0896563
0.0896897
0.089723
0.0897561
0.0897891
0.0898219
0.0898546
0.0898871
0.0899195
0.0899518
0.089984
0.0900159
0.0900478
0.0900795
0.0901111
0.0901426
0.0901739
0.0902051
0.0902361
0.090267
0.0902978
0.0903285
0.090359
0.0903894
0.0904196
0.0904498
0.0904798
0.0905096
0.0905394
0.090569
0.0905985
0.0906278
0.0906571
0.0906862
0.0907152
0.090744
0.0907728
0.0908014
0.0908299
0.0908582
0.0908865
0.0909146
0.0909426
0.0909705
0.0909982
0.0910259
0.0910534
0.0910808
0.0911081
0.0911352
0.0911623
0.0911892
0.091216
0.0912427
0.0912693
0.0912958
0.0913221
0.0913484
0.0913745
0.0914005
0.0914264
0.0914522
0.0914779
0.0915034
0.0915289
0.0915542
0.0915794
0.0916046
0.0916296
0.0916545
0.0916792
0.0917039
0.0917285
0.091753
0.0917773
0.0918016
0.0918257
0.0918497
0.0918737
0.0918975
0.0919212
0.0919448
0.0919683
0.0919917
0.092015
0.0920382
0.0920613
0.0920843
0.0921071
0.0921299
0.0921526
0.0921752
0.0921977
0.09222
0.0922423
0.0922645
0.0922865
0.0923085
0.0923304
0.0923522
0.0923738
0.0923954
0.0924169
0.0924383
0.0924595
0.0924807
0.0925018
0.0925228
0.0925437
0.0925645
0.0925852
0.0926058
0.0926263
0.0926467
0.092667
0.0926872
0.0927074
0.0927274
0.0927473
0.0927672
0.0927869
0.0928066
0.0928262
0.0928456
0.092865
0.0928843
0.0929035
0.0929226
0.0929416
0.0929606
0.0929794
0.0929981
0.0930168
0.0930353
0.0930538
0.0930722
0.0930905
0.0931087
0.0931268
0.0931448
0.0931628
0.0931806
0.0931984
0.0932161
0.0932336
0.0932511
0.0932686
0.0932859
0.0933031
0.0933203
0.0933373
0.0933543
0.0933712
0.093388
0.0934048
0.0934214
0.0934379
0.0934544
0.0934708
0.0934871
0.0935033
0.0935195
0.0935355
0.0935515
0.0935674
0.0935832
0.0935989
0.0936145
0.0936301
0.0936455
0.0936609
0.0936762
0.0936914
0.0937066
0.0937217
0.0937366
0.0937515
0.0937664
0.0937811
0.0937958
0.0938103
0.0938248
0.0938392
0.0938536
0.0938678
0.093882
0.0938961
0.0939102
0.0939241
0.093938
0.0939517
0.0939655
0.0939791
0.0939926
0.0940061
0.0940195
0.0940328
0.0940461
0.0940592
0.0940723
0.0940853
0.0940983
0.0941111
0.0941239
0.0941366
0.0941493
0.0941618
0.0941743
0.0941867
0.094199
0.0942113
0.0942235
0.0942356
0.0942476
0.0942596
0.0942715
0.0942833
0.094295
0.0943067
0.0943183
0.0943298
0.0943412
0.0943526
0.0943639
0.0943751
0.0943863
0.0943973
0.0944083
0.0944193
0.0944301
0.0944409
0.0944516
0.0944623
0.0944728
0.0944833
0.0944938
0.0945041
0.0945144
0.0945246
0.0945348
0.0945449
0.0945549
0.0945648
0.0945747
0.0945845
0.0945942
0.0946038
0.0946134
0.0946229
0.0946324
0.0946418
0.0946511
0.0946603
0.0946695
0.0946786
0.0946876
0.0946966
0.0947055
0.0947143
0.094723
0.0947317
0.0947404
0.0947489
0.0947574
0.0947658
0.0947742
0.0947825
0.0947907
0.0947988
0.0948069
0.0948149
0.0948229
0.0948308
0.0948386
0.0948463
0.094854
0.0948616
0.0948692
0.0948767
0.0948841
0.0948914
0.0948987
0.094906
0.0949131
0.0949202
0.0949272
0.0949342
0.0949411
0.0949479
0.0949547
0.0949614
0.0949681
0.0949746
0.0949811
0.0949876
0.094994
0.0950003
0.0950065
0.0950127
0.0950189
0.0950249
0.0950309
0.0950369
0.0950428
0.0950486
0.0950543
0.09506
0.0950656
0.0950712
0.0950767
0.0950821
0.0950875
0.0950928
0.0950981
0.0951033
0.0951084
0.0951134
0.0951184
0.0951234
0.0951283
0.0951331
0.0951378
0.0951425
0.0951472
0.0951517
0.0951563
0.0951607
0.0951651
0.0951694
0.0951737
0.0951779
0.0951821
0.0951862
0.0951902
0.0951941
0.0951981
0.0952019
0.0952057
0.0952094
0.0952131
0.0952167
0.0952203
0.0952237
0.0952272
0.0952306
0.0952339
0.0952371
0.0952403
0.0952435
0.0952465
0.0952496
0.0952525
0.0952554
0.0952583
0.0952611
0.0952638
0.0952665
0.0952691
0.0952716
0.0952741
0.0952766
0.0952789
0.0952813
0.0952835
0.0952857
0.0952879
0.09529
0.095292
0.095294
0.0952959
0.0952978
0.0952996
0.0953014
0.0953031
0.0953047
0.0953063
0.0953078
0.0953093
0.0953107
0.0953121
0.0953134
0.0953146
0.0953158
0.0953169
0.095318
0.095319
0.09532
0.0953209
0.0953218
0.0953226
0.0953233
0.095324
0.0953247
0.0953252
0.0953258
0.0953262
0.0953266
0.095327
0.0953273
0.0953276
0.0953278
0.0953279
0.095328
0.095328
0.095328
0.095328
0.0953278
0.0953277
0.0953274
0.0953271
0.0953268
0.0953264
0.0953259
0.0953254
0.0953249
0.0953243
0.0953236
0.0953229
0.0953221
0.0953213
0.0953204
0.0953195
0.0953185
0.0953175
0.0953164
0.0953153
0.0953141
0.0953129
0.0953116
0.0953102
0.0953088
0.0953074
0.0953059
0.0953043
0.0953027
0.0953011
0.0952993
0.0952976
0.0952958
0.0952939
0.095292
0.09529
0.095288
0.0952859
0.0952838
0.0952817
0.0952794
0.0952772
0.0952748
0.0952725
0.09527
0.0952676
0.095265
0.0952625
0.0952598
0.0952571
0.0952544
0.0952516
0.0952488
0.0952459
0.095243
0.09524
0.095237
0.0952339
0.0952308
0.0952276
0.0952244
0.0952211
0.0952178
0.0952144
0.095211
0.0952075
0.095204
0.0952004
0.0951968
0.0951931
0.0951894
0.0951857
0.0951818
0.095178
0.0951741
0.0951701
0.0951661
0.095162
0.0951579
0.0951538
0.0951496
0.0951453
0.095141
0.0951367
0.0951323
0.0951278
0.0951233
0.0951188
0.0951142
0.0951096
0.0951049
0.0951002
0.0950954
0.0950906
0.0950857
0.0950808
0.0950758
0.0950708
0.0950658
0.0950607
0.0950555
0.0950503
0.0950451
0.0950398
0.0950344
0.095029
0.0950236
0.0950181
0.0950126
0.095007
0.0950014
0.0949958
0.0949901
0.0949843
0.0949785
0.0949727
0.0949668
0.0949608
0.0949549
0.0949488
0.0949428
0.0949366
0.0949305
0.0949243
0.094918
0.0949117
0.0949054
0.094899
0.0948925
0.0948861
0.0948795
0.094873
0.0948664
0.0948597
0.094853
0.0948463
0.0948395
0.0948326
0.0948258
0.0948188
0.0948119
0.0948049
0.0947978
0.0947907
0.0947836
0.0947764
0.0947691
0.0947619
0.0947546
0.0947472
0.0947398
0.0947323
0.0947249
0.0947173
0.0947097
0.0947021
0.0946945
0.0946868
0.094679
0.0946712
0.0946634
0.0946555
0.0946476
0.0946396
0.0946316
0.0946236
0.0946155
0.0946074
0.0945992
0.094591
0.0945827
0.0945744
0.0945661
0.0945577
0.0945493
0.0945408
0.0945323
0.0945238
0.0945152
0.0945065
0.0944979
0.0944891
0.0944804
0.0944716
0.0944628
0.0944539
0.094445
0.094436
0.094427
0.094418
0.0944089
0.0943998
0.0943906
0.0943814
0.0943721
0.0943629
0.0943535
0.0943442
0.0943348
0.0943253
0.0943158
0.0943063
0.0942967
0.0942871
0.0942775
0.0942678
0.0942581
0.0942483
0.0942385
0.0942287
0.0942188
0.0942089
0.0941989
0.0941889
0.0941789
0.0941688
0.0941587
0.0941486
0.0941384
0.0941281
0.0941179
0.0941076
0.0940972
0.0940868
0.0940764
0.0940659
0.0940554
0.0940449
0.0940343
0.0940237
0.0940131
0.0940024
0.0939917
0.0939809
0.0939701
0.0939593
0.0939484
0.0939375
0.0939265
0.0939155
0.0939045
0.0938934
0.0938823
0.0938712
0.09386
0.0938488
0.0938376
0.0938263
0.093815
0.0938036
0.0937922
0.0937808
0.0937693
0.0937578
0.0937463
0.0937347
0.0937231
0.0937115
0.0936998
0.0936881
0.0936763
0.0936645
0.0936527
0.0936409
0.093629
0.093617
0.0936051
0.0935931
0.093581
0.093569
0.0935569
0.0935447
0.0935326
0.0935203
0.0935081
0.0934958
0.0934835
0.0934712
0.0934588
0.0934464
0.0934339
0.0934214
0.0934089
0.0933964
0.0933838
0.0933712
0.0933585
0.0933458
0.0933331
0.0933203
0.0933075
0.0932947
0.0932819
0.093269
0.0932561
0.0932431
0.0932301
0.0932171
0.093204
0.093191
0.0931778
0.0931647
0.0931515
0.0931383
0.093125
0.0931117
0.0930984
0.0930851
0.0930717
0.0930583
0.0930448
0.0930314
0.0930179
0.0930043
0.0929908
0.0929771
0.0929635
0.0929498
0.0929361
0.0929224
0.0929087
0.0928949
0.092881
0.0928672
0.0928533
0.0928394
0.0928254
0.0928115
0.0927975
0.0927834
0.0927694
0.0927553
0.0927411
0.092727
0.0927128
0.0926985
0.0926843
0.09267
0.0926557
0.0926414
0.092627
0.0926126
0.0925982
0.0925837
0.0925692
0.0925547
0.0925401
0.0925256
0.092511
0.0924963
0.0924817
0.092467
0.0924522
0.0924375
0.0924227
0.0924079
0.0923931
0.0923782
0.0923633
0.0923484
0.0923334
0.0923184
0.0923034
0.0922884
0.0922733
0.0922582
0.0922431
0.092228
0.0922128
0.0921976
0.0921824
0.0921671
0.0921518
0.0921365
0.0921211
0.0921058
0.0920904
0.092075
0.0920595
0.092044
0.0920285
0.092013
0.0919974
0.0919819
0.0919662
0.0919506
0.0919349
0.0919193
0.0919035
0.0918878
0.091872
0.0918562
0.0918404
0.0918246
0.0918087
0.0917928
0.0917769
0.0917609
0.0917449
0.0917289
0.0917129
0.0916969
0.0916808
0.0916647
0.0916486
0.0916324
0.0916162
0.0916
0.0915838
0.0915676
0.0915513
0.091535
0.0915187
0.0915023
0.0914859
0.0914695
0.0914531
0.0914367
0.0914202
0.0914037
0.0913872
0.0913706
0.0913541
0.0913375
0.0913209
0.0913042
0.0912876
0.0912709
0.0912542
0.0912374
0.0912207
0.0912039
0.0911871
0.0911703
0.0911534
0.0911366
0.0911197
0.0911028
0.0910858
0.0910689
0.0910519
0.0910349
0.0910179
0.0910008
0.0909837
0.0909666
0.0909495
0.0909324
0.0909152
0.0908981
0.0908809
0.0908636
0.0908464
0.0908291
0.0908118
0.0907945
0.0907772
0.0907598
0.0907425
0.0907251
0.0907076
0.0906902
0.0906728
0.0906553
0.0906378
0.0906203
0.0906027
0.0905852
0.0905676
0.09055
0.0905323
0.0905147
0.090497
0.0904794
0.0904617
0.0904439
0.0904262
0.0904084
0.0903906
0.0903728
0.090355
0.0903372
0.0903193
0.0903014
0.0902835
0.0902656
0.0902477
0.0902297
0.0902117
0.0901938
0.0901757
0.0901577
0.0901397
0.0901216
0.0901035
0.0900854
0.0900673
0.0900491
0.090031
0.0900128
0.0899946
0.0899764
0.0899581
0.0899399
0.0899216
0.0899033
0.089885
0.0898667
0.0898483
0.08983
0.0898116
0.0897932
0.0897748
0.0897564
0.0897379
0.0897194
0.089701
0.0896825
0.089664
0.0896454
0.0896269
0.0896083
0.0895897
0.0895711
0.0895525
0.0895339
0.0895152
0.0894966
0.0894779
0.0894592
0.0894405
0.0894217
0.089403
0.0893842
0.0893655
0.0893467
0.0893279
0.089309
0.0892902
0.0892713
0.0892525
0.0892336
0.0892147
0.0891958
0.0891768
0.0891579
0.0891389
0.0891199
0.0891009
0.0890819
0.0890629
0.0890439
0.0890248
0.0890058
0.0889867
0.0889676
0.0889485
0.0889294
0.0889102
0.0888911
0.0888719
0.0888527
0.0888335
0.0888143
0.0887951
0.0887759
0.0887566
0.0887373
0.0887181
0.0886988
0.0886795
0.0886601
0.0886408
0.0886215
0.0886021
0.0885827
0.0885634
0.088544
0.0885245
0.0885051
0.0884857
0.0884662
0.0884468
0.0884273
0.0884078
0.0883883
0.0883688
0.0883493
0.0883297
0.0883102
0.0882906
0.088271
0.0882515
0.0882319
0.0882123
0.0881926
0.088173
0.0881534
0.0881337
0.088114
0.0880943
0.0880747
0.0880549
0.0880352
0.0880155
0.0879958
0.087976
0.0879563
0.0879365
0.0879167
0.0878969
0.0878771
0.0878573
0.0878375
0.0878176
0.0877978
0.0877779
0.087758
0.0877382
0.0877183
0.0876984
0.0876785
0.0876585
0.0876386
0.0876187
0.0875987
0.0875788
0.0875588
0.0875388
0.0875188
0.0874988
0.0874788
0.0874588
0.0874388
0.0874187
0.0873987
0.0873786
0.0873585
0.0873385
0.0873184
0.0872983
0.0872782
0.0872581
0.0872379
0.0872178
0.0871977
0.0871775
0.0871573
0.0871372
0.087117
0.0870968
0.0870766
0.0870564
0.0870362
0.087016
0.0869958
0.0869755
0.0869553
0.086935
0.0869148
0.0868945
0.0868742
0.0868539
0.0868337
0.0868134
0.086793
0.0867727
0.0867524
0.0867321
0.0867117
0.0866914
0.086671
0.0866507
0.0866303
0.0866099
0.0865895
0.0865692
0.0865488
0.0865284
0.0865079
0.0864875
0.0864671
0.0864467
0.0864262
0.0864058
0.0863853
0.0863649
0.0863444
0.0863239
0.0863035
0.086283
0.0862625
0.086242
0.0862215
0.086201
0.0861805
0.0861599
0.0861394
0.0861189
0.0860983
0.0860778
0.0860572
0.0860367
0.0860161
0.0859955
0.085975
0.0859544
0.0859338
0.0859132
0.0858926
0.085872
0.0858514
0.0858308
0.0858102
0.0857896
0.0857689
0.0857483
0.0857277
0.085707
0.0856864
0.0856657
0.0856451
0.0856244
0.0856037
0.0855831
0.0855624
0.0855417
0.085521
0.0855003
0.0854796
0.0854589
0.0854382
0.0854175
0.0853968
0.0853761
0.0853554
0.0853346
0.0853139
0.0852932
0.0852725
0.0852517
0.085231
0.0852102
0.0851895
0.0851687
0.085148
0.0851272
0.0851064
0.0850857
0.0850649
0.0850441
0.0850233
0.0850026
0.0849818
0.084961
0.0849402
0.0849194
0.0848986
0.0848778
0.084857
0.0848362
0.0848154
0.0847946
0.0847738
0.0847529
0.0847321
0.0847113
0.0846905
0.0846696
0.0846488
0.084628
0.0846071
0.0845863
0.0845655
0.0845446
0.0845238
0.0845029
0.0844821
0.0844612
0.0844404
0.0844195
0.0843987
0.0843778
0.084357
0.0843361
0.0843152
0.0842944
0.0842735
0.0842526
0.0842318
0.0842109
0.08419
0.0841692
0.0841483
0.0841274
0.0841065
0.0840856
0.0840648
0.0840439
0.084023
0.0840021
0.0839812
0.0839603
0.0839395
0.0839186
0.0838977
0.0838768
0.0838559
0.083835
0.0838141
0.0837932
0.0837723
0.0837514
0.0837305
0.0837096
0.0836888
0.0836679
0.083647
0.0836261
0.0836052
0.0835843
0.0835634
0.0835425
0.0835216
0.0835007
0.0834798
0.0834589
0.083438
0.0834171
0.0833962
0.0833753
0.0833544
0.0833335
0.0833126
0.0832917
0.0832708
0.0832499
0.083229
0.0832081
0.0831873
0.0831664
0.0831455
0.0831246
0.0831037
0.0830828
0.0830619
0.083041
0.0830201
0.0829993
0.0829784
0.0829575
0.0829366
0.0829157
0.0828948
0.082874
0.0828531
0.0828322
0.0828113
0.0827905
0.0827696
0.0827487
0.0827278
0.082707
0.0826861
0.0826652
0.0826444
0.0826235
0.0826026
0.0825818
0.0825609
0.0825401
0.0825192
0.0824984
0.0824775
0.0824567
0.0824358
0.082415
0.0823941
0.0823733
0.0823525
0.0823316
0.0823108
0.0822899
0.0822691
0.0822483
0.0822275
0.0822066
0.0821858
0.082165
0.0821442
0.0821234
0.0821026
0.0820818
0.082061
0.0820401
0.0820193
0.0819985
0.0819778
0.081957
0.0819362
0.0819154
0.0818946
0.0818738
0.081853
0.0818323
0.0818115
0.0817907
0.08177
0.0817492
0.0817284
0.0817077
0.0816869
0.0816662
0.0816454
0.0816247
0.0816039
0.0815832
0.0815625
0.0815417
0.081521
0.0815003
0.0814796
0.0814589
0.0814381
0.0814174
0.0813967
0.081376
0.0813553
0.0813346
0.081314
0.0812933
0.0812726
0.0812519
0.0812312
0.0812106
0.0811899
0.0811692
0.0811486
0.0811279
0.0811073
0.0810866
0.081066
0.0810453
0.0810247
0.0810041
0.0809835
0.0809628
0.0809422
0.0809216
0.080901
0.0808804
0.0808598
0.0808392
0.0808186
0.080798
0.0807774
0.0807569
0.0807363
0.0807157
0.0806952
0.0806746
0.0806541
0.0806335
0.080613
0.0805924
0.0805719
0.0805514
0.0805308
0.0805103
0.0804898
0.0804693
0.0804488
0.0804283
0.0804078
0.0803873
0.0803668
0.0803463
0.0803259
0.0803054
0.0802849
0.0802645
0.080244
0.0802236
0.0802032
0.0801827
0.0801623
0.0801419
0.0801214
0.080101
0.0800806
0.0800602
0.0800398
0.0800194
0.079999
0.0799787
0.0799583
0.0799379
0.0799176
0.0798972
0.0798768
0.0798565
0.0798362
0.0798158
0.0797955
0.0797752
0.0797549
0.0797345
0.0797142
0.0796939
0.0796737
0.0796534
0.0796331
0.0796128
0.0795925
0.0795723
0.079552
0.0795318
0.0795115
0.0794913
0.0794711
0.0794508
0.0794306
0.0794104
0.0793902
0.07937
0.0793498
0.0793296
0.0793094
0.0792893
0.0792691
0.0792489
0.0792288
0.0792086
0.0791885
0.0791684
0.0791482
0.0791281
0.079108
0.0790879
0.0790678
0.0790477
0.0790276
0.0790075
0.0789875
0.0789674
0.0789473
0.0789273
0.0789072
0.0788872
0.0788672
0.0788471
0.0788271
0.0788071
0.0787871
0.0787671
0.0787471
0.0787271
0.0787072
0.0786872
0.0786672
0.0786473
0.0786273
0.0786074
0.0785875
0.0785675
0.0785476
0.0785277
0.0785078
0.0784879
0.078468
0.0784481
0.0784283
0.0784084
0.0783885
0.0783687
0.0783488
0.078329
0.0783092
0.0782893
0.0782695
0.0782497
0.0782299
0.0782101
0.0781903
0.0781706
0.0781508
0.078131
0.0781113
0.0780915
0.0780718
0.0780521
0.0780323
0.0780126
0.0779929
0.0779732
0.0779535
0.0779338
0.0779142
0.0778945
0.0778748
0.0778552
0.0778355
0.0778159
0.0777963
0.0777766
0.077757
0.0777374
0.0777178
0.0776982
0.0776786
0.0776591
0.0776395
0.07762
0.0776004
0.0775809
0.0775613
0.0775418
0.0775223
0.0775028
0.0774833
0.0774638
0.0774443
0.0774248
0.0774054
0.0773859
0.0773664
0.077347
0.0773276
0.0773081
0.0772887
0.0772693
0.0772499
0.0772305
0.0772111
0.0771917
0.0771724
0.077153
0.0771337
0.0771143
0.077095
0.0770757
0.0770563
0.077037
0.0770177
0.0769984
0.0769792
0.0769599
0.0769406
0.0769214
0.0769021
0.0768829
0.0768636
0.0768444
0.0768252
0.076806
0.0767868
0.0767676
0.0767484
0.0767293
0.0767101
0.0766909
0.0766718
0.0766526
0.0766335
0.0766144
0.0765953
0.0765762
0.0765571
0.076538
0.0765189
0.0764999
0.0764808
0.0764618
0.0764427
0.0764237
0.0764047
0.0763856
0.0763666
0.0763476
0.0763287
0.0763097
0.0762907
0.0762717
0.0762528
0.0762339
0.0762149
0.076196
0.0761771
0.0761582
0.0761393
0.0761204
0.0761015
0.0760826
0.0760638
0.0760449
0.0760261
0.0760072
0.0759884
0.0759696
0.0759508
0.075932
0.0759132
0.0758944
0.0758756
0.0758569
0.0758381
0.0758194
0.0758006
0.0757819
0.0757632
0.0757445
0.0757258
0.0757071
0.0756884
0.0756698
0.0756511
0.0756324
0.0756138
0.0755952
0.0755765
0.0755579
0.0755393
0.0755207
0.0755021
0.0754835
0.075465
0.0754464
0.0754279
0.0754093
0.0753908
0.0753723
0.0753538
0.0753353
0.0753168
0.0752983
0.0752798
0.0752613
0.0752429
0.0752244
0.075206
0.0751875
0.0751691
0.0751507
0.0751323
0.0751139
0.0750955
0.0750772
0.0750588
0.0750404
0.0750221
0.0750038
0.0749854
0.0749671
0.0749488
0.0749305
0.0749122
0.0748939
0.0748757
0.0748574
0.0748392
0.0748209
0.0748027
0.0747845
0.0747662
0.074748
0.0747298
0.0747117
0.0746935
0.0746753
0.0746572
0.074639
0.0746209
0.0746028
0.0745846
0.0745665
0.0745484
0.0745303
0.0745123
0.0744942
0.0744761
0.0744581
0.07444
0.074422
0.074404
0.074386
0.0743679
0.07435
0.074332
0.074314
0.074296
0.0742781
0.0742601
0.0742422
0.0742243
0.0742063
0.0741884
0.0741705
0.0741526
0.0741348
0.0741169
0.074099
0.0740812
0.0740633
0.0740455
0.0740277
0.0740099
0.0739921
0.0739743
0.0739565
0.0739387
0.0739209
0.0739032
0.0738854
0.0738677
0.07385
0.0738322
0.0738145
0.0737968
0.0737792
0.0737615
0.0737438
0.0737261
0.0737085
0.0736909
0.0736732
0.0736556
0.073638
0.0736204
0.0736028
0.0735852
0.0735676
0.0735501
0.0735325
0.073515
0.0734974
0.0734799
0.0734624
0.0734449
0.0734274
0.0734099
0.0733924
0.073375
0.0733575
0.0733401
0.0733226
0.0733052
0.0732878
0.0732704
0.073253
0.0732356
0.0732182
0.0732008
0.0731835
0.0731661
0.0731488
0.0731314
0.0731141
0.0730968
0.0730795
0.0730622
0.0730449
0.0730276
0.0730104
0.0729931
0.0729759
0.0729586
0.0729414
0.0729242
0.072907
0.0728898
0.0728726
0.0728554
0.0728382
0.0728211
0.0728039
0.0727868
0.0727697
0.0727525
0.0727354
0.0727183
0.0727012
0.0726841
0.0726671
0.07265
0.0726329
0.0726159
0.0725989
0.0725818
0.0725648
0.0725478
0.0725308
0.0725138
0.0724969
0.0724799
0.0724629
0.072446
0.072429
0.0724121
0.0723952
0.0723783
0.0723614
0.0723445
0.0723276
0.0723107
0.0722939
0.072277
0.0722602
0.0722433
0.0722265
0.0722097
0.0721929
0.0721761
0.0721593
0.0721425
0.0721258
0.072109
0.0720922
0.0720755
0.0720588
0.0720421
0.0720253
0.0720086
0.071992
0.0719753
0.0719586
0.0719419
0.0719253
0.0719086
0.071892
0.0718754
0.0718588
0.0718422
0.0718256
0.071809
0.0717924
0.0717758
0.0717593
0.0717427
0.0717262
0.0717096
0.0716931
0.0716766
0.0716601
0.0716436
0.0716271
0.0716107
0.0715942
0.0715777
0.0715613
0.0715449
0.0715284
0.071512
0.0714956
0.0714792
0.0714628
0.0714464
0.0714301
0.0714137
0.0713973
0.071381
0.0713647
0.0713483
0.071332
0.0713157
0.0712994
0.0712831
0.0712669
0.0712506
0.0712343
0.0712181
0.0712018
0.0711856
0.0711694
0.0711532
0.071137
0.0711208
0.0711046
0.0710884
0.0710723
0.0710561
0.0710399
0.0710238
0.0710077
0.0709916
0.0709754
0.0709593
0.0709433
0.0709272
0.0709111
0.070895
0.070879
0.0708629
0.0708469
0.0708309
0.0708148
0.0707988
0.0707828
0.0707668
0.0707509
0.0707349
0.0707189
0.070703
0.070687
0.0706711
0.0706552
0.0706392
0.0706233
0.0706074
0.0705915
0.0705757
0.0705598
0.0705439
0.0705281
0.0705122
0.0704964
0.0704806
0.0704648
0.0704489
0.0704331
0.0704174
0.0704016
0.0703858
0.07037
0.0703543
0.0703385
0.0703228
0.0703071
0.0702913
0.0702756
0.0702599
0.0702442
0.0702286
0.0702129
0.0701972
0.0701816
0.0701659
0.0701503
0.0701347
0.070119
0.0701034
0.0700878
0.0700722
0.0700566
0.0700411
0.0700255
0.0700099
0.0699944
0.0699789
0.0699633
0.0699478
0.0699323
0.0699168
0.0699013
0.0698858
0.0698703
0.0698548
0.0698394
0.0698239
0.0698085
0.0697931
0.0697776
0.0697622
0.0697468
0.0697314
0.069716
0.0697006
0.0696853
0.0696699
0.0696545
0.0696392
0.0696238
0.0696085
0.0695932
0.0695779
0.0695626
0.0695473
0.069532
0.0695167
0.0695015
0.0694862
0.0694709
0.0694557
0.0694405
0.0694252
0.06941
0.0693948
0.0693796
0.0693644
0.0693492
0.0693341
0.0693189
0.0693037
0.0692886
0.0692734
0.0692583
0.0692432
0.0692281
0.069213
0.0691979
0.0691828
0.0691677
0.0691526
0.0691375
0.0691225
0.0691074
0.0690924
0.0690774
0.0690624
0.0690473
0.0690323
0.0690173
0.0690023
0.0689874
0.0689724
0.0689574
0.0689425
0.0689275
0.0689126
0.0688977
0.0688827
0.0688678
0.0688529
0.068838
0.0688231
0.0688082
0.0687934
0.0687785
0.0687636
0.0687488
0.068734
0.0687191
0.0687043
0.0686895
0.0686747
0.0686599
0.0686451
0.0686303
0.0686155
0.0686008
0.068586
0.0685712
0.0685565
0.0685418
0.068527
0.0685123
0.0684976
0.0684829
0.0684682
0.0684535
0.0684389
0.0684242
0.0684095
0.0683949
0.0683802
0.0683656
0.0683509
0.0683363
0.0683217
0.0683071
0.0682925
0.0682779
0.0682633
0.0682488
0.0682342
0.0682196
0.0682051
0.0681905
0.068176
0.0681615
0.068147
0.0681324
0.0681179
0.0681034
0.068089
0.0680745
0.06806
0.0680455
0.0680311
0.0680166
0.0680022
0.0679877
0.0679733
0.0679589
0.0679445
0.0679301
0.0679157
0.0679013
0.0678869
0.0678725
0.0678582
0.0678438
0.0678295
0.0678151
0.0678008
0.0677865
0.0677721
0.0677578
0.0677435
0.0677292
0.0677149
0.0677007
0.0676864
0.0676721
0.0676579
0.0676436
0.0676294
0.0676151
0.0676009
0.0675867
0.0675725
0.0675583
0.0675441
0.0675299
0.0675157
0.0675015
0.0674873
0.0674732
0.067459
0.0674449
0.0674307
0.0674166
0.0674025
0.0673883
0.0673742
0.0673601
0.067346
0.0673319
0.0673178
0.0673038
0.0672897
0.0672756
0.0672616
0.0672475
0.0672335
0.0672195
0.0672054
0.0671914
0.0671774
0.0671634
0.0671494
0.0671354
0.0671214
0.0671075
0.0670935
0.0670795
0.0670656
0.0670516
0.0670377
0.0670238
0.0670098
0.0669959
0.066982
0.0669681
0.0669542
0.0669403
0.0669264
0.0669125
0.0668987
0.0668848
0.0668709
0.0668571
0.0668433
0.0668294
0.0668156
0.0668018
0.0667879
0.0667741
0.0667603
0.0667465
0.0667328
0.066719
0.0667052
0.0666914
0.0666777
0.0666639
0.0666502
0.0666364
0.0666227
0.066609
0.0665952
0.0665815
0.0665678
0.0665541
0.0665404
0.0665267
0.066513
0.0664994
0.0664857
0.066472
0.0664584
0.0664447
0.0664311
0.0664175
0.0664038
0.0663902
0.0663766
0.066363
0.0663494
0.0663358
0.0663222
0.0663086
0.066295
0.0662815
0.0662679
0.0662543
0.0662408
0.0662272
0.0662137
0.0662002
0.0661866
0.0661731
0.0661596
0.0661461
0.0661326
0.0661191
0.0661056
0.0660921
0.0660786
0.0660652
0.0660517
0.0660383
0.0660248
0.0660114
0.0659979
0.0659845
0.0659711
0.0659576
0.0659442
0.0659308
0.0659174
0.065904
0.0658906
0.0658772
0.0658639
0.0658505
0.0658371
0.0658238
0.0658104
0.0657971
0.0657837
0.0657704
0.0657571
0.0657437
0.0657304
0.0657171
0.0657038
0.0656905
0.0656772
0.0656639
0.0656506
0.0656374
0.0656241
0.0656108
0.0655976
0.0655843
0.0655711
0.0655578
0.0655446
0.0655314
0.0655181
0.0655049
0.0654917
0.0654785
0.0654653
0.0654521
0.0654389
0.0654257
0.0654125
0.0653994
0.0653862
0.065373
0.0653599
0.0653467
0.0653336
0.0653205
0.0653073
0.0652942
0.0652811
0.0652679
0.0652548
0.0652417
0.0652286
0.0652155
0.0652024
0.0651894
0.0651763
0.0651632
0.0651501
0.0651371
0.065124
0.065111
0.0650979
0.0650849
0.0650719
0.0650588
0.0650458
0.0650328
0.0650198
0.0650068
0.0649938
0.0649808
0.0649678
0.0649548
0.0649418
0.0649288
0.0649158
0.0649029
0.0648899
0.064877
0.064864
0.0648511
0.0648381
0.0648252
0.0648123
0.0647993
0.0647864
0.0647735
0.0647606
0.0647477
0.0647348
0.0647219
0.064709
0.0646961
0.0646832
0.0646704
0.0646575
0.0646446
0.0646318
0.0646189
0.0646061
0.0645932
0.0645804
0.0645675
0.0645547
0.0645419
0.0645291
0.0645162
0.0645034
0.0644906
0.0644778
0.064465
0.0644522
0.0644395
0.0644267
0.0644139
0.0644011
0.0643884
0.0643756
0.0643628
0.0643501
0.0643373
0.0643246
0.0643119
0.0642991
0.0642864
0.0642737
0.0642609
0.0642482
0.0642355
0.0642228
0.0642101
0.0641974
0.0641847
0.064172
0.0641593
0.0641467
0.064134
0.0641213
0.0641087
0.064096
0.0640833
0.0640707
0.064058
0.0640454
0.0640328
0.0640201
0.0640075
0.0639949
0.0639822
0.0639696
0.063957
0.0639444
0.0639318
0.0639192
0.0639066
0.063894
0.0638814
0.0638689
0.0638563
0.0638437
0.0638311
0.0638186
0.063806
0.0637934
0.0637809
0.0637683
0.0637558
0.0637433
0.0637307
0.0637182
0.0637057
0.0636931
0.0636806
0.0636681
0.0636556
0.0636431
0.0636306
0.0636181
0.0636056
0.0635931
0.0635806
0.0635681
0.0635557
0.0635432
0.0635307
0.0635182
0.0635058
0.0634933
0.0634809
0.0634684
0.063456
0.0634435
0.0634311
0.0634187
0.0634062
0.0633938
0.0633814
0.063369
0.0633565
0.0633441
0.0633317
0.0633193
0.0633069
0.0632945
0.0632821
0.0632697
0.0632573
0.063245
0.0632326
0.0632202
0.0632078
0.0631955
0.0631831
0.0631708
0.0631584
0.063146
0.0631337
0.0631213
0.063109
0.0630967
0.0630843
0.063072
0.0630597
0.0630474
0.063035
0.0630227
0.0630104
0.0629981
0.0629858
0.0629735
0.0629612
0.0629489
0.0629366
0.0629243
0.062912
0.0628997
0.0628875
0.0628752
0.0628629
0.0628507
0.0628384
0.0628261
0.0628139
0.0628016
0.0627894
0.0627771
0.0627649
0.0627526
0.0627404
0.0627282
0.0627159
0.0627037
0.0626915
0.0626792
0.062667
0.0626548
0.0626426
0.0626304
0.0626182
0.062606
0.0625938
0.0625816
0.0625694
0.0625572
0.062545
0.0625328
0.0625207
0.0625085
0.0624963
0.0624841
0.062472
0.0624598
0.0624476
0.0624355
0.0624233
0.0624112
0.062399
0.0623869
0.0623747
0.0623626
0.0623504
0.0623383
0.0623262
0.0623141
0.0623019
0.0622898
0.0622777
0.0622656
0.0622535
0.0622413
0.0622292
0.0622171
0.062205
0.0621929
0.0621808
0.0621687
0.0621566
0.0621445
0.0621325
0.0621204
0.0621083
0.0620962
0.0620841
0.0620721
0.06206
0.0620479
0.0620359
0.0620238
0.0620118
0.0619997
0.0619876
0.0619756
0.0619635
0.0619515
0.0619395
0.0619274
0.0619154
0.0619033
0.0618913
0.0618793
0.0618673
0.0618552
0.0618432
0.0618312
0.0618192
0.0618072
0.0617951
0.0617831
0.0617711
0.0617591
0.0617471
0.0617351
0.0617231
0.0617111
0.0616991
0.0616871
0.0616752
0.0616632
0.0616512
0.0616392
0.0616272
0.0616153
0.0616033
0.0615913
0.0615793
0.0615674
0.0615554
0.0615435
0.0615315
0.0615195
0.0615076
0.0614956
0.0614837
0.0614717
0.0614598
0.0614478
0.0614359
0.061424
0.061412
0.0614001
0.0613882
0.0613762
0.0613643
0.0613524
0.0613405
0.0613285
0.0613166
0.0613047
0.0612928
0.0612809
0.061269
0.0612571
0.0612451
0.0612332
0.0612213
0.0612094
0.0611975
0.0611856
0.0611738
0.0611619
0.06115
0.0611381
0.0611262
0.0611143
0.0611024
0.0610906
0.0610787
0.0610668
0.0610549
0.0610431
0.0610312
0.0610193
0.0610074
0.0609956
0.0609837
0.0609719
0.06096
0.0609481
0.0609363
0.0609244
0.0609126
0.0609007
0.0608889
0.060877
0.0608652
0.0608534
0.0608415
0.0608297
0.0608179
0.060806
0.0607942
0.0607824
0.0607705
0.0607587
0.0607469
0.060735
0.0607232
0.0607114
0.0606996
0.0606878
0.060676
0.0606641
0.0606523
0.0606405
0.0606287
0.0606169
0.0606051
0.0605933
0.0605815
0.0605697
0.0605579
0.0605461
0.0605343
0.0605225
0.0605107
0.0604989
0.0604871
0.0604753
0.0604636
0.0604518
0.06044
0.0604282
0.0604164
0.0604047
0.0603929
0.0603811
0.0603693
0.0603576
0.0603458
0.060334
0.0603222
0.0603105
0.0602987
0.060287
0.0602752
0.0602634
0.0602517
0.0602399
0.0602282
0.0602164
0.0602046
0.0601929
0.0601811
0.0601694
0.0601576
0.0601459
0.0601342
0.0601224
0.0601107
0.0600989
0.0600872
0.0600754
0.0600637
0.060052
0.0600402
0.0600285
0.0600168
0.060005
0.0599933
0.0599816
0.0599699
0.0599581
0.0599464
0.0599347
0.059923
0.0599112
0.0598995
0.0598878
0.0598761
0.0598644
0.0598527
0.0598409
0.0598292
0.0598175
0.0598058
0.0597941
0.0597824
0.0597707
0.059759
0.0597473
0.0597356
0.0597239
0.0597122
0.0597005
0.0596888
0.0596771
0.0596654
0.0596537
0.059642
0.0596303
0.0596186
0.0596069
0.0595952
0.0595835
0.0595718
0.0595602
0.0595485
0.0595368
0.0595251
0.0595134
0.0595017
0.0594901
0.0594784
0.0594667
0.059455
0.0594433
0.0594317
0.05942
0.0594083
0.0593966
0.059385
0.0593733
0.0593616
0.05935
0.0593383
0.0593266
0.059315
0.0593033
0.0592916
0.05928
0.0592683
0.0592566
0.059245
0.0592333
0.0592216
0.05921
0.0591983
0.0591867
0.059175
0.0591634
0.0591517
0.0591401
0.0591284
0.0591167
0.0591051
0.0590934
0.0590818
0.0590701
0.0590585
0.0590469
0.0590352
0.0590236
0.0590119
0.0590003
0.0589886
0.058977
0.0589653
0.0589537
0.0589421
0.0589304
0.0589188
0.0589071
0.0588955
0.0588839
0.0588722
0.0588606
0.058849
0.0588373
0.0588257
0.0588141
0.0588024
0.0587908
0.0587792
0.0587675
0.0587559
0.0587443
0.0587326
0.058721
0.0587094
0.0586978
0.0586861
0.0586745
0.0586629
0.0586513
0.0586396
0.058628
0.0586164
0.0586048
0.0585932
0.0585815
0.0585699
0.0585583
0.0585467
0.0585351
0.0585234
0.0585118
0.0585002
0.0584886
0.058477
0.0584654
0.0584537
0.0584421
0.0584305
0.0584189
0.0584073
0.0583957
0.0583841
0.0583725
0.0583608
0.0583492
0.0583376
0.058326
0.0583144
0.0583028
0.0582912
0.0582796
0.058268
0.0582564
0.0582448
0.0582332
0.0582216
0.05821
0.0581984
0.0581868
0.0581751
0.0581635
0.0581519
0.0581403
0.0581287
0.0581171
0.0581055
0.0580939
0.0580823
0.0580707
0.0580591
0.0580475
0.0580359
0.0580244
0.0580128
0.0580012
0.0579896
0.057978
0.0579664
0.0579548
0.0579432
0.0579316
0.05792
0.0579084
0.0578968
0.0578852
0.0578736
0.057862
0.0578504
0.0578388
0.0578273
0.0578157
0.0578041
0.0577925
0.0577809
0.0577693
0.0577577
0.0577461
0.0577345
0.0577229
0.0577114
0.0576998
0.0576882
0.0576766
0.057665
0.0576534
0.0576418
0.0576303
0.0576187
0.0576071
0.0575955
0.0575839
0.0575723
0.0575607
0.0575492
0.0575376
0.057526
0.0575144
0.0575028
0.0574912
0.0574797
0.0574681
0.0574565
0.0574449
0.0574333
0.0574218
0.0574102
0.0573986
0.057387
0.0573754
0.0573638
0.0573523
0.0573407
0.0573291
0.0573175
0.057306
0.0572944
0.0572828
0.0572712
0.0572596
0.0572481
0.0572365
0.0572249
0.0572133
0.0572018
0.0571902
0.0571786
0.057167
0.0571554
0.0571439
0.0571323
0.0571207
0.0571091
0.0570976
0.057086
0.0570744
0.0570628
0.0570513
0.0570397
0.0570281
0.0570165
0.057005
0.0569934
0.0569818
0.0569702
0.0569587
0.0569471
0.0569355
0.056924
0.0569124
0.0569008
0.0568892
0.0568777
0.0568661
0.0568545
0.0568429
0.0568314
0.0568198
0.0568082
0.0567967
0.0567851
0.0567735
0.0567619
0.0567504
0.0567388
0.0567272
0.0567157
0.0567041
0.0566925
0.056681
0.0566694
0.0566578
0.0566462
0.0566347
0.0566231
0.0566115
0.0566
0.0565884
0.0565768
0.0565653
0.0565537
0.0565421
0.0565306
0.056519
0.0565074
0.0564958
0.0564843
0.0564727
0.0564611
0.0564496
0.056438
0.0564264
0.0564149
0.0564033
0.0563917
0.0563802
0.0563686
0.056357
0.0563455
0.0563339
0.0563223
0.0563108
0.0562992
0.0562876
0.0562761
0.0562645
0.0562529
0.0562414
0.0562298
0.0562182
0.0562067
0.0561951
0.0561835
0.056172
0.0561604
0.0561488
0.0561373
0.0561257
0.0561141
0.0561026
0.056091
0.0560794
0.0560679
0.0560563
0.0560448
0.0560332
0.0560216
0.0560101
0.0559985
0.0559869
0.0559754
0.0559638
0.0559522
0.0559407
0.0559291
0.0559175
0.055906
0.0558944
0.0558829
0.0558713
0.0558597
0.0558482
0.0558366
0.055825
0.0558135
0.0558019
0.0557904
0.0557788
0.0557672
0.0557557
0.0557441
0.0557325
0.055721
0.0557094
0.0556979
0.0556863
0.0556747
0.0556632
0.0556516
0.05564
0.0556285
0.0556169
0.0556054
0.0555938
0.0555822
0.0555707
0.0555591
0.0555476
0.055536
0.0555244
0.0555129
0.0555013
0.0554898
0.0554782
0.0554666
0.0554551
0.0554435
0.055432
0.0554204
0.0554088
0.0553973
0.0553857
0.0553742
0.0553626
0.055351
0.0553395
0.0553279
0.0553164
0.0553048
0.0552932
0.0552817
0.0552701
0.0552586
0.055247
0.0552355
0.0552239
0.0552123
0.0552008
0.0551892
0.0551777
0.0551661
0.0551546
0.055143
0.0551314
0.0551199
0.0551083
0.0550968
0.0550852
0.0550737
0.0550621
0.0550505
0.055039
0.0550274
0.0550159
0.0550043
0.0549928
0.0549812
0.0549697
0.0549581
0.0549466
0.054935
0.0549234
0.0549119
0.0549003
0.0548888
0.0548772
0.0548657
0.0548541
0.0548426
0.054831
0.0548195
0.0548079
0.0547964
0.0547848
0.0547733
0.0547617
0.0547502
0.0547386
0.0547271
0.0547155
0.054704
0.0546924
0.0546809
0.0546693
0.0546578
0.0546462
0.0546347
0.0546231
0.0546116
0.0546
0.0545885
0.0545769
0.0545654
0.0545538
0.0545423
0.0545307
0.0545192
0.0545076
0.0544961
0.0544845
0.054473
0.0544614
0.0544499
0.0544383
0.0544268
0.0544153
0.0544037
0.0543922
0.0543806
0.0543691
0.0543575
0.054346
0.0543344
0.0543229
0.0543114
0.0542998
0.0542883
0.0542767
0.0542652
0.0542536
0.0542421
0.0542306
0.054219
0.0542075
0.0541959
0.0541844
0.0541729
0.0541613
0.0541498
0.0541382
0.0541267
0.0541152
0.0541036
0.0540921
0.0540806
0.054069
0.0540575
0.0540459
0.0540344
0.0540229
0.0540113
0.0539998
0.0539883
0.0539767
0.0539652
0.0539537
0.0539421
0.0539306
0.0539191
0.0539075
0.053896
0.0538845
0.0538729
0.0538614
0.0538499
0.0538384
0.0538268
0.0538153
0.0538038
0.0537922
0.0537807
0.0537692
0.0537577
0.0537461
0.0537346
0.0537231
0.0537116
0.0537
0.0536885
0.053677
0.0536655
0.0536539
0.0536424
0.0536309
0.0536194
0.0536078
0.0535963
0.0535848
0.0535733
0.0535618
0.0535502
0.0535387
0.0535272
0.0535157
0.0535042
0.0534927
0.0534811
0.0534696
0.0534581
0.0534466
0.0534351
0.0534236
0.0534121
0.0534005
0.053389
0.0533775
0.053366
0.0533545
0.053343
0.0533315
0.05332
0.0533085
0.0532969
0.0532854
0.0532739
0.0532624
0.0532509
0.0532394
0.0532279
0.0532164
0.0532049
0.0531934
0.0531819
0.0531704
0.0531589
0.0531474
0.0531359
0.0531244
0.0531129
0.0531014
0.0530899
0.0530784
0.0530669
0.0530554
0.0530439
0.0530324
0.0530209
0.0530094
0.0529979
0.0529864
0.0529749
0.0529635
0.052952
0.0529405
0.052929
0.0529175
0.052906
0.0528945
0.052883
0.0528715
0.0528601
0.0528486
0.0528371
0.0528256
0.0528141
0.0528026
0.0527912
0.0527797
0.0527682
0.0527567
0.0527452
0.0527338
0.0527223
0.0527108
0.0526993
0.0526879
0.0526764
0.0526649
0.0526534
0.052642
0.0526305
0.052619
0.0526076
0.0525961
0.0525846
0.0525732
0.0525617
0.0525502
0.0525388
0.0525273
0.0525158
0.0525044
0.0524929
0.0524815
0.05247
0.0524585
0.0524471
0.0524356
0.0524242
0.0524127
0.0524013
0.0523898
0.0523783
0.0523669
0.0523554
0.052344
0.0523325
0.0523211
0.0523096
0.0522982
0.0522868
0.0522753
0.0522639
0.0522524
0.052241
0.0522295
0.0522181
0.0522067
0.0521952
0.0521838
0.0521723
0.0521609
0.0521495
0.052138
0.0521266
0.0521152
0.0521037
0.0520923
0.0520809
0.0520695
0.052058
0.0520466
0.0520352
0.0520238
0.0520123
0.0520009
0.0519895
0.0519781
0.0519667
0.0519552
0.0519438
0.0519324
0.051921
0.0519096
0.0518982
0.0518867
0.0518753
0.0518639
0.0518525
0.0518411
0.0518297
0.0518183
0.0518069
0.0517955
0.0517841
0.0517727
0.0517613
0.0517499
0.0517385
0.0517271
0.0517157
0.0517043
0.0516929
0.0516815
0.0516701
0.0516587
0.0516474
0.051636
0.0516246
0.0516132
0.0516018
0.0515904
0.0515791
0.0515677
0.0515563
0.0515449
0.0515335
0.0515222
0.0515108
0.0514994
0.0514881
0.0514767
0.0514653
0.0514539
0.0514426
0.0514312
0.0514198
0.0514085
0.0513971
0.0513858
0.0513744
0.051363
0.0513517
0.0513403
0.051329
0.0513176
0.0513063
0.0512949
0.0512836
0.0512722
0.0512609
0.0512495
0.0512382
0.0512269
0.0512155
0.0512042
0.0511928
0.0511815
0.0511702
0.0511588
0.0511475
0.0511362
0.0511249
0.0511135
0.0511022
0.0510909
0.0510796
0.0510682
0.0510569
0.0510456
0.0510343
0.051023
0.0510116
0.0510003
0.050989
0.0509777
0.0509664
0.0509551
0.0509438
0.0509325
0.0509212
0.0509099
0.0508986
0.0508873
0.050876
0.0508647
0.0508534
0.0508421
0.0508308
0.0508195
0.0508082
0.050797
0.0507857
0.0507744
0.0507631
0.0507518
0.0507405
0.0507293
0.050718
0.0507067
0.0506955
0.0506842
0.0506729
0.0506616
0.0506504
0.0506391
0.0506279
0.0506166
0.0506053
0.0505941
0.0505828
0.0505716
0.0505603
0.0505491
0.0505378
0.0505266
0.0505153
0.0505041
0.0504929
0.0504816
0.0504704
0.0504591
0.0504479
0.0504367
0.0504254
0.0504142
0.050403
0.0503918
0.0503805
0.0503693
0.0503581
0.0503469
0.0503357
0.0503244
0.0503132
0.050302
0.0502908
0.0502796
0.0502684
0.0502572
0.050246
0.0502348
0.0502236
0.0502124
0.0502012
0.05019
0.0501788
0.0501676
0.0501564
0.0501453
0.0501341
0.0501229
0.0501117
0.0501005
0.0500894
0.0500782
0.050067
0.0500558
0.0500447
0.0500335
0.0500223
0.0500112
0.05
0.0499889
0.0499777
0.0499666
0.0499554
0.0499442
0.0499331
0.049922
0.0499108
0.0498997
0.0498885
0.0498774
0.0498663
0.0498551
0.049844
0.0498329
0.0498217
0.0498106
0.0497995
0.0497884
0.0497772
0.0497661
0.049755
0.0497439
0.0497328
0.0497217
0.0497106
0.0496995
0.0496884
0.0496773
0.0496662
0.0496551
0.049644
0.0496329
0.0496218
0.0496107
0.0495996
0.0495885
0.0495775
0.0495664
0.0495553
0.0495442
0.0495332
0.0495221
0.049511
0.0495
0.0494889
0.0494778
0.0494668
0.0494557
0.0494447
0.0494336
0.0494226
0.0494115
0.0494005
0.0493894
0.0493784
0.0493673
0.0493563
0.0493453
0.0493342
0.0493232
0.0493122
0.0493012
0.0492901
0.0492791
0.0492681
0.0492571
0.0492461
0.0492351
0.0492241
0.0492131
0.0492021
0.0491911
0.0491801
0.0491691
0.0491581
0.0491471
0.0491361
0.0491251
0.0491141
0.0491031
0.0490922
0.0490812
0.0490702
0.0490592
0.0490483
0.0490373
0.0490264
0.0490154
0.0490044
0.0489935
0.0489825
0.0489716
0.0489606
0.0489497
0.0489387
0.0489278
0.0489169
0.0489059
0.048895
0.0488841
0.0488731
0.0488622
0.0488513
0.0488404
0.0488294
0.0488185
0.0488076
0.0487967
0.0487858
0.0487749
0.048764
0.0487531
0.0487422
0.0487313
0.0487204
0.0487095
0.0486986
0.0486878
0.0486769
0.048666
0.0486551
0.0486443
0.0486334
0.0486225
0.0486117
0.0486008
0.0485899
0.0485791
0.0485682
0.0485574
0.0485465
0.0485357
0.0485248
0.048514
0.0485032
0.0484923
0.0484815
0.0484707
0.0484599
0.048449
0.0484382
0.0484274
0.0484166
0.0484058
0.048395
0.0483842
0.0483734
0.0483626
0.0483518
0.048341
0.0483302
0.0483194
0.0483086
0.0482978
0.048287
0.0482763
0.0482655
0.0482547
0.0482439
0.0482332
0.0482224
0.0482117
0.0482009
0.0481902
0.0481794
0.0481687
0.0481579
0.0481472
0.0481364
0.0481257
0.048115
0.0481042
0.0480935
0.0480828
0.0480721
0.0480614
0.0480506
0.0480399
0.0480292
0.0480185
0.0480078
0.0479971
0.0479864
0.0479757
0.047965
0.0479543
0.0479437
0.047933
0.0479223
0.0479116
0.047901
0.0478903
0.0478796
0.047869
0.0478583
0.0478477
0.047837
0.0478264
0.0478157
0.0478051
0.0477944
0.0477838
0.0477732
0.0477625
0.0477519
0.0477413
0.0477307
0.04772
0.0477094
0.0476988
0.0476882
0.0476776
0.047667
0.0476564
0.0476458
0.0476352
0.0476246
0.0476141
0.0476035
0.0475929
0.0475823
0.0475717
0.0475612
0.0475506
0.0475401
0.0475295
0.0475189
0.0475084
0.0474978
0.0474873
0.0474768
0.0474662
0.0474557
0.0474452
0.0474346
0.0474241
0.0474136
0.0474031
0.0473926
0.047382
0.0473715
0.047361
0.0473505
0.04734
0.0473295
0.047319
0.0473086
0.0472981
0.0472876
0.0472771
0.0472666
0.0472562
0.0472457
0.0472353
0.0472248
0.0472143
0.0472039
0.0471934
0.047183
0.0471726
0.0471621
0.0471517
0.0471412
0.0471308
0.0471204
0.04711
0.0470996
0.0470891
0.0470787
0.0470683
0.0470579
0.0470475
0.0470371
0.0470267
0.0470164
0.047006
0.0469956
0.0469852
0.0469748
0.0469645
0.0469541
0.0469437
0.0469334
0.046923
0.0469127
0.0469023
0.046892
0.0468816
0.0468713
0.046861
0.0468506
0.0468403
0.04683
0.0468197
0.0468094
0.0467991
0.0467887
0.0467784
0.0467681
0.0467578
0.0467476
0.0467373
0.046727
0.0467167
0.0467064
0.0466962
0.0466859
0.0466756
0.0466654
0.0466551
0.0466448
0.0466346
0.0466243
0.0466141
0.0466039
0.0465936
0.0465834
0.0465732
0.0465629
0.0465527
0.0465425
0.0465323
0.0465221
0.0465119
0.0465017
0.0464915
0.0464813
0.0464711
0.0464609
0.0464507
0.0464406
0.0464304
0.0464202
0.0464101
0.0463999
0.0463897
0.0463796
0.0463694
0.0463593
0.0463491
0.046339
0.0463289
0.0463187
0.0463086
0.0462985
0.0462884
0.0462783
0.0462682
0.046258
0.0462479
0.0462378
0.0462278
0.0462177
0.0462076
0.0461975
0.0461874
0.0461773
0.0461673
0.0461572
0.0461471
0.0461371
0.046127
0.046117
0.0461069
0.0460969
0.0460869
0.0460768
0.0460668
0.0460568
0.0460468
0.0460367
0.0460267
0.0460167
0.0460067
0.0459967
0.0459867
0.0459767
0.0459667
0.0459568
0.0459468
0.0459368
0.0459268
0.0459169
0.0459069
0.0458969
0.045887
0.045877
0.0458671
0.0458572
0.0458472
0.0458373
0.0458274
0.0458174
0.0458075
0.0457976
0.0457877
0.0457778
0.0457679
0.045758
0.0457481
0.0457382
0.0457283
0.0457184
0.0457085
0.0456987
0.0456888
0.0456789
0.0456691
0.0456592
0.0456494
0.0456395
0.0456297
0.0456198
0.04561
0.0456002
0.0455903
0.0455805
0.0455707
0.0455609
0.0455511
0.0455413
0.0455315
0.0455217
0.0455119
0.0455021
0.0454923
0.0454825
0.0454728
0.045463
0.0454532
0.0454435
0.0454337
0.045424
0.0454142
0.0454045
0.0453947
0.045385
0.0453753
0.0453655
0.0453558
0.0453461
0.0453364
0.0453267
0.045317
0.0453073
0.0452976
0.0452879
0.0452782
0.0452685
0.0452589
0.0452492
0.0452395
0.0452299
0.0452202
0.0452106
0.0452009
0.0451913
0.0451816
0.045172
0.0451624
0.0451527
0.0451431
0.0451335
0.0451239
0.0451143
0.0451047
0.0450951
0.0450855
0.0450759
0.0450663
0.0450567
0.0450471
0.0450376
0.045028
0.0450184
0.0450089
0.0449993
0.0449898
0.0449802
0.0449707
0.0449612
0.0449516
0.0449421
0.0449326
0.0449231
0.0449136
0.044904
0.0448945
0.044885
0.0448756
0.0448661
0.0448566
0.0448471
0.0448376
0.0448282
0.0448187
0.0448092
0.0447998
0.0447903
0.0447809
0.0447714
0.044762
0.0447526
0.0447431
0.0447337
0.0447243
0.0447149
0.0447055
0.0446961
0.0446867
0.0446773
0.0446679
0.0446585
0.0446491
0.0446398
0.0446304
0.044621
0.0446117
0.0446023
0.0445929
0.0445836
0.0445743
0.0445649
0.0445556
0.0445463
0.0445369
0.0445276
0.0445183
0.044509
0.0444997
0.0444904
0.0444811
0.0444718
0.0444625
0.0444533
0.044444
0.0444347
0.0444254
0.0444162
0.0444069
0.0443977
0.0443884
0.0443792
0.04437
0.0443607
0.0443515
0.0443423
0.0443331
0.0443238
0.0443146
0.0443054
0.0442962
0.0442871
0.0442779
0.0442687
0.0442595
0.0442503
0.0442412
0.044232
0.0442228
0.0442137
0.0442045
0.0441954
0.0441863
0.0441771
0.044168
0.0441589
0.0441498
0.0441407
0.0441315
0.0441224
0.0441133
0.0441042
0.0440952
0.0440861
0.044077
0.0440679
0.0440589
0.0440498
0.0440407
0.0440317
0.0440226
0.0440136
0.0440045
0.0439955
0.0439865
0.0439775
0.0439684
0.0439594
0.0439504
0.0439414
0.0439324
0.0439234
0.0439144
0.0439055
0.0438965
0.0438875
0.0438785
0.0438696
0.0438606
0.0438517
0.0438427
0.0438338
0.0438248
0.0438159
0.043807
0.043798
0.0437891
0.0437802
0.0437713
0.0437624
0.0437535
0.0437446
0.0437357
0.0437268
0.043718
0.0437091
0.0437002
0.0436914
0.0436825
0.0436737
0.0436648
0.043656
0.0436471
0.0436383
0.0436295
0.0436207
0.0436118
0.043603
0.0435942
0.0435854
0.0435766
0.0435678
0.0435591
0.0435503
0.0435415
0.0435327
0.043524
0.0435152
0.0435065
0.0434977
0.043489
0.0434802
0.0434715
0.0434628
0.043454
0.0434453
0.0434366
0.0434279
0.0434192
0.0434105
0.0434018
0.0433931
0.0433844
0.0433758
0.0433671
0.0433584
0.0433498
0.0433411
0.0433325
0.0433238
0.0433152
0.0433065
0.0432979
0.0432893
0.0432807
0.0432721
0.0432634
0.0432548
0.0432462
0.0432376
0.0432291
0.0432205
0.0432119
0.0432033
0.0431948
0.0431862
0.0431776
0.0431691
0.0431605
0.043152
0.0431435
0.0431349
0.0431264
0.0431179
0.0431094
0.0431009
0.0430924
0.0430839
0.0430754
0.0430669
0.0430584
0.0430499
0.0430415
0.043033
0.0430245
0.0430161
0.0430076
0.0429992
0.0429907
0.0429823
0.0429739
0.0429654
0.042957
0.0429486
0.0429402
0.0429318
0.0429234
0.042915
0.0429066
0.0428982
0.0428899
0.0428815
0.0428731
0.0428648
0.0428564
0.0428481
0.0428397
0.0428314
0.042823
0.0428147
0.0428064
0.0427981
0.0427898
0.0427814
0.0427731
0.0427648
0.0427566
0.0427483
0.04274
0.0427317
0.0427234
0.0427152
0.0427069
0.0426987
0.0426904
0.0426822
0.0426739
0.0426657
0.0426575
0.0426493
0.042641
0.0426328
0.0426246
0.0426164
0.0426082
0.0426
0.0425918
0.0425837
0.0425755
0.0425673
0.0425592
0.042551
0.0425429
0.0425347
0.0425266
0.0425184
0.0425103
0.0425022
0.0424941
0.0424859
0.0424778
0.0424697
0.0424616
0.0424535
0.0424454
0.0424374
0.0424293
0.0424212
0.0424132
0.0424051
0.042397
0.042389
0.0423809
0.0423729
0.0423649
0.0423568
0.0423488
0.0423408
0.0423328
0.0423248
0.0423168
0.0423088
0.0423008
0.0422928
0.0422848
0.0422769
0.0422689
0.0422609
0.042253
0.042245
0.0422371
0.0422291
0.0422212
0.0422133
0.0422053
0.0421974
0.0421895
0.0421816
0.0421737
0.0421658
0.0421579
0.04215
0.0421421
0.0421343
0.0421264
0.0421185
0.0421107
0.0421028
0.042095
0.0420871
0.0420793
0.0420714
0.0420636
0.0420558
0.042048
0.0420402
0.0420324
0.0420246
0.0420168
0.042009
0.0420012
0.0419934
0.0419856
0.0419779
0.0419701
0.0419624
0.0419546
0.0419469
0.0419391
0.0419314
0.0419237
0.0419159
0.0419082
0.0419005
0.0418928
0.0418851
0.0418774
0.0418697
0.041862
0.0418544
0.0418467
0.041839
0.0418313
0.0418237
0.041816
0.0418084
0.0418007
0.0417931
0.0417855
0.0417779
0.0417702
0.0417626
0.041755
0.0417474
0.0417398
0.0417322
0.0417246
0.0417171
0.0417095
0.0417019
0.0416943
0.0416868
0.0416792
0.0416717
0.0416641
0.0416566
0.0416491
0.0416415
0.041634
0.0416265
0.041619
0.0416115
0.041604
0.0415965
0.041589
0.0415815
0.0415741
0.0415666
0.0415591
0.0415517
0.0415442
0.0415368
0.0415293
0.0415219
0.0415144
0.041507
0.0414996
0.0414922
0.0414848
0.0414774
0.04147
0.0414626
0.0414552
0.0414478
0.0414404
0.041433
0.0414257
0.0414183
0.0414109
0.0414036
0.0413963
0.0413889
0.0413816
0.0413742
0.0413669
0.0413596
0.0413523
0.041345
0.0413377
0.0413304
0.0413231
0.0413158
0.0413085
0.0413013
0.041294
0.0412867
0.0412795
0.0412722
0.041265
0.0412577
0.0412505
0.0412433
0.041236
0.0412288
0.0412216
0.0412144
0.0412072
0.0412
0.0411928
0.0411856
0.0411784
0.0411713
0.0411641
0.0411569
0.0411498
0.0411426
0.0411355
0.0411283
0.0411212
0.0411141
0.0411069
0.0410998
0.0410927
0.0410856
0.0410785
0.0410714
0.0410643
0.0410572
0.0410501
0.0410431
0.041036
0.0410289
0.0410219
0.0410148
0.0410078
0.0410007
0.0409937
0.0409866
0.0409796
0.0409726
0.0409656
0.0409586
0.0409516
0.0409446
0.0409376
0.0409306
0.0409236
0.0409166
0.0409096
0.0409027
0.0408957
0.0408888
0.0408818
0.0408749
0.0408679
0.040861
0.0408541
0.0408471
0.0408402
0.0408333
0.0408264
0.0408195
0.0408126
0.0408057
0.0407988
0.0407919
0.0407851
0.0407782
0.0407713
0.0407645
0.0407576
0.0407508
0.0407439
0.0407371
0.0407303
0.0407234
0.0407166
0.0407098
0.040703
0.0406962
0.0406894
0.0406826
0.0406758
0.040669
0.0406623
0.0406555
0.0406487
0.040642
0.0406352
0.0406285
0.0406217
0.040615
0.0406083
0.0406015
0.0405948
0.0405881
0.0405814
0.0405747
0.040568
0.0405613
0.0405546
0.0405479
0.0405412
0.0405346
0.0405279
0.0405212
0.0405146
0.0405079
0.0405013
0.0404946
0.040488
0.0404814
0.0404747
0.0404681
0.0404615
0.0404549
0.0404483
0.0404417
0.0404351
0.0404285
0.040422
0.0404154
0.0404088
0.0404022
0.0403957
0.0403891
0.0403826
0.040376
0.0403695
0.040363
0.0403564
0.0403499
0.0403434
0.0403369
0.0403304
0.0403239
0.0403174
0.0403109
0.0403044
0.040298
0.0402915
0.040285
0.0402785
0.0402721
0.0402656
0.0402592
0.0402528
0.0402463
0.0402399
0.0402335
0.0402271
0.0402206
0.0402142
0.0402078
0.0402014
0.040195
0.0401887
0.0401823
0.0401759
0.0401695
0.0401632
0.0401568
0.0401504
0.0401441
0.0401378
0.0401314
0.0401251
0.0401188
0.0401124
0.0401061
0.0400998
0.0400935
0.0400872
0.0400809
0.0400746
0.0400683
0.0400621
0.0400558
0.0400495
0.0400432
0.040037
0.0400307
0.0400245
0.0400182
0.040012
0.0400058
0.0399996
0.0399933
0.0399871
0.0399809
0.0399747
0.0399685
0.0399623
0.0399561
0.0399499
0.0399438
0.0399376
0.0399314
0.0399253
0.0399191
0.0399129
0.0399068
0.0399007
0.0398945
0.0398884
0.0398823
0.0398762
0.03987
0.0398639
0.0398578
0.0398517
0.0398456
0.0398395
0.0398335
0.0398274
0.0398213
0.0398152
0.0398092
0.0398031
0.0397971
0.039791
0.039785
0.039779
0.0397729
0.0397669
0.0397609
0.0397549
0.0397489
0.0397429
0.0397369
0.0397309
0.0397249
0.0397189
0.0397129
0.0397069
0.039701
0.039695
0.0396891
0.0396831
0.0396772
0.0396712
0.0396653
0.0396594
0.0396534
0.0396475
0.0396416
0.0396357
0.0396298
0.0396239
0.039618
0.0396121
0.0396062
0.0396003
0.0395945
0.0395886
0.0395827
0.0395769
0.039571
0.0395652
0.0395593
0.0395535
0.0395477
0.0395419
0.039536
0.0395302
0.0395244
0.0395186
0.0395128
0.039507
0.0395012
0.0394954
0.0394897
0.0394839
0.0394781
0.0394724
0.0394666
0.0394608
0.0394551
0.0394494
0.0394436
0.0394379
0.0394322
0.0394264
0.0394207
0.039415
0.0394093
0.0394036
0.0393979
0.0393922
0.0393865
0.0393808
0.0393752
0.0393695
0.0393638
0.0393582
0.0393525
0.0393469
0.0393412
0.0393356
0.0393299
0.0393243
0.0393187
0.0393131
0.0393075
0.0393018
0.0392962
0.0392906
0.0392851
0.0392795
0.0392739
0.0392683
0.0392627
0.0392572
0.0392516
0.039246
0.0392405
0.0392349
0.0392294
0.0392239
0.0392183
0.0392128
0.0392073
0.0392018
0.0391962
0.0391907
0.0391852
0.0391797
0.0391742
0.0391688
0.0391633
0.0391578
0.0391523
0.0391469
0.0391414
0.0391359
0.0391305
0.039125
0.0391196
0.0391142
0.0391087
0.0391033
0.0390979
0.0390925
0.0390871
0.0390817
0.0390763
0.0390709
0.0390655
0.0390601
0.0390547
0.0390493
0.039044
0.0390386
0.0390332
0.0390279
0.0390225
0.0390172
0.0390118
0.0390065
0.0390012
0.0389958
0.0389905
0.0389852
0.0389799
0.0389746
0.0389693
0.038964
0.0389587
0.0389534
0.0389481
0.0389428
0.0389376
0.0389323
0.038927
0.0389218
0.0389165
0.0389113
0.0389061
0.0389008
0.0388956
0.0388904
0.0388851
0.0388799
0.0388747
0.0388695
0.0388643
0.0388591
0.0388539
0.0388487
0.0388435
0.0388384
0.0388332
0.038828
0.0388229
0.0388177
0.0388125
0.0388074
0.0388023
0.0387971
0.038792
0.0387869
0.0387817
0.0387766
0.0387715
0.0387664
0.0387613
0.0387562
0.0387511
0.038746
0.0387409
0.0387358
0.0387308
0.0387257
0.0387206
0.0387156
0.0387105
0.0387055
0.0387004
0.0386954
0.0386903
0.0386853
0.0386803
0.0386753
0.0386702
0.0386652
0.0386602
0.0386552
0.0386502
0.0386452
0.0386402
0.0386353
0.0386303
0.0386253
0.0386203
0.0386154
0.0386104
0.0386055
0.0386005
0.0385956
0.0385906
0.0385857
0.0385808
0.0385758
0.0385709
0.038566
0.0385611
0.0385562
0.0385513
0.0385464
0.0385415
0.0385366
0.0385317
0.0385268
0.038522
0.0385171
0.0385122
0.0385074
0.0385025
0.0384977
0.0384928
0.038488
0.0384832
0.0384783
0.0384735
0.0384687
0.0384639
0.0384591
0.0384542
0.0384494
0.0384447
0.0384399
0.0384351
0.0384303
0.0384255
0.0384207
0.038416
0.0384112
0.0384064
0.0384017
0.0383969
0.0383922
0.0383875
0.0383827
0.038378
0.0383733
0.0383685
0.0383638
0.0383591
0.0383544
0.0383497
0.038345
0.0383403
0.0383356
0.0383309
0.0383262
0.0383216
0.0383169
0.0383122
0.0383076
0.0383029
0.0382983
0.0382936
0.038289
0.0382843
0.0382797
0.0382751
0.0382704
0.0382658
0.0382612
0.0382566
0.038252
0.0382474
0.0382428
0.0382382
0.0382336
0.038229
0.0382245
0.0382199
0.0382153
0.0382107
0.0382062
0.0382016
0.0381971
0.0381925
0.038188
0.0381834
0.0381789
0.0381744
0.0381699
0.0381653
0.0381608
0.0381563
0.0381518
0.0381473
0.0381428
0.0381383
0.0381338
0.0381294
0.0381249
0.0381204
0.0381159
0.0381115
0.038107
0.0381025
0.0380981
0.0380937
0.0380892
0.0380848
0.0380803
0.0380759
0.0380715
0.0380671
0.0380626
0.0380582
0.0380538
0.0380494
0.038045
0.0380406
0.0380362
0.0380319
0.0380275
0.0380231
0.0380187
0.0380144
0.03801
0.0380057
0.0380013
0.037997
0.0379926
0.0379883
0.0379839
0.0379796
0.0379753
0.037971
0.0379666
0.0379623
0.037958
0.0379537
0.0379494
0.0379451
0.0379408
0.0379365
0.0379323
0.037928
0.0379237
0.0379194
0.0379152
0.0379109
0.0379067
0.0379024
0.0378982
0.0378939
0.0378897
0.0378854
0.0378812
0.037877
0.0378728
0.0378685
0.0378643
0.0378601
0.0378559
0.0378517
0.0378475
0.0378433
0.0378391
0.037835
0.0378308
0.0378266
0.0378224
0.0378183
0.0378141
0.03781
0.0378058
0.0378017
0.0377975
0.0377934
0.0377892
0.0377851
0.037781
0.0377769
0.0377728
0.0377686
0.0377645
0.0377604
0.0377563
0.0377522
0.0377481
0.0377441
0.03774
0.0377359
0.0377318
0.0377277
0.0377237
0.0377196
0.0377156
0.0377115
0.0377075
0.0377034
0.0376994
0.0376953
0.0376913
0.0376873
0.0376832
0.0376792
0.0376752
0.0376712
0.0376672
0.0376632
0.0376592
0.0376552
0.0376512
0.0376472
0.0376432
0.0376393
0.0376353
0.0376313
0.0376274
0.0376234
0.0376194
0.0376155
0.0376115
0.0376076
0.0376037
0.0375997
0.0375958
0.0375919
0.0375879
0.037584
0.0375801
0.0375762
0.0375723
0.0375684
0.0375645
0.0375606
0.0375567
0.0375528
0.0375489
0.037545
0.0375412
0.0375373
0.0375334
0.0375296
0.0375257
0.0375219
0.037518
0.0375142
0.0375103
0.0375065
0.0375027
0.0374988
0.037495
0.0374912
0.0374874
0.0374836
0.0374797
0.0374759
0.0374721
0.0374683
0.0374646
0.0374608
0.037457
0.0374532
0.0374494
0.0374457
0.0374419
0.0374381
0.0374344
0.0374306
0.0374269
0.0374231
0.0374194
0.0374156
0.0374119
0.0374082
0.0374044
0.0374007
0.037397
0.0373933
0.0373896
0.0373858
0.0373821
0.0373784
0.0373747
0.0373711
0.0373674
0.0373637
0.03736
0.0373563
0.0373527
0.037349
0.0373453
0.0373417
0.037338
0.0373344
0.0373307
0.0373271
0.0373234
0.0373198
0.0373162
0.0373125
0.0373089
0.0373053
0.0373017
0.037298
0.0372944
0.0372908
0.0372872
0.0372836
0.03728
0.0372765
0.0372729
0.0372693
0.0372657
0.0372621
0.0372586
0.037255
0.0372514
0.0372479
0.0372443
0.0372408
0.0372372
0.0372337
0.0372301
0.0372266
0.0372231
0.0372195
0.037216
0.0372125
0.037209
0.0372055
0.037202
0.0371985
0.037195
0.0371915
0.037188
0.0371845
0.037181
0.0371775
0.037174
0.0371706
0.0371671
0.0371636
0.0371602
0.0371567
0.0371533
0.0371498
0.0371464
0.0371429
0.0371395
0.037136
0.0371326
0.0371292
0.0371257
0.0371223
0.0371189
0.0371155
0.0371121
0.0371087
0.0371053
0.0371019
0.0370985
0.0370951
0.0370917
0.0370883
0.0370849
0.0370816
0.0370782
0.0370748
0.0370715
0.0370681
0.0370647
0.0370614
0.037058
0.0370547
0.0370514
0.037048
0.0370447
0.0370413
0.037038
0.0370347
0.0370314
0.0370281
0.0370247
0.0370214
0.0370181
0.0370148
0.0370115
0.0370082
0.0370049
0.0370017
0.0369984
0.0369951
0.0369918
0.0369885
0.0369853
0.036982
0.0369787
0.0369755
0.0369722
0.036969
0.0369657
0.0369625
0.0369593
0.036956
0.0369528
0.0369496
0.0369463
0.0369431
0.0369399
0.0369367
0.0369335
0.0369303
0.0369271
0.0369239
0.0369207
0.0369175
0.0369143
0.0369111
0.0369079
0.0369047
0.0369016
0.0368984
0.0368952
0.036892
0.0368889
0.0368857
0.0368826
0.0368794
0.0368763
0.0368731
0.03687
0.0368669
0.0368637
0.0368606
0.0368575
0.0368543
0.0368512
0.0368481
0.036845
0.0368419
0.0368388
0.0368357
0.0368326
0.0368295
0.0368264
0.0368233
0.0368202
0.0368172
0.0368141
0.036811
0.0368079
0.0368049
0.0368018
0.0367988
0.0367957
0.0367926
0.0367896
0.0367865
0.0367835
0.0367805
0.0367774
0.0367744
0.0367714
0.0367683
0.0367653
0.0367623
0.0367593
0.0367563
0.0367533
0.0367503
0.0367473
0.0367443
0.0367413
0.0367383
0.0367353
0.0367323
0.0367293
0.0367264
0.0367234
0.0367204
0.0367175
0.0367145
0.0367115
0.0367086
0.0367056
0.0367027
0.0366997
0.0366968
0.0366938
0.0366909
0.036688
0.036685
0.0366821
0.0366792
0.0366763
0.0366734
0.0366704
0.0366675
0.0366646
0.0366617
0.0366588
0.0366559
0.036653
0.0366502
0.0366473
0.0366444
0.0366415
0.0366386
0.0366358
0.0366329
0.03663
0.0366272
0.0366243
0.0366214
0.0366186
0.0366157
0.0366129
0.03661
0.0366072
0.0366044
0.0366015
0.0365987
0.0365959
0.0365931
0.0365902
0.0365874
0.0365846
0.0365818
0.036579
0.0365762
0.0365734
0.0365706
0.0365678
0.036565
0.0365622
0.0365594
0.0365566
0.0365539
0.0365511
0.0365483
0.0365456
0.0365428
0.03654
0.0365373
0.0365345
0.0365318
0.036529
0.0365263
0.0365235
0.0365208
0.036518
0.0365153
0.0365126
0.0365099
0.0365071
0.0365044
0.0365017
0.036499
0.0364963
0.0364936
0.0364909
0.0364882
0.0364855
0.0364828
0.0364801
0.0364774
0.0364747
0.036472
0.0364693
0.0364667
0.036464
0.0364613
0.0364586
0.036456
0.0364533
0.0364507
0.036448
0.0364454
0.0364427
0.0364401
0.0364374
0.0364348
0.0364321
0.0364295
0.0364269
0.0364243
0.0364216
0.036419
0.0364164
0.0364138
0.0364112
0.0364086
0.036406
0.0364034
0.0364008
0.0363982
0.0363956
0.036393
0.0363904
0.0363878
0.0363852
0.0363827
0.0363801
0.0363775
0.0363749
0.0363724
0.0363698
0.0363673
0.0363647
0.0363621
0.0363596
0.036357
0.0363545
0.036352
0.0363494
0.0363469
0.0363444
0.0363418
0.0363393
0.0363368
0.0363343
0.0363317
0.0363292
0.0363267
0.0363242
0.0363217
0.0363192
0.0363167
0.0363142
0.0363117
0.0363092
0.0363067
0.0363042
0.0363018
0.0362993
0.0362968
0.0362943
0.0362919
0.0362894
0.0362869
0.0362845
0.036282
0.0362796
0.0362771
0.0362747
0.0362722
0.0362698
0.0362673
0.0362649
0.0362625
0.03626
0.0362576
0.0362552
0.0362528
0.0362503
0.0362479
0.0362455
0.0362431
0.0362407
0.0362383
0.0362359
0.0362335
0.0362311
0.0362287
0.0362263
0.0362239
0.0362215
0.0362191
0.0362168
0.0362144
0.036212
0.0362096
0.0362073
0.0362049
0.0362025
0.0362002
0.0361978
0.0361955
0.0361931
0.0361908
0.0361884
0.0361861
0.0361837
0.0361814
0.0361791
0.0361767
0.0361744
0.0361721
0.0361698
0.0361674
0.0361651
0.0361628
0.0361605
0.0361582
0.0361559
0.0361536
0.0361513
0.036149
0.0361467
0.0361444
0.0361421
0.0361398
0.0361375
0.0361352
0.036133
0.0361307
0.0361284
0.0361262
0.0361239
0.0361216
0.0361194
0.0361171
0.0361148
0.0361126
0.0361103
0.0361081
0.0361058
0.0361036
0.0361014
0.0360991
0.0360969
0.0360947
0.0360924
0.0360902
0.036088
0.0360858
0.0360835
0.0360813
0.0360791
0.0360769
0.0360747
0.0360725
0.0360703
0.0360681
0.0360659
0.0360637
0.0360615
0.0360593
0.0360571
0.0360549
0.0360528
0.0360506
0.0360484
0.0360462
0.0360441
0.0360419
0.0360397
0.0360376
0.0360354
0.0360333
0.0360311
0.036029
0.0360268
0.0360247
0.0360225
0.0360204
0.0360182
0.0360161
0.036014
0.0360118
0.0360097
0.0360076
0.0360055
0.0360033
0.0360012
0.0359991
0.035997
0.0359949
0.0359928
0.0359907
0.0359886
0.0359865
0.0359844
0.0359823
0.0359802
0.0359781
0.035976
0.0359739
0.0359719
0.0359698
0.0359677
0.0359656
0.0359636
0.0359615
0.0359594
0.0359574
0.0359553
0.0359532
0.0359512
0.0359491
0.0359471
0.035945
0.035943
0.035941
0.0359389
0.0359369
0.0359348
0.0359328
0.0359308
0.0359287
0.0359267
0.0359247
0.0359227
0.0359207
0.0359186
0.0359166
0.0359146
0.0359126
0.0359106
0.0359086
0.0359066
0.0359046
0.0359026
0.0359006
0.0358986
0.0358967
0.0358947
0.0358927
0.0358907
0.0358887
0.0358868
0.0358848
0.0358828
0.0358808
0.0358789
0.0358769
0.035875
0.035873
0.035871
0.0358691
0.0358671
0.0358652
0.0358632
0.0358613
0.0358594
0.0358574
0.0358555
0.0358536
0.0358516
0.0358497
0.0358478
0.0358458
0.0358439
0.035842
0.0358401
0.0358382
0.0358363
0.0358344
0.0358324
0.0358305
0.0358286
0.0358267
0.0358248
0.0358229
0.0358211
0.0358192
0.0358173
0.0358154
0.0358135
0.0358116
0.0358097
0.0358079
0.035806
0.0358041
0.0358023
0.0358004
0.0357985
0.0357967
0.0357948
0.035793
0.0357911
0.0357892
0.0357874
0.0357855
0.0357837
0.0357819
0.03578
0.0357782
0.0357763
0.0357745
0.0357727
0.0357709
0.035769
0.0357672
0.0357654
0.0357636
0.0357617
0.0357599
0.0357581
0.0357563
0.0357545
0.0357527
0.0357509
0.0357491
0.0357473
0.0357455
0.0357437
0.0357419
0.0357401
0.0357383
0.0357365
0.0357348
0.035733
0.0357312
0.0357294
0.0357277
0.0357259
0.0357241
0.0357223
0.0357206
0.0357188
0.0357171
0.0357153
0.0357135
0.0357118
0.03571
0.0357083
0.0357065
0.0357048
0.0357031
0.0357013
0.0356996
0.0356978
0.0356961
0.0356944
0.0356927
0.0356909
0.0356892
0.0356875
0.0356858
0.035684
0.0356823
0.0356806
0.0356789
0.0356772
0.0356755
0.0356738
0.0356721
0.0356704
0.0356687
0.035667
0.0356653
0.0356636
0.0356619
0.0356602
0.0356585
0.0356569
0.0356552
0.0356535
0.0356518
0.0356501
0.0356485
0.0356468
0.0356451
0.0356435
0.0356418
0.0356402
0.0356385
0.0356368
0.0356352
0.0356335
0.0356319
0.0356302
0.0356286
0.0356269
0.0356253
0.0356237
0.035622
0.0356204
0.0356188
0.0356171
0.0356155
0.0356139
0.0356122
0.0356106
0.035609
0.0356074
0.0356058
0.0356042
0.0356025
0.0356009
0.0355993
0.0355977
0.0355961
0.0355945
0.0355929
0.0355913
0.0355897
0.0355881
0.0355865
0.0355849
0.0355834
0.0355818
0.0355802
0.0355786
0.035577
0.0355755
0.0355739
0.0355723
0.0355707
0.0355692
0.0355676
0.035566
0.0355645
0.0355629
0.0355614
0.0355598
0.0355582
0.0355567
0.0355551
0.0355536
0.0355521
0.0355505
0.035549
0.0355474
0.0355459
0.0355444
0.0355428
0.0355413
0.0355398
0.0355382
0.0355367
0.0355352
0.0355337
0.0355321
0.0355306
0.0355291
0.0355276
0.0355261
0.0355246
0.0355231
0.0355216
0.0355201
0.0355186
0.0355171
0.0355156
0.0355141
0.0355126
0.0355111
0.0355096
0.0355081
0.0355066
0.0355051
0.0355037
0.0355022
0.0355007
0.0354992
0.0354977
0.0354963
0.0354948
0.0354933
0.0354919
0.0354904
0.0354889
0.0354875
0.035486
0.0354846
0.0354831
0.0354817
0.0354802
0.0354788
0.0354773
0.0354759
0.0354744
0.035473
0.0354715
0.0354701
0.0354687
0.0354672
0.0354658
0.0354644
0.035463
0.0354615
0.0354601
0.0354587
0.0354573
0.0354558
0.0354544
0.035453
0.0354516
0.0354502
0.0354488
0.0354474
0.035446
0.0354446
0.0354432
0.0354418
0.0354404
0.035439
0.0354376
0.0354362
0.0354348
0.0354334
0.035432
0.0354306
0.0354293
0.0354279
0.0354265
0.0354251
0.0354238
0.0354224
0.035421
0.0354196
0.0354183
0.0354169
0.0354155
0.0354142
0.0354128
0.0354115
0.0354101
0.0354088
0.0354074
0.035406
0.0354047
0.0354034
0.035402
0.0354007
0.0353993
0.035398
0.0353966
0.0353953
0.035394
0.0353926
0.0353913
0.03539
0.0353887
0.0353873
0.035386
0.0353847
0.0353834
0.035382
0.0353807
0.0353794
0.0353781
0.0353768
0.0353755
0.0353742
0.0353729
0.0353716
0.0353703
0.035369
0.0353677
0.0353664
0.0353651
0.0353638
0.0353625
0.0353612
0.0353599
0.0353586
0.0353573
0.0353561
0.0353548
0.0353535
0.0353522
0.0353509
0.0353497
0.0353484
0.0353471
0.0353459
0.0353446
0.0353433
0.0353421
0.0353408
0.0353395
0.0353383
0.035337
0.0353358
0.0353345
0.0353333
0.035332
0.0353308
0.0353295
0.0353283
0.035327
0.0353258
0.0353246
0.0353233
0.0353221
0.0353209
0.0353196
0.0353184
0.0353172
0.0353159
0.0353147
0.0353135
0.0353123
0.035311
0.0353098
0.0353086
0.0353074
0.0353062
0.035305
0.0353038
0.0353025
0.0353013
0.0353001
0.0352989
0.0352977
0.0352965
0.0352953
0.0352941
0.0352929
0.0352917
0.0352905
0.0352894
0.0352882
0.035287
0.0352858
0.0352846
0.0352834
0.0352822
0.0352811
0.0352799
0.0352787
0.0352775
0.0352764
0.0352752
0.035274
0.0352729
0.0352717
0.0352705
0.0352694
0.0352682
0.0352671
0.0352659
0.0352647
0.0352636
0.0352624
0.0352613
0.0352601
0.035259
0.0352578
0.0352567
0.0352555
0.0352544
0.0352533
0.0352521
0.035251
0.0352499
0.0352487
0.0352476
0.0352465
0.0352453
0.0352442
0.0352431
0.035242
0.0352408
0.0352397
0.0352386
0.0352375
0.0352364
0.0352352
0.0352341
0.035233
0.0352319
0.0352308
0.0352297
0.0352286
0.0352275
0.0352264
0.0352253
0.0352242
0.0352231
0.035222
0.0352209
0.0352198
0.0352187
0.0352176
0.0352165
0.0352155
0.0352144
0.0352133
0.0352122
0.0352111
0.03521
0.035209
0.0352079
0.0352068
0.0352057
0.0352047
0.0352036
0.0352025
0.0352015
0.0352004
0.0351993
0.0351983
0.0351972
0.0351962
0.0351951
0.035194
0.035193
0.0351919
0.0351909
0.0351898
0.0351888
0.0351877
0.0351867
0.0351857
0.0351846
0.0351836
0.0351825
0.0351815
0.0351805
0.0351794
0.0351784
0.0351774
0.0351763
0.0351753
0.0351743
0.0351732
0.0351722
0.0351712
0.0351702
0.0351692
0.0351681
0.0351671
0.0351661
0.0351651
0.0351641
0.0351631
0.0351621
0.0351611
0.03516
0.035159
0.035158
0.035157
0.035156
0.035155
0.035154
0.035153
0.035152
0.0351511
0.0351501
0.0351491
0.0351481
0.0351471
0.0351461
0.0351451
0.0351441
0.0351432
0.0351422
0.0351412
0.0351402
0.0351392
0.0351383
0.0351373
0.0351363
0.0351353
0.0351344
0.0351334
0.0351324
0.0351315
0.0351305
0.0351296
0.0351286
0.0351276
0.0351267
0.0351257
0.0351248
0.0351238
0.0351229
0.0351219
0.035121
0.03512
0.0351191
0.0351181
0.0351172
0.0351162
0.0351153
0.0351143
0.0351134
0.0351125
0.0351115
0.0351106
0.0351097
0.0351087
0.0351078
0.0351069
0.035106
0.035105
0.0351041
0.0351032
0.0351023
0.0351013
0.0351004
0.0350995
0.0350986
0.0350977
0.0350968
0.0350958
0.0350949
0.035094
0.0350931
0.0350922
0.0350913
0.0350904
0.0350895
0.0350886
0.0350877
0.0350868
0.0350859
0.035085
0.0350841
0.0350832
0.0350823
0.0350814
0.0350805
0.0350796
0.0350788
0.0350779
0.035077
0.0350761
0.0350752
0.0350743
0.0350735
0.0350726
0.0350717
0.0350708
0.03507
0.0350691
0.0350682
0.0350673
0.0350665
0.0350656
0.0350647
0.0350639
0.035063
0.0350622
0.0350613
0.0350604
0.0350596
0.0350587
0.0350579
0.035057
0.0350562
0.0350553
0.0350545
0.0350536
0.0350528
0.0350519
0.0350511
0.0350502
0.0350494
0.0350485
0.0350477
0.0350469
0.035046
0.0350452
0.0350443
0.0350435
0.0350427
0.0350418
0.035041
0.0350402
0.0350394
0.0350385
0.0350377
0.0350369
0.0350361
0.0350352
0.0350344
0.0350336
0.0350328
0.035032
0.0350312
0.0350303
0.0350295
0.0350287
0.0350279
0.0350271
0.0350263
0.0350255
0.0350247
0.0350239
0.0350231
0.0350223
0.0350215
0.0350207
0.0350199
0.0350191
0.0350183
0.0350175
0.0350167
0.0350159
0.0350151
0.0350143
0.0350135
0.0350128
0.035012
0.0350112
0.0350104
0.0350096
0.0350088
0.0350081
0.0350073
0.0350065
0.0350057
0.035005
0.0350042
0.0350034
0.0350026
0.0350019
0.0350011
0.0350003
0.0349996
0.0349988
0.034998
0.0349973
0.0349965
0.0349958
0.034995
0.0349942
0.0349935
0.0349927
0.034992
0.0349912
0.0349905
0.0349897
0.034989
0.0349882
0.0349875
0.0349867
0.034986
0.0349852
0.0349845
0.0349837
0.034983
0.0349823
0.0349815
0.0349808
0.0349801
0.0349793
0.0349786
0.0349779
0.0349771
0.0349764
0.0349757
0.0349749
0.0349742
0.0349735
0.0349728
0.034972
0.0349713
0.0349706
0.0349699
0.0349692
0.0349684
0.0349677
0.034967
0.0349663
0.0349656
0.0349649
0.0349642
0.0349635
0.0349627
0.034962
0.0349613
0.0349606
0.0349599
0.0349592
0.0349585
0.0349578
0.0349571
0.0349564
0.0349557
0.034955
0.0349543
0.0349536
0.0349529
0.0349523
0.0349516
0.0349509
0.0349502
0.0349495
0.0349488
0.0349481
0.0349474
0.0349468
0.0349461
0.0349454
0.0349447
0.034944
0.0349434
0.0349427
0.034942
0.0349413
0.0349407
0.03494
0.0349393
0.0349387
0.034938
0.0349373
0.0349367
0.034936
0.0349353
0.0349347
0.034934
0.0349333
0.0349327
0.034932
0.0349314
0.0349307
0.03493
0.0349294
0.0349287
0.0349281
0.0349274
0.0349268
0.0349261
0.0349255
0.0349248
0.0349242
0.0349236
0.0349229
0.0349223
0.0349216
0.034921
0.0349203
0.0349197
0.0349191
0.0349184
0.0349178
0.0349172
0.0349165
0.0349159
0.0349153
0.0349146
0.034914
0.0349134
0.0349127
0.0349121
0.0349115
0.0349109
0.0349102
0.0349096
0.034909
0.0349084
0.0349078
0.0349071
0.0349065
0.0349059
0.0349053
0.0349047
0.0349041
0.0349035
0.0349029
0.0349022
0.0349016
0.034901
0.0349004
0.0348998
0.0348992
0.0348986
0.034898
0.0348974
0.0348968
0.0348962
0.0348956
0.034895
0.0348944
0.0348938
0.0348932
0.0348926
0.034892
0.0348914
0.0348908
0.0348903
0.0348897
0.0348891
0.0348885
0.0348879
0.0348873
0.0348867
0.0348862
0.0348856
0.034885
0.0348844
0.0348838
0.0348833
0.0348827
0.0348821
0.0348815
0.034881
0.0348804
0.0348798
0.0348792
0.0348787
0.0348781
0.0348775
0.034877
0.0348764
0.0348758
0.0348753
0.0348747
0.0348741
0.0348736
0.034873
0.0348725
0.0348719
0.0348713
0.0348708
0.0348702
0.0348697
0.0348691
0.0348686
0.034868
0.0348675
0.0348669
0.0348664
0.0348658
0.0348653
0.0348647
0.0348642
0.0348636
0.0348631
0.0348626
0.034862
0.0348615
0.0348609
0.0348604
0.0348599
0.0348593
0.0348588
0.0348583
0.0348577
0.0348572
0.0348567
0.0348561
0.0348556
0.0348551
0.0348545
0.034854
0.0348535
0.034853
0.0348524
0.0348519
0.0348514
0.0348509
0.0348503
0.0348498
0.0348493
0.0348488
0.0348483
0.0348477
0.0348472
0.0348467
0.0348462
0.0348457
0.0348452
0.0348447
0.0348442
0.0348436
0.0348431
0.0348426
0.0348421
0.0348416
0.0348411
0.0348406
0.0348401
0.0348396
0.0348391
0.0348386
0.0348381
0.0348376
0.0348371
0.0348366
0.0348361
0.0348356
0.0348351
0.0348346
0.0348341
0.0348337
0.0348332
0.0348327
0.0348322
0.0348317
0.0348312
0.0348307
0.0348302
0.0348298
0.0348293
0.0348288
0.0348283
0.0348278
0.0348273
0.0348269
0.0348264
0.0348259
0.0348254
0.034825
0.0348245
0.034824
0.0348235
0.0348231
0.0348226
0.0348221
0.0348217
0.0348212
0.0348207
0.0348202
0.0348198
0.0348193
0.0348189
0.0348184
0.0348179
0.0348175
0.034817
0.0348165
0.0348161
0.0348156
0.0348152
0.0348147
0.0348143
0.0348138
0.0348133
0.0348129
0.0348124
0.034812
0.0348115
0.0348111
0.0348106
0.0348102
0.0348097
0.0348093
0.0348088
0.0348084
0.034808
0.0348075
0.0348071
0.0348066
0.0348062
0.0348057
0.0348053
0.0348049
0.0348044
0.034804
0.0348036
0.0348031
0.0348027
0.0348022
0.0348018
0.0348014
0.034801
0.0348005
0.0348001
0.0347997
0.0347992
0.0347988
0.0347984
0.034798
0.0347975
0.0347971
0.0347967
0.0347963
0.0347958
0.0347954
0.034795
0.0347946
0.0347942
0.0347937
0.0347933
0.0347929
0.0347925
0.0347921
0.0347917
0.0347913
0.0347908
0.0347904
0.03479
0.0347896
0.0347892
0.0347888
0.0347884
0.034788
0.0347876
0.0347872
0.0347868
0.0347864
0.034786
0.0347856
0.0347852
0.0347848
0.0347844
0.034784
0.0347836
0.0347832
0.0347828
0.0347824
0.034782
0.0347816
0.0347812
0.0347808
0.0347804
0.03478
0.0347796
0.0347792
0.0347788
0.0347785
0.0347781
0.0347777
0.0347773
0.0347769
0.0347765
0.0347761
0.0347758
0.0347754
0.034775
0.0347746
0.0347742
0.0347739
0.0347735
0.0347731
0.0347727
0.0347723
0.034772
0.0347716
0.0347712
0.0347709
0.0347705
0.0347701
0.0347697
0.0347694
0.034769
0.0347686
0.0347683
0.0347679
0.0347675
0.0347672
0.0347668
0.0347664
0.0347661
0.0347657
0.0347653
0.034765
0.0347646
0.0347643
0.0347639
0.0347635
0.0347632
0.0347628
0.0347625
0.0347621
0.0347618
0.0347614
0.0347611
0.0347607
0.0347604
0.03476
0.0347597
0.0347593
0.034759
0.0347586
0.0347583
0.0347579
0.0347576
0.0347572
0.0347569
0.0347565
0.0347562
0.0347558
0.0347555
0.0347552
0.0347548
0.0347545
0.0347541
0.0347538
0.0347535
0.0347531
0.0347528
0.0347525
0.0347521
0.0347518
0.0347515
0.0347511
0.0347508
0.0347505
0.0347501
0.0347498
0.0347495
0.0347491
0.0347488
0.0347485
0.0347482
0.0347478
0.0347475
0.0347472
0.0347469
0.0347465
0.0347462
0.0347459
0.0347456
0.0347453
0.0347449
0.0347446
0.0347443
0.034744
0.0347437
0.0347433
0.034743
0.0347427
0.0347424
0.0347421
0.0347418
0.0347415
0.0347412
0.0347408
0.0347405
0.0347402
0.0347399
0.0347396
0.0347393
0.034739
0.0347387
0.0347384
0.0347381
0.0347378
0.0347375
0.0347372
0.0347369
0.0347366
0.0347363
0.034736
0.0347357
0.0347354
0.0347351
0.0347348
0.0347345
0.0347342
0.0347339
0.0347336
0.0347333
0.034733
0.0347327
0.0347324
0.0347321
0.0347318
0.0347315
0.0347313
0.034731
0.0347307
0.0347304
0.0347301
0.0347298
0.0347295
0.0347292
0.034729
0.0347287
0.0347284
0.0347281
0.0347278
0.0347275
0.0347273
0.034727
0.0347267
0.0347264
0.0347262
0.0347259
0.0347256
0.0347253
0.034725
0.0347248
0.0347245
0.0347242
0.0347239
0.0347237
0.0347234
0.0347231
0.0347229
0.0347226
0.0347223
0.0347221
0.0347218
0.0347215
0.0347213
0.034721
0.0347207
0.0347205
0.0347202
0.0347199
0.0347197
0.0347194
0.0347191
0.0347189
0.0347186
0.0347184
0.0347181
0.0347178
0.0347176
0.0347173
0.0347171
0.0347168
0.0347166
0.0347163
0.034716
0.0347158
0.0347155
0.0347153
0.034715
0.0347148
0.0347145
0.0347143
0.034714
0.0347138
0.0347135
0.0347133
0.034713
0.0347128
0.0347125
0.0347123
0.0347121
0.0347118
0.0347116
0.0347113
0.0347111
0.0347108
0.0347106
0.0347104
0.0347101
0.0347099
0.0347096
0.0347094
0.0347092
0.0347089
0.0347087
0.0347085
0.0347082
0.034708
0.0347078
0.0347075
0.0347073
0.0347071
0.0347068
0.0347066
0.0347064
0.0347061
0.0347059
0.0347057
0.0347054
0.0347052
0.034705
0.0347048
0.0347045
0.0347043
0.0347041
0.0347039
0.0347036
0.0347034
0.0347032
0.034703
0.0347027
0.0347025
0.0347023
0.0347021
0.0347019
0.0347016
0.0347014
0.0347012
0.034701
0.0347008
0.0347006
0.0347003
0.0347001
0.0346999
0.0346997
0.0346995
0.0346993
0.0346991
0.0346989
0.0346986
0.0346984
0.0346982
0.034698
0.0346978
0.0346976
0.0346974
0.0346972
0.034697
0.0346968
0.0346966
0.0346964
0.0346962
0.034696
0.0346958
0.0346955
0.0346953
0.0346951
0.0346949
0.0346947
0.0346945
0.0346943
0.0346941
0.0346939
0.0346938
0.0346936
0.0346934
0.0346932
0.034693
0.0346928
0.0346926
0.0346924
0.0346922
0.034692
0.0346918
0.0346916
0.0346914
0.0346912
0.034691
0.0346908
0.0346907
0.0346905
0.0346903
0.0346901
0.0346899
0.0346897
0.0346895
0.0346894
0.0346892
0.034689
0.0346888
0.0346886
0.0346884
0.0346882
0.0346881
0.0346879
0.0346877
0.0346875
0.0346873
0.0346872
0.034687
0.0346868
0.0346866
0.0346865
0.0346863
0.0346861
0.0346859
0.0346858
0.0346856
0.0346854
0.0346852
0.0346851
0.0346849
0.0346847
0.0346845
0.0346844
0.0346842
0.034684
0.0346839
0.0346837
0.0346835
0.0346834
0.0346832
0.034683
0.0346829
0.0346827
0.0346825
0.0346824
0.0346822
0.034682
0.0346819
0.0346817
0.0346815
0.0346814
0.0346812
0.0346811
0.0346809
0.0346807
0.0346806
0.0346804
0.0346803
0.0346801
0.0346799
0.0346798
0.0346796
0.0346795
0.0346793
0.0346792
0.034679
0.0346789
0.0346787
0.0346786
0.0346784
0.0346782
0.0346781
0.0346779
0.0346778
0.0346776
0.0346775
0.0346773
0.0346772
0.034677
0.0346769
0.0346768
0.0346766
0.0346765
0.0346763
0.0346762
0.034676
0.0346759
0.0346757
0.0346756
0.0346755
0.0346753
0.0346752
0.034675
0.0346749
0.0346747
0.0346746
0.0346745
0.0346743
0.0346742
0.034674
0.0346739
0.0346738
0.0346736
0.0346735
0.0346734
0.0346732
0.0346731
0.034673
0.0346728
0.0346727
0.0346726
0.0346724
0.0346723
0.0346722
0.034672
0.0346719
0.0346718
0.0346716
0.0346715
0.0346714
0.0346713
0.0346711
0.034671
0.0346709
0.0346707
0.0346706
0.0346705
0.0346704
0.0346702
0.0346701
0.03467
0.0346699
0.0346698
0.0346696
0.0346695
0.0346694
0.0346693
0.0346691
0.034669
0.0346689
0.0346688
0.0346687
0.0346685
0.0346684
0.0346683
0.0346682
0.0346681
0.034668
0.0346678
0.0346677
0.0346676
0.0346675
0.0346674
0.0346673
0.0346672
0.0346671
0.0346669
0.0346668
0.0346667
0.0346666
0.0346665
0.0346664
0.0346663
0.0346662
0.0346661
0.0346659
0.0346658
0.0346657
0.0346656
0.0346655
0.0346654
0.0346653
0.0346652
0.0346651
0.034665
0.0346649
0.0346648
0.0346647
0.0346646
0.0346645
0.0346644
0.0346643
0.0346642
0.0346641
0.034664
0.0346639
0.0346638
0.0346637
0.0346636
0.0346635
0.0346634
0.0346633
0.0346632
0.0346631
0.034663
0.0346629
0.0346628
0.0346627
0.0346626
0.0346625
0.0346624
0.0346623
0.0346622
0.0346622
0.0346621
0.034662
0.0346619
0.0346618
0.0346617
0.0346616
0.0346615
0.0346614
0.0346613
0.0346613
0.0346612
0.0346611
0.034661
0.0346609
0.0346608
0.0346607
0.0346607
0.0346606
0.0346605
0.0346604
0.0346603
0.0346602
0.0346602
0.0346601
0.03466
0.0346599
0.0346598
0.0346597
0.0346597
0.0346596
0.0346595
0.0346594
0.0346594
0.0346593
0.0346592
0.0346591
0.034659
0.034659
0.0346589
0.0346588
0.0346587
0.0346587
0.0346586
0.0346585
0.0346584
0.0346584
0.0346583
0.0346582
0.0346581
0.0346581
0.034658
0.0346579
0.0346579
0.0346578
0.0346577
0.0346577
0.0346576
0.0346575
0.0346574
0.0346574
0.0346573
0.0346572
0.0346572
0.0346571
0.034657
0.034657
0.0346569
0.0346569
0.0346568
0.0346567
0.0346567
0.0346566
0.0346565
0.0346565
0.0346564
0.0346563
0.0346563
0.0346562
0.0346562
0.0346561
0.034656
0.034656
0.0346559
0.0346559
0.0346558
0.0346557
0.0346557
0.0346556
0.0346556
0.0346555
0.0346555
0.0346554
0.0346554
0.0346553
0.0346552
0.0346552
0.0346551
0.0346551
0.034655
0.034655
0.0346549
0.0346549
0.0346548
0.0346548
0.0346547
0.0346547
0.0346546
0.0346546
0.0346545
0.0346545
0.0346544
0.0346544
0.0346543
0.0346543
0.0346542
0.0346542
0.0346541
0.0346541
0.034654
0.034654
0.034654
0.0346539
0.0346539
0.0346538
0.0346538
0.0346537
0.0346537
0.0346536
0.0346536
0.0346536
0.0346535
0.0346535
0.0346534
0.0346534
0.0346534
0.0346533
0.0346533
0.0346532
0.0346532
0.0346532
0.0346531
0.0346531
0.0346531
0.034653
0.034653
0.0346529
0.0346529
0.0346529
0.0346528
0.0346528
0.0346528
0.0346527
0.0346527
0.0346527
0.0346526
0.0346526
0.0346526
0.0346525
0.0346525
0.0346525
0.0346524
0.0346524
0.0346524
0.0346524
0.0346523
0.0346523
0.0346523
0.0346522
0.0346522
0.0346522
0.0346522
0.0346521
0.0346521
0.0346521
0.034652
0.034652
0.034652
0.034652
0.0346519
0.0346519
0.0346519
0.0346519
0.0346518
0.0346518
0.0346518
0.0346518
0.0346518
0.0346517
0.0346517
0.0346517
0.0346517
0.0346517
0.0346516
0.0346516
0.0346516
0.0346516
0.0346516
0.0346515
0.0346515
0.0346515
0.0346515
0.0346515
0.0346514
0.0346514
0.0346514
0.0346514
0.0346514
0.0346514
0.0346514
0.0346513
0.0346513
0.0346513
0.0346513
0.0346513
0.0346513
0.0346513
0.0346512
0.0346512
0.0346512
0.0346512
0.0346512
0.0346512
0.0346512
0.0346512
0.0346512
0.0346512
0.0346511
0.0346511
0.0346511
0.0346511
0.0346511
0.0346511
0.0346511
0.0346511
0.0346511
0.0346511
0.0346511
0.0346511
0.0346511
0.0346511
0.034651
0.034651
0.034651
0.034651
0.034651
0.034651
0.034651
0.034651
0.034651
0.034651
0.034651
0.034651
0.034651
0.034651
0.034651
0.034651
0.034651
0.034651
0.034651
0.034651
0.034651
0.034651
0.034651
0.034651
0.034651
0.034651
0.034651
0.034651
0.034651
0.034651
0.0346511
0.0346511
0.0346511
0.0346511
0.0346511
0.0346511
0.0346511
0.0346511
0.0346511
0.0346511
0.0346511
0.0346511
0.0346511
0.0346511
0.0346511
0.0346512
0.0346512
0.0346512
0.0346512
0.0346512
0.0346512
0.0346512
0.0346512
0.0346512
0.0346512
0.0346513
0.0346513
0.0346513
0.0346513
0.0346513
0.0346513
0.0346513
0.0346514
0.0346514
0.0346514
0.0346514
0.0346514
0.0346514
0.0346514
0.0346515
0.0346515
0.0346515
0.0346515
0.0346515
0.0346515
0.0346516
0.0346516
0.0346516
0.0346516
0.0346516
0.0346517
0.0346517
0.0346517
0.0346517
0.0346517
0.0346518
0.0346518
0.0346518
0.0346518
0.0346518
0.0346519
0.0346519
0.0346519
0.0346519
0.034652
0.034652
0.034652
0.034652
0.034652
0.0346521
0.0346521
0.0346521
0.0346521
0.0346522
0.0346522
0.0346522
0.0346523
0.0346523
0.0346523
0.0346523
0.0346524
0.0346524
0.0346524
0.0346524
0.0346525
0.0346525
0.0346525
0.0346526
0.0346526
0.0346526
0.0346527
0.0346527
0.0346527
0.0346527
0.0346528
0.0346528
0.0346528
0.0346529
0.0346529
0.0346529
0.034653
0.034653
0.034653
0.0346531
0.0346531
0.0346531
0.0346532
0.0346532
0.0346532
0.0346533
0.0346533
0.0346534
0.0346534
0.0346534
0.0346535
0.0346535
0.0346535
0.0346536
0.0346536
0.0346536
0.0346537
0.0346537
0.0346538
0.0346538
0.0346538
0.0346539
0.0346539
0.034654
0.034654
0.034654
0.0346541
0.0346541
0.0346542
0.0346542
0.0346543
0.0346543
0.0346543
0.0346544
0.0346544
0.0346545
0.0346545
0.0346546
0.0346546
0.0346546
0.0346547
0.0346547
0.0346548
0.0346548
0.0346549
0.0346549
0.034655
0.034655
0.034655
0.0346551
0.0346551
0.0346552
0.0346552
0.0346553
0.0346553
0.0346554
0.0346554
0.0346555
0.0346555
0.0346556
0.0346556
0.0346557
0.0346557
0.0346558
0.0346558
0.0346559
0.0346559
0.034656
0.034656
0.0346561
0.0346561
0.0346562
0.0346562
0.0346563
0.0346563
0.0346564
0.0346565
0.0346565
0.0346566
0.0346566
0.0346567
0.0346567
0.0346568
0.0346568
0.0346569
0.0346569
0.034657
0.0346571
0.0346571
0.0346572
0.0346572
0.0346573
0.0346573
0.0346574
0.0346575
0.0346575
0.0346576
0.0346576
0.0346577
0.0346577
0.0346578
0.0346579
0.0346579
0.034658
0.034658
0.0346581
0.0346582
0.0346582
0.0346583
0.0346584
0.0346584
0.0346585
0.0346585
0.0346586
0.0346587
0.0346587
0.0346588
0.0346589
0.0346589
0.034659
0.034659
0.0346591
0.0346592
0.0346592
0.0346593
0.0346594
0.0346594
0.0346595
0.0346596
0.0346596
0.0346597
0.0346598
0.0346598
0.0346599
0.03466
0.03466
0.0346601
0.0346602
0.0346602
0.0346603
0.0346604
0.0346604
0.0346605
0.0346606
0.0346606
0.0346607
0.0346608
0.0346609
0.0346609
0.034661
0.0346611
0.0346611
0.0346612
0.0346613
0.0346613
0.0346614
0.0346615
0.0346616
0.0346616
0.0346617
0.0346618
0.0346619
0.0346619
0.034662
0.0346621
0.0346622
0.0346622
0.0346623
0.0346624
0.0346624
0.0346625
0.0346626
0.0346627
0.0346628
0.0346628
0.0346629
0.034663
0.0346631
0.0346631
0.0346632
0.0346633
0.0346634
0.0346634
0.0346635
0.0346636
0.0346637
0.0346638
0.0346638
0.0346639
0.034664
0.0346641
0.0346642
0.0346642
0.0346643
0.0346644
0.0346645
0.0346646
0.0346646
0.0346647
0.0346648
0.0346649
0.034665
0.034665
0.0346651
0.0346652
0.0346653
0.0346654
0.0346655
0.0346655
0.0346656
0.0346657
0.0346658
0.0346659
0.034666
0.034666
0.0346661
0.0346662
0.0346663
0.0346664
0.0346665
0.0346666
0.0346666
0.0346667
0.0346668
0.0346669
0.034667
0.0346671
0.0346672
0.0346672
0.0346673
0.0346674
0.0346675
0.0346676
0.0346677
0.0346678
0.0346679
0.0346679
0.034668
0.0346681
0.0346682
0.0346683
0.0346684
0.0346685
0.0346686
0.0346687
0.0346688
0.0346688
0.0346689
0.034669
0.0346691
0.0346692
0.0346693
0.0346694
0.0346695
0.0346696
0.0346697
0.0346698
0.0346699
0.03467
0.03467
0.0346701
0.0346702
0.0346703
0.0346704
0.0346705
0.0346706
0.0346707
0.0346708
0.0346709
0.034671
0.0346711
0.0346712
0.0346713
0.0346714
0.0346715
0.0346716
0.0346717
0.0346718
0.0346719
0.034672
0.0346721
0.0346722
0.0346723
0.0346724
0.0346724
0.0346725
0.0346726
0.0346727
0.0346728
0.0346729
0.034673
0.0346731
0.0346732
0.0346733
0.0346734
0.0346735
0.0346736
0.0346737
0.0346738
0.0346739
0.034674
0.0346741
0.0346742
0.0346744
0.0346745
0.0346746
0.0346747
0.0346748
0.0346749
0.034675
0.0346751
0.0346752
0.0346753
0.0346754
0.0346755
0.0346756
0.0346757
0.0346758
0.0346759
0.034676
0.0346761
0.0346762
0.0346763
0.0346764
0.0346765
0.0346766
0.0346767
0.0346769
0.034677
0.0346771
0.0346772
0.0346773
0.0346774
0.0346775
0.0346776
0.0346777
0.0346778
0.0346779
0.034678
0.0346781
0.0346782
0.0346784
0.0346785
0.0346786
0.0346787
0.0346788
0.0346789
0.034679
0.0346791
0.0346792
0.0346793
0.0346795
0.0346796
0.0346797
0.0346798
0.0346799
0.03468
0.0346801
0.0346802
0.0346803
0.0346805
0.0346806
0.0346807
0.0346808
0.0346809
0.034681
0.0346811
0.0346812
0.0346814
0.0346815
0.0346816
0.0346817
0.0346818
0.0346819
0.034682
0.0346822
0.0346823
0.0346824
0.0346825
0.0346826
0.0346827
0.0346828
0.034683
0.0346831
0.0346832
0.0346833
0.0346834
0.0346835
0.0346837
0.0346838
0.0346839
0.034684
0.0346841
0.0346842
0.0346844
0.0346845
0.0346846
0.0346847
0.0346848
0.034685
0.0346851
0.0346852
0.0346853
0.0346854
0.0346856
0.0346857
0.0346858
0.0346859
0.034686
0.0346862
0.0346863
0.0346864
0.0346865
0.0346866
0.0346868
0.0346869
0.034687
0.0346871
0.0346872
0.0346874
0.0346875
0.0346876
0.0346877
0.0346879
0.034688
0.0346881
0.0346882
0.0346883
0.0346885
0.0346886
0.0346887
0.0346888
0.034689
0.0346891
0.0346892
0.0346893
0.0346895
0.0346896
0.0346897
0.0346898
0.03469
0.0346901
0.0346902
0.0346903
0.0346905
0.0346906
0.0346907
0.0346908
0.034691
0.0346911
0.0346912
0.0346913
0.0346915
0.0346916
0.0346917
0.0346919
0.034692
0.0346921
0.0346922
0.0346924
0.0346925
0.0346926
0.0346928
0.0346929
0.034693
0.0346931
0.0346933
0.0346934
0.0346935
0.0346937
0.0346938
0.0346939
0.034694
0.0346942
0.0346943
0.0346944
0.0346946
0.0346947
0.0346948
0.034695
0.0346951
0.0346952
0.0346954
0.0346955
0.0346956
0.0346958
0.0346959
0.034696
0.0346962
0.0346963
0.0346964
0.0346965
0.0346967
0.0346968
0.0346969
0.0346971
0.0346972
0.0346974
0.0346975
0.0346976
0.0346978
0.0346979
0.034698
0.0346982
0.0346983
0.0346984
0.0346986
0.0346987
0.0346988
0.034699
0.0346991
0.0346992
0.0346994
0.0346995
0.0346996
0.0346998
0.0346999
0.0347001
0.0347002
0.0347003
0.0347005
0.0347006
0.0347007
0.0347009
0.034701
0.0347012
0.0347013
0.0347014
0.0347016
0.0347017
0.0347018
0.034702
0.0347021
0.0347023
0.0347024
0.0347025
0.0347027
0.0347028
0.034703
0.0347031
0.0347032
0.0347034
0.0347035
0.0347037
0.0347038
0.0347039
0.0347041
0.0347042
0.0347044
0.0347045
0.0347046
0.0347048
0.0347049
0.0347051
0.0347052
0.0347054
0.0347055
0.0347056
0.0347058
0.0347059
0.0347061
0.0347062
0.0347064
0.0347065
0.0347066
0.0347068
0.0347069
0.0347071
0.0347072
0.0347074
0.0347075
0.0347076
0.0347078
0.0347079
0.0347081
0.0347082
0.0347084
0.0347085
0.0347087
0.0347088
0.034709
0.0347091
0.0347092
0.0347094
0.0347095
0.0347097
0.0347098
0.03471
0.0347101
0.0347103
0.0347104
0.0347106
0.0347107
0.0347109
0.034711
0.0347111
0.0347113
0.0347114
0.0347116
0.0347117
0.0347119
0.034712
0.0347122
0.0347123
0.0347125
0.0347126
0.0347128
0.0347129
0.0347131
0.0347132
0.0347134
0.0347135
0.0347137
0.0347138
0.034714
0.0347141
0.0347143
0.0347144
0.0347146
0.0347147
0.0347149
0.034715
0.0347152
0.0347153
0.0347155
0.0347156
0.0347158
0.0347159
0.0347161
0.0347162
0.0347164
0.0347165
0.0347167
0.0347168
0.034717
0.0347171
0.0347173
0.0347175
0.0347176
0.0347178
0.0347179
0.0347181
0.0347182
0.0347184
0.0347185
0.0347187
0.0347188
0.034719
0.0347191
0.0347193
0.0347194
0.0347196
0.0347198
0.0347199
0.0347201
0.0347202
0.0347204
0.0347205
0.0347207
0.0347208
0.034721
0.0347212
0.0347213
0.0347215
0.0347216
0.0347218
0.0347219
0.0347221
0.0347222
0.0347224
0.0347226
0.0347227
0.0347229
0.034723
0.0347232
0.0347233
0.0347235
0.0347237
0.0347238
0.034724
0.0347241
0.0347243
0.0347244
0.0347246
0.0347248
0.0347249
0.0347251
0.0347252
0.0347254
0.0347256
0.0347257
0.0347259
0.034726
0.0347262
0.0347264
0.0347265
0.0347267
0.0347268
0.034727
0.0347272
0.0347273
0.0347275
0.0347276
0.0347278
0.034728
0.0347281
0.0347283
0.0347284
0.0347286
0.0347288
0.0347289
0.0347291
0.0347292
0.0347294
0.0347296
0.0347297
0.0347299
0.0347301
0.0347302
0.0347304
0.0347305
0.0347307
0.0347309
0.034731
0.0347312
0.0347314
0.0347315
0.0347317
0.0347318
0.034732
0.0347322
0.0347323
0.0347325
0.0347327
0.0347328
0.034733
0.0347332
0.0347333
0.0347335
0.0347336
0.0347338
0.034734
0.0347341
0.0347343
0.0347345
0.0347346
0.0347348
0.034735
0.0347351
0.0347353
0.0347355
0.0347356
0.0347358
0.034736
0.0347361
0.0347363
0.0347365
0.0347366
0.0347368
0.034737
0.0347371
0.0347373
0.0347375
0.0347376
0.0347378
0.034738
0.0347381
0.0347383
0.0347385
0.0347386
0.0347388
0.034739
0.0347391
0.0347393
0.0347395
0.0347396
0.0347398
0.03474
0.0347401
0.0347403
0.0347405
0.0347406
0.0347408
0.034741
0.0347412
0.0347413
0.0347415
0.0347417
0.0347418
0.034742
0.0347422
0.0347423
0.0347425
0.0347427
0.0347429
0.034743
0.0347432
0.0347434
0.0347435
0.0347437
0.0347439
0.034744
0.0347442
0.0347444
0.0347446
0.0347447
0.0347449
0.0347451
0.0347452
0.0347454
0.0347456
0.0347458
0.0347459
0.0347461
0.0347463
0.0347465
0.0347466
0.0347468
0.034747
0.0347471
0.0347473
0.0347475
0.0347477
0.0347478
0.034748
0.0347482
0.0347484
0.0347485
0.0347487
0.0347489
0.034749
0.0347492
0.0347494
0.0347496
0.0347497
0.0347499
0.0347501
0.0347503
0.0347504
0.0347506
0.0347508
0.034751
0.0347511
0.0347513
0.0347515
0.0347517
0.0347518
0.034752
0.0347522
0.0347524
0.0347525
0.0347527
0.0347529
0.0347531
0.0347532
0.0347534
0.0347536
0.0347538
0.034754
0.0347541
0.0347543
0.0347545
0.0347547
0.0347548
0.034755
0.0347552
0.0347554
0.0347555
0.0347557
0.0347559
0.0347561
0.0347563
0.0347564
0.0347566
0.0347568
0.034757
0.0347571
0.0347573
0.0347575
0.0347577
0.0347579
0.034758
0.0347582
0.0347584
0.0347586
0.0347588
0.0347589
0.0347591
0.0347593
0.0347595
0.0347596
0.0347598
0.03476
0.0347602
0.0347604
0.0347605
0.0347607
0.0347609
0.0347611
0.0347613
0.0347614
0.0347616
0.0347618
0.034762
0.0347622
0.0347624
0.0347625
0.0347627
0.0347629
0.0347631
0.0347633
0.0347634
0.0347636
0.0347638
0.034764
0.0347642
0.0347643
0.0347645
0.0347647
0.0347649
0.0347651
0.0347653
0.0347654
0.0347656
0.0347658
0.034766
0.0347662
0.0347663
0.0347665
0.0347667
0.0347669
0.0347671
0.0347673
0.0347674
0.0347676
0.0347678
0.034768
0.0347682
0.0347684
0.0347685
0.0347687
0.0347689
0.0347691
0.0347693
0.0347695
0.0347697
0.0347698
0.03477
0.0347702
0.0347704
0.0347706
0.0347708
0.0347709
0.0347711
0.0347713
0.0347715
0.0347717
0.0347719
0.0347721
0.0347722
0.0347724
0.0347726
0.0347728
0.034773
0.0347732
0.0347734
0.0347735
0.0347737
0.0347739
0.0347741
0.0347743
0.0347745
0.0347747
0.0347748
0.034775
0.0347752
0.0347754
0.0347756
0.0347758
0.034776
0.0347761
0.0347763
0.0347765
0.0347767
0.0347769
0.0347771
0.0347773
0.0347775
0.0347776
0.0347778
0.034778
0.0347782
0.0347784
0.0347786
0.0347788
0.034779
0.0347792
0.0347793
0.0347795
0.0347797
0.0347799
0.0347801
0.0347803
0.0347805
0.0347807
0.0347809
0.034781
0.0347812
0.0347814
0.0347816
0.0347818
0.034782
0.0347822
0.0347824
0.0347826
0.0347827
0.0347829
0.0347831
0.0347833
0.0347835
0.0347837
0.0347839
0.0347841
0.0347843
0.0347845
0.0347846
0.0347848
0.034785
0.0347852
0.0347854
0.0347856
0.0347858
0.034786
0.0347862
0.0347864
0.0347866
0.0347867
0.0347869
0.0347871
0.0347873
0.0347875
0.0347877
0.0347879
0.0347881
0.0347883
0.0347885
0.0347887
0.0347889
0.034789
0.0347892
0.0347894
0.0347896
0.0347898
0.03479
0.0347902
0.0347904
0.0347906
0.0347908
0.034791
0.0347912
0.0347914
0.0347916
0.0347917
0.0347919
0.0347921
0.0347923
0.0347925
0.0347927
0.0347929
0.0347931
0.0347933
0.0347935
0.0347937
0.0347939
0.0347941
0.0347943
0.0347945
0.0347947
0.0347949
0.034795
0.0347952
0.0347954
0.0347956
0.0347958
0.034796
0.0347962
0.0347964
0.0347966
0.0347968
0.034797
0.0347972
0.0347974
0.0347976
0.0347978
0.034798
0.0347982
0.0347984
0.0347986
0.0347988
0.0347989
0.0347991
0.0347993
0.0347995
0.0347997
0.0347999
0.0348001
0.0348003
0.0348005
0.0348007
0.0348009
0.0348011
0.0348013
0.0348015
0.0348017
0.0348019
0.0348021
0.0348023
0.0348025
0.0348027
0.0348029
0.0348031
0.0348033
0.0348035
0.0348037
0.0348039
0.0348041
0.0348043
0.0348045
0.0348047
0.0348049
0.0348051
0.0348053
0.0348055
0.0348056
0.0348058
0.034806
0.0348062
0.0348064
0.0348066
0.0348068
0.034807
0.0348072
0.0348074
0.0348076
0.0348078
0.034808
0.0348082
0.0348084
0.0348086
0.0348088
0.034809
0.0348092
0.0348094
0.0348096
0.0348098
0.03481
0.0348102
0.0348104
0.0348106
0.0348108
0.034811
0.0348112
0.0348114
0.0348116
0.0348118
0.034812
0.0348122
0.0348124
0.0348126
0.0348128
0.034813
0.0348132
0.0348134
0.0348136
0.0348138
0.034814
0.0348142
0.0348144
0.0348146
0.0348148
0.034815
0.0348152
0.0348154
0.0348156
0.0348158
0.034816
0.0348162
0.0348164
0.0348166
0.0348168
0.0348171
0.0348173
0.0348175
0.0348177
0.0348179
0.0348181
0.0348183
0.0348185
0.0348187
0.0348189
0.0348191
0.0348193
0.0348195
0.0348197
0.0348199
0.0348201
0.0348203
0.0348205
0.0348207
0.0348209
0.0348211
0.0348213
0.0348215
0.0348217
0.0348219
0.0348221
0.0348223
0.0348225
0.0348227
0.0348229
0.0348231
0.0348233
0.0348235
0.0348237
0.0348239
0.0348242
0.0348244
0.0348246
0.0348248
0.034825
0.0348252
0.0348254
0.0348256
0.0348258
0.034826
0.0348262
0.0348264
0.0348266
0.0348268
0.034827
0.0348272
0.0348274
0.0348276
0.0348278
0.034828
0.0348282
0.0348284
0.0348287
0.0348289
0.0348291
0.0348293
0.0348295
0.0348297
0.0348299
0.0348301
0.0348303
0.0348305
0.0348307
0.0348309
0.0348311
0.0348313
0.0348315
0.0348317
0.0348319
0.0348321
0.0348324
0.0348326
0.0348328
0.034833
0.0348332
0.0348334
0.0348336
0.0348338
0.034834
0.0348342
0.0348344
0.0348346
0.0348348
0.034835
0.0348352
0.0348355
0.0348357
0.0348359
0.0348361
0.0348363
0.0348365
0.0348367
0.0348369
0.0348371
0.0348373
0.0348375
0.0348377
0.0348379
0.0348381
0.0348384
0.0348386
0.0348388
0.034839
0.0348392
0.0348394
0.0348396
0.0348398
0.03484
0.0348402
0.0348404
0.0348406
0.0348409
0.0348411
0.0348413
0.0348415
0.0348417
0.0348419
0.0348421
0.0348423
0.0348425
0.0348427
0.0348429
0.0348431
0.0348434
0.0348436
0.0348438
0.034844
0.0348442
0.0348444
0.0348446
0.0348448
0.034845
0.0348452
0.0348454
0.0348457
0.0348459
0.0348461
0.0348463
0.0348465
0.0348467
0.0348469
0.0348471
0.0348473
0.0348475
0.0348478
0.034848
0.0348482
0.0348484
0.0348486
0.0348488
0.034849
0.0348492
0.0348494
0.0348496
0.0348499
0.0348501
0.0348503
0.0348505
0.0348507
0.0348509
0.0348511
0.0348513
0.0348515
0.0348518
0.034852
0.0348522
0.0348524
0.0348526
0.0348528
0.034853
0.0348532
0.0348534
0.0348537
0.0348539
0.0348541
0.0348543
0.0348545
0.0348547
0.0348549
0.0348551
0.0348553
0.0348556
0.0348558
0.034856
0.0348562
0.0348564
0.0348566
0.0348568
0.034857
0.0348573
0.0348575
0.0348577
0.0348579
0.0348581
0.0348583
0.0348585
0.0348587
0.034859
0.0348592
0.0348594
0.0348596
0.0348598
0.03486
0.0348602
0.0348604
0.0348607
0.0348609
0.0348611
0.0348613
0.0348615
0.0348617
0.0348619
0.0348622
0.0348624
0.0348626
0.0348628
0.034863
0.0348632
0.0348634
0.0348636
0.0348639
0.0348641
0.0348643
0.0348645
0.0348647
0.0348649
0.0348651
0.0348654
0.0348656
0.0348658
0.034866
0.0348662
0.0348664
0.0348666
0.0348669
0.0348671
0.0348673
0.0348675
0.0348677
0.0348679
0.0348681
0.0348684
0.0348686
0.0348688
0.034869
0.0348692
0.0348694
0.0348696
0.0348699
0.0348701
0.0348703
0.0348705
0.0348707
0.0348709
0.0348712
0.0348714
0.0348716
0.0348718
0.034872
0.0348722
0.0348724
0.0348727
0.0348729
0.0348731
0.0348733
0.0348735
0.0348737
0.034874
0.0348742
0.0348744
0.0348746
0.0348748
0.034875
0.0348752
0.0348755
0.0348757
0.0348759
0.0348761
0.0348763
0.0348765
0.0348768
0.034877
0.0348772
0.0348774
0.0348776
0.0348778
0.0348781
0.0348783
0.0348785
0.0348787
0.0348789
0.0348791
0.0348794
0.0348796
0.0348798
0.03488
0.0348802
0.0348804
0.0348807
0.0348809
0.0348811
0.0348813
0.0348815
0.0348817
0.034882
0.0348822
0.0348824
0.0348826
0.0348828
0.034883
0.0348833
0.0348835
0.0348837
0.0348839
0.0348841
0.0348844
0.0348846
0.0348848
0.034885
0.0348852
0.0348854
0.0348857
0.0348859
0.0348861
0.0348863
0.0348865
0.0348868
0.034887
0.0348872
0.0348874
0.0348876
0.0348878
0.0348881
0.0348883
0.0348885
0.0348887
0.0348889
0.0348892
0.0348894
0.0348896
0.0348898
0.03489
0.0348902
0.0348905
0.0348907
0.0348909
0.0348911
0.0348913
0.0348916
0.0348918
0.034892
0.0348922
0.0348924
0.0348927
0.0348929
0.0348931
0.0348933
0.0348935
0.0348938
0.034894
0.0348942
0.0348944
0.0348946
0.0348948
0.0348951
0.0348953
0.0348955
0.0348957
0.0348959
0.0348962
0.0348964
0.0348966
0.0348968
0.034897
0.0348973
0.0348975
0.0348977
0.0348979
0.0348981
0.0348984
0.0348986
0.0348988
0.034899
0.0348992
0.0348995
0.0348997
0.0348999
0.0349001
0.0349003
0.0349006
0.0349008
0.034901
0.0349012
0.0349015
0.0349017
0.0349019
0.0349021
0.0349023
0.0349026
0.0349028
0.034903
0.0349032
0.0349034
0.0349037
0.0349039
0.0349041
0.0349043
0.0349045
0.0349048
0.034905
0.0349052
0.0349054
0.0349056
0.0349059
0.0349061
0.0349063
0.0349065
0.0349068
0.034907
0.0349072
0.0349074
0.0349076
0.0349079
0.0349081
0.0349083
0.0349085
0.0349088
0.034909
0.0349092
0.0349094
0.0349096
0.0349099
0.0349101
0.0349103
0.0349105
0.0349107
0.034911
0.0349112
0.0349114
0.0349116
0.0349119
0.0349121
0.0349123
0.0349125
0.0349127
0.034913
0.0349132
0.0349134
0.0349136
0.0349139
0.0349141
0.0349143
0.0349145
0.0349148
0.034915
0.0349152
0.0349154
0.0349156
0.0349159
0.0349161
0.0349163
0.0349165
0.0349168
0.034917
0.0349172
0.0349174
0.0349176
0.0349179
0.0349181
0.0349183
0.0349185
0.0349188
0.034919
0.0349192
0.0349194
0.0349197
0.0349199
0.0349201
0.0349203
0.0349206
0.0349208
0.034921
0.0349212
0.0349214
0.0349217
0.0349219
0.0349221
0.0349223
0.0349226
0.0349228
0.034923
0.0349232
0.0349235
0.0349237
0.0349239
0.0349241
0.0349244
0.0349246
0.0349248
0.034925
0.0349253
0.0349255
0.0349257
0.0349259
0.0349261
0.0349264
0.0349266
0.0349268
0.034927
0.0349273
0.0349275
0.0349277
0.0349279
0.0349282
0.0349284
0.0349286
0.0349288
0.0349291
0.0349293
0.0349295
0.0349297
0.03493
0.0349302
0.0349304
0.0349306
0.0349309
0.0349311
0.0349313
0.0349315
0.0349318
0.034932
0.0349322
0.0349324
0.0349327
0.0349329
0.0349331
0.0349333
0.0349336
0.0349338
0.034934
0.0349342
0.0349345
0.0349347
0.0349349
0.0349351
0.0349354
0.0349356
0.0349358
0.034936
0.0349363
0.0349365
0.0349367
0.0349369
0.0349372
0.0349374
0.0349376
0.0349378
0.0349381
0.0349383
0.0349385
0.0349388
0.034939
0.0349392
0.0349394
0.0349397
0.0349399
0.0349401
0.0349403
0.0349406
0.0349408
0.034941
0.0349412
0.0349415
0.0349417
0.0349419
0.0349421
0.0349424
0.0349426
0.0349428
0.034943
0.0349433
0.0349435
0.0349437
0.034944
0.0349442
0.0349444
0.0349446
0.0349449
0.0349451
0.0349453
0.0349455
0.0349458
0.034946
0.0349462
0.0349464
0.0349467
0.0349469
0.0349471
0.0349474
0.0349476
0.0349478
0.034948
0.0349483
0.0349485
0.0349487
0.0349489
0.0349492
