0.5
0.495025
0.490099
0.485223
0.480395
0.475615
0.470882
0.466197
0.461558
0.456966
0.452419
0.447917
0.44346
0.439048
0.434679
0.430354
0.426072
0.421832
0.417635
0.41348
0.409365
0.405292
0.401259
0.397267
0.393314
0.3894
0.385526
0.38169
0.377892
0.374132
0.370409
0.366723
0.363075
0.359462
0.355885
0.352344
0.348838
0.345367
0.341931
0.338528
0.33516
0.331825
0.328523
0.325255
0.322018
0.318814
0.315642
0.312501
0.309392
0.306313
0.303265
0.300248
0.29726
0.294302
0.291374
0.288475
0.285605
0.282763
0.279949
0.277164
0.274406
0.271675
0.268972
0.266296
0.263646
0.261023
0.258426
0.255854
0.253309
0.250788
0.248293
0.245822
0.243376
0.240955
0.238557
0.236184
0.233834
0.231507
0.229204
0.226923
0.224665
0.22243
0.220217
0.218026
0.215857
0.213709
0.211583
0.209478
0.207394
0.20533
0.203288
0.201265
0.199263
0.197281
0.195318
0.193375
0.191452
0.189548
0.187662
0.185796
0.183948
0.182119
0.180308
0.178516
0.176741
0.174984
0.173245
0.171523
0.169818
0.168131
0.166461
0.164807
0.163171
0.161551
0.159947
0.15836
0.156789
0.155234
0.153695
0.152172
0.150664
0.149172
0.147696
0.146234
0.144789
0.143358
0.141942
0.140541
0.139156
0.137785
0.136428
0.135087
0.13376
0.132447
0.131149
0.129865
0.128596
0.127341
0.1261
0.124874
0.123662
0.122464
0.12128
0.12011
0.118954
0.117813
0.116685
0.115572
0.114473
0.113388
0.112317
0.11126
0.110218
0.10919
0.108176
0.107176
0.106191
0.10522
0.104263
0.103321
0.102393
0.10148
0.100582
0.0996978
0.0988285
0.0979739
0.0971341
0.096309
0.0954987
0.0947033
0.0939227
0.093157
0.0924062
0.0916702
0.0909492
0.0902431
0.0895519
0.0888755
0.088214
0.0875673
0.0869353
0.0863181
0.0857155
0.0851275
0.084554
0.0839949
0.0834501
0.0829195
0.082403
0.0819004
0.0814116
0.0809365
0.0804749
0.0800266
0.0795914
0.0791692
0.0787598
0.0783629
0.0779785
0.0776062
0.0772458
0.0768971
0.0765599
0.076234
0.0759191
0.075615
0.0753214
0.0750382
0.0747649
0.0745015
0.0742477
0.0740031
0.0737676
0.073541
0.0733229
0.0731131
0.0729115
0.0727177
0.0725316
0.0723528
0.0721812
0.0720165
0.0718586
0.0717072
0.071562
0.0714229
0.0712898
0.0711623
0.0710402
0.0709235
0.0708119
0.0707052
0.0706033
0.0705059
0.070413
0.0703243
0.0702397
0.070159
0.0700822
0.070009
0.0699394
0.0698731
0.06981
0.0697502
0.0696933
0.0696393
0.0695881
0.0695395
0.0694936
0.0694501
0.069409
0.0693701
0.0693335
0.0692989
0.0692664
0.0692358
0.0692071
0.0691801
0.0691549
0.0691313
0.0691093
0.0690889
0.0690698
0.0690522
0.0690359
0.0690209
0.0690072
0.0689946
0.0689832
0.0689729
0.0689636
0.0689553
0.068948
0.0689417
0.0689362
0.0689316
0.0689278
0.0689248
0.0689226
0.0689211
0.0689203
0.0689201
0.0689207
0.0689218
0.0689235
0.0689259
0.0689287
0.0689321
0.068936
0.0689404
0.0689453
0.0689506
0.0689564
0.0689626
0.0689692
0.0689762
0.0689835
0.0689912
0.0689993
0.0690077
0.0690164
0.0690255
0.0690348
0.0690444
0.0690543
0.0690645
0.0690749
0.0690856
0.0690966
0.0691077
0.0691191
0.0691307
0.0691425
0.0691545
0.0691667
0.0691791
0.0691917
0.0692045
0.0692174
0.0692305
0.0692437
0.0692571
0.0692707
0.0692844
0.0692983
0.0693122
0.0693264
0.0693406
0.069355
0.0693695
0.0693841
0.0693988
0.0694136
0.0694285
0.0694436
0.0694587
0.069474
0.0694893
0.0695047
0.0695203
0.0695359
0.0695516
0.0695673
0.0695832
0.0695991
0.0696151
0.0696312
0.0696474
0.0696636
0.0696799
0.0696963
0.0697127
0.0697292
0.0697458
0.0697624
0.0697791
0.0697958
0.0698127
0.0698295
0.0698464
0.0698634
0.0698804
0.0698975
0.0699146
0.0699318
0.069949
0.0699662
0.0699836
0.0700009
0.0700183
0.0700358
0.0700532
0.0700708
0.0700883
0.0701059
0.0701236
0.0701413
0.070159
0.0701768
0.0701946
0.0702124
0.0702303
0.0702482
0.0702661
0.0702841
0.0703021
0.0703201
0.0703382
0.0703563
0.0703744
0.0703926
0.0704108
0.070429
0.0704472
0.0704655
0.0704838
0.0705021
0.0705205
0.0705389
0.0705573
0.0705757
0.0705942
0.0706127
0.0706312
0.0706497
0.0706683
0.0706868
0.0707054
0.0707241
0.0707427
0.0707614
0.0707801
0.0707988
0.0708175
0.0708363
0.0708551
0.0708739
0.0708927
0.0709115
0.0709304
0.0709492
0.0709681
0.070987
0.071006
0.0710249
0.0710439
0.0710629
0.0710819
0.0711009
0.0711199
0.071139
0.0711581
0.0711772
0.0711963
0.0712154
0.0712345
0.0712537
0.0712728
0.071292
0.0713112
0.0713304
0.0713497
0.0713689
0.0713882
0.0714074
0.0714267
0.071446
0.0714653
0.0714847
0.071504
0.0715234
0.0715427
0.0715621
0.0715815
0.0716009
0.0716203
0.0716398
0.0716592
0.0716787
0.0716981
0.0717176
0.0717371
0.0717566
0.0717761
0.0717957
0.0718152
0.0718348
0.0718543
0.0718739
0.0718935
0.0719131
0.0719327
0.0719523
0.0719719
0.0719916
0.0720112
0.0720309
0.0720505
0.0720702
0.0720899
0.0721096
0.0721293
0.072149
0.0721688
0.0721885
0.0722083
0.072228
0.0722478
0.0722676
0.0722874
0.0723072
0.072327
0.0723468
0.0723666
0.0723864
0.0724063
0.0724261
0.072446
0.0724659
0.0724857
0.0725056
0.0725255
0.0725454
0.0725653
0.0725852
0.0726052
0.0726251
0.0726451
0.072665
0.072685
0.0727049
0.0727249
0.0727449
0.0727649
0.0727849
0.0728049
0.0728249
0.0728449
0.072865
0.072885
0.0729051
0.0729251
0.0729452
0.0729653
0.0729853
0.0730054
0.0730255
0.0730456
0.0730657
0.0730858
0.0731059
0.0731261
0.0731462
0.0731664
0.0731865
0.0732067
0.0732268
0.073247
0.0732672
0.0732874
0.0733076
0.0733278
0.073348
0.0733682
0.0733884
0.0734086
0.0734289
0.0734491
0.0734693
0.0734896
0.0735099
0.0735301
0.0735504
0.0735707
0.073591
0.0736113
0.0736316
0.0736519
0.0736722
0.0736925
0.0737128
0.0737332
0.0737535
0.0737739
0.0737942
0.0738146
0.0738349
0.0738553
0.0738757
0.0738961
0.0739165
0.0739369
0.0739573
0.0739777
0.0739981
0.0740185
0.0740389
0.0740594
0.0740798
0.0741003
0.0741207
0.0741412
0.0741616
0.0741821
0.0742026
0.0742231
0.0742436
0.074264
0.0742846
0.0743051
0.0743256
0.0743461
0.0743666
0.0743872
0.0744077
0.0744282
0.0744488
0.0744693
0.0744899
0.0745105
0.074531
0.0745516
0.0745722
0.0745928
0.0746134
0.074634
0.0746546
0.0746752
0.0746958
0.0747165
0.0747371
0.0747577
0.0747784
0.074799
0.0748197
0.0748404
0.074861
0.0748817
0.0749024
0.0749231
0.0749438
0.0749644
0.0749852
0.0750059
0.0750266
0.0750473
0.075068
0.0750887
0.0751095
0.0751302
0.075151
0.0751717
0.0751925
0.0752132
0.075234
0.0752548
0.0752756
0.0752963
0.0753171
0.0753379
0.0753587
0.0753795
0.0754004
0.0754212
0.075442
0.0754628
0.0754837
0.0755045
0.0755253
0.0755462
0.0755671
0.0755879
0.0756088
0.0756297
0.0756505
0.0756714
0.0756923
0.0757132
0.0757341
0.075755
0.0757759
0.0757968
0.0758177
0.0758387
0.0758596
0.0758805
0.0759015
0.0759224
0.0759434
0.0759643
0.0759853
0.0760062
0.0760272
0.0760482
0.0760692
0.0760901
0.0761111
0.0761321
0.0761531
0.0761741
0.0761951
0.0762162
0.0762372
0.0762582
0.0762792
0.0763003
0.0763213
0.0763423
0.0763634
0.0763844
0.0764055
0.0764266
0.0764476
0.0764687
0.0764898
0.0765108
0.0765319
0.076553
0.0765741
0.0765952
0.0766163
0.0766374
0.0766585
0.0766796
0.0767008
0.0767219
0.076743
0.0767641
0.0767853
0.0768064
0.0768276
0.0768487
0.0768699
0.076891
0.0769122
0.0769333
0.0769545
0.0769757
0.0769969
0.077018
0.0770392
0.0770604
0.0770816
0.0771028
0.077124
0.0771452
0.0771664
0.0771876
0.0772089
0.0772301
0.0772513
0.0772725
0.0772937
0.077315
0.0773362
0.0773575
0.0773787
0.0773999
0.0774212
0.0774425
0.0774637
0.077485
0.0775062
0.0775275
0.0775488
0.07757
0.0775913
0.0776126
0.0776339
0.0776552
0.0776765
0.0776977
0.077719
0.0777403
0.0777616
0.0777829
0.0778042
0.0778255
0.0778469
0.0778682
0.0778895
0.0779108
0.0779321
0.0779534
0.0779748
0.0779961
0.0780174
0.0780388
0.0780601
0.0780814
0.0781028
0.0781241
0.0781455
0.0781668
0.0781881
0.0782095
0.0782308
0.0782522
0.0782736
0.0782949
0.0783163
0.0783376
0.078359
0.0783804
0.0784017
0.0784231
0.0784445
0.0784658
0.0784872
0.0785086
0.0785299
0.0785513
0.0785727
0.0785941
0.0786154
0.0786368
0.0786582
0.0786796
0.078701
0.0787224
0.0787437
0.0787651
0.0787865
0.0788079
0.0788293
0.0788507
0.0788721
0.0788934
0.0789148
0.0789362
0.0789576
0.078979
0.0790004
0.0790218
0.0790432
0.0790646
0.079086
0.0791073
0.0791287
0.0791501
0.0791715
0.0791929
0.0792143
0.0792357
0.0792571
0.0792785
0.0792999
0.0793212
0.0793426
0.079364
0.0793854
0.0794068
0.0794282
0.0794496
0.0794709
0.0794923
0.0795137
0.0795351
0.0795565
0.0795779
0.0795992
0.0796206
0.079642
0.0796634
0.0796847
0.0797061
0.0797275
0.0797488
0.0797702
0.0797916
0.0798129
0.0798343
0.0798556
0.079877
0.0798984
0.0799197
0.0799411
0.0799624
0.0799838
0.0800051
0.0800265
0.0800478
0.0800691
0.0800905
0.0801118
0.0801331
0.0801545
0.0801758
0.0801971
0.0802184
0.0802397
0.0802611
0.0802824
0.0803037
0.080325
0.0803463
0.0803676
0.0803889
0.0804102
0.0804315
0.0804528
0.080474
0.0804953
0.0805166
0.0805379
0.0805592
0.0805804
0.0806017
0.0806229
0.0806442
0.0806654
0.0806867
0.0807079
0.0807292
0.0807504
0.0807717
0.0807929
0.0808141
0.0808353
0.0808565
0.0808778
0.080899
0.0809202
0.0809414
0.0809626
0.0809837
0.0810049
0.0810261
0.0810473
0.0810685
0.0810896
0.0811108
0.0811319
0.0811531
0.0811742
0.0811954
0.0812165
0.0812376
0.0812588
0.0812799
0.081301
0.0813221
0.0813432
0.0813643
0.0813854
0.0814065
0.0814276
0.0814487
0.0814697
0.0814908
0.0815119
0.0815329
0.081554
0.081575
0.0815961
0.0816171
0.0816381
0.0816591
0.0816802
0.0817012
0.0817222
0.0817432
0.0817642
0.0817851
0.0818061
0.0818271
0.0818481
0.081869
0.08189
0.0819109
0.0819319
0.0819528
0.0819737
0.0819947
0.0820156
0.0820365
0.0820574
0.0820783
0.0820992
0.0821201
0.0821409
0.0821618
0.0821827
0.0822035
0.0822244
0.0822452
0.0822661
0.0822869
0.0823077
0.0823285
0.0823494
0.0823702
0.082391
0.0824118
0.0824325
0.0824533
0.0824741
0.0824948
0.0825156
0.0825364
0.0825571
0.0825778
0.0825986
0.0826193
0.08264
0.0826607
0.0826814
0.0827021
0.0827228
0.0827435
0.0827641
0.0827848
0.0828055
0.0828261
0.0828468
0.0828674
0.082888
0.0829087
0.0829293
0.0829499
0.0829705
0.0829911
0.0830117
0.0830323
0.0830529
0.0830734
0.083094
0.0831145
0.0831351
0.0831556
0.0831762
0.0831967
0.0832172
0.0832377
0.0832583
0.0832788
0.0832993
0.0833197
0.0833402
0.0833607
0.0833812
0.0834016
0.0834221
0.0834425
0.083463
0.0834834
0.0835039
0.0835243
0.0835447
0.0835651
0.0835855
0.0836059
0.0836263
0.0836467
0.0836671
0.0836875
0.0837078
0.0837282
0.0837486
0.0837689
0.0837893
0.0838096
0.0838299
0.0838503
0.0838706
0.0838909
0.0839112
0.0839315
0.0839519
0.0839722
0.0839924
0.0840127
0.084033
0.0840533
0.0840736
0.0840938
0.0841141
0.0841344
0.0841546
0.0841749
0.0841951
0.0842154
0.0842356
0.0842559
0.0842761
0.0842963
0.0843165
0.0843368
0.084357
0.0843772
0.0843974
0.0844176
0.0844378
0.084458
0.0844782
0.0844984
0.0845186
0.0845388
0.084559
0.0845791
0.0845993
0.0846195
0.0846397
0.0846599
0.08468
0.0847002
0.0847204
0.0847405
0.0847607
0.0847809
0.084801
0.0848212
0.0848414
0.0848615
0.0848817
0.0849019
0.084922
0.0849422
0.0849623
0.0849825
0.0850027
0.0850228
0.085043
0.0850632
0.0850833
0.0851035
0.0851237
0.0851438
0.085164
0.0851842
0.0852043
0.0852245
0.0852447
0.0852649
0.0852851
0.0853052
0.0853254
0.0853456
0.0853658
0.085386
0.0854062
0.0854264
0.0854466
0.0854668
0.0854871
0.0855073
0.0855275
0.0855477
0.085568
0.0855882
0.0856085
0.0856287
0.085649
0.0856693
0.0856895
0.0857098
0.0857301
0.0857504
0.0857707
0.085791
0.0858113
0.0858317
0.085852
0.0858723
0.0858927
0.0859131
0.0859334
0.0859538
0.0859742
0.0859946
0.086015
0.0860354
0.0860559
0.0860763
0.0860968
0.0861172
0.0861377
0.0861582
0.0861787
0.0861992
0.0862197
0.0862403
0.0862608
0.0862814
0.086302
0.0863226
0.0863432
0.0863638
0.0863845
0.0864051
0.0864258
0.0864465
0.0864672
0.0864879
0.0865087
0.0865294
0.0865502
0.086571
0.0865918
0.0866126
0.0866335
0.0866544
0.0866752
0.0866961
0.0867171
0.086738
0.086759
0.08678
0.086801
0.086822
0.0868431
0.0868642
0.0868853
0.0869064
0.0869276
0.0869487
0.0869699
0.0869912
0.0870124
0.0870337
0.087055
0.0870763
0.0870977
0.0871191
0.0871405
0.0871619
0.0871834
0.0872049
0.0872264
0.087248
0.0872695
0.0872912
0.0873128
0.0873345
0.0873562
0.0873779
0.0873997
0.0874215
0.0874434
0.0874652
0.0874871
0.0875091
0.0875311
0.0875531
0.0875751
0.0875972
0.0876193
0.0876415
0.0876637
0.0876859
0.0877082
0.0877305
0.0877529
0.0877753
0.0877977
0.0878202
0.0878427
0.0878652
0.0878878
0.0879105
0.0879332
0.0879559
0.0879787
0.0880015
0.0880244
0.0880473
0.0880702
0.0880932
0.0881163
0.0881394
0.0881625
0.0881857
0.088209
0.0882323
0.0882556
0.088279
0.0883025
0.088326
0.0883496
0.0883732
0.0883968
0.0884206
0.0884443
0.0884682
0.088492
0.088516
0.08854
0.088564
0.0885882
0.0886123
0.0886366
0.0886609
0.0886852
0.0887096
0.0887341
0.0887587
0.0887833
0.0888079
0.0888327
0.0888575
0.0888823
0.0889073
0.0889323
0.0889573
0.0889825
0.0890077
0.0890329
0.0890583
0.0890837
0.0891092
0.0891347
0.0891603
0.089186
0.0892118
0.0892377
0.0892636
0.0892896
0.0893157
0.0893418
0.089368
0.0893944
0.0894207
0.0894472
0.0894738
0.0895004
0.0895271
0.0895539
0.0895808
0.0896077
0.0896348
0.0896619
0.0896891
0.0897164
0.0897438
0.0897713
0.0897989
0.0898265
0.0898543
0.0898821
0.0899101
0.0899381
0.0899662
0.0899944
0.0900227
0.0900512
0.0900797
0.0901083
0.0901369
0.0901657
0.0901946
0.0902236
0.0902527
0.0902819
0.0903112
0.0903406
0.0903701
0.0903997
0.0904295
0.0904593
0.0904892
0.0905193
0.0905494
0.0905797
0.09061
0.0906405
0.0906711
0.0907018
0.0907326
0.0907636
0.0907946
0.0908258
0.0908571
0.0908885
0.09092
0.0909516
0.0909834
0.0910153
0.0910473
0.0910794
0.0911116
0.091144
0.0911765
0.0912092
0.0912419
0.0912748
0.0913078
0.0913409
0.0913742
0.0914076
0.0914411
0.0914748
0.0915086
0.0915426
0.0915766
0.0916108
0.0916452
0.0916797
0.0917143
0.0917491
0.091784
0.091819
0.0918542
0.0918896
0.0919251
0.0919607
0.0919965
0.0920324
0.0920685
0.0921047
0.0921411
0.0921776
0.0922143
0.0922511
0.0922881
0.0923253
0.0923626
0.0924
0.0924376
0.0924754
0.0925133
0.0925514
0.0925897
0.0926281
0.0926667
0.0927055
0.0927444
0.0927835
0.0928227
0.0928621
0.0929017
0.0929415
0.0929814
0.0930215
0.0930618
0.0931022
0.0931429
0.0931837
0.0932247
0.0932658
0.0933072
0.0933487
0.0933904
0.0934323
0.0934744
0.0935166
0.093559
0.0936017
0.0936445
0.0936875
0.0937307
0.0937741
0.0938176
0.0938614
0.0939054
0.0939495
0.0939939
0.0940384
0.0940832
0.0941281
0.0941732
0.0942186
0.0942641
0.0943099
0.0943558
0.094402
0.0944484
0.0944949
0.0945417
0.0945887
0.0946359
0.0946833
0.0947309
0.0947787
0.0948268
0.094875
0.0949235
0.0949722
0.0950211
0.0950702
0.0951196
0.0951691
0.0952189
0.0952689
0.0953192
0.0953696
0.0954203
0.0954712
0.0955223
0.0955737
0.0956253
0.0956771
0.0957292
0.0957815
0.095834
0.0958868
0.0959398
0.095993
0.0960465
0.0961002
0.0961541
0.0962083
0.0962627
0.0963174
0.0963723
0.0964275
0.0964829
0.0965385
0.0965944
0.0966506
0.096707
0.0967636
0.0968205
0.0968776
0.096935
0.0969927
0.0970506
0.0971088
0.0971672
0.0972259
0.0972848
0.097344
0.0974034
0.0974632
0.0975231
0.0975834
0.0976439
0.0977046
0.0977657
0.097827
0.0978885
0.0979504
0.0980125
0.0980748
0.0981375
0.0982004
0.0982636
0.098327
0.0983908
0.0984548
0.0985191
0.0985836
0.0986484
0.0987136
0.0987789
0.0988446
0.0989106
0.0989768
0.0990433
0.0991101
0.0991772
0.0992445
0.0993122
0.0993801
0.0994483
0.0995168
0.0995856
0.0996547
0.099724
0.0997937
0.0998636
0.0999339
0.100004
0.100075
0.100146
0.100218
0.100289
0.100361
0.100434
0.100506
0.100579
0.100652
0.100726
0.1008
0.100874
0.100948
0.101023
0.101098
0.101173
0.101248
0.101324
0.1014
0.101477
0.101554
0.101631
0.101708
0.101786
0.101864
0.101942
0.10202
0.102099
0.102179
0.102258
0.102338
0.102418
0.102498
0.102579
0.10266
0.102741
0.102823
0.102905
0.102987
0.10307
0.103153
0.103236
0.103319
0.103403
0.103487
0.103571
0.103656
0.103741
0.103826
0.103912
0.103998
0.104084
0.104171
0.104258
0.104345
0.104432
0.10452
0.104608
0.104696
0.104785
0.104874
0.104963
0.105053
0.105143
0.105233
0.105324
0.105414
0.105506
0.105597
0.105689
0.105781
0.105873
0.105966
0.106059
0.106152
0.106246
0.106339
0.106434
0.106528
0.106623
0.106718
0.106813
0.106909
0.107005
0.107101
0.107197
0.107294
0.107391
0.107489
0.107586
0.107684
0.107783
0.107881
0.10798
0.108079
0.108179
0.108279
0.108379
0.108479
0.108579
0.10868
0.108781
0.108883
0.108985
0.109087
0.109189
0.109291
0.109394
0.109497
0.109601
0.109704
0.109808
0.109912
0.110017
0.110122
0.110227
0.110332
0.110437
0.110543
0.110649
0.110755
0.110862
0.110969
0.111076
0.111183
0.111291
0.111399
0.111507
0.111615
0.111724
0.111832
0.111941
0.112051
0.11216
0.11227
0.11238
0.11249
0.112601
0.112712
0.112823
0.112934
0.113045
0.113157
0.113269
0.113381
0.113493
0.113606
0.113718
0.113831
0.113945
0.114058
0.114172
0.114285
0.114399
0.114514
0.114628
0.114743
0.114858
0.114973
0.115088
0.115203
0.115319
0.115435
0.115551
0.115667
0.115783
0.1159
0.116016
0.116133
0.11625
0.116367
0.116485
0.116602
0.11672
0.116838
0.116956
0.117074
0.117193
0.117311
0.11743
0.117549
0.117668
0.117787
0.117906
0.118025
0.118145
0.118265
0.118385
0.118504
0.118625
0.118745
0.118865
0.118986
0.119106
0.119227
0.119348
0.119469
0.11959
0.119711
0.119832
0.119953
0.120075
0.120196
0.120318
0.12044
0.120562
0.120684
0.120806
0.120928
0.12105
0.121172
0.121294
0.121417
0.121539
0.121662
0.121785
0.121907
0.12203
0.122153
0.122276
0.122399
0.122522
0.122645
0.122768
0.122891
0.123014
0.123137
0.123261
0.123384
0.123507
0.123631
0.123754
0.123878
0.124001
0.124125
0.124248
0.124372
0.124495
0.124619
0.124742
0.124866
0.124989
0.125113
0.125237
0.12536
0.125484
0.125607
0.125731
0.125855
0.125978
0.126102
0.126225
0.126349
0.126472
0.126596
0.126719
0.126842
0.126966
0.127089
0.127213
0.127336
0.127459
0.127582
0.127705
0.127829
0.127952
0.128075
0.128198
0.128321
0.128443
0.128566
0.128689
0.128812
0.128934
0.129057
0.129179
0.129302
0.129424
0.129546
0.129669
0.129791
0.129913
0.130035
0.130157
0.130278
0.1304
0.130522
0.130643
0.130765
0.130886
0.131007
0.131128
0.13125
0.13137
0.131491
0.131612
0.131733
0.131853
0.131974
0.132094
0.132214
0.132334
0.132454
0.132574
0.132694
0.132813
0.132933
0.133052
0.133171
0.13329
0.133409
0.133528
0.133647
0.133765
0.133883
0.134002
0.13412
0.134238
0.134356
0.134473
0.134591
0.134708
0.134826
0.134943
0.13506
0.135176
0.135293
0.135409
0.135526
0.135642
0.135758
0.135874
0.135989
0.136105
0.13622
0.136335
0.136451
0.136565
0.13668
0.136795
0.136909
0.137023
0.137137
0.137251
0.137364
0.137478
0.137591
0.137704
0.137817
0.13793
0.138042
0.138155
0.138267
0.138379
0.138491
0.138602
0.138714
0.138825
0.138936
0.139047
0.139158
0.139268
0.139378
0.139488
0.139598
0.139708
0.139817
0.139927
0.140036
0.140145
0.140253
0.140362
0.14047
0.140578
0.140686
0.140794
0.140901
0.141008
0.141115
0.141222
0.141329
0.141435
0.141542
0.141648
0.141753
0.141859
0.141964
0.14207
0.142174
0.142279
0.142384
0.142488
0.142592
0.142696
0.1428
0.142903
0.143006
0.143109
0.143212
0.143315
0.143417
0.143519
0.143621
0.143723
0.143824
0.143926
0.144027
0.144127
0.144228
0.144328
0.144429
0.144529
0.144628
0.144728
0.144827
0.144926
0.145025
0.145124
0.145222
0.14532
0.145418
0.145516
0.145613
0.14571
0.145807
0.145904
0.146001
0.146097
0.146193
0.146289
0.146385
0.14648
0.146576
0.146671
0.146765
0.14686
0.146954
0.147048
0.147142
0.147236
0.147329
0.147423
0.147515
0.147608
0.147701
0.147793
0.147885
0.147977
0.148069
0.14816
0.148251
0.148342
0.148433
0.148523
0.148613
0.148704
0.148793
0.148883
0.148972
0.149061
0.14915
0.149239
0.149327
0.149416
0.149504
0.149591
0.149679
0.149766
0.149853
0.14994
0.150027
0.150113
0.1502
0.150286
0.150371
0.150457
0.150542
0.150627
0.150712
0.150797
0.150881
0.150966
0.15105
0.151133
0.151217
0.1513
0.151383
0.151466
0.151549
0.151631
0.151714
0.151796
0.151877
0.151959
0.15204
0.152122
0.152202
0.152283
0.152364
0.152444
0.152524
0.152604
0.152683
0.152763
0.152842
0.152921
0.153
0.153078
0.153157
0.153235
0.153313
0.153391
0.153468
0.153545
0.153622
0.153699
0.153776
0.153852
0.153929
0.154005
0.15408
0.154156
0.154231
0.154307
0.154382
0.154456
0.154531
0.154605
0.154679
0.154753
0.154827
0.154901
0.154974
0.155047
0.15512
0.155193
0.155265
0.155338
0.15541
0.155482
0.155553
0.155625
0.155696
0.155767
0.155838
0.155909
0.155979
0.15605
0.15612
0.15619
0.15626
0.156329
0.156398
0.156468
0.156536
0.156605
0.156674
0.156742
0.15681
0.156878
0.156946
0.157014
0.157081
0.157148
0.157215
0.157282
0.157349
0.157415
0.157482
0.157548
0.157614
0.157679
0.157745
0.15781
0.157875
0.15794
0.158005
0.15807
0.158134
0.158198
0.158262
0.158326
0.15839
0.158453
0.158517
0.15858
0.158643
0.158706
0.158768
0.158831
0.158893
0.158955
0.159017
0.159078
0.15914
0.159201
0.159263
0.159324
0.159384
0.159445
0.159506
0.159566
0.159626
0.159686
0.159746
0.159805
0.159865
0.159924
0.159983
0.160042
0.160101
0.16016
0.160218
0.160276
0.160335
0.160393
0.16045
0.160508
0.160565
0.160623
0.16068
0.160737
0.160794
0.16085
0.160907
0.160963
0.161019
0.161075
0.161131
0.161187
0.161242
0.161298
0.161353
0.161408
0.161463
0.161517
0.161572
0.161626
0.161681
0.161735
0.161789
0.161843
0.161896
0.16195
0.162003
0.162056
0.162109
0.162162
0.162215
0.162267
0.16232
0.162372
0.162424
0.162476
0.162528
0.16258
0.162631
0.162683
0.162734
0.162785
0.162836
0.162887
0.162938
0.162988
0.163039
0.163089
0.163139
0.163189
0.163239
0.163288
0.163338
0.163387
0.163437
0.163486
0.163535
0.163584
0.163632
0.163681
0.163729
0.163778
0.163826
0.163874
0.163922
0.163969
0.164017
0.164065
0.164112
0.164159
0.164206
0.164253
0.1643
0.164347
0.164393
0.16444
0.164486
0.164532
0.164578
0.164624
0.16467
0.164716
0.164761
0.164806
0.164852
0.164897
0.164942
0.164987
0.165032
0.165076
0.165121
0.165165
0.165209
0.165254
0.165298
0.165341
0.165385
0.165429
0.165472
0.165516
0.165559
0.165602
0.165645
0.165688
0.165731
0.165774
0.165816
0.165859
0.165901
0.165944
0.165986
0.166028
0.16607
0.166111
0.166153
0.166195
0.166236
0.166277
0.166318
0.16636
0.1664
0.166441
0.166482
0.166523
0.166563
0.166604
0.166644
0.166684
0.166724
0.166764
0.166804
0.166844
0.166884
0.166923
0.166962
0.167002
0.167041
0.16708
0.167119
0.167158
0.167197
0.167236
0.167274
0.167313
0.167351
0.167389
0.167427
0.167465
0.167503
0.167541
0.167579
0.167617
0.167654
0.167692
0.167729
0.167766
0.167803
0.167841
0.167877
0.167914
0.167951
0.167988
0.168024
0.168061
0.168097
0.168133
0.16817
0.168206
0.168242
0.168278
0.168313
0.168349
0.168385
0.16842
0.168456
0.168491
0.168526
0.168561
0.168596
0.168631
0.168666
0.168701
0.168735
0.16877
0.168804
0.168839
0.168873
0.168907
0.168942
0.168976
0.16901
0.169043
0.169077
0.169111
0.169144
0.169178
0.169211
0.169245
0.169278
0.169311
0.169344
0.169377
0.16941
0.169443
0.169475
0.169508
0.169541
0.169573
0.169606
0.169638
0.16967
0.169702
0.169734
0.169766
0.169798
0.16983
0.169862
0.169893
0.169925
0.169956
0.169988
0.170019
0.17005
0.170081
0.170112
0.170143
0.170174
0.170205
0.170236
0.170267
0.170297
0.170328
0.170358
0.170389
0.170419
0.170449
0.170479
0.170509
0.170539
0.170569
0.170599
0.170629
0.170658
0.170688
0.170718
0.170747
0.170776
0.170806
0.170835
0.170864
0.170893
0.170922
0.170951
0.17098
0.171009
0.171038
0.171066
0.171095
0.171123
0.171152
0.17118
0.171208
0.171237
0.171265
0.171293
0.171321
0.171349
0.171377
0.171404
0.171432
0.17146
0.171487
0.171515
0.171542
0.17157
0.171597
0.171624
0.171652
0.171679
0.171706
0.171733
0.17176
0.171787
0.171813
0.17184
0.171867
0.171893
0.17192
0.171946
0.171973
0.171999
0.172025
0.172052
0.172078
0.172104
0.17213
0.172156
0.172182
0.172207
0.172233
0.172259
0.172285
0.17231
0.172336
0.172361
0.172387
0.172412
0.172437
0.172462
0.172488
0.172513
0.172538
0.172563
0.172587
0.172612
0.172637
0.172662
0.172687
0.172711
0.172736
0.17276
0.172785
0.172809
0.172833
0.172858
0.172882
0.172906
0.17293
0.172954
0.172978
0.173002
0.173026
0.17305
0.173073
0.173097
0.173121
0.173144
0.173168
0.173191
0.173215
0.173238
0.173261
0.173285
0.173308
0.173331
0.173354
0.173377
0.1734
0.173423
0.173446
0.173469
0.173491
0.173514
0.173537
0.173559
0.173582
0.173604
0.173627
0.173649
0.173671
0.173694
0.173716
0.173738
0.17376
0.173782
0.173804
0.173826
0.173848
0.17387
0.173892
0.173914
0.173935
0.173957
0.173979
0.174
0.174022
0.174043
0.174065
0.174086
0.174107
0.174129
0.17415
0.174171
0.174192
0.174213
0.174234
0.174255
0.174276
0.174297
0.174318
0.174339
0.17436
0.17438
0.174401
0.174422
0.174442
0.174463
0.174483
0.174504
0.174524
0.174544
0.174565
0.174585
0.174605
0.174625
0.174645
0.174665
0.174685
0.174705
0.174725
0.174745
0.174765
0.174785
0.174804
0.174824
0.174844
0.174863
0.174883
0.174902
0.174922
0.174941
0.174961
0.17498
0.174999
0.175019
0.175038
0.175057
0.175076
0.175095
0.175114
0.175133
0.175152
0.175171
0.17519
0.175209
0.175228
0.175246
0.175265
0.175284
0.175302
0.175321
0.17534
0.175358
0.175377
0.175395
0.175413
0.175432
0.17545
0.175468
0.175486
0.175505
0.175523
0.175541
0.175559
0.175577
0.175595
0.175613
0.175631
0.175649
0.175666
0.175684
0.175702
0.17572
0.175737
0.175755
0.175773
0.17579
0.175808
0.175825
0.175843
0.17586
0.175877
0.175895
0.175912
0.175929
0.175946
0.175964
0.175981
0.175998
0.176015
0.176032
0.176049
0.176066
0.176083
0.1761
0.176117
0.176133
0.17615
0.176167
0.176184
0.1762
0.176217
0.176234
0.17625
0.176267
0.176283
0.1763
0.176316
0.176332
0.176349
0.176365
0.176381
0.176398
0.176414
0.17643
0.176446
0.176462
0.176478
0.176494
0.17651
0.176526
0.176542
0.176558
0.176574
0.17659
0.176606
0.176621
0.176637
0.176653
0.176669
0.176684
0.1767
0.176715
0.176731
0.176746
0.176762
0.176777
0.176793
0.176808
0.176823
0.176839
0.176854
0.176869
0.176884
0.1769
0.176915
0.17693
0.176945
0.17696
0.176975
0.17699
0.177005
0.17702
0.177035
0.17705
0.177065
0.177079
0.177094
0.177109
0.177124
0.177138
0.177153
0.177168
0.177182
0.177197
0.177211
0.177226
0.17724
0.177255
0.177269
0.177283
0.177298
0.177312
0.177326
0.177341
0.177355
0.177369
0.177383
0.177397
0.177412
0.177426
0.17744
0.177454
0.177468
0.177482
0.177496
0.17751
0.177523
0.177537
0.177551
0.177565
0.177579
0.177592
0.177606
0.17762
0.177634
0.177647
0.177661
0.177674
0.177688
0.177701
0.177715
0.177728
0.177742
0.177755
0.177769
0.177782
0.177795
0.177809
0.177822
0.177835
0.177848
0.177861
0.177875
0.177888
0.177901
0.177914
0.177927
0.17794
0.177953
0.177966
0.177979
0.177992
0.178005
0.178018
0.178031
0.178043
0.178056
0.178069
0.178082
0.178094
0.178107
0.17812
0.178132
0.178145
0.178158
0.17817
0.178183
0.178195
0.178208
0.17822
0.178233
0.178245
0.178258
0.17827
0.178282
0.178295
0.178307
0.178319
0.178331
0.178344
0.178356
0.178368
0.17838
0.178392
0.178404
0.178416
0.178428
0.17844
0.178452
0.178464
0.178476
0.178488
0.1785
0.178512
0.178524
0.178536
0.178548
0.178559
0.178571
0.178583
0.178595
0.178606
0.178618
0.17863
0.178641
0.178653
0.178664
0.178676
0.178688
0.178699
0.178711
0.178722
0.178733
0.178745
0.178756
0.178768
0.178779
0.17879
0.178802
0.178813
0.178824
0.178835
0.178847
0.178858
0.178869
0.17888
0.178891
0.178902
0.178913
0.178925
0.178936
0.178947
0.178958
0.178969
0.17898
0.17899
0.179001
0.179012
0.179023
0.179034
0.179045
0.179056
0.179066
0.179077
0.179088
0.179099
0.179109
0.17912
0.179131
0.179141
0.179152
0.179163
0.179173
0.179184
0.179194
0.179205
0.179215
0.179226
0.179236
0.179247
0.179257
0.179267
0.179278
0.179288
0.179298
0.179309
0.179319
0.179329
0.17934
0.17935
0.17936
0.17937
0.17938
0.179391
0.179401
0.179411
0.179421
0.179431
0.179441
0.179451
0.179461
0.179471
0.179481
0.179491
0.179501
0.179511
0.179521
0.179531
0.17954
0.17955
0.17956
0.17957
0.17958
0.17959
0.179599
0.179609
0.179619
0.179628
0.179638
0.179648
0.179657
0.179667
0.179677
0.179686
0.179696
0.179705
0.179715
0.179724
0.179734
0.179743
0.179753
0.179762
0.179772
0.179781
0.17979
0.1798
0.179809
0.179818
0.179828
0.179837
0.179846
0.179856
0.179865
0.179874
0.179883
0.179892
0.179902
0.179911
0.17992
0.179929
0.179938
0.179947
0.179956
0.179965
0.179974
0.179983
0.179992
0.180001
0.18001
0.180019
0.180028
0.180037
0.180046
0.180055
0.180064
0.180072
0.180081
0.18009
0.180099
0.180108
0.180116
0.180125
0.180134
0.180143
0.180151
0.18016
0.180169
0.180177
0.180186
0.180194
0.180203
0.180212
0.18022
0.180229
0.180237
0.180246
0.180254
0.180263
0.180271
0.18028
0.180288
0.180297
0.180305
0.180313
0.180322
0.18033
0.180338
0.180347
0.180355
0.180363
0.180372
0.18038
0.180388
0.180396
0.180405
0.180413
0.180421
0.180429
0.180437
0.180445
0.180453
0.180462
0.18047
0.180478
0.180486
0.180494
0.180502
0.18051
0.180518
0.180526
0.180534
0.180542
0.18055
0.180558
0.180566
0.180573
0.180581
0.180589
0.180597
0.180605
0.180613
0.180621
0.180628
0.180636
0.180644
0.180652
0.180659
0.180667
0.180675
0.180682
0.18069
0.180698
0.180705
0.180713
0.180721
0.180728
0.180736
0.180743
0.180751
0.180759
0.180766
0.180774
0.180781
0.180789
0.180796
0.180804
0.180811
0.180818
0.180826
0.180833
0.180841
0.180848
0.180855
0.180863
0.18087
0.180877
0.180885
0.180892
0.180899
0.180907
0.180914
0.180921
0.180928
0.180936
0.180943
0.18095
0.180957
0.180964
0.180971
0.180979
0.180986
0.180993
0.181
0.181007
0.181014
0.181021
0.181028
0.181035
0.181042
0.181049
0.181056
0.181063
0.18107
0.181077
0.181084
0.181091
0.181098
0.181105
0.181112
0.181119
0.181125
0.181132
0.181139
0.181146
0.181153
0.18116
0.181166
0.181173
0.18118
0.181187
0.181193
0.1812
0.181207
0.181213
0.18122
0.181227
0.181234
0.18124
0.181247
0.181253
0.18126
0.181267
0.181273
0.18128
0.181286
0.181293
0.181299
0.181306
0.181313
0.181319
0.181326
0.181332
0.181338
0.181345
0.181351
0.181358
0.181364
0.181371
0.181377
0.181383
0.18139
0.181396
0.181403
0.181409
0.181415
0.181422
0.181428
0.181434
0.18144
0.181447
0.181453
0.181459
0.181465
0.181472
0.181478
0.181484
0.18149
0.181496
0.181503
0.181509
0.181515
0.181521
0.181527
0.181533
0.181539
0.181545
0.181552
0.181558
0.181564
0.18157
0.181576
0.181582
0.181588
0.181594
0.1816
0.181606
0.181612
0.181618
0.181624
0.18163
0.181636
0.181641
0.181647
0.181653
0.181659
0.181665
0.181671
0.181677
0.181683
0.181688
0.181694
0.1817
0.181706
0.181712
0.181717
0.181723
0.181729
0.181735
0.18174
0.181746
0.181752
0.181757
0.181763
0.181769
0.181775
0.18178
0.181786
0.181792
0.181797
0.181803
0.181808
0.181814
0.18182
0.181825
0.181831
0.181836
0.181842
0.181847
0.181853
0.181858
0.181864
0.181869
0.181875
0.18188
0.181886
0.181891
0.181897
0.181902
0.181908
0.181913
0.181918
0.181924
0.181929
0.181935
0.18194
0.181945
0.181951
0.181956
0.181961
0.181967
0.181972
0.181977
0.181983
0.181988
0.181993
0.181998
0.182004
0.182009
0.182014
0.182019
0.182025
0.18203
0.182035
0.18204
0.182045
0.182051
0.182056
0.182061
0.182066
0.182071
0.182076
0.182081
0.182087
0.182092
0.182097
0.182102
0.182107
0.182112
0.182117
0.182122
0.182127
0.182132
0.182137
0.182142
0.182147
0.182152
0.182157
0.182162
0.182167
0.182172
0.182177
0.182182
0.182187
0.182192
0.182197
0.182201
0.182206
0.182211
0.182216
0.182221
0.182226
0.182231
0.182236
0.18224
0.182245
0.18225
0.182255
0.18226
0.182264
0.182269
0.182274
0.182279
0.182283
0.182288
0.182293
0.182298
0.182302
0.182307
0.182312
0.182316
0.182321
0.182326
0.18233
0.182335
0.18234
0.182344
0.182349
0.182354
0.182358
0.182363
0.182367
0.182372
0.182377
0.182381
0.182386
0.18239
0.182395
0.182399
0.182404
0.182409
0.182413
0.182418
0.182422
0.182427
0.182431
0.182436
0.18244
0.182444
0.182449
0.182453
0.182458
0.182462
0.182467
0.182471
0.182475
0.18248
0.182484
0.182489
0.182493
0.182497
0.182502
0.182506
0.18251
0.182515
0.182519
0.182523
0.182528
0.182532
0.182536
0.182541
0.182545
0.182549
0.182553
0.182558
0.182562
0.182566
0.18257
0.182575
0.182579
0.182583
0.182587
0.182592
0.182596
0.1826
0.182604
0.182608
0.182612
0.182617
0.182621
0.182625
0.182629
0.182633
0.182637
0.182641
0.182645
0.18265
0.182654
0.182658
0.182662
0.182666
0.18267
0.182674
0.182678
0.182682
0.182686
0.18269
0.182694
0.182698
0.182702
0.182706
0.18271
0.182714
0.182718
0.182722
0.182726
0.18273
0.182734
0.182738
0.182742
0.182746
0.18275
0.182754
0.182757
0.182761
0.182765
0.182769
0.182773
0.182777
0.182781
0.182785
0.182788
0.182792
0.182796
0.1828
0.182804
0.182808
0.182811
0.182815
0.182819
0.182823
0.182827
0.18283
0.182834
0.182838
0.182842
0.182845
0.182849
0.182853
0.182857
0.18286
0.182864
0.182868
0.182871
0.182875
0.182879
0.182883
0.182886
0.18289
0.182894
0.182897
0.182901
0.182905
0.182908
0.182912
0.182915
0.182919
0.182923
0.182926
0.18293
0.182933
0.182937
0.182941
0.182944
0.182948
0.182951
0.182955
0.182958
0.182962
0.182966
0.182969
0.182973
0.182976
0.18298
0.182983
0.182987
0.18299
0.182994
0.182997
0.183001
0.183004
0.183008
0.183011
0.183014
0.183018
0.183021
0.183025
0.183028
0.183032
0.183035
0.183038
0.183042
0.183045
0.183049
0.183052
0.183055
0.183059
0.183062
0.183065
0.183069
0.183072
0.183076
0.183079
0.183082
0.183086
0.183089
0.183092
0.183095
0.183099
0.183102
0.183105
0.183109
0.183112
0.183115
0.183118
0.183122
0.183125
0.183128
0.183132
0.183135
0.183138
0.183141
0.183144
0.183148
0.183151
0.183154
0.183157
0.18316
0.183164
0.183167
0.18317
0.183173
0.183176
0.18318
0.183183
0.183186
0.183189
0.183192
0.183195
0.183198
0.183202
0.183205
0.183208
0.183211
0.183214
0.183217
0.18322
0.183223
0.183226
0.183229
0.183232
0.183236
0.183239
0.183242
0.183245
0.183248
0.183251
0.183254
0.183257
0.18326
0.183263
0.183266
0.183269
0.183272
0.183275
0.183278
0.183281
0.183284
0.183287
0.18329
0.183293
0.183296
0.183299
0.183302
0.183305
0.183308
0.18331
0.183313
0.183316
0.183319
0.183322
0.183325
0.183328
0.183331
0.183334
0.183337
0.18334
0.183342
0.183345
0.183348
0.183351
0.183354
0.183357
0.18336
0.183362
0.183365
0.183368
0.183371
0.183374
0.183377
0.183379
0.183382
0.183385
0.183388
0.183391
0.183393
0.183396
0.183399
0.183402
0.183405
0.183407
0.18341
0.183413
0.183416
0.183418
0.183421
0.183424
0.183427
0.183429
0.183432
0.183435
0.183437
0.18344
0.183443
0.183446
0.183448
0.183451
0.183454
0.183456
0.183459
0.183462
0.183464
0.183467
0.18347
0.183472
0.183475
0.183478
0.18348
0.183483
0.183486
0.183488
0.183491
0.183493
0.183496
0.183499
0.183501
0.183504
0.183506
0.183509
0.183512
0.183514
0.183517
0.183519
0.183522
0.183524
0.183527
0.18353
0.183532
0.183535
0.183537
0.18354
0.183542
0.183545
0.183547
0.18355
0.183552
0.183555
0.183557
0.18356
0.183562
0.183565
0.183567
0.18357
0.183572
0.183575
0.183577
0.18358
0.183582
0.183585
0.183587
0.18359
0.183592
0.183595
0.183597
0.183599
0.183602
0.183604
0.183607
0.183609
0.183612
0.183614
0.183616
0.183619
0.183621
0.183624
0.183626
0.183628
0.183631
0.183633
0.183636
0.183638
0.18364
0.183643
0.183645
0.183647
0.18365
0.183652
0.183654
0.183657
0.183659
0.183661
0.183664
0.183666
0.183668
0.183671
0.183673
0.183675
0.183678
0.18368
0.183682
0.183684
0.183687
0.183689
0.183691
0.183694
0.183696
0.183698
0.1837
0.183703
0.183705
0.183707
0.183709
0.183712
0.183714
0.183716
0.183718
0.183721
0.183723
0.183725
0.183727
0.18373
0.183732
0.183734
0.183736
0.183738
0.183741
0.183743
0.183745
0.183747
0.183749
0.183751
0.183754
0.183756
0.183758
0.18376
0.183762
0.183764
0.183767
0.183769
0.183771
0.183773
0.183775
0.183777
0.183779
0.183782
0.183784
0.183786
0.183788
0.18379
0.183792
0.183794
0.183796
0.183798
0.183801
0.183803
0.183805
0.183807
0.183809
0.183811
0.183813
0.183815
0.183817
0.183819
0.183821
0.183823
0.183825
0.183828
0.18383
0.183832
0.183834
0.183836
0.183838
0.18384
0.183842
0.183844
0.183846
0.183848
0.18385
0.183852
0.183854
0.183856
0.183858
0.18386
0.183862
0.183864
0.183866
0.183868
0.18387
0.183872
0.183874
0.183876
0.183878
0.18388
0.183882
0.183884
0.183886
0.183887
0.183889
0.183891
0.183893
0.183895
0.183897
0.183899
0.183901
0.183903
0.183905
0.183907
0.183909
0.183911
0.183913
0.183914
0.183916
0.183918
0.18392
0.183922
0.183924
0.183926
0.183928
0.18393
0.183931
0.183933
0.183935
0.183937
0.183939
0.183941
0.183943
0.183944
0.183946
0.183948
0.18395
0.183952
0.183954
0.183956
0.183957
0.183959
0.183961
0.183963
0.183965
0.183967
0.183968
0.18397
0.183972
0.183974
0.183976
0.183977
0.183979
0.183981
0.183983
0.183985
0.183986
0.183988
0.18399
0.183992
0.183993
0.183995
0.183997
0.183999
0.184
0.184002
0.184004
0.184006
0.184007
0.184009
0.184011
0.184013
0.184014
0.184016
0.184018
0.18402
0.184021
0.184023
0.184025
0.184027
0.184028
0.18403
0.184032
0.184033
0.184035
0.184037
0.184039
0.18404
0.184042
0.184044
0.184045
0.184047
0.184049
0.18405
0.184052
0.184054
0.184055
0.184057
0.184059
0.18406
0.184062
0.184064
0.184065
0.184067
0.184069
0.18407
0.184072
0.184074
0.184075
0.184077
0.184078
0.18408
0.184082
0.184083
0.184085
0.184087
0.184088
0.18409
0.184091
0.184093
0.184095
0.184096
0.184098
0.184099
0.184101
0.184103
0.184104
0.184106
0.184107
0.184109
0.184111
0.184112
0.184114
0.184115
0.184117
0.184118
0.18412
0.184122
0.184123
0.184125
0.184126
0.184128
0.184129
0.184131
0.184132
0.184134
0.184136
0.184137
0.184139
0.18414
0.184142
0.184143
0.184145
0.184146
0.184148
0.184149
0.184151
0.184152
0.184154
0.184155
0.184157
0.184158
0.18416
0.184161
0.184163
0.184164
0.184166
0.184167
0.184169
0.18417
0.184172
0.184173
0.184175
0.184176
0.184178
0.184179
0.184181
0.184182
0.184183
0.184185
0.184186
0.184188
0.184189
0.184191
0.184192
0.184194
0.184195
0.184197
0.184198
0.184199
0.184201
0.184202
0.184204
0.184205
0.184207
0.184208
0.184209
0.184211
0.184212
0.184214
0.184215
0.184216
0.184218
0.184219
0.184221
0.184222
0.184223
0.184225
0.184226
0.184228
0.184229
0.18423
0.184232
0.184233
0.184235
0.184236
0.184237
0.184239
0.18424
0.184241
0.184243
0.184244
0.184246
0.184247
0.184248
0.18425
0.184251
0.184252
0.184254
0.184255
0.184256
0.184258
0.184259
0.18426
0.184262
0.184263
0.184264
0.184266
0.184267
0.184268
0.18427
0.184271
0.184272
0.184274
0.184275
0.184276
0.184278
0.184279
0.18428
0.184281
0.184283
0.184284
0.184285
0.184287
0.184288
0.184289
0.184291
0.184292
0.184293
0.184294
0.184296
0.184297
0.184298
0.184299
0.184301
0.184302
0.184303
0.184305
0.184306
0.184307
0.184308
0.18431
0.184311
0.184312
0.184313
0.184315
0.184316
0.184317
0.184318
0.18432
0.184321
0.184322
0.184323
0.184325
0.184326
0.184327
0.184328
0.184329
0.184331
0.184332
0.184333
0.184334
0.184336
0.184337
0.184338
0.184339
0.18434
0.184342
0.184343
0.184344
0.184345
0.184346
0.184348
0.184349
0.18435
0.184351
0.184352
0.184354
0.184355
0.184356
0.184357
0.184358
0.18436
0.184361
0.184362
0.184363
0.184364
0.184365
0.184367
0.184368
0.184369
0.18437
0.184371
0.184372
0.184374
0.184375
0.184376
0.184377
0.184378
0.184379
0.18438
0.184382
0.184383
0.184384
0.184385
0.184386
0.184387
0.184388
0.18439
0.184391
0.184392
0.184393
0.184394
0.184395
0.184396
0.184397
0.184399
0.1844
0.184401
0.184402
0.184403
0.184404
0.184405
0.184406
0.184407
0.184409
0.18441
0.184411
0.184412
0.184413
0.184414
0.184415
0.184416
0.184417
0.184418
0.184419
0.184421
0.184422
0.184423
0.184424
0.184425
0.184426
0.184427
0.184428
0.184429
0.18443
0.184431
0.184432
0.184433
0.184434
0.184436
0.184437
0.184438
0.184439
0.18444
0.184441
0.184442
0.184443
0.184444
0.184445
0.184446
0.184447
0.184448
0.184449
0.18445
0.184451
0.184452
0.184453
0.184454
0.184455
0.184456
0.184457
0.184458
0.184459
0.18446
0.184462
0.184463
0.184464
0.184465
0.184466
0.184467
0.184468
0.184469
0.18447
0.184471
0.184472
0.184473
0.184474
0.184475
0.184476
0.184477
0.184478
0.184479
0.18448
0.184481
0.184482
0.184483
0.184484
0.184485
0.184486
0.184486
0.184487
0.184488
0.184489
0.18449
0.184491
0.184492
0.184493
0.184494
0.184495
0.184496
0.184497
0.184498
0.184499
0.1845
0.184501
0.184502
0.184503
0.184504
0.184505
0.184506
0.184507
0.184508
0.184509
0.18451
0.184511
0.184511
0.184512
0.184513
0.184514
0.184515
0.184516
0.184517
0.184518
0.184519
0.18452
0.184521
0.184522
0.184523
0.184524
0.184525
0.184525
0.184526
0.184527
0.184528
0.184529
0.18453
0.184531
0.184532
0.184533
0.184534
0.184535
0.184535
0.184536
0.184537
0.184538
0.184539
0.18454
0.184541
0.184542
0.184543
0.184544
0.184544
0.184545
0.184546
0.184547
0.184548
0.184549
0.18455
0.184551
0.184552
0.184552
0.184553
0.184554
0.184555
0.184556
0.184557
0.184558
0.184559
0.184559
0.18456
0.184561
0.184562
0.184563
0.184564
0.184565
0.184565
0.184566
0.184567
0.184568
0.184569
0.18457
0.184571
0.184571
0.184572
0.184573
0.184574
0.184575
0.184576
0.184577
0.184577
0.184578
0.184579
0.18458
0.184581
0.184582
0.184582
0.184583
0.184584
0.184585
0.184586
0.184587
0.184587
0.184588
0.184589
0.18459
0.184591
0.184591
0.184592
0.184593
0.184594
0.184595
0.184596
0.184596
0.184597
0.184598
0.184599
0.1846
0.1846
0.184601
0.184602
0.184603
0.184604
0.184604
0.184605
0.184606
0.184607
0.184608
0.184608
0.184609
0.18461
0.184611
0.184612
0.184612
0.184613
0.184614
0.184615
0.184616
0.184616
0.184617
0.184618
0.184619
0.184619
0.18462
0.184621
0.184622
0.184623
0.184623
0.184624
0.184625
0.184626
0.184626
0.184627
0.184628
0.184629
0.184629
0.18463
0.184631
0.184632
0.184633
0.184633
0.184634
0.184635
0.184636
0.184636
0.184637
0.184638
0.184639
0.184639
0.18464
0.184641
0.184642
0.184642
0.184643
0.184644
0.184644
0.184645
0.184646
0.184647
0.184647
0.184648
0.184649
0.18465
0.18465
0.184651
0.184652
0.184653
0.184653
0.184654
0.184655
0.184655
0.184656
0.184657
0.184658
0.184658
0.184659
0.18466
0.184661
0.184661
0.184662
0.184663
0.184663
0.184664
0.184665
0.184666
0.184666
0.184667
0.184668
0.184668
0.184669
0.18467
0.18467
0.184671
0.184672
0.184673
0.184673
0.184674
0.184675
0.184675
0.184676
0.184677
0.184677
0.184678
0.184679
0.18468
0.18468
0.184681
0.184682
0.184682
0.184683
0.184684
0.184684
0.184685
0.184686
0.184686
0.184687
0.184688
0.184688
0.184689
0.18469
0.18469
0.184691
0.184692
0.184692
0.184693
0.184694
0.184694
0.184695
0.184696
0.184696
0.184697
0.184698
0.184698
0.184699
0.1847
0.1847
0.184701
0.184702
0.184702
0.184703
0.184704
0.184704
0.184705
0.184706
0.184706
0.184707
0.184708
0.184708
0.184709
0.18471
0.18471
0.184711
0.184711
0.184712
0.184713
0.184713
0.184714
0.184715
0.184715
0.184716
0.184717
0.184717
0.184718
0.184718
0.184719
0.18472
0.18472
0.184721
0.184722
0.184722
0.184723
0.184723
0.184724
0.184725
0.184725
0.184726
0.184727
0.184727
0.184728
0.184728
0.184729
0.18473
0.18473
0.184731
0.184732
0.184732
0.184733
0.184733
0.184734
0.184735
0.184735
0.184736
0.184736
0.184737
0.184738
0.184738
0.184739
0.184739
0.18474
0.184741
0.184741
0.184742
0.184742
0.184743
0.184744
0.184744
0.184745
0.184745
0.184746
0.184747
0.184747
0.184748
0.184748
0.184749
0.184749
0.18475
0.184751
0.184751
0.184752
0.184752
0.184753
0.184754
0.184754
0.184755
0.184755
0.184756
0.184756
0.184757
0.184758
0.184758
0.184759
0.184759
0.18476
0.18476
0.184761
0.184762
0.184762
0.184763
0.184763
0.184764
0.184764
0.184765
0.184766
0.184766
0.184767
0.184767
0.184768
0.184768
0.184769
0.18477
0.18477
0.184771
0.184771
0.184772
0.184772
0.184773
0.184773
0.184774
0.184775
0.184775
0.184776
0.184776
0.184777
0.184777
0.184778
0.184778
0.184779
0.184779
0.18478
0.184781
0.184781
0.184782
0.184782
0.184783
0.184783
0.184784
0.184784
0.184785
0.184785
0.184786
0.184786
0.184787
0.184788
0.184788
0.184789
0.184789
0.18479
0.18479
0.184791
0.184791
0.184792
0.184792
0.184793
0.184793
0.184794
0.184794
0.184795
0.184795
0.184796
0.184796
0.184797
0.184797
0.184798
0.184799
0.184799
0.1848
0.1848
0.184801
0.184801
0.184802
0.184802
0.184803
0.184803
0.184804
0.184804
0.184805
0.184805
0.184806
0.184806
0.184807
0.184807
0.184808
0.184808
0.184809
0.184809
0.18481
0.18481
0.184811
0.184811
0.184812
0.184812
0.184813
0.184813
0.184814
0.184814
0.184815
0.184815
0.184816
0.184816
0.184817
0.184817
0.184818
0.184818
0.184819
0.184819
0.18482
0.18482
0.184821
0.184821
0.184822
0.184822
0.184822
0.184823
0.184823
0.184824
0.184824
0.184825
0.184825
0.184826
0.184826
0.184827
0.184827
0.184828
0.184828
0.184829
0.184829
0.18483
0.18483
0.184831
0.184831
0.184832
0.184832
0.184832
0.184833
0.184833
0.184834
0.184834
0.184835
0.184835
0.184836
0.184836
0.184837
0.184837
0.184838
0.184838
0.184839
0.184839
0.184839
0.18484
0.18484
0.184841
0.184841
0.184842
0.184842
0.184843
0.184843
0.184844
0.184844
0.184844
0.184845
0.184845
0.184846
0.184846
0.184847
0.184847
0.184848
0.184848
0.184848
0.184849
0.184849
0.18485
0.18485
0.184851
0.184851
0.184852
0.184852
0.184852
0.184853
0.184853
0.184854
0.184854
0.184855
0.184855
0.184856
0.184856
0.184856
0.184857
0.184857
0.184858
0.184858
0.184859
0.184859
0.184859
0.18486
0.18486
0.184861
0.184861
0.184862
0.184862
0.184862
0.184863
0.184863
0.184864
0.184864
0.184865
0.184865
0.184865
0.184866
0.184866
0.184867
0.184867
0.184868
0.184868
0.184868
0.184869
0.184869
0.18487
0.18487
0.18487
0.184871
0.184871
0.184872
0.184872
0.184872
0.184873
0.184873
0.184874
0.184874
0.184875
0.184875
0.184875
0.184876
0.184876
0.184877
0.184877
0.184877
0.184878
0.184878
0.184879
0.184879
0.184879
0.18488
0.18488
0.184881
0.184881
0.184881
0.184882
0.184882
0.184883
0.184883
0.184883
0.184884
0.184884
0.184885
0.184885
0.184885
0.184886
0.184886
0.184887
0.184887
0.184887
0.184888
0.184888
0.184889
0.184889
0.184889
0.18489
0.18489
0.18489
0.184891
0.184891
0.184892
0.184892
0.184892
0.184893
0.184893
0.184894
0.184894
0.184894
0.184895
0.184895
0.184895
0.184896
0.184896
0.184897
0.184897
0.184897
0.184898
0.184898
0.184899
0.184899
0.184899
0.1849
0.1849
0.1849
0.184901
0.184901
0.184902
0.184902
0.184902
0.184903
0.184903
0.184903
0.184904
0.184904
0.184904
0.184905
0.184905
0.184906
0.184906
0.184906
0.184907
0.184907
0.184907
0.184908
0.184908
0.184909
0.184909
0.184909
0.18491
0.18491
0.18491
0.184911
0.184911
0.184911
0.184912
0.184912
0.184912
0.184913
0.184913
0.184914
0.184914
0.184914
0.184915
0.184915
0.184915
0.184916
0.184916
0.184916
0.184917
0.184917
0.184917
0.184918
0.184918
0.184918
0.184919
0.184919
0.18492
0.18492
0.18492
0.184921
0.184921
0.184921
0.184922
0.184922
0.184922
0.184923
0.184923
0.184923
0.184924
0.184924
0.184924
0.184925
0.184925
0.184925
0.184926
0.184926
0.184926
0.184927
0.184927
0.184927
0.184928
0.184928
0.184928
0.184929
0.184929
0.184929
0.18493
0.18493
0.18493
0.184931
0.184931
0.184931
0.184932
0.184932
0.184932
0.184933
0.184933
0.184933
0.184934
0.184934
0.184934
0.184935
0.184935
0.184935
0.184936
0.184936
0.184936
0.184937
0.184937
0.184937
0.184938
0.184938
0.184938
0.184939
0.184939
0.184939
0.18494
0.18494
0.18494
0.184941
0.184941
0.184941
0.184941
0.184942
0.184942
0.184942
0.184943
0.184943
0.184943
0.184944
0.184944
0.184944
0.184945
0.184945
0.184945
0.184946
0.184946
0.184946
0.184947
0.184947
0.184947
0.184947
0.184948
0.184948
0.184948
0.184949
0.184949
0.184949
0.18495
0.18495
0.18495
0.184951
0.184951
0.184951
0.184951
0.184952
0.184952
0.184952
0.184953
0.184953
0.184953
0.184954
0.184954
0.184954
0.184954
0.184955
0.184955
0.184955
0.184956
0.184956
0.184956
0.184957
0.184957
0.184957
0.184957
0.184958
0.184958
0.184958
0.184959
0.184959
0.184959
0.18496
0.18496
0.18496
0.18496
0.184961
0.184961
0.184961
0.184962
0.184962
0.184962
0.184962
0.184963
0.184963
0.184963
0.184964
0.184964
0.184964
0.184964
0.184965
0.184965
0.184965
0.184966
0.184966
0.184966
0.184966
0.184967
0.184967
0.184967
0.184968
0.184968
0.184968
0.184968
0.184969
0.184969
0.184969
0.18497
0.18497
0.18497
0.18497
0.184971
0.184971
0.184971
0.184972
0.184972
0.184972
0.184972
0.184973
0.184973
0.184973
0.184973
0.184974
0.184974
0.184974
0.184975
0.184975
0.184975
0.184975
0.184976
0.184976
0.184976
0.184976
0.184977
0.184977
0.184977
0.184978
0.184978
0.184978
0.184978
0.184979
0.184979
0.184979
0.184979
0.18498
0.18498
0.18498
0.18498
0.184981
0.184981
0.184981
0.184982
0.184982
0.184982
0.184982
0.184983
0.184983
0.184983
0.184983
0.184984
0.184984
0.184984
0.184984
0.184985
0.184985
0.184985
0.184985
0.184986
0.184986
0.184986
0.184986
0.184987
0.184987
0.184987
0.184988
0.184988
0.184988
0.184988
0.184989
0.184989
0.184989
0.184989
0.18499
0.18499
0.18499
0.18499
0.184991
0.184991
0.184991
0.184991
0.184992
0.184992
0.184992
0.184992
0.184993
0.184993
0.184993
0.184993
0.184994
0.184994
0.184994
0.184994
0.184995
0.184995
0.184995
0.184995
0.184996
0.184996
0.184996
0.184996
0.184997
0.184997
0.184997
0.184997
0.184998
0.184998
0.184998
0.184998
0.184998
0.184999
0.184999
0.184999
0.184999
0.185
0.185
0.185
0.185
0.185001
0.185001
0.185001
0.185001
0.185002
0.185002
0.185002
0.185002
0.185003
0.185003
0.185003
0.185003
0.185003
0.185004
0.185004
0.185004
0.185004
0.185005
0.185005
0.185005
0.185005
0.185006
0.185006
0.185006
0.185006
0.185007
0.185007
0.185007
0.185007
0.185007
0.185008
0.185008
0.185008
0.185008
0.185009
0.185009
0.185009
0.185009
0.185009
0.18501
0.18501
0.18501
0.18501
0.185011
0.185011
0.185011
0.185011
0.185012
0.185012
0.185012
0.185012
0.185012
0.185013
0.185013
0.185013
0.185013
0.185014
0.185014
0.185014
0.185014
0.185014
0.185015
0.185015
0.185015
0.185015
0.185016
0.185016
0.185016
0.185016
0.185016
0.185017
0.185017
0.185017
0.185017
0.185017
0.185018
0.185018
0.185018
0.185018
0.185019
0.185019
0.185019
0.185019
0.185019
0.18502
0.18502
0.18502
0.18502
0.18502
0.185021
0.185021
0.185021
0.185021
0.185022
0.185022
0.185022
0.185022
0.185022
0.185023
0.185023
0.185023
0.185023
0.185023
0.185024
0.185024
0.185024
0.185024
0.185024
0.185025
0.185025
0.185025
0.185025
0.185025
0.185026
0.185026
0.185026
0.185026
0.185027
0.185027
0.185027
0.185027
0.185027
0.185028
0.185028
0.185028
0.185028
0.185028
0.185029
0.185029
0.185029
0.185029
0.185029
0.18503
0.18503
0.18503
0.18503
0.18503
0.185031
0.185031
0.185031
0.185031
0.185031
0.185032
0.185032
0.185032
0.185032
0.185032
0.185033
0.185033
0.185033
0.185033
0.185033
0.185034
0.185034
0.185034
0.185034
0.185034
0.185034
0.185035
0.185035
0.185035
0.185035
0.185035
0.185036
0.185036
0.185036
0.185036
0.185036
0.185037
0.185037
0.185037
0.185037
0.185037
0.185038
0.185038
0.185038
0.185038
0.185038
0.185039
0.185039
0.185039
0.185039
0.185039
0.185039
0.18504
0.18504
0.18504
0.18504
0.18504
0.185041
0.185041
0.185041
0.185041
0.185041
0.185042
0.185042
0.185042
0.185042
0.185042
0.185042
0.185043
0.185043
0.185043
0.185043
0.185043
0.185044
0.185044
0.185044
0.185044
0.185044
0.185044
0.185045
0.185045
0.185045
0.185045
0.185045
0.185046
0.185046
0.185046
0.185046
0.185046
0.185046
0.185047
0.185047
0.185047
0.185047
0.185047
0.185047
0.185048
0.185048
0.185048
0.185048
0.185048
0.185049
0.185049
0.185049
0.185049
0.185049
0.185049
0.18505
0.18505
0.18505
0.18505
0.18505
0.18505
0.185051
0.185051
0.185051
0.185051
0.185051
0.185051
0.185052
0.185052
0.185052
0.185052
0.185052
0.185053
0.185053
0.185053
0.185053
0.185053
0.185053
0.185054
0.185054
0.185054
0.185054
0.185054
0.185054
0.185055
0.185055
0.185055
0.185055
0.185055
0.185055
0.185056
0.185056
0.185056
0.185056
0.185056
0.185056
0.185057
0.185057
0.185057
0.185057
0.185057
0.185057
0.185058
0.185058
0.185058
0.185058
0.185058
0.185058
0.185059
0.185059
0.185059
0.185059
0.185059
0.185059
0.185059
0.18506
0.18506
0.18506
0.18506
0.18506
0.18506
0.185061
0.185061
0.185061
0.185061
0.185061
0.185061
0.185062
0.185062
0.185062
0.185062
0.185062
0.185062
0.185063
0.185063
0.185063
0.185063
0.185063
0.185063
0.185063
0.185064
0.185064
0.185064
0.185064
0.185064
0.185064
0.185065
0.185065
0.185065
0.185065
0.185065
0.185065
0.185065
0.185066
0.185066
0.185066
0.185066
0.185066
0.185066
0.185067
0.185067
0.185067
0.185067
0.185067
0.185067
0.185067
0.185068
0.185068
0.185068
0.185068
0.185068
0.185068
0.185069
0.185069
0.185069
0.185069
0.185069
0.185069
0.185069
0.18507
0.18507
0.18507
0.18507
0.18507
0.18507
0.18507
0.185071
0.185071
0.185071
0.185071
0.185071
0.185071
0.185071
0.185072
0.185072
0.185072
0.185072
0.185072
0.185072
0.185072
0.185073
0.185073
0.185073
0.185073
0.185073
0.185073
0.185073
0.185074
0.185074
0.185074
0.185074
0.185074
0.185074
0.185074
0.185075
0.185075
0.185075
0.185075
0.185075
0.185075
0.185075
0.185076
0.185076
0.185076
0.185076
0.185076
0.185076
0.185076
0.185077
0.185077
0.185077
0.185077
0.185077
0.185077
0.185077
0.185078
0.185078
0.185078
0.185078
0.185078
0.185078
0.185078
0.185079
0.185079
0.185079
0.185079
0.185079
0.185079
0.185079
0.185079
0.18508
0.18508
0.18508
0.18508
0.18508
0.18508
0.18508
0.185081
0.185081
0.185081
0.185081
0.185081
0.185081
0.185081
0.185081
0.185082
0.185082
0.185082
0.185082
0.185082
0.185082
0.185082
0.185083
0.185083
0.185083
0.185083
0.185083
0.185083
0.185083
0.185083
0.185084
0.185084
0.185084
0.185084
0.185084
0.185084
0.185084
0.185085
0.185085
0.185085
0.185085
0.185085
0.185085
0.185085
0.185085
0.185086
0.185086
0.185086
0.185086
0.185086
0.185086
0.185086
0.185086
0.185087
0.185087
0.185087
0.185087
0.185087
0.185087
0.185087
0.185087
0.185088
0.185088
0.185088
0.185088
0.185088
0.185088
0.185088
0.185088
0.185089
0.185089
0.185089
0.185089
0.185089
0.185089
0.185089
0.185089
0.18509
0.18509
0.18509
0.18509
0.18509
0.18509
0.18509
0.18509
0.185091
0.185091
0.185091
0.185091
0.185091
0.185091
0.185091
0.185091
0.185091
0.185092
0.185092
0.185092
0.185092
0.185092
0.185092
0.185092
0.185092
0.185093
0.185093
0.185093
0.185093
0.185093
0.185093
0.185093
0.185093
0.185093
0.185094
0.185094
0.185094
0.185094
0.185094
0.185094
0.185094
0.185094
0.185095
0.185095
0.185095
0.185095
0.185095
0.185095
0.185095
0.185095
0.185095
0.185096
0.185096
0.185096
0.185096
0.185096
0.185096
0.185096
0.185096
0.185097
0.185097
0.185097
0.185097
0.185097
0.185097
0.185097
0.185097
0.185097
0.185098
0.185098
0.185098
0.185098
0.185098
0.185098
0.185098
0.185098
0.185098
0.185099
0.185099
0.185099
0.185099
0.185099
0.185099
0.185099
0.185099
0.185099
0.1851
0.1851
0.1851
0.1851
0.1851
0.1851
0.1851
0.1851
0.1851
0.1851
0.185101
0.185101
0.185101
0.185101
0.185101
0.185101
0.185101
0.185101
0.185101
0.185102
0.185102
0.185102
0.185102
0.185102
0.185102
0.185102
0.185102
0.185102
0.185103
0.185103
0.185103
0.185103
0.185103
0.185103
0.185103
0.185103
0.185103
0.185103
0.185104
0.185104
0.185104
0.185104
0.185104
0.185104
0.185104
0.185104
0.185104
0.185105
0.185105
0.185105
0.185105
0.185105
0.185105
0.185105
0.185105
0.185105
0.185105
0.185106
0.185106
0.185106
0.185106
0.185106
0.185106
0.185106
0.185106
0.185106
0.185106
0.185107
0.185107
0.185107
0.185107
0.185107
0.185107
0.185107
0.185107
0.185107
0.185107
0.185108
0.185108
0.185108
0.185108
0.185108
0.185108
0.185108
0.185108
0.185108
0.185108
0.185109
0.185109
0.185109
0.185109
0.185109
0.185109
0.185109
0.185109
0.185109
0.185109
0.18511
0.18511
0.18511
0.18511
0.18511
0.18511
0.18511
0.18511
0.18511
0.18511
0.185111
0.185111
0.185111
0.185111
0.185111
0.185111
0.185111
0.185111
0.185111
0.185111
0.185111
0.185112
0.185112
0.185112
0.185112
0.185112
0.185112
0.185112
0.185112
0.185112
0.185112
0.185112
0.185113
0.185113
0.185113
0.185113
0.185113
0.185113
0.185113
0.185113
0.185113
0.185113
0.185114
0.185114
0.185114
0.185114
0.185114
0.185114
0.185114
0.185114
0.185114
0.185114
0.185114
0.185115
0.185115
0.185115
0.185115
0.185115
0.185115
0.185115
0.185115
0.185115
0.185115
0.185115
0.185116
0.185116
0.185116
0.185116
0.185116
0.185116
0.185116
0.185116
0.185116
0.185116
0.185116
0.185116
0.185117
0.185117
0.185117
0.185117
0.185117
0.185117
0.185117
0.185117
0.185117
0.185117
0.185117
0.185118
0.185118
0.185118
0.185118
0.185118
0.185118
0.185118
0.185118
0.185118
0.185118
0.185118
0.185118
0.185119
0.185119
0.185119
0.185119
0.185119
0.185119
0.185119
0.185119
0.185119
0.185119
0.185119
0.18512
0.18512
0.18512
0.18512
0.18512
0.18512
0.18512
0.18512
0.18512
0.18512
0.18512
0.18512
0.185121
0.185121
0.185121
0.185121
0.185121
0.185121
0.185121
0.185121
0.185121
0.185121
0.185121
0.185121
0.185122
0.185122
0.185122
0.185122
0.185122
0.185122
0.185122
0.185122
0.185122
0.185122
0.185122
0.185122
0.185122
0.185123
0.185123
0.185123
0.185123
0.185123
0.185123
0.185123
0.185123
0.185123
0.185123
0.185123
0.185123
0.185124
0.185124
0.185124
0.185124
0.185124
0.185124
0.185124
0.185124
0.185124
0.185124
0.185124
0.185124
0.185124
0.185125
0.185125
0.185125
0.185125
0.185125
0.185125
0.185125
0.185125
0.185125
0.185125
0.185125
0.185125
0.185125
0.185126
0.185126
0.185126
0.185126
0.185126
0.185126
0.185126
0.185126
0.185126
0.185126
0.185126
0.185126
0.185126
0.185127
0.185127
0.185127
0.185127
0.185127
0.185127
0.185127
0.185127
0.185127
0.185127
0.185127
0.185127
0.185127
0.185128
0.185128
0.185128
0.185128
0.185128
0.185128
0.185128
0.185128
0.185128
0.185128
0.185128
0.185128
0.185128
0.185128
0.185129
0.185129
0.185129
0.185129
0.185129
0.185129
0.185129
0.185129
0.185129
0.185129
0.185129
0.185129
0.185129
0.18513
0.18513
0.18513
0.18513
0.18513
0.18513
0.18513
0.18513
0.18513
0.18513
0.18513
0.18513
0.18513
0.18513
0.185131
0.185131
0.185131
0.185131
0.185131
0.185131
0.185131
0.185131
0.185131
0.185131
0.185131
0.185131
0.185131
0.185131
0.185132
0.185132
0.185132
0.185132
0.185132
0.185132
0.185132
0.185132
0.185132
0.185132
0.185132
0.185132
0.185132
0.185132
0.185132
0.185133
0.185133
0.185133
0.185133
0.185133
0.185133
0.185133
0.185133
0.185133
0.185133
0.185133
0.185133
0.185133
0.185133
0.185134
0.185134
0.185134
0.185134
0.185134
0.185134
0.185134
0.185134
0.185134
0.185134
0.185134
0.185134
0.185134
0.185134
0.185134
0.185135
0.185135
0.185135
0.185135
0.185135
0.185135
0.185135
0.185135
0.185135
0.185135
0.185135
0.185135
0.185135
0.185135
0.185135
0.185135
0.185136
0.185136
0.185136
0.185136
0.185136
0.185136
0.185136
0.185136
0.185136
0.185136
0.185136
0.185136
0.185136
0.185136
0.185136
0.185137
0.185137
0.185137
0.185137
0.185137
0.185137
0.185137
0.185137
0.185137
0.185137
0.185137
0.185137
0.185137
0.185137
0.185137
0.185137
0.185138
0.185138
0.185138
0.185138
0.185138
0.185138
0.185138
0.185138
0.185138
0.185138
0.185138
0.185138
0.185138
0.185138
0.185138
0.185138
0.185139
0.185139
0.185139
0.185139
0.185139
0.185139
0.185139
0.185139
0.185139
0.185139
0.185139
0.185139
0.185139
0.185139
0.185139
0.185139
0.18514
0.18514
0.18514
0.18514
0.18514
0.18514
0.18514
0.18514
0.18514
0.18514
0.18514
0.18514
0.18514
0.18514
0.18514
0.18514
0.18514
0.185141
0.185141
0.185141
0.185141
0.185141
0.185141
0.185141
0.185141
0.185141
0.185141
0.185141
0.185141
0.185141
0.185141
0.185141
0.185141
0.185141
0.185142
0.185142
0.185142
0.185142
0.185142
0.185142
0.185142
0.185142
0.185142
0.185142
0.185142
0.185142
0.185142
0.185142
0.185142
0.185142
0.185142
0.185142
0.185143
0.185143
0.185143
0.185143
0.185143
0.185143
0.185143
0.185143
0.185143
0.185143
0.185143
0.185143
0.185143
0.185143
0.185143
0.185143
0.185143
0.185144
0.185144
0.185144
0.185144
0.185144
0.185144
0.185144
0.185144
0.185144
0.185144
0.185144
0.185144
0.185144
0.185144
0.185144
0.185144
0.185144
0.185144
0.185145
0.185145
0.185145
0.185145
0.185145
0.185145
0.185145
0.185145
0.185145
0.185145
0.185145
0.185145
0.185145
0.185145
0.185145
0.185145
0.185145
0.185145
0.185145
0.185146
0.185146
0.185146
0.185146
0.185146
0.185146
0.185146
0.185146
0.185146
0.185146
0.185146
0.185146
0.185146
0.185146
0.185146
0.185146
0.185146
0.185146
0.185146
0.185147
0.185147
0.185147
0.185147
0.185147
0.185147
0.185147
0.185147
0.185147
0.185147
0.185147
0.185147
0.185147
0.185147
0.185147
0.185147
0.185147
0.185147
0.185147
0.185148
0.185148
0.185148
0.185148
0.185148
0.185148
0.185148
0.185148
0.185148
0.185148
0.185148
0.185148
0.185148
0.185148
0.185148
0.185148
0.185148
0.185148
0.185148
0.185148
0.185149
0.185149
0.185149
0.185149
0.185149
0.185149
0.185149
0.185149
0.185149
0.185149
0.185149
0.185149
0.185149
0.185149
0.185149
0.185149
0.185149
0.185149
0.185149
0.185149
0.18515
0.18515
0.18515
0.18515
0.18515
0.18515
0.18515
0.18515
0.18515
0.18515
0.18515
0.18515
0.18515
0.18515
0.18515
0.18515
0.18515
0.18515
0.18515
0.18515
0.185151
0.185151
0.185151
0.185151
0.185151
0.185151
0.185151
0.185151
0.185151
0.185151
0.185151
0.185151
0.185151
0.185151
0.185151
0.185151
0.185151
0.185151
0.185151
0.185151
0.185151
0.185152
0.185152
0.185152
0.185152
0.185152
0.185152
0.185152
0.185152
0.185152
0.185152
0.185152
0.185152
0.185152
0.185152
0.185152
0.185152
0.185152
0.185152
0.185152
0.185152
0.185152
0.185152
0.185153
0.185153
0.185153
0.185153
0.185153
0.185153
0.185153
0.185153
0.185153
0.185153
0.185153
0.185153
0.185153
0.185153
0.185153
0.185153
0.185153
0.185153
0.185153
0.185153
0.185153
0.185153
0.185154
0.185154
0.185154
0.185154
0.185154
0.185154
0.185154
0.185154
0.185154
0.185154
0.185154
0.185154
0.185154
0.185154
0.185154
0.185154
0.185154
0.185154
0.185154
0.185154
0.185154
0.185154
0.185155
0.185155
0.185155
0.185155
0.185155
0.185155
0.185155
0.185155
0.185155
0.185155
0.185155
0.185155
0.185155
0.185155
0.185155
0.185155
0.185155
0.185155
0.185155
0.185155
0.185155
0.185155
0.185155
0.185156
0.185156
0.185156
0.185156
0.185156
0.185156
0.185156
0.185156
0.185156
0.185156
0.185156
0.185156
0.185156
0.185156
0.185156
0.185156
0.185156
0.185156
0.185156
0.185156
0.185156
0.185156
0.185156
0.185156
0.185157
0.185157
0.185157
0.185157
0.185157
0.185157
0.185157
0.185157
0.185157
0.185157
0.185157
0.185157
0.185157
0.185157
0.185157
0.185157
0.185157
0.185157
0.185157
0.185157
0.185157
0.185157
0.185157
0.185157
0.185158
0.185158
0.185158
0.185158
0.185158
0.185158
0.185158
0.185158
0.185158
0.185158
0.185158
0.185158
0.185158
0.185158
0.185158
0.185158
0.185158
0.185158
0.185158
0.185158
0.185158
0.185158
0.185158
0.185158
0.185158
0.185159
0.185159
0.185159
0.185159
0.185159
0.185159
0.185159
0.185159
0.185159
0.185159
0.185159
0.185159
0.185159
0.185159
0.185159
0.185159
0.185159
0.185159
0.185159
0.185159
0.185159
0.185159
0.185159
0.185159
0.185159
0.18516
0.18516
0.18516
0.18516
0.18516
0.18516
0.18516
0.18516
0.18516
0.18516
0.18516
0.18516
0.18516
0.18516
0.18516
0.18516
0.18516
0.18516
0.18516
0.18516
0.18516
0.18516
0.18516
0.18516
0.18516
0.18516
0.185161
0.185161
0.185161
0.185161
0.185161
0.185161
0.185161
0.185161
0.185161
0.185161
0.185161
0.185161
0.185161
0.185161
0.185161
0.185161
0.185161
0.185161
0.185161
0.185161
0.185161
0.185161
0.185161
0.185161
0.185161
0.185161
0.185162
0.185162
0.185162
0.185162
0.185162
0.185162
0.185162
0.185162
0.185162
0.185162
0.185162
0.185162
0.185162
0.185162
0.185162
0.185162
0.185162
0.185162
0.185162
0.185162
0.185162
0.185162
0.185162
0.185162
0.185162
0.185162
0.185162
0.185163
0.185163
0.185163
0.185163
0.185163
0.185163
0.185163
0.185163
0.185163
0.185163
0.185163
0.185163
0.185163
0.185163
0.185163
0.185163
0.185163
0.185163
0.185163
0.185163
0.185163
0.185163
0.185163
0.185163
0.185163
0.185163
0.185163
0.185163
0.185164
0.185164
0.185164
0.185164
0.185164
0.185164
0.185164
0.185164
0.185164
0.185164
0.185164
0.185164
0.185164
0.185164
0.185164
0.185164
0.185164
0.185164
0.185164
0.185164
0.185164
0.185164
0.185164
0.185164
0.185164
0.185164
0.185164
0.185164
0.185164
0.185165
0.185165
0.185165
0.185165
0.185165
0.185165
0.185165
0.185165
0.185165
0.185165
0.185165
0.185165
0.185165
0.185165
0.185165
0.185165
0.185165
0.185165
0.185165
0.185165
0.185165
0.185165
0.185165
0.185165
0.185165
0.185165
0.185165
0.185165
0.185165
0.185166
0.185166
0.185166
0.185166
0.185166
0.185166
0.185166
0.185166
0.185166
0.185166
0.185166
0.185166
0.185166
0.185166
0.185166
0.185166
0.185166
0.185166
0.185166
0.185166
0.185166
0.185166
0.185166
0.185166
0.185166
0.185166
0.185166
0.185166
0.185166
0.185167
0.185167
0.185167
0.185167
0.185167
0.185167
0.185167
0.185167
0.185167
0.185167
0.185167
0.185167
0.185167
0.185167
0.185167
0.185167
0.185167
0.185167
0.185167
0.185167
0.185167
0.185167
0.185167
0.185167
0.185167
0.185167
0.185167
0.185167
0.185167
0.185167
0.185167
0.185168
0.185168
0.185168
0.185168
0.185168
0.185168
0.185168
0.185168
0.185168
0.185168
0.185168
0.185168
0.185168
0.185168
0.185168
0.185168
0.185168
0.185168
0.185168
0.185168
0.185168
0.185168
0.185168
0.185168
0.185168
0.185168
0.185168
0.185168
0.185168
0.185168
0.185168
0.185169
0.185169
0.185169
0.185169
0.185169
0.185169
0.185169
0.185169
0.185169
0.185169
0.185169
0.185169
0.185169
0.185169
0.185169
0.185169
0.185169
0.185169
0.185169
0.185169
0.185169
0.185169
0.185169
0.185169
0.185169
0.185169
0.185169
0.185169
0.185169
0.185169
0.185169
0.185169
0.18517
0.18517
0.18517
0.18517
0.18517
0.18517
0.18517
0.18517
0.18517
0.18517
0.18517
0.18517
0.18517
0.18517
0.18517
0.18517
0.18517
0.18517
0.18517
0.18517
0.18517
0.18517
0.18517
0.18517
0.18517
0.18517
0.18517
0.18517
0.18517
0.18517
0.18517
0.18517
0.18517
0.185171
0.185171
0.185171
0.185171
0.185171
0.185171
0.185171
0.185171
0.185171
0.185171
0.185171
0.185171
0.185171
0.185171
0.185171
0.185171
0.185171
0.185171
0.185171
0.185171
0.185171
0.185171
0.185171
0.185171
0.185171
0.185171
0.185171
0.185171
0.185171
0.185171
0.185171
0.185171
0.185171
0.185172
0.185172
0.185172
0.185172
0.185172
0.185172
0.185172
0.185172
0.185172
0.185172
0.185172
0.185172
0.185172
0.185172
0.185172
0.185172
0.185172
0.185172
0.185172
0.185172
0.185172
0.185172
0.185172
0.185172
0.185172
0.185172
0.185172
0.185172
0.185172
0.185172
0.185172
0.185172
0.185172
0.185172
0.185173
0.185173
0.185173
0.185173
0.185173
0.185173
0.185173
0.185173
0.185173
0.185173
0.185173
0.185173
0.185173
0.185173
0.185173
0.185173
0.185173
0.185173
0.185173
0.185173
0.185173
0.185173
0.185173
0.185173
0.185173
0.185173
0.185173
0.185173
0.185173
0.185173
0.185173
0.185173
0.185173
0.185173
0.185173
0.185174
0.185174
0.185174
0.185174
0.185174
0.185174
0.185174
0.185174
0.185174
0.185174
0.185174
0.185174
0.185174
0.185174
0.185174
0.185174
0.185174
0.185174
0.185174
0.185174
0.185174
0.185174
0.185174
0.185174
0.185174
0.185174
0.185174
0.185174
0.185174
0.185174
0.185174
0.185174
0.185174
0.185174
0.185174
0.185175
0.185175
0.185175
0.185175
0.185175
0.185175
0.185175
0.185175
0.185175
0.185175
0.185175
0.185175
0.185175
0.185175
0.185175
0.185175
0.185175
0.185175
0.185175
0.185175
0.185175
0.185175
0.185175
0.185175
0.185175
0.185175
0.185175
0.185175
0.185175
0.185175
0.185175
0.185175
0.185175
0.185175
0.185175
0.185175
0.185176
0.185176
0.185176
0.185176
0.185176
0.185176
0.185176
0.185176
0.185176
0.185176
0.185176
0.185176
0.185176
0.185176
0.185176
0.185176
0.185176
0.185176
0.185176
0.185176
0.185176
0.185176
0.185176
0.185176
0.185176
0.185176
0.185176
0.185176
0.185176
0.185176
0.185176
0.185176
0.185176
0.185176
0.185176
0.185176
0.185176
0.185177
0.185177
0.185177
0.185177
0.185177
0.185177
0.185177
0.185177
0.185177
0.185177
0.185177
0.185177
0.185177
0.185177
0.185177
0.185177
0.185177
0.185177
0.185177
0.185177
0.185177
0.185177
0.185177
0.185177
0.185177
0.185177
0.185177
0.185177
0.185177
0.185177
0.185177
0.185177
0.185177
0.185177
0.185177
0.185177
0.185177
0.185177
0.185178
0.185178
0.185178
0.185178
0.185178
0.185178
0.185178
0.185178
0.185178
0.185178
0.185178
0.185178
0.185178
0.185178
0.185178
0.185178
0.185178
0.185178
0.185178
0.185178
0.185178
0.185178
0.185178
0.185178
0.185178
0.185178
0.185178
0.185178
0.185178
0.185178
0.185178
0.185178
0.185178
0.185178
0.185178
0.185178
0.185178
0.185178
0.185179
0.185179
0.185179
0.185179
0.185179
0.185179
0.185179
0.185179
0.185179
0.185179
0.185179
0.185179
0.185179
0.185179
0.185179
0.185179
0.185179
0.185179
0.185179
0.185179
0.185179
0.185179
0.185179
0.185179
0.185179
0.185179
0.185179
0.185179
0.185179
0.185179
0.185179
0.185179
0.185179
0.185179
0.185179
0.185179
0.185179
0.185179
0.18518
0.18518
0.18518
0.18518
0.18518
0.18518
0.18518
0.18518
0.18518
0.18518
0.18518
0.18518
0.18518
0.18518
0.18518
0.18518
0.18518
0.18518
0.18518
0.18518
0.18518
0.18518
0.18518
0.18518
0.18518
0.18518
0.18518
0.18518
0.18518
0.18518
0.18518
0.18518
0.18518
0.18518
0.18518
0.18518
0.18518
0.18518
0.18518
0.18518
0.185181
0.185181
0.185181
0.185181
0.185181
0.185181
0.185181
0.185181
0.185181
0.185181
0.185181
0.185181
0.185181
0.185181
0.185181
0.185181
0.185181
0.185181
0.185181
0.185181
0.185181
0.185181
0.185181
0.185181
0.185181
0.185181
0.185181
0.185181
0.185181
0.185181
0.185181
0.185181
0.185181
0.185181
0.185181
0.185181
0.185181
0.185181
0.185181
0.185182
0.185182
0.185182
0.185182
0.185182
0.185182
0.185182
0.185182
0.185182
0.185182
0.185182
0.185182
0.185182
0.185182
0.185182
0.185182
0.185182
0.185182
0.185182
0.185182
0.185182
0.185182
0.185182
0.185182
0.185182
0.185182
0.185182
0.185182
0.185182
0.185182
0.185182
0.185182
0.185182
0.185182
0.185182
0.185182
0.185182
0.185182
0.185182
0.185182
0.185182
0.185183
0.185183
0.185183
0.185183
0.185183
0.185183
0.185183
0.185183
0.185183
0.185183
0.185183
0.185183
0.185183
0.185183
0.185183
0.185183
0.185183
0.185183
0.185183
0.185183
0.185183
0.185183
0.185183
0.185183
0.185183
0.185183
0.185183
0.185183
0.185183
0.185183
0.185183
0.185183
0.185183
0.185183
0.185183
0.185183
0.185183
0.185183
0.185183
0.185183
0.185184
0.185184
0.185184
0.185184
0.185184
0.185184
0.185184
0.185184
0.185184
0.185184
0.185184
0.185184
0.185184
0.185184
0.185184
0.185184
0.185184
0.185184
0.185184
0.185184
0.185184
0.185184
0.185184
0.185184
0.185184
0.185184
0.185184
0.185184
0.185184
0.185184
0.185184
0.185184
0.185184
0.185184
0.185184
0.185184
0.185184
0.185184
0.185184
0.185184
0.185184
0.185184
0.185185
0.185185
0.185185
0.185185
0.185185
0.185185
0.185185
0.185185
0.185185
0.185185
0.185185
0.185185
0.185185
0.185185
0.185185
0.185185
0.185185
0.185185
0.185185
0.185185
0.185185
0.185185
0.185185
0.185185
0.185185
0.185185
0.185185
0.185185
0.185185
0.185185
0.185185
0.185185
0.185185
0.185185
0.185185
0.185185
0.185185
0.185185
0.185185
0.185185
0.185185
0.185186
0.185186
0.185186
0.185186
0.185186
0.185186
0.185186
0.185186
0.185186
0.185186
0.185186
0.185186
0.185186
0.185186
0.185186
0.185186
0.185186
0.185186
0.185186
0.185186
0.185186
0.185186
0.185186
0.185186
0.185186
0.185186
0.185186
0.185186
0.185186
0.185186
0.185186
0.185186
0.185186
0.185186
0.185186
0.185186
0.185186
0.185186
0.185186
0.185186
0.185186
0.185186
0.185187
0.185187
0.185187
0.185187
0.185187
0.185187
0.185187
0.185187
0.185187
0.185187
0.185187
0.185187
0.185187
0.185187
0.185187
0.185187
0.185187
0.185187
0.185187
0.185187
0.185187
0.185187
0.185187
0.185187
0.185187
0.185187
0.185187
0.185187
0.185187
0.185187
0.185187
0.185187
0.185187
0.185187
0.185187
0.185187
0.185187
0.185187
0.185187
0.185187
0.185187
0.185187
0.185188
0.185188
0.185188
0.185188
0.185188
0.185188
0.185188
0.185188
0.185188
0.185188
0.185188
0.185188
0.185188
0.185188
0.185188
0.185188
0.185188
0.185188
0.185188
0.185188
0.185188
0.185188
0.185188
0.185188
0.185188
0.185188
0.185188
0.185188
0.185188
0.185188
0.185188
0.185188
0.185188
0.185188
0.185188
0.185188
0.185188
0.185188
0.185188
0.185188
0.185188
0.185188
0.185188
0.185189
0.185189
0.185189
0.185189
0.185189
0.185189
0.185189
0.185189
0.185189
0.185189
0.185189
0.185189
0.185189
0.185189
0.185189
0.185189
0.185189
0.185189
0.185189
0.185189
0.185189
0.185189
0.185189
0.185189
0.185189
0.185189
0.185189
0.185189
0.185189
0.185189
0.185189
0.185189
0.185189
0.185189
0.185189
0.185189
0.185189
0.185189
0.185189
0.185189
0.185189
0.185189
0.185189
0.18519
0.18519
0.18519
0.18519
0.18519
0.18519
0.18519
0.18519
0.18519
0.18519
0.18519
0.18519
0.18519
0.18519
0.18519
0.18519
0.18519
0.18519
0.18519
0.18519
0.18519
0.18519
0.18519
0.18519
0.18519
0.18519
0.18519
0.18519
0.18519
0.18519
0.18519
0.18519
0.18519
0.18519
0.18519
0.18519
0.18519
0.18519
0.18519
0.18519
0.18519
0.18519
0.18519
0.185191
0.185191
0.185191
0.185191
0.185191
0.185191
0.185191
0.185191
0.185191
0.185191
0.185191
0.185191
0.185191
0.185191
0.185191
0.185191
0.185191
0.185191
0.185191
0.185191
0.185191
0.185191
0.185191
0.185191
0.185191
0.185191
0.185191
0.185191
0.185191
0.185191
0.185191
0.185191
0.185191
0.185191
0.185191
0.185191
0.185191
0.185191
0.185191
0.185191
0.185191
0.185191
0.185191
0.185192
0.185192
0.185192
0.185192
0.185192
0.185192
0.185192
0.185192
0.185192
0.185192
0.185192
0.185192
0.185192
0.185192
0.185192
0.185192
0.185192
0.185192
0.185192
0.185192
0.185192
0.185192
0.185192
0.185192
0.185192
0.185192
0.185192
0.185192
0.185192
0.185192
0.185192
0.185192
0.185192
0.185192
0.185192
0.185192
0.185192
0.185192
0.185192
0.185192
0.185192
0.185192
0.185192
0.185193
0.185193
0.185193
0.185193
0.185193
0.185193
0.185193
0.185193
0.185193
0.185193
0.185193
0.185193
0.185193
0.185193
0.185193
0.185193
0.185193
0.185193
0.185193
0.185193
0.185193
0.185193
0.185193
0.185193
0.185193
0.185193
0.185193
0.185193
0.185193
0.185193
0.185193
0.185193
0.185193
0.185193
0.185193
0.185193
0.185193
0.185193
0.185193
0.185193
0.185193
0.185193
0.185193
0.185193
0.185194
0.185194
0.185194
0.185194
0.185194
0.185194
0.185194
0.185194
0.185194
0.185194
0.185194
0.185194
0.185194
0.185194
0.185194
0.185194
0.185194
0.185194
0.185194
0.185194
0.185194
0.185194
0.185194
0.185194
0.185194
0.185194
0.185194
0.185194
0.185194
0.185194
0.185194
0.185194
0.185194
0.185194
0.185194
0.185194
0.185194
0.185194
0.185194
0.185194
0.185194
0.185194
0.185194
0.185195
0.185195
0.185195
0.185195
0.185195
0.185195
0.185195
0.185195
0.185195
0.185195
0.185195
0.185195
0.185195
0.185195
0.185195
0.185195
0.185195
0.185195
0.185195
0.185195
0.185195
0.185195
0.185195
0.185195
0.185195
0.185195
0.185195
0.185195
0.185195
0.185195
0.185195
0.185195
0.185195
0.185195
0.185195
0.185195
0.185195
0.185195
0.185195
0.185195
0.185195
0.185195
0.185195
0.185195
0.185196
0.185196
0.185196
0.185196
0.185196
0.185196
0.185196
0.185196
0.185196
0.185196
0.185196
0.185196
0.185196
0.185196
0.185196
0.185196
0.185196
0.185196
0.185196
0.185196
0.185196
0.185196
0.185196
0.185196
0.185196
0.185196
0.185196
0.185196
0.185196
0.185196
0.185196
0.185196
0.185196
0.185196
0.185196
0.185196
0.185196
0.185196
0.185196
0.185196
0.185196
0.185196
0.185196
0.185197
0.185197
0.185197
0.185197
0.185197
0.185197
0.185197
0.185197
0.185197
0.185197
0.185197
0.185197
0.185197
0.185197
0.185197
0.185197
0.185197
0.185197
0.185197
0.185197
0.185197
0.185197
0.185197
0.185197
0.185197
0.185197
0.185197
0.185197
0.185197
0.185197
0.185197
0.185197
0.185197
0.185197
0.185197
0.185197
0.185197
0.185197
0.185197
0.185197
0.185197
0.185197
0.185197
0.185197
0.185198
0.185198
0.185198
0.185198
0.185198
0.185198
0.185198
0.185198
0.185198
0.185198
0.185198
0.185198
0.185198
0.185198
0.185198
0.185198
0.185198
0.185198
0.185198
0.185198
0.185198
0.185198
0.185198
0.185198
0.185198
0.185198
0.185198
0.185198
0.185198
0.185198
0.185198
0.185198
0.185198
0.185198
0.185198
0.185198
0.185198
0.185198
0.185198
0.185198
0.185198
0.185198
0.185198
0.185199
0.185199
0.185199
0.185199
0.185199
0.185199
0.185199
0.185199
0.185199
0.185199
0.185199
0.185199
0.185199
0.185199
0.185199
0.185199
0.185199
0.185199
0.185199
0.185199
0.185199
0.185199
0.185199
0.185199
0.185199
0.185199
0.185199
0.185199
0.185199
0.185199
0.185199
0.185199
0.185199
0.185199
0.185199
0.185199
0.185199
0.185199
0.185199
0.185199
0.185199
0.185199
0.185199
0.185199
0.1852
0.1852
0.1852
0.1852
0.1852
0.1852
0.1852
0.1852
0.1852
0.1852
0.1852
0.1852
0.1852
0.1852
0.1852
0.1852
0.1852
0.1852
0.1852
0.1852
0.1852
0.1852
0.1852
0.1852
0.1852
0.1852
0.1852
0.1852
0.1852
0.1852
0.1852
0.1852
0.1852
0.1852
0.1852
0.1852
0.1852
0.1852
0.1852
0.1852
0.1852
0.1852
0.1852
0.185201
0.185201
0.185201
0.185201
0.185201
0.185201
0.185201
0.185201
0.185201
0.185201
0.185201
0.185201
0.185201
0.185201
0.185201
0.185201
0.185201
0.185201
0.185201
0.185201
0.185201
0.185201
0.185201
0.185201
0.185201
0.185201
0.185201
0.185201
0.185201
0.185201
0.185201
0.185201
0.185201
0.185201
0.185201
0.185201
0.185201
0.185201
0.185201
0.185201
0.185201
0.185201
0.185201
0.185202
0.185202
0.185202
0.185202
0.185202
0.185202
0.185202
0.185202
0.185202
0.185202
0.185202
0.185202
0.185202
0.185202
0.185202
0.185202
0.185202
0.185202
0.185202
0.185202
0.185202
0.185202
0.185202
0.185202
0.185202
0.185202
0.185202
0.185202
0.185202
0.185202
0.185202
0.185202
0.185202
0.185202
0.185202
0.185202
0.185202
0.185202
0.185202
0.185202
0.185202
0.185202
0.185202
0.185202
0.185203
0.185203
0.185203
0.185203
0.185203
0.185203
0.185203
0.185203
0.185203
0.185203
0.185203
0.185203
0.185203
0.185203
0.185203
0.185203
0.185203
0.185203
0.185203
0.185203
0.185203
0.185203
0.185203
0.185203
0.185203
0.185203
0.185203
0.185203
0.185203
0.185203
0.185203
0.185203
0.185203
0.185203
0.185203
0.185203
0.185203
0.185203
0.185203
0.185203
0.185203
0.185203
0.185203
0.185204
0.185204
0.185204
0.185204
0.185204
0.185204
0.185204
0.185204
0.185204
0.185204
0.185204
0.185204
0.185204
0.185204
0.185204
0.185204
0.185204
0.185204
0.185204
0.185204
0.185204
0.185204
0.185204
0.185204
0.185204
0.185204
0.185204
0.185204
0.185204
0.185204
0.185204
0.185204
0.185204
0.185204
0.185204
0.185204
0.185204
0.185204
0.185204
0.185204
0.185204
0.185204
0.185204
0.185205
0.185205
0.185205
0.185205
0.185205
0.185205
0.185205
0.185205
0.185205
0.185205
0.185205
0.185205
0.185205
0.185205
0.185205
0.185205
0.185205
0.185205
0.185205
0.185205
0.185205
0.185205
0.185205
0.185205
0.185205
0.185205
0.185205
0.185205
0.185205
0.185205
0.185205
0.185205
0.185205
0.185205
0.185205
0.185205
0.185205
0.185205
0.185205
0.185205
0.185205
0.185205
0.185205
0.185206
0.185206
0.185206
0.185206
0.185206
0.185206
0.185206
0.185206
0.185206
0.185206
0.185206
0.185206
0.185206
0.185206
0.185206
0.185206
0.185206
0.185206
0.185206
0.185206
0.185206
0.185206
0.185206
0.185206
0.185206
0.185206
0.185206
0.185206
0.185206
0.185206
0.185206
0.185206
0.185206
0.185206
0.185206
0.185206
0.185206
0.185206
0.185206
0.185206
0.185206
0.185206
0.185206
0.185207
0.185207
0.185207
0.185207
0.185207
0.185207
0.185207
0.185207
0.185207
0.185207
0.185207
0.185207
0.185207
0.185207
0.185207
0.185207
0.185207
0.185207
0.185207
0.185207
0.185207
0.185207
0.185207
0.185207
0.185207
0.185207
0.185207
0.185207
0.185207
0.185207
0.185207
0.185207
0.185207
0.185207
0.185207
0.185207
0.185207
0.185207
0.185207
0.185207
0.185207
0.185207
0.185207
0.185208
0.185208
0.185208
0.185208
0.185208
0.185208
0.185208
0.185208
0.185208
0.185208
0.185208
0.185208
0.185208
0.185208
0.185208
0.185208
0.185208
0.185208
0.185208
0.185208
0.185208
0.185208
0.185208
0.185208
0.185208
0.185208
0.185208
0.185208
0.185208
0.185208
0.185208
0.185208
0.185208
0.185208
0.185208
0.185208
0.185208
0.185208
0.185208
0.185208
0.185208
0.185208
0.185209
0.185209
0.185209
0.185209
0.185209
0.185209
0.185209
0.185209
0.185209
0.185209
0.185209
0.185209
0.185209
0.185209
0.185209
0.185209
0.185209
0.185209
0.185209
0.185209
0.185209
0.185209
0.185209
0.185209
0.185209
0.185209
0.185209
0.185209
0.185209
0.185209
0.185209
0.185209
0.185209
0.185209
0.185209
0.185209
0.185209
0.185209
0.185209
0.185209
0.185209
0.185209
0.185209
0.18521
0.18521
0.18521
0.18521
0.18521
0.18521
0.18521
0.18521
0.18521
0.18521
0.18521
0.18521
0.18521
0.18521
0.18521
0.18521
0.18521
0.18521
0.18521
0.18521
0.18521
0.18521
0.18521
0.18521
0.18521
0.18521
0.18521
0.18521
0.18521
0.18521
0.18521
0.18521
0.18521
0.18521
0.18521
0.18521
0.18521
0.18521
0.18521
0.18521
0.18521
0.18521
0.185211
0.185211
0.185211
0.185211
0.185211
0.185211
0.185211
0.185211
0.185211
0.185211
0.185211
0.185211
0.185211
0.185211
0.185211
0.185211
0.185211
0.185211
0.185211
0.185211
0.185211
0.185211
0.185211
0.185211
0.185211
0.185211
0.185211
0.185211
0.185211
0.185211
0.185211
0.185211
0.185211
0.185211
0.185211
0.185211
0.185211
0.185211
0.185211
0.185211
0.185211
0.185211
0.185211
0.185212
0.185212
0.185212
0.185212
0.185212
0.185212
0.185212
0.185212
0.185212
0.185212
0.185212
0.185212
0.185212
0.185212
0.185212
0.185212
0.185212
0.185212
0.185212
0.185212
0.185212
0.185212
0.185212
0.185212
0.185212
0.185212
0.185212
0.185212
0.185212
0.185212
0.185212
0.185212
0.185212
0.185212
0.185212
0.185212
0.185212
0.185212
0.185212
0.185212
0.185212
0.185212
0.185213
0.185213
0.185213
0.185213
0.185213
0.185213
0.185213
0.185213
0.185213
0.185213
0.185213
0.185213
0.185213
0.185213
0.185213
0.185213
0.185213
0.185213
0.185213
0.185213
0.185213
0.185213
0.185213
0.185213
0.185213
0.185213
0.185213
0.185213
0.185213
0.185213
0.185213
0.185213
0.185213
0.185213
0.185213
0.185213
0.185213
0.185213
0.185213
0.185213
0.185213
0.185213
0.185214
0.185214
0.185214
0.185214
0.185214
0.185214
0.185214
0.185214
0.185214
0.185214
0.185214
0.185214
0.185214
0.185214
0.185214
0.185214
0.185214
0.185214
0.185214
0.185214
0.185214
0.185214
0.185214
0.185214
0.185214
0.185214
0.185214
0.185214
0.185214
0.185214
0.185214
0.185214
0.185214
0.185214
0.185214
0.185214
0.185214
0.185214
0.185214
0.185214
0.185214
0.185214
0.185215
0.185215
0.185215
0.185215
0.185215
0.185215
0.185215
0.185215
0.185215
0.185215
0.185215
0.185215
0.185215
0.185215
0.185215
0.185215
0.185215
0.185215
0.185215
0.185215
0.185215
0.185215
0.185215
0.185215
0.185215
0.185215
0.185215
0.185215
0.185215
0.185215
0.185215
0.185215
0.185215
0.185215
0.185215
0.185215
0.185215
0.185215
0.185215
0.185215
0.185215
0.185215
0.185216
0.185216
0.185216
0.185216
0.185216
0.185216
0.185216
0.185216
0.185216
0.185216
0.185216
0.185216
0.185216
0.185216
0.185216
0.185216
0.185216
0.185216
0.185216
0.185216
0.185216
0.185216
0.185216
0.185216
0.185216
0.185216
0.185216
0.185216
0.185216
0.185216
0.185216
0.185216
0.185216
0.185216
0.185216
0.185216
0.185216
0.185216
0.185216
0.185216
0.185216
0.185217
0.185217
0.185217
0.185217
0.185217
0.185217
0.185217
0.185217
0.185217
0.185217
0.185217
0.185217
0.185217
0.185217
0.185217
0.185217
0.185217
0.185217
0.185217
0.185217
0.185217
0.185217
0.185217
0.185217
0.185217
0.185217
0.185217
0.185217
0.185217
0.185217
0.185217
0.185217
0.185217
0.185217
0.185217
0.185217
0.185217
0.185217
0.185217
0.185217
0.185217
0.185217
0.185218
0.185218
0.185218
0.185218
0.185218
0.185218
0.185218
0.185218
0.185218
0.185218
0.185218
0.185218
0.185218
0.185218
0.185218
0.185218
0.185218
0.185218
0.185218
0.185218
0.185218
0.185218
0.185218
0.185218
0.185218
0.185218
0.185218
0.185218
0.185218
0.185218
0.185218
0.185218
0.185218
0.185218
0.185218
0.185218
0.185218
0.185218
0.185218
0.185218
0.185218
0.185218
0.185219
0.185219
0.185219
0.185219
0.185219
0.185219
0.185219
0.185219
0.185219
0.185219
0.185219
0.185219
0.185219
0.185219
0.185219
0.185219
0.185219
0.185219
0.185219
0.185219
0.185219
0.185219
0.185219
0.185219
0.185219
0.185219
0.185219
0.185219
0.185219
0.185219
0.185219
0.185219
0.185219
0.185219
0.185219
0.185219
0.185219
0.185219
0.185219
0.185219
0.185219
0.18522
0.18522
0.18522
0.18522
0.18522
0.18522
0.18522
0.18522
0.18522
0.18522
0.18522
0.18522
0.18522
0.18522
0.18522
0.18522
0.18522
0.18522
0.18522
0.18522
0.18522
0.18522
0.18522
0.18522
0.18522
0.18522
0.18522
0.18522
0.18522
0.18522
0.18522
0.18522
0.18522
0.18522
0.18522
0.18522
0.18522
0.18522
0.18522
0.18522
0.18522
0.185221
0.185221
0.185221
0.185221
0.185221
0.185221
0.185221
0.185221
0.185221
0.185221
0.185221
0.185221
0.185221
0.185221
0.185221
0.185221
0.185221
0.185221
0.185221
0.185221
0.185221
0.185221
0.185221
0.185221
0.185221
0.185221
0.185221
0.185221
0.185221
0.185221
0.185221
0.185221
0.185221
0.185221
0.185221
0.185221
0.185221
0.185221
0.185221
0.185221
0.185221
0.185221
0.185222
0.185222
0.185222
0.185222
0.185222
0.185222
0.185222
0.185222
0.185222
0.185222
0.185222
0.185222
0.185222
0.185222
0.185222
0.185222
0.185222
0.185222
0.185222
0.185222
0.185222
0.185222
0.185222
0.185222
0.185222
0.185222
0.185222
0.185222
0.185222
0.185222
0.185222
0.185222
0.185222
0.185222
0.185222
0.185222
0.185222
0.185222
0.185222
0.185222
0.185222
0.185223
0.185223
0.185223
0.185223
0.185223
0.185223
0.185223
0.185223
0.185223
0.185223
0.185223
0.185223
0.185223
0.185223
0.185223
0.185223
0.185223
0.185223
0.185223
0.185223
0.185223
0.185223
0.185223
0.185223
0.185223
0.185223
0.185223
0.185223
0.185223
0.185223
0.185223
0.185223
0.185223
0.185223
0.185223
0.185223
0.185223
0.185223
0.185223
0.185223
0.185223
0.185224
0.185224
0.185224
0.185224
0.185224
0.185224
0.185224
0.185224
0.185224
0.185224
0.185224
0.185224
0.185224
0.185224
0.185224
0.185224
0.185224
0.185224
0.185224
0.185224
0.185224
0.185224
0.185224
0.185224
0.185224
0.185224
0.185224
0.185224
0.185224
0.185224
0.185224
0.185224
0.185224
0.185224
0.185224
0.185224
0.185224
0.185224
0.185224
0.185224
0.185224
0.185225
0.185225
0.185225
0.185225
0.185225
0.185225
0.185225
0.185225
0.185225
0.185225
0.185225
0.185225
0.185225
0.185225
0.185225
0.185225
0.185225
0.185225
0.185225
0.185225
0.185225
0.185225
0.185225
0.185225
0.185225
0.185225
0.185225
0.185225
0.185225
0.185225
0.185225
0.185225
0.185225
0.185225
0.185225
0.185225
0.185225
0.185225
0.185225
0.185225
0.185225
0.185226
0.185226
0.185226
0.185226
0.185226
0.185226
0.185226
0.185226
0.185226
0.185226
0.185226
0.185226
0.185226
0.185226
0.185226
0.185226
0.185226
0.185226
0.185226
0.185226
0.185226
0.185226
0.185226
0.185226
0.185226
0.185226
0.185226
0.185226
0.185226
0.185226
0.185226
0.185226
0.185226
0.185226
0.185226
0.185226
0.185226
0.185226
0.185226
0.185226
0.185226
0.185227
0.185227
0.185227
0.185227
0.185227
0.185227
0.185227
0.185227
0.185227
0.185227
0.185227
0.185227
0.185227
0.185227
0.185227
0.185227
0.185227
0.185227
0.185227
0.185227
0.185227
0.185227
0.185227
0.185227
0.185227
0.185227
0.185227
0.185227
0.185227
0.185227
0.185227
0.185227
0.185227
0.185227
0.185227
0.185227
0.185227
0.185227
0.185227
0.185227
0.185228
0.185228
0.185228
0.185228
0.185228
0.185228
0.185228
0.185228
0.185228
0.185228
0.185228
0.185228
0.185228
0.185228
0.185228
0.185228
0.185228
0.185228
0.185228
0.185228
0.185228
0.185228
0.185228
0.185228
0.185228
0.185228
0.185228
0.185228
0.185228
0.185228
0.185228
0.185228
0.185228
0.185228
0.185228
0.185228
0.185228
0.185228
0.185228
0.185228
0.185228
0.185229
0.185229
0.185229
0.185229
0.185229
0.185229
0.185229
0.185229
0.185229
0.185229
0.185229
0.185229
0.185229
0.185229
0.185229
0.185229
0.185229
0.185229
0.185229
0.185229
0.185229
0.185229
0.185229
0.185229
0.185229
0.185229
0.185229
0.185229
0.185229
0.185229
0.185229
0.185229
0.185229
0.185229
0.185229
0.185229
0.185229
0.185229
0.185229
0.185229
0.185229
0.18523
0.18523
0.18523
0.18523
0.18523
0.18523
0.18523
0.18523
0.18523
0.18523
0.18523
0.18523
0.18523
0.18523
0.18523
0.18523
0.18523
0.18523
0.18523
0.18523
0.18523
0.18523
0.18523
0.18523
0.18523
0.18523
0.18523
0.18523
0.18523
0.18523
0.18523
0.18523
0.18523
0.18523
0.18523
0.18523
0.18523
0.18523
0.18523
0.18523
0.185231
0.185231
0.185231
0.185231
0.185231
0.185231
0.185231
0.185231
0.185231
0.185231
0.185231
0.185231
0.185231
0.185231
0.185231
0.185231
0.185231
0.185231
0.185231
0.185231
0.185231
0.185231
0.185231
0.185231
0.185231
0.185231
0.185231
0.185231
0.185231
0.185231
0.185231
0.185231
0.185231
0.185231
0.185231
0.185231
0.185231
0.185231
0.185231
0.185231
0.185231
0.185232
0.185232
0.185232
0.185232
0.185232
0.185232
0.185232
0.185232
0.185232
0.185232
0.185232
0.185232
0.185232
0.185232
0.185232
0.185232
0.185232
0.185232
0.185232
0.185232
0.185232
0.185232
0.185232
0.185232
0.185232
0.185232
0.185232
0.185232
0.185232
0.185232
0.185232
0.185232
0.185232
0.185232
0.185232
0.185232
0.185232
0.185232
0.185232
0.185232
0.185233
0.185233
0.185233
0.185233
0.185233
0.185233
0.185233
0.185233
0.185233
0.185233
0.185233
0.185233
0.185233
0.185233
0.185233
0.185233
0.185233
0.185233
0.185233
0.185233
0.185233
0.185233
0.185233
0.185233
0.185233
0.185233
0.185233
0.185233
0.185233
0.185233
0.185233
0.185233
0.185233
0.185233
0.185233
0.185233
0.185233
0.185233
0.185233
0.185233
0.185233
0.185234
0.185234
0.185234
0.185234
0.185234
0.185234
0.185234
0.185234
0.185234
0.185234
0.185234
0.185234
0.185234
0.185234
0.185234
0.185234
0.185234
0.185234
0.185234
0.185234
0.185234
0.185234
0.185234
0.185234
0.185234
0.185234
0.185234
0.185234
0.185234
0.185234
0.185234
0.185234
0.185234
0.185234
0.185234
0.185234
0.185234
0.185234
0.185234
0.185234
0.185235
0.185235
0.185235
0.185235
0.185235
0.185235
0.185235
0.185235
0.185235
0.185235
0.185235
0.185235
0.185235
0.185235
0.185235
0.185235
0.185235
0.185235
0.185235
0.185235
0.185235
0.185235
0.185235
0.185235
0.185235
0.185235
0.185235
0.185235
0.185235
0.185235
0.185235
0.185235
0.185235
0.185235
0.185235
0.185235
0.185235
0.185235
0.185235
0.185235
0.185235
0.185236
0.185236
0.185236
0.185236
0.185236
0.185236
0.185236
0.185236
0.185236
0.185236
0.185236
0.185236
0.185236
0.185236
0.185236
0.185236
0.185236
0.185236
0.185236
0.185236
0.185236
0.185236
0.185236
0.185236
0.185236
0.185236
0.185236
0.185236
0.185236
0.185236
0.185236
0.185236
0.185236
0.185236
0.185236
0.185236
0.185236
0.185236
0.185236
0.185236
0.185237
0.185237
0.185237
0.185237
0.185237
0.185237
0.185237
0.185237
0.185237
0.185237
0.185237
0.185237
0.185237
0.185237
0.185237
0.185237
0.185237
0.185237
0.185237
0.185237
0.185237
0.185237
0.185237
0.185237
0.185237
0.185237
0.185237
0.185237
0.185237
0.185237
0.185237
0.185237
0.185237
0.185237
0.185237
0.185237
0.185237
0.185237
0.185237
0.185237
0.185238
0.185238
0.185238
0.185238
0.185238
0.185238
0.185238
0.185238
0.185238
0.185238
0.185238
0.185238
0.185238
0.185238
0.185238
0.185238
0.185238
0.185238
0.185238
0.185238
0.185238
0.185238
0.185238
0.185238
0.185238
0.185238
0.185238
0.185238
0.185238
0.185238
0.185238
0.185238
0.185238
0.185238
0.185238
0.185238
0.185238
0.185238
0.185238
0.185238
0.185238
0.185239
0.185239
0.185239
0.185239
0.185239
0.185239
0.185239
0.185239
0.185239
0.185239
0.185239
0.185239
0.185239
0.185239
0.185239
0.185239
0.185239
0.185239
0.185239
0.185239
0.185239
0.185239
0.185239
0.185239
0.185239
0.185239
0.185239
0.185239
0.185239
0.185239
0.185239
0.185239
0.185239
0.185239
0.185239
0.185239
0.185239
0.185239
0.185239
0.185239
0.18524
0.18524
0.18524
0.18524
0.18524
0.18524
0.18524
0.18524
0.18524
0.18524
0.18524
0.18524
0.18524
0.18524
0.18524
0.18524
0.18524
0.18524
0.18524
0.18524
0.18524
0.18524
0.18524
0.18524
0.18524
0.18524
0.18524
0.18524
0.18524
0.18524
0.18524
0.18524
0.18524
0.18524
0.18524
0.18524
0.18524
0.18524
0.18524
0.18524
0.185241
0.185241
0.185241
0.185241
0.185241
0.185241
0.185241
0.185241
0.185241
0.185241
0.185241
0.185241
0.185241
0.185241
0.185241
0.185241
0.185241
0.185241
0.185241
0.185241
0.185241
0.185241
0.185241
0.185241
0.185241
0.185241
0.185241
0.185241
0.185241
0.185241
0.185241
0.185241
0.185241
0.185241
0.185241
0.185241
0.185241
0.185241
0.185241
0.185241
0.185242
0.185242
0.185242
0.185242
0.185242
0.185242
0.185242
0.185242
0.185242
0.185242
0.185242
0.185242
0.185242
0.185242
0.185242
0.185242
0.185242
0.185242
0.185242
0.185242
0.185242
0.185242
0.185242
0.185242
0.185242
0.185242
0.185242
0.185242
0.185242
0.185242
0.185242
