0.5
0.495025
0.490099
0.485223
0.480395
0.475615
0.470882
0.466197
0.461558
0.456966
0.452419
0.447917
0.44346
0.439048
0.434679
0.430354
0.426072
0.421832
0.417635
0.41348
0.409365
0.405292
0.401259
0.397267
0.393314
0.3894
0.385526
0.38169
0.377892
0.374132
0.370409
0.366723
0.363075
0.359462
0.355885
0.352344
0.348838
0.345367
0.341931
0.338528
0.33516
0.331825
0.328523
0.325255
0.322018
0.318814
0.315642
0.312501
0.309392
0.306313
0.303265
0.300248
0.29726
0.294302
0.291374
0.288475
0.285605
0.282763
0.279949
0.277164
0.274406
0.271675
0.268972
0.266296
0.263646
0.261023
0.258426
0.255854
0.253309
0.250788
0.248293
0.245822
0.243376
0.240955
0.238557
0.236184
0.233834
0.231507
0.229204
0.226923
0.224665
0.22243
0.220217
0.218026
0.215857
0.213709
0.211583
0.209478
0.207394
0.20533
0.203288
0.201265
0.199263
0.197281
0.195318
0.193375
0.191452
0.189548
0.187662
0.185796
0.183948
0.182119
0.180308
0.178516
0.176741
0.174984
0.173245
0.171523
0.169818
0.168131
0.166461
0.164807
0.163171
0.161551
0.159947
0.15836
0.156789
0.155234
0.153695
0.152172
0.150664
0.149172
0.147696
0.146234
0.144789
0.143358
0.141942
0.140541
0.139156
0.137785
0.136428
0.135087
0.13376
0.132447
0.131149
0.129865
0.128596
0.127341
0.1261
0.124874
0.123661
0.122463
0.121279
0.12011
0.118954
0.117812
0.116685
0.115571
0.114472
0.113387
0.112316
0.111259
0.110217
0.109189
0.108174
0.107175
0.106189
0.105218
0.104261
0.103319
0.102391
0.101477
0.100578
0.099694
0.0988243
0.0979692
0.0971289
0.0963032
0.0954923
0.0946962
0.0939149
0.0931484
0.0923967
0.0916598
0.0909378
0.0902305
0.0895381
0.0888605
0.0881976
0.0875494
0.0869159
0.086297
0.0856926
0.0851027
0.0845271
0.0839659
0.0834188
0.0828857
0.0823666
0.0818613
0.0813696
0.0808914
0.0804266
0.0799749
0.0795362
0.0791103
0.078697
0.0782961
0.0779074
0.0775307
0.0771657
0.0768123
0.0764701
0.0761391
0.0758188
0.0755092
0.0752099
0.0749207
0.0746414
0.0743717
0.0741114
0.0738602
0.0736179
0.0733842
0.0731589
0.0729418
0.0727326
0.0725311
0.072337
0.0721502
0.0719703
0.0717972
0.0716307
0.0714705
0.0713164
0.0711682
0.0710258
0.0708889
0.0707573
0.0706309
0.0705095
0.0703928
0.0702807
0.0701731
0.0700698
0.0699706
0.0698754
0.0697839
0.0696962
0.069612
0.0695312
0.0694537
0.0693793
0.0693079
0.0692395
0.0691738
0.0691109
0.0690505
0.0689925
0.068937
0.0688837
0.0688326
0.0687837
0.0687367
0.0686917
0.0686485
0.0686071
0.0685675
0.0685294
0.068493
0.068458
0.0684245
0.0683924
0.0683617
0.0683322
0.0683039
0.0682768
0.0682509
0.068226
0.0682022
0.0681793
0.0681574
0.0681365
0.0681164
0.0680972
0.0680787
0.0680611
0.0680441
0.0680279
0.0680124
0.0679976
0.0679833
0.0679697
0.0679567
0.0679442
0.0679323
0.0679208
0.0679099
0.0678994
0.0678894
0.0678798
0.0678707
0.0678619
0.0678535
0.0678455
0.0678379
0.0678306
0.0678236
0.067817
0.0678106
0.0678045
0.0677988
0.0677933
0.067788
0.067783
0.0677782
0.0677737
0.0677694
0.0677653
0.0677614
0.0677577
0.0677542
0.0677509
0.0677478
0.0677448
0.067742
0.0677393
0.0677368
0.0677345
0.0677323
0.0677302
0.0677283
0.0677264
0.0677248
0.0677232
0.0677217
0.0677204
0.0677191
0.0677179
0.0677169
0.0677159
0.0677151
0.0677143
0.0677136
0.067713
0.0677125
0.067712
0.0677116
0.0677113
0.0677111
0.0677109
0.0677108
0.0677107
0.0677107
0.0677108
0.0677109
0.0677111
0.0677114
0.0677116
0.067712
0.0677124
0.0677128
0.0677132
0.0677138
0.0677143
0.0677149
0.0677155
0.0677162
0.0677169
0.0677177
0.0677185
0.0677193
0.0677201
0.067721
0.0677219
0.0677228
0.0677238
0.0677248
0.0677258
0.0677268
0.0677279
0.067729
0.0677301
0.0677312
0.0677324
0.0677335
0.0677347
0.0677359
0.0677372
0.0677384
0.0677397
0.067741
0.0677422
0.0677436
0.0677449
0.0677462
0.0677476
0.067749
0.0677503
0.0677517
0.0677531
0.0677546
0.067756
0.0677574
0.0677589
0.0677603
0.0677618
0.0677633
0.0677648
0.0677663
0.0677678
0.0677693
0.0677708
0.0677723
0.0677738
0.0677754
0.0677769
0.0677784
0.06778
0.0677815
0.0677831
0.0677847
0.0677862
0.0677878
0.0677894
0.0677909
0.0677925
0.0677941
0.0677957
0.0677972
0.0677988
0.0678004
0.067802
0.0678036
0.0678052
0.0678068
0.0678084
0.0678099
0.0678115
0.0678131
0.0678147
0.0678163
0.0678179
0.0678195
0.0678211
0.0678226
0.0678242
0.0678258
0.0678274
0.0678289
0.0678305
0.0678321
0.0678336
0.0678352
0.0678368
0.0678383
0.0678399
0.0678414
0.067843
0.0678445
0.0678461
0.0678476
0.0678491
0.0678506
0.0678522
0.0678537
0.0678552
0.0678567
0.0678582
0.0678597
0.0678612
0.0678627
0.0678642
0.0678656
0.0678671
0.0678686
0.06787
0.0678715
0.0678729
0.0678744
0.0678758
0.0678772
0.0678786
0.06788
0.0678814
0.0678828
0.0678842
0.0678856
0.067887
0.0678884
0.0678897
0.0678911
0.0678924
0.0678938
0.0678951
0.0678964
0.0678978
0.0678991
0.0679004
0.0679017
0.067903
0.0679042
0.0679055
0.0679068
0.067908
0.0679093
0.0679105
0.0679117
0.067913
0.0679142
0.0679154
0.0679166
0.0679177
0.0679189
0.0679201
0.0679212
0.0679224
0.0679235
0.0679247
0.0679258
0.0679269
0.067928
0.0679291
0.0679302
0.0679313
0.0679323
0.0679334
0.0679344
0.0679355
0.0679365
0.0679375
0.0679385
0.0679395
0.0679405
0.0679415
0.0679424
0.0679434
0.0679444
0.0679453
0.0679462
0.0679471
0.067948
0.0679489
0.0679498
0.0679507
0.0679516
0.0679524
0.0679533
0.0679541
0.0679549
0.0679558
0.0679566
0.0679574
0.0679581
0.0679589
0.0679597
0.0679604
0.0679612
0.0679619
0.0679626
0.0679633
0.067964
0.0679647
0.0679654
0.0679661
0.0679667
0.0679674
0.067968
0.0679686
0.0679692
0.0679698
0.0679704
0.067971
0.0679716
0.0679721
0.0679727
0.0679732
0.0679737
0.0679742
0.0679747
0.0679752
0.0679757
0.0679762
0.0679766
0.0679771
0.0679775
0.067978
0.0679784
0.0679788
0.0679792
0.0679795
0.0679799
0.0679803
0.0679806
0.0679809
0.0679813
0.0679816
0.0679819
0.0679822
0.0679825
0.0679827
0.067983
0.0679832
0.0679835
0.0679837
0.0679839
0.0679841
0.0679843
0.0679845
0.0679846
0.0679848
0.0679849
0.0679851
0.0679852
0.0679853
0.0679854
0.0679855
0.0679855
0.0679856
0.0679857
0.0679857
0.0679857
0.0679857
0.0679858
0.0679858
0.0679857
0.0679857
0.0679857
0.0679856
0.0679856
0.0679855
0.0679854
0.0679853
0.0679852
0.0679851
0.0679849
0.0679848
0.0679847
0.0679845
0.0679843
0.0679841
0.0679839
0.0679837
0.0679835
0.0679833
0.067983
0.0679828
0.0679825
0.0679822
0.0679819
0.0679816
0.0679813
0.067981
0.0679807
0.0679803
0.06798
0.0679796
0.0679792
0.0679788
0.0679784
0.067978
0.0679776
0.0679771
0.0679767
0.0679762
0.0679758
0.0679753
0.0679748
0.0679743
0.0679738
0.0679732
0.0679727
0.0679722
0.0679716
0.067971
0.0679704
0.0679699
0.0679692
0.0679686
0.067968
0.0679674
0.0679667
0.0679661
0.0679654
0.0679647
0.067964
0.0679633
0.0679626
0.0679619
0.0679611
0.0679604
0.0679596
0.0679588
0.0679581
0.0679573
0.0679565
0.0679556
0.0679548
0.067954
0.0679531
0.0679523
0.0679514
0.0679505
0.0679496
0.0679487
0.0679478
0.0679469
0.0679459
0.067945
0.067944
0.0679431
0.0679421
0.0679411
0.0679401
0.0679391
0.067938
0.067937
0.067936
0.0679349
0.0679338
0.0679328
0.0679317
0.0679306
0.0679295
0.0679283
0.0679272
0.0679261
0.0679249
0.0679238
0.0679226
0.0679214
0.0679202
0.067919
0.0679178
0.0679165
0.0679153
0.0679141
0.0679128
0.0679115
0.0679103
0.067909
0.0679077
0.0679063
0.067905
0.0679037
0.0679023
0.067901
0.0678996
0.0678983
0.0678969
0.0678955
0.0678941
0.0678927
0.0678912
0.0678898
0.0678883
0.0678869
0.0678854
0.0678839
0.0678825
0.067881
0.0678794
0.0678779
0.0678764
0.0678749
0.0678733
0.0678717
0.0678702
0.0678686
0.067867
0.0678654
0.0678638
0.0678622
0.0678605
0.0678589
0.0678572
0.0678556
0.0678539
0.0678522
0.0678505
0.0678488
0.0678471
0.0678454
0.0678437
0.0678419
0.0678402
0.0678384
0.0678367
0.0678349
0.0678331
0.0678313
0.0678295
0.0678277
0.0678258
0.067824
0.0678221
0.0678203
0.0678184
0.0678165
0.0678147
0.0678128
0.0678108
0.0678089
0.067807
0.0678051
0.0678031
0.0678012
0.0677992
0.0677972
0.0677952
0.0677933
0.0677913
0.0677892
0.0677872
0.0677852
0.0677831
0.0677811
0.067779
0.067777
0.0677749
0.0677728
0.0677707
0.0677686
0.0677665
0.0677644
0.0677622
0.0677601
0.0677579
0.0677558
0.0677536
0.0677514
0.0677492
0.067747
0.0677448
0.0677426
0.0677404
0.0677382
0.0677359
0.0677337
0.0677314
0.0677291
0.0677268
0.0677246
0.0677223
0.06772
0.0677176
0.0677153
0.067713
0.0677106
0.0677083
0.0677059
0.0677036
0.0677012
0.0676988
0.0676964
0.067694
0.0676916
0.0676892
0.0676867
0.0676843
0.0676818
0.0676794
0.0676769
0.0676744
0.067672
0.0676695
0.067667
0.0676645
0.0676619
0.0676594
0.0676569
0.0676543
0.0676518
0.0676492
0.0676467
0.0676441
0.0676415
0.0676389
0.0676363
0.0676337
0.0676311
0.0676285
0.0676258
0.0676232
0.0676205
0.0676179
0.0676152
0.0676125
0.0676099
0.0676072
0.0676045
0.0676018
0.067599
0.0675963
0.0675936
0.0675908
0.0675881
0.0675853
0.0675826
0.0675798
0.067577
0.0675742
0.0675714
0.0675686
0.0675658
0.067563
0.0675602
0.0675573
0.0675545
0.0675516
0.0675488
0.0675459
0.067543
0.0675401
0.0675372
0.0675344
0.0675314
0.0675285
0.0675256
0.0675227
0.0675197
0.0675168
0.0675138
0.0675109
0.0675079
0.0675049
0.067502
0.067499
0.067496
0.067493
0.0674899
0.0674869
0.0674839
0.0674809
0.0674778
0.0674748
0.0674717
0.0674686
0.0674656
0.0674625
0.0674594
0.0674563
0.0674532
0.0674501
0.067447
0.0674439
0.0674407
0.0674376
0.0674345
0.0674313
0.0674281
0.067425
0.0674218
0.0674186
0.0674154
0.0674122
0.067409
0.0674058
0.0674026
0.0673994
0.0673962
0.0673929
0.0673897
0.0673864
0.0673832
0.0673799
0.0673766
0.0673734
0.0673701
0.0673668
0.0673635
0.0673602
0.0673569
0.0673535
0.0673502
0.0673469
0.0673435
0.0673402
0.0673368
0.0673335
0.0673301
0.0673267
0.0673234
0.06732
0.0673166
0.0673132
0.0673098
0.0673064
0.067303
0.0672995
0.0672961
0.0672927
0.0672892
0.0672858
0.0672823
0.0672788
0.0672754
0.0672719
0.0672684
0.0672649
0.0672614
0.0672579
0.0672544
0.0672509
0.0672474
0.0672439
0.0672403
0.0672368
0.0672332
0.0672297
0.0672261
0.0672226
0.067219
0.0672154
0.0672118
0.0672082
0.0672047
0.067201
0.0671974
0.0671938
0.0671902
0.0671866
0.067183
0.0671793
0.0671757
0.067172
0.0671684
0.0671647
0.067161
0.0671574
0.0671537
0.06715
0.0671463
0.0671426
0.0671389
0.0671352
0.0671315
0.0671278
0.0671241
0.0671203
0.0671166
0.0671128
0.0671091
0.0671053
0.0671016
0.0670978
0.0670941
0.0670903
0.0670865
0.0670827
0.0670789
0.0670751
0.0670713
0.0670675
0.0670637
0.0670599
0.067056
0.0670522
0.0670484
0.0670445
0.0670407
0.0670368
0.067033
0.0670291
0.0670252
0.0670214
0.0670175
0.0670136
0.0670097
0.0670058
0.0670019
0.066998
0.0669941
0.0669902
0.0669863
0.0669823
0.0669784
0.0669745
0.0669705
0.0669666
0.0669626
0.0669587
0.0669547
0.0669507
0.0669468
0.0669428
0.0669388
0.0669348
0.0669308
0.0669268
0.0669228
0.0669188
0.0669148
0.0669108
0.0669067
0.0669027
0.0668987
0.0668946
0.0668906
0.0668865
0.0668825
0.0668784
0.0668744
0.0668703
0.0668662
0.0668621
0.0668581
0.066854
0.0668499
0.0668458
0.0668417
0.0668376
0.0668335
0.0668293
0.0668252
0.0668211
0.066817
0.0668128
0.0668087
0.0668045
0.0668004
0.0667962
0.0667921
0.0667879
0.0667837
0.0667796
0.0667754
0.0667712
0.066767
0.0667628
0.0667586
0.0667544
0.0667502
0.066746
0.0667418
0.0667376
0.0667334
0.0667291
0.0667249
0.0667207
0.0667164
0.0667122
0.0667079
0.0667037
0.0666994
0.0666951
0.0666909
0.0666866
0.0666823
0.0666781
0.0666738
0.0666695
0.0666652
0.0666609
0.0666566
0.0666523
0.066648
0.0666436
0.0666393
0.066635
0.0666307
0.0666263
0.066622
0.0666177
0.0666133
0.066609
0.0666046
0.0666002
0.0665959
0.0665915
0.0665871
0.0665828
0.0665784
0.066574
0.0665696
0.0665652
0.0665608
0.0665564
0.066552
0.0665476
0.0665432
0.0665388
0.0665344
0.0665299
0.0665255
0.0665211
0.0665166
0.0665122
0.0665078
0.0665033
0.0664989
0.0664944
0.0664899
0.0664855
0.066481
0.0664765
0.066472
0.0664676
0.0664631
0.0664586
0.0664541
0.0664496
0.0664451
0.0664406
0.0664361
0.0664316
0.066427
0.0664225
0.066418
0.0664135
0.0664089
0.0664044
0.0663999
0.0663953
0.0663908
0.0663862
0.0663817
0.0663771
0.0663725
0.066368
0.0663634
0.0663588
0.0663542
0.0663497
0.0663451
0.0663405
0.0663359
0.0663313
0.0663267
0.0663221
0.0663175
0.0663128
0.0663082
0.0663036
0.066299
0.0662944
0.0662897
0.0662851
0.0662804
0.0662758
0.0662711
0.0662665
0.0662618
0.0662572
0.0662525
0.0662479
0.0662432
0.0662385
0.0662338
0.0662291
0.0662245
0.0662198
0.0662151
0.0662104
0.0662057
0.066201
0.0661963
0.0661916
0.0661868
0.0661821
0.0661774
0.0661727
0.0661679
0.0661632
0.0661585
0.0661537
0.066149
0.0661442
0.0661395
0.0661347
0.06613
0.0661252
0.0661204
0.0661157
0.0661109
0.0661061
0.0661013
0.0660965
0.0660918
0.066087
0.0660822
0.0660774
0.0660726
0.0660677
0.0660629
0.0660581
0.0660533
0.0660485
0.0660437
0.0660388
0.066034
0.0660292
0.0660243
0.0660195
0.0660146
0.0660098
0.0660049
0.0660001
0.0659952
0.0659903
0.0659855
0.0659806
0.0659757
0.0659708
0.0659659
0.0659611
0.0659562
0.0659513
0.0659464
0.0659415
0.0659366
0.0659317
0.0659267
0.0659218
0.0659169
0.065912
0.0659071
0.0659021
0.0658972
0.0658922
0.0658873
0.0658824
0.0658774
0.0658725
0.0658675
0.0658625
0.0658576
0.0658526
0.0658476
0.0658427
0.0658377
0.0658327
0.0658277
0.0658227
0.0658177
0.0658127
0.0658077
0.0658027
0.0657977
0.0657927
0.0657877
0.0657827
0.0657776
0.0657726
0.0657676
0.0657626
0.0657575
0.0657525
0.0657474
0.0657424
0.0657373
0.0657323
0.0657272
0.0657222
0.0657171
0.065712
0.0657069
0.0657019
0.0656968
0.0656917
0.0656866
0.0656815
0.0656764
0.0656713
0.0656662
0.0656611
0.065656
0.0656509
0.0656458
0.0656406
0.0656355
0.0656304
0.0656252
0.0656201
0.065615
0.0656098
0.0656047
0.0655995
0.0655944
0.0655892
0.065584
0.0655789
0.0655737
0.0655685
0.0655633
0.0655581
0.065553
0.0655478
0.0655426
0.0655374
0.0655322
0.065527
0.0655218
0.0655165
0.0655113
0.0655061
0.0655009
0.0654956
0.0654904
0.0654852
0.0654799
0.0654747
0.0654694
0.0654642
0.0654589
0.0654537
0.0654484
0.0654431
0.0654379
0.0654326
0.0654273
0.065422
0.0654167
0.0654114
0.0654062
0.0654009
0.0653955
0.0653902
0.0653849
0.0653796
0.0653743
0.065369
0.0653636
0.0653583
0.065353
0.0653476
0.0653423
0.0653369
0.0653316
0.0653262
0.0653209
0.0653155
0.0653101
0.0653048
0.0652994
0.065294
0.0652886
0.0652832
0.0652779
0.0652725
0.0652671
0.0652617
0.0652562
0.0652508
0.0652454
0.06524
0.0652346
0.0652291
0.0652237
0.0652183
0.0652128
0.0652074
0.0652019
0.0651965
0.065191
0.0651856
0.0651801
0.0651746
0.0651691
0.0651637
0.0651582
0.0651527
0.0651472
0.0651417
0.0651362
0.0651307
0.0651252
0.0651197
0.0651142
0.0651086
0.0651031
0.0650976
0.065092
0.0650865
0.065081
0.0650754
0.0650699
0.0650643
0.0650587
0.0650532
0.0650476
0.065042
0.0650365
0.0650309
0.0650253
0.0650197
0.0650141
0.0650085
0.0650029
0.0649973
0.0649917
0.064986
0.0649804
0.0649748
0.0649692
0.0649635
0.0649579
0.0649522
0.0649466
0.0649409
0.0649353
0.0649296
0.0649239
0.0649183
0.0649126
0.0649069
0.0649012
0.0648955
0.0648898
0.0648841
0.0648784
0.0648727
0.064867
0.0648613
0.0648556
0.0648498
0.0648441
0.0648384
0.0648326
0.0648269
0.0648211
0.0648154
0.0648096
0.0648038
0.0647981
0.0647923
0.0647865
0.0647807
0.064775
0.0647692
0.0647634
0.0647576
0.0647517
0.0647459
0.0647401
0.0647343
0.0647285
0.0647226
0.0647168
0.0647109
0.0647051
0.0646993
0.0646934
0.0646875
0.0646817
0.0646758
0.0646699
0.064664
0.0646581
0.0646523
0.0646464
0.0646405
0.0646346
0.0646286
0.0646227
0.0646168
0.0646109
0.0646049
0.064599
0.0645931
0.0645871
0.0645812
0.0645752
0.0645692
0.0645633
0.0645573
0.0645513
0.0645453
0.0645394
0.0645334
0.0645274
0.0645214
0.0645154
0.0645093
0.0645033
0.0644973
0.0644913
0.0644852
0.0644792
0.0644732
0.0644671
0.0644611
0.064455
0.0644489
0.0644429
0.0644368
0.0644307
0.0644246
0.0644185
0.0644124
0.0644063
0.0644002
0.0643941
0.064388
0.0643819
0.0643757
0.0643696
0.0643634
0.0643573
0.0643512
0.064345
0.0643388
0.0643327
0.0643265
0.0643203
0.0643141
0.0643079
0.0643017
0.0642955
0.0642893
0.0642831
0.0642769
0.0642707
0.0642645
0.0642582
0.064252
0.0642457
0.0642395
0.0642332
0.064227
0.0642207
0.0642144
0.0642082
0.0642019
0.0641956
0.0641893
0.064183
0.0641767
0.0641704
0.064164
0.0641577
0.0641514
0.0641451
0.0641387
0.0641324
0.064126
0.0641197
0.0641133
0.0641069
0.0641005
0.0640942
0.0640878
0.0640814
0.064075
0.0640686
0.0640622
0.0640557
0.0640493
0.0640429
0.0640365
0.06403
0.0640236
0.0640171
0.0640107
0.0640042
0.0639977
0.0639912
0.0639848
0.0639783
0.0639718
0.0639653
0.0639588
0.0639523
0.0639457
0.0639392
0.0639327
0.0639262
0.0639196
0.0639131
0.0639065
0.0638999
0.0638934
0.0638868
0.0638802
0.0638736
0.063867
0.0638604
0.0638538
0.0638472
0.0638406
0.063834
0.0638274
0.0638207
0.0638141
0.0638074
0.0638008
0.0637941
0.0637875
0.0637808
0.0637741
0.0637674
0.0637607
0.063754
0.0637473
0.0637406
0.0637339
0.0637272
0.0637204
0.0637137
0.063707
0.0637002
0.0636935
0.0636867
0.0636799
0.0636732
0.0636664
0.0636596
0.0636528
0.063646
0.0636392
0.0636324
0.0636256
0.0636187
0.0636119
0.0636051
0.0635982
0.0635914
0.0635845
0.0635776
0.0635708
0.0635639
0.063557
0.0635501
0.0635432
0.0635363
0.0635294
0.0635225
0.0635155
0.0635086
0.0635017
0.0634947
0.0634878
0.0634808
0.0634738
0.0634669
0.0634599
0.0634529
0.0634459
0.0634389
0.0634319
0.0634249
0.0634179
0.0634108
0.0634038
0.0633968
0.0633897
0.0633827
0.0633756
0.0633685
0.0633615
0.0633544
0.0633473
0.0633402
0.0633331
0.063326
0.0633189
0.0633117
0.0633046
0.0632975
0.0632903
0.0632832
0.063276
0.0632689
0.0632617
0.0632545
0.0632473
0.0632401
0.0632329
0.0632257
0.0632185
0.0632113
0.0632041
0.0631968
0.0631896
0.0631823
0.0631751
0.0631678
0.0631605
0.0631533
0.063146
0.0631387
0.0631314
0.0631241
0.0631168
0.0631094
0.0631021
0.0630948
0.0630874
0.0630801
0.0630727
0.0630654
0.063058
0.0630506
0.0630432
0.0630358
0.0630284
0.063021
0.0630136
0.0630062
0.0629987
0.0629913
0.0629839
0.0629764
0.062969
0.0629615
0.062954
0.0629465
0.062939
0.0629315
0.062924
0.0629165
0.062909
0.0629015
0.0628939
0.0628864
0.0628789
0.0628713
0.0628637
0.0628562
0.0628486
0.062841
0.0628334
0.0628258
0.0628182
0.0628106
0.0628029
0.0627953
0.0627877
0.06278
0.0627724
0.0627647
0.062757
0.0627494
0.0627417
0.062734
0.0627263
0.0627186
0.0627109
0.0627031
0.0626954
0.0626877
0.0626799
0.0626722
0.0626644
0.0626566
0.0626488
0.0626411
0.0626333
0.0626255
0.0626177
0.0626098
0.062602
0.0625942
0.0625863
0.0625785
0.0625706
0.0625628
0.0625549
0.062547
0.0625391
0.0625312
0.0625233
0.0625154
0.0625075
0.0624996
0.0624916
0.0624837
0.0624758
0.0624678
0.0624598
0.0624519
0.0624439
0.0624359
0.0624279
0.0624199
0.0624119
0.0624038
0.0623958
0.0623878
0.0623797
0.0623717
0.0623636
0.0623555
0.0623475
0.0623394
0.0623313
0.0623232
0.0623151
0.0623069
0.0622988
0.0622907
0.0622825
0.0622744
0.0622662
0.0622581
0.0622499
0.0622417
0.0622335
0.0622253
0.0622171
0.0622089
0.0622006
0.0621924
0.0621842
0.0621759
0.0621677
0.0621594
0.0621511
0.0621428
0.0621345
0.0621262
0.0621179
0.0621096
0.0621013
0.062093
0.0620846
0.0620763
0.0620679
0.0620596
0.0620512
0.0620428
0.0620344
0.062026
0.0620176
0.0620092
0.0620008
0.0619923
0.0619839
0.0619754
0.061967
0.0619585
0.06195
0.0619416
0.0619331
0.0619246
0.0619161
0.0619075
0.061899
0.0618905
0.0618819
0.0618734
0.0618648
0.0618563
0.0618477
0.0618391
0.0618305
0.0618219
0.0618133
0.0618047
0.061796
0.0617874
0.0617788
0.0617701
0.0617614
0.0617528
0.0617441
0.0617354
0.0617267
0.061718
0.0617093
0.0617006
0.0616918
0.0616831
0.0616744
0.0616656
0.0616568
0.0616481
0.0616393
0.0616305
0.0616217
0.0616129
0.0616041
0.0615952
0.0615864
0.0615776
0.0615687
0.0615598
0.061551
0.0615421
0.0615332
0.0615243
0.0615154
0.0615065
0.0614976
0.0614886
0.0614797
0.0614708
0.0614618
0.0614528
0.0614439
0.0614349
0.0614259
0.0614169
0.0614079
0.0613989
0.0613898
0.0613808
0.0613718
0.0613627
0.0613536
0.0613446
0.0613355
0.0613264
0.0613173
0.0613082
0.0612991
0.06129
0.0612808
0.0612717
0.0612625
0.0612534
0.0612442
0.061235
0.0612258
0.0612166
0.0612074
0.0611982
0.061189
0.0611798
0.0611705
0.0611613
0.061152
0.0611428
0.0611335
0.0611242
0.0611149
0.0611056
0.0610963
0.061087
0.0610776
0.0610683
0.061059
0.0610496
0.0610402
0.0610309
0.0610215
0.0610121
0.0610027
0.0609933
0.0609839
0.0609744
0.060965
0.0609555
0.0609461
0.0609366
0.0609272
0.0609177
0.0609082
0.0608987
0.0608892
0.0608797
0.0608701
0.0608606
0.060851
0.0608415
0.0608319
0.0608224
0.0608128
0.0608032
0.0607936
0.060784
0.0607744
0.0607647
0.0607551
0.0607454
0.0607358
0.0607261
0.0607165
0.0607068
0.0606971
0.0606874
0.0606777
0.060668
0.0606582
0.0606485
0.0606387
0.060629
0.0606192
0.0606095
0.0605997
0.0605899
0.0605801
0.0605703
0.0605605
0.0605506
0.0605408
0.060531
0.0605211
0.0605112
0.0605014
0.0604915
0.0604816
0.0604717
0.0604618
0.0604519
0.0604419
0.060432
0.060422
0.0604121
0.0604021
0.0603922
0.0603822
0.0603722
0.0603622
0.0603522
0.0603421
0.0603321
0.0603221
0.060312
0.060302
0.0602919
0.0602818
0.0602718
0.0602617
0.0602516
0.0602414
0.0602313
0.0602212
0.0602111
0.0602009
0.0601908
0.0601806
0.0601704
0.0601602
0.06015
0.0601398
0.0601296
0.0601194
0.0601092
0.0600989
0.0600887
0.0600784
0.0600682
0.0600579
0.0600476
0.0600373
0.060027
0.0600167
0.0600064
0.059996
0.0599857
0.0599753
0.059965
0.0599546
0.0599442
0.0599338
0.0599234
0.059913
0.0599026
0.0598922
0.0598818
0.0598713
0.0598609
0.0598504
0.0598399
0.0598295
0.059819
0.0598085
0.059798
0.0597875
0.0597769
0.0597664
0.0597559
0.0597453
0.0597347
0.0597242
0.0597136
0.059703
0.0596924
0.0596818
0.0596712
0.0596605
0.0596499
0.0596393
0.0596286
0.059618
0.0596073
0.0595966
0.0595859
0.0595752
0.0595645
0.0595538
0.0595431
0.0595323
0.0595216
0.0595108
0.0595001
0.0594893
0.0594785
0.0594677
0.0594569
0.0594461
0.0594353
0.0594244
0.0594136
0.0594028
0.0593919
0.059381
0.0593702
0.0593593
0.0593484
0.0593375
0.0593266
0.0593157
0.0593047
0.0592938
0.0592828
0.0592719
0.0592609
0.0592499
0.059239
0.059228
0.059217
0.059206
0.0591949
0.0591839
0.0591729
0.0591618
0.0591508
0.0591397
0.0591286
0.0591175
0.0591064
0.0590953
0.0590842
0.0590731
0.059062
0.0590508
0.0590397
0.0590285
0.0590174
0.0590062
0.058995
0.0589838
0.0589726
0.0589614
0.0589502
0.0589389
0.0589277
0.0589164
0.0589052
0.0588939
0.0588826
0.0588713
0.0588601
0.0588487
0.0588374
0.0588261
0.0588148
0.0588034
0.0587921
0.0587807
0.0587694
0.058758
0.0587466
0.0587352
0.0587238
0.0587124
0.058701
0.0586895
0.0586781
0.0586666
0.0586552
0.0586437
0.0586322
0.0586208
0.0586093
0.0585978
0.0585862
0.0585747
0.0585632
0.0585517
0.0585401
0.0585285
0.058517
0.0585054
0.0584938
0.0584822
0.0584706
0.058459
0.0584474
0.0584358
0.0584241
0.0584125
0.0584008
0.0583891
0.0583775
0.0583658
0.0583541
0.0583424
0.0583307
0.058319
0.0583072
0.0582955
0.0582837
0.058272
0.0582602
0.0582484
0.0582367
0.0582249
0.0582131
0.0582013
0.0581894
0.0581776
0.0581658
0.0581539
0.0581421
0.0581302
0.0581183
0.0581064
0.0580946
0.0580827
0.0580707
0.0580588
0.0580469
0.058035
0.058023
0.0580111
0.0579991
0.0579871
0.0579752
0.0579632
0.0579512
0.0579392
0.0579271
0.0579151
0.0579031
0.057891
0.057879
0.0578669
0.0578549
0.0578428
0.0578307
0.0578186
0.0578065
0.0577944
0.0577823
0.0577701
0.057758
0.0577458
0.0577337
0.0577215
0.0577093
0.0576971
0.0576849
0.0576727
0.0576605
0.0576483
0.0576361
0.0576238
0.0576116
0.0575993
0.0575871
0.0575748
0.0575625
0.0575502
0.0575379
0.0575256
0.0575133
0.057501
0.0574886
0.0574763
0.0574639
0.0574516
0.0574392
0.0574268
0.0574144
0.0574021
0.0573896
0.0573772
0.0573648
0.0573524
0.0573399
0.0573275
0.057315
0.0573026
0.0572901
0.0572776
0.0572651
0.0572526
0.0572401
0.0572276
0.057215
0.0572025
0.05719
0.0571774
0.0571648
0.0571523
0.0571397
0.0571271
0.0571145
0.0571019
0.0570893
0.0570767
0.057064
0.0570514
0.0570387
0.0570261
0.0570134
0.0570007
0.056988
0.0569753
0.0569626
0.0569499
0.0569372
0.0569245
0.0569117
0.056899
0.0568862
0.0568735
0.0568607
0.0568479
0.0568351
0.0568223
0.0568095
0.0567967
0.0567839
0.0567711
0.0567582
0.0567454
0.0567325
0.0567197
0.0567068
0.0566939
0.056681
0.0566681
0.0566552
0.0566423
0.0566293
0.0566164
0.0566035
0.0565905
0.0565775
0.0565646
0.0565516
0.0565386
0.0565256
0.0565126
0.0564996
0.0564866
0.0564735
0.0564605
0.0564475
0.0564344
0.0564213
0.0564083
0.0563952
0.0563821
0.056369
0.0563559
0.0563428
0.0563297
0.0563165
0.0563034
0.0562902
0.0562771
0.0562639
0.0562507
0.0562376
0.0562244
0.0562112
0.0561979
0.0561847
0.0561715
0.0561583
0.056145
0.0561318
0.0561185
0.0561053
0.056092
0.0560787
0.0560654
0.0560521
0.0560388
0.0560255
0.0560121
0.0559988
0.0559855
0.0559721
0.0559587
0.0559454
0.055932
0.0559186
0.0559052
0.0558918
0.0558784
0.055865
0.0558516
0.0558381
0.0558247
0.0558112
0.0557978
0.0557843
0.0557708
0.0557573
0.0557438
0.0557303
0.0557168
0.0557033
0.0556898
0.0556762
0.0556627
0.0556491
0.0556356
0.055622
0.0556084
0.0555948
0.0555813
0.0555676
0.055554
0.0555404
0.0555268
0.0555132
0.0554995
0.0554859
0.0554722
0.0554585
0.0554448
0.0554312
0.0554175
0.0554038
0.0553901
0.0553763
0.0553626
0.0553489
0.0553351
0.0553214
0.0553076
0.0552939
0.0552801
0.0552663
0.0552525
0.0552387
0.0552249
0.0552111
0.0551972
0.0551834
0.0551696
0.0551557
0.0551419
0.055128
0.0551141
0.0551002
0.0550864
0.0550725
0.0550585
0.0550446
0.0550307
0.0550168
0.0550028
0.0549889
0.0549749
0.054961
0.054947
0.054933
0.054919
0.054905
0.054891
0.054877
0.054863
0.054849
0.0548349
0.0548209
0.0548068
0.0547928
0.0547787
0.0547646
0.0547505
0.0547364
0.0547223
0.0547082
0.0546941
0.05468
0.0546659
0.0546517
0.0546376
0.0546234
0.0546092
0.0545951
0.0545809
0.0545667
0.0545525
0.0545383
0.0545241
0.0545099
0.0544956
0.0544814
0.0544671
0.0544529
0.0544386
0.0544244
0.0544101
0.0543958
0.0543815
0.0543672
0.0543529
0.0543386
0.0543243
0.0543099
0.0542956
0.0542812
0.0542669
0.0542525
0.0542381
0.0542238
0.0542094
0.054195
0.0541806
0.0541662
0.0541517
0.0541373
0.0541229
0.0541084
0.054094
0.0540795
0.0540651
0.0540506
0.0540361
0.0540216
0.0540071
0.0539926
0.0539781
0.0539636
0.0539491
0.0539345
0.05392
0.0539054
0.0538909
0.0538763
0.0538617
0.0538471
0.0538326
0.053818
0.0538033
0.0537887
0.0537741
0.0537595
0.0537448
0.0537302
0.0537155
0.0537009
0.0536862
0.0536715
0.0536569
0.0536422
0.0536275
0.0536128
0.0535981
0.0535833
0.0535686
0.0535539
0.0535391
0.0535244
0.0535096
0.0534948
0.0534801
0.0534653
0.0534505
0.0534357
0.0534209
0.0534061
0.0533913
0.0533764
0.0533616
0.0533468
0.0533319
0.053317
0.0533022
0.0532873
0.0532724
0.0532575
0.0532426
0.0532277
0.0532128
0.0531979
0.053183
0.0531681
0.0531531
0.0531382
0.0531232
0.0531082
0.0530933
0.0530783
0.0530633
0.0530483
0.0530333
0.0530183
0.0530033
0.0529883
0.0529732
0.0529582
0.0529432
0.0529281
0.052913
0.052898
0.0528829
0.0528678
0.0528527
0.0528376
0.0528225
0.0528074
0.0527923
0.0527772
0.052762
0.0527469
0.0527318
0.0527166
0.0527014
0.0526863
0.0526711
0.0526559
0.0526407
0.0526255
0.0526103
0.0525951
0.0525799
0.0525646
0.0525494
0.0525342
0.0525189
0.0525037
0.0524884
0.0524731
0.0524579
0.0524426
0.0524273
0.052412
0.0523967
0.0523814
0.052366
0.0523507
0.0523354
0.05232
0.0523047
0.0522893
0.052274
0.0522586
0.0522432
0.0522278
0.0522124
0.052197
0.0521816
0.0521662
0.0521508
0.0521354
0.0521199
0.0521045
0.052089
0.0520736
0.0520581
0.0520426
0.0520272
0.0520117
0.0519962
0.0519807
0.0519652
0.0519497
0.0519342
0.0519186
0.0519031
0.0518876
0.051872
0.0518565
0.0518409
0.0518253
0.0518097
0.0517942
0.0517786
0.051763
0.0517474
0.0517318
0.0517162
0.0517005
0.0516849
0.0516693
0.0516536
0.051638
0.0516223
0.0516067
0.051591
0.0515753
0.0515596
0.0515439
0.0515282
0.0515125
0.0514968
0.0514811
0.0514654
0.0514496
0.0514339
0.0514182
0.0514024
0.0513867
0.0513709
0.0513551
0.0513393
0.0513236
0.0513078
0.051292
0.0512762
0.0512603
0.0512445
0.0512287
0.0512129
0.051197
0.0511812
0.0511653
0.0511495
0.0511336
0.0511177
0.0511019
0.051086
0.0510701
0.0510542
0.0510383
0.0510224
0.0510065
0.0509905
0.0509746
0.0509587
0.0509427
0.0509268
0.0509108
0.0508949
0.0508789
0.0508629
0.0508469
0.050831
0.050815
0.050799
0.0507829
0.0507669
0.0507509
0.0507349
0.0507189
0.0507028
0.0506868
0.0506707
0.0506547
0.0506386
0.0506225
0.0506065
0.0505904
0.0505743
0.0505582
0.0505421
0.050526
0.0505099
0.0504937
0.0504776
0.0504615
0.0504453
0.0504292
0.050413
0.0503969
0.0503807
0.0503645
0.0503484
0.0503322
0.050316
0.0502998
0.0502836
0.0502674
0.0502512
0.050235
0.0502187
0.0502025
0.0501863
0.05017
0.0501538
0.0501375
0.0501213
0.050105
0.0500887
0.0500724
0.0500561
0.0500399
0.0500236
0.0500073
0.0499909
0.0499746
0.0499583
0.049942
0.0499256
0.0499093
0.049893
0.0498766
0.0498603
0.0498439
0.0498275
0.0498111
0.0497948
0.0497784
0.049762
0.0497456
0.0497292
0.0497128
0.0496964
0.0496799
0.0496635
0.0496471
0.0496306
0.0496142
0.0495977
0.0495813
0.0495648
0.0495484
0.0495319
0.0495154
0.0494989
0.0494824
0.0494659
0.0494494
0.0494329
0.0494164
0.0493999
0.0493834
0.0493668
0.0493503
0.0493338
0.0493172
0.0493007
0.0492841
0.0492675
0.049251
0.0492344
0.0492178
0.0492012
0.0491846
0.0491681
0.0491515
0.0491348
0.0491182
0.0491016
0.049085
0.0490684
0.0490517
0.0490351
0.0490184
0.0490018
0.0489851
0.0489685
0.0489518
0.0489351
0.0489185
0.0489018
0.0488851
0.0488684
0.0488517
0.048835
0.0488183
0.0488016
0.0487849
0.0487681
0.0487514
0.0487347
0.0487179
0.0487012
0.0486844
0.0486677
0.0486509
0.0486342
0.0486174
0.0486006
0.0485838
0.048567
0.0485502
0.0485335
0.0485166
0.0484998
0.048483
0.0484662
0.0484494
0.0484326
0.0484157
0.0483989
0.0483821
0.0483652
0.0483484
0.0483315
0.0483146
0.0482978
0.0482809
0.048264
0.0482471
0.0482303
0.0482134
0.0481965
0.0481796
0.0481627
0.0481458
0.0481288
0.0481119
0.048095
0.0480781
0.0480611
0.0480442
0.0480273
0.0480103
0.0479934
0.0479764
0.0479594
0.0479425
0.0479255
0.0479085
0.0478915
0.0478745
0.0478576
0.0478406
0.0478236
0.0478066
0.0477895
0.0477725
0.0477555
0.0477385
0.0477215
0.0477044
0.0476874
0.0476704
0.0476533
0.0476363
0.0476192
0.0476022
0.0475851
0.047568
0.0475509
0.0475339
0.0475168
0.0474997
0.0474826
0.0474655
0.0474484
0.0474313
0.0474142
0.0473971
0.04738
0.0473629
0.0473457
0.0473286
0.0473115
0.0472943
0.0472772
0.0472601
0.0472429
0.0472258
0.0472086
0.0471914
0.0471743
0.0471571
0.0471399
0.0471228
0.0471056
0.0470884
0.0470712
0.047054
0.0470368
0.0470196
0.0470024
0.0469852
0.046968
0.0469507
0.0469335
0.0469163
0.0468991
0.0468818
0.0468646
0.0468473
0.0468301
0.0468128
0.0467956
0.0467783
0.0467611
0.0467438
0.0467265
0.0467093
0.046692
0.0466747
0.0466574
0.0466401
0.0466228
0.0466055
0.0465882
0.0465709
0.0465536
0.0465363
0.046519
0.0465017
0.0464844
0.046467
0.0464497
0.0464324
0.046415
0.0463977
0.0463804
0.046363
0.0463457
0.0463283
0.0463109
0.0462936
0.0462762
0.0462588
0.0462415
0.0462241
0.0462067
0.0461893
0.0461719
0.0461546
0.0461372
0.0461198
0.0461024
0.046085
0.0460676
0.0460502
0.0460327
0.0460153
0.0459979
0.0459805
0.0459631
0.0459456
0.0459282
0.0459108
0.0458933
0.0458759
0.0458584
0.045841
0.0458235
0.0458061
0.0457886
0.0457712
0.0457537
0.0457362
0.0457188
0.0457013
0.0456838
0.0456663
0.0456488
0.0456314
0.0456139
0.0455964
0.0455789
0.0455614
0.0455439
0.0455264
0.0455089
0.0454914
0.0454739
0.0454563
0.0454388
0.0454213
0.0454038
0.0453862
0.0453687
0.0453512
0.0453337
0.0453161
0.0452986
0.045281
0.0452635
0.0452459
0.0452284
0.0452108
0.0451933
0.0451757
0.0451582
0.0451406
0.045123
0.0451054
0.0450879
0.0450703
0.0450527
0.0450351
0.0450176
0.045
0.0449824
0.0449648
0.0449472
0.0449296
0.044912
0.0448944
0.0448768
0.0448592
0.0448416
0.044824
0.0448064
0.0447888
0.0447711
0.0447535
0.0447359
0.0447183
0.0447007
0.044683
0.0446654
0.0446478
0.0446301
0.0446125
0.0445949
0.0445772
0.0445596
0.0445419
0.0445243
0.0445066
0.044489
0.0444713
0.0444537
0.044436
0.0444183
0.0444007
0.044383
0.0443653
0.0443477
0.04433
0.0443123
0.0442947
0.044277
0.0442593
0.0442416
0.0442239
0.0442063
0.0441886
0.0441709
0.0441532
0.0441355
0.0441178
0.0441001
0.0440824
0.0440647
0.044047
0.0440293
0.0440116
0.0439939
0.0439762
0.0439585
0.0439408
0.0439231
0.0439054
0.0438876
0.0438699
0.0438522
0.0438345
0.0438168
0.043799
0.0437813
0.0437636
0.0437459
0.0437281
0.0437104
0.0436927
0.0436749
0.0436572
0.0436395
0.0436217
0.043604
0.0435862
0.0435685
0.0435508
0.043533
0.0435153
0.0434975
0.0434798
0.043462
0.0434443
0.0434265
0.0434088
0.043391
0.0433732
0.0433555
0.0433377
0.04332
0.0433022
0.0432844
0.0432667
0.0432489
0.0432311
0.0432134
0.0431956
0.0431778
0.0431601
0.0431423
0.0431245
0.0431068
0.043089
0.0430712
0.0430534
0.0430357
0.0430179
0.0430001
0.0429823
0.0429645
0.0429468
0.042929
0.0429112
0.0428934
0.0428756
0.0428578
0.0428401
0.0428223
0.0428045
0.0427867
0.0427689
0.0427511
0.0427333
0.0427155
0.0426978
0.04268
0.0426622
0.0426444
0.0426266
0.0426088
0.042591
0.0425732
0.0425554
0.0425376
0.0425198
0.042502
0.0424842
0.0424664
0.0424486
0.0424308
0.042413
0.0423952
0.0423774
0.0423596
0.0423418
0.042324
0.0423062
0.0422884
0.0422706
0.0422528
0.042235
0.0422172
0.0421994
0.0421816
0.0421638
0.042146
0.0421282
0.0421104
0.0420926
0.0420748
0.042057
0.0420392
0.0420214
0.0420036
0.0419858
0.041968
0.0419502
0.0419324
0.0419146
0.0418967
0.0418789
0.0418611
0.0418433
0.0418255
0.0418077
0.0417899
0.0417721
0.0417543
0.0417365
0.0417187
0.0417009
0.0416831
0.0416653
0.0416475
0.0416297
0.0416119
0.0415941
0.0415763
0.0415585
0.0415407
0.0415229
0.0415051
0.0414873
0.0414695
0.0414517
0.0414339
0.0414161
0.0413983
0.0413805
0.0413627
0.0413449
0.0413271
0.0413094
0.0412916
0.0412738
0.041256
0.0412382
0.0412204
0.0412026
0.0411848
0.041167
0.0411492
0.0411315
0.0411137
0.0410959
0.0410781
0.0410603
0.0410425
0.0410247
0.041007
0.0409892
0.0409714
0.0409536
0.0409358
0.0409181
0.0409003
0.0408825
0.0408647
0.040847
0.0408292
0.0408114
0.0407937
0.0407759
0.0407581
0.0407403
0.0407226
0.0407048
0.0406871
0.0406693
0.0406515
0.0406338
0.040616
0.0405982
0.0405805
0.0405627
0.040545
0.0405272
0.0405095
0.0404917
0.040474
0.0404562
0.0404385
0.0404207
0.040403
0.0403852
0.0403675
0.0403498
0.040332
0.0403143
0.0402965
0.0402788
0.0402611
0.0402433
0.0402256
0.0402079
0.0401902
0.0401724
0.0401547
0.040137
0.0401193
0.0401015
0.0400838
0.0400661
0.0400484
0.0400307
0.040013
0.0399953
0.0399776
0.0399599
0.0399422
0.0399244
0.0399067
0.039889
0.0398714
0.0398537
0.039836
0.0398183
0.0398006
0.0397829
0.0397652
0.0397475
0.0397298
0.0397122
0.0396945
0.0396768
0.0396591
0.0396415
0.0396238
0.0396061
0.0395885
0.0395708
0.0395531
0.0395355
0.0395178
0.0395002
0.0394825
0.0394649
0.0394472
0.0394296
0.0394119
0.0393943
0.0393766
0.039359
0.0393414
0.0393237
0.0393061
0.0392885
0.0392708
0.0392532
0.0392356
0.039218
0.0392004
0.0391827
0.0391651
0.0391475
0.0391299
0.0391123
0.0390947
0.0390771
0.0390595
0.0390419
0.0390243
0.0390067
0.0389891
0.0389716
0.038954
0.0389364
0.0389188
0.0389012
0.0388837
0.0388661
0.0388485
0.038831
0.0388134
0.0387959
0.0387783
0.0387607
0.0387432
0.0387256
0.0387081
0.0386906
0.038673
0.0386555
0.038638
0.0386204
0.0386029
0.0385854
0.0385679
0.0385503
0.0385328
0.0385153
0.0384978
0.0384803
0.0384628
0.0384453
0.0384278
0.0384103
0.0383928
0.0383753
0.0383578
0.0383404
0.0383229
0.0383054
0.0382879
0.0382705
0.038253
0.0382355
0.0382181
0.0382006
0.0381832
0.0381657
0.0381483
0.0381308
0.0381134
0.0380959
0.0380785
0.0380611
0.0380437
0.0380262
0.0380088
0.0379914
0.037974
0.0379566
0.0379392
0.0379218
0.0379044
0.037887
0.0378696
0.0378522
0.0378348
0.0378174
0.0378001
0.0377827
0.0377653
0.037748
0.0377306
0.0377132
0.0376959
0.0376785
0.0376612
0.0376438
0.0376265
0.0376092
0.0375918
0.0375745
0.0375572
0.0375398
0.0375225
0.0375052
0.0374879
0.0374706
0.0374533
0.037436
0.0374187
0.0374014
0.0373841
0.0373668
0.0373496
0.0373323
0.037315
0.0372978
0.0372805
0.0372632
0.037246
0.0372287
0.0372115
0.0371942
0.037177
0.0371598
0.0371425
0.0371253
0.0371081
0.0370909
0.0370737
0.0370564
0.0370392
0.037022
0.0370048
0.0369877
0.0369705
0.0369533
0.0369361
0.0369189
0.0369018
0.0368846
0.0368674
0.0368503
0.0368331
0.036816
0.0367988
0.0367817
0.0367646
0.0367474
0.0367303
0.0367132
0.0366961
0.0366789
0.0366618
0.0366447
0.0366276
0.0366105
0.0365934
0.0365764
0.0365593
0.0365422
0.0365251
0.0365081
0.036491
0.0364739
0.0364569
0.0364398
0.0364228
0.0364058
0.0363887
0.0363717
0.0363547
0.0363377
0.0363206
0.0363036
0.0362866
0.0362696
0.0362526
0.0362356
0.0362187
0.0362017
0.0361847
0.0361677
0.0361508
0.0361338
0.0361169
0.0360999
0.036083
0.036066
0.0360491
0.0360322
0.0360152
0.0359983
0.0359814
0.0359645
0.0359476
0.0359307
0.0359138
0.0358969
0.03588
0.0358631
0.0358463
0.0358294
0.0358125
0.0357957
0.0357788
0.035762
0.0357451
0.0357283
0.0357115
0.0356946
0.0356778
0.035661
0.0356442
0.0356274
0.0356106
0.0355938
0.035577
0.0355602
0.0355434
0.0355267
0.0355099
0.0354931
0.0354764
0.0354596
0.0354429
0.0354261
0.0354094
0.0353927
0.0353759
0.0353592
0.0353425
0.0353258
0.0353091
0.0352924
0.0352757
0.035259
0.0352424
0.0352257
0.035209
0.0351924
0.0351757
0.0351591
0.0351424
0.0351258
0.0351091
0.0350925
0.0350759
0.0350593
0.0350427
0.0350261
0.0350095
0.0349929
0.0349763
0.0349597
0.0349431
0.0349266
0.03491
0.0348935
0.0348769
0.0348604
0.0348438
0.0348273
0.0348108
0.0347942
0.0347777
0.0347612
0.0347447
0.0347282
0.0347117
0.0346953
0.0346788
0.0346623
0.0346458
0.0346294
0.0346129
0.0345965
0.03458
0.0345636
0.0345472
0.0345308
0.0345143
0.0344979
0.0344815
0.0344651
0.0344487
0.0344323
0.034416
0.0343996
0.0343832
0.0343669
0.0343505
0.0343342
0.0343178
0.0343015
0.0342852
0.0342688
0.0342525
0.0342362
0.0342199
0.0342036
0.0341873
0.0341711
0.0341548
0.0341385
0.0341222
0.034106
0.0340897
0.0340735
0.0340573
0.034041
0.0340248
0.0340086
0.0339924
0.0339762
0.03396
0.0339438
0.0339276
0.0339114
0.0338952
0.0338791
0.0338629
0.0338468
0.0338306
0.0338145
0.0337984
0.0337822
0.0337661
0.03375
0.0337339
0.0337178
0.0337017
0.0336856
0.0336696
0.0336535
0.0336374
0.0336214
0.0336053
0.0335893
0.0335732
0.0335572
0.0335412
0.0335252
0.0335092
0.0334932
0.0334772
0.0334612
0.0334452
0.0334292
0.0334133
0.0333973
0.0333814
0.0333654
0.0333495
0.0333336
0.0333176
0.0333017
0.0332858
0.0332699
0.033254
0.0332381
0.0332222
0.0332064
0.0331905
0.0331746
0.0331588
0.0331429
0.0331271
0.0331113
0.0330955
0.0330796
0.0330638
0.033048
0.0330322
0.0330164
0.0330007
0.0329849
0.0329691
0.0329534
0.0329376
0.0329219
0.0329061
0.0328904
0.0328747
0.032859
0.0328433
0.0328276
0.0328119
0.0327962
0.0327805
0.0327648
0.0327492
0.0327335
0.0327179
0.0327022
0.0326866
0.032671
0.0326554
0.0326398
0.0326242
0.0326086
0.032593
0.0325774
0.0325618
0.0325463
0.0325307
0.0325151
0.0324996
0.0324841
0.0324685
0.032453
0.0324375
0.032422
0.0324065
0.032391
0.0323755
0.0323601
0.0323446
0.0323291
0.0323137
0.0322983
0.0322828
0.0322674
0.032252
0.0322366
0.0322212
0.0322058
0.0321904
0.032175
0.0321596
0.0321443
0.0321289
0.0321136
0.0320982
0.0320829
0.0320676
0.0320522
0.0320369
0.0320216
0.0320063
0.031991
0.0319758
0.0319605
0.0319452
0.03193
0.0319147
0.0318995
0.0318843
0.031869
0.0318538
0.0318386
0.0318234
0.0318082
0.031793
0.0317779
0.0317627
0.0317475
0.0317324
0.0317173
0.0317021
0.031687
0.0316719
0.0316568
0.0316417
0.0316266
0.0316115
0.0315964
0.0315813
0.0315663
0.0315512
0.0315362
0.0315211
0.0315061
0.0314911
0.0314761
0.0314611
0.0314461
0.0314311
0.0314161
0.0314011
0.0313862
0.0313712
0.0313563
0.0313413
0.0313264
0.0313115
0.0312966
0.0312817
0.0312668
0.0312519
0.031237
0.0312221
0.0312073
0.0311924
0.0311776
0.0311627
0.0311479
0.0311331
0.0311183
0.0311035
0.0310887
0.0310739
0.0310591
0.0310443
0.0310296
0.0310148
0.0310001
0.0309853
0.0309706
0.0309559
0.0309412
0.0309265
0.0309118
0.0308971
0.0308824
0.0308677
0.0308531
0.0308384
0.0308238
0.0308091
0.0307945
0.0307799
0.0307653
0.0307507
0.0307361
0.0307215
0.0307069
0.0306923
0.0306778
0.0306632
0.0306487
0.0306342
0.0306196
0.0306051
0.0305906
0.0305761
0.0305616
0.0305471
0.0305327
0.0305182
0.0305038
0.0304893
0.0304749
0.0304604
0.030446
0.0304316
0.0304172
0.0304028
0.0303884
0.030374
0.0303597
0.0303453
0.030331
0.0303166
0.0303023
0.030288
0.0302737
0.0302594
0.0302451
0.0302308
0.0302165
0.0302022
0.0301879
0.0301737
0.0301594
0.0301452
0.030131
0.0301168
0.0301026
0.0300884
0.0300742
0.03006
0.0300458
0.0300316
0.0300175
0.0300033
0.0299892
0.0299751
0.0299609
0.0299468
0.0299327
0.0299186
0.0299046
0.0298905
0.0298764
0.0298624
0.0298483
0.0298343
0.0298202
0.0298062
0.0297922
0.0297782
0.0297642
0.0297502
0.0297362
0.0297223
0.0297083
0.0296943
0.0296804
0.0296665
0.0296526
0.0296386
0.0296247
0.0296108
0.0295969
0.0295831
0.0295692
0.0295553
0.0295415
0.0295276
0.0295138
0.0295
0.0294862
0.0294724
0.0294586
0.0294448
0.029431
0.0294172
0.0294035
0.0293897
0.029376
0.0293623
0.0293485
0.0293348
0.0293211
0.0293074
0.0292937
0.02928
0.0292664
0.0292527
0.0292391
0.0292254
0.0292118
0.0291982
0.0291846
0.029171
0.0291574
0.0291438
0.0291302
0.0291166
0.0291031
0.0290895
0.029076
0.0290624
0.0290489
0.0290354
0.0290219
0.0290084
0.0289949
0.0289815
0.028968
0.0289545
0.0289411
0.0289276
0.0289142
0.0289008
0.0288874
0.028874
0.0288606
0.0288472
0.0288338
0.0288205
0.0288071
0.0287938
0.0287804
0.0287671
0.0287538
0.0287405
0.0287272
0.0287139
0.0287006
0.0286873
0.0286741
0.0286608
0.0286476
0.0286344
0.0286211
0.0286079
0.0285947
0.0285815
0.0285683
0.0285551
0.028542
0.0285288
0.0285157
0.0285025
0.0284894
0.0284763
0.0284632
0.0284501
0.028437
0.0284239
0.0284108
0.0283978
0.0283847
0.0283717
0.0283586
0.0283456
0.0283326
0.0283196
0.0283066
0.0282936
0.0282806
0.0282676
0.0282547
0.0282417
0.0282288
0.0282158
0.0282029
0.02819
0.0281771
0.0281642
0.0281513
0.0281384
0.0281256
0.0281127
0.0280999
0.028087
0.0280742
0.0280614
0.0280486
0.0280358
0.028023
0.0280102
0.0279974
0.0279847
0.0279719
0.0279592
0.0279464
0.0279337
0.027921
0.0279083
0.0278956
0.0278829
0.0278702
0.0278576
0.0278449
0.0278323
0.0278196
0.027807
0.0277944
0.0277818
0.0277692
0.0277566
0.027744
0.0277314
0.0277189
0.0277063
0.0276938
0.0276812
0.0276687
0.0276562
0.0276437
0.0276312
0.0276187
0.0276062
0.0275938
0.0275813
0.0275689
0.0275564
0.027544
0.0275316
0.0275192
0.0275068
0.0274944
0.027482
0.0274696
0.0274573
0.0274449
0.0274326
0.0274202
0.0274079
0.0273956
0.0273833
0.027371
0.0273587
0.0273464
0.0273342
0.0273219
0.0273097
0.0272974
0.0272852
0.027273
0.0272608
0.0272486
0.0272364
0.0272242
0.027212
0.0271999
0.0271877
0.0271756
0.0271635
0.0271513
0.0271392
0.0271271
0.027115
0.0271029
0.0270909
0.0270788
0.0270667
0.0270547
0.0270427
0.0270306
0.0270186
0.0270066
0.0269946
0.0269826
0.0269707
0.0269587
0.0269467
0.0269348
0.0269228
0.0269109
0.026899
0.0268871
0.0268752
0.0268633
0.0268514
0.0268395
0.0268277
0.0268158
0.026804
0.0267921
0.0267803
0.0267685
0.0267567
0.0267449
0.0267331
0.0267213
0.0267096
0.0266978
0.0266861
0.0266743
0.0266626
0.0266509
0.0266392
0.0266275
0.0266158
0.0266041
0.0265924
0.0265808
0.0265691
0.0265575
0.0265459
0.0265342
0.0265226
0.026511
0.0264994
0.0264879
0.0264763
0.0264647
0.0264532
0.0264416
0.0264301
0.0264186
0.026407
0.0263955
0.026384
0.0263725
0.0263611
0.0263496
0.0263381
0.0263267
0.0263153
0.0263038
0.0262924
0.026281
0.0262696
0.0262582
0.0262468
0.0262355
0.0262241
0.0262127
0.0262014
0.0261901
0.0261787
0.0261674
0.0261561
0.0261448
0.0261335
0.0261223
0.026111
0.0260997
0.0260885
0.0260773
0.026066
0.0260548
0.0260436
0.0260324
0.0260212
0.02601
0.0259989
0.0259877
0.0259765
0.0259654
0.0259543
0.0259432
0.025932
0.0259209
0.0259098
0.0258988
0.0258877
0.0258766
0.0258656
0.0258545
0.0258435
0.0258325
0.0258214
0.0258104
0.0257994
0.0257884
0.0257775
0.0257665
0.0257555
0.0257446
0.0257337
0.0257227
0.0257118
0.0257009
0.02569
0.0256791
0.0256682
0.0256573
0.0256465
0.0256356
0.0256248
0.0256139
0.0256031
0.0255923
0.0255815
0.0255707
0.0255599
0.0255491
0.0255384
0.0255276
0.0255169
0.0255061
0.0254954
0.0254847
0.025474
0.0254633
0.0254526
0.0254419
0.0254312
0.0254205
0.0254099
0.0253992
0.0253886
0.025378
0.0253674
0.0253568
0.0253462
0.0253356
0.025325
0.0253144
0.0253039
0.0252933
0.0252828
0.0252722
0.0252617
0.0252512
0.0252407
0.0252302
0.0252197
0.0252093
0.0251988
0.0251883
0.0251779
0.0251675
0.025157
0.0251466
0.0251362
0.0251258
0.0251154
0.025105
0.0250947
0.0250843
0.025074
0.0250636
0.0250533
0.025043
0.0250327
0.0250224
0.0250121
0.0250018
0.0249915
0.0249812
0.024971
0.0249607
0.0249505
0.0249403
0.02493
0.0249198
0.0249096
0.0248994
0.0248893
0.0248791
0.0248689
0.0248588
0.0248486
0.0248385
0.0248284
0.0248183
0.0248082
0.0247981
0.024788
0.0247779
0.0247678
0.0247578
0.0247477
0.0247377
0.0247276
0.0247176
0.0247076
0.0246976
0.0246876
0.0246776
0.0246677
0.0246577
0.0246477
0.0246378
0.0246278
0.0246179
0.024608
0.0245981
0.0245882
0.0245783
0.0245684
0.0245585
0.0245487
0.0245388
0.024529
0.0245191
0.0245093
0.0244995
0.0244897
0.0244799
0.0244701
0.0244603
0.0244506
0.0244408
0.024431
0.0244213
0.0244116
0.0244018
0.0243921
0.0243824
0.0243727
0.024363
0.0243534
0.0243437
0.024334
0.0243244
0.0243147
0.0243051
0.0242955
0.0242859
0.0242763
0.0242667
0.0242571
0.0242475
0.0242379
0.0242284
0.0242188
0.0242093
0.0241998
0.0241902
0.0241807
0.0241712
0.0241617
0.0241522
0.0241428
0.0241333
0.0241238
0.0241144
0.024105
0.0240955
0.0240861
0.0240767
0.0240673
0.0240579
0.0240485
0.0240391
0.0240298
0.0240204
0.0240111
0.0240017
0.0239924
0.0239831
0.0239738
0.0239645
0.0239552
0.0239459
0.0239366
0.0239273
0.0239181
0.0239088
0.0238996
0.0238904
0.0238811
0.0238719
0.0238627
0.0238535
0.0238444
0.0238352
0.023826
0.0238169
0.0238077
0.0237986
0.0237894
0.0237803
0.0237712
0.0237621
0.023753
0.0237439
0.0237348
0.0237258
0.0237167
0.0237077
0.0236986
0.0236896
0.0236806
0.0236716
0.0236625
0.0236536
0.0236446
0.0236356
0.0236266
0.0236177
0.0236087
0.0235998
0.0235908
0.0235819
0.023573
0.0235641
0.0235552
0.0235463
0.0235374
0.0235285
0.0235197
0.0235108
0.023502
0.0234931
0.0234843
0.0234755
0.0234667
0.0234579
0.0234491
0.0234403
0.0234315
0.0234228
0.023414
0.0234053
0.0233965
0.0233878
0.0233791
0.0233704
0.0233617
0.023353
0.0233443
0.0233356
0.0233269
0.0233183
0.0233096
0.023301
0.0232923
0.0232837
0.0232751
0.0232665
0.0232579
0.0232493
0.0232407
0.0232322
0.0232236
0.023215
0.0232065
0.023198
0.0231894
0.0231809
0.0231724
0.0231639
0.0231554
0.0231469
0.0231384
0.02313
0.0231215
0.0231131
0.0231046
0.0230962
0.0230878
0.0230793
0.0230709
0.0230625
0.0230541
0.0230458
0.0230374
0.023029
0.0230207
0.0230123
0.023004
0.0229957
0.0229873
0.022979
0.0229707
0.0229624
0.0229541
0.0229459
0.0229376
0.0229293
0.0229211
0.0229128
0.0229046
0.0228964
0.0228882
0.0228799
0.0228717
0.0228635
0.0228554
0.0228472
0.022839
0.0228309
0.0228227
0.0228146
0.0228064
0.0227983
0.0227902
0.0227821
0.022774
0.0227659
0.0227578
0.0227497
0.0227417
0.0227336
0.0227256
0.0227175
0.0227095
0.0227015
0.0226934
0.0226854
0.0226774
0.0226694
0.0226615
0.0226535
0.0226455
0.0226376
0.0226296
0.0226217
0.0226137
0.0226058
0.0225979
0.02259
0.0225821
0.0225742
0.0225663
0.0225585
0.0225506
0.0225427
0.0225349
0.022527
0.0225192
0.0225114
0.0225036
0.0224958
0.022488
0.0224802
0.0224724
0.0224646
0.0224569
0.0224491
0.0224413
0.0224336
0.0224259
0.0224181
0.0224104
0.0224027
0.022395
0.0223873
0.0223796
0.022372
0.0223643
0.0223566
0.022349
0.0223413
0.0223337
0.0223261
0.0223185
0.0223109
0.0223033
0.0222957
0.0222881
0.0222805
0.0222729
0.0222654
0.0222578
0.0222503
0.0222427
0.0222352
0.0222277
0.0222202
0.0222127
0.0222052
0.0221977
0.0221902
0.0221827
0.0221753
0.0221678
0.0221603
0.0221529
0.0221455
0.0221381
0.0221306
0.0221232
0.0221158
0.0221084
0.022101
0.0220937
0.0220863
0.0220789
0.0220716
0.0220642
0.0220569
0.0220496
0.0220423
0.0220349
0.0220276
0.0220203
0.022013
0.0220058
0.0219985
0.0219912
0.021984
0.0219767
0.0219695
0.0219622
0.021955
0.0219478
0.0219406
0.0219334
0.0219262
0.021919
0.0219118
0.0219047
0.0218975
0.0218903
0.0218832
0.021876
0.0218689
0.0218618
0.0218547
0.0218476
0.0218405
0.0218334
0.0218263
0.0218192
0.0218121
0.0218051
0.021798
0.021791
0.0217839
0.0217769
0.0217699
0.0217629
0.0217558
0.0217488
0.0217419
0.0217349
0.0217279
0.0217209
0.021714
0.021707
0.0217001
0.0216931
0.0216862
0.0216793
0.0216723
0.0216654
0.0216585
0.0216516
0.0216448
0.0216379
0.021631
0.0216241
0.0216173
0.0216104
0.0216036
0.0215968
0.0215899
0.0215831
0.0215763
0.0215695
0.0215627
0.0215559
0.0215491
0.0215424
0.0215356
0.0215289
0.0215221
0.0215154
0.0215086
0.0215019
0.0214952
0.0214885
0.0214818
0.0214751
0.0214684
0.0214617
0.021455
0.0214483
0.0214417
0.021435
0.0214284
0.0214218
0.0214151
0.0214085
0.0214019
0.0213953
0.0213887
0.0213821
0.0213755
0.0213689
0.0213623
0.0213558
0.0213492
0.0213427
0.0213361
0.0213296
0.0213231
0.0213165
0.02131
0.0213035
0.021297
0.0212905
0.0212841
0.0212776
0.0212711
0.0212647
0.0212582
0.0212517
0.0212453
0.0212389
0.0212325
0.021226
0.0212196
0.0212132
0.0212068
0.0212004
0.0211941
0.0211877
0.0211813
0.0211749
0.0211686
0.0211622
0.0211559
0.0211496
0.0211433
0.0211369
0.0211306
0.0211243
0.021118
0.0211117
0.0211055
0.0210992
0.0210929
0.0210867
0.0210804
0.0210742
0.0210679
0.0210617
0.0210555
0.0210492
0.021043
0.0210368
0.0210306
0.0210244
0.0210183
0.0210121
0.0210059
0.0209998
0.0209936
0.0209875
0.0209813
0.0209752
0.0209691
0.0209629
0.0209568
0.0209507
0.0209446
0.0209385
0.0209324
0.0209264
0.0209203
0.0209142
0.0209082
0.0209021
0.0208961
0.02089
0.020884
0.020878
0.020872
0.020866
0.02086
0.020854
0.020848
0.020842
0.020836
0.0208301
0.0208241
0.0208181
0.0208122
0.0208063
0.0208003
0.0207944
0.0207885
0.0207826
0.0207767
0.0207708
0.0207649
0.020759
0.0207531
0.0207472
0.0207414
0.0207355
0.0207297
0.0207238
0.020718
0.0207121
0.0207063
0.0207005
0.0206947
0.0206889
0.0206831
0.0206773
0.0206715
0.0206657
0.02066
0.0206542
0.0206484
0.0206427
0.020637
0.0206312
0.0206255
0.0206198
0.020614
0.0206083
0.0206026
0.0205969
0.0205912
0.0205856
0.0205799
0.0205742
0.0205685
0.0205629
0.0205572
0.0205516
0.0205459
0.0205403
0.0205347
0.0205291
0.0205235
0.0205178
0.0205123
0.0205067
0.0205011
0.0204955
0.0204899
0.0204844
0.0204788
0.0204732
0.0204677
0.0204621
0.0204566
0.0204511
0.0204456
0.0204401
0.0204345
0.020429
0.0204235
0.0204181
0.0204126
0.0204071
0.0204016
0.0203962
0.0203907
0.0203853
0.0203798
0.0203744
0.0203689
0.0203635
0.0203581
0.0203527
0.0203473
0.0203419
0.0203365
0.0203311
0.0203257
0.0203203
0.020315
0.0203096
0.0203043
0.0202989
0.0202936
0.0202882
0.0202829
0.0202776
0.0202723
0.0202669
0.0202616
0.0202563
0.020251
0.0202458
0.0202405
0.0202352
0.0202299
0.0202247
0.0202194
0.0202142
0.0202089
0.0202037
0.0201985
0.0201932
0.020188
0.0201828
0.0201776
0.0201724
0.0201672
0.020162
0.0201568
0.0201517
0.0201465
0.0201413
0.0201362
0.020131
0.0201259
0.0201207
0.0201156
0.0201105
0.0201053
0.0201002
0.0200951
0.02009
0.0200849
0.0200798
0.0200748
0.0200697
0.0200646
0.0200595
0.0200545
0.0200494
0.0200444
0.0200393
0.0200343
0.0200293
0.0200242
0.0200192
0.0200142
0.0200092
0.0200042
0.0199992
0.0199942
0.0199892
0.0199843
0.0199793
0.0199743
0.0199694
0.0199644
0.0199595
0.0199545
0.0199496
0.0199447
0.0199397
0.0199348
0.0199299
0.019925
0.0199201
0.0199152
0.0199103
0.0199054
0.0199006
0.0198957
0.0198908
0.019886
0.0198811
0.0198763
0.0198714
0.0198666
0.0198618
0.0198569
0.0198521
0.0198473
0.0198425
0.0198377
0.0198329
0.0198281
0.0198233
0.0198185
0.0198138
0.019809
0.0198042
0.0197995
0.0197947
0.01979
0.0197853
0.0197805
0.0197758
0.0197711
0.0197664
0.0197616
0.0197569
0.0197522
0.0197476
0.0197429
0.0197382
0.0197335
0.0197288
0.0197242
0.0197195
0.0197149
0.0197102
0.0197056
0.0197009
0.0196963
0.0196917
0.0196871
0.0196824
0.0196778
0.0196732
0.0196686
0.019664
0.0196595
0.0196549
0.0196503
0.0196457
0.0196412
0.0196366
0.0196321
0.0196275
0.019623
0.0196184
0.0196139
0.0196094
0.0196048
0.0196003
0.0195958
0.0195913
0.0195868
0.0195823
0.0195778
0.0195734
0.0195689
0.0195644
0.0195599
0.0195555
0.019551
0.0195466
0.0195421
0.0195377
0.0195333
0.0195288
0.0195244
0.01952
0.0195156
0.0195112
0.0195068
0.0195024
0.019498
0.0194936
0.0194892
0.0194848
0.0194805
0.0194761
0.0194717
0.0194674
0.019463
0.0194587
0.0194544
0.01945
0.0194457
0.0194414
0.0194371
0.0194328
0.0194285
0.0194242
0.0194199
0.0194156
0.0194113
0.019407
0.0194027
0.0193985
0.0193942
0.0193899
0.0193857
0.0193814
0.0193772
0.0193729
0.0193687
0.0193645
0.0193603
0.019356
0.0193518
0.0193476
0.0193434
0.0193392
0.019335
0.0193308
0.0193267
0.0193225
0.0193183
0.0193142
0.01931
0.0193058
0.0193017
0.0192975
0.0192934
0.0192893
0.0192851
0.019281
0.0192769
0.0192728
0.0192687
0.0192646
0.0192605
0.0192564
0.0192523
0.0192482
0.0192441
0.01924
0.019236
0.0192319
0.0192278
0.0192238
0.0192197
0.0192157
0.0192116
0.0192076
0.0192036
0.0191996
0.0191955
0.0191915
0.0191875
0.0191835
0.0191795
0.0191755
0.0191715
0.0191675
0.0191635
0.0191596
0.0191556
0.0191516
0.0191477
0.0191437
0.0191398
0.0191358
0.0191319
0.0191279
0.019124
0.0191201
0.0191162
0.0191122
0.0191083
0.0191044
0.0191005
0.0190966
0.0190927
0.0190888
0.0190849
0.0190811
0.0190772
0.0190733
0.0190695
0.0190656
0.0190617
0.0190579
0.019054
0.0190502
0.0190464
0.0190425
0.0190387
0.0190349
0.0190311
0.0190273
0.0190234
0.0190196
0.0190158
0.0190121
0.0190083
0.0190045
0.0190007
0.0189969
0.0189932
0.0189894
0.0189856
0.0189819
0.0189781
0.0189744
0.0189706
0.0189669
0.0189632
0.0189594
0.0189557
0.018952
0.0189483
0.0189446
0.0189409
0.0189372
0.0189335
0.0189298
0.0189261
0.0189224
0.0189187
0.0189151
0.0189114
0.0189077
0.0189041
0.0189004
0.0188968
0.0188931
0.0188895
0.0188858
0.0188822
0.0188786
0.0188749
0.0188713
0.0188677
0.0188641
0.0188605
0.0188569
0.0188533
0.0188497
0.0188461
0.0188425
0.018839
0.0188354
0.0188318
0.0188283
0.0188247
0.0188211
0.0188176
0.018814
0.0188105
0.018807
0.0188034
0.0187999
0.0187964
0.0187928
0.0187893
0.0187858
0.0187823
0.0187788
0.0187753
0.0187718
0.0187683
0.0187648
0.0187614
0.0187579
0.0187544
0.0187509
0.0187475
0.018744
0.0187406
0.0187371
0.0187337
0.0187302
0.0187268
0.0187234
0.0187199
0.0187165
0.0187131
0.0187097
0.0187063
0.0187028
0.0186994
0.018696
0.0186926
0.0186893
0.0186859
0.0186825
0.0186791
0.0186757
0.0186724
0.018669
0.0186656
0.0186623
0.0186589
0.0186556
0.0186522
0.0186489
0.0186456
0.0186422
0.0186389
0.0186356
0.0186323
0.0186289
0.0186256
0.0186223
0.018619
0.0186157
0.0186124
0.0186091
0.0186059
0.0186026
0.0185993
0.018596
0.0185928
0.0185895
0.0185862
0.018583
0.0185797
0.0185765
0.0185732
0.01857
0.0185667
0.0185635
0.0185603
0.0185571
0.0185538
0.0185506
0.0185474
0.0185442
0.018541
0.0185378
0.0185346
0.0185314
0.0185282
0.018525
0.0185219
0.0185187
0.0185155
0.0185123
0.0185092
0.018506
0.0185029
0.0184997
0.0184966
0.0184934
0.0184903
0.0184871
0.018484
0.0184809
0.0184778
0.0184746
0.0184715
0.0184684
0.0184653
0.0184622
0.0184591
0.018456
0.0184529
0.0184498
0.0184467
0.0184437
0.0184406
0.0184375
0.0184344
0.0184314
0.0184283
0.0184252
0.0184222
0.0184191
0.0184161
0.0184131
0.01841
0.018407
0.018404
0.0184009
0.0183979
0.0183949
0.0183919
0.0183889
0.0183859
0.0183828
0.0183798
0.0183769
0.0183739
0.0183709
0.0183679
0.0183649
0.0183619
0.018359
0.018356
0.018353
0.0183501
0.0183471
0.0183441
0.0183412
0.0183382
0.0183353
0.0183324
0.0183294
0.0183265
0.0183236
0.0183206
0.0183177
0.0183148
0.0183119
0.018309
0.0183061
0.0183032
0.0183003
0.0182974
0.0182945
0.0182916
0.0182887
0.0182858
0.018283
0.0182801
0.0182772
0.0182744
0.0182715
0.0182686
0.0182658
0.0182629
0.0182601
0.0182572
0.0182544
0.0182516
0.0182487
0.0182459
0.0182431
0.0182402
0.0182374
0.0182346
0.0182318
0.018229
0.0182262
0.0182234
0.0182206
0.0182178
0.018215
0.0182122
0.0182094
0.0182067
0.0182039
0.0182011
0.0181983
0.0181956
0.0181928
0.0181901
0.0181873
0.0181846
0.0181818
0.0181791
0.0181763
0.0181736
0.0181709
0.0181681
0.0181654
0.0181627
0.01816
0.0181572
0.0181545
0.0181518
0.0181491
0.0181464
0.0181437
0.018141
0.0181383
0.0181356
0.018133
0.0181303
0.0181276
0.0181249
0.0181223
0.0181196
0.0181169
0.0181143
0.0181116
0.0181089
0.0181063
0.0181037
0.018101
0.0180984
0.0180957
0.0180931
0.0180905
0.0180878
0.0180852
0.0180826
0.01808
0.0180774
0.0180748
0.0180721
0.0180695
0.0180669
0.0180643
0.0180618
0.0180592
0.0180566
0.018054
0.0180514
0.0180488
0.0180463
0.0180437
0.0180411
0.0180386
0.018036
0.0180334
0.0180309
0.0180283
0.0180258
0.0180233
0.0180207
0.0180182
0.0180156
0.0180131
0.0180106
0.0180081
0.0180055
0.018003
0.0180005
0.017998
0.0179955
0.017993
0.0179905
0.017988
0.0179855
0.017983
0.0179805
0.017978
0.0179755
0.0179731
0.0179706
0.0179681
0.0179656
0.0179632
0.0179607
0.0179583
0.0179558
0.0179533
0.0179509
0.0179484
0.017946
0.0179436
0.0179411
0.0179387
0.0179363
0.0179338
0.0179314
0.017929
0.0179266
0.0179241
0.0179217
0.0179193
0.0179169
0.0179145
0.0179121
0.0179097
0.0179073
0.0179049
0.0179025
0.0179002
0.0178978
0.0178954
0.017893
0.0178907
0.0178883
0.0178859
0.0178836
0.0178812
0.0178788
0.0178765
0.0178741
0.0178718
0.0178694
0.0178671
0.0178648
0.0178624
0.0178601
0.0178578
0.0178554
0.0178531
0.0178508
0.0178485
0.0178462
0.0178438
0.0178415
0.0178392
0.0178369
0.0178346
0.0178323
0.01783
0.0178277
0.0178255
0.0178232
0.0178209
0.0178186
0.0178163
0.0178141
0.0178118
0.0178095
0.0178073
0.017805
0.0178027
0.0178005
0.0177982
0.017796
0.0177937
0.0177915
0.0177893
0.017787
0.0177848
0.0177825
0.0177803
0.0177781
0.0177759
0.0177736
0.0177714
0.0177692
0.017767
0.0177648
0.0177626
0.0177604
0.0177582
0.017756
0.0177538
0.0177516
0.0177494
0.0177472
0.017745
0.0177429
0.0177407
0.0177385
0.0177363
0.0177342
0.017732
0.0177298
0.0177277
0.0177255
0.0177234
0.0177212
0.0177191
0.0177169
0.0177148
0.0177126
0.0177105
0.0177084
0.0177062
0.0177041
0.017702
0.0176998
0.0176977
0.0176956
0.0176935
0.0176914
0.0176893
0.0176871
0.017685
0.0176829
0.0176808
0.0176787
0.0176767
0.0176746
0.0176725
0.0176704
0.0176683
0.0176662
0.0176641
0.0176621
0.01766
0.0176579
0.0176559
0.0176538
0.0176517
0.0176497
0.0176476
0.0176456
0.0176435
0.0176415
0.0176394
0.0176374
0.0176353
0.0176333
0.0176313
0.0176292
0.0176272
0.0176252
0.0176232
0.0176211
0.0176191
0.0176171
0.0176151
0.0176131
0.0176111
0.0176091
0.0176071
0.0176051
0.0176031
0.0176011
0.0175991
0.0175971
0.0175951
0.0175931
0.0175911
0.0175891
0.0175872
0.0175852
0.0175832
0.0175812
0.0175793
0.0175773
0.0175754
0.0175734
0.0175714
0.0175695
0.0175675
0.0175656
0.0175636
0.0175617
0.0175598
0.0175578
0.0175559
0.0175539
0.017552
0.0175501
0.0175482
0.0175462
0.0175443
0.0175424
0.0175405
0.0175386
0.0175367
0.0175347
0.0175328
0.0175309
0.017529
0.0175271
0.0175252
0.0175234
0.0175215
0.0175196
0.0175177
0.0175158
0.0175139
0.017512
0.0175102
0.0175083
0.0175064
0.0175046
0.0175027
0.0175008
0.017499
0.0174971
0.0174952
0.0174934
0.0174915
0.0174897
0.0174878
0.017486
0.0174842
0.0174823
0.0174805
0.0174786
0.0174768
0.017475
0.0174732
0.0174713
0.0174695
0.0174677
0.0174659
0.0174641
0.0174622
0.0174604
0.0174586
0.0174568
0.017455
0.0174532
0.0174514
0.0174496
0.0174478
0.017446
0.0174442
0.0174425
0.0174407
0.0174389
0.0174371
0.0174353
0.0174336
0.0174318
0.01743
0.0174283
0.0174265
0.0174247
0.017423
0.0174212
0.0174194
0.0174177
0.0174159
0.0174142
0.0174124
0.0174107
0.017409
0.0174072
0.0174055
0.0174037
0.017402
0.0174003
0.0173985
0.0173968
0.0173951
0.0173934
0.0173917
0.0173899
0.0173882
0.0173865
0.0173848
0.0173831
0.0173814
0.0173797
0.017378
0.0173763
0.0173746
0.0173729
0.0173712
0.0173695
0.0173678
0.0173661
0.0173644
0.0173628
0.0173611
0.0173594
0.0173577
0.0173561
0.0173544
0.0173527
0.0173511
0.0173494
0.0173477
0.0173461
0.0173444
0.0173428
0.0173411
0.0173395
0.0173378
0.0173362
0.0173345
0.0173329
0.0173312
0.0173296
0.017328
0.0173263
0.0173247
0.0173231
0.0173214
0.0173198
0.0173182
0.0173166
0.017315
0.0173133
0.0173117
0.0173101
0.0173085
0.0173069
0.0173053
0.0173037
0.0173021
0.0173005
0.0172989
0.0172973
0.0172957
0.0172941
0.0172925
0.0172909
0.0172894
0.0172878
0.0172862
0.0172846
0.017283
0.0172815
0.0172799
0.0172783
0.0172768
0.0172752
0.0172736
0.0172721
0.0172705
0.0172689
0.0172674
0.0172658
0.0172643
0.0172627
0.0172612
0.0172597
0.0172581
0.0172566
0.017255
0.0172535
0.017252
0.0172504
0.0172489
0.0172474
0.0172458
0.0172443
0.0172428
0.0172413
0.0172398
0.0172382
0.0172367
0.0172352
0.0172337
0.0172322
0.0172307
0.0172292
0.0172277
0.0172262
0.0172247
0.0172232
0.0172217
0.0172202
0.0172187
0.0172172
0.0172157
0.0172143
0.0172128
0.0172113
0.0172098
0.0172083
0.0172069
0.0172054
0.0172039
0.0172025
0.017201
0.0171995
0.0171981
0.0171966
0.0171951
0.0171937
0.0171922
0.0171908
0.0171893
0.0171879
0.0171864
0.017185
0.0171835
0.0171821
0.0171807
0.0171792
0.0171778
0.0171764
0.0171749
0.0171735
0.0171721
0.0171706
0.0171692
0.0171678
0.0171664
0.017165
0.0171635
0.0171621
0.0171607
0.0171593
0.0171579
0.0171565
0.0171551
0.0171537
0.0171523
0.0171509
0.0171495
0.0171481
0.0171467
0.0171453
0.0171439
0.0171425
0.0171411
0.0171397
0.0171384
0.017137
0.0171356
0.0171342
0.0171328
0.0171315
0.0171301
0.0171287
0.0171274
0.017126
0.0171246
0.0171233
0.0171219
0.0171206
0.0171192
0.0171178
0.0171165
0.0171151
0.0171138
0.0171124
0.0171111
0.0171097
0.0171084
0.0171071
0.0171057
0.0171044
0.0171031
0.0171017
0.0171004
0.0170991
0.0170977
0.0170964
0.0170951
0.0170938
0.0170924
0.0170911
0.0170898
0.0170885
0.0170872
0.0170859
0.0170845
0.0170832
0.0170819
0.0170806
0.0170793
0.017078
0.0170767
0.0170754
0.0170741
0.0170728
0.0170715
0.0170702
0.017069
0.0170677
0.0170664
0.0170651
0.0170638
0.0170625
0.0170612
0.01706
0.0170587
0.0170574
0.0170562
0.0170549
0.0170536
0.0170523
0.0170511
0.0170498
0.0170486
0.0170473
0.017046
0.0170448
0.0170435
0.0170423
0.017041
0.0170398
0.0170385
0.0170373
0.017036
0.0170348
0.0170335
0.0170323
0.0170311
0.0170298
0.0170286
0.0170274
0.0170261
0.0170249
0.0170237
0.0170224
0.0170212
0.01702
0.0170188
0.0170175
0.0170163
0.0170151
0.0170139
0.0170127
0.0170115
0.0170103
0.017009
0.0170078
0.0170066
0.0170054
0.0170042
0.017003
0.0170018
0.0170006
0.0169994
0.0169982
0.016997
0.0169959
0.0169947
0.0169935
0.0169923
0.0169911
0.0169899
0.0169887
0.0169876
0.0169864
0.0169852
0.016984
0.0169829
0.0169817
0.0169805
0.0169794
0.0169782
0.016977
0.0169759
0.0169747
0.0169735
0.0169724
0.0169712
0.0169701
0.0169689
0.0169677
0.0169666
0.0169654
0.0169643
0.0169632
0.016962
0.0169609
0.0169597
0.0169586
0.0169574
0.0169563
0.0169552
0.016954
0.0169529
0.0169518
0.0169506
0.0169495
0.0169484
0.0169473
0.0169461
0.016945
0.0169439
0.0169428
0.0169417
0.0169405
0.0169394
0.0169383
0.0169372
0.0169361
0.016935
0.0169339
0.0169328
0.0169317
0.0169306
0.0169295
0.0169284
0.0169273
0.0169262
0.0169251
0.016924
0.0169229
0.0169218
0.0169207
0.0169196
0.0169185
0.0169174
0.0169164
0.0169153
0.0169142
0.0169131
0.016912
0.016911
0.0169099
0.0169088
0.0169077
0.0169067
0.0169056
0.0169045
0.0169035
0.0169024
0.0169014
0.0169003
0.0168992
0.0168982
0.0168971
0.0168961
0.016895
0.016894
0.0168929
0.0168918
0.0168908
0.0168898
0.0168887
0.0168877
0.0168866
0.0168856
0.0168845
0.0168835
0.0168825
0.0168814
0.0168804
0.0168794
0.0168783
0.0168773
0.0168763
0.0168752
0.0168742
0.0168732
0.0168722
0.0168711
0.0168701
0.0168691
0.0168681
0.0168671
0.0168661
0.016865
0.016864
0.016863
0.016862
0.016861
0.01686
0.016859
0.016858
0.016857
0.016856
0.016855
0.016854
0.016853
0.016852
0.016851
0.01685
0.016849
0.016848
0.016847
0.0168461
0.0168451
0.0168441
0.0168431
0.0168421
0.0168411
0.0168402
0.0168392
0.0168382
0.0168372
0.0168363
0.0168353
0.0168343
0.0168333
0.0168324
0.0168314
0.0168304
0.0168295
0.0168285
0.0168275
0.0168266
0.0168256
0.0168247
0.0168237
0.0168228
0.0168218
0.0168208
0.0168199
0.0168189
0.016818
0.016817
0.0168161
0.0168152
0.0168142
0.0168133
0.0168123
0.0168114
0.0168104
0.0168095
0.0168086
0.0168076
0.0168067
0.0168058
0.0168048
0.0168039
0.016803
0.0168021
0.0168011
0.0168002
0.0167993
0.0167984
0.0167974
0.0167965
0.0167956
0.0167947
0.0167938
0.0167929
0.0167919
0.016791
0.0167901
0.0167892
0.0167883
0.0167874
0.0167865
0.0167856
0.0167847
0.0167838
0.0167829
0.016782
0.0167811
0.0167802
0.0167793
0.0167784
0.0167775
0.0167766
0.0167757
0.0167748
0.0167739
0.0167731
0.0167722
0.0167713
0.0167704
0.0167695
0.0167686
0.0167678
0.0167669
0.016766
0.0167651
0.0167642
0.0167634
0.0167625
0.0167616
0.0167608
0.0167599
0.016759
0.0167582
0.0167573
0.0167564
0.0167556
0.0167547
0.0167538
0.016753
0.0167521
0.0167513
0.0167504
0.0167496
0.0167487
0.0167478
0.016747
0.0167461
0.0167453
0.0167444
0.0167436
0.0167428
0.0167419
0.0167411
0.0167402
0.0167394
0.0167385
0.0167377
0.0167369
0.016736
0.0167352
0.0167344
0.0167335
0.0167327
0.0167319
0.016731
0.0167302
0.0167294
0.0167286
0.0167277
0.0167269
0.0167261
0.0167253
0.0167244
0.0167236
0.0167228
0.016722
0.0167212
0.0167204
0.0167196
0.0167187
0.0167179
0.0167171
0.0167163
0.0167155
0.0167147
0.0167139
0.0167131
0.0167123
0.0167115
0.0167107
0.0167099
0.0167091
0.0167083
0.0167075
0.0167067
0.0167059
0.0167051
0.0167043
0.0167035
0.0167027
0.0167019
0.0167012
0.0167004
0.0166996
0.0166988
0.016698
0.0166972
0.0166964
0.0166957
0.0166949
0.0166941
0.0166933
0.0166926
0.0166918
0.016691
0.0166902
0.0166895
0.0166887
0.0166879
0.0166872
0.0166864
0.0166856
0.0166849
0.0166841
0.0166833
0.0166826
0.0166818
0.016681
0.0166803
0.0166795
0.0166788
0.016678
0.0166773
0.0166765
0.0166758
0.016675
0.0166743
0.0166735
0.0166728
0.016672
0.0166713
0.0166705
0.0166698
0.016669
0.0166683
0.0166675
0.0166668
0.0166661
0.0166653
0.0166646
0.0166639
0.0166631
0.0166624
0.0166617
0.0166609
0.0166602
0.0166595
0.0166587
0.016658
0.0166573
0.0166566
0.0166558
0.0166551
0.0166544
0.0166537
0.0166529
0.0166522
0.0166515
0.0166508
0.0166501
0.0166494
0.0166486
0.0166479
0.0166472
0.0166465
0.0166458
0.0166451
0.0166444
0.0166437
0.016643
0.0166423
0.0166415
0.0166408
0.0166401
0.0166394
0.0166387
0.016638
0.0166373
0.0166366
0.0166359
0.0166352
0.0166346
0.0166339
0.0166332
0.0166325
0.0166318
0.0166311
0.0166304
0.0166297
0.016629
0.0166283
0.0166277
0.016627
0.0166263
0.0166256
0.0166249
0.0166242
0.0166236
0.0166229
0.0166222
0.0166215
0.0166209
0.0166202
0.0166195
0.0166188
0.0166182
0.0166175
0.0166168
0.0166162
0.0166155
0.0166148
0.0166142
0.0166135
0.0166128
0.0166122
0.0166115
0.0166108
0.0166102
0.0166095
0.0166089
0.0166082
0.0166075
0.0166069
0.0166062
0.0166056
0.0166049
0.0166043
0.0166036
0.016603
0.0166023
0.0166017
0.016601
0.0166004
0.0165997
0.0165991
0.0165984
0.0165978
0.0165972
0.0165965
0.0165959
0.0165952
0.0165946
0.016594
0.0165933
0.0165927
0.0165921
0.0165914
0.0165908
0.0165902
0.0165895
0.0165889
0.0165883
0.0165876
0.016587
0.0165864
0.0165858
0.0165851
0.0165845
0.0165839
0.0165833
0.0165826
0.016582
0.0165814
0.0165808
0.0165802
0.0165795
0.0165789
0.0165783
0.0165777
0.0165771
0.0165765
0.0165759
0.0165752
0.0165746
0.016574
0.0165734
0.0165728
0.0165722
0.0165716
0.016571
0.0165704
0.0165698
0.0165692
0.0165686
0.016568
0.0165674
0.0165668
0.0165662
0.0165656
0.016565
0.0165644
0.0165638
0.0165632
0.0165626
0.016562
0.0165614
0.0165608
0.0165602
0.0165596
0.0165591
0.0165585
0.0165579
0.0165573
0.0165567
0.0165561
0.0165555
0.016555
0.0165544
0.0165538
0.0165532
0.0165526
0.0165521
0.0165515
0.0165509
0.0165503
0.0165498
0.0165492
0.0165486
0.016548
0.0165475
0.0165469
0.0165463
0.0165458
0.0165452
0.0165446
0.0165441
0.0165435
0.0165429
0.0165424
0.0165418
0.0165412
0.0165407
0.0165401
0.0165395
0.016539
0.0165384
0.0165379
0.0165373
0.0165368
0.0165362
0.0165356
0.0165351
0.0165345
0.016534
0.0165334
0.0165329
0.0165323
0.0165318
0.0165312
0.0165307
0.0165301
0.0165296
0.0165291
0.0165285
0.016528
0.0165274
0.0165269
0.0165263
0.0165258
0.0165253
0.0165247
0.0165242
0.0165236
0.0165231
0.0165226
0.016522
0.0165215
0.016521
0.0165204
0.0165199
0.0165194
0.0165188
0.0165183
0.0165178
0.0165172
0.0165167
0.0165162
0.0165157
0.0165151
0.0165146
0.0165141
0.0165136
0.016513
0.0165125
0.016512
0.0165115
0.016511
0.0165104
0.0165099
0.0165094
0.0165089
0.0165084
0.0165079
0.0165073
0.0165068
0.0165063
0.0165058
0.0165053
0.0165048
0.0165043
0.0165038
0.0165033
0.0165028
0.0165022
0.0165017
0.0165012
0.0165007
0.0165002
0.0164997
0.0164992
0.0164987
0.0164982
0.0164977
0.0164972
0.0164967
0.0164962
0.0164957
0.0164952
0.0164947
0.0164942
0.0164937
0.0164932
0.0164928
0.0164923
0.0164918
0.0164913
0.0164908
0.0164903
0.0164898
0.0164893
0.0164888
0.0164883
0.0164879
0.0164874
0.0164869
0.0164864
0.0164859
0.0164854
0.016485
0.0164845
0.016484
0.0164835
0.016483
0.0164826
0.0164821
0.0164816
0.0164811
0.0164807
0.0164802
0.0164797
0.0164792
0.0164788
0.0164783
0.0164778
0.0164773
0.0164769
0.0164764
0.0164759
0.0164755
0.016475
0.0164745
0.0164741
0.0164736
0.0164731
0.0164727
0.0164722
0.0164717
0.0164713
0.0164708
0.0164704
0.0164699
0.0164694
0.016469
0.0164685
0.0164681
0.0164676
0.0164672
0.0164667
0.0164662
0.0164658
0.0164653
0.0164649
0.0164644
0.016464
0.0164635
0.0164631
0.0164626
0.0164622
0.0164617
0.0164613
0.0164608
0.0164604
0.01646
0.0164595
0.0164591
0.0164586
0.0164582
0.0164577
0.0164573
0.0164569
0.0164564
0.016456
0.0164555
0.0164551
0.0164547
0.0164542
0.0164538
0.0164534
0.0164529
0.0164525
0.016452
0.0164516
0.0164512
0.0164507
0.0164503
0.0164499
0.0164495
0.016449
0.0164486
0.0164482
0.0164477
0.0164473
0.0164469
0.0164465
0.016446
0.0164456
0.0164452
0.0164448
0.0164443
0.0164439
0.0164435
0.0164431
0.0164427
0.0164422
0.0164418
0.0164414
0.016441
0.0164406
0.0164402
0.0164397
0.0164393
0.0164389
0.0164385
0.0164381
0.0164377
0.0164373
0.0164368
0.0164364
0.016436
0.0164356
0.0164352
0.0164348
0.0164344
0.016434
0.0164336
0.0164332
0.0164328
0.0164324
0.016432
0.0164316
0.0164311
0.0164307
0.0164303
0.0164299
0.0164295
0.0164291
0.0164287
0.0164283
0.0164279
0.0164275
0.0164272
0.0164268
0.0164264
0.016426
0.0164256
0.0164252
0.0164248
0.0164244
0.016424
0.0164236
0.0164232
0.0164228
0.0164224
0.016422
0.0164217
0.0164213
0.0164209
0.0164205
0.0164201
0.0164197
0.0164193
0.0164189
0.0164186
0.0164182
0.0164178
0.0164174
0.016417
0.0164167
0.0164163
0.0164159
0.0164155
0.0164151
0.0164148
0.0164144
0.016414
0.0164136
0.0164132
0.0164129
0.0164125
0.0164121
0.0164117
0.0164114
0.016411
0.0164106
0.0164103
0.0164099
0.0164095
0.0164091
0.0164088
0.0164084
0.016408
0.0164077
0.0164073
0.0164069
0.0164066
0.0164062
0.0164058
0.0164055
0.0164051
0.0164047
0.0164044
0.016404
0.0164037
0.0164033
0.0164029
0.0164026
0.0164022
0.0164019
0.0164015
0.0164011
0.0164008
0.0164004
0.0164001
0.0163997
0.0163994
0.016399
0.0163986
0.0163983
0.0163979
0.0163976
0.0163972
0.0163969
0.0163965
0.0163962
0.0163958
0.0163955
0.0163951
0.0163948
0.0163944
0.0163941
0.0163937
0.0163934
0.016393
0.0163927
0.0163924
0.016392
0.0163917
0.0163913
0.016391
0.0163906
0.0163903
0.01639
0.0163896
0.0163893
0.0163889
0.0163886
0.0163883
0.0163879
0.0163876
0.0163872
0.0163869
0.0163866
0.0163862
0.0163859
0.0163856
0.0163852
0.0163849
0.0163846
0.0163842
0.0163839
0.0163836
0.0163832
0.0163829
0.0163826
0.0163822
0.0163819
0.0163816
0.0163813
0.0163809
0.0163806
0.0163803
0.0163799
0.0163796
0.0163793
0.016379
0.0163786
0.0163783
0.016378
0.0163777
0.0163774
0.016377
0.0163767
0.0163764
0.0163761
0.0163758
0.0163754
0.0163751
0.0163748
0.0163745
0.0163742
0.0163738
0.0163735
0.0163732
0.0163729
0.0163726
0.0163723
0.016372
0.0163716
0.0163713
0.016371
0.0163707
0.0163704
0.0163701
0.0163698
0.0163695
0.0163691
0.0163688
0.0163685
0.0163682
0.0163679
0.0163676
0.0163673
0.016367
0.0163667
0.0163664
0.0163661
0.0163658
0.0163655
0.0163652
0.0163649
0.0163646
0.0163643
0.016364
0.0163637
0.0163634
0.0163631
0.0163628
0.0163625
0.0163622
0.0163619
0.0163616
0.0163613
0.016361
0.0163607
0.0163604
0.0163601
0.0163598
0.0163595
0.0163592
0.0163589
0.0163586
0.0163583
0.016358
0.0163577
0.0163574
0.0163571
0.0163569
0.0163566
0.0163563
0.016356
0.0163557
0.0163554
0.0163551
0.0163548
0.0163545
0.0163543
0.016354
0.0163537
0.0163534
0.0163531
0.0163528
0.0163525
0.0163523
0.016352
0.0163517
0.0163514
0.0163511
0.0163509
0.0163506
0.0163503
0.01635
0.0163497
0.0163495
0.0163492
0.0163489
0.0163486
0.0163483
0.0163481
0.0163478
0.0163475
0.0163472
0.016347
0.0163467
0.0163464
0.0163461
0.0163459
0.0163456
0.0163453
0.016345
0.0163448
0.0163445
0.0163442
0.016344
0.0163437
0.0163434
0.0163432
0.0163429
0.0163426
0.0163423
0.0163421
0.0163418
0.0163415
0.0163413
0.016341
0.0163407
0.0163405
0.0163402
0.01634
0.0163397
0.0163394
0.0163392
0.0163389
0.0163386
0.0163384
0.0163381
0.0163379
0.0163376
0.0163373
0.0163371
0.0163368
0.0163366
0.0163363
0.016336
0.0163358
0.0163355
0.0163353
0.016335
0.0163348
0.0163345
0.0163342
0.016334
0.0163337
0.0163335
0.0163332
0.016333
0.0163327
0.0163325
0.0163322
0.016332
0.0163317
0.0163315
0.0163312
0.016331
0.0163307
0.0163305
0.0163302
0.01633
0.0163297
0.0163295
0.0163292
0.016329
0.0163287
0.0163285
0.0163282
0.016328
0.0163277
0.0163275
0.0163273
0.016327
0.0163268
0.0163265
0.0163263
0.016326
0.0163258
0.0163256
0.0163253
0.0163251
0.0163248
0.0163246
0.0163244
0.0163241
0.0163239
0.0163236
0.0163234
0.0163232
0.0163229
0.0163227
0.0163225
0.0163222
0.016322
0.0163218
0.0163215
0.0163213
0.016321
0.0163208
0.0163206
0.0163203
0.0163201
0.0163199
0.0163197
0.0163194
0.0163192
0.016319
0.0163187
0.0163185
0.0163183
0.016318
0.0163178
0.0163176
0.0163174
0.0163171
0.0163169
0.0163167
0.0163164
0.0163162
0.016316
0.0163158
0.0163155
0.0163153
0.0163151
0.0163149
0.0163146
0.0163144
0.0163142
0.016314
0.0163138
0.0163135
0.0163133
0.0163131
0.0163129
0.0163126
0.0163124
0.0163122
0.016312
0.0163118
0.0163115
0.0163113
0.0163111
0.0163109
0.0163107
0.0163105
0.0163102
0.01631
0.0163098
0.0163096
0.0163094
0.0163092
0.0163089
0.0163087
0.0163085
0.0163083
0.0163081
0.0163079
0.0163077
0.0163075
0.0163072
0.016307
0.0163068
0.0163066
0.0163064
0.0163062
0.016306
0.0163058
0.0163056
0.0163054
0.0163051
0.0163049
0.0163047
0.0163045
0.0163043
0.0163041
0.0163039
0.0163037
0.0163035
0.0163033
0.0163031
0.0163029
0.0163027
0.0163025
0.0163023
0.0163021
0.0163019
0.0163017
0.0163015
0.0163013
0.0163011
0.0163009
0.0163007
0.0163005
0.0163003
0.0163001
0.0162999
0.0162997
0.0162995
0.0162993
0.0162991
0.0162989
0.0162987
0.0162985
0.0162983
0.0162981
0.0162979
0.0162977
0.0162975
0.0162973
0.0162971
0.0162969
0.0162967
0.0162965
0.0162963
0.0162961
0.0162959
0.0162957
0.0162955
0.0162954
0.0162952
0.016295
0.0162948
0.0162946
0.0162944
0.0162942
0.016294
0.0162938
0.0162936
0.0162935
0.0162933
0.0162931
0.0162929
0.0162927
0.0162925
0.0162923
0.0162921
0.016292
0.0162918
0.0162916
0.0162914
0.0162912
0.016291
0.0162908
0.0162907
0.0162905
0.0162903
0.0162901
0.0162899
0.0162897
0.0162896
0.0162894
0.0162892
0.016289
0.0162888
0.0162887
0.0162885
0.0162883
0.0162881
0.0162879
0.0162878
0.0162876
0.0162874
0.0162872
0.016287
0.0162869
0.0162867
0.0162865
0.0162863
0.0162862
0.016286
0.0162858
0.0162856
0.0162855
0.0162853
0.0162851
0.0162849
0.0162848
0.0162846
0.0162844
0.0162842
0.0162841
0.0162839
0.0162837
0.0162835
0.0162834
0.0162832
0.016283
0.0162829
0.0162827
0.0162825
0.0162823
0.0162822
0.016282
0.0162818
0.0162817
0.0162815
0.0162813
0.0162812
0.016281
0.0162808
0.0162807
0.0162805
0.0162803
0.0162802
0.01628
0.0162798
0.0162797
0.0162795
0.0162793
0.0162792
0.016279
0.0162788
0.0162787
0.0162785
0.0162784
0.0162782
0.016278
0.0162779
0.0162777
0.0162775
0.0162774
0.0162772
0.0162771
0.0162769
0.0162767
0.0162766
0.0162764
0.0162763
0.0162761
0.0162759
0.0162758
0.0162756
0.0162755
0.0162753
0.0162752
0.016275
0.0162748
0.0162747
0.0162745
0.0162744
0.0162742
0.0162741
0.0162739
0.0162738
0.0162736
0.0162734
0.0162733
0.0162731
0.016273
0.0162728
0.0162727
0.0162725
0.0162724
0.0162722
0.0162721
0.0162719
0.0162718
0.0162716
0.0162715
0.0162713
0.0162712
0.016271
0.0162709
0.0162707
0.0162706
0.0162704
0.0162703
0.0162701
0.01627
0.0162698
0.0162697
0.0162695
0.0162694
0.0162692
0.0162691
0.0162689
0.0162688
0.0162686
0.0162685
0.0162684
0.0162682
0.0162681
0.0162679
0.0162678
0.0162676
0.0162675
0.0162673
0.0162672
0.0162671
0.0162669
0.0162668
0.0162666
0.0162665
0.0162663
0.0162662
0.0162661
0.0162659
0.0162658
0.0162656
0.0162655
0.0162654
0.0162652
0.0162651
0.0162649
0.0162648
0.0162647
0.0162645
0.0162644
0.0162643
0.0162641
0.016264
0.0162638
0.0162637
0.0162636
0.0162634
0.0162633
0.0162632
0.016263
0.0162629
0.0162628
0.0162626
0.0162625
0.0162623
0.0162622
0.0162621
0.0162619
0.0162618
0.0162617
0.0162615
0.0162614
0.0162613
0.0162611
0.016261
0.0162609
0.0162608
0.0162606
0.0162605
0.0162604
0.0162602
0.0162601
0.01626
0.0162598
0.0162597
0.0162596
0.0162595
0.0162593
0.0162592
0.0162591
0.0162589
0.0162588
0.0162587
0.0162586
0.0162584
0.0162583
0.0162582
0.016258
0.0162579
0.0162578
0.0162577
0.0162575
0.0162574
0.0162573
0.0162572
0.016257
0.0162569
0.0162568
0.0162567
0.0162565
0.0162564
0.0162563
0.0162562
0.0162561
0.0162559
0.0162558
0.0162557
0.0162556
0.0162554
0.0162553
0.0162552
0.0162551
0.016255
0.0162548
0.0162547
0.0162546
0.0162545
0.0162544
0.0162542
0.0162541
0.016254
0.0162539
0.0162538
0.0162536
0.0162535
0.0162534
0.0162533
0.0162532
0.0162531
0.0162529
0.0162528
0.0162527
0.0162526
0.0162525
0.0162524
0.0162522
0.0162521
0.016252
0.0162519
0.0162518
0.0162517
0.0162516
0.0162514
0.0162513
0.0162512
0.0162511
0.016251
0.0162509
0.0162508
0.0162507
0.0162505
0.0162504
0.0162503
0.0162502
0.0162501
0.01625
0.0162499
0.0162498
0.0162496
0.0162495
0.0162494
0.0162493
0.0162492
0.0162491
0.016249
0.0162489
0.0162488
0.0162487
0.0162486
0.0162484
0.0162483
0.0162482
0.0162481
0.016248
0.0162479
0.0162478
0.0162477
0.0162476
0.0162475
0.0162474
0.0162473
0.0162472
0.0162471
0.016247
0.0162469
0.0162467
0.0162466
0.0162465
0.0162464
0.0162463
0.0162462
0.0162461
0.016246
0.0162459
0.0162458
0.0162457
0.0162456
0.0162455
0.0162454
0.0162453
0.0162452
0.0162451
0.016245
0.0162449
0.0162448
0.0162447
0.0162446
0.0162445
0.0162444
0.0162443
0.0162442
0.0162441
0.016244
0.0162439
0.0162438
0.0162437
0.0162436
0.0162435
0.0162434
0.0162433
0.0162432
0.0162431
0.016243
0.0162429
0.0162428
0.0162427
0.0162426
0.0162425
0.0162424
0.0162423
0.0162422
0.0162421
0.016242
0.016242
0.0162419
0.0162418
0.0162417
0.0162416
0.0162415
0.0162414
0.0162413
0.0162412
0.0162411
0.016241
0.0162409
0.0162408
0.0162407
0.0162406
0.0162405
0.0162405
0.0162404
0.0162403
0.0162402
0.0162401
0.01624
0.0162399
0.0162398
0.0162397
0.0162396
0.0162395
0.0162395
0.0162394
0.0162393
0.0162392
0.0162391
0.016239
0.0162389
0.0162388
0.0162387
0.0162387
0.0162386
0.0162385
0.0162384
0.0162383
0.0162382
0.0162381
0.016238
0.016238
0.0162379
0.0162378
0.0162377
0.0162376
0.0162375
0.0162374
0.0162373
0.0162373
0.0162372
0.0162371
0.016237
0.0162369
0.0162368
0.0162368
0.0162367
0.0162366
0.0162365
0.0162364
0.0162363
0.0162363
0.0162362
0.0162361
0.016236
0.0162359
0.0162358
0.0162358
0.0162357
0.0162356
0.0162355
0.0162354
0.0162353
0.0162353
0.0162352
0.0162351
0.016235
0.0162349
0.0162349
0.0162348
0.0162347
0.0162346
0.0162345
0.0162345
0.0162344
0.0162343
0.0162342
0.0162341
0.0162341
0.016234
0.0162339
0.0162338
0.0162338
0.0162337
0.0162336
0.0162335
0.0162334
0.0162334
0.0162333
0.0162332
0.0162331
0.0162331
0.016233
0.0162329
0.0162328
0.0162328
0.0162327
0.0162326
0.0162325
0.0162325
0.0162324
0.0162323
0.0162322
0.0162322
0.0162321
0.016232
0.0162319
0.0162319
0.0162318
0.0162317
0.0162316
0.0162316
0.0162315
0.0162314
0.0162314
0.0162313
0.0162312
0.0162311
0.0162311
0.016231
0.0162309
0.0162309
0.0162308
0.0162307
0.0162306
0.0162306
0.0162305
0.0162304
0.0162304
0.0162303
0.0162302
0.0162301
0.0162301
0.01623
0.0162299
0.0162299
0.0162298
0.0162297
0.0162297
0.0162296
0.0162295
0.0162295
0.0162294
0.0162293
0.0162293
0.0162292
0.0162291
0.0162291
0.016229
0.0162289
0.0162289
0.0162288
0.0162287
0.0162287
0.0162286
0.0162285
0.0162285
0.0162284
0.0162283
0.0162283
0.0162282
0.0162281
0.0162281
0.016228
0.0162279
0.0162279
0.0162278
0.0162277
0.0162277
0.0162276
0.0162275
0.0162275
0.0162274
0.0162274
0.0162273
0.0162272
0.0162272
0.0162271
0.016227
0.016227
0.0162269
0.0162269
0.0162268
0.0162267
0.0162267
0.0162266
0.0162266
0.0162265
0.0162264
0.0162264
0.0162263
0.0162262
0.0162262
0.0162261
0.0162261
0.016226
0.0162259
0.0162259
0.0162258
0.0162258
0.0162257
0.0162257
0.0162256
0.0162255
0.0162255
0.0162254
0.0162254
0.0162253
0.0162252
0.0162252
0.0162251
0.0162251
0.016225
0.016225
0.0162249
0.0162248
0.0162248
0.0162247
0.0162247
0.0162246
0.0162246
0.0162245
0.0162244
0.0162244
0.0162243
0.0162243
0.0162242
0.0162242
0.0162241
0.0162241
0.016224
0.0162239
0.0162239
0.0162238
0.0162238
0.0162237
0.0162237
0.0162236
0.0162236
0.0162235
0.0162235
0.0162234
0.0162234
0.0162233
0.0162232
0.0162232
0.0162231
0.0162231
0.016223
0.016223
0.0162229
0.0162229
0.0162228
0.0162228
0.0162227
0.0162227
0.0162226
0.0162226
0.0162225
0.0162225
0.0162224
0.0162224
0.0162223
0.0162223
0.0162222
0.0162222
0.0162221
0.0162221
0.016222
0.016222
0.0162219
0.0162219
0.0162218
0.0162218
0.0162217
0.0162217
0.0162216
0.0162216
0.0162215
0.0162215
0.0162214
0.0162214
0.0162213
0.0162213
0.0162212
0.0162212
0.0162211
0.0162211
0.0162211
0.016221
0.016221
0.0162209
0.0162209
0.0162208
0.0162208
0.0162207
0.0162207
0.0162206
0.0162206
0.0162205
0.0162205
0.0162205
0.0162204
0.0162204
0.0162203
0.0162203
0.0162202
0.0162202
0.0162201
0.0162201
0.0162201
0.01622
0.01622
0.0162199
0.0162199
0.0162198
0.0162198
0.0162197
0.0162197
0.0162197
0.0162196
0.0162196
0.0162195
0.0162195
0.0162194
0.0162194
0.0162194
0.0162193
0.0162193
0.0162192
0.0162192
0.0162192
0.0162191
0.0162191
0.016219
0.016219
0.0162189
0.0162189
0.0162189
0.0162188
0.0162188
0.0162187
0.0162187
0.0162187
0.0162186
0.0162186
0.0162185
0.0162185
0.0162185
0.0162184
0.0162184
0.0162183
0.0162183
0.0162183
0.0162182
0.0162182
0.0162182
0.0162181
0.0162181
0.016218
0.016218
0.016218
0.0162179
0.0162179
0.0162178
0.0162178
0.0162178
0.0162177
0.0162177
0.0162177
0.0162176
0.0162176
0.0162176
0.0162175
0.0162175
0.0162174
0.0162174
0.0162174
0.0162173
0.0162173
0.0162173
0.0162172
0.0162172
0.0162172
0.0162171
0.0162171
0.016217
0.016217
0.016217
0.0162169
0.0162169
0.0162169
0.0162168
0.0162168
0.0162168
0.0162167
0.0162167
0.0162167
0.0162166
0.0162166
0.0162166
0.0162165
0.0162165
0.0162165
0.0162164
0.0162164
0.0162164
0.0162163
0.0162163
0.0162163
0.0162162
0.0162162
0.0162162
0.0162161
0.0162161
0.0162161
0.016216
0.016216
0.016216
0.016216
0.0162159
0.0162159
0.0162159
0.0162158
0.0162158
0.0162158
0.0162157
0.0162157
0.0162157
0.0162156
0.0162156
0.0162156
0.0162156
0.0162155
0.0162155
0.0162155
0.0162154
0.0162154
0.0162154
0.0162153
0.0162153
0.0162153
0.0162153
0.0162152
0.0162152
0.0162152
0.0162151
0.0162151
0.0162151
0.0162151
0.016215
0.016215
0.016215
0.0162149
0.0162149
0.0162149
0.0162149
0.0162148
0.0162148
0.0162148
0.0162148
0.0162147
0.0162147
0.0162147
0.0162147
0.0162146
0.0162146
0.0162146
0.0162145
0.0162145
0.0162145
0.0162145
0.0162144
0.0162144
0.0162144
0.0162144
0.0162143
0.0162143
0.0162143
0.0162143
0.0162142
0.0162142
0.0162142
0.0162142
0.0162141
0.0162141
0.0162141
0.0162141
0.016214
0.016214
0.016214
0.016214
0.0162139
0.0162139
0.0162139
0.0162139
0.0162139
0.0162138
0.0162138
0.0162138
0.0162138
0.0162137
0.0162137
0.0162137
0.0162137
0.0162136
0.0162136
0.0162136
0.0162136
0.0162136
0.0162135
0.0162135
0.0162135
0.0162135
0.0162134
0.0162134
0.0162134
0.0162134
0.0162134
0.0162133
0.0162133
0.0162133
0.0162133
0.0162133
0.0162132
0.0162132
0.0162132
0.0162132
0.0162132
0.0162131
0.0162131
0.0162131
0.0162131
0.0162131
0.016213
0.016213
0.016213
0.016213
0.016213
0.0162129
0.0162129
0.0162129
0.0162129
0.0162129
0.0162128
0.0162128
0.0162128
0.0162128
0.0162128
0.0162127
0.0162127
0.0162127
0.0162127
0.0162127
0.0162127
0.0162126
0.0162126
0.0162126
0.0162126
0.0162126
0.0162125
0.0162125
0.0162125
0.0162125
0.0162125
0.0162125
0.0162124
0.0162124
0.0162124
0.0162124
0.0162124
0.0162124
0.0162123
0.0162123
0.0162123
0.0162123
0.0162123
0.0162123
0.0162122
0.0162122
0.0162122
0.0162122
0.0162122
0.0162122
0.0162122
0.0162121
0.0162121
0.0162121
0.0162121
0.0162121
0.0162121
0.0162121
0.016212
0.016212
0.016212
0.016212
0.016212
0.016212
0.016212
0.0162119
0.0162119
0.0162119
0.0162119
0.0162119
0.0162119
0.0162119
0.0162118
0.0162118
0.0162118
0.0162118
0.0162118
0.0162118
0.0162118
0.0162117
0.0162117
0.0162117
0.0162117
0.0162117
0.0162117
0.0162117
0.0162117
0.0162116
0.0162116
0.0162116
0.0162116
0.0162116
0.0162116
0.0162116
0.0162116
0.0162116
0.0162115
0.0162115
0.0162115
0.0162115
0.0162115
0.0162115
0.0162115
0.0162115
0.0162115
0.0162114
0.0162114
0.0162114
0.0162114
0.0162114
0.0162114
0.0162114
0.0162114
0.0162114
0.0162114
0.0162113
0.0162113
0.0162113
0.0162113
0.0162113
0.0162113
0.0162113
0.0162113
0.0162113
0.0162113
0.0162112
0.0162112
0.0162112
0.0162112
0.0162112
0.0162112
0.0162112
0.0162112
0.0162112
0.0162112
0.0162112
0.0162112
0.0162111
0.0162111
0.0162111
0.0162111
0.0162111
0.0162111
0.0162111
0.0162111
0.0162111
0.0162111
0.0162111
0.0162111
0.0162111
0.016211
0.016211
0.016211
0.016211
0.016211
0.016211
0.016211
0.016211
0.016211
0.016211
0.016211
0.016211
0.016211
0.016211
0.016211
0.0162109
0.0162109
0.0162109
0.0162109
0.0162109
0.0162109
0.0162109
0.0162109
0.0162109
0.0162109
0.0162109
0.0162109
0.0162109
0.0162109
0.0162109
0.0162109
0.0162109
0.0162109
0.0162108
0.0162108
0.0162108
0.0162108
0.0162108
0.0162108
0.0162108
0.0162108
0.0162108
0.0162108
0.0162108
0.0162108
0.0162108
0.0162108
0.0162108
0.0162108
0.0162108
0.0162108
0.0162108
0.0162108
0.0162108
0.0162108
0.0162108
0.0162108
0.0162108
0.0162108
0.0162107
0.0162107
0.0162107
0.0162107
0.0162107
0.0162107
0.0162107
0.0162107
0.0162107
0.0162107
0.0162107
0.0162107
0.0162107
0.0162107
0.0162107
0.0162107
0.0162107
0.0162107
0.0162107
0.0162107
0.0162107
0.0162107
0.0162107
0.0162107
0.0162107
0.0162107
0.0162107
0.0162107
0.0162107
0.0162107
0.0162107
0.0162107
0.0162107
0.0162107
0.0162107
0.0162107
0.0162107
0.0162107
0.0162107
0.0162107
0.0162107
0.0162107
0.0162107
0.0162107
0.0162107
0.0162107
0.0162107
0.0162107
0.0162107
0.0162107
0.0162107
0.0162107
0.0162107
0.0162107
0.0162107
0.0162107
0.0162107
0.0162107
0.0162107
0.0162107
0.0162107
0.0162107
0.0162107
0.0162107
0.0162107
0.0162107
0.0162107
0.0162107
0.0162107
0.0162107
0.0162107
0.0162107
0.0162107
0.0162107
0.0162107
0.0162107
0.0162107
0.0162107
0.0162107
0.0162107
0.0162107
0.0162107
0.0162107
0.0162107
0.0162107
0.0162107
0.0162107
0.0162108
0.0162108
0.0162108
0.0162108
0.0162108
0.0162108
0.0162108
0.0162108
0.0162108
0.0162108
0.0162108
0.0162108
0.0162108
0.0162108
0.0162108
0.0162108
0.0162108
0.0162108
0.0162108
0.0162108
0.0162108
0.0162108
0.0162108
0.0162108
0.0162108
0.0162108
0.0162108
0.0162109
0.0162109
0.0162109
0.0162109
0.0162109
0.0162109
0.0162109
0.0162109
0.0162109
0.0162109
0.0162109
0.0162109
0.0162109
0.0162109
0.0162109
0.0162109
0.0162109
0.0162109
0.0162109
0.0162109
0.016211
0.016211
0.016211
0.016211
0.016211
0.016211
0.016211
0.016211
0.016211
0.016211
0.016211
0.016211
0.016211
0.016211
0.016211
0.016211
0.016211
0.0162111
0.0162111
0.0162111
0.0162111
0.0162111
0.0162111
0.0162111
0.0162111
0.0162111
0.0162111
0.0162111
0.0162111
0.0162111
0.0162111
0.0162112
0.0162112
0.0162112
0.0162112
0.0162112
0.0162112
0.0162112
0.0162112
0.0162112
0.0162112
0.0162112
0.0162112
0.0162112
0.0162113
0.0162113
0.0162113
0.0162113
0.0162113
0.0162113
0.0162113
0.0162113
0.0162113
0.0162113
0.0162113
0.0162113
0.0162114
0.0162114
0.0162114
0.0162114
0.0162114
0.0162114
0.0162114
0.0162114
0.0162114
0.0162114
0.0162114
0.0162115
0.0162115
0.0162115
0.0162115
0.0162115
0.0162115
0.0162115
0.0162115
0.0162115
0.0162115
0.0162115
0.0162116
0.0162116
0.0162116
0.0162116
0.0162116
0.0162116
0.0162116
0.0162116
0.0162116
0.0162117
0.0162117
0.0162117
0.0162117
0.0162117
0.0162117
0.0162117
0.0162117
0.0162117
0.0162117
0.0162118
0.0162118
0.0162118
0.0162118
0.0162118
0.0162118
0.0162118
0.0162118
0.0162118
0.0162119
0.0162119
0.0162119
0.0162119
0.0162119
0.0162119
0.0162119
0.0162119
0.0162119
0.016212
0.016212
0.016212
0.016212
0.016212
0.016212
0.016212
0.016212
0.0162121
0.0162121
0.0162121
0.0162121
0.0162121
0.0162121
0.0162121
0.0162121
0.0162122
0.0162122
0.0162122
0.0162122
0.0162122
0.0162122
0.0162122
0.0162122
0.0162123
0.0162123
0.0162123
0.0162123
0.0162123
0.0162123
0.0162123
0.0162123
0.0162124
0.0162124
0.0162124
0.0162124
0.0162124
0.0162124
0.0162124
0.0162125
0.0162125
0.0162125
0.0162125
0.0162125
0.0162125
0.0162125
0.0162125
0.0162126
0.0162126
0.0162126
0.0162126
0.0162126
0.0162126
0.0162126
0.0162127
0.0162127
0.0162127
0.0162127
0.0162127
0.0162127
0.0162127
0.0162128
0.0162128
0.0162128
0.0162128
0.0162128
0.0162128
0.0162129
0.0162129
0.0162129
0.0162129
0.0162129
0.0162129
0.0162129
0.016213
0.016213
0.016213
0.016213
0.016213
0.016213
0.016213
0.0162131
0.0162131
0.0162131
0.0162131
0.0162131
0.0162131
0.0162132
0.0162132
0.0162132
0.0162132
0.0162132
0.0162132
0.0162133
0.0162133
0.0162133
0.0162133
0.0162133
0.0162133
0.0162133
0.0162134
0.0162134
0.0162134
0.0162134
0.0162134
0.0162134
0.0162135
0.0162135
0.0162135
0.0162135
0.0162135
0.0162135
0.0162136
0.0162136
0.0162136
0.0162136
0.0162136
0.0162136
0.0162137
0.0162137
0.0162137
0.0162137
0.0162137
0.0162137
0.0162138
0.0162138
0.0162138
0.0162138
0.0162138
0.0162139
0.0162139
0.0162139
0.0162139
0.0162139
0.0162139
0.016214
0.016214
0.016214
0.016214
0.016214
0.016214
0.0162141
0.0162141
0.0162141
0.0162141
0.0162141
0.0162142
0.0162142
0.0162142
0.0162142
0.0162142
0.0162142
0.0162143
0.0162143
0.0162143
0.0162143
0.0162143
0.0162144
0.0162144
0.0162144
0.0162144
0.0162144
0.0162145
0.0162145
0.0162145
0.0162145
0.0162145
0.0162145
0.0162146
0.0162146
0.0162146
0.0162146
0.0162146
0.0162147
0.0162147
0.0162147
0.0162147
0.0162147
0.0162148
0.0162148
0.0162148
0.0162148
0.0162148
0.0162149
0.0162149
0.0162149
0.0162149
0.0162149
0.016215
0.016215
0.016215
0.016215
0.016215
0.0162151
0.0162151
0.0162151
0.0162151
0.0162151
0.0162152
0.0162152
0.0162152
0.0162152
0.0162152
0.0162153
0.0162153
0.0162153
0.0162153
0.0162153
0.0162154
0.0162154
0.0162154
0.0162154
0.0162154
0.0162155
0.0162155
0.0162155
0.0162155
0.0162155
0.0162156
0.0162156
0.0162156
0.0162156
0.0162156
0.0162157
0.0162157
0.0162157
0.0162157
0.0162157
0.0162158
0.0162158
0.0162158
0.0162158
0.0162159
0.0162159
0.0162159
0.0162159
0.0162159
0.016216
0.016216
0.016216
0.016216
0.016216
0.0162161
0.0162161
0.0162161
0.0162161
0.0162162
0.0162162
0.0162162
0.0162162
0.0162162
0.0162163
0.0162163
0.0162163
0.0162163
0.0162164
0.0162164
0.0162164
0.0162164
0.0162164
0.0162165
0.0162165
0.0162165
0.0162165
0.0162166
0.0162166
0.0162166
0.0162166
0.0162166
0.0162167
0.0162167
0.0162167
0.0162167
0.0162168
0.0162168
0.0162168
0.0162168
0.0162168
0.0162169
0.0162169
0.0162169
0.0162169
0.016217
0.016217
0.016217
0.016217
0.0162171
0.0162171
0.0162171
0.0162171
0.0162171
0.0162172
0.0162172
0.0162172
0.0162172
0.0162173
0.0162173
0.0162173
0.0162173
0.0162174
0.0162174
0.0162174
0.0162174
0.0162175
0.0162175
0.0162175
0.0162175
0.0162175
0.0162176
0.0162176
0.0162176
0.0162176
0.0162177
0.0162177
0.0162177
0.0162177
0.0162178
0.0162178
0.0162178
0.0162178
0.0162179
0.0162179
0.0162179
0.0162179
0.016218
0.016218
0.016218
0.016218
0.0162181
0.0162181
0.0162181
0.0162181
0.0162182
0.0162182
0.0162182
0.0162182
0.0162182
0.0162183
0.0162183
0.0162183
0.0162183
0.0162184
0.0162184
0.0162184
0.0162184
0.0162185
0.0162185
0.0162185
0.0162185
0.0162186
0.0162186
0.0162186
0.0162186
0.0162187
0.0162187
0.0162187
0.0162187
0.0162188
0.0162188
0.0162188
0.0162188
0.0162189
0.0162189
0.0162189
0.016219
0.016219
0.016219
0.016219
0.0162191
0.0162191
0.0162191
0.0162191
0.0162192
0.0162192
0.0162192
0.0162192
0.0162193
0.0162193
0.0162193
0.0162193
0.0162194
0.0162194
0.0162194
0.0162194
0.0162195
0.0162195
0.0162195
0.0162195
0.0162196
0.0162196
0.0162196
0.0162196
0.0162197
0.0162197
0.0162197
0.0162198
0.0162198
0.0162198
0.0162198
0.0162199
0.0162199
0.0162199
0.0162199
0.01622
0.01622
0.01622
0.01622
0.0162201
0.0162201
0.0162201
0.0162201
0.0162202
0.0162202
0.0162202
0.0162203
0.0162203
0.0162203
0.0162203
0.0162204
0.0162204
0.0162204
0.0162204
0.0162205
0.0162205
0.0162205
0.0162206
0.0162206
0.0162206
0.0162206
0.0162207
0.0162207
0.0162207
0.0162207
0.0162208
0.0162208
0.0162208
0.0162209
0.0162209
0.0162209
0.0162209
0.016221
0.016221
0.016221
0.016221
0.0162211
0.0162211
0.0162211
0.0162212
0.0162212
0.0162212
0.0162212
0.0162213
0.0162213
0.0162213
0.0162213
0.0162214
0.0162214
0.0162214
0.0162215
0.0162215
0.0162215
0.0162215
0.0162216
0.0162216
0.0162216
0.0162217
0.0162217
0.0162217
0.0162217
0.0162218
0.0162218
0.0162218
0.0162219
0.0162219
0.0162219
0.0162219
0.016222
0.016222
0.016222
0.0162221
0.0162221
0.0162221
0.0162221
0.0162222
0.0162222
0.0162222
0.0162222
0.0162223
0.0162223
0.0162223
0.0162224
0.0162224
0.0162224
0.0162224
0.0162225
0.0162225
0.0162225
0.0162226
0.0162226
0.0162226
0.0162227
0.0162227
0.0162227
0.0162227
0.0162228
0.0162228
0.0162228
0.0162229
0.0162229
0.0162229
0.0162229
0.016223
0.016223
0.016223
0.0162231
0.0162231
0.0162231
0.0162231
0.0162232
0.0162232
0.0162232
0.0162233
0.0162233
0.0162233
0.0162234
0.0162234
0.0162234
0.0162234
0.0162235
0.0162235
0.0162235
0.0162236
0.0162236
0.0162236
0.0162236
0.0162237
0.0162237
0.0162237
0.0162238
0.0162238
0.0162238
0.0162239
0.0162239
0.0162239
0.0162239
0.016224
0.016224
0.016224
0.0162241
0.0162241
0.0162241
0.0162242
0.0162242
0.0162242
0.0162242
0.0162243
0.0162243
0.0162243
0.0162244
0.0162244
0.0162244
0.0162245
0.0162245
0.0162245
0.0162245
0.0162246
0.0162246
0.0162246
0.0162247
0.0162247
0.0162247
0.0162248
0.0162248
0.0162248
0.0162248
0.0162249
0.0162249
0.0162249
0.016225
0.016225
0.016225
0.0162251
0.0162251
0.0162251
0.0162252
0.0162252
0.0162252
0.0162252
0.0162253
0.0162253
0.0162253
0.0162254
0.0162254
0.0162254
0.0162255
0.0162255
0.0162255
0.0162256
0.0162256
0.0162256
0.0162256
0.0162257
0.0162257
0.0162257
0.0162258
0.0162258
0.0162258
0.0162259
0.0162259
0.0162259
0.016226
0.016226
0.016226
0.016226
0.0162261
0.0162261
0.0162261
0.0162262
0.0162262
0.0162262
0.0162263
0.0162263
0.0162263
0.0162264
0.0162264
0.0162264
0.0162265
0.0162265
0.0162265
0.0162265
0.0162266
0.0162266
0.0162266
0.0162267
0.0162267
0.0162267
0.0162268
0.0162268
0.0162268
0.0162269
0.0162269
0.0162269
0.016227
0.016227
0.016227
0.0162271
0.0162271
0.0162271
0.0162272
0.0162272
0.0162272
0.0162272
0.0162273
0.0162273
0.0162273
0.0162274
0.0162274
0.0162274
0.0162275
0.0162275
0.0162275
0.0162276
0.0162276
0.0162276
0.0162277
0.0162277
0.0162277
0.0162278
0.0162278
0.0162278
0.0162279
0.0162279
0.0162279
0.016228
0.016228
0.016228
0.016228
0.0162281
0.0162281
0.0162281
0.0162282
0.0162282
0.0162282
0.0162283
0.0162283
0.0162283
0.0162284
0.0162284
0.0162284
0.0162285
0.0162285
0.0162285
0.0162286
0.0162286
0.0162286
0.0162287
0.0162287
0.0162287
0.0162288
0.0162288
0.0162288
0.0162289
0.0162289
0.0162289
0.016229
0.016229
0.016229
0.0162291
0.0162291
0.0162291
0.0162292
0.0162292
0.0162292
0.0162293
0.0162293
0.0162293
0.0162294
0.0162294
0.0162294
0.0162295
0.0162295
0.0162295
0.0162296
0.0162296
0.0162296
0.0162296
0.0162297
0.0162297
0.0162297
0.0162298
0.0162298
0.0162298
0.0162299
0.0162299
0.0162299
0.01623
0.01623
0.01623
0.0162301
0.0162301
0.0162301
0.0162302
0.0162302
0.0162302
0.0162303
0.0162303
0.0162303
0.0162304
0.0162304
0.0162304
0.0162305
0.0162305
0.0162305
0.0162306
0.0162306
0.0162306
0.0162307
0.0162307
0.0162307
0.0162308
0.0162308
0.0162308
0.0162309
0.0162309
0.016231
0.016231
0.016231
0.0162311
0.0162311
0.0162311
0.0162312
0.0162312
0.0162312
0.0162313
0.0162313
0.0162313
0.0162314
0.0162314
0.0162314
0.0162315
0.0162315
0.0162315
0.0162316
0.0162316
0.0162316
0.0162317
0.0162317
0.0162317
0.0162318
0.0162318
0.0162318
0.0162319
0.0162319
0.0162319
0.016232
0.016232
0.016232
0.0162321
0.0162321
0.0162321
0.0162322
0.0162322
0.0162322
0.0162323
0.0162323
0.0162323
0.0162324
0.0162324
0.0162324
0.0162325
0.0162325
0.0162325
0.0162326
0.0162326
0.0162326
0.0162327
0.0162327
0.0162328
0.0162328
0.0162328
0.0162329
0.0162329
0.0162329
0.016233
0.016233
0.016233
0.0162331
0.0162331
0.0162331
0.0162332
0.0162332
0.0162332
0.0162333
0.0162333
0.0162333
0.0162334
0.0162334
0.0162334
0.0162335
0.0162335
0.0162335
0.0162336
0.0162336
0.0162336
0.0162337
0.0162337
0.0162338
0.0162338
0.0162338
0.0162339
0.0162339
0.0162339
0.016234
0.016234
0.016234
0.0162341
0.0162341
0.0162341
0.0162342
0.0162342
0.0162342
0.0162343
0.0162343
0.0162343
0.0162344
0.0162344
0.0162345
0.0162345
0.0162345
0.0162346
0.0162346
0.0162346
0.0162347
0.0162347
0.0162347
0.0162348
0.0162348
0.0162348
0.0162349
0.0162349
0.0162349
0.016235
0.016235
0.016235
0.0162351
0.0162351
0.0162352
0.0162352
0.0162352
0.0162353
0.0162353
0.0162353
0.0162354
0.0162354
0.0162354
0.0162355
0.0162355
0.0162355
0.0162356
0.0162356
0.0162356
0.0162357
0.0162357
0.0162358
0.0162358
0.0162358
0.0162359
0.0162359
0.0162359
0.016236
0.016236
0.016236
0.0162361
0.0162361
0.0162361
0.0162362
0.0162362
0.0162362
0.0162363
0.0162363
0.0162364
0.0162364
0.0162364
0.0162365
0.0162365
0.0162365
0.0162366
0.0162366
0.0162366
0.0162367
0.0162367
0.0162367
0.0162368
0.0162368
0.0162369
0.0162369
0.0162369
0.016237
0.016237
0.016237
0.0162371
0.0162371
0.0162371
0.0162372
0.0162372
0.0162372
0.0162373
0.0162373
0.0162374
0.0162374
0.0162374
0.0162375
0.0162375
0.0162375
0.0162376
0.0162376
0.0162376
0.0162377
0.0162377
0.0162377
0.0162378
0.0162378
0.0162379
0.0162379
0.0162379
0.016238
0.016238
0.016238
0.0162381
0.0162381
0.0162381
0.0162382
0.0162382
0.0162383
0.0162383
0.0162383
0.0162384
0.0162384
0.0162384
0.0162385
0.0162385
0.0162385
0.0162386
0.0162386
0.0162386
0.0162387
0.0162387
0.0162388
0.0162388
0.0162388
0.0162389
0.0162389
0.0162389
0.016239
0.016239
0.016239
0.0162391
0.0162391
0.0162392
0.0162392
0.0162392
0.0162393
0.0162393
0.0162393
0.0162394
0.0162394
0.0162394
0.0162395
0.0162395
0.0162396
0.0162396
0.0162396
0.0162397
0.0162397
0.0162397
0.0162398
0.0162398
0.0162398
0.0162399
0.0162399
0.01624
0.01624
0.01624
0.0162401
0.0162401
0.0162401
0.0162402
0.0162402
0.0162402
0.0162403
0.0162403
0.0162404
0.0162404
0.0162404
0.0162405
0.0162405
0.0162405
0.0162406
0.0162406
0.0162407
0.0162407
0.0162407
0.0162408
0.0162408
0.0162408
0.0162409
0.0162409
0.0162409
0.016241
0.016241
0.0162411
0.0162411
0.0162411
0.0162412
0.0162412
0.0162412
0.0162413
0.0162413
0.0162413
0.0162414
0.0162414
0.0162415
0.0162415
0.0162415
0.0162416
0.0162416
0.0162416
0.0162417
0.0162417
0.0162418
0.0162418
0.0162418
0.0162419
0.0162419
0.0162419
0.016242
0.016242
0.016242
0.0162421
0.0162421
0.0162422
0.0162422
0.0162422
0.0162423
0.0162423
0.0162423
0.0162424
0.0162424
0.0162425
0.0162425
0.0162425
0.0162426
0.0162426
0.0162426
0.0162427
0.0162427
0.0162428
0.0162428
0.0162428
0.0162429
0.0162429
0.0162429
0.016243
0.016243
0.016243
0.0162431
0.0162431
0.0162432
0.0162432
0.0162432
0.0162433
0.0162433
