0.5
0.495025
0.490099
0.485223
0.480395
0.475615
0.470882
0.466197
0.461558
0.456966
0.452419
0.447917
0.44346
0.439048
0.434679
0.430354
0.426072
0.421832
0.417635
0.41348
0.409365
0.405292
0.401259
0.397267
0.393314
0.3894
0.385526
0.38169
0.377892
0.374132
0.370409
0.366723
0.363075
0.359462
0.355885
0.352344
0.348838
0.345367
0.341931
0.338528
0.33516
0.331825
0.328523
0.325255
0.322018
0.318814
0.315642
0.312501
0.309392
0.306313
0.303265
0.300248
0.29726
0.294302
0.291374
0.288475
0.285605
0.282763
0.279949
0.277164
0.274406
0.271675
0.268972
0.266296
0.263646
0.261023
0.258426
0.255854
0.253309
0.250788
0.248293
0.245822
0.243376
0.240955
0.238557
0.236184
0.233834
0.231507
0.229204
0.226923
0.224665
0.22243
0.220217
0.218026
0.215857
0.213709
0.211583
0.209478
0.207394
0.20533
0.203288
0.201265
0.199263
0.197281
0.195318
0.193375
0.191452
0.189548
0.187662
0.185796
0.183948
0.182119
0.180308
0.178516
0.176741
0.174984
0.173245
0.171523
0.169818
0.168131
0.166461
0.164807
0.163171
0.161551
0.159947
0.15836
0.156789
0.155234
0.153695
0.152172
0.150664
0.149172
0.147696
0.146234
0.144789
0.143358
0.141942
0.140541
0.139156
0.137785
0.136428
0.135087
0.13376
0.132447
0.131149
0.129865
0.128596
0.127341
0.1261
0.124874
0.123661
0.122463
0.121279
0.12011
0.118954
0.117812
0.116685
0.115571
0.114472
0.113387
0.112316
0.111259
0.110217
0.109188
0.108174
0.107175
0.106189
0.105218
0.104261
0.103319
0.102391
0.101477
0.100578
0.0996939
0.0988242
0.0979692
0.0971288
0.0963031
0.0954922
0.0946961
0.0939147
0.0931482
0.0923964
0.0916595
0.0909374
0.0902302
0.0895377
0.08886
0.088197
0.0875488
0.0869152
0.0862961
0.0856917
0.0851016
0.0845259
0.0839645
0.0834172
0.082884
0.0823646
0.0818591
0.0813671
0.0808886
0.0804235
0.0799715
0.0795324
0.0791061
0.0786923
0.0782909
0.0779017
0.0775244
0.0771588
0.0768047
0.0764619
0.07613
0.075809
0.0754985
0.0751982
0.0749081
0.0746277
0.0743568
0.0740953
0.0738428
0.0735992
0.0733641
0.0731373
0.0729186
0.0727077
0.0725044
0.0723085
0.0721197
0.0719379
0.0717627
0.0715939
0.0714314
0.071275
0.0711243
0.0709793
0.0708397
0.0707054
0.0705761
0.0704516
0.0703318
0.0702166
0.0701057
0.0699989
0.0698962
0.0697973
0.0697022
0.0696106
0.0695224
0.0694376
0.0693559
0.0692772
0.0692015
0.0691286
0.0690583
0.0689906
0.0689254
0.0688625
0.068802
0.0687435
0.0686872
0.0686329
0.0685805
0.0685299
0.0684811
0.0684339
0.0683884
0.0683444
0.0683019
0.0682607
0.068221
0.0681825
0.0681453
0.0681092
0.0680743
0.0680404
0.0680076
0.0679758
0.0679449
0.0679149
0.0678858
0.0678576
0.0678301
0.0678033
0.0677773
0.067752
0.0677273
0.0677033
0.0676798
0.067657
0.0676347
0.0676129
0.0675916
0.0675708
0.0675504
0.0675305
0.067511
0.0674919
0.0674732
0.0674549
0.0674369
0.0674192
0.0674018
0.0673848
0.067368
0.0673515
0.0673353
0.0673193
0.0673036
0.0672881
0.0672728
0.0672577
0.0672428
0.0672281
0.0672136
0.0671993
0.0671851
0.0671711
0.0671572
0.0671435
0.0671299
0.0671165
0.0671032
0.06709
0.0670769
0.0670639
0.067051
0.0670382
0.0670255
0.0670129
0.0670004
0.066988
0.0669756
0.0669633
0.0669511
0.066939
0.0669269
0.0669149
0.0669029
0.066891
0.0668792
0.0668674
0.0668556
0.0668439
0.0668322
0.0668206
0.066809
0.0667975
0.066786
0.0667745
0.0667631
0.0667516
0.0667403
0.0667289
0.0667176
0.0667063
0.066695
0.0666838
0.0666725
0.0666613
0.0666501
0.066639
0.0666278
0.0666167
0.0666056
0.0665945
0.0665834
0.0665723
0.0665612
0.0665502
0.0665391
0.0665281
0.0665171
0.0665061
0.0664951
0.0664841
0.0664731
0.0664622
0.0664512
0.0664402
0.0664293
0.0664184
0.0664074
0.0663965
0.0663856
0.0663746
0.0663637
0.0663528
0.0663419
0.066331
0.0663201
0.0663092
0.0662983
0.0662875
0.0662766
0.0662657
0.0662548
0.0662439
0.0662331
0.0662222
0.0662113
0.0662005
0.0661896
0.0661787
0.0661679
0.066157
0.0661461
0.0661353
0.0661244
0.0661136
0.0661027
0.0660919
0.066081
0.0660702
0.0660593
0.0660484
0.0660376
0.0660267
0.0660159
0.066005
0.0659942
0.0659833
0.0659725
0.0659616
0.0659508
0.0659399
0.0659291
0.0659182
0.0659074
0.0658965
0.0658857
0.0658748
0.065864
0.0658531
0.0658422
0.0658314
0.0658205
0.0658097
0.0657988
0.065788
0.0657771
0.0657662
0.0657554
0.0657445
0.0657337
0.0657228
0.0657119
0.0657011
0.0656902
0.0656793
0.0656685
0.0656576
0.0656468
0.0656359
0.065625
0.0656141
0.0656033
0.0655924
0.0655815
0.0655707
0.0655598
0.0655489
0.065538
0.0655272
0.0655163
0.0655054
0.0654945
0.0654837
0.0654728
0.0654619
0.065451
0.0654401
0.0654292
0.0654184
0.0654075
0.0653966
0.0653857
0.0653748
0.0653639
0.065353
0.0653421
0.0653312
0.0653203
0.0653094
0.0652985
0.0652876
0.0652767
0.0652658
0.0652549
0.065244
0.0652331
0.0652222
0.0652113
0.0652004
0.0651895
0.0651786
0.0651677
0.0651568
0.0651459
0.065135
0.065124
0.0651131
0.0651022
0.0650913
0.0650804
0.0650695
0.0650585
0.0650476
0.0650367
0.0650258
0.0650148
0.0650039
0.064993
0.064982
0.0649711
0.0649602
0.0649492
0.0649383
0.0649274
0.0649164
0.0649055
0.0648946
0.0648836
0.0648727
0.0648617
0.0648508
0.0648398
0.0648289
0.0648179
0.064807
0.064796
0.0647851
0.0647741
0.0647632
0.0647522
0.0647412
0.0647303
0.0647193
0.0647083
0.0646974
0.0646864
0.0646754
0.0646645
0.0646535
0.0646425
0.0646315
0.0646206
0.0646096
0.0645986
0.0645876
0.0645766
0.0645656
0.0645547
0.0645437
0.0645327
0.0645217
0.0645107
0.0644997
0.0644887
0.0644777
0.0644667
0.0644557
0.0644447
0.0644337
0.0644227
0.0644117
0.0644007
0.0643896
0.0643786
0.0643676
0.0643566
0.0643456
0.0643345
0.0643235
0.0643125
0.0643015
0.0642904
0.0642794
0.0642684
0.0642573
0.0642463
0.0642353
0.0642242
0.0642132
0.0642021
0.0641911
0.06418
0.064169
0.0641579
0.0641469
0.0641358
0.0641248
0.0641137
0.0641026
0.0640916
0.0640805
0.0640694
0.0640584
0.0640473
0.0640362
0.0640251
0.064014
0.064003
0.0639919
0.0639808
0.0639697
0.0639586
0.0639475
0.0639364
0.0639253
0.0639142
0.0639031
0.063892
0.0638809
0.0638698
0.0638587
0.0638476
0.0638365
0.0638253
0.0638142
0.0638031
0.063792
0.0637808
0.0637697
0.0637586
0.0637474
0.0637363
0.0637252
0.063714
0.0637029
0.0636917
0.0636806
0.0636694
0.0636583
0.0636471
0.0636359
0.0636248
0.0636136
0.0636025
0.0635913
0.0635801
0.0635689
0.0635578
0.0635466
0.0635354
0.0635242
0.063513
0.0635018
0.0634906
0.0634794
0.0634682
0.063457
0.0634458
0.0634346
0.0634234
0.0634122
0.063401
0.0633898
0.0633786
0.0633673
0.0633561
0.0633449
0.0633337
0.0633224
0.0633112
0.0632999
0.0632887
0.0632775
0.0632662
0.063255
0.0632437
0.0632325
0.0632212
0.0632099
0.0631987
0.0631874
0.0631761
0.0631649
0.0631536
0.0631423
0.063131
0.0631197
0.0631085
0.0630972
0.0630859
0.0630746
0.0630633
0.063052
0.0630407
0.0630294
0.0630181
0.0630067
0.0629954
0.0629841
0.0629728
0.0629615
0.0629501
0.0629388
0.0629275
0.0629161
0.0629048
0.0628934
0.0628821
0.0628707
0.0628594
0.062848
0.0628367
0.0628253
0.062814
0.0628026
0.0627912
0.0627798
0.0627685
0.0627571
0.0627457
0.0627343
0.0627229
0.0627115
0.0627001
0.0626887
0.0626773
0.0626659
0.0626545
0.0626431
0.0626317
0.0626203
0.0626089
0.0625974
0.062586
0.0625746
0.0625632
0.0625517
0.0625403
0.0625288
0.0625174
0.0625059
0.0624945
0.062483
0.0624716
0.0624601
0.0624486
0.0624372
0.0624257
0.0624142
0.0624027
0.0623913
0.0623798
0.0623683
0.0623568
0.0623453
0.0623338
0.0623223
0.0623108
0.0622993
0.0622878
0.0622763
0.0622648
0.0622532
0.0622417
0.0622302
0.0622186
0.0622071
0.0621956
0.062184
0.0621725
0.0621609
0.0621494
0.0621378
0.0621263
0.0621147
0.0621032
0.0620916
0.06208
0.0620684
0.0620569
0.0620453
0.0620337
0.0620221
0.0620105
0.0619989
0.0619873
0.0619757
0.0619641
0.0619525
0.0619409
0.0619293
0.0619177
0.0619061
0.0618944
0.0618828
0.0618712
0.0618595
0.0618479
0.0618363
0.0618246
0.061813
0.0618013
0.0617897
0.061778
0.0617663
0.0617547
0.061743
0.0617313
0.0617197
0.061708
0.0616963
0.0616846
0.0616729
0.0616612
0.0616495
0.0616378
0.0616261
0.0616144
0.0616027
0.061591
0.0615793
0.0615676
0.0615559
0.0615441
0.0615324
0.0615207
0.0615089
0.0614972
0.0614855
0.0614737
0.061462
0.0614502
0.0614384
0.0614267
0.0614149
0.0614032
0.0613914
0.0613796
0.0613678
0.0613561
0.0613443
0.0613325
0.0613207
0.0613089
0.0612971
0.0612853
0.0612735
0.0612617
0.0612499
0.0612381
0.0612263
0.0612144
0.0612026
0.0611908
0.061179
0.0611671
0.0611553
0.0611434
0.0611316
0.0611197
0.0611079
0.061096
0.0610842
0.0610723
0.0610605
0.0610486
0.0610367
0.0610248
0.061013
0.0610011
0.0609892
0.0609773
0.0609654
0.0609535
0.0609416
0.0609297
0.0609178
0.0609059
0.060894
0.0608821
0.0608702
0.0608582
0.0608463
0.0608344
0.0608225
0.0608105
0.0607986
0.0607866
0.0607747
0.0607628
0.0607508
0.0607388
0.0607269
0.0607149
0.060703
0.060691
0.060679
0.0606671
0.0606551
0.0606431
0.0606311
0.0606191
0.0606071
0.0605951
0.0605831
0.0605711
0.0605591
0.0605471
0.0605351
0.0605231
0.0605111
0.0604991
0.060487
0.060475
0.060463
0.060451
0.0604389
0.0604269
0.0604148
0.0604028
0.0603907
0.0603787
0.0603666
0.0603546
0.0603425
0.0603305
0.0603184
0.0603063
0.0602942
0.0602822
0.0602701
0.060258
0.0602459
0.0602338
0.0602217
0.0602096
0.0601975
0.0601854
0.0601733
0.0601612
0.0601491
0.060137
0.0601249
0.0601128
0.0601006
0.0600885
0.0600764
0.0600642
0.0600521
0.06004
0.0600278
0.0600157
0.0600035
0.0599914
0.0599792
0.0599671
0.0599549
0.0599427
0.0599306
0.0599184
0.0599062
0.0598941
0.0598819
0.0598697
0.0598575
0.0598453
0.0598331
0.059821
0.0598088
0.0597966
0.0597844
0.0597722
0.0597599
0.0597477
0.0597355
0.0597233
0.0597111
0.0596989
0.0596866
0.0596744
0.0596622
0.05965
0.0596377
0.0596255
0.0596132
0.059601
0.0595887
0.0595765
0.0595642
0.059552
0.0595397
0.0595275
0.0595152
0.0595029
0.0594907
0.0594784
0.0594661
0.0594538
0.0594416
0.0594293
0.059417
0.0594047
0.0593924
0.0593801
0.0593678
0.0593555
0.0593432
0.0593309
0.0593186
0.0593063
0.059294
0.0592817
0.0592694
0.059257
0.0592447
0.0592324
0.0592201
0.0592077
0.0591954
0.0591831
0.0591707
0.0591584
0.0591461
0.0591337
0.0591214
0.059109
0.0590967
0.0590843
0.0590719
0.0590596
0.0590472
0.0590349
0.0590225
0.0590101
0.0589978
0.0589854
0.058973
0.0589606
0.0589482
0.0589359
0.0589235
0.0589111
0.0588987
0.0588863
0.0588739
0.0588615
0.0588491
0.0588367
0.0588243
0.0588119
0.0587995
0.0587871
0.0587747
0.0587622
0.0587498
0.0587374
0.058725
0.0587126
0.0587001
0.0586877
0.0586753
0.0586628
0.0586504
0.058638
0.0586255
0.0586131
0.0586007
0.0585882
0.0585758
0.0585633
0.0585509
0.0585384
0.058526
0.0585135
0.058501
0.0584886
0.0584761
0.0584637
0.0584512
0.0584387
0.0584263
0.0584138
0.0584013
0.0583888
0.0583764
0.0583639
0.0583514
0.0583389
0.0583264
0.0583139
0.0583015
0.058289
0.0582765
0.058264
0.0582515
0.058239
0.0582265
0.058214
0.0582015
0.058189
0.0581765
0.058164
0.0581515
0.058139
0.0581264
0.0581139
0.0581014
0.0580889
0.0580764
0.0580639
0.0580513
0.0580388
0.0580263
0.0580138
0.0580013
0.0579887
0.0579762
0.0579637
0.0579511
0.0579386
0.0579261
0.0579135
0.057901
0.0578885
0.0578759
0.0578634
0.0578508
0.0578383
0.0578257
0.0578132
0.0578007
0.0577881
0.0577756
0.057763
0.0577505
0.0577379
0.0577254
0.0577128
0.0577002
0.0576877
0.0576751
0.0576626
0.05765
0.0576374
0.0576249
0.0576123
0.0575998
0.0575872
0.0575746
0.0575621
0.0575495
0.0575369
0.0575244
0.0575118
0.0574992
0.0574866
0.0574741
0.0574615
0.0574489
0.0574364
0.0574238
0.0574112
0.0573986
0.057386
0.0573735
0.0573609
0.0573483
0.0573357
0.0573231
0.0573106
0.057298
0.0572854
0.0572728
0.0572602
0.0572477
0.0572351
0.0572225
0.0572099
0.0571973
0.0571847
0.0571721
0.0571596
0.057147
0.0571344
0.0571218
0.0571092
0.0570966
0.057084
0.0570714
0.0570589
0.0570463
0.0570337
0.0570211
0.0570085
0.0569959
0.0569833
0.0569707
0.0569581
0.0569456
0.056933
0.0569204
0.0569078
0.0568952
0.0568826
0.05687
0.0568574
0.0568448
0.0568322
0.0568197
0.0568071
0.0567945
0.0567819
0.0567693
0.0567567
0.0567441
0.0567315
0.056719
0.0567064
0.0566938
0.0566812
0.0566686
0.056656
0.0566434
0.0566309
0.0566183
0.0566057
0.0565931
0.0565805
0.0565679
0.0565554
0.0565428
0.0565302
0.0565176
0.056505
0.0564925
0.0564799
0.0564673
0.0564547
0.0564421
0.0564296
0.056417
0.0564044
0.0563918
0.0563793
0.0563667
0.0563541
0.0563416
0.056329
0.0563164
0.0563039
0.0562913
0.0562787
0.0562662
0.0562536
0.056241
0.0562285
0.0562159
0.0562034
0.0561908
0.0561783
0.0561657
0.0561531
0.0561406
0.056128
0.0561155
0.0561029
0.0560904
0.0560779
0.0560653
0.0560528
0.0560402
0.0560277
0.0560151
0.0560026
0.0559901
0.0559775
0.055965
0.0559525
0.0559399
0.0559274
0.0559149
0.0559024
0.0558898
0.0558773
0.0558648
0.0558523
0.0558398
0.0558273
0.0558147
0.0558022
0.0557897
0.0557772
0.0557647
0.0557522
0.0557397
0.0557272
0.0557147
0.0557022
0.0556897
0.0556772
0.0556647
0.0556523
0.0556398
0.0556273
0.0556148
0.0556023
0.0555899
0.0555774
0.0555649
0.0555524
0.05554
0.0555275
0.055515
0.0555026
0.0554901
0.0554777
0.0554652
0.0554528
0.0554403
0.0554279
0.0554154
0.055403
0.0553905
0.0553781
0.0553657
0.0553532
0.0553408
0.0553284
0.055316
0.0553036
0.0552911
0.0552787
0.0552663
0.0552539
0.0552415
0.0552291
0.0552167
0.0552043
0.0551919
0.0551795
0.0551671
0.0551547
0.0551424
0.05513
0.0551176
0.0551052
0.0550929
0.0550805
0.0550681
0.0550558
0.0550434
0.055031
0.0550187
0.0550063
0.054994
0.0549817
0.0549693
0.054957
0.0549447
0.0549323
0.05492
0.0549077
0.0548954
0.0548831
0.0548707
0.0548584
0.0548461
0.0548338
0.0548215
0.0548092
0.054797
0.0547847
0.0547724
0.0547601
0.0547478
0.0547356
0.0547233
0.054711
0.0546988
0.0546865
0.0546743
0.054662
0.0546498
0.0546375
0.0546253
0.0546131
0.0546008
0.0545886
0.0545764
0.0545642
0.054552
0.0545398
0.0545276
0.0545154
0.0545032
0.054491
0.0544788
0.0544666
0.0544544
0.0544423
0.0544301
0.0544179
0.0544058
0.0543936
0.0543815
0.0543693
0.0543572
0.054345
0.0543329
0.0543208
0.0543086
0.0542965
0.0542844
0.0542723
0.0542602
0.0542481
0.054236
0.0542239
0.0542118
0.0541997
0.0541877
0.0541756
0.0541635
0.0541515
0.0541394
0.0541273
0.0541153
0.0541033
0.0540912
0.0540792
0.0540672
0.0540551
0.0540431
0.0540311
0.0540191
0.0540071
0.0539951
0.0539831
0.0539711
0.0539591
0.0539471
0.0539352
0.0539232
0.0539112
0.0538993
0.0538873
0.0538754
0.0538635
0.0538515
0.0538396
0.0538277
0.0538157
0.0538038
0.0537919
0.05378
0.0537681
0.0537562
0.0537443
0.0537325
0.0537206
0.0537087
0.0536969
0.053685
0.0536732
0.0536613
0.0536495
0.0536376
0.0536258
0.053614
0.0536022
0.0535904
0.0535786
0.0535668
0.053555
0.0535432
0.0535314
0.0535196
0.0535078
0.0534961
0.0534843
0.0534726
0.0534608
0.0534491
0.0534374
0.0534256
0.0534139
0.0534022
0.0533905
0.0533788
0.0533671
0.0533554
0.0533437
0.053332
0.0533204
0.0533087
0.053297
0.0532854
0.0532737
0.0532621
0.0532505
0.0532389
0.0532272
0.0532156
0.053204
0.0531924
0.0531808
0.0531692
0.0531577
0.0531461
0.0531345
0.053123
0.0531114
0.0530999
0.0530883
0.0530768
0.0530653
0.0530537
0.0530422
0.0530307
0.0530192
0.0530077
0.0529962
0.0529848
0.0529733
0.0529618
0.0529504
0.0529389
0.0529275
0.052916
0.0529046
0.0528932
0.0528818
0.0528703
0.0528589
0.0528475
0.0528362
0.0528248
0.0528134
0.052802
0.0527907
0.0527793
0.052768
0.0527566
0.0527453
0.052734
0.0527227
0.0527114
0.0527001
0.0526888
0.0526775
0.0526662
0.0526549
0.0526437
0.0526324
0.0526212
0.0526099
0.0525987
0.0525875
0.0525762
0.052565
0.0525538
0.0525426
0.0525314
0.0525203
0.0525091
0.0524979
0.0524868
0.0524756
0.0524645
0.0524533
0.0524422
0.0524311
0.05242
0.0524089
0.0523978
0.0523867
0.0523756
0.0523645
0.0523534
0.0523424
0.0523313
0.0523203
0.0523093
0.0522982
0.0522872
0.0522762
0.0522652
0.0522542
0.0522432
0.0522322
0.0522213
0.0522103
0.0521993
0.0521884
0.0521775
0.0521665
0.0521556
0.0521447
0.0521338
0.0521229
0.052112
0.0521011
0.0520902
0.0520794
0.0520685
0.0520577
0.0520468
0.052036
0.0520252
0.0520143
0.0520035
0.0519927
0.0519819
0.0519712
0.0519604
0.0519496
0.0519389
0.0519281
0.0519174
0.0519066
0.0518959
0.0518852
0.0518745
0.0518638
0.0518531
0.0518424
0.0518317
0.0518211
0.0518104
0.0517998
0.0517891
0.0517785
0.0517679
0.0517572
0.0517466
0.051736
0.0517255
0.0517149
0.0517043
0.0516937
0.0516832
0.0516726
0.0516621
0.0516516
0.0516411
0.0516305
0.05162
0.0516095
0.0515991
0.0515886
0.0515781
0.0515677
0.0515572
0.0515468
0.0515363
0.0515259
0.0515155
0.0515051
0.0514947
0.0514843
0.0514739
0.0514636
0.0514532
0.0514428
0.0514325
0.0514222
0.0514118
0.0514015
0.0513912
0.0513809
0.0513706
0.0513603
0.0513501
0.0513398
0.0513295
0.0513193
0.0513091
0.0512988
0.0512886
0.0512784
0.0512682
0.051258
0.0512478
0.0512377
0.0512275
0.0512173
0.0512072
0.051197
0.0511869
0.0511768
0.0511667
0.0511566
0.0511465
0.0511364
0.0511263
0.0511163
0.0511062
0.0510962
0.0510861
0.0510761
0.0510661
0.0510561
0.0510461
0.0510361
0.0510261
0.0510161
0.0510062
0.0509962
0.0509863
0.0509763
0.0509664
0.0509565
0.0509466
0.0509367
0.0509268
0.0509169
0.050907
0.0508972
0.0508873
0.0508775
0.0508677
0.0508578
0.050848
0.0508382
0.0508284
0.0508186
0.0508088
0.0507991
0.0507893
0.0507796
0.0507698
0.0507601
0.0507504
0.0507407
0.050731
0.0507213
0.0507116
0.0507019
0.0506922
0.0506826
0.0506729
0.0506633
0.0506537
0.050644
0.0506344
0.0506248
0.0506152
0.0506057
0.0505961
0.0505865
0.050577
0.0505674
0.0505579
0.0505484
0.0505389
0.0505294
0.0505199
0.0505104
0.0505009
0.0504914
0.050482
0.0504725
0.0504631
0.0504536
0.0504442
0.0504348
0.0504254
0.050416
0.0504066
0.0503973
0.0503879
0.0503785
0.0503692
0.0503599
0.0503505
0.0503412
0.0503319
0.0503226
0.0503133
0.050304
0.0502948
0.0502855
0.0502763
0.050267
0.0502578
0.0502486
0.0502394
0.0502302
0.050221
0.0502118
0.0502026
0.0501934
0.0501843
0.0501751
0.050166
0.0501569
0.0501478
0.0501386
0.0501296
0.0501205
0.0501114
0.0501023
0.0500932
0.0500842
0.0500752
0.0500661
0.0500571
0.0500481
0.0500391
0.0500301
0.0500211
0.0500121
0.0500032
0.0499942
0.0499853
0.0499763
0.0499674
0.0499585
0.0499496
0.0499407
0.0499318
0.0499229
0.049914
0.0499052
0.0498963
0.0498875
0.0498786
0.0498698
0.049861
0.0498522
0.0498434
0.0498346
0.0498258
0.049817
0.0498083
0.0497995
0.0497908
0.0497821
0.0497733
0.0497646
0.0497559
0.0497472
0.0497386
0.0497299
0.0497212
0.0497126
0.0497039
0.0496953
0.0496866
0.049678
0.0496694
0.0496608
0.0496522
0.0496436
0.0496351
0.0496265
0.049618
0.0496094
0.0496009
0.0495924
0.0495838
0.0495753
0.0495668
0.0495583
0.0495499
0.0495414
0.0495329
0.0495245
0.049516
0.0495076
0.0494992
0.0494908
0.0494824
0.049474
0.0494656
0.0494572
0.0494488
0.0494405
0.0494321
0.0494238
0.0494155
0.0494071
0.0493988
0.0493905
0.0493822
0.0493739
0.0493657
0.0493574
0.0493491
0.0493409
0.0493326
0.0493244
0.0493162
0.049308
0.0492998
0.0492916
0.0492834
0.0492752
0.0492671
0.0492589
0.0492507
0.0492426
0.0492345
0.0492264
0.0492182
0.0492101
0.049202
0.049194
0.0491859
0.0491778
0.0491697
0.0491617
0.0491537
0.0491456
0.0491376
0.0491296
0.0491216
0.0491136
0.0491056
0.0490976
0.0490896
0.0490817
0.0490737
0.0490658
0.0490578
0.0490499
0.049042
0.0490341
0.0490262
0.0490183
0.0490104
0.0490025
0.0489947
0.0489868
0.048979
0.0489711
0.0489633
0.0489555
0.0489477
0.0489399
0.0489321
0.0489243
0.0489165
0.0489087
0.048901
0.0488932
0.0488855
0.0488777
0.04887
0.0488623
0.0488546
0.0488469
0.0488392
0.0488315
0.0488238
0.0488162
0.0488085
0.0488009
0.0487932
0.0487856
0.048778
0.0487704
0.0487628
0.0487552
0.0487476
0.04874
0.0487324
0.0487248
0.0487173
0.0487097
0.0487022
0.0486947
0.0486871
0.0486796
0.0486721
0.0486646
0.0486571
0.0486497
0.0486422
0.0486347
0.0486273
0.0486198
0.0486124
0.0486049
0.0485975
0.0485901
0.0485827
0.0485753
0.0485679
0.0485605
0.0485531
0.0485458
0.0485384
0.0485311
0.0485237
0.0485164
0.0485091
0.0485017
0.0484944
0.0484871
0.0484798
0.0484726
0.0484653
0.048458
0.0484507
0.0484435
0.0484362
0.048429
0.0484218
0.0484145
0.0484073
0.0484001
0.0483929
0.0483857
0.0483786
0.0483714
0.0483642
0.048357
0.0483499
0.0483428
0.0483356
0.0483285
0.0483214
0.0483143
0.0483071
0.0483
0.048293
0.0482859
0.0482788
0.0482717
0.0482647
0.0482576
0.0482506
0.0482435
0.0482365
0.0482295
0.0482225
0.0482155
0.0482085
0.0482015
0.0481945
0.0481875
0.0481805
0.0481736
0.0481666
0.0481597
0.0481527
0.0481458
0.0481389
0.048132
0.0481251
0.0481182
0.0481113
0.0481044
0.0480975
0.0480906
0.0480838
0.0480769
0.04807
0.0480632
0.0480564
0.0480495
0.0480427
0.0480359
0.0480291
0.0480223
0.0480155
0.0480087
0.0480019
0.0479952
0.0479884
0.0479816
0.0479749
0.0479681
0.0479614
0.0479547
0.0479479
0.0479412
0.0479345
0.0479278
0.0479211
0.0479144
0.0479078
0.0479011
0.0478944
0.0478878
0.0478811
0.0478745
0.0478678
0.0478612
0.0478546
0.0478479
0.0478413
0.0478347
0.0478281
0.0478215
0.0478149
0.0478084
0.0478018
0.0477952
0.0477887
0.0477821
0.0477756
0.047769
0.0477625
0.047756
0.0477495
0.0477429
0.0477364
0.0477299
0.0477234
0.047717
0.0477105
0.047704
0.0476975
0.0476911
0.0476846
0.0476782
0.0476717
0.0476653
0.0476589
0.0476525
0.047646
0.0476396
0.0476332
0.0476268
0.0476204
0.0476141
0.0476077
0.0476013
0.0475949
0.0475886
0.0475822
0.0475759
0.0475696
0.0475632
0.0475569
0.0475506
0.0475443
0.0475379
0.0475316
0.0475253
0.0475191
0.0475128
0.0475065
0.0475002
0.047494
0.0474877
0.0474814
0.0474752
0.0474689
0.0474627
0.0474565
0.0474503
0.047444
0.0474378
0.0474316
0.0474254
0.0474192
0.047413
0.0474069
0.0474007
0.0473945
0.0473883
0.0473822
0.047376
0.0473699
0.0473637
0.0473576
0.0473515
0.0473453
0.0473392
0.0473331
0.047327
0.0473209
0.0473148
0.0473087
0.0473026
0.0472965
0.0472905
0.0472844
0.0472783
0.0472723
0.0472662
0.0472602
0.0472541
0.0472481
0.0472421
0.047236
0.04723
0.047224
0.047218
0.047212
0.047206
0.0472
0.047194
0.047188
0.047182
0.0471761
0.0471701
0.0471641
0.0471582
0.0471522
0.0471463
0.0471404
0.0471344
0.0471285
0.0471226
0.0471166
0.0471107
0.0471048
0.0470989
0.047093
0.0470871
0.0470812
0.0470754
0.0470695
0.0470636
0.0470577
0.0470519
0.047046
0.0470402
0.0470343
0.0470285
0.0470226
0.0470168
0.047011
0.0470051
0.0469993
0.0469935
0.0469877
0.0469819
0.0469761
0.0469703
0.0469645
0.0469587
0.0469529
0.0469472
0.0469414
0.0469356
0.0469299
0.0469241
0.0469183
0.0469126
0.0469069
0.0469011
0.0468954
0.0468897
0.0468839
0.0468782
0.0468725
0.0468668
0.0468611
0.0468554
0.0468497
0.046844
0.0468383
0.0468326
0.0468269
0.0468213
0.0468156
0.0468099
0.0468043
0.0467986
0.0467929
0.0467873
0.0467817
0.046776
0.0467704
0.0467647
0.0467591
0.0467535
0.0467479
0.0467423
0.0467366
0.046731
0.0467254
0.0467198
0.0467142
0.0467087
0.0467031
0.0466975
0.0466919
0.0466863
0.0466808
0.0466752
0.0466696
0.0466641
0.0466585
0.046653
0.0466474
0.0466419
0.0466364
0.0466308
0.0466253
0.0466198
0.0466143
0.0466087
0.0466032
0.0465977
0.0465922
0.0465867
0.0465812
0.0465757
0.0465702
0.0465647
0.0465593
0.0465538
0.0465483
0.0465428
0.0465374
0.0465319
0.0465264
0.046521
0.0465155
0.0465101
0.0465046
0.0464992
0.0464937
0.0464883
0.0464829
0.0464775
0.046472
0.0464666
0.0464612
0.0464558
0.0464504
0.046445
0.0464396
0.0464342
0.0464288
0.0464234
0.046418
0.0464126
0.0464072
0.0464018
0.0463964
0.0463911
0.0463857
0.0463803
0.046375
0.0463696
0.0463643
0.0463589
0.0463535
0.0463482
0.0463429
0.0463375
0.0463322
0.0463268
0.0463215
0.0463162
0.0463109
0.0463055
0.0463002
0.0462949
0.0462896
0.0462843
0.046279
0.0462737
0.0462684
0.0462631
0.0462578
0.0462525
0.0462472
0.0462419
0.0462366
0.0462313
0.0462261
0.0462208
0.0462155
0.0462102
0.046205
0.0461997
0.0461944
0.0461892
0.0461839
0.0461787
0.0461734
0.0461682
0.0461629
0.0461577
0.0461525
0.0461472
0.046142
0.0461368
0.0461315
0.0461263
0.0461211
0.0461159
0.0461106
0.0461054
0.0461002
0.046095
0.0460898
0.0460846
0.0460794
0.0460742
0.046069
0.0460638
0.0460586
0.0460534
0.0460482
0.046043
0.0460378
0.0460327
0.0460275
0.0460223
0.0460171
0.046012
0.0460068
0.0460016
0.0459964
0.0459913
0.0459861
0.045981
0.0459758
0.0459706
0.0459655
0.0459603
0.0459552
0.04595
0.0459449
0.0459398
0.0459346
0.0459295
0.0459243
0.0459192
0.0459141
0.0459089
0.0459038
0.0458987
0.0458936
0.0458884
0.0458833
0.0458782
0.0458731
0.045868
0.0458629
0.0458577
0.0458526
0.0458475
0.0458424
0.0458373
0.0458322
0.0458271
0.045822
0.0458169
0.0458118
0.0458067
0.0458016
0.0457965
0.0457914
0.0457864
0.0457813
0.0457762
0.0457711
0.045766
0.0457609
0.0457559
0.0457508
0.0457457
0.0457406
0.0457356
0.0457305
0.0457254
0.0457204
0.0457153
0.0457102
0.0457052
0.0457001
0.045695
0.04569
0.0456849
0.0456799
0.0456748
0.0456698
0.0456647
0.0456596
0.0456546
0.0456495
0.0456445
0.0456395
0.0456344
0.0456294
0.0456243
0.0456193
0.0456142
0.0456092
0.0456042
0.0455991
0.0455941
0.045589
0.045584
0.045579
0.0455739
0.0455689
0.0455639
0.0455588
0.0455538
0.0455488
0.0455438
0.0455387
0.0455337
0.0455287
0.0455237
0.0455186
0.0455136
0.0455086
0.0455036
0.0454986
0.0454935
0.0454885
0.0454835
0.0454785
0.0454735
0.0454684
0.0454634
0.0454584
0.0454534
0.0454484
0.0454434
0.0454384
0.0454334
0.0454283
0.0454233
0.0454183
0.0454133
0.0454083
0.0454033
0.0453983
0.0453933
0.0453883
0.0453833
0.0453783
0.0453733
0.0453683
0.0453633
0.0453583
0.0453533
0.0453483
0.0453432
0.0453382
0.0453332
0.0453282
0.0453232
0.0453182
0.0453132
0.0453082
0.0453032
0.0452982
0.0452932
0.0452882
0.0452832
0.0452782
0.0452732
0.0452682
0.0452632
0.0452582
0.0452532
0.0452482
0.0452432
0.0452382
0.0452332
0.0452282
0.0452232
0.0452182
0.0452132
0.0452083
0.0452033
0.0451983
0.0451933
0.0451883
0.0451833
0.0451783
0.0451733
0.0451683
0.0451633
0.0451583
0.0451533
0.0451483
0.0451433
0.0451382
0.0451332
0.0451282
0.0451232
0.0451182
0.0451132
0.0451082
0.0451032
0.0450982
0.0450932
0.0450882
0.0450832
0.0450782
0.0450732
0.0450682
0.0450632
0.0450582
0.0450532
0.0450482
0.0450432
0.0450382
0.0450331
0.0450281
0.0450231
0.0450181
0.0450131
0.0450081
0.0450031
0.0449981
0.044993
0.044988
0.044983
0.044978
0.044973
0.044968
0.0449629
0.0449579
0.0449529
0.0449479
0.0449429
0.0449378
0.0449328
0.0449278
0.0449228
0.0449177
0.0449127
0.0449077
0.0449027
0.0448976
0.0448926
0.0448876
0.0448825
0.0448775
0.0448725
0.0448674
0.0448624
0.0448574
0.0448523
0.0448473
0.0448422
0.0448372
0.0448322
0.0448271
0.0448221
0.044817
0.044812
0.0448069
0.0448019
0.0447968
0.0447918
0.0447867
0.0447817
0.0447766
0.0447715
0.0447665
0.0447614
0.0447564
0.0447513
0.0447462
0.0447412
0.0447361
0.0447311
0.044726
0.0447209
0.0447158
0.0447108
0.0447057
0.0447006
0.0446955
0.0446905
0.0446854
0.0446803
0.0446752
0.0446701
0.0446651
0.04466
0.0446549
0.0446498
0.0446447
0.0446396
0.0446345
0.0446294
0.0446243
0.0446192
0.0446141
0.044609
0.0446039
0.0445988
0.0445937
0.0445886
0.0445835
0.0445784
0.0445732
0.0445681
0.044563
0.0445579
0.0445528
0.0445476
0.0445425
0.0445374
0.0445322
0.0445271
0.044522
0.0445169
0.0445117
0.0445066
0.0445014
0.0444963
0.0444911
0.044486
0.0444809
0.0444757
0.0444705
0.0444654
0.0444602
0.0444551
0.0444499
0.0444448
0.0444396
0.0444344
0.0444293
0.0444241
0.0444189
0.0444137
0.0444086
0.0444034
0.0443982
0.044393
0.0443878
0.0443826
0.0443774
0.0443723
0.0443671
0.0443619
0.0443567
0.0443515
0.0443463
0.0443411
0.0443358
0.0443306
0.0443254
0.0443202
0.044315
0.0443098
0.0443045
0.0442993
0.0442941
0.0442889
0.0442836
0.0442784
0.0442732
0.0442679
0.0442627
0.0442574
0.0442522
0.0442469
0.0442417
0.0442364
0.0442312
0.0442259
0.0442207
0.0442154
0.0442101
0.0442049
0.0441996
0.0441943
0.044189
0.0441838
0.0441785
0.0441732
0.0441679
0.0441626
0.0441573
0.044152
0.0441467
0.0441414
0.0441361
0.0441308
0.0441255
0.0441202
0.0441149
0.0441096
0.0441042
0.0440989
0.0440936
0.0440883
0.0440829
0.0440776
0.0440722
0.0440669
0.0440616
0.0440562
0.0440509
0.0440455
0.0440402
0.0440348
0.0440294
0.0440241
0.0440187
0.0440133
0.044008
0.0440026
0.0439972
0.0439918
0.0439865
0.0439811
0.0439757
0.0439703
0.0439649
0.0439595
0.0439541
0.0439487
0.0439433
0.0439379
0.0439324
0.043927
0.0439216
0.0439162
0.0439107
0.0439053
0.0438999
0.0438944
0.043889
0.0438836
0.0438781
0.0438727
0.0438672
0.0438618
0.0438563
0.0438508
0.0438454
0.0438399
0.0438344
0.0438289
0.0438235
0.043818
0.0438125
0.043807
0.0438015
0.043796
0.0437905
0.043785
0.0437795
0.043774
0.0437685
0.043763
0.0437574
0.0437519
0.0437464
0.0437409
0.0437353
0.0437298
0.0437243
0.0437187
0.0437132
0.0437076
0.0437021
0.0436965
0.0436909
0.0436854
0.0436798
0.0436742
0.0436687
0.0436631
0.0436575
0.0436519
0.0436463
0.0436407
0.0436351
0.0436295
0.0436239
0.0436183
0.0436127
0.0436071
0.0436015
0.0435958
0.0435902
0.0435846
0.0435789
0.0435733
0.0435677
0.043562
0.0435564
0.0435507
0.0435451
0.0435394
0.0435337
0.0435281
0.0435224
0.0435167
0.043511
0.0435054
0.0434997
0.043494
0.0434883
0.0434826
0.0434769
0.0434712
0.0434655
0.0434597
0.043454
0.0434483
0.0434426
0.0434369
0.0434311
0.0434254
0.0434196
0.0434139
0.0434081
0.0434024
0.0433966
0.0433909
0.0433851
0.0433793
0.0433736
0.0433678
0.043362
0.0433562
0.0433504
0.0433446
0.0433388
0.043333
0.0433272
0.0433214
0.0433156
0.0433098
0.043304
0.0432981
0.0432923
0.0432865
0.0432806
0.0432748
0.0432689
0.0432631
0.0432572
0.0432514
0.0432455
0.0432397
0.0432338
0.0432279
0.043222
0.0432161
0.0432103
0.0432044
0.0431985
0.0431926
0.0431867
0.0431807
0.0431748
0.0431689
0.043163
0.0431571
0.0431511
0.0431452
0.0431393
0.0431333
0.0431274
0.0431214
0.0431155
0.0431095
0.0431035
0.0430976
0.0430916
0.0430856
0.0430796
0.0430736
0.0430676
0.0430617
0.0430557
0.0430496
0.0430436
0.0430376
0.0430316
0.0430256
0.0430196
0.0430135
0.0430075
0.0430015
0.0429954
0.0429894
0.0429833
0.0429772
0.0429712
0.0429651
0.042959
0.042953
0.0429469
0.0429408
0.0429347
0.0429286
0.0429225
0.0429164
0.0429103
0.0429042
0.0428981
0.042892
0.0428858
0.0428797
0.0428736
0.0428674
0.0428613
0.0428552
0.042849
0.0428428
0.0428367
0.0428305
0.0428243
0.0428182
0.042812
0.0428058
0.0427996
0.0427934
0.0427872
0.042781
0.0427748
0.0427686
0.0427624
0.0427562
0.0427499
0.0427437
0.0427375
0.0427312
0.042725
0.0427187
0.0427125
0.0427062
0.0426999
0.0426937
0.0426874
0.0426811
0.0426748
0.0426686
0.0426623
0.042656
0.0426497
0.0426434
0.042637
0.0426307
0.0426244
0.0426181
0.0426118
0.0426054
0.0425991
0.0425927
0.0425864
0.04258
0.0425737
0.0425673
0.0425609
0.0425546
0.0425482
0.0425418
0.0425354
0.042529
0.0425226
0.0425162
0.0425098
0.0425034
0.042497
0.0424906
0.0424841
0.0424777
0.0424713
0.0424648
0.0424584
0.0424519
0.0424455
0.042439
0.0424325
0.0424261
0.0424196
0.0424131
0.0424066
0.0424001
0.0423936
0.0423871
0.0423806
0.0423741
0.0423676
0.0423611
0.0423546
0.042348
0.0423415
0.042335
0.0423284
0.0423219
0.0423153
0.0423088
0.0423022
0.0422956
0.0422891
0.0422825
0.0422759
0.0422693
0.0422627
0.0422561
0.0422495
0.0422429
0.0422363
0.0422297
0.042223
0.0422164
0.0422098
0.0422031
0.0421965
0.0421898
0.0421832
0.0421765
0.0421699
0.0421632
0.0421565
0.0421498
0.0421432
0.0421365
0.0421298
0.0421231
0.0421164
0.0421097
0.0421029
0.0420962
0.0420895
0.0420828
0.042076
0.0420693
0.0420626
0.0420558
0.0420491
0.0420423
0.0420355
0.0420288
0.042022
0.0420152
0.0420084
0.0420016
0.0419948
0.041988
0.0419812
0.0419744
0.0419676
0.0419608
0.0419539
0.0419471
0.0419403
0.0419334
0.0419266
0.0419197
0.0419129
0.041906
0.0418992
0.0418923
0.0418854
0.0418785
0.0418716
0.0418647
0.0418578
0.0418509
0.041844
0.0418371
0.0418302
0.0418233
0.0418164
0.0418094
0.0418025
0.0417955
0.0417886
0.0417816
0.0417747
0.0417677
0.0417607
0.0417538
0.0417468
0.0417398
0.0417328
0.0417258
0.0417188
0.0417118
0.0417048
0.0416978
0.0416908
0.0416837
0.0416767
0.0416697
0.0416626
0.0416556
0.0416485
0.0416415
0.0416344
0.0416273
0.0416203
0.0416132
0.0416061
0.041599
0.0415919
0.0415848
0.0415777
0.0415706
0.0415635
0.0415564
0.0415492
0.0415421
0.041535
0.0415278
0.0415207
0.0415135
0.0415064
0.0414992
0.0414921
0.0414849
0.0414777
0.0414705
0.0414633
0.0414562
0.041449
0.0414418
0.0414345
0.0414273
0.0414201
0.0414129
0.0414057
0.0413984
0.0413912
0.0413839
0.0413767
0.0413694
0.0413622
0.0413549
0.0413477
0.0413404
0.0413331
0.0413258
0.0413185
0.0413112
0.0413039
0.0412966
0.0412893
0.041282
0.0412747
0.0412673
0.04126
0.0412527
0.0412453
0.041238
0.0412306
0.0412233
0.0412159
0.0412085
0.0412012
0.0411938
0.0411864
0.041179
0.0411716
0.0411642
0.0411568
0.0411494
0.041142
0.0411346
0.0411271
0.0411197
0.0411123
0.0411048
0.0410974
0.0410899
0.0410825
0.041075
0.0410676
0.0410601
0.0410526
0.0410451
0.0410376
0.0410301
0.0410227
0.0410151
0.0410076
0.0410001
0.0409926
0.0409851
0.0409776
0.04097
0.0409625
0.0409549
0.0409474
0.0409398
0.0409323
0.0409247
0.0409171
0.0409096
0.040902
0.0408944
0.0408868
0.0408792
0.0408716
0.040864
0.0408564
0.0408488
0.0408412
0.0408335
0.0408259
0.0408183
0.0408106
0.040803
0.0407953
0.0407877
0.04078
0.0407723
0.0407647
0.040757
0.0407493
0.0407416
0.0407339
0.0407262
0.0407185
0.0407108
0.0407031
0.0406954
0.0406877
0.0406799
0.0406722
0.0406645
0.0406567
0.040649
0.0406412
0.0406335
0.0406257
0.0406179
0.0406102
0.0406024
0.0405946
0.0405868
0.040579
0.0405712
0.0405634
0.0405556
0.0405478
0.04054
0.0405321
0.0405243
0.0405165
0.0405086
0.0405008
0.0404929
0.0404851
0.0404772
0.0404694
0.0404615
0.0404536
0.0404457
0.0404378
0.04043
0.0404221
0.0404142
0.0404063
0.0403983
0.0403904
0.0403825
0.0403746
0.0403667
0.0403587
0.0403508
0.0403428
0.0403349
0.0403269
0.040319
0.040311
0.040303
0.0402951
0.0402871
0.0402791
0.0402711
0.0402631
0.0402551
0.0402471
0.0402391
0.0402311
0.0402231
0.0402151
0.040207
0.040199
0.0401909
0.0401829
0.0401749
0.0401668
0.0401587
0.0401507
0.0401426
0.0401345
0.0401265
0.0401184
0.0401103
0.0401022
0.0400941
0.040086
0.0400779
0.0400698
0.0400617
0.0400535
0.0400454
0.0400373
0.0400292
0.040021
0.0400129
0.0400047
0.0399966
0.0399884
0.0399802
0.0399721
0.0399639
0.0399557
0.0399475
0.0399393
0.0399311
0.0399229
0.0399147
0.0399065
0.0398983
0.0398901
0.0398819
0.0398737
0.0398654
0.0398572
0.0398489
0.0398407
0.0398324
0.0398242
0.0398159
0.0398077
0.0397994
0.0397911
0.0397828
0.0397746
0.0397663
0.039758
0.0397497
0.0397414
0.0397331
0.0397248
0.0397164
0.0397081
0.0396998
0.0396915
0.0396831
0.0396748
0.0396664
0.0396581
0.0396497
0.0396414
0.039633
0.0396246
0.0396163
0.0396079
0.0395995
0.0395911
0.0395827
0.0395743
0.0395659
0.0395575
0.0395491
0.0395407
0.0395323
0.0395239
0.0395154
0.039507
0.0394986
0.0394901
0.0394817
0.0394732
0.0394648
0.0394563
0.0394479
0.0394394
0.0394309
0.0394225
0.039414
0.0394055
0.039397
0.0393885
0.03938
0.0393715
0.039363
0.0393545
0.039346
0.0393374
0.0393289
0.0393204
0.0393118
0.0393033
0.0392948
0.0392862
0.0392777
0.0392691
0.0392605
0.039252
0.0392434
0.0392348
0.0392263
0.0392177
0.0392091
0.0392005
0.0391919
0.0391833
0.0391747
0.0391661
0.0391575
0.0391489
0.0391402
0.0391316
0.039123
0.0391143
0.0391057
0.0390971
0.0390884
0.0390798
0.0390711
0.0390625
0.0390538
0.0390451
0.0390364
0.0390278
0.0390191
0.0390104
0.0390017
0.038993
0.0389843
0.0389756
0.0389669
0.0389582
0.0389495
0.0389408
0.038932
0.0389233
0.0389146
0.0389059
0.0388971
0.0388884
0.0388796
0.0388709
0.0388621
0.0388534
0.0388446
0.0388358
0.0388271
0.0388183
0.0388095
0.0388007
0.0387919
0.0387831
0.0387743
0.0387655
0.0387567
0.0387479
0.0387391
0.0387303
0.0387215
0.0387127
0.0387038
0.038695
0.0386862
0.0386773
0.0386685
0.0386596
0.0386508
0.0386419
0.0386331
0.0386242
0.0386153
0.0386065
0.0385976
0.0385887
0.0385798
0.0385709
0.038562
0.0385532
0.0385443
0.0385354
0.0385264
0.0385175
0.0385086
0.0384997
0.0384908
0.0384819
0.0384729
0.038464
0.0384551
0.0384461
0.0384372
0.0384282
0.0384193
0.0384103
0.0384014
0.0383924
0.0383834
0.0383745
0.0383655
0.0383565
0.0383475
0.0383386
0.0383296
0.0383206
0.0383116
0.0383026
0.0382936
0.0382846
0.0382756
0.0382666
0.0382575
0.0382485
0.0382395
0.0382305
0.0382214
0.0382124
0.0382034
0.0381943
0.0381853
0.0381762
0.0381672
0.0381581
0.0381491
0.03814
0.0381309
0.0381219
0.0381128
0.0381037
0.0380946
0.0380856
0.0380765
0.0380674
0.0380583
0.0380492
0.0380401
0.038031
0.0380219
0.0380128
0.0380037
0.0379945
0.0379854
0.0379763
0.0379672
0.037958
0.0379489
0.0379398
0.0379306
0.0379215
0.0379123
0.0379032
0.037894
0.0378849
0.0378757
0.0378666
0.0378574
0.0378482
0.0378391
0.0378299
0.0378207
0.0378115
0.0378023
0.0377931
0.037784
0.0377748
0.0377656
0.0377564
0.0377472
0.0377379
0.0377287
0.0377195
0.0377103
0.0377011
0.0376919
0.0376826
0.0376734
0.0376642
0.0376549
0.0376457
0.0376365
0.0376272
0.037618
0.0376087
0.0375995
0.0375902
0.037581
0.0375717
0.0375624
0.0375532
0.0375439
0.0375346
0.0375253
0.0375161
0.0375068
0.0374975
0.0374882
0.0374789
0.0374696
0.0374603
0.037451
0.0374417
0.0374324
0.0374231
0.0374138
0.0374045
0.0373952
0.0373859
0.0373765
0.0373672
0.0373579
0.0373486
0.0373392
0.0373299
0.0373206
0.0373112
0.0373019
0.0372925
0.0372832
0.0372738
0.0372645
0.0372551
0.0372458
0.0372364
0.037227
0.0372177
0.0372083
0.0371989
0.0371896
0.0371802
0.0371708
0.0371614
0.037152
0.0371427
0.0371333
0.0371239
0.0371145
0.0371051
0.0370957
0.0370863
0.0370769
0.0370675
0.0370581
0.0370486
0.0370392
0.0370298
0.0370204
0.037011
0.0370016
0.0369921
0.0369827
0.0369733
0.0369638
0.0369544
0.036945
0.0369355
0.0369261
0.0369166
0.0369072
0.0368977
0.0368883
0.0368788
0.0368694
0.0368599
0.0368505
0.036841
0.0368315
0.0368221
0.0368126
0.0368031
0.0367937
0.0367842
0.0367747
0.0367652
0.0367557
0.0367463
0.0367368
0.0367273
0.0367178
0.0367083
0.0366988
0.0366893
0.0366798
0.0366703
0.0366608
0.0366513
0.0366418
0.0366323
0.0366228
0.0366133
0.0366038
0.0365942
0.0365847
0.0365752
0.0365657
0.0365562
0.0365466
0.0365371
0.0365276
0.036518
0.0365085
0.036499
0.0364894
0.0364799
0.0364704
0.0364608
0.0364513
0.0364417
0.0364322
0.0364226
0.0364131
0.0364035
0.036394
0.0363844
0.0363749
0.0363653
0.0363557
0.0363462
0.0363366
0.036327
0.0363175
0.0363079
0.0362983
0.0362888
0.0362792
0.0362696
0.03626
0.0362505
0.0362409
0.0362313
0.0362217
0.0362121
0.0362025
0.036193
0.0361834
0.0361738
0.0361642
0.0361546
0.036145
0.0361354
0.0361258
0.0361162
0.0361066
0.036097
0.0360874
0.0360778
0.0360682
0.0360586
0.036049
0.0360393
0.0360297
0.0360201
0.0360105
0.0360009
0.0359913
0.0359816
0.035972
0.0359624
0.0359528
0.0359432
0.0359335
0.0359239
0.0359143
0.0359046
0.035895
0.0358854
0.0358758
0.0358661
0.0358565
0.0358468
0.0358372
0.0358276
0.0358179
0.0358083
0.0357987
0.035789
0.0357794
0.0357697
0.0357601
0.0357504
0.0357408
0.0357311
0.0357215
0.0357118
0.0357022
0.0356925
0.0356829
0.0356732
0.0356636
0.0356539
0.0356443
0.0356346
0.0356249
0.0356153
0.0356056
0.035596
0.0355863
0.0355766
0.035567
0.0355573
0.0355476
0.035538
0.0355283
0.0355186
0.035509
0.0354993
0.0354896
0.0354799
0.0354703
0.0354606
0.0354509
0.0354413
0.0354316
0.0354219
0.0354122
0.0354026
0.0353929
0.0353832
0.0353735
0.0353638
0.0353542
0.0353445
0.0353348
0.0353251
0.0353154
0.0353058
0.0352961
0.0352864
0.0352767
0.035267
0.0352573
0.0352476
0.035238
0.0352283
0.0352186
0.0352089
0.0351992
0.0351895
0.0351798
0.0351701
0.0351605
0.0351508
0.0351411
0.0351314
0.0351217
0.035112
0.0351023
0.0350926
0.0350829
0.0350732
0.0350635
0.0350539
0.0350442
0.0350345
0.0350248
0.0350151
0.0350054
0.0349957
0.034986
0.0349763
0.0349666
0.0349569
0.0349472
0.0349375
0.0349278
0.0349181
0.0349084
0.0348987
0.0348891
0.0348794
0.0348697
0.03486
0.0348503
0.0348406
0.0348309
0.0348212
0.0348115
0.0348018
0.0347921
0.0347824
0.0347727
0.034763
0.0347533
0.0347436
0.0347339
0.0347242
0.0347145
0.0347048
0.0346951
0.0346854
0.0346758
0.0346661
0.0346564
0.0346467
0.034637
0.0346273
0.0346176
0.0346079
0.0345982
0.0345885
0.0345788
0.0345691
0.0345594
0.0345497
0.0345401
0.0345304
0.0345207
0.034511
0.0345013
0.0344916
0.0344819
0.0344722
0.0344625
0.0344528
0.0344432
0.0344335
0.0344238
0.0344141
0.0344044
0.0343947
0.034385
0.0343754
0.0343657
0.034356
0.0343463
0.0343366
0.0343269
0.0343173
0.0343076
0.0342979
0.0342882
0.0342785
0.0342689
0.0342592
0.0342495
0.0342398
0.0342302
0.0342205
0.0342108
0.0342011
0.0341915
0.0341818
0.0341721
0.0341624
0.0341528
0.0341431
0.0341334
0.0341238
0.0341141
0.0341044
0.0340948
0.0340851
0.0340754
0.0340658
0.0340561
0.0340465
0.0340368
0.0340271
0.0340175
0.0340078
0.0339982
0.0339885
0.0339788
0.0339692
0.0339595
0.0339499
0.0339402
0.0339306
0.0339209
0.0339113
0.0339016
0.033892
0.0338823
0.0338727
0.0338631
0.0338534
0.0338438
0.0338341
0.0338245
0.0338149
0.0338052
0.0337956
0.0337859
0.0337763
0.0337667
0.033757
0.0337474
0.0337378
0.0337282
0.0337185
0.0337089
0.0336993
0.0336897
0.03368
0.0336704
0.0336608
0.0336512
0.0336416
0.0336319
0.0336223
0.0336127
0.0336031
0.0335935
0.0335839
0.0335743
0.0335647
0.0335551
0.0335455
0.0335359
0.0335263
0.0335167
0.0335071
0.0334975
0.0334879
0.0334783
0.0334687
0.0334591
0.0334495
0.0334399
0.0334303
0.0334208
0.0334112
0.0334016
0.033392
0.0333824
0.0333728
0.0333633
0.0333537
0.0333441
0.0333346
0.033325
0.0333154
0.0333059
0.0332963
0.0332867
0.0332772
0.0332676
0.033258
0.0332485
0.0332389
0.0332294
0.0332198
0.0332103
0.0332007
0.0331912
0.0331816
0.0331721
0.0331626
0.033153
0.0331435
0.033134
0.0331244
0.0331149
0.0331054
0.0330958
0.0330863
0.0330768
0.0330673
0.0330577
0.0330482
0.0330387
0.0330292
0.0330197
0.0330102
0.0330007
0.0329912
0.0329816
0.0329721
0.0329626
0.0329531
0.0329436
0.0329341
0.0329247
0.0329152
0.0329057
0.0328962
0.0328867
0.0328772
0.0328677
0.0328583
0.0328488
0.0328393
0.0328298
0.0328204
0.0328109
0.0328014
0.032792
0.0327825
0.032773
0.0327636
0.0327541
0.0327447
0.0327352
0.0327258
0.0327163
0.0327069
0.0326974
0.032688
0.0326786
0.0326691
0.0326597
0.0326503
0.0326408
0.0326314
0.032622
0.0326126
0.0326032
0.0325937
0.0325843
0.0325749
0.0325655
0.0325561
0.0325467
0.0325373
0.0325279
0.0325185
0.0325091
0.0324997
0.0324903
0.0324809
0.0324715
0.0324622
0.0324528
0.0324434
0.032434
0.0324246
0.0324153
0.0324059
0.0323965
0.0323872
0.0323778
0.0323685
0.0323591
0.0323497
0.0323404
0.032331
0.0323217
0.0323124
0.032303
0.0322937
0.0322843
0.032275
0.0322657
0.0322564
0.032247
0.0322377
0.0322284
0.0322191
0.0322098
0.0322005
0.0321911
0.0321818
0.0321725
0.0321632
0.0321539
0.0321446
0.0321354
0.0321261
0.0321168
0.0321075
0.0320982
0.0320889
0.0320797
0.0320704
0.0320611
0.0320519
0.0320426
0.0320333
0.0320241
0.0320148
0.0320056
0.0319963
0.0319871
0.0319778
0.0319686
0.0319593
0.0319501
0.0319409
0.0319317
0.0319224
0.0319132
0.031904
0.0318948
0.0318856
0.0318763
0.0318671
0.0318579
0.0318487
0.0318395
0.0318303
0.0318211
0.031812
0.0318028
0.0317936
0.0317844
0.0317752
0.0317661
0.0317569
0.0317477
0.0317385
0.0317294
0.0317202
0.0317111
0.0317019
0.0316928
0.0316836
0.0316745
0.0316653
0.0316562
0.0316471
0.0316379
0.0316288
0.0316197
0.0316106
0.0316015
0.0315923
0.0315832
0.0315741
0.031565
0.0315559
0.0315468
0.0315377
0.0315286
0.0315195
0.0315105
0.0315014
0.0314923
0.0314832
0.0314742
0.0314651
0.031456
0.031447
0.0314379
0.0314288
0.0314198
0.0314107
0.0314017
0.0313927
0.0313836
0.0313746
0.0313656
0.0313565
0.0313475
0.0313385
0.0313295
0.0313205
0.0313115
0.0313024
0.0312934
0.0312844
0.0312754
0.0312665
0.0312575
0.0312485
0.0312395
0.0312305
0.0312215
0.0312126
0.0312036
0.0311946
0.0311857
0.0311767
0.0311678
0.0311588
0.0311499
0.0311409
0.031132
0.0311231
0.0311141
0.0311052
0.0310963
0.0310874
0.0310784
0.0310695
0.0310606
0.0310517
0.0310428
0.0310339
0.031025
0.0310161
0.0310072
0.0309984
0.0309895
0.0309806
0.0309717
0.0309629
0.030954
0.0309451
0.0309363
0.0309274
0.0309186
0.0309097
0.0309009
0.030892
0.0308832
0.0308744
0.0308655
0.0308567
0.0308479
0.0308391
0.0308303
0.0308215
0.0308127
0.0308039
0.0307951
0.0307863
0.0307775
0.0307687
0.0307599
0.0307511
0.0307424
0.0307336
0.0307248
0.0307161
0.0307073
0.0306986
0.0306898
0.0306811
0.0306723
0.0306636
0.0306549
0.0306461
0.0306374
0.0306287
0.03062
0.0306112
0.0306025
0.0305938
0.0305851
0.0305764
0.0305677
0.030559
0.0305504
0.0305417
0.030533
0.0305243
0.0305157
0.030507
0.0304983
0.0304897
0.030481
0.0304724
0.0304637
0.0304551
0.0304464
0.0304378
0.0304292
0.0304206
0.0304119
0.0304033
0.0303947
0.0303861
0.0303775
0.0303689
0.0303603
0.0303517
0.0303431
0.0303345
0.030326
0.0303174
0.0303088
0.0303003
0.0302917
0.0302831
0.0302746
0.030266
0.0302575
0.0302489
0.0302404
0.0302319
0.0302233
0.0302148
0.0302063
0.0301978
0.0301893
0.0301808
0.0301723
0.0301638
0.0301553
0.0301468
0.0301383
0.0301298
0.0301213
0.0301129
0.0301044
0.0300959
0.0300875
0.030079
0.0300706
0.0300621
0.0300537
0.0300453
0.0300368
0.0300284
0.03002
0.0300115
0.0300031
0.0299947
0.0299863
0.0299779
0.0299695
0.0299611
0.0299527
0.0299443
0.029936
0.0299276
0.0299192
0.0299109
0.0299025
0.0298941
0.0298858
0.0298774
0.0298691
0.0298607
0.0298524
0.0298441
0.0298357
0.0298274
0.0298191
0.0298108
0.0298025
0.0297942
0.0297859
0.0297776
0.0297693
0.029761
0.0297527
0.0297444
0.0297362
0.0297279
0.0297196
0.0297114
0.0297031
0.0296949
0.0296866
0.0296784
0.0296702
0.0296619
0.0296537
0.0296455
0.0296373
0.029629
0.0296208
0.0296126
0.0296044
0.0295962
0.029588
0.0295799
0.0295717
0.0295635
0.0295553
0.0295472
0.029539
0.0295308
0.0295227
0.0295145
0.0295064
0.0294983
0.0294901
0.029482
0.0294739
0.0294657
0.0294576
0.0294495
0.0294414
0.0294333
0.0294252
0.0294171
0.029409
0.029401
0.0293929
0.0293848
0.0293767
0.0293687
0.0293606
0.0293526
0.0293445
0.0293365
0.0293284
0.0293204
0.0293124
0.0293043
0.0292963
0.0292883
0.0292803
0.0292723
0.0292643
0.0292563
0.0292483
0.0292403
0.0292323
0.0292243
0.0292163
0.0292084
0.0292004
0.0291925
0.0291845
0.0291766
0.0291686
0.0291607
0.0291527
0.0291448
0.0291369
0.029129
0.029121
0.0291131
0.0291052
0.0290973
0.0290894
0.0290815
0.0290736
0.0290658
0.0290579
0.02905
0.0290421
0.0290343
0.0290264
0.0290186
0.0290107
0.0290029
0.028995
0.0289872
0.0289794
0.0289716
0.0289637
0.0289559
0.0289481
0.0289403
0.0289325
0.0289247
0.0289169
0.0289091
0.0289014
0.0288936
0.0288858
0.0288781
0.0288703
0.0288625
0.0288548
0.028847
0.0288393
0.0288316
0.0288238
0.0288161
0.0288084
0.0288007
0.028793
0.0287853
0.0287776
0.0287699
0.0287622
0.0287545
0.0287468
0.0287391
0.0287315
0.0287238
0.0287161
0.0287085
0.0287008
0.0286932
0.0286855
0.0286779
0.0286703
0.0286626
0.028655
0.0286474
0.0286398
0.0286322
0.0286246
0.028617
0.0286094
0.0286018
0.0285942
0.0285867
0.0285791
0.0285715
0.028564
0.0285564
0.0285489
0.0285413
0.0285338
0.0285262
0.0285187
0.0285112
0.0285037
0.0284961
0.0284886
0.0284811
0.0284736
0.0284661
0.0284586
0.0284512
0.0284437
0.0284362
0.0284287
0.0284213
0.0284138
0.0284064
0.0283989
0.0283915
0.028384
0.0283766
0.0283692
0.0283617
0.0283543
0.0283469
0.0283395
0.0283321
0.0283247
0.0283173
0.0283099
0.0283025
0.0282951
0.0282878
0.0282804
0.028273
0.0282657
0.0282583
0.028251
0.0282436
0.0282363
0.028229
0.0282216
0.0282143
0.028207
0.0281997
0.0281924
0.0281851
0.0281778
0.0281705
0.0281632
0.0281559
0.0281486
0.0281414
0.0281341
0.0281269
0.0281196
0.0281123
0.0281051
0.0280979
0.0280906
0.0280834
0.0280762
0.028069
0.0280617
0.0280545
0.0280473
0.0280401
0.0280329
0.0280257
0.0280186
0.0280114
0.0280042
0.027997
0.0279899
0.0279827
0.0279756
0.0279684
0.0279613
0.0279541
0.027947
0.0279399
0.0279328
0.0279256
0.0279185
0.0279114
0.0279043
0.0278972
0.0278901
0.0278831
0.027876
0.0278689
0.0278618
0.0278548
0.0278477
0.0278407
0.0278336
0.0278266
0.0278195
0.0278125
0.0278055
0.0277984
0.0277914
0.0277844
0.0277774
0.0277704
0.0277634
0.0277564
0.0277494
0.0277424
0.0277355
0.0277285
0.0277215
0.0277146
0.0277076
0.0277007
0.0276937
0.0276868
0.0276798
0.0276729
0.027666
0.0276591
0.0276522
0.0276452
0.0276383
0.0276314
0.0276246
0.0276177
0.0276108
0.0276039
0.027597
0.0275902
0.0275833
0.0275764
0.0275696
0.0275627
0.0275559
0.0275491
0.0275422
0.0275354
0.0275286
0.0275218
0.027515
0.0275082
0.0275014
0.0274946
0.0274878
0.027481
0.0274742
0.0274675
0.0274607
0.0274539
0.0274472
0.0274404
0.0274337
0.0274269
0.0274202
0.0274135
0.0274067
0.0274
0.0273933
0.0273866
0.0273799
0.0273732
0.0273665
0.0273598
0.0273531
0.0273464
0.0273398
0.0273331
0.0273264
0.0273198
0.0273131
0.0273065
0.0272998
0.0272932
0.0272865
0.0272799
0.0272733
0.0272667
0.0272601
0.0272535
0.0272469
0.0272403
0.0272337
0.0272271
0.0272205
0.0272139
0.0272074
0.0272008
0.0271942
0.0271877
0.0271811
0.0271746
0.0271681
0.0271615
0.027155
0.0271485
0.027142
0.0271355
0.0271289
0.0271224
0.0271159
0.0271095
0.027103
0.0270965
0.02709
0.0270835
0.0270771
0.0270706
0.0270642
0.0270577
0.0270513
0.0270448
0.0270384
0.027032
0.0270255
0.0270191
0.0270127
0.0270063
0.0269999
0.0269935
0.0269871
0.0269807
0.0269743
0.026968
0.0269616
0.0269552
0.0269489
0.0269425
0.0269362
0.0269298
0.0269235
0.0269171
0.0269108
0.0269045
0.0268982
0.0268919
0.0268855
0.0268792
0.0268729
0.0268667
0.0268604
0.0268541
0.0268478
0.0268415
0.0268353
0.026829
0.0268227
0.0268165
0.0268102
0.026804
0.0267978
0.0267915
0.0267853
0.0267791
0.0267729
0.0267667
0.0267605
0.0267543
0.0267481
0.0267419
0.0267357
0.0267295
0.0267233
0.0267172
0.026711
0.0267049
0.0266987
0.0266926
0.0266864
0.0266803
0.0266741
0.026668
0.0266619
0.0266558
0.0266497
0.0266436
0.0266375
0.0266314
0.0266253
0.0266192
0.0266131
0.026607
0.026601
0.0265949
0.0265888
0.0265828
0.0265767
0.0265707
0.0265646
0.0265586
0.0265526
0.0265466
0.0265405
0.0265345
0.0265285
0.0265225
0.0265165
0.0265105
0.0265045
0.0264986
0.0264926
0.0264866
0.0264806
0.0264747
0.0264687
0.0264628
0.0264568
0.0264509
0.0264449
0.026439
0.0264331
0.0264272
0.0264212
0.0264153
0.0264094
0.0264035
0.0263976
0.0263917
0.0263859
0.02638
0.0263741
0.0263682
0.0263624
0.0263565
0.0263507
0.0263448
0.026339
0.0263331
0.0263273
0.0263215
0.0263156
0.0263098
0.026304
0.0262982
0.0262924
0.0262866
0.0262808
0.026275
0.0262692
0.0262635
0.0262577
0.0262519
0.0262462
0.0262404
0.0262346
0.0262289
0.0262232
0.0262174
0.0262117
0.026206
0.0262002
0.0261945
0.0261888
0.0261831
0.0261774
0.0261717
0.026166
0.0261603
0.0261546
0.026149
0.0261433
0.0261376
0.026132
0.0261263
0.0261207
0.026115
0.0261094
0.0261037
0.0260981
0.0260925
0.0260869
0.0260813
0.0260756
0.02607
0.0260644
0.0260588
0.0260532
0.0260477
0.0260421
0.0260365
0.0260309
0.0260254
0.0260198
0.0260143
0.0260087
0.0260032
0.0259976
0.0259921
0.0259866
0.025981
0.0259755
0.02597
0.0259645
0.025959
0.0259535
0.025948
0.0259425
0.025937
0.0259315
0.0259261
0.0259206
0.0259151
0.0259097
0.0259042
0.0258988
0.0258933
0.0258879
0.0258824
0.025877
0.0258716
0.0258662
0.0258608
0.0258553
0.0258499
0.0258445
0.0258391
0.0258338
0.0258284
0.025823
0.0258176
0.0258122
0.0258069
0.0258015
0.0257962
0.0257908
0.0257855
0.0257801
0.0257748
0.0257695
0.0257641
0.0257588
0.0257535
0.0257482
0.0257429
0.0257376
0.0257323
0.025727
0.0257217
0.0257164
0.0257111
0.0257059
0.0257006
0.0256953
0.0256901
0.0256848
0.0256796
0.0256743
0.0256691
0.0256639
0.0256586
0.0256534
0.0256482
0.025643
0.0256378
0.0256326
0.0256274
0.0256222
0.025617
0.0256118
0.0256066
0.0256015
0.0255963
0.0255911
0.025586
0.0255808
0.0255757
0.0255705
0.0255654
0.0255602
0.0255551
0.02555
0.0255449
0.0255398
0.0255346
0.0255295
0.0255244
0.0255193
0.0255143
0.0255092
0.0255041
0.025499
0.0254939
0.0254889
0.0254838
0.0254787
0.0254737
0.0254686
0.0254636
0.0254586
0.0254535
0.0254485
0.0254435
0.0254385
0.0254334
0.0254284
0.0254234
0.0254184
0.0254134
0.0254084
0.0254035
0.0253985
0.0253935
0.0253885
0.0253836
0.0253786
0.0253736
0.0253687
0.0253637
0.0253588
0.0253539
0.0253489
0.025344
0.0253391
0.0253342
0.0253292
0.0253243
0.0253194
0.0253145
0.0253096
0.0253047
0.0252999
0.025295
0.0252901
0.0252852
0.0252804
0.0252755
0.0252706
0.0252658
0.0252609
0.0252561
0.0252513
0.0252464
0.0252416
0.0252368
0.025232
0.0252271
0.0252223
0.0252175
0.0252127
0.0252079
0.0252031
0.0251984
0.0251936
0.0251888
0.025184
0.0251793
0.0251745
0.0251697
0.025165
0.0251602
0.0251555
0.0251507
0.025146
0.0251413
0.0251365
0.0251318
0.0251271
0.0251224
0.0251177
0.025113
0.0251083
0.0251036
0.0250989
0.0250942
0.0250895
0.0250849
0.0250802
0.0250755
0.0250709
0.0250662
0.0250616
0.0250569
0.0250523
0.0250476
0.025043
0.0250384
0.0250337
0.0250291
0.0250245
0.0250199
0.0250153
0.0250107
0.0250061
0.0250015
0.0249969
0.0249923
0.0249877
0.0249832
0.0249786
0.024974
0.0249695
0.0249649
0.0249604
0.0249558
0.0249513
0.0249467
0.0249422
0.0249377
0.0249332
0.0249286
0.0249241
0.0249196
0.0249151
0.0249106
0.0249061
0.0249016
0.0248971
0.0248926
0.0248882
0.0248837
0.0248792
0.0248747
0.0248703
0.0248658
0.0248614
0.0248569
0.0248525
0.024848
0.0248436
0.0248392
0.0248348
0.0248303
0.0248259
0.0248215
0.0248171
0.0248127
0.0248083
0.0248039
0.0247995
0.0247951
0.0247907
0.0247864
0.024782
0.0247776
0.0247733
0.0247689
0.0247646
0.0247602
0.0247559
0.0247515
0.0247472
0.0247428
0.0247385
0.0247342
0.0247299
0.0247256
0.0247212
0.0247169
0.0247126
0.0247083
0.0247041
0.0246998
0.0246955
0.0246912
0.0246869
0.0246827
0.0246784
0.0246741
0.0246699
0.0246656
0.0246614
0.0246571
0.0246529
0.0246486
0.0246444
0.0246402
0.024636
0.0246317
0.0246275
0.0246233
0.0246191
0.0246149
0.0246107
0.0246065
0.0246023
0.0245982
0.024594
0.0245898
0.0245856
0.0245815
0.0245773
0.0245731
0.024569
0.0245648
0.0245607
0.0245565
0.0245524
0.0245483
0.0245441
0.02454
0.0245359
0.0245318
0.0245277
0.0245236
0.0245195
0.0245154
0.0245113
0.0245072
0.0245031
0.024499
0.0244949
0.0244909
0.0244868
0.0244827
0.0244787
0.0244746
0.0244706
0.0244665
0.0244625
0.0244584
0.0244544
0.0244504
0.0244463
0.0244423
0.0244383
0.0244343
0.0244303
0.0244263
0.0244223
0.0244183
0.0244143
0.0244103
0.0244063
0.0244023
0.0243984
0.0243944
0.0243904
0.0243865
0.0243825
0.0243785
0.0243746
0.0243706
0.0243667
0.0243628
0.0243588
0.0243549
0.024351
0.024347
0.0243431
0.0243392
0.0243353
0.0243314
0.0243275
0.0243236
0.0243197
0.0243158
0.0243119
0.024308
0.0243042
0.0243003
0.0242964
0.0242926
0.0242887
0.0242848
0.024281
0.0242771
0.0242733
0.0242695
0.0242656
0.0242618
0.024258
0.0242541
0.0242503
0.0242465
0.0242427
0.0242389
0.0242351
0.0242313
0.0242275
0.0242237
0.0242199
0.0242161
0.0242123
0.0242086
0.0242048
0.024201
0.0241973
0.0241935
0.0241897
0.024186
0.0241822
0.0241785
0.0241748
0.024171
0.0241673
0.0241636
0.0241598
0.0241561
0.0241524
0.0241487
0.024145
0.0241413
0.0241376
0.0241339
0.0241302
0.0241265
0.0241228
0.0241191
0.0241155
0.0241118
0.0241081
0.0241045
0.0241008
0.0240972
0.0240935
0.0240898
0.0240862
0.0240826
0.0240789
0.0240753
0.0240717
0.024068
0.0240644
0.0240608
0.0240572
0.0240536
0.02405
0.0240464
0.0240428
0.0240392
0.0240356
0.024032
0.0240284
0.0240248
0.0240213
0.0240177
0.0240141
0.0240106
0.024007
0.0240035
0.0239999
0.0239964
0.0239928
0.0239893
0.0239857
0.0239822
0.0239787
0.0239752
0.0239716
0.0239681
0.0239646
0.0239611
0.0239576
0.0239541
0.0239506
0.0239471
0.0239436
0.0239401
0.0239366
0.0239332
0.0239297
0.0239262
0.0239227
0.0239193
0.0239158
0.0239124
0.0239089
0.0239055
0.023902
0.0238986
0.0238951
0.0238917
0.0238883
0.0238849
0.0238814
0.023878
0.0238746
0.0238712
0.0238678
0.0238644
0.023861
0.0238576
0.0238542
0.0238508
0.0238474
0.023844
0.0238407
0.0238373
0.0238339
0.0238305
0.0238272
0.0238238
0.0238205
0.0238171
0.0238138
0.0238104
0.0238071
0.0238037
0.0238004
0.0237971
0.0237938
0.0237904
0.0237871
0.0237838
0.0237805
0.0237772
0.0237739
0.0237706
0.0237673
0.023764
0.0237607
0.0237574
0.0237541
0.0237509
0.0237476
0.0237443
0.023741
0.0237378
0.0237345
0.0237313
0.023728
0.0237248
0.0237215
0.0237183
0.023715
0.0237118
0.0237086
0.0237053
0.0237021
0.0236989
0.0236957
0.0236925
0.0236892
0.023686
0.0236828
0.0236796
0.0236764
0.0236733
0.0236701
0.0236669
0.0236637
0.0236605
0.0236573
0.0236542
0.023651
0.0236478
0.0236447
0.0236415
0.0236384
0.0236352
0.0236321
0.0236289
0.0236258
0.0236227
0.0236195
0.0236164
0.0236133
0.0236101
0.023607
0.0236039
0.0236008
0.0235977
0.0235946
0.0235915
0.0235884
0.0235853
0.0235822
0.0235791
0.023576
0.023573
0.0235699
0.0235668
0.0235637
0.0235607
0.0235576
0.0235545
0.0235515
0.0235484
0.0235454
0.0235423
0.0235393
0.0235363
0.0235332
0.0235302
0.0235272
0.0235241
0.0235211
0.0235181
0.0235151
0.0235121
0.0235091
0.0235061
0.0235031
0.0235001
0.0234971
0.0234941
0.0234911
0.0234881
0.0234851
0.0234821
0.0234792
0.0234762
0.0234732
0.0234703
0.0234673
0.0234644
0.0234614
0.0234584
0.0234555
0.0234526
0.0234496
0.0234467
0.0234437
0.0234408
0.0234379
0.023435
0.023432
0.0234291
0.0234262
0.0234233
0.0234204
0.0234175
0.0234146
0.0234117
0.0234088
0.0234059
0.023403
0.0234001
0.0233972
0.0233944
0.0233915
0.0233886
0.0233858
0.0233829
0.02338
0.0233772
0.0233743
0.0233715
0.0233686
0.0233658
0.0233629
0.0233601
0.0233573
0.0233544
0.0233516
0.0233488
0.0233459
0.0233431
0.0233403
0.0233375
0.0233347
0.0233319
0.0233291
0.0233263
0.0233235
0.0233207
0.0233179
0.0233151
0.0233123
0.0233095
0.0233068
0.023304
0.0233012
0.0232985
0.0232957
0.0232929
0.0232902
0.0232874
0.0232847
0.0232819
0.0232792
0.0232764
0.0232737
0.0232709
0.0232682
0.0232655
0.0232628
0.02326
0.0232573
0.0232546
0.0232519
0.0232492
0.0232465
0.0232438
0.0232411
0.0232384
0.0232357
0.023233
0.0232303
0.0232276
0.0232249
0.0232222
0.0232196
0.0232169
0.0232142
0.0232115
0.0232089
0.0232062
0.0232036
0.0232009
0.0231982
0.0231956
0.023193
0.0231903
0.0231877
0.023185
0.0231824
0.0231798
0.0231771
0.0231745
0.0231719
0.0231693
0.0231667
0.023164
0.0231614
0.0231588
0.0231562
0.0231536
0.023151
0.0231484
0.0231458
0.0231433
0.0231407
0.0231381
0.0231355
0.0231329
0.0231304
0.0231278
0.0231252
0.0231227
0.0231201
0.0231175
0.023115
0.0231124
0.0231099
0.0231073
0.0231048
0.0231022
0.0230997
0.0230972
0.0230946
0.0230921
0.0230896
0.0230871
0.0230845
0.023082
0.0230795
0.023077
0.0230745
0.023072
0.0230695
0.023067
0.0230645
0.023062
0.0230595
0.023057
0.0230545
0.0230521
0.0230496
0.0230471
0.0230446
0.0230422
0.0230397
0.0230372
0.0230348
0.0230323
0.0230298
0.0230274
0.0230249
0.0230225
0.0230201
0.0230176
0.0230152
0.0230127
0.0230103
0.0230079
0.0230055
0.023003
0.0230006
0.0229982
0.0229958
0.0229934
0.0229909
0.0229885
0.0229861
0.0229837
0.0229813
0.0229789
0.0229766
0.0229742
0.0229718
0.0229694
0.022967
0.0229646
0.0229623
0.0229599
0.0229575
0.0229551
0.0229528
0.0229504
0.0229481
0.0229457
0.0229433
0.022941
0.0229386
0.0229363
0.022934
0.0229316
0.0229293
0.022927
0.0229246
0.0229223
0.02292
0.0229176
0.0229153
0.022913
0.0229107
0.0229084
0.0229061
0.0229038
0.0229015
0.0228992
0.0228969
0.0228946
0.0228923
0.02289
0.0228877
0.0228854
0.0228831
0.0228809
0.0228786
0.0228763
0.022874
0.0228718
0.0228695
0.0228672
0.022865
0.0228627
0.0228605
0.0228582
0.022856
0.0228537
0.0228515
0.0228492
0.022847
0.0228448
0.0228425
0.0228403
0.0228381
0.0228358
0.0228336
0.0228314
0.0228292
0.022827
0.0228248
0.0228225
0.0228203
0.0228181
0.0228159
0.0228137
0.0228115
0.0228093
0.0228072
0.022805
0.0228028
0.0228006
0.0227984
0.0227962
0.0227941
0.0227919
0.0227897
0.0227876
0.0227854
0.0227832
0.0227811
0.0227789
0.0227768
0.0227746
0.0227725
0.0227703
0.0227682
0.022766
0.0227639
0.0227617
0.0227596
0.0227575
0.0227554
0.0227532
0.0227511
0.022749
0.0227469
0.0227448
0.0227426
0.0227405
0.0227384
0.0227363
0.0227342
0.0227321
0.02273
0.0227279
0.0227258
0.0227237
0.0227216
0.0227196
0.0227175
0.0227154
0.0227133
0.0227112
0.0227092
0.0227071
0.022705
0.022703
0.0227009
0.0226989
0.0226968
0.0226947
0.0226927
0.0226906
0.0226886
0.0226865
0.0226845
0.0226825
0.0226804
0.0226784
0.0226764
0.0226743
0.0226723
0.0226703
0.0226683
0.0226662
0.0226642
0.0226622
0.0226602
0.0226582
0.0226562
0.0226542
0.0226522
0.0226502
0.0226482
0.0226462
0.0226442
0.0226422
0.0226402
0.0226382
0.0226362
0.0226342
0.0226323
0.0226303
0.0226283
0.0226263
0.0226244
0.0226224
0.0226204
0.0226185
0.0226165
0.0226146
0.0226126
0.0226107
0.0226087
0.0226068
0.0226048
0.0226029
0.0226009
0.022599
0.0225971
0.0225951
0.0225932
0.0225913
0.0225893
0.0225874
0.0225855
0.0225836
0.0225817
0.0225797
0.0225778
0.0225759
0.022574
0.0225721
0.0225702
0.0225683
0.0225664
0.0225645
0.0225626
0.0225607
0.0225588
0.022557
0.0225551
0.0225532
0.0225513
0.0225494
0.0225476
0.0225457
0.0225438
0.0225419
0.0225401
0.0225382
0.0225364
0.0225345
0.0225326
0.0225308
0.0225289
0.0225271
0.0225252
0.0225234
0.0225215
0.0225197
0.0225179
0.022516
0.0225142
0.0225124
0.0225105
0.0225087
0.0225069
0.0225051
0.0225032
0.0225014
0.0224996
0.0224978
0.022496
0.0224942
0.0224924
0.0224906
0.0224888
0.022487
0.0224852
0.0224834
0.0224816
0.0224798
0.022478
0.0224762
0.0224744
0.0224727
0.0224709
0.0224691
0.0224673
0.0224655
0.0224638
0.022462
0.0224602
0.0224585
0.0224567
0.022455
0.0224532
0.0224514
0.0224497
0.0224479
0.0224462
0.0224444
0.0224427
0.022441
0.0224392
0.0224375
0.0224357
0.022434
0.0224323
0.0224305
0.0224288
0.0224271
0.0224254
0.0224237
0.0224219
0.0224202
0.0224185
0.0224168
0.0224151
0.0224134
0.0224117
0.02241
0.0224083
0.0224066
0.0224049
0.0224032
0.0224015
0.0223998
0.0223981
0.0223964
0.0223947
0.022393
0.0223914
0.0223897
0.022388
0.0223863
0.0223847
0.022383
0.0223813
0.0223797
0.022378
0.0223763
0.0223747
0.022373
0.0223714
0.0223697
0.0223681
0.0223664
0.0223648
0.0223631
0.0223615
0.0223598
0.0223582
0.0223566
0.0223549
0.0223533
0.0223517
0.02235
0.0223484
0.0223468
0.0223452
0.0223435
0.0223419
0.0223403
0.0223387
0.0223371
0.0223355
0.0223339
0.0223323
0.0223307
0.0223291
0.0223275
0.0223259
0.0223243
0.0223227
0.0223211
0.0223195
0.0223179
0.0223163
0.0223147
0.0223132
0.0223116
0.02231
0.0223084
0.0223069
0.0223053
0.0223037
0.0223021
0.0223006
0.022299
0.0222975
0.0222959
0.0222943
0.0222928
0.0222912
0.0222897
0.0222881
0.0222866
0.022285
0.0222835
0.0222819
0.0222804
0.0222789
0.0222773
0.0222758
0.0222743
0.0222727
0.0222712
0.0222697
0.0222682
0.0222666
0.0222651
0.0222636
0.0222621
0.0222606
0.0222591
0.0222575
0.022256
0.0222545
0.022253
0.0222515
0.02225
0.0222485
0.022247
0.0222455
0.022244
0.0222425
0.0222411
0.0222396
0.0222381
0.0222366
0.0222351
0.0222336
0.0222322
0.0222307
0.0222292
0.0222277
0.0222263
0.0222248
0.0222233
0.0222219
0.0222204
0.0222189
0.0222175
0.022216
0.0222146
0.0222131
0.0222117
0.0222102
0.0222088
0.0222073
0.0222059
0.0222044
0.022203
0.0222016
0.0222001
0.0221987
0.0221973
0.0221958
0.0221944
0.022193
0.0221915
0.0221901
0.0221887
0.0221873
0.0221859
0.0221844
0.022183
0.0221816
0.0221802
0.0221788
0.0221774
0.022176
0.0221746
0.0221732
0.0221718
0.0221704
0.022169
0.0221676
0.0221662
0.0221648
0.0221634
0.022162
0.0221606
0.0221593
0.0221579
0.0221565
0.0221551
0.0221537
0.0221524
0.022151
0.0221496
0.0221482
0.0221469
0.0221455
0.0221441
0.0221428
0.0221414
0.0221401
0.0221387
0.0221374
0.022136
0.0221346
0.0221333
0.022132
0.0221306
0.0221293
0.0221279
0.0221266
0.0221252
0.0221239
0.0221226
0.0221212
0.0221199
0.0221186
0.0221172
0.0221159
0.0221146
0.0221133
0.0221119
0.0221106
0.0221093
0.022108
0.0221067
0.0221054
0.022104
0.0221027
0.0221014
0.0221001
0.0220988
0.0220975
0.0220962
0.0220949
0.0220936
0.0220923
0.022091
0.0220897
0.0220884
0.0220871
0.0220859
0.0220846
0.0220833
0.022082
0.0220807
0.0220794
0.0220782
0.0220769
0.0220756
0.0220743
0.0220731
0.0220718
0.0220705
0.0220693
0.022068
0.0220667
0.0220655
0.0220642
0.022063
0.0220617
0.0220604
0.0220592
0.0220579
0.0220567
0.0220554
0.0220542
0.022053
0.0220517
0.0220505
0.0220492
0.022048
0.0220468
0.0220455
0.0220443
0.0220431
0.0220418
0.0220406
0.0220394
0.0220382
0.0220369
0.0220357
0.0220345
0.0220333
0.0220321
0.0220308
0.0220296
0.0220284
0.0220272
0.022026
0.0220248
0.0220236
0.0220224
0.0220212
0.02202
0.0220188
0.0220176
0.0220164
0.0220152
0.022014
0.0220128
0.0220116
0.0220104
0.0220092
0.0220081
0.0220069
0.0220057
0.0220045
0.0220033
0.0220022
0.022001
0.0219998
0.0219986
0.0219975
0.0219963
0.0219951
0.021994
0.0219928
0.0219916
0.0219905
0.0219893
0.0219882
0.021987
0.0219858
0.0219847
0.0219835
0.0219824
0.0219812
0.0219801
0.0219789
0.0219778
0.0219767
0.0219755
0.0219744
0.0219732
0.0219721
0.021971
0.0219698
0.0219687
0.0219676
0.0219664
0.0219653
0.0219642
0.0219631
0.0219619
0.0219608
0.0219597
0.0219586
0.0219575
0.0219563
0.0219552
0.0219541
0.021953
0.0219519
0.0219508
0.0219497
0.0219486
0.0219475
0.0219464
0.0219453
0.0219442
0.0219431
0.021942
0.0219409
0.0219398
0.0219387
0.0219376
0.0219365
0.0219354
0.0219343
0.0219333
0.0219322
0.0219311
0.02193
0.0219289
0.0219279
0.0219268
0.0219257
0.0219246
0.0219236
0.0219225
0.0219214
0.0219204
0.0219193
0.0219182
0.0219172
0.0219161
0.0219151
0.021914
0.0219129
0.0219119
0.0219108
0.0219098
0.0219087
0.0219077
0.0219066
0.0219056
0.0219045
0.0219035
0.0219025
0.0219014
0.0219004
0.0218993
0.0218983
0.0218973
0.0218962
0.0218952
0.0218942
0.0218931
0.0218921
0.0218911
0.0218901
0.021889
0.021888
0.021887
0.021886
0.021885
0.0218839
0.0218829
0.0218819
0.0218809
0.0218799
0.0218789
0.0218779
0.0218769
0.0218759
0.0218749
0.0218738
0.0218728
0.0218718
0.0218708
0.0218698
0.0218689
0.0218679
0.0218669
0.0218659
0.0218649
0.0218639
0.0218629
0.0218619
0.0218609
0.02186
0.021859
0.021858
0.021857
0.021856
0.0218551
0.0218541
0.0218531
0.0218521
0.0218512
0.0218502
0.0218492
0.0218483
0.0218473
0.0218463
0.0218454
0.0218444
0.0218434
0.0218425
0.0218415
0.0218406
0.0218396
0.0218386
0.0218377
0.0218367
0.0218358
0.0218348
0.0218339
0.021833
0.021832
0.0218311
0.0218301
0.0218292
0.0218282
0.0218273
0.0218264
0.0218254
0.0218245
0.0218236
0.0218226
0.0218217
0.0218208
0.0218198
0.0218189
0.021818
0.0218171
0.0218161
0.0218152
0.0218143
0.0218134
0.0218125
0.0218115
0.0218106
0.0218097
0.0218088
0.0218079
0.021807
0.0218061
0.0218052
0.0218043
0.0218034
0.0218025
0.0218016
0.0218007
0.0217998
0.0217989
0.021798
0.0217971
0.0217962
0.0217953
0.0217944
0.0217935
0.0217926
0.0217917
0.0217908
0.0217899
0.0217891
0.0217882
0.0217873
0.0217864
0.0217855
0.0217847
0.0217838
0.0217829
0.021782
0.0217812
0.0217803
0.0217794
0.0217785
0.0217777
0.0217768
0.0217759
0.0217751
0.0217742
0.0217733
0.0217725
0.0217716
0.0217708
0.0217699
0.0217691
0.0217682
0.0217673
0.0217665
0.0217656
0.0217648
0.0217639
0.0217631
0.0217622
0.0217614
0.0217606
0.0217597
0.0217589
0.021758
0.0217572
0.0217564
0.0217555
0.0217547
0.0217538
0.021753
0.0217522
0.0217514
0.0217505
0.0217497
0.0217489
0.021748
0.0217472
0.0217464
0.0217456
0.0217447
0.0217439
0.0217431
0.0217423
0.0217415
0.0217407
0.0217398
0.021739
0.0217382
0.0217374
0.0217366
0.0217358
0.021735
0.0217342
0.0217334
0.0217326
0.0217318
0.021731
0.0217302
0.0217294
0.0217286
0.0217278
0.021727
0.0217262
0.0217254
0.0217246
0.0217238
0.021723
0.0217222
0.0217214
0.0217206
0.0217199
0.0217191
0.0217183
0.0217175
0.0217167
0.0217159
0.0217152
0.0217144
0.0217136
0.0217128
0.0217121
0.0217113
0.0217105
0.0217098
0.021709
0.0217082
0.0217074
0.0217067
0.0217059
0.0217052
0.0217044
0.0217036
0.0217029
0.0217021
0.0217013
0.0217006
0.0216998
0.0216991
0.0216983
0.0216976
0.0216968
0.0216961
0.0216953
0.0216946
0.0216938
0.0216931
0.0216923
0.0216916
0.0216908
0.0216901
0.0216894
0.0216886
0.0216879
0.0216871
0.0216864
0.0216857
0.0216849
0.0216842
0.0216835
0.0216827
0.021682
0.0216813
0.0216806
0.0216798
0.0216791
0.0216784
0.0216777
0.0216769
0.0216762
0.0216755
0.0216748
0.0216741
0.0216733
0.0216726
0.0216719
0.0216712
0.0216705
0.0216698
0.0216691
0.0216683
0.0216676
0.0216669
0.0216662
0.0216655
0.0216648
0.0216641
0.0216634
0.0216627
0.021662
0.0216613
0.0216606
0.0216599
0.0216592
0.0216585
0.0216578
0.0216571
0.0216564
0.0216557
0.0216551
0.0216544
0.0216537
0.021653
0.0216523
0.0216516
0.0216509
0.0216503
0.0216496
0.0216489
0.0216482
0.0216475
0.0216469
0.0216462
0.0216455
0.0216448
0.0216442
0.0216435
0.0216428
0.0216421
0.0216415
0.0216408
0.0216401
0.0216395
0.0216388
0.0216381
0.0216375
0.0216368
0.0216362
0.0216355
0.0216348
0.0216342
0.0216335
0.0216329
0.0216322
0.0216316
0.0216309
0.0216302
0.0216296
0.0216289
0.0216283
0.0216276
0.021627
0.0216264
0.0216257
0.0216251
0.0216244
0.0216238
0.0216231
0.0216225
0.0216219
0.0216212
0.0216206
0.0216199
0.0216193
0.0216187
0.021618
0.0216174
0.0216168
0.0216161
0.0216155
0.0216149
0.0216143
0.0216136
0.021613
0.0216124
0.0216118
0.0216111
0.0216105
0.0216099
0.0216093
0.0216086
0.021608
0.0216074
0.0216068
0.0216062
0.0216056
0.021605
0.0216043
0.0216037
0.0216031
0.0216025
0.0216019
0.0216013
0.0216007
0.0216001
0.0215995
0.0215989
0.0215983
0.0215977
0.0215971
0.0215965
0.0215959
0.0215953
0.0215947
0.0215941
0.0215935
0.0215929
0.0215923
0.0215917
0.0215911
0.0215905
0.0215899
0.0215893
0.0215887
0.0215882
0.0215876
0.021587
0.0215864
0.0215858
0.0215852
0.0215846
0.0215841
0.0215835
0.0215829
0.0215823
0.0215817
0.0215812
0.0215806
0.02158
0.0215794
0.0215789
0.0215783
0.0215777
0.0215772
0.0215766
0.021576
0.0215755
0.0215749
0.0215743
0.0215738
0.0215732
0.0215726
0.0215721
0.0215715
0.0215709
0.0215704
0.0215698
0.0215693
0.0215687
0.0215682
0.0215676
0.021567
0.0215665
0.0215659
0.0215654
0.0215648
0.0215643
0.0215637
0.0215632
0.0215626
0.0215621
0.0215616
0.021561
0.0215605
0.0215599
0.0215594
0.0215588
0.0215583
0.0215578
0.0215572
0.0215567
0.0215561
0.0215556
0.0215551
0.0215545
0.021554
0.0215535
0.0215529
0.0215524
0.0215519
0.0215514
0.0215508
0.0215503
0.0215498
0.0215492
0.0215487
0.0215482
0.0215477
0.0215472
0.0215466
0.0215461
0.0215456
0.0215451
0.0215446
0.021544
0.0215435
0.021543
0.0215425
0.021542
0.0215415
0.021541
0.0215404
0.0215399
0.0215394
0.0215389
0.0215384
0.0215379
0.0215374
0.0215369
0.0215364
0.0215359
0.0215354
0.0215349
0.0215344
0.0215339
0.0215334
0.0215329
0.0215324
0.0215319
0.0215314
0.0215309
0.0215304
0.0215299
0.0215294
0.0215289
0.0215284
0.0215279
0.0215274
0.0215269
0.0215265
0.021526
0.0215255
0.021525
0.0215245
0.021524
0.0215235
0.0215231
0.0215226
0.0215221
0.0215216
0.0215211
0.0215207
0.0215202
0.0215197
0.0215192
0.0215188
0.0215183
0.0215178
0.0215173
0.0215169
0.0215164
0.0215159
0.0215154
0.021515
0.0215145
0.021514
0.0215136
0.0215131
0.0215126
0.0215122
0.0215117
0.0215113
0.0215108
0.0215103
0.0215099
0.0215094
0.0215089
0.0215085
0.021508
0.0215076
0.0215071
0.0215067
0.0215062
0.0215058
0.0215053
0.0215049
0.0215044
0.0215039
0.0215035
0.0215031
0.0215026
0.0215022
0.0215017
0.0215013
0.0215008
0.0215004
0.0214999
0.0214995
0.021499
0.0214986
0.0214982
0.0214977
0.0214973
0.0214968
0.0214964
0.021496
0.0214955
0.0214951
0.0214947
0.0214942
0.0214938
0.0214934
0.0214929
0.0214925
0.0214921
0.0214916
0.0214912
0.0214908
0.0214904
0.0214899
0.0214895
0.0214891
0.0214887
0.0214882
0.0214878
0.0214874
0.021487
0.0214865
0.0214861
0.0214857
0.0214853
0.0214849
0.0214845
0.021484
0.0214836
0.0214832
0.0214828
0.0214824
0.021482
0.0214816
0.0214811
0.0214807
0.0214803
0.0214799
0.0214795
0.0214791
0.0214787
0.0214783
0.0214779
0.0214775
0.0214771
0.0214767
0.0214763
0.0214759
0.0214755
0.0214751
0.0214747
0.0214743
0.0214739
0.0214735
0.0214731
0.0214727
0.0214723
0.0214719
0.0214715
0.0214711
0.0214707
0.0214703
0.0214699
0.0214695
0.0214691
0.0214687
0.0214684
0.021468
0.0214676
0.0214672
0.0214668
0.0214664
0.021466
0.0214657
0.0214653
0.0214649
0.0214645
0.0214641
0.0214637
0.0214634
0.021463
0.0214626
0.0214622
0.0214619
0.0214615
0.0214611
0.0214607
0.0214604
0.02146
0.0214596
0.0214592
0.0214589
0.0214585
0.0214581
0.0214578
0.0214574
0.021457
0.0214567
0.0214563
0.0214559
0.0214556
0.0214552
0.0214548
0.0214545
0.0214541
0.0214537
0.0214534
0.021453
0.0214527
0.0214523
0.0214519
0.0214516
0.0214512
0.0214509
0.0214505
0.0214502
0.0214498
0.0214494
0.0214491
0.0214487
0.0214484
0.021448
0.0214477
0.0214473
0.021447
0.0214466
0.0214463
0.0214459
0.0214456
0.0214452
0.0214449
0.0214446
0.0214442
0.0214439
0.0214435
0.0214432
0.0214428
0.0214425
0.0214422
0.0214418
0.0214415
0.0214411
0.0214408
0.0214405
0.0214401
0.0214398
0.0214395
0.0214391
0.0214388
0.0214385
0.0214381
0.0214378
0.0214375
0.0214371
0.0214368
0.0214365
0.0214361
0.0214358
0.0214355
0.0214352
0.0214348
0.0214345
0.0214342
0.0214339
0.0214335
0.0214332
0.0214329
0.0214326
0.0214322
0.0214319
0.0214316
0.0214313
0.021431
0.0214306
0.0214303
0.02143
0.0214297
0.0214294
0.0214291
0.0214287
0.0214284
0.0214281
0.0214278
0.0214275
0.0214272
0.0214269
0.0214266
0.0214263
0.0214259
0.0214256
0.0214253
0.021425
0.0214247
0.0214244
0.0214241
0.0214238
0.0214235
0.0214232
0.0214229
0.0214226
0.0214223
0.021422
0.0214217
0.0214214
0.0214211
0.0214208
0.0214205
0.0214202
0.0214199
0.0214196
0.0214193
0.021419
0.0214187
0.0214184
0.0214181
0.0214178
0.0214175
0.0214172
0.0214169
0.0214167
0.0214164
0.0214161
0.0214158
0.0214155
0.0214152
0.0214149
0.0214146
0.0214144
0.0214141
0.0214138
0.0214135
0.0214132
0.0214129
0.0214126
0.0214124
0.0214121
0.0214118
0.0214115
0.0214112
0.021411
0.0214107
0.0214104
0.0214101
0.0214099
0.0214096
0.0214093
0.021409
0.0214088
0.0214085
0.0214082
0.0214079
0.0214077
0.0214074
0.0214071
0.0214068
0.0214066
0.0214063
0.021406
0.0214058
0.0214055
0.0214052
0.021405
0.0214047
0.0214044
0.0214042
0.0214039
0.0214036
0.0214034
0.0214031
0.0214029
0.0214026
0.0214023
0.0214021
0.0214018
0.0214016
0.0214013
0.021401
0.0214008
0.0214005
0.0214003
0.0214
0.0213998
0.0213995
0.0213992
0.021399
0.0213987
0.0213985
0.0213982
0.021398
0.0213977
0.0213975
0.0213972
0.021397
0.0213967
0.0213965
0.0213962
0.021396
0.0213957
0.0213955
0.0213952
0.021395
0.0213948
0.0213945
0.0213943
0.021394
0.0213938
0.0213935
0.0213933
0.0213931
0.0213928
0.0213926
0.0213923
0.0213921
0.0213919
0.0213916
0.0213914
0.0213912
0.0213909
0.0213907
0.0213904
0.0213902
0.02139
0.0213897
0.0213895
0.0213893
0.021389
0.0213888
0.0213886
0.0213884
0.0213881
0.0213879
0.0213877
0.0213874
0.0213872
0.021387
0.0213868
0.0213865
0.0213863
0.0213861
0.0213858
0.0213856
0.0213854
0.0213852
0.021385
0.0213847
0.0213845
0.0213843
0.0213841
0.0213838
0.0213836
0.0213834
0.0213832
0.021383
0.0213828
0.0213825
0.0213823
0.0213821
0.0213819
0.0213817
0.0213815
0.0213812
0.021381
0.0213808
0.0213806
0.0213804
0.0213802
0.02138
0.0213798
0.0213796
0.0213793
0.0213791
0.0213789
0.0213787
0.0213785
0.0213783
0.0213781
0.0213779
0.0213777
0.0213775
0.0213773
0.0213771
0.0213769
0.0213767
0.0213765
0.0213763
0.0213761
0.0213759
0.0213757
0.0213755
0.0213753
0.0213751
0.0213749
0.0213747
0.0213745
0.0213743
0.0213741
0.0213739
0.0213737
0.0213735
0.0213733
0.0213731
0.0213729
0.0213727
0.0213725
0.0213723
0.0213721
0.0213719
0.0213717
0.0213715
0.0213714
0.0213712
0.021371
0.0213708
0.0213706
0.0213704
0.0213702
0.02137
0.0213698
0.0213697
0.0213695
0.0213693
0.0213691
0.0213689
0.0213687
0.0213686
0.0213684
0.0213682
0.021368
0.0213678
0.0213676
0.0213675
0.0213673
0.0213671
0.0213669
0.0213668
0.0213666
0.0213664
0.0213662
0.021366
0.0213659
0.0213657
0.0213655
0.0213653
0.0213652
0.021365
0.0213648
0.0213646
0.0213645
0.0213643
0.0213641
0.021364
0.0213638
0.0213636
0.0213634
0.0213633
0.0213631
0.0213629
0.0213628
0.0213626
0.0213624
0.0213623
0.0213621
0.0213619
0.0213618
0.0213616
0.0213614
0.0213613
0.0213611
0.0213609
0.0213608
0.0213606
0.0213605
0.0213603
0.0213601
0.02136
0.0213598
0.0213597
0.0213595
0.0213593
0.0213592
0.021359
0.0213589
0.0213587
0.0213586
0.0213584
0.0213582
0.0213581
0.0213579
0.0213578
0.0213576
0.0213575
0.0213573
0.0213572
0.021357
0.0213569
0.0213567
0.0213566
0.0213564
0.0213563
0.0213561
0.021356
0.0213558
0.0213557
0.0213555
0.0213554
0.0213552
0.0213551
0.0213549
0.0213548
0.0213546
0.0213545
0.0213543
0.0213542
0.0213541
0.0213539
0.0213538
0.0213536
0.0213535
0.0213533
0.0213532
0.0213531
0.0213529
0.0213528
0.0213526
0.0213525
0.0213524
0.0213522
0.0213521
0.021352
0.0213518
0.0213517
0.0213515
0.0213514
0.0213513
0.0213511
0.021351
0.0213509
0.0213507
0.0213506
0.0213505
0.0213503
0.0213502
0.0213501
0.0213499
0.0213498
0.0213497
0.0213496
0.0213494
0.0213493
0.0213492
0.021349
0.0213489
0.0213488
0.0213487
0.0213485
0.0213484
0.0213483
0.0213482
0.021348
0.0213479
0.0213478
0.0213477
0.0213475
0.0213474
0.0213473
0.0213472
0.021347
0.0213469
0.0213468
0.0213467
0.0213466
0.0213464
0.0213463
0.0213462
0.0213461
0.021346
0.0213458
0.0213457
0.0213456
0.0213455
0.0213454
0.0213453
0.0213451
0.021345
0.0213449
0.0213448
0.0213447
0.0213446
0.0213445
0.0213443
0.0213442
0.0213441
0.021344
0.0213439
0.0213438
0.0213437
0.0213436
0.0213435
0.0213433
0.0213432
0.0213431
0.021343
0.0213429
0.0213428
0.0213427
0.0213426
0.0213425
0.0213424
0.0213423
0.0213422
0.0213421
0.021342
0.0213419
0.0213418
0.0213416
0.0213415
0.0213414
0.0213413
0.0213412
0.0213411
0.021341
0.0213409
0.0213408
0.0213407
0.0213406
0.0213405
0.0213404
0.0213403
0.0213402
0.0213401
0.02134
0.02134
0.0213399
0.0213398
0.0213397
0.0213396
0.0213395
0.0213394
0.0213393
0.0213392
0.0213391
0.021339
0.0213389
0.0213388
0.0213387
0.0213386
0.0213385
0.0213385
0.0213384
0.0213383
0.0213382
0.0213381
0.021338
0.0213379
0.0213378
0.0213377
0.0213376
0.0213376
0.0213375
0.0213374
0.0213373
0.0213372
0.0213371
0.021337
0.021337
0.0213369
0.0213368
0.0213367
0.0213366
0.0213365
0.0213365
0.0213364
0.0213363
0.0213362
0.0213361
0.021336
0.021336
0.0213359
0.0213358
0.0213357
0.0213356
0.0213356
0.0213355
0.0213354
0.0213353
0.0213353
0.0213352
0.0213351
0.021335
0.021335
0.0213349
0.0213348
0.0213347
0.0213347
0.0213346
0.0213345
0.0213344
0.0213344
0.0213343
0.0213342
0.0213341
0.0213341
0.021334
0.0213339
0.0213339
0.0213338
0.0213337
0.0213336
0.0213336
0.0213335
0.0213334
0.0213334
0.0213333
0.0213332
0.0213332
0.0213331
0.021333
0.021333
0.0213329
0.0213328
0.0213328
0.0213327
0.0213326
0.0213326
0.0213325
0.0213324
0.0213324
0.0213323
0.0213323
0.0213322
0.0213321
0.0213321
0.021332
0.0213319
0.0213319
0.0213318
0.0213318
0.0213317
0.0213316
0.0213316
0.0213315
0.0213315
0.0213314
0.0213314
0.0213313
0.0213312
0.0213312
0.0213311
0.0213311
0.021331
0.021331
0.0213309
0.0213308
0.0213308
0.0213307
0.0213307
0.0213306
0.0213306
0.0213305
0.0213305
0.0213304
0.0213304
0.0213303
0.0213303
0.0213302
0.0213302
0.0213301
0.0213301
0.02133
0.02133
0.0213299
0.0213299
0.0213298
0.0213298
0.0213297
0.0213297
0.0213296
0.0213296
0.0213295
0.0213295
0.0213294
0.0213294
0.0213294
0.0213293
0.0213293
0.0213292
0.0213292
0.0213291
0.0213291
0.021329
0.021329
0.021329
0.0213289
0.0213289
0.0213288
0.0213288
0.0213287
0.0213287
0.0213287
0.0213286
0.0213286
0.0213285
0.0213285
0.0213285
0.0213284
0.0213284
0.0213284
0.0213283
0.0213283
0.0213282
0.0213282
0.0213282
0.0213281
0.0213281
0.0213281
0.021328
0.021328
0.021328
0.0213279
0.0213279
0.0213279
0.0213278
0.0213278
0.0213278
0.0213277
0.0213277
0.0213277
0.0213276
0.0213276
0.0213276
0.0213275
0.0213275
0.0213275
0.0213275
0.0213274
0.0213274
0.0213274
0.0213273
0.0213273
0.0213273
0.0213273
0.0213272
0.0213272
0.0213272
0.0213271
0.0213271
0.0213271
0.0213271
0.021327
0.021327
0.021327
0.021327
0.0213269
0.0213269
0.0213269
0.0213269
0.0213268
0.0213268
0.0213268
0.0213268
0.0213268
0.0213267
0.0213267
0.0213267
0.0213267
0.0213267
0.0213266
0.0213266
0.0213266
0.0213266
0.0213266
0.0213265
0.0213265
0.0213265
0.0213265
0.0213265
0.0213265
0.0213264
0.0213264
0.0213264
0.0213264
0.0213264
0.0213264
0.0213263
0.0213263
0.0213263
0.0213263
0.0213263
0.0213263
0.0213263
0.0213262
0.0213262
0.0213262
0.0213262
0.0213262
0.0213262
0.0213262
0.0213262
0.0213261
0.0213261
0.0213261
0.0213261
0.0213261
0.0213261
0.0213261
0.0213261
0.0213261
0.0213261
0.021326
0.021326
0.021326
0.021326
0.021326
0.021326
0.021326
0.021326
0.021326
0.021326
0.021326
0.021326
0.021326
0.021326
0.021326
0.021326
0.021326
0.0213259
0.0213259
0.0213259
0.0213259
0.0213259
0.0213259
0.0213259
0.0213259
0.0213259
0.0213259
0.0213259
0.0213259
0.0213259
0.0213259
0.0213259
0.0213259
0.0213259
0.0213259
0.0213259
0.0213259
0.0213259
0.0213259
0.0213259
0.0213259
0.0213259
0.0213259
0.0213259
0.0213259
0.021326
0.021326
0.021326
0.021326
0.021326
0.021326
0.021326
0.021326
0.021326
0.021326
0.021326
0.021326
0.021326
0.021326
0.021326
0.021326
0.021326
0.0213261
0.0213261
0.0213261
0.0213261
0.0213261
0.0213261
0.0213261
0.0213261
0.0213261
0.0213261
0.0213262
0.0213262
0.0213262
0.0213262
0.0213262
0.0213262
0.0213262
0.0213262
0.0213262
0.0213263
0.0213263
0.0213263
0.0213263
0.0213263
0.0213263
0.0213263
0.0213264
0.0213264
0.0213264
0.0213264
0.0213264
0.0213264
0.0213264
0.0213265
0.0213265
0.0213265
0.0213265
0.0213265
0.0213266
0.0213266
0.0213266
0.0213266
0.0213266
0.0213266
0.0213267
0.0213267
0.0213267
0.0213267
0.0213267
0.0213268
0.0213268
0.0213268
0.0213268
0.0213268
0.0213269
0.0213269
0.0213269
0.0213269
0.021327
0.021327
0.021327
0.021327
0.021327
0.0213271
0.0213271
0.0213271
0.0213271
0.0213272
0.0213272
0.0213272
0.0213272
0.0213273
0.0213273
0.0213273
0.0213273
0.0213274
0.0213274
0.0213274
0.0213275
0.0213275
0.0213275
0.0213275
0.0213276
0.0213276
0.0213276
0.0213277
0.0213277
0.0213277
0.0213277
0.0213278
0.0213278
0.0213278
0.0213279
0.0213279
0.0213279
0.021328
0.021328
0.021328
0.021328
0.0213281
0.0213281
0.0213281
0.0213282
0.0213282
0.0213282
0.0213283
0.0213283
0.0213283
0.0213284
0.0213284
0.0213285
0.0213285
0.0213285
0.0213286
0.0213286
0.0213286
0.0213287
0.0213287
0.0213287
0.0213288
0.0213288
0.0213288
0.0213289
0.0213289
0.021329
0.021329
0.021329
0.0213291
0.0213291
0.0213292
0.0213292
0.0213292
0.0213293
0.0213293
0.0213293
0.0213294
0.0213294
0.0213295
0.0213295
0.0213296
0.0213296
0.0213296
0.0213297
0.0213297
0.0213298
0.0213298
0.0213298
0.0213299
0.0213299
0.02133
0.02133
0.0213301
0.0213301
0.0213302
0.0213302
0.0213302
0.0213303
0.0213303
0.0213304
0.0213304
0.0213305
0.0213305
0.0213306
0.0213306
0.0213307
0.0213307
0.0213307
0.0213308
0.0213308
0.0213309
0.0213309
0.021331
0.021331
0.0213311
0.0213311
0.0213312
0.0213312
0.0213313
0.0213313
0.0213314
0.0213314
0.0213315
0.0213315
0.0213316
0.0213316
0.0213317
0.0213317
0.0213318
0.0213318
0.0213319
0.0213319
0.021332
0.021332
0.0213321
0.0213321
0.0213322
0.0213323
0.0213323
0.0213324
0.0213324
0.0213325
0.0213325
0.0213326
0.0213326
0.0213327
0.0213327
0.0213328
0.0213329
0.0213329
0.021333
0.021333
0.0213331
0.0213331
0.0213332
0.0213332
0.0213333
0.0213334
0.0213334
0.0213335
0.0213335
0.0213336
0.0213337
0.0213337
0.0213338
0.0213338
0.0213339
0.0213339
0.021334
0.0213341
0.0213341
0.0213342
0.0213342
0.0213343
0.0213344
0.0213344
0.0213345
0.0213346
0.0213346
0.0213347
0.0213347
0.0213348
0.0213349
0.0213349
0.021335
0.021335
0.0213351
0.0213352
0.0213352
0.0213353
0.0213354
0.0213354
0.0213355
0.0213356
0.0213356
0.0213357
0.0213358
0.0213358
0.0213359
0.021336
0.021336
0.0213361
0.0213361
0.0213362
0.0213363
0.0213363
0.0213364
0.0213365
0.0213366
0.0213366
0.0213367
0.0213368
0.0213368
0.0213369
0.021337
0.021337
0.0213371
0.0213372
0.0213372
0.0213373
0.0213374
0.0213374
0.0213375
0.0213376
0.0213377
0.0213377
0.0213378
0.0213379
0.0213379
0.021338
0.0213381
0.0213382
0.0213382
0.0213383
0.0213384
0.0213384
0.0213385
0.0213386
0.0213387
0.0213387
0.0213388
0.0213389
0.021339
0.021339
0.0213391
0.0213392
0.0213393
0.0213393
0.0213394
0.0213395
0.0213396
0.0213396
0.0213397
0.0213398
0.0213399
0.0213399
0.02134
0.0213401
0.0213402
0.0213402
0.0213403
0.0213404
0.0213405
0.0213405
0.0213406
0.0213407
0.0213408
0.0213409
0.0213409
0.021341
0.0213411
0.0213412
0.0213413
0.0213413
0.0213414
0.0213415
0.0213416
0.0213417
0.0213417
0.0213418
0.0213419
0.021342
0.0213421
0.0213421
0.0213422
0.0213423
0.0213424
0.0213425
0.0213425
0.0213426
0.0213427
0.0213428
0.0213429
0.021343
0.021343
0.0213431
0.0213432
0.0213433
0.0213434
0.0213435
0.0213435
0.0213436
0.0213437
0.0213438
0.0213439
0.021344
0.0213441
0.0213441
0.0213442
0.0213443
0.0213444
0.0213445
0.0213446
0.0213447
0.0213447
0.0213448
0.0213449
0.021345
0.0213451
0.0213452
0.0213453
0.0213454
0.0213454
0.0213455
0.0213456
0.0213457
0.0213458
0.0213459
0.021346
0.0213461
0.0213462
0.0213462
0.0213463
0.0213464
0.0213465
0.0213466
0.0213467
0.0213468
0.0213469
0.021347
0.0213471
0.0213471
0.0213472
0.0213473
0.0213474
0.0213475
0.0213476
0.0213477
0.0213478
0.0213479
0.021348
0.0213481
0.0213482
0.0213483
0.0213483
0.0213484
0.0213485
0.0213486
0.0213487
0.0213488
0.0213489
0.021349
0.0213491
0.0213492
0.0213493
0.0213494
0.0213495
0.0213496
0.0213497
0.0213498
0.0213499
0.02135
0.0213501
0.0213501
0.0213502
0.0213503
0.0213504
0.0213505
0.0213506
0.0213507
0.0213508
0.0213509
0.021351
0.0213511
0.0213512
0.0213513
0.0213514
0.0213515
0.0213516
0.0213517
0.0213518
0.0213519
0.021352
0.0213521
0.0213522
0.0213523
0.0213524
0.0213525
0.0213526
0.0213527
0.0213528
0.0213529
0.021353
0.0213531
0.0213532
0.0213533
0.0213534
0.0213535
0.0213536
0.0213537
0.0213538
0.0213539
0.021354
0.0213541
0.0213542
0.0213543
0.0213544
0.0213545
0.0213546
0.0213548
0.0213549
0.021355
0.0213551
0.0213552
0.0213553
0.0213554
0.0213555
0.0213556
0.0213557
0.0213558
0.0213559
0.021356
0.0213561
0.0213562
0.0213563
0.0213564
0.0213565
0.0213566
0.0213567
0.0213569
0.021357
0.0213571
0.0213572
0.0213573
0.0213574
0.0213575
0.0213576
0.0213577
0.0213578
0.0213579
0.021358
0.0213581
0.0213583
0.0213584
0.0213585
0.0213586
0.0213587
0.0213588
0.0213589
0.021359
0.0213591
0.0213592
0.0213593
0.0213595
0.0213596
0.0213597
0.0213598
0.0213599
0.02136
0.0213601
0.0213602
0.0213603
0.0213605
0.0213606
0.0213607
0.0213608
0.0213609
0.021361
0.0213611
0.0213612
0.0213614
0.0213615
0.0213616
0.0213617
0.0213618
0.0213619
0.021362
0.0213621
0.0213623
0.0213624
0.0213625
0.0213626
0.0213627
0.0213628
0.0213629
0.0213631
0.0213632
0.0213633
0.0213634
0.0213635
0.0213636
0.0213637
0.0213639
0.021364
0.0213641
0.0213642
0.0213643
0.0213644
0.0213646
0.0213647
0.0213648
0.0213649
0.021365
0.0213651
0.0213653
0.0213654
0.0213655
0.0213656
0.0213657
0.0213659
0.021366
0.0213661
0.0213662
0.0213663
0.0213664
0.0213666
0.0213667
0.0213668
0.0213669
0.021367
0.0213672
0.0213673
0.0213674
0.0213675
0.0213676
0.0213678
0.0213679
0.021368
0.0213681
0.0213682
0.0213684
0.0213685
0.0213686
0.0213687
0.0213688
0.021369
0.0213691
0.0213692
0.0213693
0.0213695
0.0213696
0.0213697
0.0213698
0.0213699
0.0213701
0.0213702
0.0213703
0.0213704
0.0213706
0.0213707
0.0213708
0.0213709
0.0213711
0.0213712
0.0213713
0.0213714
0.0213716
0.0213717
0.0213718
0.0213719
0.0213721
0.0213722
0.0213723
0.0213724
0.0213726
0.0213727
0.0213728
0.0213729
0.0213731
0.0213732
0.0213733
0.0213734
0.0213736
0.0213737
0.0213738
0.0213739
0.0213741
0.0213742
0.0213743
0.0213744
0.0213746
0.0213747
0.0213748
0.021375
0.0213751
0.0213752
0.0213753
0.0213755
0.0213756
0.0213757
0.0213759
0.021376
0.0213761
0.0213762
0.0213764
0.0213765
0.0213766
0.0213768
0.0213769
0.021377
0.0213772
0.0213773
0.0213774
0.0213775
0.0213777
0.0213778
0.0213779
0.0213781
0.0213782
0.0213783
0.0213785
0.0213786
0.0213787
0.0213789
0.021379
0.0213791
0.0213792
0.0213794
0.0213795
0.0213796
0.0213798
0.0213799
0.02138
0.0213802
0.0213803
0.0213804
0.0213806
0.0213807
0.0213808
0.021381
0.0213811
0.0213812
0.0213814
0.0213815
0.0213816
0.0213818
0.0213819
0.021382
0.0213822
0.0213823
0.0213824
0.0213826
0.0213827
0.0213829
0.021383
0.0213831
0.0213833
0.0213834
0.0213835
0.0213837
0.0213838
0.0213839
0.0213841
0.0213842
0.0213843
0.0213845
0.0213846
0.0213848
0.0213849
0.021385
0.0213852
0.0213853
0.0213854
0.0213856
0.0213857
0.0213859
0.021386
0.0213861
0.0213863
0.0213864
0.0213865
0.0213867
0.0213868
0.021387
0.0213871
0.0213872
0.0213874
0.0213875
0.0213877
0.0213878
0.0213879
0.0213881
0.0213882
0.0213884
0.0213885
0.0213886
0.0213888
0.0213889
0.0213891
0.0213892
0.0213893
0.0213895
0.0213896
0.0213898
0.0213899
0.02139
0.0213902
0.0213903
0.0213905
0.0213906
0.0213908
0.0213909
0.021391
0.0213912
0.0213913
0.0213915
0.0213916
0.0213917
0.0213919
0.021392
0.0213922
0.0213923
0.0213925
0.0213926
0.0213927
0.0213929
0.021393
0.0213932
0.0213933
0.0213935
0.0213936
0.0213938
0.0213939
0.021394
0.0213942
0.0213943
0.0213945
0.0213946
0.0213948
0.0213949
0.0213951
0.0213952
0.0213953
0.0213955
0.0213956
0.0213958
0.0213959
0.0213961
0.0213962
0.0213964
0.0213965
0.0213967
0.0213968
0.021397
0.0213971
0.0213972
0.0213974
0.0213975
0.0213977
0.0213978
0.021398
0.0213981
0.0213983
0.0213984
0.0213986
0.0213987
0.0213989
0.021399
0.0213992
0.0213993
0.0213995
0.0213996
0.0213998
0.0213999
0.0214001
0.0214002
0.0214003
0.0214005
0.0214006
0.0214008
0.0214009
0.0214011
0.0214012
0.0214014
0.0214015
0.0214017
0.0214018
0.021402
0.0214021
0.0214023
0.0214024
0.0214026
0.0214027
0.0214029
0.021403
0.0214032
0.0214033
0.0214035
0.0214037
0.0214038
0.021404
0.0214041
0.0214043
0.0214044
0.0214046
0.0214047
0.0214049
0.021405
0.0214052
0.0214053
0.0214055
0.0214056
0.0214058
0.0214059
0.0214061
0.0214062
0.0214064
0.0214065
0.0214067
0.0214068
0.021407
0.0214072
0.0214073
0.0214075
0.0214076
0.0214078
0.0214079
0.0214081
0.0214082
0.0214084
0.0214085
0.0214087
0.0214088
0.021409
0.0214092
0.0214093
0.0214095
0.0214096
0.0214098
0.0214099
0.0214101
0.0214102
0.0214104
0.0214106
0.0214107
0.0214109
0.021411
0.0214112
0.0214113
0.0214115
0.0214116
0.0214118
0.021412
0.0214121
0.0214123
0.0214124
0.0214126
0.0214127
0.0214129
0.0214131
0.0214132
0.0214134
0.0214135
0.0214137
0.0214138
0.021414
0.0214142
0.0214143
0.0214145
0.0214146
0.0214148
0.021415
0.0214151
0.0214153
0.0214154
0.0214156
0.0214157
0.0214159
0.0214161
0.0214162
0.0214164
0.0214165
0.0214167
0.0214169
0.021417
0.0214172
0.0214173
0.0214175
0.0214177
0.0214178
0.021418
0.0214181
0.0214183
0.0214185
0.0214186
0.0214188
0.0214189
0.0214191
0.0214193
0.0214194
0.0214196
0.0214197
0.0214199
0.0214201
0.0214202
0.0214204
0.0214206
0.0214207
0.0214209
0.021421
0.0214212
0.0214214
0.0214215
0.0214217
0.0214218
0.021422
0.0214222
0.0214223
0.0214225
0.0214227
0.0214228
0.021423
0.0214232
0.0214233
0.0214235
0.0214236
0.0214238
0.021424
0.0214241
0.0214243
0.0214245
0.0214246
0.0214248
0.0214249
0.0214251
0.0214253
0.0214254
0.0214256
0.0214258
0.0214259
0.0214261
0.0214263
0.0214264
0.0214266
0.0214268
0.0214269
0.0214271
0.0214273
0.0214274
0.0214276
0.0214278
0.0214279
0.0214281
0.0214282
0.0214284
0.0214286
0.0214287
0.0214289
0.0214291
0.0214292
0.0214294
0.0214296
0.0214297
0.0214299
0.0214301
0.0214302
0.0214304
0.0214306
0.0214307
0.0214309
0.0214311
0.0214312
0.0214314
0.0214316
0.0214317
0.0214319
0.0214321
0.0214323
0.0214324
0.0214326
0.0214328
0.0214329
0.0214331
0.0214333
0.0214334
0.0214336
0.0214338
0.0214339
0.0214341
0.0214343
0.0214344
0.0214346
0.0214348
0.0214349
0.0214351
0.0214353
0.0214355
0.0214356
0.0214358
0.021436
0.0214361
0.0214363
0.0214365
0.0214366
0.0214368
0.021437
0.0214372
0.0214373
0.0214375
0.0214377
0.0214378
0.021438
0.0214382
0.0214383
0.0214385
0.0214387
0.0214389
0.021439
0.0214392
0.0214394
0.0214395
0.0214397
0.0214399
0.0214401
0.0214402
0.0214404
0.0214406
0.0214407
0.0214409
0.0214411
0.0214413
0.0214414
0.0214416
0.0214418
0.021442
0.0214421
0.0214423
0.0214425
0.0214426
0.0214428
0.021443
0.0214432
0.0214433
0.0214435
0.0214437
0.0214439
0.021444
0.0214442
0.0214444
0.0214445
0.0214447
0.0214449
0.0214451
0.0214452
0.0214454
0.0214456
0.0214458
0.0214459
0.0214461
0.0214463
0.0214465
0.0214466
0.0214468
0.021447
0.0214472
0.0214473
0.0214475
0.0214477
0.0214479
0.021448
0.0214482
0.0214484
0.0214486
0.0214487
0.0214489
0.0214491
0.0214493
0.0214494
0.0214496
0.0214498
0.02145
0.0214501
0.0214503
0.0214505
0.0214507
0.0214508
0.021451
0.0214512
0.0214514
0.0214516
0.0214517
0.0214519
0.0214521
0.0214523
0.0214524
0.0214526
0.0214528
0.021453
0.0214531
0.0214533
0.0214535
0.0214537
0.0214539
0.021454
0.0214542
0.0214544
0.0214546
0.0214547
0.0214549
0.0214551
0.0214553
0.0214555
0.0214556
0.0214558
0.021456
0.0214562
0.0214564
0.0214565
0.0214567
0.0214569
0.0214571
0.0214572
0.0214574
0.0214576
0.0214578
0.021458
0.0214581
0.0214583
0.0214585
0.0214587
0.0214589
0.021459
0.0214592
0.0214594
0.0214596
0.0214598
0.0214599
0.0214601
0.0214603
0.0214605
0.0214607
0.0214608
0.021461
0.0214612
0.0214614
0.0214616
0.0214617
0.0214619
0.0214621
0.0214623
0.0214625
0.0214627
0.0214628
0.021463
0.0214632
0.0214634
0.0214636
0.0214637
0.0214639
0.0214641
0.0214643
0.0214645
0.0214646
0.0214648
0.021465
0.0214652
0.0214654
0.0214656
0.0214657
0.0214659
0.0214661
0.0214663
0.0214665
0.0214667
0.0214668
0.021467
0.0214672
0.0214674
0.0214676
0.0214678
0.0214679
0.0214681
0.0214683
0.0214685
0.0214687
0.0214689
0.021469
0.0214692
0.0214694
0.0214696
0.0214698
0.02147
0.0214701
0.0214703
0.0214705
0.0214707
0.0214709
0.0214711
0.0214712
0.0214714
0.0214716
0.0214718
0.021472
0.0214722
0.0214724
0.0214725
0.0214727
0.0214729
0.0214731
0.0214733
0.0214735
0.0214736
0.0214738
0.021474
0.0214742
0.0214744
0.0214746
0.0214748
0.0214749
0.0214751
0.0214753
0.0214755
0.0214757
0.0214759
0.0214761
0.0214762
0.0214764
0.0214766
0.0214768
0.021477
0.0214772
0.0214774
0.0214776
0.0214777
0.0214779
0.0214781
0.0214783
0.0214785
0.0214787
0.0214789
0.021479
0.0214792
0.0214794
0.0214796
0.0214798
0.02148
0.0214802
0.0214804
0.0214805
0.0214807
0.0214809
0.0214811
0.0214813
0.0214815
0.0214817
0.0214819
0.0214821
0.0214822
0.0214824
0.0214826
0.0214828
0.021483
0.0214832
0.0214834
0.0214836
0.0214837
0.0214839
0.0214841
0.0214843
0.0214845
0.0214847
0.0214849
0.0214851
0.0214853
0.0214854
0.0214856
0.0214858
0.021486
0.0214862
0.0214864
0.0214866
0.0214868
0.021487
0.0214872
0.0214873
0.0214875
0.0214877
0.0214879
0.0214881
0.0214883
0.0214885
0.0214887
0.0214889
0.0214891
0.0214892
0.0214894
0.0214896
0.0214898
0.02149
0.0214902
0.0214904
0.0214906
0.0214908
0.021491
0.0214912
0.0214913
0.0214915
0.0214917
0.0214919
0.0214921
0.0214923
0.0214925
0.0214927
0.0214929
0.0214931
0.0214933
0.0214935
0.0214936
0.0214938
0.021494
0.0214942
0.0214944
0.0214946
0.0214948
0.021495
0.0214952
0.0214954
0.0214956
0.0214958
0.021496
0.0214961
0.0214963
0.0214965
0.0214967
0.0214969
0.0214971
0.0214973
0.0214975
0.0214977
0.0214979
0.0214981
0.0214983
0.0214985
0.0214987
0.0214988
0.021499
0.0214992
0.0214994
0.0214996
0.0214998
0.0215
0.0215002
0.0215004
0.0215006
0.0215008
0.021501
0.0215012
0.0215014
0.0215016
0.0215018
0.0215019
0.0215021
0.0215023
0.0215025
0.0215027
0.0215029
0.0215031
0.0215033
0.0215035
0.0215037
0.0215039
0.0215041
0.0215043
0.0215045
0.0215047
0.0215049
0.0215051
0.0215053
0.0215055
0.0215057
0.0215058
0.021506
0.0215062
0.0215064
0.0215066
0.0215068
0.021507
0.0215072
0.0215074
0.0215076
0.0215078
0.021508
0.0215082
0.0215084
0.0215086
0.0215088
0.021509
0.0215092
0.0215094
0.0215096
0.0215098
0.02151
0.0215102
0.0215104
0.0215106
0.0215107
0.0215109
0.0215111
0.0215113
0.0215115
0.0215117
0.0215119
0.0215121
0.0215123
0.0215125
0.0215127
0.0215129
0.0215131
0.0215133
0.0215135
0.0215137
0.0215139
0.0215141
0.0215143
0.0215145
0.0215147
0.0215149
0.0215151
0.0215153
0.0215155
0.0215157
0.0215159
0.0215161
0.0215163
0.0215165
0.0215167
0.0215169
0.0215171
0.0215173
0.0215175
0.0215177
0.0215179
0.0215181
0.0215183
0.0215185
0.0215187
0.0215189
0.0215191
0.0215193
0.0215195
0.0215197
0.0215199
0.0215201
0.0215203
0.0215205
0.0215207
0.0215209
0.0215211
0.0215213
0.0215215
0.0215217
0.0215219
0.0215221
0.0215223
0.0215225
0.0215227
0.0215229
0.0215231
0.0215233
0.0215235
0.0215237
0.0215239
0.0215241
0.0215243
0.0215245
0.0215247
0.0215249
0.0215251
0.0215253
0.0215255
0.0215257
0.0215259
0.0215261
0.0215263
0.0215265
0.0215267
0.0215269
0.0215271
0.0215273
0.0215275
0.0215277
0.0215279
0.0215281
0.0215283
0.0215285
0.0215287
0.0215289
0.0215291
0.0215293
0.0215295
0.0215297
0.0215299
0.0215301
0.0215303
0.0215305
0.0215307
0.0215309
0.0215311
0.0215313
0.0215315
0.0215317
0.0215319
0.0215321
0.0215323
0.0215325
0.0215327
0.0215329
0.0215331
0.0215333
0.0215335
0.0215337
0.0215339
0.0215341
0.0215343
0.0215345
0.0215347
0.0215349
0.0215351
0.0215353
0.0215355
0.0215358
0.021536
0.0215362
0.0215364
0.0215366
0.0215368
0.021537
0.0215372
0.0215374
0.0215376
0.0215378
0.021538
0.0215382
0.0215384
0.0215386
0.0215388
0.021539
0.0215392
0.0215394
0.0215396
0.0215398
0.02154
0.0215402
0.0215404
0.0215406
0.0215408
0.021541
0.0215413
0.0215415
0.0215417
0.0215419
0.0215421
0.0215423
0.0215425
0.0215427
0.0215429
0.0215431
0.0215433
0.0215435
0.0215437
0.0215439
0.0215441
0.0215443
0.0215445
0.0215447
0.0215449
0.0215451
0.0215453
0.0215456
0.0215458
0.021546
0.0215462
0.0215464
0.0215466
0.0215468
0.021547
0.0215472
0.0215474
0.0215476
0.0215478
0.021548
0.0215482
0.0215484
0.0215486
0.0215488
0.021549
0.0215493
0.0215495
0.0215497
0.0215499
0.0215501
0.0215503
0.0215505
0.0215507
0.0215509
0.0215511
0.0215513
0.0215515
0.0215517
0.0215519
0.0215521
0.0215523
0.0215526
0.0215528
0.021553
0.0215532
0.0215534
0.0215536
0.0215538
0.021554
0.0215542
0.0215544
0.0215546
0.0215548
0.021555
0.0215552
0.0215555
0.0215557
0.0215559
0.0215561
0.0215563
0.0215565
0.0215567
0.0215569
0.0215571
0.0215573
0.0215575
0.0215577
0.0215579
0.0215582
0.0215584
0.0215586
0.0215588
0.021559
0.0215592
0.0215594
0.0215596
0.0215598
0.02156
0.0215602
0.0215604
0.0215607
0.0215609
0.0215611
0.0215613
0.0215615
0.0215617
0.0215619
0.0215621
0.0215623
0.0215625
0.0215627
0.0215629
0.0215632
0.0215634
0.0215636
0.0215638
0.021564
0.0215642
0.0215644
0.0215646
0.0215648
0.021565
0.0215652
0.0215655
0.0215657
0.0215659
0.0215661
0.0215663
0.0215665
0.0215667
0.0215669
0.0215671
0.0215673
0.0215675
0.0215678
0.021568
0.0215682
0.0215684
0.0215686
0.0215688
0.021569
0.0215692
0.0215694
0.0215696
0.0215699
0.0215701
0.0215703
0.0215705
0.0215707
0.0215709
0.0215711
0.0215713
0.0215715
0.0215718
0.021572
0.0215722
0.0215724
0.0215726
0.0215728
0.021573
0.0215732
0.0215734
0.0215736
0.0215739
0.0215741
0.0215743
0.0215745
0.0215747
0.0215749
0.0215751
0.0215753
0.0215755
0.0215758
0.021576
0.0215762
0.0215764
0.0215766
0.0215768
0.021577
0.0215772
0.0215774
0.0215777
0.0215779
0.0215781
0.0215783
0.0215785
0.0215787
0.0215789
0.0215791
0.0215794
0.0215796
0.0215798
0.02158
0.0215802
0.0215804
0.0215806
0.0215808
0.0215811
0.0215813
0.0215815
0.0215817
0.0215819
0.0215821
0.0215823
0.0215825
0.0215827
0.021583
0.0215832
0.0215834
0.0215836
0.0215838
0.021584
0.0215842
0.0215844
0.0215847
0.0215849
0.0215851
0.0215853
0.0215855
0.0215857
0.0215859
0.0215862
0.0215864
0.0215866
0.0215868
0.021587
0.0215872
0.0215874
0.0215876
0.0215879
0.0215881
0.0215883
0.0215885
0.0215887
0.0215889
0.0215891
0.0215894
0.0215896
0.0215898
0.02159
0.0215902
0.0215904
0.0215906
0.0215908
0.0215911
0.0215913
0.0215915
0.0215917
0.0215919
0.0215921
0.0215923
0.0215926
0.0215928
0.021593
0.0215932
0.0215934
0.0215936
0.0215938
0.0215941
0.0215943
0.0215945
0.0215947
0.0215949
0.0215951
0.0215953
0.0215956
0.0215958
0.021596
0.0215962
0.0215964
0.0215966
0.0215968
0.0215971
0.0215973
0.0215975
0.0215977
0.0215979
0.0215981
0.0215984
0.0215986
0.0215988
0.021599
0.0215992
0.0215994
0.0215996
0.0215999
0.0216001
0.0216003
0.0216005
0.0216007
0.0216009
0.0216012
0.0216014
0.0216016
0.0216018
0.021602
0.0216022
0.0216024
0.0216027
0.0216029
0.0216031
0.0216033
0.0216035
0.0216037
0.021604
0.0216042
0.0216044
0.0216046
0.0216048
0.021605
0.0216053
0.0216055
0.0216057
0.0216059
0.0216061
0.0216063
0.0216065
0.0216068
0.021607
0.0216072
0.0216074
0.0216076
0.0216078
0.0216081
0.0216083
0.0216085
0.0216087
0.0216089
0.0216091
0.0216094
0.0216096
0.0216098
0.02161
0.0216102
0.0216104
0.0216107
0.0216109
0.0216111
0.0216113
0.0216115
0.0216117
0.021612
0.0216122
0.0216124
0.0216126
0.0216128
0.0216131
0.0216133
0.0216135
0.0216137
0.0216139
