0.5
0.495025
0.490099
0.485223
0.480395
0.475615
0.470882
0.466197
0.461558
0.456966
0.452419
0.447917
0.44346
0.439048
0.434679
0.430354
0.426072
0.421832
0.417635
0.41348
0.409365
0.405292
0.401259
0.397267
0.393314
0.3894
0.385526
0.38169
0.377892
0.374132
0.370409
0.366723
0.363075
0.359462
0.355885
0.352344
0.348838
0.345367
0.341931
0.338528
0.33516
0.331825
0.328523
0.325255
0.322018
0.318814
0.315642
0.312501
0.309392
0.306313
0.303265
0.300248
0.29726
0.294302
0.291374
0.288475
0.285605
0.282763
0.279949
0.277164
0.274406
0.271675
0.268972
0.266296
0.263646
0.261023
0.258426
0.255854
0.253309
0.250788
0.248293
0.245822
0.243376
0.240955
0.238557
0.236184
0.233834
0.231507
0.229204
0.226923
0.224665
0.22243
0.220217
0.218026
0.215857
0.213709
0.211583
0.209478
0.207394
0.20533
0.203288
0.201265
0.199263
0.197281
0.195318
0.193375
0.191452
0.189548
0.187662
0.185796
0.183948
0.182119
0.180308
0.178516
0.176741
0.174984
0.173245
0.171523
0.169818
0.168131
0.166461
0.164807
0.163171
0.161551
0.159947
0.15836
0.156789
0.155234
0.153695
0.152172
0.150664
0.149172
0.147696
0.146234
0.144789
0.143358
0.141942
0.140541
0.139156
0.137785
0.136428
0.135087
0.13376
0.132447
0.131149
0.129865
0.128596
0.127341
0.126101
0.124874
0.123662
0.122464
0.12128
0.12011
0.118954
0.117813
0.116686
0.115572
0.114473
0.113388
0.112318
0.111261
0.110219
0.10919
0.108177
0.107177
0.106192
0.105221
0.104264
0.103322
0.102395
0.101482
0.100584
0.0997
0.098831
0.0979767
0.0971371
0.0963124
0.0955024
0.0947074
0.0939272
0.093162
0.0924116
0.0916762
0.0909558
0.0902503
0.0895597
0.0888841
0.0882233
0.0875774
0.0869463
0.08633
0.0857284
0.0851414
0.084569
0.084011
0.0834674
0.0829381
0.0824228
0.0819216
0.0814343
0.0809606
0.0805005
0.0800538
0.0796202
0.0791997
0.078792
0.078397
0.0780143
0.0776438
0.0772854
0.0769386
0.0766034
0.0762795
0.0759666
0.0756645
0.0753729
0.0750917
0.0748205
0.0745592
0.0743074
0.0740649
0.0738314
0.0736068
0.0733907
0.0731829
0.0729832
0.0727913
0.0726069
0.07243
0.0722601
0.0720971
0.0719408
0.071791
0.0716473
0.0715097
0.0713778
0.0712516
0.0711307
0.0710151
0.0709044
0.0707986
0.0706975
0.0706008
0.0705085
0.0704203
0.0703361
0.0702557
0.070179
0.0701059
0.0700361
0.0699696
0.0699063
0.0698459
0.0697885
0.0697338
0.0696817
0.0696323
0.0695852
0.0695405
0.069498
0.0694577
0.0694195
0.0693832
0.0693488
0.0693162
0.0692853
0.0692561
0.0692285
0.0692023
0.0691777
0.0691544
0.0691324
0.0691117
0.0690923
0.069074
0.0690567
0.0690406
0.0690254
0.0690113
0.068998
0.0689856
0.0689741
0.0689634
0.0689534
0.0689442
0.0689357
0.0689278
0.0689206
0.068914
0.068908
0.0689025
0.0688976
0.0688931
0.0688891
0.0688856
0.0688826
0.0688799
0.0688777
0.0688758
0.0688743
0.0688731
0.0688723
0.0688717
0.0688715
0.0688715
0.0688719
0.0688724
0.0688732
0.0688743
0.0688756
0.068877
0.0688787
0.0688806
0.0688826
0.0688848
0.0688872
0.0688897
0.0688924
0.0688952
0.0688981
0.0689012
0.0689044
0.0689077
0.0689111
0.0689146
0.0689182
0.0689218
0.0689256
0.0689294
0.0689334
0.0689373
0.0689414
0.0689455
0.0689497
0.0689539
0.0689582
0.0689625
0.0689669
0.0689713
0.0689757
0.0689802
0.0689847
0.0689893
0.0689938
0.0689984
0.0690031
0.0690077
0.0690124
0.069017
0.0690217
0.0690265
0.0690312
0.0690359
0.0690407
0.0690454
0.0690502
0.0690549
0.0690597
0.0690645
0.0690692
0.069074
0.0690788
0.0690836
0.0690883
0.0690931
0.0690978
0.0691026
0.0691073
0.0691121
0.0691168
0.0691215
0.0691263
0.069131
0.0691357
0.0691404
0.069145
0.0691497
0.0691544
0.069159
0.0691636
0.0691682
0.0691728
0.0691774
0.069182
0.0691865
0.0691911
0.0691956
0.0692001
0.0692046
0.0692091
0.0692136
0.069218
0.0692224
0.0692268
0.0692312
0.0692356
0.0692399
0.0692443
0.0692486
0.0692529
0.0692572
0.0692614
0.0692657
0.0692699
0.0692741
0.0692783
0.0692825
0.0692866
0.0692907
0.0692948
0.0692989
0.069303
0.069307
0.0693111
0.0693151
0.0693191
0.069323
0.069327
0.0693309
0.0693348
0.0693387
0.0693426
0.0693464
0.0693502
0.069354
0.0693578
0.0693616
0.0693653
0.069369
0.0693727
0.0693764
0.06938
0.0693837
0.0693873
0.0693909
0.0693945
0.069398
0.0694015
0.0694051
0.0694085
0.069412
0.0694155
0.0694189
0.0694223
0.0694257
0.069429
0.0694324
0.0694357
0.069439
0.0694423
0.0694455
0.0694488
0.069452
0.0694552
0.0694584
0.0694615
0.0694646
0.0694678
0.0694708
0.0694739
0.069477
0.06948
0.069483
0.069486
0.069489
0.0694919
0.0694948
0.0694977
0.0695006
0.0695035
0.0695063
0.0695092
0.069512
0.0695147
0.0695175
0.0695203
0.069523
0.0695257
0.0695284
0.069531
0.0695337
0.0695363
0.0695389
0.0695415
0.069544
0.0695466
0.0695491
0.0695516
0.0695541
0.0695565
0.069559
0.0695614
0.0695638
0.0695662
0.0695685
0.0695708
0.0695732
0.0695755
0.0695777
0.06958
0.0695822
0.0695845
0.0695867
0.0695889
0.069591
0.0695932
0.0695953
0.0695974
0.0695995
0.0696015
0.0696036
0.0696056
0.0696076
0.0696096
0.0696116
0.0696135
0.0696154
0.0696173
0.0696192
0.0696211
0.0696229
0.0696248
0.0696266
0.0696284
0.0696302
0.0696319
0.0696336
0.0696354
0.0696371
0.0696387
0.0696404
0.069642
0.0696437
0.0696453
0.0696468
0.0696484
0.06965
0.0696515
0.069653
0.0696545
0.069656
0.0696574
0.0696588
0.0696603
0.0696617
0.069663
0.0696644
0.0696657
0.0696671
0.0696684
0.0696696
0.0696709
0.0696722
0.0696734
0.0696746
0.0696758
0.069677
0.0696781
0.0696793
0.0696804
0.0696815
0.0696826
0.0696836
0.0696847
0.0696857
0.0696867
0.0696877
0.0696887
0.0696896
0.0696906
0.0696915
0.0696924
0.0696933
0.0696942
0.069695
0.0696958
0.0696966
0.0696974
0.0696982
0.069699
0.0696997
0.0697004
0.0697011
0.0697018
0.0697025
0.0697032
0.0697038
0.0697044
0.069705
0.0697056
0.0697061
0.0697067
0.0697072
0.0697077
0.0697082
0.0697087
0.0697092
0.0697096
0.06971
0.0697104
0.0697108
0.0697112
0.0697115
0.0697119
0.0697122
0.0697125
0.0697128
0.069713
0.0697133
0.0697135
0.0697137
0.0697139
0.0697141
0.0697143
0.0697144
0.0697145
0.0697146
0.0697147
0.0697148
0.0697149
0.0697149
0.0697149
0.0697149
0.0697149
0.0697149
0.0697148
0.0697148
0.0697147
0.0697146
0.0697145
0.0697144
0.0697142
0.069714
0.0697139
0.0697137
0.0697135
0.0697132
0.069713
0.0697127
0.0697124
0.0697121
0.0697118
0.0697115
0.0697111
0.0697107
0.0697104
0.06971
0.0697095
0.0697091
0.0697086
0.0697082
0.0697077
0.0697072
0.0697067
0.0697061
0.0697056
0.069705
0.0697044
0.0697038
0.0697032
0.0697025
0.0697019
0.0697012
0.0697005
0.0696998
0.0696991
0.0696984
0.0696976
0.0696968
0.069696
0.0696952
0.0696944
0.0696936
0.0696927
0.0696918
0.069691
0.0696901
0.0696891
0.0696882
0.0696872
0.0696863
0.0696853
0.0696843
0.0696832
0.0696822
0.0696812
0.0696801
0.069679
0.0696779
0.0696768
0.0696756
0.0696745
0.0696733
0.0696721
0.0696709
0.0696697
0.0696684
0.0696672
0.0696659
0.0696646
0.0696633
0.069662
0.0696607
0.0696593
0.0696579
0.0696566
0.0696552
0.0696537
0.0696523
0.0696508
0.0696494
0.0696479
0.0696464
0.0696449
0.0696433
0.0696418
0.0696402
0.0696386
0.069637
0.0696354
0.0696338
0.0696321
0.0696304
0.0696288
0.0696271
0.0696253
0.0696236
0.0696219
0.0696201
0.0696183
0.0696165
0.0696147
0.0696129
0.069611
0.0696091
0.0696073
0.0696054
0.0696034
0.0696015
0.0695996
0.0695976
0.0695956
0.0695936
0.0695916
0.0695896
0.0695875
0.0695855
0.0695834
0.0695813
0.0695792
0.069577
0.0695749
0.0695727
0.0695705
0.0695683
0.0695661
0.0695639
0.0695616
0.0695594
0.0695571
0.0695548
0.0695525
0.0695502
0.0695478
0.0695455
0.0695431
0.0695407
0.0695383
0.0695358
0.0695334
0.0695309
0.0695284
0.0695259
0.0695234
0.0695209
0.0695184
0.0695158
0.0695132
0.0695106
0.069508
0.0695054
0.0695027
0.0695001
0.0694974
0.0694947
0.069492
0.0694892
0.0694865
0.0694837
0.069481
0.0694782
0.0694753
0.0694725
0.0694697
0.0694668
0.0694639
0.069461
0.0694581
0.0694552
0.0694522
0.0694493
0.0694463
0.0694433
0.0694403
0.0694372
0.0694342
0.0694311
0.069428
0.0694249
0.0694218
0.0694187
0.0694155
0.0694124
0.0694092
0.069406
0.0694028
0.0693995
0.0693963
0.069393
0.0693897
0.0693864
0.0693831
0.0693797
0.0693764
0.069373
0.0693696
0.0693662
0.0693628
0.0693594
0.0693559
0.0693524
0.0693489
0.0693454
0.0693419
0.0693383
0.0693348
0.0693312
0.0693276
0.069324
0.0693204
0.0693167
0.0693131
0.0693094
0.0693057
0.069302
0.0692982
0.0692945
0.0692907
0.0692869
0.0692831
0.0692793
0.0692755
0.0692716
0.0692677
0.0692638
0.0692599
0.069256
0.0692521
0.0692481
0.0692441
0.0692401
0.0692361
0.0692321
0.069228
0.069224
0.0692199
0.0692158
0.0692117
0.0692075
0.0692034
0.0691992
0.069195
0.0691908
0.0691866
0.0691823
0.0691781
0.0691738
0.0691695
0.0691652
0.0691608
0.0691565
0.0691521
0.0691477
0.0691433
0.0691389
0.0691345
0.06913
0.0691255
0.069121
0.0691165
0.069112
0.0691074
0.0691029
0.0690983
0.0690937
0.0690891
0.0690844
0.0690798
0.0690751
0.0690704
0.0690657
0.069061
0.0690562
0.0690515
0.0690467
0.0690419
0.069037
0.0690322
0.0690273
0.0690225
0.0690176
0.0690127
0.0690077
0.0690028
0.0689978
0.0689928
0.0689878
0.0689828
0.0689777
0.0689727
0.0689676
0.0689625
0.0689574
0.0689523
0.0689471
0.0689419
0.0689367
0.0689315
0.0689263
0.068921
0.0689158
0.0689105
0.0689052
0.0688999
0.0688945
0.0688891
0.0688838
0.0688784
0.0688729
0.0688675
0.0688621
0.0688566
0.0688511
0.0688456
0.06884
0.0688345
0.0688289
0.0688233
0.0688177
0.0688121
0.0688064
0.0688008
0.0687951
0.0687894
0.0687836
0.0687779
0.0687721
0.0687663
0.0687605
0.0687547
0.0687489
0.068743
0.0687371
0.0687312
0.0687253
0.0687194
0.0687134
0.0687074
0.0687014
0.0686954
0.0686894
0.0686833
0.0686772
0.0686711
0.068665
0.0686589
0.0686527
0.0686465
0.0686403
0.0686341
0.0686279
0.0686216
0.0686154
0.0686091
0.0686027
0.0685964
0.06859
0.0685837
0.0685773
0.0685708
0.0685644
0.0685579
0.0685515
0.068545
0.0685384
0.0685319
0.0685253
0.0685188
0.0685122
0.0685055
0.0684989
0.0684922
0.0684855
0.0684788
0.0684721
0.0684654
0.0684586
0.0684518
0.068445
0.0684382
0.0684313
0.0684245
0.0684176
0.0684107
0.0684037
0.0683968
0.0683898
0.0683828
0.0683758
0.0683688
0.0683617
0.0683546
0.0683475
0.0683404
0.0683333
0.0683261
0.0683189
0.0683117
0.0683045
0.0682972
0.06829
0.0682827
0.0682754
0.068268
0.0682607
0.0682533
0.0682459
0.0682385
0.068231
0.0682236
0.0682161
0.0682086
0.0682011
0.0681935
0.0681859
0.0681783
0.0681707
0.0681631
0.0681554
0.0681478
0.0681401
0.0681323
0.0681246
0.0681168
0.068109
0.0681012
0.0680934
0.0680855
0.0680777
0.0680698
0.0680619
0.0680539
0.0680459
0.068038
0.06803
0.0680219
0.0680139
0.0680058
0.0679977
0.0679896
0.0679814
0.0679733
0.0679651
0.0679569
0.0679486
0.0679404
0.0679321
0.0679238
0.0679155
0.0679071
0.0678988
0.0678904
0.067882
0.0678735
0.0678651
0.0678566
0.0678481
0.0678396
0.067831
0.0678225
0.0678139
0.0678052
0.0677966
0.0677879
0.0677793
0.0677706
0.0677618
0.0677531
0.0677443
0.0677355
0.0677267
0.0677178
0.0677089
0.0677
0.0676911
0.0676822
0.0676732
0.0676642
0.0676552
0.0676462
0.0676371
0.0676281
0.067619
0.0676098
0.0676007
0.0675915
0.0675823
0.0675731
0.0675638
0.0675546
0.0675453
0.067536
0.0675266
0.0675173
0.0675079
0.0674985
0.067489
0.0674796
0.0674701
0.0674606
0.0674511
0.0674415
0.0674319
0.0674223
0.0674127
0.0674031
0.0673934
0.0673837
0.067374
0.0673642
0.0673545
0.0673447
0.0673348
0.067325
0.0673151
0.0673053
0.0672953
0.0672854
0.0672754
0.0672655
0.0672554
0.0672454
0.0672353
0.0672253
0.0672152
0.067205
0.0671949
0.0671847
0.0671745
0.0671642
0.067154
0.0671437
0.0671334
0.0671231
0.0671127
0.0671024
0.0670919
0.0670815
0.0670711
0.0670606
0.0670501
0.0670396
0.067029
0.0670184
0.0670078
0.0669972
0.0669866
0.0669759
0.0669652
0.0669545
0.0669437
0.0669329
0.0669222
0.0669113
0.0669005
0.0668896
0.0668787
0.0668678
0.0668568
0.0668459
0.0668349
0.0668238
0.0668128
0.0668017
0.0667906
0.0667795
0.0667683
0.0667572
0.066746
0.0667347
0.0667235
0.0667122
0.0667009
0.0666896
0.0666782
0.0666669
0.0666555
0.066644
0.0666326
0.0666211
0.0666096
0.0665981
0.0665865
0.0665749
0.0665633
0.0665517
0.0665401
0.0665284
0.0665167
0.0665049
0.0664932
0.0664814
0.0664696
0.0664578
0.0664459
0.066434
0.0664221
0.0664102
0.0663982
0.0663862
0.0663742
0.0663622
0.0663501
0.066338
0.0663259
0.0663138
0.0663016
0.0662894
0.0662772
0.066265
0.0662527
0.0662404
0.0662281
0.0662157
0.0662034
0.066191
0.0661785
0.0661661
0.0661536
0.0661411
0.0661286
0.066116
0.0661035
0.0660909
0.0660782
0.0660656
0.0660529
0.0660402
0.0660275
0.0660147
0.0660019
0.0659891
0.0659763
0.0659634
0.0659505
0.0659376
0.0659247
0.0659117
0.0658987
0.0658857
0.0658727
0.0658596
0.0658465
0.0658334
0.0658203
0.0658071
0.0657939
0.0657807
0.0657674
0.0657542
0.0657409
0.0657275
0.0657142
0.0657008
0.0656874
0.065674
0.0656605
0.065647
0.0656335
0.06562
0.0656065
0.0655929
0.0655793
0.0655656
0.065552
0.0655383
0.0655246
0.0655108
0.0654971
0.0654833
0.0654695
0.0654556
0.0654418
0.0654279
0.065414
0.0654
0.0653861
0.0653721
0.065358
0.065344
0.0653299
0.0653158
0.0653017
0.0652876
0.0652734
0.0652592
0.065245
0.0652307
0.0652164
0.0652021
0.0651878
0.0651734
0.0651591
0.0651447
0.0651302
0.0651158
0.0651013
0.0650868
0.0650723
0.0650577
0.0650431
0.0650285
0.0650139
0.0649992
0.0649845
0.0649698
0.0649551
0.0649403
0.0649255
0.0649107
0.0648959
0.064881
0.0648661
0.0648512
0.0648363
0.0648213
0.0648063
0.0647913
0.0647763
0.0647612
0.0647461
0.064731
0.0647158
0.0647007
0.0646855
0.0646703
0.064655
0.0646397
0.0646245
0.0646091
0.0645938
0.0645784
0.064563
0.0645476
0.0645322
0.0645167
0.0645012
0.0644857
0.0644701
0.0644546
0.064439
0.0644234
0.0644077
0.0643921
0.0643764
0.0643606
0.0643449
0.0643291
0.0643133
0.0642975
0.0642817
0.0642658
0.0642499
0.064234
0.0642181
0.0642021
0.0641861
0.0641701
0.0641541
0.064138
0.0641219
0.0641058
0.0640897
0.0640735
0.0640573
0.0640411
0.0640249
0.0640086
0.0639923
0.063976
0.0639597
0.0639434
0.063927
0.0639106
0.0638941
0.0638777
0.0638612
0.0638447
0.0638282
0.0638116
0.0637951
0.0637785
0.0637619
0.0637452
0.0637285
0.0637119
0.0636951
0.0636784
0.0636616
0.0636449
0.063628
0.0636112
0.0635943
0.0635775
0.0635606
0.0635436
0.0635267
0.0635097
0.0634927
0.0634757
0.0634586
0.0634416
0.0634245
0.0634074
0.0633902
0.0633731
0.0633559
0.0633387
0.0633214
0.0633042
0.0632869
0.0632696
0.0632523
0.0632349
0.0632176
0.0632002
0.0631828
0.0631653
0.0631479
0.0631304
0.0631129
0.0630953
0.0630778
0.0630602
0.0630426
0.063025
0.0630074
0.0629897
0.062972
0.0629543
0.0629366
0.0629188
0.062901
0.0628832
0.0628654
0.0628476
0.0628297
0.0628118
0.0627939
0.062776
0.062758
0.0627401
0.0627221
0.062704
0.062686
0.0626679
0.0626499
0.0626317
0.0626136
0.0625955
0.0625773
0.0625591
0.0625409
0.0625227
0.0625044
0.0624861
0.0624678
0.0624495
0.0624312
0.0624128
0.0623944
0.062376
0.0623576
0.0623391
0.0623207
0.0623022
0.0622837
0.0622651
0.0622466
0.062228
0.0622094
0.0621908
0.0621722
0.0621535
0.0621348
0.0621161
0.0620974
0.0620787
0.0620599
0.0620411
0.0620223
0.0620035
0.0619847
0.0619658
0.0619469
0.061928
0.0619091
0.0618902
0.0618712
0.0618522
0.0618332
0.0618142
0.0617952
0.0617761
0.061757
0.0617379
0.0617188
0.0616997
0.0616805
0.0616613
0.0616421
0.0616229
0.0616037
0.0615844
0.0615652
0.0615459
0.0615265
0.0615072
0.0614879
0.0614685
0.0614491
0.0614297
0.0614103
0.0613908
0.0613714
0.0613519
0.0613324
0.0613129
0.0612933
0.0612738
0.0612542
0.0612346
0.061215
0.0611954
0.0611757
0.0611561
0.0611364
0.0611167
0.0610969
0.0610772
0.0610574
0.0610377
0.0610179
0.0609981
0.0609782
0.0609584
0.0609385
0.0609187
0.0608988
0.0608788
0.0608589
0.060839
0.060819
0.060799
0.060779
0.060759
0.060739
0.0607189
0.0606988
0.0606787
0.0606586
0.0606385
0.0606184
0.0605982
0.0605781
0.0605579
0.0605377
0.0605175
0.0604972
0.060477
0.0604567
0.0604364
0.0604161
0.0603958
0.0603755
0.0603551
0.0603347
0.0603144
0.060294
0.0602735
0.0602531
0.0602327
0.0602122
0.0601917
0.0601712
0.0601507
0.0601302
0.0601097
0.0600891
0.0600686
0.060048
0.0600274
0.0600068
0.0599861
0.0599655
0.0599448
0.0599242
0.0599035
0.0598828
0.0598621
0.0598413
0.0598206
0.0597998
0.059779
0.0597582
0.0597374
0.0597166
0.0596958
0.0596749
0.0596541
0.0596332
0.0596123
0.0595914
0.0595705
0.0595496
0.0595286
0.0595077
0.0594867
0.0594657
0.0594447
0.0594237
0.0594027
0.0593816
0.0593606
0.0593395
0.0593184
0.0592974
0.0592763
0.0592551
0.059234
0.0592129
0.0591917
0.0591705
0.0591494
0.0591282
0.059107
0.0590857
0.0590645
0.0590433
0.059022
0.0590007
0.0589795
0.0589582
0.0589369
0.0589156
0.0588942
0.0588729
0.0588515
0.0588302
0.0588088
0.0587874
0.058766
0.0587446
0.0587232
0.0587018
0.0586803
0.0586589
0.0586374
0.0586159
0.0585944
0.0585729
0.0585514
0.0585299
0.0585084
0.0584868
0.0584653
0.0584437
0.0584221
0.0584006
0.058379
0.0583574
0.0583357
0.0583141
0.0582925
0.0582708
0.0582492
0.0582275
0.0582058
0.0581841
0.0581625
0.0581407
0.058119
0.0580973
0.0580756
0.0580538
0.0580321
0.0580103
0.0579885
0.0579668
0.057945
0.0579232
0.0579014
0.0578796
0.0578577
0.0578359
0.057814
0.0577922
0.0577703
0.0577485
0.0577266
0.0577047
0.0576828
0.0576609
0.057639
0.0576171
0.0575951
0.0575732
0.0575513
0.0575293
0.0575074
0.0574854
0.0574634
0.0574414
0.0574194
0.0573974
0.0573754
0.0573534
0.0573314
0.0573094
0.0572873
0.0572653
0.0572432
0.0572212
0.0571991
0.057177
0.057155
0.0571329
0.0571108
0.0570887
0.0570666
0.0570445
0.0570224
0.0570002
0.0569781
0.056956
0.0569338
0.0569117
0.0568895
0.0568673
0.0568452
0.056823
0.0568008
0.0567786
0.0567564
0.0567342
0.056712
0.0566898
0.0566676
0.0566454
0.0566232
0.0566009
0.0565787
0.0565564
0.0565342
0.0565119
0.0564897
0.0564674
0.0564452
0.0564229
0.0564006
0.0563783
0.056356
0.0563337
0.0563114
0.0562891
0.0562668
0.0562445
0.0562222
0.0561999
0.0561776
0.0561552
0.0561329
0.0561106
0.0560882
0.0560659
0.0560435
0.0560212
0.0559988
0.0559765
0.0559541
0.0559317
0.0559094
0.055887
0.0558646
0.0558422
0.0558198
0.0557975
0.0557751
0.0557527
0.0557303
0.0557079
0.0556855
0.0556631
0.0556407
0.0556182
0.0555958
0.0555734
0.055551
0.0555286
0.0555061
0.0554837
0.0554613
0.0554388
0.0554164
0.055394
0.0553715
0.0553491
0.0553266
0.0553042
0.0552817
0.0552593
0.0552368
0.0552144
0.0551919
0.0551695
0.055147
0.0551245
0.0551021
0.0550796
0.0550571
0.0550347
0.0550122
0.0549897
0.0549673
0.0549448
0.0549223
0.0548998
0.0548774
0.0548549
0.0548324
0.0548099
0.0547874
0.054765
0.0547425
0.05472
0.0546975
0.054675
0.0546525
0.0546301
0.0546076
0.0545851
0.0545626
0.0545401
0.0545176
0.0544951
0.0544726
0.0544502
0.0544277
0.0544052
0.0543827
0.0543602
0.0543377
0.0543152
0.0542927
0.0542703
0.0542478
0.0542253
0.0542028
0.0541803
0.0541578
0.0541353
0.0541129
0.0540904
0.0540679
0.0540454
0.0540229
0.0540005
0.053978
0.0539555
0.053933
0.0539105
0.0538881
0.0538656
0.0538431
0.0538207
0.0537982
0.0537757
0.0537532
0.0537308
0.0537083
0.0536859
0.0536634
0.0536409
0.0536185
0.053596
0.0535736
0.0535511
0.0535287
0.0535062
0.0534838
0.0534613
0.0534389
0.0534164
0.053394
0.0533716
0.0533491
0.0533267
0.0533043
0.0532818
0.0532594
0.053237
0.0532146
0.0531922
0.0531698
0.0531473
0.0531249
0.0531025
0.0530801
0.0530577
0.0530353
0.0530129
0.0529905
0.0529681
0.0529458
0.0529234
0.052901
0.0528786
0.0528562
0.0528339
0.0528115
0.0527891
0.0527668
0.0527444
0.0527221
0.0526997
0.0526774
0.052655
0.0526327
0.0526104
0.052588
0.0525657
0.0525434
0.0525211
0.0524987
0.0524764
0.0524541
0.0524318
0.0524095
0.0523872
0.0523649
0.0523426
0.0523204
0.0522981
0.0522758
0.0522535
0.0522313
0.052209
0.0521867
0.0521645
0.0521422
0.05212
0.0520977
0.0520755
0.0520533
0.0520311
0.0520088
0.0519866
0.0519644
0.0519422
0.05192
0.0518978
0.0518756
0.0518534
0.0518312
0.0518091
0.0517869
0.0517647
0.0517426
0.0517204
0.0516982
0.0516761
0.051654
0.0516318
0.0516097
0.0515876
0.0515654
0.0515433
0.0515212
0.0514991
0.051477
0.0514549
0.0514328
0.0514108
0.0513887
0.0513666
0.0513445
0.0513225
0.0513004
0.0512784
0.0512564
0.0512343
0.0512123
0.0511903
0.0511682
0.0511462
0.0511242
0.0511022
0.0510802
0.0510583
0.0510363
0.0510143
0.0509923
0.0509704
0.0509484
0.0509265
0.0509045
0.0508826
0.0508607
0.0508387
0.0508168
0.0507949
0.050773
0.0507511
0.0507292
0.0507073
0.0506855
0.0506636
0.0506417
0.0506199
0.050598
0.0505762
0.0505543
0.0505325
0.0505107
0.0504889
0.0504671
0.0504453
0.0504235
0.0504017
0.0503799
0.0503581
0.0503364
0.0503146
0.0502928
0.0502711
0.0502494
0.0502276
0.0502059
0.0501842
0.0501625
0.0501408
0.0501191
0.0500974
0.0500757
0.050054
0.0500324
0.0500107
0.0499891
0.0499674
0.0499458
0.0499242
0.0499025
0.0498809
0.0498593
0.0498377
0.0498161
0.0497945
0.049773
0.0497514
0.0497298
0.0497083
0.0496867
0.0496652
0.0496437
0.0496222
0.0496006
0.0495791
0.0495576
0.0495362
0.0495147
0.0494932
0.0494717
0.0494503
0.0494288
0.0494074
0.0493859
0.0493645
0.0493431
0.0493217
0.0493003
0.0492789
0.0492575
0.0492361
0.0492147
0.0491934
0.049172
0.0491507
0.0491293
0.049108
0.0490867
0.0490654
0.0490441
0.0490228
0.0490015
0.0489802
0.0489589
0.0489377
0.0489164
0.0488952
0.0488739
0.0488527
0.0488315
0.0488103
0.048789
0.0487679
0.0487467
0.0487255
0.0487043
0.0486831
0.048662
0.0486408
0.0486197
0.0485986
0.0485774
0.0485563
0.0485352
0.0485141
0.048493
0.048472
0.0484509
0.0484298
0.0484088
0.0483877
0.0483667
0.0483457
0.0483246
0.0483036
0.0482826
0.0482616
0.0482406
0.0482197
0.0481987
0.0481777
0.0481568
0.0481358
0.0481149
0.048094
0.0480731
0.0480521
0.0480312
0.0480104
0.0479895
0.0479686
0.0479477
0.0479269
0.047906
0.0478852
0.0478644
0.0478435
0.0478227
0.0478019
0.0477811
0.0477603
0.0477396
0.0477188
0.047698
0.0476773
0.0476565
0.0476358
0.0476151
0.0475944
0.0475736
0.0475529
0.0475323
0.0475116
0.0474909
0.0474702
0.0474496
0.0474289
0.0474083
0.0473877
0.047367
0.0473464
0.0473258
0.0473052
0.0472846
0.0472641
0.0472435
0.0472229
0.0472024
0.0471819
0.0471613
0.0471408
0.0471203
0.0470998
0.0470793
0.0470588
0.0470383
0.0470178
0.0469974
0.0469769
0.0469565
0.046936
0.0469156
0.0468952
0.0468748
0.0468544
0.046834
0.0468136
0.0467932
0.0467729
0.0467525
0.0467322
0.0467118
0.0466915
0.0466712
0.0466509
0.0466306
0.0466103
0.04659
0.0465697
0.0465494
0.0465292
0.0465089
0.0464887
0.0464685
0.0464482
0.046428
0.0464078
0.0463876
0.0463674
0.0463473
0.0463271
0.0463069
0.0462868
0.0462666
0.0462465
0.0462264
0.0462063
0.0461861
0.046166
0.046146
0.0461259
0.0461058
0.0460857
0.0460657
0.0460456
0.0460256
0.0460056
0.0459855
0.0459655
0.0459455
0.0459255
0.0459055
0.0458856
0.0458656
0.0458456
0.0458257
0.0458058
0.0457858
0.0457659
0.045746
0.0457261
0.0457062
0.0456863
0.0456664
0.0456465
0.0456267
0.0456068
0.045587
0.0455671
0.0455473
0.0455275
0.0455077
0.0454879
0.0454681
0.0454483
0.0454285
0.0454088
0.045389
0.0453693
0.0453495
0.0453298
0.0453101
0.0452903
0.0452706
0.0452509
0.0452313
0.0452116
0.0451919
0.0451722
0.0451526
0.0451329
0.0451133
0.0450937
0.0450741
0.0450545
0.0450349
0.0450153
0.0449957
0.0449761
0.0449565
0.044937
0.0449174
0.0448979
0.0448784
0.0448588
0.0448393
0.0448198
0.0448003
0.0447808
0.0447613
0.0447419
0.0447224
0.044703
0.0446835
0.0446641
0.0446446
0.0446252
0.0446058
0.0445864
0.044567
0.0445476
0.0445282
0.0445089
0.0444895
0.0444702
0.0444508
0.0444315
0.0444122
0.0443928
0.0443735
0.0443542
0.0443349
0.0443157
0.0442964
0.0442771
0.0442579
0.0442386
0.0442194
0.0442001
0.0441809
0.0441617
0.0441425
0.0441233
0.0441041
0.0440849
0.0440657
0.0440466
0.0440274
0.0440083
0.0439891
0.04397
0.0439509
0.0439318
0.0439127
0.0438936
0.0438745
0.0438554
0.0438363
0.0438173
0.0437982
0.0437792
0.0437601
0.0437411
0.0437221
0.0437031
0.043684
0.0436651
0.0436461
0.0436271
0.0436081
0.0435892
0.0435702
0.0435512
0.0435323
0.0435134
0.0434945
0.0434755
0.0434566
0.0434377
0.0434189
0.0434
0.0433811
0.0433622
0.0433434
0.0433245
0.0433057
0.0432869
0.0432681
0.0432492
0.0432304
0.0432116
0.0431929
0.0431741
0.0431553
0.0431365
0.0431178
0.043099
0.0430803
0.0430616
0.0430428
0.0430241
0.0430054
0.0429867
0.042968
0.0429494
0.0429307
0.042912
0.0428934
0.0428747
0.0428561
0.0428374
0.0428188
0.0428002
0.0427816
0.042763
0.0427444
0.0427258
0.0427072
0.0426887
0.0426701
0.0426516
0.042633
0.0426145
0.042596
0.0425775
0.0425589
0.0425404
0.042522
0.0425035
0.042485
0.0424665
0.0424481
0.0424296
0.0424112
0.0423927
0.0423743
0.0423559
0.0423375
0.0423191
0.0423007
0.0422823
0.0422639
0.0422455
0.0422272
0.0422088
0.0421905
0.0421721
0.0421538
0.0421355
0.0421172
0.0420988
0.0420805
0.0420623
0.042044
0.0420257
0.0420074
0.0419892
0.0419709
0.0419527
0.0419344
0.0419162
0.041898
0.0418798
0.0418616
0.0418434
0.0418252
0.041807
0.0417889
0.0417707
0.0417525
0.0417344
0.0417163
0.0416981
0.04168
0.0416619
0.0416438
0.0416257
0.0416076
0.0415895
0.0415714
0.0415534
0.0415353
0.0415173
0.0414992
0.0414812
0.0414632
0.0414451
0.0414271
0.0414091
0.0413911
0.0413731
0.0413552
0.0413372
0.0413192
0.0413013
0.0412833
0.0412654
0.0412474
0.0412295
0.0412116
0.0411937
0.0411758
0.0411579
0.04114
0.0411221
0.0411043
0.0410864
0.0410686
0.0410507
0.0410329
0.041015
0.0409972
0.0409794
0.0409616
0.0409438
0.040926
0.0409082
0.0408905
0.0408727
0.0408549
0.0408372
0.0408194
0.0408017
0.040784
0.0407662
0.0407485
0.0407308
0.0407131
0.0406954
0.0406778
0.0406601
0.0406424
0.0406248
0.0406071
0.0405895
0.0405718
0.0405542
0.0405366
0.040519
0.0405014
0.0404838
0.0404662
0.0404486
0.0404311
0.0404135
0.0403959
0.0403784
0.0403608
0.0403433
0.0403258
0.0403083
0.0402908
0.0402733
0.0402558
0.0402383
0.0402208
0.0402033
0.0401859
0.0401684
0.040151
0.0401335
0.0401161
0.0400987
0.0400812
0.0400638
0.0400464
0.040029
0.0400116
0.0399943
0.0399769
0.0399595
0.0399422
0.0399248
0.0399075
0.0398902
0.0398728
0.0398555
0.0398382
0.0398209
0.0398036
0.0397863
0.0397691
0.0397518
0.0397345
0.0397173
0.0397
0.0396828
0.0396655
0.0396483
0.0396311
0.0396139
0.0395967
0.0395795
0.0395623
0.0395451
0.039528
0.0395108
0.0394936
0.0394765
0.0394593
0.0394422
0.0394251
0.039408
0.0393909
0.0393738
0.0393567
0.0393396
0.0393225
0.0393054
0.0392884
0.0392713
0.0392543
0.0392372
0.0392202
0.0392032
0.0391861
0.0391691
0.0391521
0.0391351
0.0391181
0.0391012
0.0390842
0.0390672
0.0390503
0.0390333
0.0390164
0.0389994
0.0389825
0.0389656
0.0389487
0.0389318
0.0389149
0.038898
0.0388811
0.0388642
0.0388474
0.0388305
0.0388137
0.0387968
0.03878
0.0387631
0.0387463
0.0387295
0.0387127
0.0386959
0.0386791
0.0386623
0.0386456
0.0386288
0.038612
0.0385953
0.0385785
0.0385618
0.0385451
0.0385283
0.0385116
0.0384949
0.0384782
0.0384615
0.0384448
0.0384282
0.0384115
0.0383948
0.0383782
0.0383615
0.0383449
0.0383282
0.0383116
0.038295
0.0382784
0.0382618
0.0382452
0.0382286
0.038212
0.0381954
0.0381789
0.0381623
0.0381458
0.0381292
0.0381127
0.0380962
0.0380796
0.0380631
0.0380466
0.0380301
0.0380136
0.0379972
0.0379807
0.0379642
0.0379478
0.0379313
0.0379149
0.0378984
0.037882
0.0378656
0.0378491
0.0378327
0.0378163
0.0377999
0.0377836
0.0377672
0.0377508
0.0377344
0.0377181
0.0377017
0.0376854
0.0376691
0.0376527
0.0376364
0.0376201
0.0376038
0.0375875
0.0375712
0.0375549
0.0375387
0.0375224
0.0375061
0.0374899
0.0374736
0.0374574
0.0374412
0.037425
0.0374087
0.0373925
0.0373763
0.0373601
0.037344
0.0373278
0.0373116
0.0372954
0.0372793
0.0372631
0.037247
0.0372309
0.0372147
0.0371986
0.0371825
0.0371664
0.0371503
0.0371342
0.0371181
0.0371021
0.037086
0.0370699
0.0370539
0.0370378
0.0370218
0.0370058
0.0369898
0.0369737
0.0369577
0.0369417
0.0369257
0.0369098
0.0368938
0.0368778
0.0368618
0.0368459
0.0368299
0.036814
0.0367981
0.0367821
0.0367662
0.0367503
0.0367344
0.0367185
0.0367026
0.0366867
0.0366709
0.036655
0.0366391
0.0366233
0.0366074
0.0365916
0.0365758
0.0365599
0.0365441
0.0365283
0.0365125
0.0364967
0.0364809
0.0364651
0.0364494
0.0364336
0.0364178
0.0364021
0.0363864
0.0363706
0.0363549
0.0363392
0.0363235
0.0363077
0.036292
0.0362764
0.0362607
0.036245
0.0362293
0.0362137
0.036198
0.0361824
0.0361667
0.0361511
0.0361355
0.0361198
0.0361042
0.0360886
0.036073
0.0360574
0.0360418
0.0360263
0.0360107
0.0359951
0.0359796
0.035964
0.0359485
0.035933
0.0359174
0.0359019
0.0358864
0.0358709
0.0358554
0.0358399
0.0358245
0.035809
0.0357935
0.0357781
0.0357626
0.0357472
0.0357317
0.0357163
0.0357009
0.0356854
0.03567
0.0356546
0.0356392
0.0356239
0.0356085
0.0355931
0.0355777
0.0355624
0.035547
0.0355317
0.0355164
0.035501
0.0354857
0.0354704
0.0354551
0.0354398
0.0354245
0.0354092
0.0353939
0.0353787
0.0353634
0.0353481
0.0353329
0.0353176
0.0353024
0.0352872
0.035272
0.0352567
0.0352415
0.0352263
0.0352111
0.035196
0.0351808
0.0351656
0.0351504
0.0351353
0.0351201
0.035105
0.0350899
0.0350747
0.0350596
0.0350445
0.0350294
0.0350143
0.0349992
0.0349841
0.034969
0.034954
0.0349389
0.0349239
0.0349088
0.0348938
0.0348787
0.0348637
0.0348487
0.0348337
0.0348187
0.0348037
0.0347887
0.0347737
0.0347587
0.0347437
0.0347288
0.0347138
0.0346989
0.0346839
0.034669
0.0346541
0.0346392
0.0346242
0.0346093
0.0345944
0.0345795
0.0345647
0.0345498
0.0345349
0.03452
0.0345052
0.0344903
0.0344755
0.0344607
0.0344458
0.034431
0.0344162
0.0344014
0.0343866
0.0343718
0.034357
0.0343422
0.0343275
0.0343127
0.0342979
0.0342832
0.0342685
0.0342537
0.034239
0.0342243
0.0342096
0.0341948
0.0341801
0.0341654
0.0341508
0.0341361
0.0341214
0.0341067
0.0340921
0.0340774
0.0340628
0.0340482
0.0340335
0.0340189
0.0340043
0.0339897
0.0339751
0.0339605
0.0339459
0.0339313
0.0339167
0.0339022
0.0338876
0.0338731
0.0338585
0.033844
0.0338294
0.0338149
0.0338004
0.0337859
0.0337714
0.0337569
0.0337424
0.0337279
0.0337134
0.033699
0.0336845
0.0336701
0.0336556
0.0336412
0.0336267
0.0336123
0.0335979
0.0335835
0.0335691
0.0335547
0.0335403
0.0335259
0.0335115
0.0334971
0.0334828
0.0334684
0.0334541
0.0334397
0.0334254
0.0334111
0.0333967
0.0333824
0.0333681
0.0333538
0.0333395
0.0333252
0.033311
0.0332967
0.0332824
0.0332682
0.0332539
0.0332397
0.0332254
0.0332112
0.033197
0.0331828
0.0331685
0.0331543
0.0331401
0.033126
0.0331118
0.0330976
0.0330834
0.0330693
0.0330551
0.033041
0.0330268
0.0330127
0.0329986
0.0329844
0.0329703
0.0329562
0.0329421
0.032928
0.0329139
0.0328998
0.0328858
0.0328717
0.0328577
0.0328436
0.0328296
0.0328155
0.0328015
0.0327875
0.0327734
0.0327594
0.0327454
0.0327314
0.0327174
0.0327035
0.0326895
0.0326755
0.0326615
0.0326476
0.0326336
0.0326197
0.0326058
0.0325918
0.0325779
0.032564
0.0325501
0.0325362
0.0325223
0.0325084
0.0324945
0.0324807
0.0324668
0.0324529
0.0324391
0.0324252
0.0324114
0.0323976
0.0323837
0.0323699
0.0323561
0.0323423
0.0323285
0.0323147
0.0323009
0.0322871
0.0322734
0.0322596
0.0322458
0.0322321
0.0322183
0.0322046
0.0321909
0.0321772
0.0321634
0.0321497
0.032136
0.0321223
0.0321086
0.0320949
0.0320813
0.0320676
0.0320539
0.0320403
0.0320266
0.032013
0.0319994
0.0319857
0.0319721
0.0319585
0.0319449
0.0319313
0.0319177
0.0319041
0.0318905
0.0318769
0.0318634
0.0318498
0.0318362
0.0318227
0.0318092
0.0317956
0.0317821
0.0317686
0.0317551
0.0317415
0.031728
0.0317146
0.0317011
0.0316876
0.0316741
0.0316606
0.0316472
0.0316337
0.0316203
0.0316068
0.0315934
0.03158
0.0315666
0.0315531
0.0315397
0.0315263
0.0315129
0.0314995
0.0314862
0.0314728
0.0314594
0.0314461
0.0314327
0.0314194
0.031406
0.0313927
0.0313794
0.031366
0.0313527
0.0313394
0.0313261
0.0313128
0.0312995
0.0312863
0.031273
0.0312597
0.0312465
0.0312332
0.03122
0.0312067
0.0311935
0.0311802
0.031167
0.0311538
0.0311406
0.0311274
0.0311142
0.031101
0.0310878
0.0310747
0.0310615
0.0310483
0.0310352
0.031022
0.0310089
0.0309958
0.0309826
0.0309695
0.0309564
0.0309433
0.0309302
0.0309171
0.030904
0.0308909
0.0308778
0.0308648
0.0308517
0.0308387
0.0308256
0.0308126
0.0307995
0.0307865
0.0307735
0.0307605
0.0307474
0.0307344
0.0307214
0.0307085
0.0306955
0.0306825
0.0306695
0.0306566
0.0306436
0.0306307
0.0306177
0.0306048
0.0305918
0.0305789
0.030566
0.0305531
0.0305402
0.0305273
0.0305144
0.0305015
0.0304886
0.0304758
0.0304629
0.03045
0.0304372
0.0304243
0.0304115
0.0303987
0.0303858
0.030373
0.0303602
0.0303474
0.0303346
0.0303218
0.030309
0.0302962
0.0302835
0.0302707
0.0302579
0.0302452
0.0302324
0.0302197
0.0302069
0.0301942
0.0301815
0.0301688
0.0301561
0.0301434
0.0301307
0.030118
0.0301053
0.0300926
0.0300799
0.0300673
0.0300546
0.030042
0.0300293
0.0300167
0.030004
0.0299914
0.0299788
0.0299662
0.0299536
0.029941
0.0299284
0.0299158
0.0299032
0.0298907
0.0298781
0.0298655
0.029853
0.0298404
0.0298279
0.0298153
0.0298028
0.0297903
0.0297778
0.0297653
0.0297528
0.0297403
0.0297278
0.0297153
0.0297028
0.0296903
0.0296779
0.0296654
0.029653
0.0296405
0.0296281
0.0296156
0.0296032
0.0295908
0.0295784
0.029566
0.0295536
0.0295412
0.0295288
0.0295164
0.029504
0.0294917
0.0294793
0.029467
0.0294546
0.0294423
0.0294299
0.0294176
0.0294053
0.029393
0.0293806
0.0293683
0.029356
0.0293437
0.0293315
0.0293192
0.0293069
0.0292946
0.0292824
0.0292701
0.0292579
0.0292456
0.0292334
0.0292212
0.0292089
0.0291967
0.0291845
0.0291723
0.0291601
0.0291479
0.0291357
0.0291236
0.0291114
0.0290992
0.0290871
0.0290749
0.0290628
0.0290506
0.0290385
0.0290264
0.0290142
0.0290021
0.02899
0.0289779
0.0289658
0.0289537
0.0289417
0.0289296
0.0289175
0.0289054
0.0288934
0.0288813
0.0288693
0.0288572
0.0288452
0.0288332
0.0288212
0.0288092
0.0287971
0.0287851
0.0287731
0.0287612
0.0287492
0.0287372
0.0287252
0.0287133
0.0287013
0.0286894
0.0286774
0.0286655
0.0286535
0.0286416
0.0286297
0.0286178
0.0286059
0.028594
0.0285821
0.0285702
0.0285583
0.0285464
0.0285346
0.0285227
0.0285108
0.028499
0.0284871
0.0284753
0.0284635
0.0284516
0.0284398
0.028428
0.0284162
0.0284044
0.0283926
0.0283808
0.028369
0.0283573
0.0283455
0.0283337
0.028322
0.0283102
0.0282985
0.0282867
0.028275
0.0282633
0.0282516
0.0282398
0.0282281
0.0282164
0.0282047
0.028193
0.0281814
0.0281697
0.028158
0.0281464
0.0281347
0.028123
0.0281114
0.0280998
0.0280881
0.0280765
0.0280649
0.0280533
0.0280417
0.02803
0.0280185
0.0280069
0.0279953
0.0279837
0.0279721
0.0279606
0.027949
0.0279375
0.0279259
0.0279144
0.0279028
0.0278913
0.0278798
0.0278683
0.0278568
0.0278452
0.0278338
0.0278223
0.0278108
0.0277993
0.0277878
0.0277764
0.0277649
0.0277534
0.027742
0.0277306
0.0277191
0.0277077
0.0276963
0.0276848
0.0276734
0.027662
0.0276506
0.0276392
0.0276278
0.0276165
0.0276051
0.0275937
0.0275824
0.027571
0.0275597
0.0275483
0.027537
0.0275256
0.0275143
0.027503
0.0274917
0.0274804
0.0274691
0.0274578
0.0274465
0.0274352
0.0274239
0.0274127
0.0274014
0.0273901
0.0273789
0.0273676
0.0273564
0.0273452
0.0273339
0.0273227
0.0273115
0.0273003
0.0272891
0.0272779
0.0272667
0.0272555
0.0272443
0.0272332
0.027222
0.0272108
0.0271997
0.0271885
0.0271774
0.0271663
0.0271551
0.027144
0.0271329
0.0271218
0.0271107
0.0270996
0.0270885
0.0270774
0.0270663
0.0270552
0.0270442
0.0270331
0.027022
0.027011
0.0269999
0.0269889
0.0269779
0.0269668
0.0269558
0.0269448
0.0269338
0.0269228
0.0269118
0.0269008
0.0268898
0.0268789
0.0268679
0.0268569
0.026846
0.026835
0.0268241
0.0268131
0.0268022
0.0267912
0.0267803
0.0267694
0.0267585
0.0267476
0.0267367
0.0267258
0.0267149
0.026704
0.0266931
0.0266823
0.0266714
0.0266606
0.0266497
0.0266389
0.026628
0.0266172
0.0266064
0.0265955
0.0265847
0.0265739
0.0265631
0.0265523
0.0265415
0.0265307
0.02652
0.0265092
0.0264984
0.0264877
0.0264769
0.0264662
0.0264554
0.0264447
0.0264339
0.0264232
0.0264125
0.0264018
0.0263911
0.0263804
0.0263697
0.026359
0.0263483
0.0263376
0.026327
0.0263163
0.0263056
0.026295
0.0262843
0.0262737
0.0262631
0.0262524
0.0262418
0.0262312
0.0262206
0.02621
0.0261994
0.0261888
0.0261782
0.0261676
0.026157
0.0261465
0.0261359
0.0261254
0.0261148
0.0261043
0.0260937
0.0260832
0.0260727
0.0260621
0.0260516
0.0260411
0.0260306
0.0260201
0.0260096
0.0259991
0.0259887
0.0259782
0.0259677
0.0259573
0.0259468
0.0259364
0.0259259
0.0259155
0.025905
0.0258946
0.0258842
0.0258738
0.0258634
0.025853
0.0258426
0.0258322
0.0258218
0.0258114
0.0258011
0.0257907
0.0257803
0.02577
0.0257596
0.0257493
0.025739
0.0257286
0.0257183
0.025708
0.0256977
0.0256874
0.0256771
0.0256668
0.0256565
0.0256462
0.0256359
0.0256257
0.0256154
0.0256051
0.0255949
0.0255846
0.0255744
0.0255642
0.0255539
0.0255437
0.0255335
0.0255233
0.0255131
0.0255029
0.0254927
0.0254825
0.0254723
0.0254621
0.025452
0.0254418
0.0254316
0.0254215
0.0254113
0.0254012
0.0253911
0.0253809
0.0253708
0.0253607
0.0253506
0.0253405
0.0253304
0.0253203
0.0253102
0.0253001
0.0252901
0.02528
0.0252699
0.0252599
0.0252498
0.0252398
0.0252297
0.0252197
0.0252097
0.0251997
0.0251896
0.0251796
0.0251696
0.0251596
0.0251496
0.0251397
0.0251297
0.0251197
0.0251097
0.0250998
0.0250898
0.0250799
0.0250699
0.02506
0.02505
0.0250401
0.0250302
0.0250203
0.0250104
0.0250005
0.0249906
0.0249807
0.0249708
0.0249609
0.024951
0.0249412
0.0249313
0.0249215
0.0249116
0.0249018
0.0248919
0.0248821
0.0248723
0.0248624
0.0248526
0.0248428
0.024833
0.0248232
0.0248134
0.0248036
0.0247939
0.0247841
0.0247743
0.0247646
0.0247548
0.0247451
0.0247353
0.0247256
0.0247158
0.0247061
0.0246964
0.0246867
0.024677
0.0246673
0.0246576
0.0246479
0.0246382
0.0246285
0.0246188
0.0246092
0.0245995
0.0245899
0.0245802
0.0245706
0.0245609
0.0245513
0.0245417
0.024532
0.0245224
0.0245128
0.0245032
0.0244936
0.024484
0.0244744
0.0244649
0.0244553
0.0244457
0.0244362
0.0244266
0.0244171
0.0244075
0.024398
0.0243884
0.0243789
0.0243694
0.0243599
0.0243504
0.0243409
0.0243314
0.0243219
0.0243124
0.0243029
0.0242934
0.024284
0.0242745
0.0242651
0.0242556
0.0242462
0.0242367
0.0242273
0.0242179
0.0242084
0.024199
0.0241896
0.0241802
0.0241708
0.0241614
0.024152
0.0241427
0.0241333
0.0241239
0.0241145
0.0241052
0.0240958
0.0240865
0.0240772
0.0240678
0.0240585
0.0240492
0.0240399
0.0240305
0.0240212
0.0240119
0.0240026
0.0239934
0.0239841
0.0239748
0.0239655
0.0239563
0.023947
0.0239378
0.0239285
0.0239193
0.02391
0.0239008
0.0238916
0.0238824
0.0238732
0.023864
0.0238548
0.0238456
0.0238364
0.0238272
0.023818
0.0238089
0.0237997
0.0237905
0.0237814
0.0237722
0.0237631
0.023754
0.0237448
0.0237357
0.0237266
0.0237175
0.0237084
0.0236993
0.0236902
0.0236811
0.023672
0.0236629
0.0236539
0.0236448
0.0236357
0.0236267
0.0236176
0.0236086
0.0235996
0.0235905
0.0235815
0.0235725
0.0235635
0.0235545
0.0235455
0.0235365
0.0235275
0.0235185
0.0235095
0.0235005
0.0234916
0.0234826
0.0234737
0.0234647
0.0234558
0.0234468
0.0234379
0.023429
0.0234201
0.0234111
0.0234022
0.0233933
0.0233844
0.0233755
0.0233667
0.0233578
0.0233489
0.02334
0.0233312
0.0233223
0.0233135
0.0233046
0.0232958
0.023287
0.0232781
0.0232693
0.0232605
0.0232517
0.0232429
0.0232341
0.0232253
0.0232165
0.0232077
0.023199
0.0231902
0.0231814
0.0231727
0.0231639
0.0231552
0.0231464
0.0231377
0.023129
0.0231202
0.0231115
0.0231028
0.0230941
0.0230854
0.0230767
0.023068
0.0230593
0.0230507
0.023042
0.0230333
0.0230247
0.023016
0.0230074
0.0229987
0.0229901
0.0229815
0.0229728
0.0229642
0.0229556
0.022947
0.0229384
0.0229298
0.0229212
0.0229126
0.0229041
0.0228955
0.0228869
0.0228784
0.0228698
0.0228613
0.0228527
0.0228442
0.0228356
0.0228271
0.0228186
0.0228101
0.0228016
0.0227931
0.0227846
0.0227761
0.0227676
0.0227591
0.0227507
0.0227422
0.0227337
0.0227253
0.0227168
0.0227084
0.0226999
0.0226915
0.0226831
0.0226746
0.0226662
0.0226578
0.0226494
0.022641
0.0226326
0.0226242
0.0226159
0.0226075
0.0225991
0.0225907
0.0225824
0.022574
0.0225657
0.0225573
0.022549
0.0225407
0.0225324
0.022524
0.0225157
0.0225074
0.0224991
0.0224908
0.0224825
0.0224743
0.022466
0.0224577
0.0224494
0.0224412
0.0224329
0.0224247
0.0224164
0.0224082
0.0224
0.0223917
0.0223835
0.0223753
0.0223671
0.0223589
0.0223507
0.0223425
0.0223343
0.0223261
0.022318
0.0223098
0.0223016
0.0222935
0.0222853
0.0222772
0.022269
0.0222609
0.0222528
0.0222446
0.0222365
0.0222284
0.0222203
0.0222122
0.0222041
0.022196
0.0221879
0.0221799
0.0221718
0.0221637
0.0221557
0.0221476
0.0221396
0.0221315
0.0221235
0.0221155
0.0221074
0.0220994
0.0220914
0.0220834
0.0220754
0.0220674
0.0220594
0.0220514
0.0220434
0.0220355
0.0220275
0.0220195
0.0220116
0.0220036
0.0219957
0.0219877
0.0219798
0.0219719
0.021964
0.021956
0.0219481
0.0219402
0.0219323
0.0219244
0.0219165
0.0219087
0.0219008
0.0218929
0.021885
0.0218772
0.0218693
0.0218615
0.0218536
0.0218458
0.021838
0.0218302
0.0218223
0.0218145
0.0218067
0.0217989
0.0217911
0.0217833
0.0217755
0.0217678
0.02176
0.0217522
0.0217444
0.0217367
0.0217289
0.0217212
0.0217135
0.0217057
0.021698
0.0216903
0.0216826
0.0216748
0.0216671
0.0216594
0.0216517
0.0216441
0.0216364
0.0216287
0.021621
0.0216134
0.0216057
0.021598
0.0215904
0.0215827
0.0215751
0.0215675
0.0215598
0.0215522
0.0215446
0.021537
0.0215294
0.0215218
0.0215142
0.0215066
0.021499
0.0214915
0.0214839
0.0214763
0.0214688
0.0214612
0.0214537
0.0214461
0.0214386
0.0214311
0.0214235
0.021416
0.0214085
0.021401
0.0213935
0.021386
0.0213785
0.021371
0.0213636
0.0213561
0.0213486
0.0213411
0.0213337
0.0213262
0.0213188
0.0213114
0.0213039
0.0212965
0.0212891
0.0212817
0.0212742
0.0212668
0.0212594
0.021252
0.0212447
0.0212373
0.0212299
0.0212225
0.0212152
0.0212078
0.0212004
0.0211931
0.0211857
0.0211784
0.0211711
0.0211637
0.0211564
0.0211491
0.0211418
0.0211345
0.0211272
0.0211199
0.0211126
0.0211053
0.0210981
0.0210908
0.0210835
0.0210763
0.021069
0.0210618
0.0210545
0.0210473
0.02104
0.0210328
0.0210256
0.0210184
0.0210112
0.021004
0.0209968
0.0209896
0.0209824
0.0209752
0.020968
0.0209609
0.0209537
0.0209465
0.0209394
0.0209322
0.0209251
0.020918
0.0209108
0.0209037
0.0208966
0.0208895
0.0208824
0.0208753
0.0208682
0.0208611
0.020854
0.0208469
0.0208398
0.0208328
0.0208257
0.0208186
0.0208116
0.0208045
0.0207975
0.0207905
0.0207834
0.0207764
0.0207694
0.0207624
0.0207554
0.0207484
0.0207414
0.0207344
0.0207274
0.0207204
0.0207134
0.0207065
0.0206995
0.0206925
0.0206856
0.0206786
0.0206717
0.0206648
0.0206578
0.0206509
0.020644
0.0206371
0.0206302
0.0206233
0.0206164
0.0206095
0.0206026
0.0205957
0.0205888
0.020582
0.0205751
0.0205682
0.0205614
0.0205545
0.0205477
0.0205409
0.020534
0.0205272
0.0205204
0.0205136
0.0205068
0.0205
0.0204932
0.0204864
0.0204796
0.0204728
0.020466
0.0204593
0.0204525
0.0204457
0.020439
0.0204322
0.0204255
0.0204188
0.020412
0.0204053
0.0203986
0.0203919
0.0203852
0.0203785
0.0203718
0.0203651
0.0203584
0.0203517
0.020345
0.0203383
0.0203317
0.020325
0.0203184
0.0203117
0.0203051
0.0202984
0.0202918
0.0202852
0.0202785
0.0202719
0.0202653
0.0202587
0.0202521
0.0202455
0.0202389
0.0202323
0.0202258
0.0202192
0.0202126
0.0202061
0.0201995
0.020193
0.0201864
0.0201799
0.0201733
0.0201668
0.0201603
0.0201538
0.0201473
0.0201407
0.0201342
0.0201277
0.0201213
0.0201148
0.0201083
0.0201018
0.0200953
0.0200889
0.0200824
0.020076
0.0200695
0.0200631
0.0200566
0.0200502
0.0200438
0.0200374
0.020031
0.0200245
0.0200181
0.0200117
0.0200053
0.019999
0.0199926
0.0199862
0.0199798
0.0199735
0.0199671
0.0199607
0.0199544
0.019948
0.0199417
0.0199354
0.019929
0.0199227
0.0199164
0.0199101
0.0199038
0.0198975
0.0198912
0.0198849
0.0198786
0.0198723
0.0198661
0.0198598
0.0198535
0.0198473
0.019841
0.0198348
0.0198285
0.0198223
0.019816
0.0198098
0.0198036
0.0197974
0.0197912
0.019785
0.0197788
0.0197726
0.0197664
0.0197602
0.019754
0.0197478
0.0197417
0.0197355
0.0197294
0.0197232
0.0197171
0.0197109
0.0197048
0.0196986
0.0196925
0.0196864
0.0196803
0.0196742
0.0196681
0.019662
0.0196559
0.0196498
0.0196437
0.0196376
0.0196316
0.0196255
0.0196194
0.0196134
0.0196073
0.0196013
0.0195952
0.0195892
0.0195832
0.0195771
0.0195711
0.0195651
0.0195591
0.0195531
0.0195471
0.0195411
0.0195351
0.0195291
0.0195232
0.0195172
0.0195112
0.0195053
0.0194993
0.0194934
0.0194874
0.0194815
0.0194755
0.0194696
0.0194637
0.0194578
0.0194518
0.0194459
0.01944
0.0194341
0.0194282
0.0194224
0.0194165
0.0194106
0.0194047
0.0193989
0.019393
0.0193871
0.0193813
0.0193754
0.0193696
0.0193638
0.0193579
0.0193521
0.0193463
0.0193405
0.0193347
0.0193289
0.0193231
0.0193173
0.0193115
0.0193057
0.0192999
0.0192941
0.0192884
0.0192826
0.0192769
0.0192711
0.0192654
0.0192596
0.0192539
0.0192481
0.0192424
0.0192367
0.019231
0.0192253
0.0192196
0.0192139
0.0192082
0.0192025
0.0191968
0.0191911
0.0191854
0.0191798
0.0191741
0.0191684
0.0191628
0.0191571
0.0191515
0.0191459
0.0191402
0.0191346
0.019129
0.0191234
0.0191177
0.0191121
0.0191065
0.0191009
0.0190953
0.0190897
0.0190842
0.0190786
0.019073
0.0190674
0.0190619
0.0190563
0.0190508
0.0190452
0.0190397
0.0190342
0.0190286
0.0190231
0.0190176
0.0190121
0.0190065
0.019001
0.0189955
0.01899
0.0189846
0.0189791
0.0189736
0.0189681
0.0189626
0.0189572
0.0189517
0.0189463
0.0189408
0.0189354
0.0189299
0.0189245
0.0189191
0.0189136
0.0189082
0.0189028
0.0188974
0.018892
0.0188866
0.0188812
0.0188758
0.0188704
0.018865
0.0188597
0.0188543
0.0188489
0.0188436
0.0188382
0.0188329
0.0188275
0.0188222
0.0188168
0.0188115
0.0188062
0.0188009
0.0187955
0.0187902
0.0187849
0.0187796
0.0187743
0.018769
0.0187638
0.0187585
0.0187532
0.0187479
0.0187427
0.0187374
0.0187322
0.0187269
0.0187217
0.0187164
0.0187112
0.018706
0.0187007
0.0186955
0.0186903
0.0186851
0.0186799
0.0186747
0.0186695
0.0186643
0.0186591
0.0186539
0.0186487
0.0186436
0.0186384
0.0186332
0.0186281
0.0186229
0.0186178
0.0186127
0.0186075
0.0186024
0.0185973
0.0185921
0.018587
0.0185819
0.0185768
0.0185717
0.0185666
0.0185615
0.0185564
0.0185513
0.0185463
0.0185412
0.0185361
0.0185311
0.018526
0.0185209
0.0185159
0.0185108
0.0185058
0.0185008
0.0184957
0.0184907
0.0184857
0.0184807
0.0184757
0.0184707
0.0184657
0.0184607
0.0184557
0.0184507
0.0184457
0.0184407
0.0184358
0.0184308
0.0184258
0.0184209
0.0184159
0.018411
0.018406
0.0184011
0.0183962
0.0183912
0.0183863
0.0183814
0.0183765
0.0183716
0.0183667
0.0183618
0.0183569
0.018352
0.0183471
0.0183422
0.0183374
0.0183325
0.0183276
0.0183228
0.0183179
0.018313
0.0183082
0.0183034
0.0182985
0.0182937
0.0182889
0.018284
0.0182792
0.0182744
0.0182696
0.0182648
0.01826
0.0182552
0.0182504
0.0182456
0.0182408
0.0182361
0.0182313
0.0182265
0.0182218
0.018217
0.0182123
0.0182075
0.0182028
0.018198
0.0181933
0.0181886
0.0181838
0.0181791
0.0181744
0.0181697
0.018165
0.0181603
0.0181556
0.0181509
0.0181462
0.0181415
0.0181368
0.0181322
0.0181275
0.0181228
0.0181182
0.0181135
0.0181089
0.0181042
0.0180996
0.018095
0.0180903
0.0180857
0.0180811
0.0180765
0.0180718
0.0180672
0.0180626
0.018058
0.0180534
0.0180489
0.0180443
0.0180397
0.0180351
0.0180305
0.018026
0.0180214
0.0180169
0.0180123
0.0180078
0.0180032
0.0179987
0.0179941
0.0179896
0.0179851
0.0179806
0.017976
0.0179715
0.017967
0.0179625
0.017958
0.0179535
0.017949
0.0179446
0.0179401
0.0179356
0.0179311
0.0179267
0.0179222
0.0179177
0.0179133
0.0179088
0.0179044
0.0179
0.0178955
0.0178911
0.0178867
0.0178822
0.0178778
0.0178734
0.017869
0.0178646
0.0178602
0.0178558
0.0178514
0.017847
0.0178426
0.0178383
0.0178339
0.0178295
0.0178252
0.0178208
0.0178165
0.0178121
0.0178078
0.0178034
0.0177991
0.0177948
0.0177904
0.0177861
0.0177818
0.0177775
0.0177732
0.0177689
0.0177646
0.0177603
0.017756
0.0177517
0.0177474
0.0177431
0.0177388
0.0177346
0.0177303
0.017726
0.0177218
0.0177175
0.0177133
0.017709
0.0177048
0.0177006
0.0176963
0.0176921
0.0176879
0.0176837
0.0176795
0.0176752
0.017671
0.0176668
0.0176626
0.0176585
0.0176543
0.0176501
0.0176459
0.0176417
0.0176376
0.0176334
0.0176292
0.0176251
0.0176209
0.0176168
0.0176126
0.0176085
0.0176044
0.0176002
0.0175961
0.017592
0.0175879
0.0175837
0.0175796
0.0175755
0.0175714
0.0175673
0.0175632
0.0175592
0.0175551
0.017551
0.0175469
0.0175428
0.0175388
0.0175347
0.0175307
0.0175266
0.0175226
0.0175185
0.0175145
0.0175104
0.0175064
0.0175024
0.0174983
0.0174943
0.0174903
0.0174863
0.0174823
0.0174783
0.0174743
0.0174703
0.0174663
0.0174623
0.0174583
0.0174544
0.0174504
0.0174464
0.0174424
0.0174385
0.0174345
0.0174306
0.0174266
0.0174227
0.0174187
0.0174148
0.0174109
0.017407
0.017403
0.0173991
0.0173952
0.0173913
0.0173874
0.0173835
0.0173796
0.0173757
0.0173718
0.0173679
0.017364
0.0173601
0.0173563
0.0173524
0.0173485
0.0173447
0.0173408
0.017337
0.0173331
0.0173293
0.0173254
0.0173216
0.0173178
0.0173139
0.0173101
0.0173063
0.0173025
0.0172987
0.0172948
0.017291
0.0172872
0.0172834
0.0172797
0.0172759
0.0172721
0.0172683
0.0172645
0.0172608
0.017257
0.0172532
0.0172495
0.0172457
0.017242
0.0172382
0.0172345
0.0172307
0.017227
0.0172233
0.0172195
0.0172158
0.0172121
0.0172084
0.0172047
0.017201
0.0171973
0.0171936
0.0171899
0.0171862
0.0171825
0.0171788
0.0171751
0.0171714
0.0171678
0.0171641
0.0171604
0.0171568
0.0171531
0.0171495
0.0171458
0.0171422
0.0171385
0.0171349
0.0171313
0.0171277
0.017124
0.0171204
0.0171168
0.0171132
0.0171096
0.017106
0.0171024
0.0170988
0.0170952
0.0170916
0.017088
0.0170844
0.0170808
0.0170773
0.0170737
0.0170701
0.0170666
0.017063
0.0170595
0.0170559
0.0170524
0.0170488
0.0170453
0.0170418
0.0170382
0.0170347
0.0170312
0.0170277
0.0170241
0.0170206
0.0170171
0.0170136
0.0170101
0.0170066
0.0170031
0.0169996
0.0169962
0.0169927
0.0169892
0.0169857
0.0169823
0.0169788
0.0169753
0.0169719
0.0169684
0.016965
0.0169615
0.0169581
0.0169546
0.0169512
0.0169478
0.0169444
0.0169409
0.0169375
0.0169341
0.0169307
0.0169273
0.0169239
0.0169205
0.0169171
0.0169137
0.0169103
0.0169069
0.0169035
0.0169001
0.0168968
0.0168934
0.01689
0.0168867
0.0168833
0.01688
0.0168766
0.0168733
0.0168699
0.0168666
0.0168632
0.0168599
0.0168566
0.0168532
0.0168499
0.0168466
0.0168433
0.01684
0.0168367
0.0168334
0.0168301
0.0168268
0.0168235
0.0168202
0.0168169
0.0168136
0.0168103
0.0168071
0.0168038
0.0168005
0.0167973
0.016794
0.0167907
0.0167875
0.0167842
0.016781
0.0167777
0.0167745
0.0167713
0.016768
0.0167648
0.0167616
0.0167584
0.0167552
0.0167519
0.0167487
0.0167455
0.0167423
0.0167391
0.0167359
0.0167327
0.0167296
0.0167264
0.0167232
0.01672
0.0167168
0.0167137
0.0167105
0.0167073
0.0167042
0.016701
0.0166979
0.0166947
0.0166916
0.0166884
0.0166853
0.0166822
0.016679
0.0166759
0.0166728
0.0166697
0.0166665
0.0166634
0.0166603
0.0166572
0.0166541
0.016651
0.0166479
0.0166448
0.0166417
0.0166386
0.0166356
0.0166325
0.0166294
0.0166263
0.0166233
0.0166202
0.0166171
0.0166141
0.016611
0.016608
0.0166049
0.0166019
0.0165988
0.0165958
0.0165928
0.0165897
0.0165867
0.0165837
0.0165807
0.0165777
0.0165746
0.0165716
0.0165686
0.0165656
0.0165626
0.0165596
0.0165566
0.0165537
0.0165507
0.0165477
0.0165447
0.0165417
0.0165388
0.0165358
0.0165328
0.0165299
0.0165269
0.016524
0.016521
0.0165181
0.0165151
0.0165122
0.0165092
0.0165063
0.0165034
0.0165004
0.0164975
0.0164946
0.0164917
0.0164888
0.0164858
0.0164829
0.01648
0.0164771
0.0164742
0.0164713
0.0164684
0.0164656
0.0164627
0.0164598
0.0164569
0.016454
0.0164512
0.0164483
0.0164454
0.0164426
0.0164397
0.0164369
0.016434
0.0164312
0.0164283
0.0164255
0.0164226
0.0164198
0.016417
0.0164141
0.0164113
0.0164085
0.0164057
0.0164029
0.0164
0.0163972
0.0163944
0.0163916
0.0163888
0.016386
0.0163832
0.0163804
0.0163777
0.0163749
0.0163721
0.0163693
0.0163665
0.0163638
0.016361
0.0163582
0.0163555
0.0163527
0.01635
0.0163472
0.0163445
0.0163417
0.016339
0.0163362
0.0163335
0.0163308
0.016328
0.0163253
0.0163226
0.0163199
0.0163172
0.0163144
0.0163117
0.016309
0.0163063
0.0163036
0.0163009
0.0162982
0.0162955
0.0162928
0.0162902
0.0162875
0.0162848
0.0162821
0.0162795
0.0162768
0.0162741
0.0162715
0.0162688
0.0162661
0.0162635
0.0162608
0.0162582
0.0162555
0.0162529
0.0162503
0.0162476
0.016245
0.0162424
0.0162397
0.0162371
0.0162345
0.0162319
0.0162293
0.0162266
0.016224
0.0162214
0.0162188
0.0162162
0.0162136
0.016211
0.0162085
0.0162059
0.0162033
0.0162007
0.0161981
0.0161956
0.016193
0.0161904
0.0161878
0.0161853
0.0161827
0.0161802
0.0161776
0.0161751
0.0161725
0.01617
0.0161674
0.0161649
0.0161624
0.0161598
0.0161573
0.0161548
0.0161522
0.0161497
0.0161472
0.0161447
0.0161422
0.0161397
0.0161372
0.0161347
0.0161322
0.0161297
0.0161272
0.0161247
0.0161222
0.0161197
0.0161172
0.0161147
0.0161123
0.0161098
0.0161073
0.0161049
0.0161024
0.0160999
0.0160975
0.016095
0.0160926
0.0160901
0.0160877
0.0160852
0.0160828
0.0160803
0.0160779
0.0160755
0.016073
0.0160706
0.0160682
0.0160658
0.0160634
0.0160609
0.0160585
0.0160561
0.0160537
0.0160513
0.0160489
0.0160465
0.0160441
0.0160417
0.0160393
0.0160369
0.0160346
0.0160322
0.0160298
0.0160274
0.0160251
0.0160227
0.0160203
0.0160179
0.0160156
0.0160132
0.0160109
0.0160085
0.0160062
0.0160038
0.0160015
0.0159991
0.0159968
0.0159945
0.0159921
0.0159898
0.0159875
0.0159851
0.0159828
0.0159805
0.0159782
0.0159759
0.0159736
0.0159712
0.0159689
0.0159666
0.0159643
0.015962
0.0159597
0.0159575
0.0159552
0.0159529
0.0159506
0.0159483
0.015946
0.0159438
0.0159415
0.0159392
0.0159369
0.0159347
0.0159324
0.0159302
0.0159279
0.0159257
0.0159234
0.0159212
0.0159189
0.0159167
0.0159144
0.0159122
0.0159099
0.0159077
0.0159055
0.0159033
0.015901
0.0158988
0.0158966
0.0158944
0.0158922
0.01589
0.0158877
0.0158855
0.0158833
0.0158811
0.0158789
0.0158767
0.0158746
0.0158724
0.0158702
0.015868
0.0158658
0.0158636
0.0158615
0.0158593
0.0158571
0.0158549
0.0158528
0.0158506
0.0158484
0.0158463
0.0158441
0.015842
0.0158398
0.0158377
0.0158355
0.0158334
0.0158313
0.0158291
0.015827
0.0158248
0.0158227
0.0158206
0.0158185
0.0158163
0.0158142
0.0158121
0.01581
0.0158079
0.0158058
0.0158037
0.0158016
0.0157995
0.0157974
0.0157953
0.0157932
0.0157911
0.015789
0.0157869
0.0157848
0.0157827
0.0157807
0.0157786
0.0157765
0.0157744
0.0157724
0.0157703
0.0157682
0.0157662
0.0157641
0.0157621
0.01576
0.015758
0.0157559
0.0157539
0.0157518
0.0157498
0.0157477
0.0157457
0.0157437
0.0157416
0.0157396
0.0157376
0.0157356
0.0157335
0.0157315
0.0157295
0.0157275
0.0157255
0.0157235
0.0157215
0.0157195
0.0157174
0.0157154
0.0157135
0.0157115
0.0157095
0.0157075
0.0157055
0.0157035
0.0157015
0.0156995
0.0156976
0.0156956
0.0156936
0.0156916
0.0156897
0.0156877
0.0156857
0.0156838
0.0156818
0.0156799
0.0156779
0.015676
0.015674
0.0156721
0.0156701
0.0156682
0.0156662
0.0156643
0.0156624
0.0156604
0.0156585
0.0156566
0.0156547
0.0156527
0.0156508
0.0156489
0.015647
0.0156451
0.0156432
0.0156413
0.0156393
0.0156374
0.0156355
0.0156336
0.0156317
0.0156298
0.015628
0.0156261
0.0156242
0.0156223
0.0156204
0.0156185
0.0156167
0.0156148
0.0156129
0.015611
0.0156092
0.0156073
0.0156054
0.0156036
0.0156017
0.0155999
0.015598
0.0155961
0.0155943
0.0155924
0.0155906
0.0155888
0.0155869
0.0155851
0.0155832
0.0155814
0.0155796
0.0155777
0.0155759
0.0155741
0.0155723
0.0155704
0.0155686
0.0155668
0.015565
0.0155632
0.0155614
0.0155596
0.0155578
0.0155559
0.0155541
0.0155523
0.0155505
0.0155488
0.015547
0.0155452
0.0155434
0.0155416
0.0155398
0.015538
0.0155363
0.0155345
0.0155327
0.0155309
0.0155292
0.0155274
0.0155256
0.0155239
0.0155221
0.0155203
0.0155186
0.0155168
0.0155151
0.0155133
0.0155116
0.0155098
0.0155081
0.0155063
0.0155046
0.0155029
0.0155011
0.0154994
0.0154977
0.0154959
0.0154942
0.0154925
0.0154908
0.015489
0.0154873
0.0154856
0.0154839
0.0154822
0.0154805
0.0154788
0.0154771
0.0154754
0.0154737
0.015472
0.0154703
0.0154686
0.0154669
0.0154652
0.0154635
0.0154618
0.0154601
0.0154584
0.0154568
0.0154551
0.0154534
0.0154517
0.0154501
0.0154484
0.0154467
0.0154451
0.0154434
0.0154417
0.0154401
0.0154384
0.0154368
0.0154351
0.0154334
0.0154318
0.0154302
0.0154285
0.0154269
0.0154252
0.0154236
0.0154219
0.0154203
0.0154187
0.015417
0.0154154
0.0154138
0.0154122
0.0154105
0.0154089
0.0154073
0.0154057
0.0154041
0.0154025
0.0154009
0.0153992
0.0153976
0.015396
0.0153944
0.0153928
0.0153912
0.0153896
0.015388
0.0153864
0.0153849
0.0153833
0.0153817
0.0153801
0.0153785
0.0153769
0.0153754
0.0153738
0.0153722
0.0153706
0.0153691
0.0153675
0.0153659
0.0153644
0.0153628
0.0153612
0.0153597
0.0153581
0.0153566
0.015355
0.0153535
0.0153519
0.0153504
0.0153488
0.0153473
0.0153457
0.0153442
0.0153427
0.0153411
0.0153396
0.0153381
0.0153365
0.015335
0.0153335
0.0153319
0.0153304
0.0153289
0.0153274
0.0153259
0.0153244
0.0153228
0.0153213
0.0153198
0.0153183
0.0153168
0.0153153
0.0153138
0.0153123
0.0153108
0.0153093
0.0153078
0.0153063
0.0153048
0.0153034
0.0153019
0.0153004
0.0152989
0.0152974
0.0152959
0.0152945
0.015293
0.0152915
0.01529
0.0152886
0.0152871
0.0152856
0.0152842
0.0152827
0.0152813
0.0152798
0.0152783
0.0152769
0.0152754
0.015274
0.0152725
0.0152711
0.0152696
0.0152682
0.0152668
0.0152653
0.0152639
0.0152624
0.015261
0.0152596
0.0152581
0.0152567
0.0152553
0.0152539
0.0152524
0.015251
0.0152496
0.0152482
0.0152468
0.0152453
0.0152439
0.0152425
0.0152411
0.0152397
0.0152383
0.0152369
0.0152355
0.0152341
0.0152327
0.0152313
0.0152299
0.0152285
0.0152271
0.0152257
0.0152243
0.015223
0.0152216
0.0152202
0.0152188
0.0152174
0.015216
0.0152147
0.0152133
0.0152119
0.0152106
0.0152092
0.0152078
0.0152065
0.0152051
0.0152037
0.0152024
0.015201
0.0151997
0.0151983
0.0151969
0.0151956
0.0151942
0.0151929
0.0151915
0.0151902
0.0151889
0.0151875
0.0151862
0.0151848
0.0151835
0.0151822
0.0151808
0.0151795
0.0151782
0.0151769
0.0151755
0.0151742
0.0151729
0.0151716
0.0151702
0.0151689
0.0151676
0.0151663
0.015165
0.0151637
0.0151624
0.015161
0.0151597
0.0151584
0.0151571
0.0151558
0.0151545
0.0151532
0.0151519
0.0151506
0.0151494
0.0151481
0.0151468
0.0151455
0.0151442
0.0151429
0.0151416
0.0151404
0.0151391
0.0151378
0.0151365
0.0151352
0.015134
0.0151327
0.0151314
0.0151302
0.0151289
0.0151276
0.0151264
0.0151251
0.0151238
0.0151226
0.0151213
0.0151201
0.0151188
0.0151176
0.0151163
0.0151151
0.0151138
0.0151126
0.0151113
0.0151101
0.0151089
0.0151076
0.0151064
0.0151051
0.0151039
0.0151027
0.0151014
0.0151002
0.015099
0.0150978
0.0150965
0.0150953
0.0150941
0.0150929
0.0150916
0.0150904
0.0150892
0.015088
0.0150868
0.0150856
0.0150844
0.0150832
0.0150819
0.0150807
0.0150795
0.0150783
0.0150771
0.0150759
0.0150747
0.0150735
0.0150724
0.0150712
0.01507
0.0150688
0.0150676
0.0150664
0.0150652
0.015064
0.0150629
0.0150617
0.0150605
0.0150593
0.0150581
0.015057
0.0150558
0.0150546
0.0150535
0.0150523
0.0150511
0.01505
0.0150488
0.0150476
0.0150465
0.0150453
0.0150442
0.015043
0.0150418
0.0150407
0.0150395
0.0150384
0.0150372
0.0150361
0.0150349
0.0150338
0.0150327
0.0150315
0.0150304
0.0150292
0.0150281
0.015027
0.0150258
0.0150247
0.0150236
0.0150224
0.0150213
0.0150202
0.0150191
0.0150179
0.0150168
0.0150157
0.0150146
0.0150134
0.0150123
0.0150112
0.0150101
0.015009
0.0150079
0.0150068
0.0150057
0.0150046
0.0150034
0.0150023
0.0150012
0.0150001
0.014999
0.0149979
0.0149968
0.0149958
0.0149947
0.0149936
0.0149925
0.0149914
0.0149903
0.0149892
0.0149881
0.014987
0.014986
0.0149849
0.0149838
0.0149827
0.0149816
0.0149806
0.0149795
0.0149784
0.0149773
0.0149763
0.0149752
0.0149741
0.0149731
0.014972
0.0149709
0.0149699
0.0149688
0.0149678
0.0149667
0.0149656
0.0149646
0.0149635
0.0149625
0.0149614
0.0149604
0.0149593
0.0149583
0.0149572
0.0149562
0.0149552
0.0149541
0.0149531
0.014952
0.014951
0.01495
0.0149489
0.0149479
0.0149469
0.0149458
0.0149448
0.0149438
0.0149427
0.0149417
0.0149407
0.0149397
0.0149387
0.0149376
0.0149366
0.0149356
0.0149346
0.0149336
0.0149326
0.0149315
0.0149305
0.0149295
0.0149285
0.0149275
0.0149265
0.0149255
0.0149245
0.0149235
0.0149225
0.0149215
0.0149205
0.0149195
0.0149185
0.0149175
0.0149165
0.0149155
0.0149145
0.0149135
0.0149126
0.0149116
0.0149106
0.0149096
0.0149086
0.0149076
0.0149067
0.0149057
0.0149047
0.0149037
0.0149028
0.0149018
0.0149008
0.0148998
0.0148989
0.0148979
0.0148969
0.014896
0.014895
0.014894
0.0148931
0.0148921
0.0148912
0.0148902
0.0148892
0.0148883
0.0148873
0.0148864
0.0148854
0.0148845
0.0148835
0.0148826
0.0148816
0.0148807
0.0148797
0.0148788
0.0148778
0.0148769
0.014876
0.014875
0.0148741
0.0148732
0.0148722
0.0148713
0.0148704
0.0148694
0.0148685
0.0148676
0.0148666
0.0148657
0.0148648
0.0148639
0.0148629
0.014862
0.0148611
0.0148602
0.0148593
0.0148583
0.0148574
0.0148565
0.0148556
0.0148547
0.0148538
0.0148529
0.014852
0.014851
0.0148501
0.0148492
0.0148483
0.0148474
0.0148465
0.0148456
0.0148447
0.0148438
0.0148429
0.014842
0.0148411
0.0148402
0.0148394
0.0148385
0.0148376
0.0148367
0.0148358
0.0148349
0.014834
0.0148331
0.0148323
0.0148314
0.0148305
0.0148296
0.0148287
0.0148279
0.014827
0.0148261
0.0148252
0.0148244
0.0148235
0.0148226
0.0148218
0.0148209
0.01482
0.0148192
0.0148183
0.0148174
0.0148166
0.0148157
0.0148148
0.014814
0.0148131
0.0148123
0.0148114
0.0148106
0.0148097
0.0148089
0.014808
0.0148072
0.0148063
0.0148055
0.0148046
0.0148038
0.0148029
0.0148021
0.0148012
0.0148004
0.0147996
0.0147987
0.0147979
0.014797
0.0147962
0.0147954
0.0147945
0.0147937
0.0147929
0.014792
0.0147912
0.0147904
0.0147896
0.0147887
0.0147879
0.0147871
0.0147863
0.0147854
0.0147846
0.0147838
0.014783
0.0147822
0.0147814
0.0147805
0.0147797
0.0147789
0.0147781
0.0147773
0.0147765
0.0147757
0.0147749
0.0147741
0.0147733
0.0147724
0.0147716
0.0147708
0.01477
0.0147692
0.0147684
0.0147676
0.0147668
0.0147661
0.0147653
0.0147645
0.0147637
0.0147629
0.0147621
0.0147613
0.0147605
0.0147597
0.0147589
0.0147582
0.0147574
0.0147566
0.0147558
0.014755
0.0147542
0.0147535
0.0147527
0.0147519
0.0147511
0.0147504
0.0147496
0.0147488
0.014748
0.0147473
0.0147465
0.0147457
0.014745
0.0147442
0.0147434
0.0147427
0.0147419
0.0147411
0.0147404
0.0147396
0.0147388
0.0147381
0.0147373
0.0147366
0.0147358
0.0147351
0.0147343
0.0147336
0.0147328
0.014732
0.0147313
0.0147306
0.0147298
0.0147291
0.0147283
0.0147276
0.0147268
0.0147261
0.0147253
0.0147246
0.0147239
0.0147231
0.0147224
0.0147216
0.0147209
0.0147202
0.0147194
0.0147187
0.014718
0.0147172
0.0147165
0.0147158
0.014715
0.0147143
0.0147136
0.0147129
0.0147121
0.0147114
0.0147107
0.01471
0.0147093
0.0147085
0.0147078
0.0147071
0.0147064
0.0147057
0.0147049
0.0147042
0.0147035
0.0147028
0.0147021
0.0147014
0.0147007
0.0147
0.0146993
0.0146986
0.0146978
0.0146971
0.0146964
0.0146957
0.014695
0.0146943
0.0146936
0.0146929
0.0146922
0.0146915
0.0146908
0.0146901
0.0146894
0.0146888
0.0146881
0.0146874
0.0146867
0.014686
0.0146853
0.0146846
0.0146839
0.0146832
0.0146825
0.0146819
0.0146812
0.0146805
0.0146798
0.0146791
0.0146785
0.0146778
0.0146771
0.0146764
0.0146757
0.0146751
0.0146744
0.0146737
0.014673
0.0146724
0.0146717
0.014671
0.0146704
0.0146697
0.014669
0.0146684
0.0146677
0.014667
0.0146664
0.0146657
0.014665
0.0146644
0.0146637
0.0146631
0.0146624
0.0146617
0.0146611
0.0146604
0.0146598
0.0146591
0.0146585
0.0146578
0.0146572
0.0146565
0.0146559
0.0146552
0.0146546
0.0146539
0.0146533
0.0146526
0.014652
0.0146513
0.0146507
0.01465
0.0146494
0.0146488
0.0146481
0.0146475
0.0146468
0.0146462
0.0146456
0.0146449
0.0146443
0.0146437
0.014643
0.0146424
0.0146418
0.0146411
0.0146405
0.0146399
0.0146393
0.0146386
0.014638
0.0146374
0.0146367
0.0146361
0.0146355
0.0146349
0.0146343
0.0146336
0.014633
0.0146324
0.0146318
0.0146312
0.0146305
0.0146299
0.0146293
0.0146287
0.0146281
0.0146275
0.0146269
0.0146263
0.0146256
0.014625
0.0146244
0.0146238
0.0146232
0.0146226
0.014622
0.0146214
0.0146208
0.0146202
0.0146196
0.014619
0.0146184
0.0146178
0.0146172
0.0146166
0.014616
0.0146154
0.0146148
0.0146142
0.0146136
0.014613
0.0146124
0.0146118
0.0146112
0.0146107
0.0146101
0.0146095
0.0146089
0.0146083
0.0146077
0.0146071
0.0146065
0.014606
0.0146054
0.0146048
0.0146042
0.0146036
0.0146031
0.0146025
0.0146019
0.0146013
0.0146007
0.0146002
0.0145996
0.014599
0.0145984
0.0145979
0.0145973
0.0145967
0.0145962
0.0145956
0.014595
0.0145945
0.0145939
0.0145933
0.0145928
0.0145922
0.0145916
0.0145911
0.0145905
0.0145899
0.0145894
0.0145888
0.0145883
0.0145877
0.0145871
0.0145866
0.014586
0.0145855
0.0145849
0.0145844
0.0145838
0.0145832
0.0145827
0.0145821
0.0145816
0.014581
0.0145805
0.0145799
0.0145794
0.0145788
0.0145783
0.0145778
0.0145772
0.0145767
0.0145761
0.0145756
0.014575
0.0145745
0.014574
0.0145734
0.0145729
0.0145723
0.0145718
0.0145713
0.0145707
0.0145702
0.0145697
0.0145691
0.0145686
0.014568
0.0145675
0.014567
0.0145665
0.0145659
0.0145654
0.0145649
0.0145643
0.0145638
0.0145633
0.0145628
0.0145622
0.0145617
0.0145612
0.0145607
0.0145601
0.0145596
0.0145591
0.0145586
0.0145581
0.0145575
0.014557
0.0145565
0.014556
0.0145555
0.014555
0.0145544
0.0145539
0.0145534
0.0145529
0.0145524
0.0145519
0.0145514
0.0145509
0.0145503
0.0145498
0.0145493
0.0145488
0.0145483
0.0145478
0.0145473
0.0145468
0.0145463
0.0145458
0.0145453
0.0145448
0.0145443
0.0145438
0.0145433
0.0145428
0.0145423
0.0145418
0.0145413
0.0145408
0.0145403
0.0145398
0.0145393
0.0145388
0.0145383
0.0145378
0.0145373
0.0145369
0.0145364
0.0145359
0.0145354
0.0145349
0.0145344
0.0145339
0.0145334
0.014533
0.0145325
0.014532
0.0145315
0.014531
0.0145305
0.01453
0.0145296
0.0145291
0.0145286
0.0145281
0.0145276
0.0145272
0.0145267
0.0145262
0.0145257
0.0145253
0.0145248
0.0145243
0.0145238
0.0145234
0.0145229
0.0145224
0.014522
0.0145215
0.014521
0.0145205
0.0145201
0.0145196
0.0145191
0.0145187
0.0145182
0.0145177
0.0145173
0.0145168
0.0145164
0.0145159
0.0145154
0.014515
0.0145145
0.014514
0.0145136
0.0145131
0.0145127
0.0145122
0.0145118
0.0145113
0.0145108
0.0145104
0.0145099
0.0145095
0.014509
0.0145086
0.0145081
0.0145077
0.0145072
0.0145068
0.0145063
0.0145059
0.0145054
0.014505
0.0145045
0.0145041
0.0145036
0.0145032
0.0145027
0.0145023
0.0145018
0.0145014
0.014501
0.0145005
0.0145001
0.0144996
0.0144992
0.0144988
0.0144983
0.0144979
0.0144974
0.014497
0.0144966
0.0144961
0.0144957
0.0144953
0.0144948
0.0144944
0.014494
0.0144935
0.0144931
0.0144927
0.0144922
0.0144918
0.0144914
0.0144909
0.0144905
0.0144901
0.0144897
0.0144892
0.0144888
0.0144884
0.014488
0.0144875
0.0144871
0.0144867
0.0144863
0.0144858
0.0144854
0.014485
0.0144846
0.0144842
0.0144837
0.0144833
0.0144829
0.0144825
0.0144821
0.0144816
0.0144812
0.0144808
0.0144804
0.01448
0.0144796
0.0144792
0.0144787
0.0144783
0.0144779
0.0144775
0.0144771
0.0144767
0.0144763
0.0144759
0.0144755
0.0144751
0.0144747
0.0144742
0.0144738
0.0144734
0.014473
0.0144726
0.0144722
0.0144718
0.0144714
0.014471
0.0144706
0.0144702
0.0144698
0.0144694
0.014469
0.0144686
0.0144682
0.0144678
0.0144674
0.014467
0.0144666
0.0144662
0.0144658
0.0144654
0.014465
0.0144647
0.0144643
0.0144639
0.0144635
0.0144631
0.0144627
0.0144623
0.0144619
0.0144615
0.0144611
0.0144607
0.0144604
0.01446
0.0144596
0.0144592
0.0144588
0.0144584
0.014458
0.0144577
0.0144573
0.0144569
0.0144565
0.0144561
0.0144557
0.0144554
0.014455
0.0144546
0.0144542
0.0144539
0.0144535
0.0144531
0.0144527
0.0144523
0.014452
0.0144516
0.0144512
0.0144508
0.0144505
0.0144501
0.0144497
0.0144493
0.014449
0.0144486
0.0144482
0.0144479
0.0144475
0.0144471
0.0144468
0.0144464
0.014446
0.0144456
0.0144453
0.0144449
0.0144445
0.0144442
0.0144438
0.0144435
0.0144431
0.0144427
0.0144424
0.014442
0.0144416
0.0144413
0.0144409
0.0144406
0.0144402
0.0144398
0.0144395
0.0144391
0.0144388
0.0144384
0.014438
0.0144377
0.0144373
0.014437
0.0144366
0.0144363
0.0144359
0.0144356
0.0144352
0.0144348
0.0144345
0.0144341
0.0144338
0.0144334
0.0144331
0.0144327
0.0144324
0.014432
0.0144317
0.0144313
0.014431
0.0144306
0.0144303
0.01443
0.0144296
0.0144293
0.0144289
0.0144286
0.0144282
0.0144279
0.0144275
0.0144272
0.0144269
0.0144265
0.0144262
0.0144258
0.0144255
0.0144252
0.0144248
0.0144245
0.0144241
0.0144238
0.0144235
0.0144231
0.0144228
0.0144225
0.0144221
0.0144218
0.0144215
0.0144211
0.0144208
0.0144205
0.0144201
0.0144198
0.0144195
0.0144191
0.0144188
0.0144185
0.0144181
0.0144178
0.0144175
0.0144171
0.0144168
0.0144165
0.0144162
0.0144158
0.0144155
0.0144152
0.0144149
0.0144145
0.0144142
0.0144139
0.0144136
0.0144132
0.0144129
0.0144126
0.0144123
0.0144119
0.0144116
0.0144113
0.014411
0.0144107
0.0144103
0.01441
0.0144097
0.0144094
0.0144091
0.0144088
0.0144084
0.0144081
0.0144078
0.0144075
0.0144072
0.0144069
0.0144065
0.0144062
0.0144059
0.0144056
0.0144053
0.014405
0.0144047
0.0144044
0.014404
0.0144037
0.0144034
0.0144031
0.0144028
0.0144025
0.0144022
0.0144019
0.0144016
0.0144013
0.014401
0.0144007
0.0144004
0.0144
0.0143997
0.0143994
0.0143991
0.0143988
0.0143985
0.0143982
0.0143979
0.0143976
0.0143973
0.014397
0.0143967
0.0143964
0.0143961
0.0143958
0.0143955
0.0143952
0.0143949
0.0143946
0.0143943
0.014394
0.0143937
0.0143934
0.0143931
0.0143928
0.0143925
0.0143923
0.014392
0.0143917
0.0143914
0.0143911
0.0143908
0.0143905
0.0143902
0.0143899
0.0143896
0.0143893
0.014389
0.0143888
0.0143885
0.0143882
0.0143879
0.0143876
0.0143873
0.014387
0.0143867
0.0143864
0.0143862
0.0143859
0.0143856
0.0143853
0.014385
0.0143847
0.0143845
0.0143842
0.0143839
0.0143836
0.0143833
0.014383
0.0143828
0.0143825
0.0143822
0.0143819
0.0143816
0.0143814
0.0143811
0.0143808
0.0143805
0.0143802
0.01438
0.0143797
0.0143794
0.0143791
0.0143789
0.0143786
0.0143783
0.014378
0.0143778
0.0143775
0.0143772
0.0143769
0.0143767
0.0143764
0.0143761
0.0143758
0.0143756
0.0143753
0.014375
0.0143748
0.0143745
0.0143742
0.014374
0.0143737
0.0143734
0.0143731
0.0143729
0.0143726
0.0143723
0.0143721
0.0143718
0.0143715
0.0143713
0.014371
0.0143707
0.0143705
0.0143702
0.01437
0.0143697
0.0143694
0.0143692
0.0143689
0.0143686
0.0143684
0.0143681
0.0143679
0.0143676
0.0143673
0.0143671
0.0143668
0.0143666
0.0143663
0.014366
0.0143658
0.0143655
0.0143653
0.014365
0.0143648
0.0143645
0.0143642
0.014364
0.0143637
0.0143635
0.0143632
0.014363
0.0143627
0.0143625
0.0143622
0.014362
0.0143617
0.0143615
0.0143612
0.0143609
0.0143607
0.0143604
0.0143602
0.0143599
0.0143597
0.0143594
0.0143592
0.014359
0.0143587
0.0143585
0.0143582
0.014358
0.0143577
0.0143575
0.0143572
0.014357
0.0143567
0.0143565
0.0143562
0.014356
0.0143557
0.0143555
0.0143553
0.014355
0.0143548
0.0143545
0.0143543
0.0143541
0.0143538
0.0143536
0.0143533
0.0143531
0.0143528
0.0143526
0.0143524
0.0143521
0.0143519
0.0143517
0.0143514
0.0143512
0.0143509
0.0143507
0.0143505
0.0143502
0.01435
0.0143498
0.0143495
0.0143493
0.014349
0.0143488
0.0143486
0.0143483
0.0143481
0.0143479
0.0143476
0.0143474
0.0143472
0.014347
0.0143467
0.0143465
0.0143463
0.014346
0.0143458
0.0143456
0.0143453
0.0143451
0.0143449
0.0143446
0.0143444
0.0143442
0.014344
0.0143437
0.0143435
0.0143433
0.0143431
0.0143428
0.0143426
0.0143424
0.0143422
0.0143419
0.0143417
0.0143415
0.0143413
0.014341
0.0143408
0.0143406
0.0143404
0.0143401
0.0143399
0.0143397
0.0143395
0.0143393
0.014339
0.0143388
0.0143386
0.0143384
0.0143382
0.0143379
0.0143377
0.0143375
0.0143373
0.0143371
0.0143368
0.0143366
0.0143364
0.0143362
0.014336
0.0143358
0.0143355
0.0143353
0.0143351
0.0143349
0.0143347
0.0143345
0.0143343
0.014334
0.0143338
0.0143336
0.0143334
0.0143332
0.014333
0.0143328
0.0143325
0.0143323
0.0143321
0.0143319
0.0143317
0.0143315
0.0143313
0.0143311
0.0143309
0.0143307
0.0143304
0.0143302
0.01433
0.0143298
0.0143296
0.0143294
0.0143292
0.014329
0.0143288
0.0143286
0.0143284
0.0143282
0.014328
0.0143278
0.0143276
0.0143273
0.0143271
0.0143269
0.0143267
0.0143265
0.0143263
0.0143261
0.0143259
0.0143257
0.0143255
0.0143253
0.0143251
0.0143249
0.0143247
0.0143245
0.0143243
0.0143241
0.0143239
0.0143237
0.0143235
0.0143233
0.0143231
0.0143229
0.0143227
0.0143225
0.0143223
0.0143221
0.0143219
0.0143217
0.0143215
0.0143213
0.0143211
0.014321
0.0143208
0.0143206
0.0143204
0.0143202
0.01432
0.0143198
0.0143196
0.0143194
0.0143192
0.014319
0.0143188
0.0143186
0.0143184
0.0143182
0.0143181
0.0143179
0.0143177
0.0143175
0.0143173
0.0143171
0.0143169
0.0143167
0.0143165
0.0143163
0.0143162
0.014316
0.0143158
0.0143156
0.0143154
0.0143152
0.014315
0.0143148
0.0143147
0.0143145
0.0143143
0.0143141
0.0143139
0.0143137
0.0143135
0.0143134
0.0143132
0.014313
0.0143128
0.0143126
0.0143124
0.0143122
0.0143121
0.0143119
0.0143117
0.0143115
0.0143113
0.0143112
0.014311
0.0143108
0.0143106
0.0143104
0.0143102
0.0143101
0.0143099
0.0143097
0.0143095
0.0143094
0.0143092
0.014309
0.0143088
0.0143086
0.0143085
0.0143083
0.0143081
0.0143079
0.0143077
0.0143076
0.0143074
0.0143072
0.014307
0.0143069
0.0143067
0.0143065
0.0143063
0.0143062
0.014306
0.0143058
0.0143056
0.0143055
0.0143053
0.0143051
0.014305
0.0143048
0.0143046
0.0143044
0.0143043
0.0143041
0.0143039
0.0143037
0.0143036
0.0143034
0.0143032
0.0143031
0.0143029
0.0143027
0.0143026
0.0143024
0.0143022
0.014302
0.0143019
0.0143017
0.0143015
0.0143014
0.0143012
0.014301
0.0143009
0.0143007
0.0143005
0.0143004
0.0143002
0.0143
0.0142999
0.0142997
0.0142995
0.0142994
0.0142992
0.014299
0.0142989
0.0142987
0.0142986
0.0142984
0.0142982
0.0142981
0.0142979
0.0142977
0.0142976
0.0142974
0.0142973
0.0142971
0.0142969
0.0142968
0.0142966
0.0142964
0.0142963
0.0142961
0.014296
0.0142958
0.0142956
0.0142955
0.0142953
0.0142952
0.014295
0.0142948
0.0142947
0.0142945
0.0142944
0.0142942
0.0142941
0.0142939
0.0142937
0.0142936
0.0142934
0.0142933
0.0142931
0.014293
0.0142928
0.0142927
0.0142925
0.0142923
0.0142922
0.014292
0.0142919
0.0142917
0.0142916
0.0142914
0.0142913
0.0142911
0.014291
0.0142908
0.0142906
0.0142905
0.0142903
0.0142902
0.01429
0.0142899
0.0142897
0.0142896
0.0142894
0.0142893
0.0142891
0.014289
0.0142888
0.0142887
0.0142885
0.0142884
0.0142882
0.0142881
0.0142879
0.0142878
0.0142876
0.0142875
0.0142873
0.0142872
0.014287
0.0142869
0.0142868
0.0142866
0.0142865
0.0142863
0.0142862
0.014286
0.0142859
0.0142857
0.0142856
0.0142854
0.0142853
0.0142852
0.014285
0.0142849
0.0142847
0.0142846
0.0142844
0.0142843
0.0142841
0.014284
0.0142839
0.0142837
0.0142836
0.0142834
0.0142833
0.0142831
0.014283
0.0142829
0.0142827
0.0142826
0.0142824
0.0142823
0.0142822
0.014282
0.0142819
0.0142817
0.0142816
0.0142815
0.0142813
0.0142812
0.014281
0.0142809
0.0142808
0.0142806
0.0142805
0.0142803
0.0142802
0.0142801
0.0142799
0.0142798
0.0142797
0.0142795
0.0142794
0.0142793
0.0142791
0.014279
0.0142788
0.0142787
0.0142786
0.0142784
0.0142783
0.0142782
0.014278
0.0142779
0.0142778
0.0142776
0.0142775
0.0142774
0.0142772
0.0142771
0.014277
0.0142768
0.0142767
0.0142766
0.0142764
0.0142763
0.0142762
0.014276
0.0142759
0.0142758
0.0142756
0.0142755
0.0142754
0.0142753
0.0142751
0.014275
0.0142749
0.0142747
0.0142746
0.0142745
0.0142743
0.0142742
0.0142741
0.014274
0.0142738
0.0142737
0.0142736
0.0142734
0.0142733
0.0142732
0.0142731
0.0142729
0.0142728
0.0142727
0.0142726
0.0142724
0.0142723
0.0142722
0.014272
0.0142719
0.0142718
0.0142717
0.0142715
0.0142714
0.0142713
0.0142712
0.014271
0.0142709
0.0142708
0.0142707
0.0142706
0.0142704
0.0142703
0.0142702
0.0142701
0.0142699
0.0142698
0.0142697
0.0142696
0.0142694
0.0142693
0.0142692
0.0142691
0.014269
0.0142688
0.0142687
0.0142686
0.0142685
0.0142684
0.0142682
0.0142681
0.014268
0.0142679
0.0142678
0.0142676
0.0142675
0.0142674
0.0142673
0.0142672
0.014267
0.0142669
0.0142668
0.0142667
0.0142666
0.0142664
0.0142663
0.0142662
0.0142661
0.014266
0.0142659
0.0142657
0.0142656
0.0142655
0.0142654
0.0142653
0.0142652
0.014265
0.0142649
0.0142648
0.0142647
0.0142646
0.0142645
0.0142644
0.0142642
0.0142641
0.014264
0.0142639
0.0142638
0.0142637
0.0142636
0.0142634
0.0142633
0.0142632
0.0142631
0.014263
0.0142629
0.0142628
0.0142627
0.0142625
0.0142624
0.0142623
0.0142622
0.0142621
0.014262
0.0142619
0.0142618
0.0142617
0.0142615
0.0142614
0.0142613
0.0142612
0.0142611
0.014261
0.0142609
0.0142608
0.0142607
0.0142606
0.0142604
0.0142603
0.0142602
0.0142601
0.01426
0.0142599
0.0142598
0.0142597
0.0142596
0.0142595
0.0142594
0.0142593
0.0142591
0.014259
0.0142589
0.0142588
0.0142587
0.0142586
0.0142585
0.0142584
0.0142583
0.0142582
0.0142581
0.014258
0.0142579
0.0142578
0.0142577
0.0142576
0.0142575
0.0142573
0.0142572
0.0142571
0.014257
0.0142569
0.0142568
0.0142567
0.0142566
0.0142565
0.0142564
0.0142563
0.0142562
0.0142561
0.014256
0.0142559
0.0142558
0.0142557
0.0142556
0.0142555
0.0142554
0.0142553
0.0142552
0.0142551
0.014255
0.0142549
0.0142548
0.0142547
0.0142546
0.0142545
0.0142544
0.0142543
0.0142542
0.0142541
0.014254
0.0142539
0.0142538
0.0142537
0.0142536
0.0142535
0.0142534
0.0142533
0.0142532
0.0142531
0.014253
0.0142529
0.0142528
0.0142527
0.0142526
0.0142525
0.0142524
0.0142523
0.0142522
0.0142521
0.014252
0.0142519
0.0142518
0.0142517
0.0142516
0.0142515
0.0142514
0.0142514
0.0142513
0.0142512
0.0142511
0.014251
0.0142509
0.0142508
0.0142507
0.0142506
0.0142505
0.0142504
0.0142503
0.0142502
0.0142501
0.01425
0.0142499
0.0142498
0.0142497
0.0142497
0.0142496
0.0142495
0.0142494
0.0142493
0.0142492
0.0142491
0.014249
0.0142489
0.0142488
0.0142487
0.0142486
0.0142485
0.0142485
0.0142484
0.0142483
0.0142482
0.0142481
0.014248
0.0142479
0.0142478
0.0142477
0.0142476
0.0142476
0.0142475
0.0142474
0.0142473
0.0142472
0.0142471
0.014247
0.0142469
0.0142468
0.0142467
0.0142467
0.0142466
0.0142465
0.0142464
0.0142463
0.0142462
0.0142461
0.014246
0.014246
0.0142459
0.0142458
0.0142457
0.0142456
0.0142455
0.0142454
0.0142453
0.0142453
0.0142452
0.0142451
0.014245
0.0142449
0.0142448
0.0142447
0.0142447
0.0142446
0.0142445
0.0142444
0.0142443
0.0142442
0.0142441
0.0142441
0.014244
0.0142439
0.0142438
0.0142437
0.0142436
0.0142436
0.0142435
0.0142434
0.0142433
0.0142432
0.0142431
0.0142431
0.014243
0.0142429
0.0142428
0.0142427
0.0142426
0.0142426
0.0142425
0.0142424
0.0142423
0.0142422
0.0142421
0.0142421
0.014242
0.0142419
0.0142418
0.0142417
0.0142417
0.0142416
0.0142415
0.0142414
0.0142413
0.0142413
0.0142412
0.0142411
0.014241
0.0142409
0.0142409
0.0142408
0.0142407
0.0142406
0.0142405
0.0142405
0.0142404
0.0142403
0.0142402
0.0142401
0.0142401
0.01424
0.0142399
0.0142398
0.0142397
0.0142397
0.0142396
0.0142395
0.0142394
0.0142394
0.0142393
0.0142392
0.0142391
0.014239
0.014239
0.0142389
0.0142388
0.0142387
0.0142387
0.0142386
0.0142385
0.0142384
0.0142384
0.0142383
0.0142382
0.0142381
0.0142381
0.014238
0.0142379
0.0142378
0.0142378
0.0142377
0.0142376
0.0142375
0.0142375
0.0142374
0.0142373
0.0142372
0.0142372
0.0142371
0.014237
0.0142369
0.0142369
0.0142368
0.0142367
0.0142366
0.0142366
0.0142365
0.0142364
0.0142363
0.0142363
0.0142362
0.0142361
0.0142361
0.014236
0.0142359
0.0142358
0.0142358
0.0142357
0.0142356
0.0142355
0.0142355
0.0142354
0.0142353
0.0142353
0.0142352
0.0142351
0.014235
0.014235
0.0142349
0.0142348
0.0142348
0.0142347
0.0142346
0.0142346
0.0142345
0.0142344
0.0142343
0.0142343
0.0142342
0.0142341
0.0142341
0.014234
0.0142339
0.0142339
0.0142338
0.0142337
0.0142336
0.0142336
0.0142335
0.0142334
0.0142334
0.0142333
0.0142332
0.0142332
0.0142331
0.014233
0.014233
0.0142329
0.0142328
0.0142328
0.0142327
0.0142326
0.0142326
0.0142325
0.0142324
0.0142324
0.0142323
0.0142322
0.0142322
0.0142321
0.014232
0.014232
0.0142319
0.0142318
0.0142318
0.0142317
0.0142316
0.0142316
0.0142315
0.0142314
0.0142314
0.0142313
0.0142312
0.0142312
0.0142311
0.014231
0.014231
0.0142309
0.0142308
0.0142308
0.0142307
0.0142307
0.0142306
0.0142305
0.0142305
0.0142304
0.0142303
0.0142303
0.0142302
0.0142301
0.0142301
0.01423
0.01423
0.0142299
0.0142298
0.0142298
0.0142297
0.0142296
0.0142296
0.0142295
0.0142294
0.0142294
0.0142293
0.0142293
0.0142292
0.0142291
0.0142291
0.014229
0.014229
0.0142289
0.0142288
0.0142288
0.0142287
0.0142286
0.0142286
0.0142285
0.0142285
0.0142284
0.0142283
0.0142283
0.0142282
0.0142282
0.0142281
0.014228
0.014228
0.0142279
0.0142279
0.0142278
0.0142277
0.0142277
0.0142276
0.0142276
0.0142275
0.0142274
0.0142274
0.0142273
0.0142273
0.0142272
0.0142271
0.0142271
0.014227
0.014227
0.0142269
0.0142269
0.0142268
0.0142267
0.0142267
0.0142266
0.0142266
0.0142265
0.0142264
0.0142264
0.0142263
0.0142263
0.0142262
0.0142262
0.0142261
0.014226
0.014226
0.0142259
0.0142259
0.0142258
0.0142258
0.0142257
0.0142256
0.0142256
0.0142255
0.0142255
0.0142254
0.0142254
0.0142253
0.0142253
0.0142252
0.0142251
0.0142251
0.014225
0.014225
0.0142249
0.0142249
0.0142248
0.0142248
0.0142247
0.0142246
0.0142246
0.0142245
0.0142245
0.0142244
0.0142244
0.0142243
0.0142243
0.0142242
0.0142242
0.0142241
0.014224
0.014224
0.0142239
0.0142239
0.0142238
0.0142238
0.0142237
0.0142237
0.0142236
0.0142236
0.0142235
0.0142235
0.0142234
0.0142234
0.0142233
0.0142232
0.0142232
0.0142231
0.0142231
0.014223
0.014223
0.0142229
0.0142229
0.0142228
0.0142228
0.0142227
0.0142227
0.0142226
0.0142226
0.0142225
0.0142225
0.0142224
0.0142224
0.0142223
0.0142223
0.0142222
0.0142222
0.0142221
0.0142221
0.014222
0.014222
0.0142219
0.0142219
0.0142218
0.0142218
0.0142217
0.0142217
0.0142216
0.0142216
0.0142215
0.0142215
0.0142214
0.0142214
0.0142213
0.0142213
0.0142212
0.0142212
0.0142211
0.0142211
0.014221
0.014221
0.0142209
0.0142209
0.0142208
0.0142208
0.0142207
0.0142207
0.0142206
0.0142206
0.0142205
0.0142205
0.0142204
0.0142204
0.0142203
0.0142203
0.0142202
0.0142202
0.0142201
0.0142201
0.01422
0.01422
0.01422
0.0142199
0.0142199
0.0142198
0.0142198
0.0142197
0.0142197
0.0142196
0.0142196
0.0142195
0.0142195
0.0142194
0.0142194
0.0142193
0.0142193
0.0142193
0.0142192
0.0142192
0.0142191
0.0142191
0.014219
0.014219
0.0142189
0.0142189
0.0142188
0.0142188
0.0142187
0.0142187
0.0142187
0.0142186
0.0142186
0.0142185
0.0142185
0.0142184
0.0142184
0.0142183
0.0142183
0.0142183
0.0142182
0.0142182
0.0142181
0.0142181
0.014218
0.014218
0.0142179
0.0142179
0.0142179
0.0142178
0.0142178
0.0142177
0.0142177
0.0142176
0.0142176
0.0142175
0.0142175
0.0142175
0.0142174
0.0142174
0.0142173
0.0142173
0.0142172
0.0142172
0.0142172
0.0142171
0.0142171
0.014217
0.014217
0.0142169
0.0142169
0.0142169
0.0142168
0.0142168
0.0142167
0.0142167
0.0142167
0.0142166
0.0142166
0.0142165
0.0142165
0.0142164
0.0142164
0.0142164
0.0142163
0.0142163
0.0142162
0.0142162
0.0142162
0.0142161
0.0142161
0.014216
0.014216
0.014216
0.0142159
0.0142159
0.0142158
0.0142158
0.0142157
0.0142157
0.0142157
0.0142156
0.0142156
0.0142155
0.0142155
0.0142155
0.0142154
0.0142154
0.0142153
0.0142153
0.0142153
0.0142152
0.0142152
0.0142151
0.0142151
0.0142151
0.014215
0.014215
0.014215
0.0142149
0.0142149
0.0142148
0.0142148
0.0142148
0.0142147
0.0142147
0.0142146
0.0142146
0.0142146
0.0142145
0.0142145
0.0142145
0.0142144
0.0142144
0.0142143
0.0142143
0.0142143
0.0142142
0.0142142
0.0142141
0.0142141
0.0142141
0.014214
0.014214
0.014214
0.0142139
0.0142139
0.0142138
0.0142138
0.0142138
0.0142137
0.0142137
0.0142137
0.0142136
0.0142136
0.0142136
0.0142135
0.0142135
0.0142134
0.0142134
0.0142134
0.0142133
0.0142133
0.0142133
0.0142132
0.0142132
0.0142132
0.0142131
0.0142131
0.014213
0.014213
0.014213
0.0142129
0.0142129
0.0142129
0.0142128
0.0142128
0.0142128
0.0142127
0.0142127
0.0142127
0.0142126
0.0142126
0.0142125
0.0142125
0.0142125
0.0142124
0.0142124
0.0142124
0.0142123
0.0142123
0.0142123
0.0142122
0.0142122
0.0142122
0.0142121
0.0142121
0.0142121
0.014212
0.014212
0.014212
0.0142119
0.0142119
0.0142119
0.0142118
0.0142118
0.0142118
0.0142117
0.0142117
0.0142117
0.0142116
0.0142116
0.0142116
0.0142115
0.0142115
0.0142115
0.0142114
0.0142114
0.0142114
0.0142113
0.0142113
0.0142113
0.0142112
0.0142112
0.0142112
0.0142111
0.0142111
0.0142111
0.014211
0.014211
0.014211
0.0142109
0.0142109
0.0142109
0.0142108
0.0142108
0.0142108
0.0142107
0.0142107
0.0142107
0.0142106
0.0142106
0.0142106
0.0142106
0.0142105
0.0142105
0.0142105
0.0142104
0.0142104
0.0142104
0.0142103
0.0142103
0.0142103
0.0142102
0.0142102
0.0142102
0.0142101
0.0142101
0.0142101
0.0142101
0.01421
0.01421
0.01421
0.0142099
0.0142099
0.0142099
0.0142098
0.0142098
0.0142098
0.0142097
0.0142097
0.0142097
0.0142097
0.0142096
0.0142096
0.0142096
0.0142095
0.0142095
0.0142095
0.0142095
0.0142094
0.0142094
0.0142094
0.0142093
0.0142093
0.0142093
0.0142092
0.0142092
0.0142092
0.0142092
0.0142091
0.0142091
0.0142091
0.014209
0.014209
0.014209
0.014209
0.0142089
0.0142089
0.0142089
0.0142088
0.0142088
0.0142088
0.0142088
0.0142087
0.0142087
0.0142087
0.0142086
0.0142086
0.0142086
0.0142086
0.0142085
0.0142085
0.0142085
0.0142084
0.0142084
0.0142084
0.0142084
0.0142083
0.0142083
0.0142083
0.0142083
0.0142082
0.0142082
0.0142082
0.0142081
0.0142081
0.0142081
0.0142081
0.014208
0.014208
0.014208
0.014208
0.0142079
0.0142079
0.0142079
0.0142078
0.0142078
0.0142078
0.0142078
0.0142077
0.0142077
0.0142077
0.0142077
0.0142076
0.0142076
0.0142076
0.0142076
0.0142075
0.0142075
0.0142075
0.0142075
0.0142074
0.0142074
0.0142074
0.0142073
0.0142073
0.0142073
0.0142073
0.0142072
0.0142072
0.0142072
0.0142072
0.0142071
0.0142071
0.0142071
0.0142071
0.014207
0.014207
0.014207
0.014207
0.0142069
0.0142069
0.0142069
0.0142069
0.0142068
0.0142068
0.0142068
0.0142068
0.0142067
0.0142067
0.0142067
0.0142067
0.0142066
0.0142066
0.0142066
0.0142066
0.0142065
0.0142065
0.0142065
0.0142065
0.0142064
0.0142064
0.0142064
0.0142064
0.0142064
0.0142063
0.0142063
0.0142063
0.0142063
0.0142062
0.0142062
0.0142062
0.0142062
0.0142061
0.0142061
0.0142061
0.0142061
0.014206
0.014206
0.014206
0.014206
0.014206
0.0142059
0.0142059
0.0142059
0.0142059
0.0142058
0.0142058
0.0142058
0.0142058
0.0142057
0.0142057
0.0142057
0.0142057
0.0142057
0.0142056
0.0142056
0.0142056
0.0142056
0.0142055
0.0142055
0.0142055
0.0142055
0.0142055
0.0142054
0.0142054
0.0142054
0.0142054
0.0142053
0.0142053
0.0142053
0.0142053
0.0142053
0.0142052
0.0142052
0.0142052
0.0142052
0.0142051
0.0142051
0.0142051
0.0142051
0.0142051
0.014205
0.014205
0.014205
0.014205
0.0142049
0.0142049
0.0142049
0.0142049
0.0142049
0.0142048
0.0142048
0.0142048
0.0142048
0.0142048
0.0142047
0.0142047
0.0142047
0.0142047
0.0142047
0.0142046
0.0142046
0.0142046
0.0142046
0.0142046
0.0142045
0.0142045
0.0142045
0.0142045
0.0142044
0.0142044
0.0142044
0.0142044
0.0142044
0.0142043
0.0142043
0.0142043
0.0142043
0.0142043
0.0142042
0.0142042
0.0142042
0.0142042
0.0142042
0.0142041
0.0142041
0.0142041
0.0142041
0.0142041
0.0142041
0.014204
0.014204
0.014204
0.014204
0.014204
0.0142039
0.0142039
0.0142039
0.0142039
0.0142039
0.0142038
0.0142038
0.0142038
0.0142038
0.0142038
0.0142037
0.0142037
0.0142037
0.0142037
0.0142037
0.0142036
0.0142036
0.0142036
0.0142036
0.0142036
0.0142036
0.0142035
0.0142035
0.0142035
0.0142035
0.0142035
0.0142034
0.0142034
0.0142034
0.0142034
0.0142034
0.0142034
0.0142033
0.0142033
0.0142033
0.0142033
0.0142033
0.0142032
0.0142032
0.0142032
0.0142032
0.0142032
0.0142032
0.0142031
0.0142031
0.0142031
0.0142031
0.0142031
0.0142031
0.014203
0.014203
0.014203
0.014203
0.014203
0.0142029
0.0142029
0.0142029
0.0142029
0.0142029
0.0142029
0.0142028
0.0142028
0.0142028
0.0142028
0.0142028
0.0142028
0.0142027
0.0142027
0.0142027
0.0142027
0.0142027
0.0142027
0.0142026
0.0142026
0.0142026
0.0142026
0.0142026
0.0142026
0.0142025
0.0142025
0.0142025
0.0142025
0.0142025
0.0142025
0.0142024
0.0142024
0.0142024
0.0142024
0.0142024
0.0142024
0.0142023
0.0142023
0.0142023
0.0142023
0.0142023
0.0142023
0.0142022
0.0142022
0.0142022
0.0142022
0.0142022
0.0142022
0.0142022
0.0142021
0.0142021
0.0142021
0.0142021
0.0142021
0.0142021
0.014202
0.014202
0.014202
0.014202
0.014202
0.014202
0.014202
0.0142019
0.0142019
0.0142019
0.0142019
0.0142019
0.0142019
0.0142018
0.0142018
0.0142018
0.0142018
0.0142018
0.0142018
0.0142018
0.0142017
0.0142017
0.0142017
0.0142017
0.0142017
0.0142017
0.0142017
0.0142016
0.0142016
0.0142016
0.0142016
0.0142016
0.0142016
0.0142016
0.0142015
0.0142015
0.0142015
0.0142015
0.0142015
0.0142015
0.0142015
0.0142014
0.0142014
0.0142014
0.0142014
0.0142014
0.0142014
0.0142014
0.0142013
0.0142013
0.0142013
0.0142013
0.0142013
0.0142013
0.0142013
0.0142012
0.0142012
0.0142012
0.0142012
0.0142012
0.0142012
0.0142012
0.0142011
0.0142011
0.0142011
0.0142011
0.0142011
0.0142011
0.0142011
0.0142011
0.014201
0.014201
0.014201
0.014201
0.014201
0.014201
0.014201
0.014201
0.0142009
0.0142009
0.0142009
0.0142009
0.0142009
0.0142009
0.0142009
0.0142008
0.0142008
0.0142008
0.0142008
0.0142008
0.0142008
0.0142008
0.0142008
0.0142007
0.0142007
0.0142007
0.0142007
0.0142007
0.0142007
0.0142007
0.0142007
0.0142006
0.0142006
0.0142006
0.0142006
0.0142006
0.0142006
0.0142006
0.0142006
0.0142005
0.0142005
0.0142005
0.0142005
0.0142005
0.0142005
0.0142005
0.0142005
0.0142005
0.0142004
0.0142004
0.0142004
0.0142004
0.0142004
0.0142004
0.0142004
0.0142004
0.0142003
0.0142003
0.0142003
0.0142003
0.0142003
0.0142003
0.0142003
0.0142003
0.0142003
0.0142002
0.0142002
0.0142002
0.0142002
0.0142002
0.0142002
0.0142002
0.0142002
0.0142002
0.0142001
0.0142001
0.0142001
0.0142001
0.0142001
0.0142001
0.0142001
0.0142001
0.0142001
0.0142
0.0142
0.0142
0.0142
0.0142
0.0142
0.0142
0.0142
0.0142
0.0141999
0.0141999
0.0141999
0.0141999
0.0141999
0.0141999
0.0141999
0.0141999
0.0141999
0.0141998
0.0141998
0.0141998
0.0141998
0.0141998
0.0141998
0.0141998
0.0141998
0.0141998
0.0141998
0.0141997
0.0141997
0.0141997
0.0141997
0.0141997
0.0141997
0.0141997
0.0141997
0.0141997
0.0141997
0.0141996
0.0141996
0.0141996
0.0141996
0.0141996
0.0141996
0.0141996
0.0141996
0.0141996
0.0141996
0.0141995
0.0141995
0.0141995
0.0141995
0.0141995
0.0141995
0.0141995
0.0141995
0.0141995
0.0141995
0.0141995
0.0141994
0.0141994
0.0141994
0.0141994
0.0141994
0.0141994
0.0141994
0.0141994
0.0141994
0.0141994
0.0141993
0.0141993
0.0141993
0.0141993
0.0141993
0.0141993
0.0141993
0.0141993
0.0141993
0.0141993
0.0141993
0.0141992
0.0141992
0.0141992
0.0141992
0.0141992
0.0141992
0.0141992
0.0141992
0.0141992
0.0141992
0.0141992
0.0141992
0.0141991
0.0141991
0.0141991
0.0141991
0.0141991
0.0141991
0.0141991
0.0141991
0.0141991
0.0141991
0.0141991
0.0141991
0.014199
0.014199
0.014199
0.014199
0.014199
0.014199
0.014199
0.014199
0.014199
0.014199
0.014199
0.014199
0.0141989
0.0141989
0.0141989
0.0141989
0.0141989
0.0141989
0.0141989
0.0141989
0.0141989
0.0141989
0.0141989
0.0141989
0.0141988
0.0141988
0.0141988
0.0141988
0.0141988
0.0141988
0.0141988
0.0141988
0.0141988
0.0141988
0.0141988
0.0141988
0.0141988
0.0141987
0.0141987
0.0141987
0.0141987
0.0141987
0.0141987
0.0141987
0.0141987
0.0141987
0.0141987
0.0141987
0.0141987
0.0141987
0.0141987
0.0141986
0.0141986
0.0141986
0.0141986
0.0141986
0.0141986
0.0141986
0.0141986
0.0141986
0.0141986
0.0141986
0.0141986
0.0141986
0.0141986
0.0141985
0.0141985
0.0141985
0.0141985
0.0141985
0.0141985
0.0141985
0.0141985
0.0141985
0.0141985
0.0141985
0.0141985
0.0141985
0.0141985
0.0141985
0.0141984
0.0141984
0.0141984
0.0141984
0.0141984
0.0141984
0.0141984
0.0141984
0.0141984
0.0141984
0.0141984
0.0141984
0.0141984
0.0141984
0.0141984
0.0141983
0.0141983
0.0141983
0.0141983
0.0141983
0.0141983
0.0141983
0.0141983
0.0141983
0.0141983
0.0141983
0.0141983
0.0141983
0.0141983
0.0141983
0.0141983
0.0141982
0.0141982
0.0141982
0.0141982
0.0141982
0.0141982
0.0141982
0.0141982
0.0141982
0.0141982
0.0141982
0.0141982
0.0141982
0.0141982
0.0141982
0.0141982
0.0141982
0.0141981
0.0141981
0.0141981
0.0141981
0.0141981
0.0141981
0.0141981
0.0141981
0.0141981
0.0141981
0.0141981
0.0141981
0.0141981
0.0141981
0.0141981
0.0141981
0.0141981
0.0141981
0.014198
0.014198
0.014198
0.014198
0.014198
0.014198
0.014198
0.014198
0.014198
0.014198
0.014198
0.014198
0.014198
0.014198
0.014198
0.014198
0.014198
0.014198
0.014198
0.0141979
0.0141979
0.0141979
0.0141979
0.0141979
0.0141979
0.0141979
0.0141979
0.0141979
0.0141979
0.0141979
0.0141979
0.0141979
0.0141979
0.0141979
0.0141979
0.0141979
0.0141979
0.0141979
0.0141979
0.0141979
0.0141978
0.0141978
0.0141978
0.0141978
0.0141978
0.0141978
0.0141978
0.0141978
0.0141978
0.0141978
0.0141978
0.0141978
0.0141978
0.0141978
0.0141978
0.0141978
0.0141978
0.0141978
0.0141978
0.0141978
0.0141978
0.0141978
0.0141977
0.0141977
0.0141977
0.0141977
0.0141977
0.0141977
0.0141977
0.0141977
0.0141977
0.0141977
0.0141977
0.0141977
0.0141977
0.0141977
0.0141977
0.0141977
0.0141977
0.0141977
0.0141977
0.0141977
0.0141977
0.0141977
0.0141977
0.0141977
0.0141977
0.0141976
0.0141976
0.0141976
0.0141976
0.0141976
0.0141976
0.0141976
0.0141976
0.0141976
0.0141976
0.0141976
0.0141976
0.0141976
0.0141976
0.0141976
0.0141976
0.0141976
0.0141976
0.0141976
0.0141976
0.0141976
0.0141976
0.0141976
0.0141976
0.0141976
0.0141976
0.0141976
0.0141975
0.0141975
0.0141975
0.0141975
0.0141975
0.0141975
0.0141975
0.0141975
0.0141975
0.0141975
0.0141975
0.0141975
0.0141975
0.0141975
0.0141975
0.0141975
0.0141975
0.0141975
0.0141975
0.0141975
0.0141975
0.0141975
0.0141975
0.0141975
0.0141975
0.0141975
0.0141975
0.0141975
0.0141975
0.0141975
0.0141975
0.0141975
0.0141974
0.0141974
0.0141974
0.0141974
0.0141974
0.0141974
0.0141974
0.0141974
0.0141974
0.0141974
0.0141974
0.0141974
0.0141974
0.0141974
0.0141974
0.0141974
0.0141974
0.0141974
0.0141974
0.0141974
0.0141974
0.0141974
0.0141974
0.0141974
0.0141974
0.0141974
0.0141974
0.0141974
0.0141974
0.0141974
0.0141974
0.0141974
0.0141974
0.0141974
0.0141974
0.0141974
0.0141974
0.0141973
0.0141973
0.0141973
0.0141973
0.0141973
0.0141973
0.0141973
0.0141973
0.0141973
0.0141973
0.0141973
0.0141973
0.0141973
0.0141973
0.0141973
0.0141973
0.0141973
0.0141973
0.0141973
0.0141973
0.0141973
0.0141973
0.0141973
0.0141973
0.0141973
0.0141973
0.0141973
0.0141973
0.0141973
0.0141973
0.0141973
0.0141973
0.0141973
0.0141973
0.0141973
0.0141973
0.0141973
0.0141973
0.0141973
0.0141973
0.0141973
0.0141973
0.0141973
0.0141973
0.0141973
0.0141973
0.0141973
0.0141972
0.0141972
0.0141972
0.0141972
0.0141972
0.0141972
0.0141972
0.0141972
0.0141972
0.0141972
0.0141972
0.0141972
0.0141972
0.0141972
0.0141972
0.0141972
0.0141972
0.0141972
0.0141972
0.0141972
0.0141972
0.0141972
0.0141972
0.0141972
0.0141972
0.0141972
0.0141972
0.0141972
0.0141972
0.0141972
0.0141972
0.0141972
0.0141972
0.0141972
0.0141972
0.0141972
0.0141972
0.0141972
0.0141972
0.0141972
0.0141972
0.0141972
0.0141972
0.0141972
0.0141972
0.0141972
0.0141972
0.0141972
0.0141972
0.0141972
0.0141972
0.0141972
0.0141972
0.0141972
0.0141972
0.0141972
0.0141972
0.0141972
0.0141972
0.0141972
0.0141972
0.0141972
0.0141972
0.0141972
0.0141972
0.0141972
0.0141972
0.0141972
0.0141972
0.0141972
0.0141972
0.0141972
0.0141972
0.0141972
0.0141971
0.0141971
0.0141971
0.0141971
0.0141971
0.0141971
0.0141971
0.0141971
0.0141971
0.0141971
0.0141971
0.0141971
0.0141971
0.0141971
0.0141971
0.0141971
0.0141971
0.0141971
0.0141971
0.0141971
0.0141971
0.0141971
0.0141971
0.0141971
0.0141971
0.0141971
0.0141971
0.0141971
0.0141971
0.0141971
0.0141971
0.0141971
0.0141971
0.0141971
0.0141971
0.0141971
0.0141971
0.0141971
0.0141971
0.0141971
0.0141971
0.0141971
0.0141971
0.0141971
0.0141971
0.0141971
0.0141971
0.0141971
0.0141971
0.0141971
0.0141971
0.0141971
0.0141971
0.0141971
0.0141971
0.0141971
0.0141971
0.0141971
0.0141971
0.0141971
0.0141971
0.0141971
0.0141971
0.0141971
0.0141971
0.0141971
0.0141971
0.0141971
0.0141971
0.0141971
0.0141971
0.0141971
0.0141971
0.0141971
0.0141971
0.0141971
0.0141971
0.0141971
0.0141971
0.0141971
0.0141971
0.0141971
0.0141971
0.0141971
0.0141971
0.0141971
0.0141971
0.0141971
0.0141971
0.0141971
0.0141971
0.0141971
0.0141971
0.0141971
0.0141971
0.0141971
0.0141971
0.0141971
0.0141971
0.0141971
0.0141971
0.0141971
0.0141971
0.0141971
0.0141971
0.0141971
0.0141971
0.0141971
0.0141971
0.0141971
0.0141971
0.0141971
0.0141971
0.0141971
0.0141971
0.0141971
0.0141971
0.0141971
0.0141971
0.0141971
0.0141971
0.0141971
0.0141971
0.0141971
0.0141971
0.0141971
0.0141971
0.0141971
0.0141971
0.0141971
0.0141971
0.0141971
0.0141971
0.0141971
0.0141971
0.0141971
0.0141971
0.0141971
0.0141971
0.0141971
0.0141971
0.0141971
0.0141971
0.0141971
0.0141971
0.0141971
0.0141971
0.0141971
0.0141971
0.0141971
0.0141971
0.0141971
0.0141971
0.0141971
0.0141971
0.0141971
0.0141971
0.0141971
0.0141971
0.0141971
0.0141971
0.0141971
0.0141971
0.0141971
0.0141971
0.0141971
0.0141971
0.0141971
0.0141971
0.0141971
0.0141971
0.0141972
0.0141972
0.0141972
0.0141972
0.0141972
0.0141972
0.0141972
0.0141972
0.0141972
0.0141972
0.0141972
0.0141972
0.0141972
0.0141972
0.0141972
0.0141972
0.0141972
0.0141972
0.0141972
0.0141972
0.0141972
0.0141972
0.0141972
0.0141972
0.0141972
0.0141972
0.0141972
0.0141972
0.0141972
0.0141972
0.0141972
0.0141972
0.0141972
0.0141972
0.0141972
0.0141972
0.0141972
0.0141972
0.0141972
0.0141972
0.0141972
0.0141972
0.0141972
0.0141972
0.0141972
0.0141972
0.0141972
0.0141972
0.0141972
0.0141972
0.0141972
0.0141972
0.0141972
0.0141972
0.0141972
0.0141972
0.0141972
0.0141972
0.0141972
0.0141972
0.0141972
0.0141972
0.0141972
0.0141972
0.0141972
0.0141972
0.0141972
0.0141972
0.0141972
0.0141972
0.0141972
0.0141972
0.0141972
0.0141972
0.0141972
0.0141972
0.0141972
0.0141972
0.0141972
0.0141972
0.0141972
0.0141972
0.0141972
0.0141972
0.0141972
0.0141973
0.0141973
0.0141973
0.0141973
0.0141973
0.0141973
0.0141973
0.0141973
0.0141973
0.0141973
0.0141973
0.0141973
0.0141973
0.0141973
0.0141973
0.0141973
0.0141973
0.0141973
0.0141973
0.0141973
0.0141973
0.0141973
0.0141973
0.0141973
0.0141973
0.0141973
0.0141973
0.0141973
0.0141973
0.0141973
0.0141973
0.0141973
0.0141973
0.0141973
0.0141973
0.0141973
0.0141973
0.0141973
0.0141973
0.0141973
0.0141973
0.0141973
0.0141973
0.0141973
0.0141973
0.0141973
0.0141973
0.0141973
0.0141973
0.0141973
0.0141973
0.0141973
0.0141973
0.0141973
0.0141973
0.0141973
0.0141973
0.0141973
0.0141974
0.0141974
0.0141974
0.0141974
0.0141974
0.0141974
0.0141974
0.0141974
0.0141974
0.0141974
0.0141974
0.0141974
0.0141974
0.0141974
0.0141974
0.0141974
0.0141974
0.0141974
0.0141974
0.0141974
0.0141974
0.0141974
0.0141974
0.0141974
0.0141974
0.0141974
0.0141974
0.0141974
0.0141974
0.0141974
0.0141974
0.0141974
0.0141974
0.0141974
0.0141974
0.0141974
0.0141974
0.0141974
0.0141974
0.0141974
0.0141974
0.0141974
0.0141974
0.0141974
0.0141974
0.0141974
0.0141974
0.0141974
0.0141975
0.0141975
0.0141975
0.0141975
0.0141975
0.0141975
0.0141975
0.0141975
0.0141975
0.0141975
0.0141975
0.0141975
0.0141975
0.0141975
0.0141975
0.0141975
0.0141975
0.0141975
0.0141975
0.0141975
0.0141975
0.0141975
0.0141975
0.0141975
0.0141975
0.0141975
0.0141975
0.0141975
0.0141975
0.0141975
0.0141975
0.0141975
0.0141975
0.0141975
0.0141975
0.0141975
0.0141975
0.0141975
0.0141975
0.0141975
0.0141975
0.0141975
0.0141975
0.0141976
0.0141976
0.0141976
0.0141976
0.0141976
0.0141976
0.0141976
0.0141976
0.0141976
0.0141976
0.0141976
0.0141976
0.0141976
0.0141976
0.0141976
0.0141976
0.0141976
0.0141976
0.0141976
0.0141976
0.0141976
0.0141976
0.0141976
0.0141976
0.0141976
0.0141976
0.0141976
0.0141976
0.0141976
0.0141976
0.0141976
0.0141976
0.0141976
0.0141976
0.0141976
0.0141976
0.0141976
0.0141976
0.0141977
0.0141977
0.0141977
0.0141977
0.0141977
0.0141977
0.0141977
0.0141977
0.0141977
0.0141977
0.0141977
0.0141977
0.0141977
0.0141977
0.0141977
0.0141977
0.0141977
0.0141977
0.0141977
0.0141977
0.0141977
0.0141977
0.0141977
0.0141977
0.0141977
0.0141977
0.0141977
0.0141977
0.0141977
0.0141977
0.0141977
0.0141977
0.0141977
0.0141977
0.0141977
0.0141977
0.0141978
0.0141978
0.0141978
0.0141978
0.0141978
0.0141978
0.0141978
0.0141978
0.0141978
0.0141978
0.0141978
0.0141978
0.0141978
0.0141978
0.0141978
0.0141978
0.0141978
0.0141978
0.0141978
0.0141978
0.0141978
0.0141978
0.0141978
0.0141978
0.0141978
0.0141978
0.0141978
0.0141978
0.0141978
0.0141978
0.0141978
0.0141978
0.0141978
0.0141979
0.0141979
0.0141979
0.0141979
0.0141979
0.0141979
0.0141979
0.0141979
0.0141979
0.0141979
0.0141979
0.0141979
0.0141979
0.0141979
0.0141979
0.0141979
0.0141979
0.0141979
0.0141979
0.0141979
0.0141979
0.0141979
0.0141979
0.0141979
0.0141979
0.0141979
0.0141979
0.0141979
0.0141979
0.0141979
0.0141979
0.0141979
0.014198
0.014198
0.014198
0.014198
0.014198
0.014198
0.014198
0.014198
0.014198
0.014198
0.014198
0.014198
0.014198
0.014198
0.014198
0.014198
0.014198
0.014198
0.014198
0.014198
0.014198
0.014198
0.014198
0.014198
0.014198
0.014198
0.014198
0.014198
0.014198
0.014198
