0.5
0.495025
0.490099
0.485223
0.480395
0.475615
0.470882
0.466197
0.461558
0.456966
0.452419
0.447917
0.44346
0.439048
0.434679
0.430354
0.426072
0.421832
0.417635
0.41348
0.409365
0.405292
0.401259
0.397267
0.393314
0.3894
0.385526
0.38169
0.377892
0.374132
0.370409
0.366723
0.363075
0.359462
0.355885
0.352344
0.348838
0.345367
0.341931
0.338528
0.33516
0.331825
0.328523
0.325255
0.322018
0.318814
0.315642
0.312501
0.309392
0.306313
0.303265
0.300248
0.29726
0.294302
0.291374
0.288475
0.285605
0.282763
0.279949
0.277164
0.274406
0.271675
0.268972
0.266296
0.263646
0.261023
0.258426
0.255854
0.253309
0.250788
0.248293
0.245822
0.243376
0.240955
0.238557
0.236184
0.233834
0.231507
0.229204
0.226923
0.224665
0.22243
0.220217
0.218026
0.215857
0.213709
0.211583
0.209478
0.207394
0.20533
0.203288
0.201265
0.199263
0.197281
0.195318
0.193375
0.191452
0.189548
0.187662
0.185796
0.183948
0.182119
0.180308
0.178516
0.176741
0.174984
0.173245
0.171523
0.169818
0.168131
0.166461
0.164807
0.163171
0.161551
0.159947
0.15836
0.156789
0.155234
0.153695
0.152172
0.150664
0.149172
0.147696
0.146234
0.144789
0.143358
0.141942
0.140541
0.139156
0.137785
0.136428
0.135087
0.13376
0.132447
0.131149
0.129865
0.128596
0.127341
0.126101
0.124874
0.123662
0.122464
0.12128
0.12011
0.118954
0.117813
0.116686
0.115572
0.114473
0.113388
0.112317
0.111261
0.110219
0.10919
0.108176
0.107177
0.106192
0.105221
0.104264
0.103322
0.102395
0.101482
0.100584
0.0996999
0.0988309
0.0979766
0.097137
0.0963123
0.0955023
0.0947072
0.0939271
0.0931618
0.0924114
0.091676
0.0909555
0.0902499
0.0895593
0.0888836
0.0882228
0.0875768
0.0869456
0.0863292
0.0857275
0.0851404
0.0845678
0.0840097
0.0834659
0.0829363
0.0824209
0.0819194
0.0814318
0.0809578
0.0804974
0.0800503
0.0796164
0.0791954
0.0787873
0.0783917
0.0780085
0.0776374
0.0772782
0.0769308
0.0765948
0.0762701
0.0759563
0.0756533
0.0753607
0.0750784
0.0748061
0.0745435
0.0742904
0.0740465
0.0738116
0.0735853
0.0733676
0.0731581
0.0729565
0.0727627
0.0725764
0.0723973
0.0722252
0.0720599
0.0719011
0.0717487
0.0716024
0.071462
0.0713273
0.071198
0.071074
0.0709552
0.0708412
0.0707319
0.0706272
0.0705268
0.0704306
0.0703384
0.0702501
0.0701655
0.0700845
0.0700068
0.0699325
0.0698613
0.069793
0.0697277
0.0696651
0.0696052
0.0695478
0.0694928
0.0694401
0.0693897
0.0693413
0.069295
0.0692506
0.069208
0.0691672
0.0691281
0.0690906
0.0690546
0.0690201
0.0689869
0.0689551
0.0689246
0.0688953
0.0688671
0.06884
0.0688139
0.0687889
0.0687647
0.0687415
0.0687191
0.0686976
0.0686768
0.0686567
0.0686373
0.0686186
0.0686005
0.068583
0.0685661
0.0685497
0.0685338
0.0685184
0.0685034
0.0684889
0.0684747
0.0684609
0.0684475
0.0684345
0.0684217
0.0684093
0.0683972
0.0683853
0.0683736
0.0683622
0.0683511
0.0683401
0.0683293
0.0683187
0.0683083
0.068298
0.0682879
0.0682779
0.0682681
0.0682584
0.0682487
0.0682392
0.0682298
0.0682204
0.0682112
0.068202
0.0681928
0.0681838
0.0681748
0.0681658
0.0681568
0.068148
0.0681391
0.0681302
0.0681214
0.0681126
0.0681039
0.0680951
0.0680863
0.0680776
0.0680688
0.06806
0.0680513
0.0680425
0.0680337
0.0680249
0.0680161
0.0680073
0.0679985
0.0679896
0.0679807
0.0679718
0.0679629
0.0679539
0.067945
0.067936
0.0679269
0.0679178
0.0679087
0.0678996
0.0678904
0.0678812
0.067872
0.0678627
0.0678534
0.0678441
0.0678347
0.0678253
0.0678158
0.0678064
0.0677968
0.0677873
0.0677777
0.067768
0.0677583
0.0677486
0.0677388
0.067729
0.0677192
0.0677093
0.0676994
0.0676895
0.0676795
0.0676694
0.0676594
0.0676492
0.0676391
0.0676289
0.0676187
0.0676084
0.0675981
0.0675878
0.0675774
0.067567
0.0675565
0.0675461
0.0675355
0.067525
0.0675144
0.0675038
0.0674931
0.0674824
0.0674717
0.0674609
0.0674501
0.0674393
0.0674284
0.0674175
0.0674066
0.0673956
0.0673846
0.0673736
0.0673626
0.0673515
0.0673404
0.0673292
0.0673181
0.0673069
0.0672956
0.0672844
0.0672731
0.0672618
0.0672505
0.0672391
0.0672277
0.0672163
0.0672049
0.0671934
0.067182
0.0671705
0.0671589
0.0671474
0.0671358
0.0671242
0.0671126
0.067101
0.0670893
0.0670776
0.0670659
0.0670542
0.0670425
0.0670307
0.067019
0.0670072
0.0669954
0.0669835
0.0669717
0.0669598
0.066948
0.0669361
0.0669242
0.0669123
0.0669003
0.0668884
0.0668764
0.0668645
0.0668525
0.0668405
0.0668285
0.0668165
0.0668044
0.0667924
0.0667803
0.0667683
0.0667562
0.0667441
0.066732
0.0667199
0.0667078
0.0666957
0.0666836
0.0666715
0.0666593
0.0666472
0.0666351
0.0666229
0.0666108
0.0665986
0.0665864
0.0665743
0.0665621
0.0665499
0.0665377
0.0665255
0.0665134
0.0665012
0.066489
0.0664768
0.0664646
0.0664524
0.0664402
0.066428
0.0664158
0.0664036
0.0663914
0.0663792
0.066367
0.0663548
0.0663427
0.0663305
0.0663183
0.0663061
0.0662939
0.0662817
0.0662696
0.0662574
0.0662452
0.0662331
0.0662209
0.0662088
0.0661966
0.0661845
0.0661724
0.0661602
0.0661481
0.066136
0.0661239
0.0661118
0.0660997
0.0660876
0.0660755
0.0660635
0.0660514
0.0660394
0.0660273
0.0660153
0.0660033
0.0659913
0.0659793
0.0659673
0.0659553
0.0659433
0.0659314
0.0659194
0.0659075
0.0658956
0.0658836
0.0658717
0.0658598
0.065848
0.0658361
0.0658243
0.0658124
0.0658006
0.0657888
0.065777
0.0657652
0.0657535
0.0657417
0.06573
0.0657182
0.0657065
0.0656949
0.0656832
0.0656715
0.0656599
0.0656483
0.0656366
0.0656251
0.0656135
0.0656019
0.0655904
0.0655789
0.0655674
0.0655559
0.0655444
0.065533
0.0655215
0.0655101
0.0654987
0.0654873
0.065476
0.0654647
0.0654533
0.0654421
0.0654308
0.0654195
0.0654083
0.0653971
0.0653859
0.0653747
0.0653636
0.0653524
0.0653413
0.0653302
0.0653192
0.0653081
0.0652971
0.0652861
0.0652752
0.0652642
0.0652533
0.0652424
0.0652315
0.0652206
0.0652098
0.065199
0.0651882
0.0651774
0.0651667
0.065156
0.0651453
0.0651346
0.065124
0.0651134
0.0651028
0.0650922
0.0650817
0.0650712
0.0650607
0.0650502
0.0650398
0.0650294
0.065019
0.0650086
0.0649983
0.064988
0.0649777
0.0649675
0.0649573
0.0649471
0.0649369
0.0649268
0.0649166
0.0649066
0.0648965
0.0648865
0.0648765
0.0648665
0.0648566
0.0648467
0.0648368
0.0648269
0.0648171
0.0648073
0.0647975
0.0647878
0.0647781
0.0647684
0.0647587
0.0647491
0.0647395
0.06473
0.0647204
0.0647109
0.0647015
0.064692
0.0646826
0.0646733
0.0646639
0.0646546
0.0646453
0.0646361
0.0646268
0.0646177
0.0646085
0.0645994
0.0645903
0.0645812
0.0645722
0.0645632
0.0645542
0.0645453
0.0645364
0.0645275
0.0645187
0.0645099
0.0645011
0.0644924
0.0644837
0.064475
0.0644664
0.0644578
0.0644492
0.0644407
0.0644322
0.0644237
0.0644153
0.0644069
0.0643985
0.0643902
0.0643819
0.0643737
0.0643654
0.0643572
0.0643491
0.064341
0.0643329
0.0643248
0.0643168
0.0643088
0.0643009
0.064293
0.0642851
0.0642773
0.0642695
0.0642617
0.064254
0.0642463
0.0642386
0.064231
0.0642234
0.0642159
0.0642084
0.0642009
0.0641934
0.064186
0.0641787
0.0641713
0.064164
0.0641568
0.0641496
0.0641424
0.0641353
0.0641281
0.0641211
0.064114
0.0641071
0.0641001
0.0640932
0.0640863
0.0640795
0.0640727
0.0640659
0.0640592
0.0640525
0.0640458
0.0640392
0.0640326
0.0640261
0.0640196
0.0640132
0.0640067
0.0640004
0.063994
0.0639877
0.0639815
0.0639752
0.0639691
0.0639629
0.0639568
0.0639507
0.0639447
0.0639387
0.0639328
0.0639269
0.063921
0.0639152
0.0639094
0.0639037
0.063898
0.0638923
0.0638867
0.0638811
0.0638755
0.06387
0.0638646
0.0638592
0.0638538
0.0638484
0.0638431
0.0638379
0.0638327
0.0638275
0.0638224
0.0638173
0.0638122
0.0638072
0.0638022
0.0637973
0.0637924
0.0637876
0.0637828
0.063778
0.0637733
0.0637686
0.063764
0.0637594
0.0637549
0.0637504
0.0637459
0.0637415
0.0637371
0.0637328
0.0637285
0.0637242
0.06372
0.0637158
0.0637117
0.0637076
0.0637036
0.0636996
0.0636956
0.0636917
0.0636879
0.0636841
0.0636803
0.0636765
0.0636729
0.0636692
0.0636656
0.063662
0.0636585
0.0636551
0.0636516
0.0636482
0.0636449
0.0636416
0.0636383
0.0636351
0.063632
0.0636289
0.0636258
0.0636227
0.0636198
0.0636168
0.0636139
0.0636111
0.0636083
0.0636055
0.0636028
0.0636001
0.0635975
0.0635949
0.0635924
0.0635899
0.0635874
0.063585
0.0635826
0.0635803
0.0635781
0.0635758
0.0635737
0.0635715
0.0635695
0.0635674
0.0635654
0.0635635
0.0635616
0.0635597
0.0635579
0.0635561
0.0635544
0.0635528
0.0635511
0.0635496
0.063548
0.0635465
0.0635451
0.0635437
0.0635424
0.0635411
0.0635398
0.0635386
0.0635374
0.0635363
0.0635353
0.0635342
0.0635333
0.0635323
0.0635315
0.0635306
0.0635299
0.0635291
0.0635284
0.0635278
0.0635272
0.0635266
0.0635261
0.0635257
0.0635253
0.0635249
0.0635246
0.0635244
0.0635242
0.063524
0.0635239
0.0635238
0.0635238
0.0635238
0.0635239
0.063524
0.0635242
0.0635244
0.0635247
0.063525
0.0635254
0.0635258
0.0635262
0.0635267
0.0635273
0.0635279
0.0635286
0.0635293
0.06353
0.0635308
0.0635317
0.0635326
0.0635335
0.0635345
0.0635356
0.0635367
0.0635378
0.063539
0.0635403
0.0635416
0.0635429
0.0635443
0.0635458
0.0635473
0.0635488
0.0635504
0.063552
0.0635537
0.0635555
0.0635573
0.0635591
0.063561
0.063563
0.0635649
0.063567
0.0635691
0.0635712
0.0635734
0.0635757
0.063578
0.0635803
0.0635827
0.0635851
0.0635876
0.0635902
0.0635928
0.0635954
0.0635981
0.0636009
0.0636037
0.0636065
0.0636094
0.0636124
0.0636154
0.0636184
0.0636216
0.0636247
0.0636279
0.0636312
0.0636345
0.0636379
0.0636413
0.0636447
0.0636482
0.0636518
0.0636554
0.0636591
0.0636628
0.0636666
0.0636704
0.0636743
0.0636782
0.0636822
0.0636863
0.0636903
0.0636945
0.0636987
0.0637029
0.0637072
0.0637115
0.0637159
0.0637204
0.0637249
0.0637294
0.063734
0.0637387
0.0637434
0.0637482
0.063753
0.0637579
0.0637628
0.0637678
0.0637728
0.0637779
0.063783
0.0637882
0.0637934
0.0637987
0.063804
0.0638094
0.0638149
0.0638204
0.0638259
0.0638315
0.0638372
0.0638429
0.0638487
0.0638545
0.0638604
0.0638663
0.0638723
0.0638783
0.0638844
0.0638905
0.0638967
0.0639029
0.0639092
0.0639156
0.063922
0.0639285
0.063935
0.0639415
0.0639482
0.0639548
0.0639616
0.0639683
0.0639752
0.0639821
0.063989
0.063996
0.064003
0.0640101
0.0640173
0.0640245
0.0640318
0.0640391
0.0640465
0.0640539
0.0640614
0.0640689
0.0640765
0.0640841
0.0640918
0.0640996
0.0641074
0.0641152
0.0641231
0.0641311
0.0641391
0.0641472
0.0641553
0.0641635
0.0641718
0.0641801
0.0641884
0.0641968
0.0642053
0.0642138
0.0642223
0.064231
0.0642396
0.0642484
0.0642571
0.064266
0.0642749
0.0642838
0.0642928
0.0643019
0.064311
0.0643202
0.0643294
0.0643387
0.064348
0.0643574
0.0643668
0.0643763
0.0643859
0.0643955
0.0644051
0.0644148
0.0644246
0.0644344
0.0644443
0.0644543
0.0644642
0.0644743
0.0644844
0.0644945
0.0645048
0.064515
0.0645253
0.0645357
0.0645462
0.0645566
0.0645672
0.0645778
0.0645884
0.0645991
0.0646099
0.0646207
0.0646316
0.0646425
0.0646535
0.0646645
0.0646756
0.0646868
0.064698
0.0647092
0.0647205
0.0647319
0.0647433
0.0647548
0.0647663
0.0647779
0.0647896
0.0648013
0.064813
0.0648248
0.0648367
0.0648486
0.0648606
0.0648726
0.0648847
0.0648969
0.0649091
0.0649213
0.0649336
0.064946
0.0649584
0.0649709
0.0649834
0.064996
0.0650086
0.0650213
0.0650341
0.0650469
0.0650597
0.0650727
0.0650856
0.0650987
0.0651117
0.0651249
0.0651381
0.0651513
0.0651646
0.065178
0.0651914
0.0652048
0.0652184
0.065232
0.0652456
0.0652593
0.065273
0.0652868
0.0653007
0.0653146
0.0653285
0.0653426
0.0653566
0.0653708
0.065385
0.0653992
0.0654135
0.0654278
0.0654422
0.0654567
0.0654712
0.0654858
0.0655004
0.0655151
0.0655298
0.0655446
0.0655595
0.0655744
0.0655893
0.0656043
0.0656194
0.0656345
0.0656497
0.0656649
0.0656802
0.0656955
0.0657109
0.0657264
0.0657419
0.0657574
0.065773
0.0657887
0.0658044
0.0658202
0.065836
0.0658519
0.0658679
0.0658838
0.0658999
0.065916
0.0659322
0.0659484
0.0659646
0.0659809
0.0659973
0.0660137
0.0660302
0.0660468
0.0660634
0.06608
0.0660967
0.0661134
0.0661303
0.0661471
0.066164
0.066181
0.066198
0.0662151
0.0662322
0.0662494
0.0662666
0.0662839
0.0663013
0.0663187
0.0663361
0.0663536
0.0663712
0.0663888
0.0664065
0.0664242
0.066442
0.0664598
0.0664777
0.0664956
0.0665136
0.0665316
0.0665497
0.0665679
0.0665861
0.0666043
0.0666226
0.066641
0.0666594
0.0666779
0.0666964
0.066715
0.0667336
0.0667522
0.066771
0.0667898
0.0668086
0.0668275
0.0668464
0.0668654
0.0668844
0.0669035
0.0669227
0.0669419
0.0669611
0.0669804
0.0669998
0.0670192
0.0670387
0.0670582
0.0670777
0.0670974
0.067117
0.0671368
0.0671565
0.0671763
0.0671962
0.0672161
0.0672361
0.0672562
0.0672762
0.0672964
0.0673165
0.0673368
0.0673571
0.0673774
0.0673978
0.0674182
0.0674387
0.0674593
0.0674799
0.0675005
0.0675212
0.0675419
0.0675627
0.0675836
0.0676045
0.0676254
0.0676464
0.0676675
0.0676886
0.0677097
0.0677309
0.0677521
0.0677734
0.0677948
0.0678162
0.0678376
0.0678591
0.0678807
0.0679023
0.0679239
0.0679456
0.0679674
0.0679891
0.068011
0.0680329
0.0680548
0.0680768
0.0680989
0.0681209
0.0681431
0.0681653
0.0681875
0.0682098
0.0682321
0.0682545
0.0682769
0.0682994
0.0683219
0.0683445
0.0683671
0.0683898
0.0684125
0.0684353
0.0684581
0.068481
0.0685039
0.0685268
0.0685498
0.0685729
0.068596
0.0686191
0.0686423
0.0686656
0.0686889
0.0687122
0.0687356
0.068759
0.0687825
0.068806
0.0688296
0.0688532
0.0688769
0.0689006
0.0689244
0.0689482
0.068972
0.0689959
0.0690199
0.0690438
0.0690679
0.069092
0.0691161
0.0691403
0.0691645
0.0691887
0.0692131
0.0692374
0.0692618
0.0692863
0.0693108
0.0693353
0.0693599
0.0693845
0.0694092
0.0694339
0.0694586
0.0694835
0.0695083
0.0695332
0.0695581
0.0695831
0.0696082
0.0696332
0.0696583
0.0696835
0.0697087
0.069734
0.0697592
0.0697846
0.06981
0.0698354
0.0698608
0.0698864
0.0699119
0.0699375
0.0699631
0.0699888
0.0700146
0.0700403
0.0700661
0.070092
0.0701179
0.0701438
0.0701698
0.0701958
0.0702219
0.070248
0.0702741
0.0703003
0.0703266
0.0703528
0.0703792
0.0704055
0.0704319
0.0704584
0.0704848
0.0705114
0.0705379
0.0705645
0.0705912
0.0706179
0.0706446
0.0706714
0.0706982
0.070725
0.0707519
0.0707789
0.0708058
0.0708328
0.0708599
0.070887
0.0709141
0.0709413
0.0709685
0.0709958
0.0710231
0.0710504
0.0710778
0.0711052
0.0711326
0.0711601
0.0711876
0.0712152
0.0712428
0.0712704
0.0712981
0.0713258
0.0713536
0.0713814
0.0714092
0.0714371
0.071465
0.071493
0.071521
0.071549
0.0715771
0.0716052
0.0716333
0.0716615
0.0716897
0.071718
0.0717462
0.0717746
0.0718029
0.0718313
0.0718598
0.0718882
0.0719168
0.0719453
0.0719739
0.0720025
0.0720312
0.0720599
0.0720886
0.0721174
0.0721462
0.072175
0.0722039
0.0722328
0.0722617
0.0722907
0.0723197
0.0723488
0.0723779
0.072407
0.0724361
0.0724653
0.0724946
0.0725238
0.0725531
0.0725824
0.0726118
0.0726412
0.0726706
0.0727001
0.0727296
0.0727592
0.0727887
0.0728183
0.072848
0.0728776
0.0729073
0.0729371
0.0729669
0.0729967
0.0730265
0.0730564
0.0730863
0.0731162
0.0731462
0.0731762
0.0732062
0.0732363
0.0732664
0.0732965
0.0733267
0.0733569
0.0733871
0.0734174
0.0734477
0.073478
0.0735084
0.0735388
0.0735692
0.0735996
0.0736301
0.0736607
0.0736912
0.0737218
0.0737524
0.073783
0.0738137
0.0738444
0.0738751
0.0739059
0.0739367
0.0739675
0.0739984
0.0740293
0.0740602
0.0740911
0.0741221
0.0741531
0.0741842
0.0742152
0.0742463
0.0742775
0.0743086
0.0743398
0.074371
0.0744023
0.0744335
0.0744648
0.0744962
0.0745275
0.0745589
0.0745903
0.0746218
0.0746533
0.0746848
0.0747163
0.0747479
0.0747795
0.0748111
0.0748427
0.0748744
0.0749061
0.0749378
0.0749696
0.0750014
0.0750332
0.075065
0.0750969
0.0751288
0.0751607
0.0751927
0.0752246
0.0752566
0.0752887
0.0753207
0.0753528
0.0753849
0.0754171
0.0754492
0.0754814
0.0755137
0.0755459
0.0755782
0.0756105
0.0756428
0.0756751
0.0757075
0.0757399
0.0757723
0.0758048
0.0758373
0.0758698
0.0759023
0.0759349
0.0759675
0.0760001
0.0760327
0.0760653
0.076098
0.0761307
0.0761635
0.0761962
0.076229
0.0762618
0.0762946
0.0763275
0.0763604
0.0763933
0.0764262
0.0764592
0.0764921
0.0765251
0.0765582
0.0765912
0.0766243
0.0766574
0.0766905
0.0767237
0.0767568
0.07679
0.0768232
0.0768565
0.0768897
0.076923
0.0769563
0.0769897
0.077023
0.0770564
0.0770898
0.0771232
0.0771567
0.0771901
0.0772236
0.0772571
0.0772907
0.0773242
0.0773578
0.0773914
0.077425
0.0774587
0.0774924
0.0775261
0.0775598
0.0775935
0.0776273
0.0776611
0.0776949
0.0777287
0.0777625
0.0777964
0.0778303
0.0778642
0.0778981
0.0779321
0.0779661
0.0780001
0.0780341
0.0780681
0.0781022
0.0781363
0.0781704
0.0782045
0.0782386
0.0782728
0.078307
0.0783412
0.0783754
0.0784097
0.0784439
0.0784782
0.0785125
0.0785469
0.0785812
0.0786156
0.07865
0.0786844
0.0787188
0.0787533
0.0787877
0.0788222
0.0788567
0.0788913
0.0789258
0.0789604
0.078995
0.0790296
0.0790642
0.0790988
0.0791335
0.0791682
0.0792029
0.0792376
0.0792724
0.0793071
0.0793419
0.0793767
0.0794115
0.0794464
0.0794812
0.0795161
0.079551
0.0795859
0.0796209
0.0796558
0.0796908
0.0797258
0.0797608
0.0797958
0.0798309
0.0798659
0.079901
0.0799361
0.0799713
0.0800064
0.0800415
0.0800767
0.0801119
0.0801471
0.0801824
0.0802176
0.0802529
0.0802882
0.0803235
0.0803588
0.0803941
0.0804295
0.0804649
0.0805002
0.0805357
0.0805711
0.0806065
0.080642
0.0806775
0.080713
0.0807485
0.080784
0.0808196
0.0808551
0.0808907
0.0809263
0.0809619
0.0809976
0.0810332
0.0810689
0.0811046
0.0811403
0.081176
0.0812118
0.0812475
0.0812833
0.0813191
0.0813549
0.0813907
0.0814266
0.0814624
0.0814983
0.0815342
0.0815701
0.081606
0.081642
0.0816779
0.0817139
0.0817499
0.0817859
0.0818219
0.081858
0.081894
0.0819301
0.0819662
0.0820023
0.0820384
0.0820746
0.0821107
0.0821469
0.0821831
0.0822193
0.0822555
0.0822918
0.082328
0.0823643
0.0824006
0.0824369
0.0824732
0.0825095
0.0825459
0.0825822
0.0826186
0.082655
0.0826914
0.0827279
0.0827643
0.0828008
0.0828373
0.0828738
0.0829103
0.0829468
0.0829833
0.0830199
0.0830565
0.0830931
0.0831297
0.0831663
0.0832029
0.0832396
0.0832762
0.0833129
0.0833496
0.0833863
0.0834231
0.0834598
0.0834966
0.0835333
0.0835701
0.0836069
0.0836438
0.0836806
0.0837175
0.0837543
0.0837912
0.0838281
0.083865
0.083902
0.0839389
0.0839759
0.0840128
0.0840498
0.0840868
0.0841238
0.0841609
0.0841979
0.084235
0.0842721
0.0843092
0.0843463
0.0843834
0.0844206
0.0844577
0.0844949
0.0845321
0.0845693
0.0846065
0.0846437
0.084681
0.0847182
0.0847555
0.0847928
0.0848301
0.0848674
0.0849048
0.0849421
0.0849795
0.0850169
0.0850543
0.0850917
0.0851291
0.0851666
0.085204
0.0852415
0.085279
0.0853165
0.085354
0.0853915
0.0854291
0.0854666
0.0855042
0.0855418
0.0855794
0.085617
0.0856546
0.0856923
0.08573
0.0857676
0.0858053
0.085843
0.0858808
0.0859185
0.0859562
0.085994
0.0860318
0.0860696
0.0861074
0.0861452
0.0861831
0.0862209
0.0862588
0.0862967
0.0863346
0.0863725
0.0864104
0.0864483
0.0864863
0.0865243
0.0865622
0.0866002
0.0866383
0.0866763
0.0867143
0.0867524
0.0867904
0.0868285
0.0868666
0.0869047
0.0869429
0.086981
0.0870192
0.0870574
0.0870955
0.0871337
0.087172
0.0872102
0.0872484
0.0872867
0.087325
0.0873633
0.0874016
0.0874399
0.0874782
0.0875166
0.0875549
0.0875933
0.0876317
0.0876701
0.0877085
0.0877469
0.0877854
0.0878238
0.0878623
0.0879008
0.0879393
0.0879778
0.0880164
0.0880549
0.0880935
0.0881321
0.0881706
0.0882092
0.0882479
0.0882865
0.0883251
0.0883638
0.0884025
0.0884412
0.0884799
0.0885186
0.0885573
0.0885961
0.0886349
0.0886736
0.0887124
0.0887512
0.0887901
0.0888289
0.0888677
0.0889066
0.0889455
0.0889844
0.0890233
0.0890622
0.0891011
0.0891401
0.089179
0.089218
0.089257
0.089296
0.089335
0.0893741
0.0894131
0.0894522
0.0894913
0.0895304
0.0895695
0.0896086
0.0896477
0.0896869
0.089726
0.0897652
0.0898044
0.0898436
0.0898828
0.0899221
0.0899613
0.0900006
0.0900399
0.0900791
0.0901185
0.0901578
0.0901971
0.0902365
0.0902758
0.0903152
0.0903546
0.090394
0.0904334
0.0904728
0.0905123
0.0905517
0.0905912
0.0906307
0.0906702
0.0907097
0.0907493
0.0907888
0.0908284
0.0908679
0.0909075
0.0909471
0.0909867
0.0910264
0.091066
0.0911057
0.0911453
0.091185
0.0912247
0.0912644
0.0913042
0.0913439
0.0913837
0.0914234
0.0914632
0.091503
0.0915428
0.0915826
0.0916225
0.0916623
0.0917022
0.0917421
0.091782
0.0918219
0.0918618
0.0919017
0.0919417
0.0919816
0.0920216
0.0920616
0.0921016
0.0921416
0.0921816
0.0922217
0.0922617
0.0923018
0.0923419
0.092382
0.0924221
0.0924622
0.0925023
0.0925425
0.0925826
0.0926228
0.092663
0.0927032
0.0927434
0.0927836
0.0928239
0.0928641
0.0929044
0.0929447
0.092985
0.0930253
0.0930656
0.0931059
0.0931463
0.0931866
0.093227
0.0932674
0.0933077
0.0933482
0.0933886
0.093429
0.0934694
0.0935099
0.0935504
0.0935908
0.0936313
0.0936718
0.0937124
0.0937529
0.0937934
0.093834
0.0938746
0.0939151
0.0939557
0.0939963
0.0940369
0.0940776
0.0941182
0.0941588
0.0941995
0.0942402
0.0942809
0.0943216
0.0943623
0.094403
0.0944437
0.0944845
0.0945252
0.094566
0.0946067
0.0946475
0.0946883
0.0947291
0.09477
0.0948108
0.0948516
0.0948925
0.0949333
0.0949742
0.0950151
0.095056
0.0950969
0.0951378
0.0951787
0.0952197
0.0952606
0.0953016
0.0953426
0.0953835
0.0954245
0.0954655
0.0955065
0.0955475
0.0955886
0.0956296
0.0956707
0.0957117
0.0957528
0.0957938
0.0958349
0.095876
0.0959171
0.0959582
0.0959994
0.0960405
0.0960816
0.0961228
0.0961639
0.0962051
0.0962463
0.0962875
0.0963287
0.0963699
0.0964111
0.0964523
0.0964935
0.0965347
0.096576
0.0966172
0.0966585
0.0966998
0.096741
0.0967823
0.0968236
0.0968649
0.0969062
0.0969475
0.0969888
0.0970301
0.0970715
0.0971128
0.0971542
0.0971955
0.0972369
0.0972782
0.0973196
0.097361
0.0974024
0.0974438
0.0974852
0.0975266
0.097568
0.0976094
0.0976508
0.0976923
0.0977337
0.0977751
0.0978166
0.097858
0.0978995
0.097941
0.0979824
0.0980239
0.0980654
0.0981069
0.0981484
0.0981899
0.0982314
0.0982729
0.0983144
0.0983559
0.0983974
0.0984389
0.0984804
0.098522
0.0985635
0.098605
0.0986466
0.0986881
0.0987297
0.0987712
0.0988128
0.0988543
0.0988959
0.0989375
0.098979
0.0990206
0.0990622
0.0991038
0.0991453
0.0991869
0.0992285
0.0992701
0.0993117
0.0993533
0.0993949
0.0994365
0.0994781
0.0995197
0.0995613
0.0996029
0.0996445
0.0996861
0.0997277
0.0997693
0.0998109
0.0998525
0.0998941
0.0999357
0.0999774
0.100019
0.100061
0.100102
0.100144
0.100185
0.100227
0.100269
0.10031
0.100352
0.100394
0.100435
0.100477
0.100518
0.10056
0.100602
0.100643
0.100685
0.100726
0.100768
0.10081
0.100851
0.100893
0.100934
0.100976
0.101018
0.101059
0.101101
0.101142
0.101184
0.101226
0.101267
0.101309
0.10135
0.101392
0.101434
0.101475
0.101517
0.101558
0.1016
0.101641
0.101683
0.101725
0.101766
0.101808
0.101849
0.101891
0.101932
0.101974
0.102015
0.102057
0.102098
0.10214
0.102181
0.102223
0.102265
0.102306
0.102348
0.102389
0.10243
0.102472
0.102513
0.102555
0.102596
0.102638
0.102679
0.102721
0.102762
0.102804
0.102845
0.102887
0.102928
0.102969
0.103011
0.103052
0.103094
0.103135
0.103176
0.103218
0.103259
0.1033
0.103342
0.103383
0.103424
0.103466
0.103507
0.103548
0.10359
0.103631
0.103672
0.103714
0.103755
0.103796
0.103838
0.103879
0.10392
0.103961
0.104002
0.104044
0.104085
0.104126
0.104167
0.104209
0.10425
0.104291
0.104332
0.104373
0.104414
0.104455
0.104497
0.104538
0.104579
0.10462
0.104661
0.104702
0.104743
0.104784
0.104825
0.104866
0.104907
0.104948
0.104989
0.10503
0.105071
0.105112
0.105153
0.105194
0.105235
0.105276
0.105317
0.105358
0.105399
0.10544
0.105481
0.105521
0.105562
0.105603
0.105644
0.105685
0.105726
0.105766
0.105807
0.105848
0.105889
0.105929
0.10597
0.106011
0.106052
0.106092
0.106133
0.106174
0.106214
0.106255
0.106296
0.106336
0.106377
0.106417
0.106458
0.106499
0.106539
0.10658
0.10662
0.106661
0.106701
0.106742
0.106782
0.106823
0.106863
0.106903
0.106944
0.106984
0.107025
0.107065
0.107105
0.107146
0.107186
0.107226
0.107267
0.107307
0.107347
0.107388
0.107428
0.107468
0.107508
0.107548
0.107589
0.107629
0.107669
0.107709
0.107749
0.107789
0.107829
0.107869
0.10791
0.10795
0.10799
0.10803
0.10807
0.10811
0.10815
0.10819
0.108229
0.108269
0.108309
0.108349
0.108389
0.108429
0.108469
0.108509
0.108548
0.108588
0.108628
0.108668
0.108707
0.108747
0.108787
0.108826
0.108866
0.108906
0.108945
0.108985
0.109025
0.109064
0.109104
0.109143
0.109183
0.109222
0.109262
0.109301
0.109341
0.10938
0.10942
0.109459
0.109498
0.109538
0.109577
0.109617
0.109656
0.109695
0.109734
0.109774
0.109813
0.109852
0.109891
0.109931
0.10997
0.110009
0.110048
0.110087
0.110126
0.110165
0.110204
0.110243
0.110282
0.110321
0.11036
0.110399
0.110438
0.110477
0.110516
0.110555
0.110594
0.110633
0.110672
0.11071
0.110749
0.110788
0.110827
0.110865
0.110904
0.110943
0.110982
0.11102
0.111059
0.111097
0.111136
0.111175
0.111213
0.111252
0.11129
0.111329
0.111367
0.111406
0.111444
0.111483
0.111521
0.111559
0.111598
0.111636
0.111674
0.111713
0.111751
0.111789
0.111827
0.111866
0.111904
0.111942
0.11198
0.112018
0.112056
0.112094
0.112133
0.112171
0.112209
0.112247
0.112285
0.112323
0.112361
0.112398
0.112436
0.112474
0.112512
0.11255
0.112588
0.112626
0.112663
0.112701
0.112739
0.112777
0.112814
0.112852
0.11289
0.112927
0.112965
0.113002
0.11304
0.113078
0.113115
0.113153
0.11319
0.113227
0.113265
0.113302
0.11334
0.113377
0.113414
0.113452
0.113489
0.113526
0.113564
0.113601
0.113638
0.113675
0.113712
0.11375
0.113787
0.113824
0.113861
0.113898
0.113935
0.113972
0.114009
0.114046
0.114083
0.11412
0.114157
0.114194
0.11423
0.114267
0.114304
0.114341
0.114378
0.114414
0.114451
0.114488
0.114525
0.114561
0.114598
0.114634
0.114671
0.114708
0.114744
0.114781
0.114817
0.114854
0.11489
0.114927
0.114963
0.114999
0.115036
0.115072
0.115108
0.115145
0.115181
0.115217
0.115253
0.11529
0.115326
0.115362
0.115398
0.115434
0.11547
0.115506
0.115542
0.115578
0.115614
0.11565
0.115686
0.115722
0.115758
0.115794
0.11583
0.115866
0.115902
0.115937
0.115973
0.116009
0.116045
0.11608
0.116116
0.116152
0.116187
0.116223
0.116258
0.116294
0.116329
0.116365
0.1164
0.116436
0.116471
0.116507
0.116542
0.116578
0.116613
0.116648
0.116683
0.116719
0.116754
0.116789
0.116824
0.11686
0.116895
0.11693
0.116965
0.117
0.117035
0.11707
0.117105
0.11714
0.117175
0.11721
0.117245
0.11728
0.117315
0.11735
0.117384
0.117419
0.117454
0.117489
0.117523
0.117558
0.117593
0.117627
0.117662
0.117697
0.117731
0.117766
0.1178
0.117835
0.117869
0.117904
0.117938
0.117973
0.118007
0.118041
0.118076
0.11811
0.118144
0.118179
0.118213
0.118247
0.118281
0.118315
0.11835
0.118384
0.118418
0.118452
0.118486
0.11852
0.118554
0.118588
0.118622
0.118656
0.11869
0.118724
0.118757
0.118791
0.118825
0.118859
0.118893
0.118926
0.11896
0.118994
0.119027
0.119061
0.119095
0.119128
0.119162
0.119195
0.119229
0.119262
0.119296
0.119329
0.119363
0.119396
0.119429
0.119463
0.119496
0.119529
0.119563
0.119596
0.119629
0.119662
0.119696
0.119729
0.119762
0.119795
0.119828
0.119861
0.119894
0.119927
0.11996
0.119993
0.120026
0.120059
0.120092
0.120125
0.120157
0.12019
0.120223
0.120256
0.120289
0.120321
0.120354
0.120387
0.120419
0.120452
0.120484
0.120517
0.12055
0.120582
0.120615
0.120647
0.120679
0.120712
0.120744
0.120777
0.120809
0.120841
0.120874
0.120906
0.120938
0.12097
0.121003
0.121035
0.121067
0.121099
0.121131
0.121163
0.121195
0.121227
0.121259
0.121291
0.121323
0.121355
0.121387
0.121419
0.121451
0.121482
0.121514
0.121546
0.121578
0.12161
0.121641
0.121673
0.121705
0.121736
0.121768
0.121799
0.121831
0.121863
0.121894
0.121926
0.121957
0.121988
0.12202
0.122051
0.122083
0.122114
0.122145
0.122176
0.122208
0.122239
0.12227
0.122301
0.122333
0.122364
0.122395
0.122426
0.122457
0.122488
0.122519
0.12255
0.122581
0.122612
0.122643
0.122674
0.122705
0.122735
0.122766
0.122797
0.122828
0.122859
0.122889
0.12292
0.122951
0.122981
0.123012
0.123043
0.123073
0.123104
0.123134
0.123165
0.123195
0.123226
0.123256
0.123286
0.123317
0.123347
0.123378
0.123408
0.123438
0.123468
0.123499
0.123529
0.123559
0.123589
0.123619
0.123649
0.123679
0.12371
0.12374
0.12377
0.1238
0.12383
0.123859
0.123889
0.123919
0.123949
0.123979
0.124009
0.124039
0.124068
0.124098
0.124128
0.124157
0.124187
0.124217
0.124246
0.124276
0.124306
0.124335
0.124365
0.124394
0.124424
0.124453
0.124483
0.124512
0.124541
0.124571
0.1246
0.124629
0.124659
0.124688
0.124717
0.124746
0.124775
0.124805
0.124834
0.124863
0.124892
0.124921
0.12495
0.124979
0.125008
0.125037
0.125066
0.125095
0.125124
0.125153
0.125181
0.12521
0.125239
0.125268
0.125296
0.125325
0.125354
0.125383
0.125411
0.12544
0.125468
0.125497
0.125526
0.125554
0.125583
0.125611
0.12564
0.125668
0.125696
0.125725
0.125753
0.125781
0.12581
0.125838
0.125866
0.125894
0.125923
0.125951
0.125979
0.126007
0.126035
0.126063
0.126091
0.126119
0.126147
0.126175
0.126203
0.126231
0.126259
0.126287
0.126315
0.126343
0.126371
0.126399
0.126426
0.126454
0.126482
0.126509
0.126537
0.126565
0.126592
0.12662
0.126648
0.126675
0.126703
0.12673
0.126758
0.126785
0.126813
0.12684
0.126867
0.126895
0.126922
0.126949
0.126977
0.127004
0.127031
0.127058
0.127086
0.127113
0.12714
0.127167
0.127194
0.127221
0.127248
0.127275
0.127302
0.127329
0.127356
0.127383
0.12741
0.127437
0.127464
0.127491
0.127518
0.127544
0.127571
0.127598
0.127625
0.127651
0.127678
0.127705
0.127731
0.127758
0.127784
0.127811
0.127838
0.127864
0.127891
0.127917
0.127943
0.12797
0.127996
0.128023
0.128049
0.128075
0.128102
0.128128
0.128154
0.12818
0.128206
0.128233
0.128259
0.128285
0.128311
0.128337
0.128363
0.128389
0.128415
0.128441
0.128467
0.128493
0.128519
0.128545
0.128571
0.128597
0.128622
0.128648
0.128674
0.1287
0.128725
0.128751
0.128777
0.128803
0.128828
0.128854
0.128879
0.128905
0.12893
0.128956
0.128981
0.129007
0.129032
0.129058
0.129083
0.129109
0.129134
0.129159
0.129185
0.12921
0.129235
0.12926
0.129286
0.129311
0.129336
0.129361
0.129386
0.129411
0.129436
0.129461
0.129486
0.129511
0.129536
0.129561
0.129586
0.129611
0.129636
0.129661
0.129686
0.129711
0.129735
0.12976
0.129785
0.12981
0.129834
0.129859
0.129884
0.129908
0.129933
0.129957
0.129982
0.130006
0.130031
0.130055
0.13008
0.130104
0.130129
0.130153
0.130178
0.130202
0.130226
0.130251
0.130275
0.130299
0.130323
0.130348
0.130372
0.130396
0.13042
0.130444
0.130468
0.130492
0.130516
0.13054
0.130564
0.130588
0.130612
0.130636
0.13066
0.130684
0.130708
0.130732
0.130756
0.130779
0.130803
0.130827
0.130851
0.130874
0.130898
0.130922
0.130945
0.130969
0.130993
0.131016
0.13104
0.131063
0.131087
0.13111
0.131134
0.131157
0.131181
0.131204
0.131227
0.131251
0.131274
0.131297
0.131321
0.131344
0.131367
0.13139
0.131413
0.131437
0.13146
0.131483
0.131506
0.131529
0.131552
0.131575
0.131598
0.131621
0.131644
0.131667
0.13169
0.131713
0.131736
0.131758
0.131781
0.131804
0.131827
0.13185
0.131872
0.131895
0.131918
0.13194
0.131963
0.131986
0.132008
0.132031
0.132053
0.132076
0.132098
0.132121
0.132143
0.132166
0.132188
0.132211
0.132233
0.132255
0.132278
0.1323
0.132322
0.132345
0.132367
0.132389
0.132411
0.132433
0.132456
0.132478
0.1325
0.132522
0.132544
0.132566
0.132588
0.13261
0.132632
0.132654
0.132676
0.132698
0.13272
0.132741
0.132763
0.132785
0.132807
0.132829
0.13285
0.132872
0.132894
0.132916
0.132937
0.132959
0.13298
0.133002
0.133024
0.133045
0.133067
0.133088
0.13311
0.133131
0.133153
0.133174
0.133195
0.133217
0.133238
0.133259
0.133281
0.133302
0.133323
0.133345
0.133366
0.133387
0.133408
0.133429
0.13345
0.133472
0.133493
0.133514
0.133535
0.133556
0.133577
0.133598
0.133619
0.13364
0.133661
0.133682
0.133702
0.133723
0.133744
0.133765
0.133786
0.133806
0.133827
0.133848
0.133869
0.133889
0.13391
0.133931
0.133951
0.133972
0.133992
0.134013
0.134033
0.134054
0.134074
0.134095
0.134115
0.134136
0.134156
0.134176
0.134197
0.134217
0.134237
0.134258
0.134278
0.134298
0.134318
0.134339
0.134359
0.134379
0.134399
0.134419
0.134439
0.134459
0.134479
0.134499
0.134519
0.134539
0.134559
0.134579
0.134599
0.134619
0.134639
0.134659
0.134679
0.134699
0.134718
0.134738
0.134758
0.134778
0.134797
0.134817
0.134837
0.134856
0.134876
0.134896
0.134915
0.134935
0.134954
0.134974
0.134993
0.135013
0.135032
0.135052
0.135071
0.13509
0.13511
0.135129
0.135148
0.135168
0.135187
0.135206
0.135226
0.135245
0.135264
0.135283
0.135302
0.135321
0.135341
0.13536
0.135379
0.135398
0.135417
0.135436
0.135455
0.135474
0.135493
0.135512
0.135531
0.135549
0.135568
0.135587
0.135606
0.135625
0.135644
0.135662
0.135681
0.1357
0.135718
0.135737
0.135756
0.135774
0.135793
0.135812
0.13583
0.135849
0.135867
0.135886
0.135904
0.135923
0.135941
0.13596
0.135978
0.135996
0.136015
0.136033
0.136051
0.13607
0.136088
0.136106
0.136125
0.136143
0.136161
0.136179
0.136197
0.136215
0.136234
0.136252
0.13627
0.136288
0.136306
0.136324
0.136342
0.13636
0.136378
0.136396
0.136414
0.136431
0.136449
0.136467
0.136485
0.136503
0.136521
0.136538
0.136556
0.136574
0.136591
0.136609
0.136627
0.136644
0.136662
0.13668
0.136697
0.136715
0.136732
0.13675
0.136767
0.136785
0.136802
0.13682
0.136837
0.136855
0.136872
0.136889
0.136907
0.136924
0.136941
0.136959
0.136976
0.136993
0.13701
0.137027
0.137045
0.137062
0.137079
0.137096
0.137113
0.13713
0.137147
0.137164
0.137181
0.137198
0.137215
0.137232
0.137249
0.137266
0.137283
0.1373
0.137317
0.137333
0.13735
0.137367
0.137384
0.137401
0.137417
0.137434
0.137451
0.137467
0.137484
0.137501
0.137517
0.137534
0.13755
0.137567
0.137583
0.1376
0.137616
0.137633
0.137649
0.137666
0.137682
0.137699
0.137715
0.137731
0.137748
0.137764
0.13778
0.137797
0.137813
0.137829
0.137845
0.137861
0.137878
0.137894
0.13791
0.137926
0.137942
0.137958
0.137974
0.13799
0.138006
0.138022
0.138038
0.138054
0.13807
0.138086
0.138102
0.138118
0.138134
0.13815
0.138165
0.138181
0.138197
0.138213
0.138228
0.138244
0.13826
0.138276
0.138291
0.138307
0.138322
0.138338
0.138354
0.138369
0.138385
0.1384
0.138416
0.138431
0.138447
0.138462
0.138478
0.138493
0.138508
0.138524
0.138539
0.138554
0.13857
0.138585
0.1386
0.138616
0.138631
0.138646
0.138661
0.138676
0.138692
0.138707
0.138722
0.138737
0.138752
0.138767
0.138782
0.138797
0.138812
0.138827
0.138842
0.138857
0.138872
0.138887
0.138902
0.138917
0.138931
0.138946
0.138961
0.138976
0.138991
0.139005
0.13902
0.139035
0.139049
0.139064
0.139079
0.139093
0.139108
0.139123
0.139137
0.139152
0.139166
0.139181
0.139195
0.13921
0.139224
0.139239
0.139253
0.139268
0.139282
0.139296
0.139311
0.139325
0.139339
0.139354
0.139368
0.139382
0.139396
0.139411
0.139425
0.139439
0.139453
0.139467
0.139481
0.139495
0.13951
0.139524
0.139538
0.139552
0.139566
0.13958
0.139594
0.139608
0.139622
0.139635
0.139649
0.139663
0.139677
0.139691
0.139705
0.139719
0.139732
0.139746
0.13976
0.139774
0.139787
0.139801
0.139815
0.139828
0.139842
0.139856
0.139869
0.139883
0.139896
0.13991
0.139923
0.139937
0.13995
0.139964
0.139977
0.139991
0.140004
0.140017
0.140031
0.140044
0.140058
0.140071
0.140084
0.140097
0.140111
0.140124
0.140137
0.14015
0.140164
0.140177
0.14019
0.140203
0.140216
0.140229
0.140242
0.140255
0.140268
0.140281
0.140294
0.140307
0.14032
0.140333
0.140346
0.140359
0.140372
0.140385
0.140398
0.140411
0.140423
0.140436
0.140449
0.140462
0.140475
0.140487
0.1405
0.140513
0.140525
0.140538
0.140551
0.140563
0.140576
0.140589
0.140601
0.140614
0.140626
0.140639
0.140651
0.140664
0.140676
0.140689
0.140701
0.140713
0.140726
0.140738
0.14075
0.140763
0.140775
0.140787
0.1408
0.140812
0.140824
0.140836
0.140849
0.140861
0.140873
0.140885
0.140897
0.140909
0.140921
0.140934
0.140946
0.140958
0.14097
0.140982
0.140994
0.141006
0.141018
0.14103
0.141041
0.141053
0.141065
0.141077
0.141089
0.141101
0.141113
0.141124
0.141136
0.141148
0.14116
0.141171
0.141183
0.141195
0.141206
0.141218
0.14123
0.141241
0.141253
0.141265
0.141276
0.141288
0.141299
0.141311
0.141322
0.141334
0.141345
0.141357
0.141368
0.141379
0.141391
0.141402
0.141414
0.141425
0.141436
0.141448
0.141459
0.14147
0.141481
0.141493
0.141504
0.141515
0.141526
0.141537
0.141548
0.14156
0.141571
0.141582
0.141593
0.141604
0.141615
0.141626
0.141637
0.141648
0.141659
0.14167
0.141681
0.141692
0.141703
0.141714
0.141724
0.141735
0.141746
0.141757
0.141768
0.141778
0.141789
0.1418
0.141811
0.141821
0.141832
0.141843
0.141853
0.141864
0.141875
0.141885
0.141896
0.141906
0.141917
0.141928
0.141938
0.141949
0.141959
0.14197
0.14198
0.14199
0.142001
0.142011
0.142022
0.142032
0.142042
0.142053
0.142063
0.142073
0.142084
0.142094
0.142104
0.142114
0.142125
0.142135
0.142145
0.142155
0.142165
0.142175
0.142186
0.142196
0.142206
0.142216
0.142226
0.142236
0.142246
0.142256
0.142266
0.142276
0.142286
0.142296
0.142306
0.142315
0.142325
0.142335
0.142345
0.142355
0.142365
0.142374
0.142384
0.142394
0.142404
0.142413
0.142423
0.142433
0.142443
0.142452
0.142462
0.142472
0.142481
0.142491
0.1425
0.14251
0.142519
0.142529
0.142538
0.142548
0.142557
0.142567
0.142576
0.142586
0.142595
0.142605
0.142614
0.142623
0.142633
0.142642
0.142651
0.142661
0.14267
0.142679
0.142688
0.142698
0.142707
0.142716
0.142725
0.142734
0.142744
0.142753
0.142762
0.142771
0.14278
0.142789
0.142798
0.142807
0.142816
0.142825
0.142834
0.142843
0.142852
0.142861
0.14287
0.142879
0.142888
0.142897
0.142905
0.142914
0.142923
0.142932
0.142941
0.142949
0.142958
0.142967
0.142976
0.142984
0.142993
0.143002
0.14301
0.143019
0.143028
0.143036
0.143045
0.143054
0.143062
0.143071
0.143079
0.143088
0.143096
0.143105
0.143113
0.143122
0.14313
0.143139
0.143147
0.143155
0.143164
0.143172
0.14318
0.143189
0.143197
0.143205
0.143214
0.143222
0.14323
0.143238
0.143247
0.143255
0.143263
0.143271
0.143279
0.143287
0.143296
0.143304
0.143312
0.14332
0.143328
0.143336
0.143344
0.143352
0.14336
0.143368
0.143376
0.143384
0.143392
0.1434
0.143408
0.143416
0.143423
0.143431
0.143439
0.143447
0.143455
0.143463
0.14347
0.143478
0.143486
0.143494
0.143501
0.143509
0.143517
0.143524
0.143532
0.14354
0.143547
0.143555
0.143562
0.14357
0.143578
0.143585
0.143593
0.1436
0.143608
0.143615
0.143623
0.14363
0.143637
0.143645
0.143652
0.14366
0.143667
0.143674
0.143682
0.143689
0.143696
0.143704
0.143711
0.143718
0.143726
0.143733
0.14374
0.143747
0.143754
0.143762
0.143769
0.143776
0.143783
0.14379
0.143797
0.143804
0.143811
0.143819
0.143826
0.143833
0.14384
0.143847
0.143854
0.143861
0.143868
0.143874
0.143881
0.143888
0.143895
0.143902
0.143909
0.143916
0.143923
0.143929
0.143936
0.143943
0.14395
0.143957
0.143963
0.14397
0.143977
0.143983
0.14399
0.143997
0.144003
0.14401
0.144017
0.144023
0.14403
0.144037
0.144043
0.14405
0.144056
0.144063
0.144069
0.144076
0.144082
0.144089
0.144095
0.144102
0.144108
0.144114
0.144121
0.144127
0.144134
0.14414
0.144146
0.144153
0.144159
0.144165
0.144171
0.144178
0.144184
0.14419
0.144196
0.144203
0.144209
0.144215
0.144221
0.144227
0.144233
0.144239
0.144246
0.144252
0.144258
0.144264
0.14427
0.144276
0.144282
0.144288
0.144294
0.1443
0.144306
0.144312
0.144318
0.144324
0.144329
0.144335
0.144341
0.144347
0.144353
0.144359
0.144365
0.14437
0.144376
0.144382
0.144388
0.144393
0.144399
0.144405
0.144411
0.144416
0.144422
0.144428
0.144433
0.144439
0.144444
0.14445
0.144456
0.144461
0.144467
0.144472
0.144478
0.144483
0.144489
0.144494
0.1445
0.144505
0.144511
0.144516
0.144522
0.144527
0.144532
0.144538
0.144543
0.144549
0.144554
0.144559
0.144565
0.14457
0.144575
0.14458
0.144586
0.144591
0.144596
0.144601
0.144607
0.144612
0.144617
0.144622
0.144627
0.144632
0.144637
0.144643
0.144648
0.144653
0.144658
0.144663
0.144668
0.144673
0.144678
0.144683
0.144688
0.144693
0.144698
0.144703
0.144708
0.144713
0.144718
0.144722
0.144727
0.144732
0.144737
0.144742
0.144747
0.144751
0.144756
0.144761
0.144766
0.144771
0.144775
0.14478
0.144785
0.144789
0.144794
0.144799
0.144803
0.144808
0.144813
0.144817
0.144822
0.144827
0.144831
0.144836
0.14484
0.144845
0.144849
0.144854
0.144858
0.144863
0.144867
0.144872
0.144876
0.144881
0.144885
0.144889
0.144894
0.144898
0.144903
0.144907
0.144911
0.144916
0.14492
0.144924
0.144929
0.144933
0.144937
0.144941
0.144946
0.14495
0.144954
0.144958
0.144962
0.144967
0.144971
0.144975
0.144979
0.144983
0.144987
0.144991
0.144996
0.145
0.145004
0.145008
0.145012
0.145016
0.14502
0.145024
0.145028
0.145032
0.145036
0.14504
0.145044
0.145047
0.145051
0.145055
0.145059
0.145063
0.145067
0.145071
0.145075
0.145078
0.145082
0.145086
0.14509
0.145094
0.145097
0.145101
0.145105
0.145108
0.145112
0.145116
0.14512
0.145123
0.145127
0.145131
0.145134
0.145138
0.145141
0.145145
0.145149
0.145152
0.145156
0.145159
0.145163
0.145166
0.14517
0.145173
0.145177
0.14518
0.145184
0.145187
0.145191
0.145194
0.145197
0.145201
0.145204
0.145208
0.145211
0.145214
0.145218
0.145221
0.145224
0.145228
0.145231
0.145234
0.145237
0.145241
0.145244
0.145247
0.14525
0.145254
0.145257
0.14526
0.145263
0.145266
0.145269
0.145273
0.145276
0.145279
0.145282
0.145285
0.145288
0.145291
0.145294
0.145297
0.1453
0.145303
0.145306
0.145309
0.145312
0.145315
0.145318
0.145321
0.145324
0.145327
0.14533
0.145333
0.145336
0.145338
0.145341
0.145344
0.145347
0.14535
0.145353
0.145355
0.145358
0.145361
0.145364
0.145367
0.145369
0.145372
0.145375
0.145377
0.14538
0.145383
0.145386
0.145388
0.145391
0.145393
0.145396
0.145399
0.145401
0.145404
0.145407
0.145409
0.145412
0.145414
0.145417
0.145419
0.145422
0.145424
0.145427
0.145429
0.145432
0.145434
0.145437
0.145439
0.145441
0.145444
0.145446
0.145449
0.145451
0.145453
0.145456
0.145458
0.14546
0.145463
0.145465
0.145467
0.14547
0.145472
0.145474
0.145477
0.145479
0.145481
0.145483
0.145485
0.145488
0.14549
0.145492
0.145494
0.145496
0.145499
0.145501
0.145503
0.145505
0.145507
0.145509
0.145511
0.145513
0.145515
0.145517
0.145519
0.145521
0.145523
0.145525
0.145527
0.145529
0.145531
0.145533
0.145535
0.145537
0.145539
0.145541
0.145543
0.145545
0.145547
0.145549
0.145551
0.145552
0.145554
0.145556
0.145558
0.14556
0.145562
0.145563
0.145565
0.145567
0.145569
0.14557
0.145572
0.145574
0.145576
0.145577
0.145579
0.145581
0.145582
0.145584
0.145586
0.145587
0.145589
0.145591
0.145592
0.145594
0.145595
0.145597
0.145599
0.1456
0.145602
0.145603
0.145605
0.145606
0.145608
0.145609
0.145611
0.145612
0.145614
0.145615
0.145617
0.145618
0.14562
0.145621
0.145622
0.145624
0.145625
0.145627
0.145628
0.145629
0.145631
0.145632
0.145633
0.145635
0.145636
0.145637
0.145639
0.14564
0.145641
0.145642
0.145644
0.145645
0.145646
0.145647
0.145648
0.14565
0.145651
0.145652
0.145653
0.145654
0.145656
0.145657
0.145658
0.145659
0.14566
0.145661
0.145662
0.145663
0.145664
0.145665
0.145667
0.145668
0.145669
0.14567
0.145671
0.145672
0.145673
0.145674
0.145675
0.145676
0.145677
0.145677
0.145678
0.145679
0.14568
0.145681
0.145682
0.145683
0.145684
0.145685
0.145686
0.145686
0.145687
0.145688
0.145689
0.14569
0.145691
0.145691
0.145692
0.145693
0.145694
0.145694
0.145695
0.145696
0.145697
0.145697
0.145698
0.145699
0.145699
0.1457
0.145701
0.145701
0.145702
0.145703
0.145703
0.145704
0.145705
0.145705
0.145706
0.145706
0.145707
0.145708
0.145708
0.145709
0.145709
0.14571
0.14571
0.145711
0.145711
0.145712
0.145712
0.145713
0.145713
0.145714
0.145714
0.145715
0.145715
0.145716
0.145716
0.145716
0.145717
0.145717
0.145718
0.145718
0.145718
0.145719
0.145719
0.145719
0.14572
0.14572
0.14572
0.145721
0.145721
0.145721
0.145721
0.145722
0.145722
0.145722
0.145722
0.145723
0.145723
0.145723
0.145723
0.145724
0.145724
0.145724
0.145724
0.145724
0.145724
0.145725
0.145725
0.145725
0.145725
0.145725
0.145725
0.145725
0.145725
0.145725
0.145726
0.145726
0.145726
0.145726
0.145726
0.145726
0.145726
0.145726
0.145726
0.145726
0.145726
0.145726
0.145726
0.145726
0.145726
0.145726
0.145726
0.145725
0.145725
0.145725
0.145725
0.145725
0.145725
0.145725
0.145725
0.145725
0.145724
0.145724
0.145724
0.145724
0.145724
0.145724
0.145723
0.145723
0.145723
0.145723
0.145723
0.145722
0.145722
0.145722
0.145722
0.145721
0.145721
0.145721
0.14572
0.14572
0.14572
0.14572
0.145719
0.145719
0.145719
0.145718
0.145718
0.145717
0.145717
0.145717
0.145716
0.145716
0.145716
0.145715
0.145715
0.145714
0.145714
0.145713
0.145713
0.145712
0.145712
0.145712
0.145711
0.145711
0.14571
0.14571
0.145709
0.145709
0.145708
0.145708
0.145707
0.145706
0.145706
0.145705
0.145705
0.145704
0.145704
0.145703
0.145702
0.145702
0.145701
0.145701
0.1457
0.145699
0.145699
0.145698
0.145697
0.145697
0.145696
0.145695
0.145695
0.145694
0.145693
0.145692
0.145692
0.145691
0.14569
0.14569
0.145689
0.145688
0.145687
0.145686
0.145686
0.145685
0.145684
0.145683
0.145683
0.145682
0.145681
0.14568
0.145679
0.145678
0.145678
0.145677
0.145676
0.145675
0.145674
0.145673
0.145672
0.145671
0.14567
0.14567
0.145669
0.145668
0.145667
0.145666
0.145665
0.145664
0.145663
0.145662
0.145661
0.14566
0.145659
0.145658
0.145657
0.145656
0.145655
0.145654
0.145653
0.145652
0.145651
0.14565
0.145649
0.145648
0.145647
0.145646
0.145644
0.145643
0.145642
0.145641
0.14564
0.145639
0.145638
0.145637
0.145635
0.145634
0.145633
0.145632
0.145631
0.14563
0.145628
0.145627
0.145626
0.145625
0.145624
0.145622
0.145621
0.14562
0.145619
0.145618
0.145616
0.145615
0.145614
0.145613
0.145611
0.14561
0.145609
0.145607
0.145606
0.145605
0.145603
0.145602
0.145601
0.145599
0.145598
0.145597
0.145595
0.145594
0.145593
0.145591
0.14559
0.145589
0.145587
0.145586
0.145584
0.145583
0.145582
0.14558
0.145579
0.145577
0.145576
0.145574
0.145573
0.145571
0.14557
0.145569
0.145567
0.145566
0.145564
0.145563
0.145561
0.14556
0.145558
0.145557
0.145555
0.145554
0.145552
0.14555
0.145549
0.145547
0.145546
0.145544
0.145543
0.145541
0.145539
0.145538
0.145536
0.145535
0.145533
0.145531
0.14553
0.145528
0.145527
0.145525
0.145523
0.145522
0.14552
0.145518
0.145517
0.145515
0.145513
0.145512
0.14551
0.145508
0.145506
0.145505
0.145503
0.145501
0.1455
0.145498
0.145496
0.145494
0.145493
0.145491
0.145489
0.145487
0.145486
0.145484
0.145482
0.14548
0.145478
0.145477
0.145475
0.145473
0.145471
0.145469
0.145468
0.145466
0.145464
0.145462
0.14546
0.145458
0.145456
0.145455
0.145453
0.145451
0.145449
0.145447
0.145445
0.145443
0.145441
0.145439
0.145438
0.145436
0.145434
0.145432
0.14543
0.145428
0.145426
0.145424
0.145422
0.14542
0.145418
0.145416
0.145414
0.145412
0.14541
0.145408
0.145406
0.145404
0.145402
0.1454
0.145398
0.145396
0.145394
0.145392
0.14539
0.145388
0.145386
0.145384
0.145382
0.14538
0.145378
0.145375
0.145373
0.145371
0.145369
0.145367
0.145365
0.145363
0.145361
0.145359
0.145356
0.145354
0.145352
0.14535
0.145348
0.145346
0.145344
0.145341
0.145339
0.145337
0.145335
0.145333
0.145331
0.145328
0.145326
0.145324
0.145322
0.14532
0.145317
0.145315
0.145313
0.145311
0.145308
0.145306
0.145304
0.145302
0.145299
0.145297
0.145295
0.145293
0.14529
0.145288
0.145286
0.145284
0.145281
0.145279
0.145277
0.145274
0.145272
0.14527
0.145267
0.145265
0.145263
0.14526
0.145258
0.145256
0.145253
0.145251
0.145249
0.145246
0.145244
0.145242
0.145239
0.145237
0.145234
0.145232
0.14523
0.145227
0.145225
0.145222
0.14522
0.145218
0.145215
0.145213
0.14521
0.145208
0.145205
0.145203
0.145201
0.145198
0.145196
0.145193
0.145191
0.145188
0.145186
0.145183
0.145181
0.145178
0.145176
0.145173
0.145171
0.145168
0.145166
0.145163
0.145161
0.145158
0.145156
0.145153
0.145151
0.145148
0.145146
0.145143
0.14514
0.145138
0.145135
0.145133
0.14513
0.145128
0.145125
0.145123
0.14512
0.145117
0.145115
0.145112
0.14511
0.145107
0.145104
0.145102
0.145099
0.145096
0.145094
0.145091
0.145089
0.145086
0.145083
0.145081
0.145078
0.145075
0.145073
0.14507
0.145067
0.145065
0.145062
0.145059
0.145057
0.145054
0.145051
0.145049
0.145046
0.145043
0.14504
0.145038
0.145035
0.145032
0.14503
0.145027
0.145024
0.145021
0.145019
0.145016
0.145013
0.14501
0.145008
0.145005
0.145002
0.144999
0.144997
0.144994
0.144991
0.144988
0.144986
0.144983
0.14498
0.144977
0.144974
0.144972
0.144969
0.144966
0.144963
0.14496
0.144958
0.144955
0.144952
0.144949
0.144946
0.144943
0.144941
0.144938
0.144935
0.144932
0.144929
0.144926
0.144923
0.144921
0.144918
0.144915
0.144912
0.144909
0.144906
0.144903
0.1449
0.144897
0.144895
0.144892
0.144889
0.144886
0.144883
0.14488
0.144877
0.144874
0.144871
0.144868
0.144865
0.144862
0.14486
0.144857
0.144854
0.144851
0.144848
0.144845
0.144842
0.144839
0.144836
0.144833
0.14483
0.144827
0.144824
0.144821
0.144818
0.144815
0.144812
0.144809
0.144806
0.144803
0.1448
0.144797
0.144794
0.144791
0.144788
0.144785
0.144782
0.144779
0.144776
0.144773
0.14477
0.144767
0.144764
0.144761
0.144758
0.144755
0.144752
0.144749
0.144745
0.144742
0.144739
0.144736
0.144733
0.14473
0.144727
0.144724
0.144721
0.144718
0.144715
0.144712
0.144708
0.144705
0.144702
0.144699
0.144696
0.144693
0.14469
0.144687
0.144684
0.14468
0.144677
0.144674
0.144671
0.144668
0.144665
0.144662
0.144658
0.144655
0.144652
0.144649
0.144646
0.144643
0.14464
0.144636
0.144633
0.14463
0.144627
0.144624
0.14462
0.144617
0.144614
0.144611
0.144608
0.144605
0.144601
0.144598
0.144595
0.144592
0.144589
0.144585
0.144582
0.144579
0.144576
0.144572
0.144569
0.144566
0.144563
0.14456
0.144556
0.144553
0.14455
0.144547
0.144543
0.14454
0.144537
0.144534
0.14453
0.144527
0.144524
0.144521
0.144517
0.144514
0.144511
0.144507
0.144504
0.144501
0.144498
0.144494
0.144491
0.144488
0.144484
0.144481
0.144478
0.144475
0.144471
0.144468
0.144465
0.144461
0.144458
0.144455
0.144451
0.144448
0.144445
0.144441
0.144438
0.144435
0.144431
0.144428
0.144425
0.144421
0.144418
0.144415
0.144411
0.144408
0.144405
0.144401
0.144398
0.144395
0.144391
0.144388
0.144385
0.144381
0.144378
0.144374
0.144371
0.144368
0.144364
0.144361
0.144358
0.144354
0.144351
0.144347
0.144344
0.144341
0.144337
0.144334
0.14433
0.144327
0.144324
0.14432
0.144317
0.144313
0.14431
0.144306
0.144303
0.1443
0.144296
0.144293
0.144289
0.144286
0.144283
0.144279
0.144276
0.144272
0.144269
0.144265
0.144262
0.144258
0.144255
0.144252
0.144248
0.144245
0.144241
0.144238
0.144234
0.144231
0.144227
0.144224
0.14422
0.144217
0.144213
0.14421
0.144206
0.144203
0.144199
0.144196
0.144193
0.144189
0.144186
0.144182
0.144179
0.144175
0.144172
0.144168
0.144165
0.144161
0.144158
0.144154
0.144151
0.144147
0.144143
0.14414
0.144136
0.144133
0.144129
0.144126
0.144122
0.144119
0.144115
0.144112
0.144108
0.144105
0.144101
0.144098
0.144094
0.144091
0.144087
0.144083
0.14408
0.144076
0.144073
0.144069
0.144066
0.144062
0.144059
0.144055
0.144051
0.144048
0.144044
0.144041
0.144037
0.144034
0.14403
0.144026
0.144023
0.144019
0.144016
0.144012
0.144009
0.144005
0.144001
0.143998
0.143994
0.143991
0.143987
0.143983
0.14398
0.143976
0.143973
0.143969
0.143965
0.143962
0.143958
0.143955
0.143951
0.143947
0.143944
0.14394
0.143937
0.143933
0.143929
0.143926
0.143922
0.143918
0.143915
0.143911
0.143908
0.143904
0.1439
0.143897
0.143893
0.143889
0.143886
0.143882
0.143879
0.143875
0.143871
0.143868
0.143864
0.14386
0.143857
0.143853
0.143849
0.143846
0.143842
0.143838
0.143835
0.143831
0.143827
0.143824
0.14382
0.143816
0.143813
0.143809
0.143805
0.143802
0.143798
0.143794
0.143791
0.143787
0.143783
0.14378
0.143776
0.143772
0.143769
0.143765
0.143761
0.143758
0.143754
0.14375
0.143747
0.143743
0.143739
0.143735
0.143732
0.143728
0.143724
0.143721
0.143717
0.143713
0.14371
0.143706
0.143702
0.143698
0.143695
0.143691
0.143687
0.143684
0.14368
0.143676
0.143672
0.143669
0.143665
0.143661
0.143658
0.143654
0.14365
0.143646
0.143643
0.143639
0.143635
0.143631
0.143628
0.143624
0.14362
0.143617
0.143613
0.143609
0.143605
0.143602
0.143598
0.143594
0.14359
0.143587
0.143583
0.143579
0.143575
0.143572
0.143568
0.143564
0.14356
0.143557
0.143553
0.143549
0.143545
0.143542
0.143538
0.143534
0.14353
0.143527
0.143523
0.143519
0.143515
0.143511
0.143508
0.143504
0.1435
0.143496
0.143493
0.143489
0.143485
0.143481
0.143478
0.143474
0.14347
0.143466
0.143462
0.143459
0.143455
0.143451
0.143447
0.143444
0.14344
0.143436
0.143432
0.143428
0.143425
0.143421
0.143417
0.143413
0.143409
0.143406
0.143402
0.143398
0.143394
0.14339
0.143387
0.143383
0.143379
0.143375
0.143371
0.143368
0.143364
0.14336
0.143356
0.143352
0.143349
0.143345
0.143341
0.143337
0.143333
0.14333
0.143326
0.143322
0.143318
0.143314
0.143311
0.143307
0.143303
0.143299
0.143295
0.143291
0.143288
0.143284
0.14328
0.143276
0.143272
0.143269
0.143265
0.143261
0.143257
0.143253
0.143249
0.143246
0.143242
0.143238
0.143234
0.14323
0.143226
0.143223
0.143219
0.143215
0.143211
0.143207
0.143203
0.1432
0.143196
0.143192
0.143188
0.143184
0.14318
0.143177
0.143173
0.143169
0.143165
0.143161
0.143157
0.143154
0.14315
0.143146
0.143142
0.143138
0.143134
0.14313
0.143127
0.143123
0.143119
0.143115
0.143111
0.143107
0.143103
0.1431
0.143096
0.143092
0.143088
0.143084
0.14308
0.143077
0.143073
0.143069
0.143065
0.143061
0.143057
0.143053
0.14305
0.143046
0.143042
0.143038
0.143034
0.14303
0.143026
0.143022
0.143019
0.143015
0.143011
0.143007
0.143003
0.142999
0.142995
0.142992
0.142988
0.142984
0.14298
0.142976
0.142972
0.142968
0.142964
0.142961
0.142957
0.142953
0.142949
0.142945
0.142941
0.142937
0.142933
0.14293
0.142926
0.142922
0.142918
0.142914
0.14291
0.142906
0.142902
0.142899
0.142895
0.142891
0.142887
0.142883
0.142879
0.142875
0.142871
0.142868
0.142864
0.14286
0.142856
0.142852
0.142848
0.142844
0.14284
0.142836
0.142833
0.142829
0.142825
0.142821
0.142817
0.142813
0.142809
0.142805
0.142801
0.142798
0.142794
0.14279
0.142786
0.142782
0.142778
0.142774
0.14277
0.142766
0.142763
0.142759
0.142755
0.142751
0.142747
0.142743
0.142739
0.142735
0.142731
0.142728
0.142724
0.14272
0.142716
0.142712
0.142708
0.142704
0.1427
0.142696
0.142693
0.142689
0.142685
0.142681
0.142677
0.142673
0.142669
0.142665
0.142661
0.142657
0.142654
0.14265
0.142646
0.142642
0.142638
0.142634
0.14263
0.142626
0.142622
0.142618
0.142615
0.142611
0.142607
0.142603
0.142599
0.142595
0.142591
0.142587
0.142583
0.142579
0.142576
0.142572
0.142568
0.142564
0.14256
0.142556
0.142552
0.142548
0.142544
0.14254
0.142537
0.142533
0.142529
0.142525
0.142521
0.142517
0.142513
0.142509
0.142505
0.142501
0.142498
0.142494
0.14249
0.142486
0.142482
0.142478
0.142474
0.14247
0.142466
0.142462
0.142458
0.142455
0.142451
0.142447
0.142443
0.142439
0.142435
0.142431
0.142427
0.142423
0.142419
0.142416
0.142412
0.142408
0.142404
0.1424
0.142396
0.142392
0.142388
0.142384
0.14238
0.142376
0.142373
0.142369
0.142365
0.142361
0.142357
0.142353
0.142349
0.142345
0.142341
0.142337
0.142333
0.14233
0.142326
0.142322
0.142318
0.142314
0.14231
0.142306
0.142302
0.142298
0.142294
0.142291
0.142287
0.142283
0.142279
0.142275
0.142271
0.142267
0.142263
0.142259
0.142255
0.142251
0.142248
0.142244
0.14224
0.142236
0.142232
0.142228
0.142224
0.14222
0.142216
0.142212
0.142209
0.142205
0.142201
0.142197
0.142193
0.142189
0.142185
0.142181
0.142177
0.142173
0.14217
0.142166
0.142162
0.142158
0.142154
0.14215
0.142146
0.142142
0.142138
0.142134
0.142131
0.142127
0.142123
0.142119
0.142115
0.142111
0.142107
0.142103
0.142099
0.142095
0.142092
0.142088
0.142084
0.14208
0.142076
0.142072
0.142068
0.142064
0.14206
0.142056
0.142053
0.142049
0.142045
0.142041
0.142037
0.142033
0.142029
0.142025
0.142021
0.142017
0.142014
0.14201
0.142006
0.142002
0.141998
0.141994
0.14199
0.141986
0.141982
0.141979
0.141975
0.141971
0.141967
0.141963
0.141959
0.141955
0.141951
0.141947
0.141943
0.14194
0.141936
0.141932
0.141928
0.141924
0.14192
0.141916
0.141912
0.141908
0.141905
0.141901
0.141897
0.141893
0.141889
0.141885
0.141881
0.141877
0.141873
0.14187
0.141866
0.141862
0.141858
0.141854
0.14185
0.141846
0.141842
0.141839
0.141835
0.141831
0.141827
0.141823
0.141819
0.141815
0.141811
0.141807
0.141804
0.1418
0.141796
0.141792
0.141788
0.141784
0.14178
0.141776
0.141773
0.141769
0.141765
0.141761
0.141757
0.141753
0.141749
0.141745
0.141742
0.141738
0.141734
0.14173
0.141726
0.141722
0.141718
0.141714
0.141711
0.141707
0.141703
0.141699
0.141695
0.141691
0.141687
0.141683
0.14168
0.141676
0.141672
0.141668
0.141664
0.14166
0.141656
0.141652
0.141649
0.141645
0.141641
0.141637
0.141633
0.141629
0.141625
0.141622
0.141618
0.141614
0.14161
0.141606
0.141602
0.141598
0.141595
0.141591
0.141587
0.141583
0.141579
0.141575
0.141571
0.141568
0.141564
0.14156
0.141556
0.141552
0.141548
0.141544
0.141541
0.141537
0.141533
0.141529
0.141525
0.141521
0.141517
0.141514
0.14151
0.141506
0.141502
0.141498
0.141494
0.14149
0.141487
0.141483
0.141479
0.141475
0.141471
0.141467
0.141464
0.14146
0.141456
0.141452
0.141448
0.141444
0.14144
0.141437
0.141433
0.141429
0.141425
0.141421
0.141417
0.141414
0.14141
0.141406
0.141402
0.141398
0.141394
0.141391
0.141387
0.141383
0.141379
0.141375
0.141371
0.141368
0.141364
0.14136
0.141356
0.141352
0.141348
0.141345
0.141341
0.141337
0.141333
0.141329
0.141325
0.141322
0.141318
0.141314
0.14131
0.141306
0.141302
0.141299
0.141295
0.141291
0.141287
0.141283
0.14128
0.141276
0.141272
0.141268
0.141264
0.14126
0.141257
0.141253
0.141249
0.141245
0.141241
0.141238
0.141234
0.14123
0.141226
0.141222
0.141218
0.141215
0.141211
0.141207
0.141203
0.141199
0.141196
0.141192
0.141188
0.141184
0.14118
0.141177
0.141173
0.141169
0.141165
0.141161
0.141158
0.141154
0.14115
0.141146
0.141142
0.141139
0.141135
0.141131
0.141127
0.141123
0.14112
0.141116
0.141112
0.141108
0.141104
0.141101
0.141097
0.141093
0.141089
0.141085
0.141082
0.141078
0.141074
0.14107
0.141066
0.141063
0.141059
0.141055
0.141051
0.141048
0.141044
0.14104
0.141036
0.141032
0.141029
0.141025
0.141021
0.141017
0.141013
0.14101
0.141006
0.141002
0.140998
0.140995
0.140991
0.140987
0.140983
0.14098
0.140976
0.140972
0.140968
0.140964
0.140961
0.140957
0.140953
0.140949
0.140946
0.140942
0.140938
0.140934
0.140931
0.140927
0.140923
0.140919
0.140915
0.140912
0.140908
0.140904
0.1409
0.140897
0.140893
0.140889
0.140885
0.140882
0.140878
0.140874
0.14087
0.140867
0.140863
0.140859
0.140855
0.140852
0.140848
0.140844
0.14084
0.140837
0.140833
0.140829
0.140825
0.140822
0.140818
0.140814
0.14081
0.140807
0.140803
0.140799
0.140795
0.140792
0.140788
0.140784
0.14078
0.140777
0.140773
0.140769
0.140766
0.140762
0.140758
0.140754
0.140751
0.140747
0.140743
0.140739
0.140736
0.140732
0.140728
0.140725
0.140721
0.140717
0.140713
0.14071
0.140706
0.140702
0.140698
0.140695
0.140691
0.140687
0.140684
0.14068
0.140676
0.140672
0.140669
0.140665
0.140661
0.140658
0.140654
0.14065
0.140646
0.140643
0.140639
0.140635
0.140632
0.140628
0.140624
0.14062
0.140617
0.140613
0.140609
0.140606
0.140602
0.140598
0.140595
0.140591
0.140587
0.140583
0.14058
0.140576
0.140572
0.140569
0.140565
0.140561
0.140558
0.140554
0.14055
0.140547
0.140543
0.140539
0.140535
0.140532
0.140528
0.140524
0.140521
0.140517
0.140513
0.14051
0.140506
0.140502
0.140499
0.140495
0.140491
0.140488
0.140484
0.14048
0.140477
0.140473
0.140469
0.140466
0.140462
0.140458
0.140455
0.140451
0.140447
0.140444
0.14044
0.140436
0.140433
0.140429
0.140425
0.140422
0.140418
0.140414
0.140411
0.140407
0.140403
0.1404
0.140396
0.140392
0.140389
0.140385
0.140381
0.140378
0.140374
0.14037
0.140367
0.140363
0.140359
0.140356
0.140352
0.140348
0.140345
0.140341
0.140337
0.140334
0.14033
0.140327
0.140323
0.140319
0.140316
0.140312
0.140308
0.140305
0.140301
0.140297
0.140294
0.14029
0.140287
0.140283
0.140279
0.140276
0.140272
0.140268
0.140265
0.140261
0.140257
0.140254
0.14025
0.140247
0.140243
0.140239
0.140236
0.140232
0.140228
0.140225
0.140221
0.140218
0.140214
0.14021
0.140207
0.140203
0.1402
0.140196
0.140192
0.140189
0.140185
0.140181
0.140178
0.140174
0.140171
0.140167
0.140163
0.14016
0.140156
0.140153
0.140149
0.140145
0.140142
0.140138
0.140135
0.140131
0.140127
0.140124
0.14012
0.140117
0.140113
0.140109
0.140106
0.140102
0.140099
0.140095
0.140092
0.140088
0.140084
0.140081
0.140077
0.140074
0.14007
0.140066
0.140063
0.140059
0.140056
0.140052
0.140049
0.140045
0.140041
0.140038
0.140034
0.140031
0.140027
0.140024
0.14002
0.140016
0.140013
0.140009
0.140006
0.140002
0.139999
0.139995
0.139991
0.139988
0.139984
0.139981
0.139977
0.139974
0.13997
0.139966
0.139963
0.139959
0.139956
0.139952
0.139949
0.139945
0.139942
0.139938
0.139934
0.139931
0.139927
0.139924
0.13992
0.139917
0.139913
0.13991
0.139906
0.139903
0.139899
0.139895
0.139892
0.139888
0.139885
0.139881
0.139878
0.139874
0.139871
0.139867
0.139864
0.13986
0.139857
0.139853
0.13985
0.139846
0.139842
0.139839
0.139835
0.139832
0.139828
0.139825
0.139821
0.139818
0.139814
0.139811
0.139807
0.139804
0.1398
0.139797
0.139793
0.13979
0.139786
0.139783
0.139779
0.139776
0.139772
0.139769
0.139765
0.139762
0.139758
0.139755
0.139751
0.139748
0.139744
0.139741
0.139737
0.139734
0.13973
0.139727
0.139723
0.13972
0.139716
0.139713
0.139709
0.139706
0.139702
0.139699
0.139695
0.139692
0.139688
0.139685
0.139681
0.139678
0.139674
0.139671
0.139667
0.139664
0.13966
0.139657
0.139653
0.13965
0.139646
0.139643
0.139639
0.139636
0.139633
0.139629
0.139626
0.139622
0.139619
0.139615
0.139612
0.139608
0.139605
0.139601
0.139598
0.139594
0.139591
0.139587
0.139584
0.139581
0.139577
0.139574
0.13957
0.139567
0.139563
0.13956
0.139556
0.139553
0.139549
0.139546
0.139543
0.139539
0.139536
0.139532
0.139529
0.139525
0.139522
0.139518
0.139515
0.139512
0.139508
0.139505
0.139501
0.139498
0.139494
0.139491
0.139488
0.139484
0.139481
0.139477
0.139474
0.13947
0.139467
0.139464
0.13946
0.139457
0.139453
0.13945
0.139446
0.139443
0.13944
0.139436
0.139433
0.139429
0.139426
0.139422
0.139419
0.139416
0.139412
0.139409
0.139405
0.139402
0.139399
0.139395
0.139392
0.139388
0.139385
0.139382
0.139378
0.139375
0.139371
0.139368
0.139365
0.139361
0.139358
0.139354
0.139351
0.139348
0.139344
0.139341
0.139337
0.139334
0.139331
0.139327
0.139324
0.13932
0.139317
0.139314
0.13931
0.139307
0.139303
0.1393
0.139297
0.139293
0.13929
0.139287
0.139283
0.13928
0.139276
0.139273
0.13927
0.139266
0.139263
0.13926
0.139256
0.139253
0.139249
0.139246
0.139243
0.139239
0.139236
0.139233
0.139229
0.139226
0.139223
0.139219
0.139216
0.139213
0.139209
0.139206
0.139202
0.139199
0.139196
0.139192
0.139189
0.139186
0.139182
0.139179
0.139176
0.139172
0.139169
0.139166
0.139162
0.139159
0.139156
0.139152
0.139149
0.139146
0.139142
0.139139
0.139136
0.139132
0.139129
0.139126
0.139122
0.139119
0.139116
0.139112
0.139109
0.139106
0.139102
0.139099
0.139096
0.139092
0.139089
0.139086
0.139082
0.139079
0.139076
0.139072
0.139069
0.139066
0.139062
0.139059
0.139056
0.139052
0.139049
0.139046
0.139043
0.139039
0.139036
0.139033
0.139029
0.139026
0.139023
0.139019
0.139016
0.139013
0.13901
0.139006
0.139003
0.139
0.138996
0.138993
0.13899
0.138986
0.138983
0.13898
0.138977
0.138973
0.13897
0.138967
0.138963
0.13896
0.138957
0.138954
0.13895
0.138947
0.138944
0.13894
0.138937
0.138934
0.138931
0.138927
0.138924
0.138921
0.138918
0.138914
0.138911
0.138908
0.138904
0.138901
0.138898
0.138895
0.138891
0.138888
0.138885
0.138882
0.138878
0.138875
0.138872
0.138869
0.138865
0.138862
0.138859
0.138856
0.138852
0.138849
0.138846
0.138843
0.138839
0.138836
0.138833
0.13883
0.138826
0.138823
0.13882
0.138817
0.138813
0.13881
0.138807
0.138804
0.1388
0.138797
0.138794
0.138791
0.138787
0.138784
0.138781
0.138778
0.138775
0.138771
0.138768
0.138765
0.138762
0.138758
0.138755
0.138752
0.138749
0.138746
0.138742
0.138739
0.138736
0.138733
0.138729
0.138726
0.138723
0.13872
0.138717
0.138713
0.13871
0.138707
0.138704
0.138701
0.138697
0.138694
0.138691
0.138688
0.138685
0.138681
0.138678
0.138675
0.138672
0.138669
0.138665
0.138662
0.138659
0.138656
0.138653
0.138649
0.138646
0.138643
0.13864
0.138637
0.138633
0.13863
0.138627
0.138624
0.138621
0.138618
0.138614
0.138611
0.138608
0.138605
0.138602
0.138598
0.138595
0.138592
0.138589
0.138586
0.138583
0.138579
0.138576
0.138573
0.13857
0.138567
0.138564
0.13856
0.138557
0.138554
0.138551
0.138548
0.138545
0.138541
0.138538
0.138535
0.138532
0.138529
0.138526
0.138523
0.138519
0.138516
0.138513
0.13851
0.138507
0.138504
0.1385
0.138497
0.138494
0.138491
0.138488
0.138485
0.138482
0.138479
0.138475
0.138472
0.138469
0.138466
0.138463
0.13846
0.138457
0.138453
0.13845
0.138447
0.138444
0.138441
0.138438
0.138435
0.138432
0.138428
0.138425
0.138422
0.138419
0.138416
0.138413
0.13841
0.138407
0.138403
0.1384
0.138397
0.138394
0.138391
0.138388
0.138385
0.138382
0.138379
0.138375
0.138372
0.138369
0.138366
0.138363
0.13836
0.138357
0.138354
0.138351
0.138348
0.138344
0.138341
0.138338
0.138335
0.138332
0.138329
0.138326
0.138323
0.13832
0.138317
0.138314
0.13831
0.138307
0.138304
0.138301
0.138298
0.138295
0.138292
0.138289
0.138286
0.138283
0.13828
0.138277
0.138274
0.13827
0.138267
0.138264
0.138261
0.138258
0.138255
0.138252
0.138249
0.138246
0.138243
0.13824
0.138237
0.138234
0.138231
0.138228
0.138224
0.138221
0.138218
0.138215
0.138212
0.138209
0.138206
0.138203
0.1382
0.138197
0.138194
0.138191
0.138188
0.138185
0.138182
0.138179
0.138176
0.138173
0.13817
0.138167
0.138163
0.13816
0.138157
0.138154
0.138151
0.138148
0.138145
0.138142
0.138139
0.138136
0.138133
0.13813
0.138127
0.138124
0.138121
0.138118
0.138115
0.138112
0.138109
0.138106
0.138103
0.1381
0.138097
0.138094
0.138091
0.138088
0.138085
0.138082
0.138079
0.138076
0.138073
0.13807
0.138067
0.138064
0.138061
0.138058
0.138055
0.138052
0.138049
0.138046
0.138043
0.13804
0.138037
0.138034
0.138031
0.138028
0.138025
0.138022
0.138019
0.138016
0.138013
0.13801
0.138007
0.138004
0.138001
0.137998
0.137995
0.137992
0.137989
0.137986
0.137983
0.13798
0.137977
0.137974
0.137971
0.137968
0.137965
0.137962
0.137959
0.137956
0.137953
0.13795
0.137947
0.137944
0.137941
0.137938
0.137935
0.137932
0.137929
0.137926
0.137923
0.137921
0.137918
0.137915
0.137912
0.137909
0.137906
0.137903
0.1379
0.137897
0.137894
0.137891
0.137888
0.137885
0.137882
0.137879
0.137876
0.137873
0.13787
0.137867
0.137864
0.137861
0.137859
0.137856
0.137853
0.13785
0.137847
0.137844
0.137841
0.137838
0.137835
0.137832
0.137829
0.137826
0.137823
0.13782
0.137817
0.137815
0.137812
0.137809
0.137806
0.137803
0.1378
0.137797
0.137794
0.137791
0.137788
0.137785
0.137782
0.13778
0.137777
0.137774
0.137771
0.137768
0.137765
0.137762
0.137759
0.137756
0.137753
0.13775
0.137748
0.137745
0.137742
0.137739
0.137736
0.137733
0.13773
0.137727
0.137724
0.137721
0.137719
0.137716
0.137713
0.13771
0.137707
0.137704
0.137701
0.137698
0.137695
0.137693
0.13769
0.137687
0.137684
0.137681
0.137678
0.137675
0.137672
0.137669
0.137667
0.137664
0.137661
0.137658
0.137655
0.137652
0.137649
0.137646
0.137644
0.137641
0.137638
0.137635
0.137632
0.137629
0.137626
0.137624
0.137621
0.137618
0.137615
0.137612
0.137609
0.137606
0.137604
0.137601
0.137598
0.137595
0.137592
0.137589
0.137586
0.137584
0.137581
0.137578
0.137575
0.137572
0.137569
0.137566
0.137564
0.137561
0.137558
0.137555
0.137552
0.137549
0.137547
0.137544
0.137541
0.137538
0.137535
0.137532
0.13753
0.137527
0.137524
0.137521
0.137518
0.137515
0.137513
0.13751
0.137507
0.137504
0.137501
0.137498
0.137496
0.137493
0.13749
0.137487
0.137484
0.137482
0.137479
0.137476
0.137473
0.13747
0.137467
0.137465
0.137462
0.137459
0.137456
0.137453
0.137451
0.137448
0.137445
0.137442
0.137439
0.137437
0.137434
0.137431
0.137428
0.137425
0.137423
0.13742
0.137417
0.137414
0.137411
0.137409
0.137406
0.137403
0.1374
0.137398
0.137395
0.137392
0.137389
0.137386
0.137384
0.137381
0.137378
0.137375
0.137372
0.13737
0.137367
0.137364
0.137361
0.137359
0.137356
0.137353
0.13735
0.137347
0.137345
0.137342
0.137339
0.137336
0.137334
0.137331
0.137328
0.137325
0.137323
0.13732
0.137317
0.137314
0.137312
0.137309
0.137306
0.137303
0.137301
0.137298
0.137295
0.137292
0.137289
0.137287
0.137284
0.137281
0.137279
0.137276
0.137273
0.13727
0.137268
0.137265
0.137262
0.137259
0.137257
0.137254
0.137251
0.137248
0.137246
0.137243
0.13724
0.137237
0.137235
0.137232
0.137229
0.137226
0.137224
0.137221
0.137218
0.137216
0.137213
0.13721
0.137207
0.137205
0.137202
0.137199
0.137196
0.137194
0.137191
0.137188
0.137186
0.137183
0.13718
0.137177
0.137175
0.137172
0.137169
0.137167
0.137164
0.137161
0.137159
0.137156
0.137153
0.13715
0.137148
0.137145
0.137142
0.13714
0.137137
0.137134
0.137131
0.137129
0.137126
0.137123
0.137121
0.137118
0.137115
0.137113
0.13711
0.137107
0.137105
0.137102
0.137099
0.137096
0.137094
0.137091
0.137088
0.137086
0.137083
0.13708
0.137078
0.137075
0.137072
0.13707
0.137067
0.137064
0.137062
0.137059
0.137056
0.137054
0.137051
0.137048
0.137046
0.137043
0.13704
0.137038
0.137035
0.137032
0.13703
0.137027
0.137024
0.137022
0.137019
0.137016
0.137014
0.137011
0.137008
0.137006
0.137003
0.137
0.136998
0.136995
0.136992
0.13699
0.136987
0.136984
0.136982
0.136979
0.136977
0.136974
0.136971
0.136969
0.136966
0.136963
0.136961
0.136958
0.136955
0.136953
0.13695
0.136948
0.136945
0.136942
0.13694
0.136937
0.136934
0.136932
0.136929
0.136926
0.136924
0.136921
0.136919
0.136916
0.136913
0.136911
0.136908
0.136905
0.136903
0.1369
0.136898
0.136895
0.136892
0.13689
0.136887
0.136885
0.136882
0.136879
0.136877
0.136874
0.136871
0.136869
0.136866
0.136864
0.136861
0.136858
0.136856
0.136853
0.136851
0.136848
0.136845
0.136843
0.13684
0.136838
0.136835
0.136832
0.13683
0.136827
0.136825
0.136822
0.136819
0.136817
0.136814
0.136812
0.136809
0.136807
0.136804
0.136801
0.136799
0.136796
0.136794
0.136791
0.136788
0.136786
0.136783
0.136781
0.136778
0.136776
0.136773
0.13677
0.136768
0.136765
0.136763
0.13676
0.136758
0.136755
0.136752
0.13675
0.136747
0.136745
0.136742
0.13674
0.136737
0.136734
0.136732
0.136729
0.136727
0.136724
0.136722
0.136719
0.136717
0.136714
0.136711
0.136709
0.136706
0.136704
0.136701
0.136699
0.136696
0.136694
0.136691
0.136689
0.136686
0.136683
0.136681
0.136678
0.136676
0.136673
0.136671
0.136668
0.136666
0.136663
0.136661
0.136658
0.136656
0.136653
0.13665
0.136648
0.136645
0.136643
0.13664
0.136638
0.136635
0.136633
0.13663
0.136628
0.136625
0.136623
0.13662
0.136618
0.136615
0.136613
0.13661
0.136608
0.136605
0.136602
0.1366
0.136597
0.136595
0.136592
0.13659
0.136587
0.136585
0.136582
0.13658
0.136577
0.136575
0.136572
0.13657
0.136567
0.136565
0.136562
0.13656
0.136557
0.136555
0.136552
0.13655
0.136547
0.136545
0.136542
0.13654
0.136537
0.136535
0.136532
0.13653
0.136527
0.136525
0.136522
0.13652
0.136517
0.136515
0.136513
0.13651
0.136508
0.136505
0.136503
0.1365
0.136498
0.136495
0.136493
0.13649
0.136488
0.136485
0.136483
0.13648
0.136478
0.136475
0.136473
0.13647
0.136468
0.136465
0.136463
0.136461
0.136458
0.136456
0.136453
0.136451
0.136448
0.136446
0.136443
0.136441
0.136438
0.136436
0.136433
0.136431
0.136429
0.136426
0.136424
0.136421
0.136419
0.136416
0.136414
0.136411
0.136409
0.136406
0.136404
0.136402
0.136399
0.136397
0.136394
0.136392
0.136389
0.136387
0.136384
0.136382
0.13638
0.136377
0.136375
0.136372
0.13637
0.136367
0.136365
0.136363
0.13636
0.136358
0.136355
0.136353
0.13635
0.136348
0.136346
0.136343
0.136341
0.136338
0.136336
0.136333
0.136331
0.136329
0.136326
0.136324
0.136321
0.136319
0.136317
0.136314
0.136312
0.136309
0.136307
0.136304
0.136302
0.1363
0.136297
0.136295
0.136292
0.13629
0.136288
0.136285
0.136283
0.13628
0.136278
0.136276
0.136273
0.136271
0.136268
0.136266
0.136264
0.136261
0.136259
0.136256
0.136254
0.136252
0.136249
0.136247
0.136244
0.136242
0.13624
0.136237
0.136235
0.136232
0.13623
0.136228
0.136225
0.136223
0.136221
0.136218
0.136216
0.136213
0.136211
0.136209
0.136206
0.136204
0.136202
0.136199
0.136197
0.136194
0.136192
0.13619
0.136187
0.136185
0.136183
0.13618
0.136178
0.136175
0.136173
0.136171
0.136168
0.136166
0.136164
0.136161
0.136159
0.136157
0.136154
0.136152
0.136149
0.136147
0.136145
0.136142
0.13614
0.136138
0.136135
0.136133
0.136131
0.136128
0.136126
0.136124
0.136121
0.136119
0.136117
0.136114
0.136112
0.13611
0.136107
0.136105
0.136103
0.1361
0.136098
0.136096
0.136093
0.136091
0.136088
0.136086
0.136084
0.136081
0.136079
0.136077
0.136074
0.136072
0.13607
0.136068
0.136065
0.136063
0.136061
0.136058
0.136056
0.136054
0.136051
0.136049
0.136047
0.136044
0.136042
0.13604
0.136037
0.136035
0.136033
0.13603
0.136028
0.136026
0.136023
0.136021
0.136019
0.136016
0.136014
0.136012
0.13601
0.136007
0.136005
0.136003
0.136
0.135998
0.135996
0.135993
0.135991
0.135989
0.135987
0.135984
0.135982
0.13598
0.135977
0.135975
0.135973
0.13597
0.135968
0.135966
0.135964
0.135961
0.135959
0.135957
0.135954
0.135952
0.13595
0.135948
0.135945
0.135943
0.135941
0.135938
0.135936
0.135934
0.135932
0.135929
0.135927
0.135925
0.135922
0.13592
0.135918
0.135916
0.135913
0.135911
0.135909
0.135907
0.135904
0.135902
0.1359
0.135897
0.135895
0.135893
0.135891
0.135888
0.135886
0.135884
0.135882
0.135879
0.135877
0.135875
0.135873
0.13587
0.135868
0.135866
0.135864
0.135861
0.135859
0.135857
0.135855
0.135852
0.13585
0.135848
0.135846
0.135843
0.135841
0.135839
0.135837
0.135834
0.135832
0.13583
0.135828
0.135825
0.135823
0.135821
0.135819
0.135816
0.135814
0.135812
0.13581
0.135807
0.135805
0.135803
0.135801
0.135798
0.135796
0.135794
0.135792
0.13579
0.135787
0.135785
0.135783
0.135781
0.135778
0.135776
0.135774
0.135772
0.13577
0.135767
0.135765
0.135763
0.135761
0.135758
0.135756
0.135754
0.135752
0.13575
0.135747
0.135745
0.135743
0.135741
0.135739
0.135736
0.135734
0.135732
0.13573
0.135727
0.135725
0.135723
0.135721
0.135719
0.135716
0.135714
0.135712
0.13571
0.135708
0.135705
0.135703
0.135701
0.135699
0.135697
0.135694
0.135692
0.13569
0.135688
0.135686
0.135683
0.135681
0.135679
0.135677
0.135675
0.135673
0.13567
0.135668
0.135666
0.135664
0.135662
0.135659
0.135657
0.135655
0.135653
0.135651
0.135649
0.135646
0.135644
0.135642
0.13564
0.135638
0.135635
0.135633
0.135631
0.135629
0.135627
0.135625
0.135622
0.13562
0.135618
0.135616
0.135614
0.135612
0.135609
0.135607
0.135605
0.135603
0.135601
0.135599
0.135596
0.135594
0.135592
0.13559
0.135588
0.135586
0.135584
0.135581
0.135579
0.135577
0.135575
0.135573
0.135571
0.135568
0.135566
0.135564
0.135562
0.13556
0.135558
0.135556
0.135553
0.135551
0.135549
0.135547
0.135545
0.135543
0.135541
0.135538
0.135536
0.135534
0.135532
0.13553
0.135528
0.135526
0.135523
0.135521
0.135519
0.135517
0.135515
0.135513
0.135511
0.135509
0.135506
0.135504
0.135502
0.1355
0.135498
0.135496
0.135494
0.135492
0.135489
0.135487
0.135485
0.135483
0.135481
0.135479
0.135477
0.135475
0.135472
0.13547
0.135468
0.135466
0.135464
0.135462
0.13546
0.135458
0.135456
0.135453
0.135451
0.135449
0.135447
0.135445
0.135443
0.135441
0.135439
0.135437
0.135434
0.135432
0.13543
0.135428
0.135426
0.135424
0.135422
0.13542
0.135418
0.135416
0.135414
0.135411
0.135409
0.135407
0.135405
0.135403
0.135401
0.135399
0.135397
0.135395
0.135393
0.135391
0.135388
0.135386
0.135384
0.135382
0.13538
0.135378
0.135376
0.135374
0.135372
0.13537
0.135368
0.135366
0.135363
0.135361
0.135359
0.135357
0.135355
0.135353
0.135351
0.135349
0.135347
0.135345
0.135343
0.135341
0.135339
0.135337
0.135334
0.135332
0.13533
0.135328
0.135326
0.135324
0.135322
0.13532
0.135318
0.135316
0.135314
0.135312
0.13531
0.135308
0.135306
0.135304
0.135301
0.135299
0.135297
0.135295
0.135293
0.135291
0.135289
0.135287
0.135285
0.135283
0.135281
0.135279
0.135277
0.135275
0.135273
0.135271
0.135269
0.135267
0.135265
0.135263
0.135261
0.135259
0.135256
0.135254
0.135252
0.13525
0.135248
0.135246
0.135244
0.135242
0.13524
0.135238
0.135236
0.135234
0.135232
0.13523
0.135228
0.135226
0.135224
0.135222
0.13522
0.135218
0.135216
0.135214
0.135212
0.13521
0.135208
0.135206
0.135204
0.135202
0.1352
0.135198
0.135196
0.135194
0.135192
0.13519
0.135188
0.135186
0.135184
0.135182
0.13518
0.135178
0.135176
0.135174
0.135172
0.13517
0.135168
0.135166
0.135163
0.135161
0.135159
0.135157
0.135155
0.135153
0.135151
0.135149
0.135147
0.135145
0.135143
0.135141
0.135139
0.135138
0.135136
0.135134
0.135132
0.13513
0.135128
0.135126
0.135124
0.135122
0.13512
0.135118
0.135116
0.135114
0.135112
0.13511
0.135108
0.135106
0.135104
0.135102
0.1351
0.135098
0.135096
0.135094
0.135092
0.13509
0.135088
0.135086
0.135084
0.135082
0.13508
0.135078
0.135076
0.135074
0.135072
0.13507
0.135068
0.135066
0.135064
0.135062
0.13506
0.135058
0.135056
0.135054
0.135052
0.13505
0.135048
0.135046
0.135045
0.135043
0.135041
0.135039
0.135037
0.135035
0.135033
0.135031
0.135029
0.135027
0.135025
0.135023
0.135021
0.135019
0.135017
0.135015
0.135013
0.135011
0.135009
0.135007
0.135005
0.135003
0.135002
0.135
0.134998
0.134996
0.134994
0.134992
0.13499
0.134988
0.134986
0.134984
0.134982
0.13498
0.134978
0.134976
0.134974
0.134972
0.134971
0.134969
0.134967
0.134965
0.134963
0.134961
0.134959
0.134957
0.134955
0.134953
0.134951
0.134949
0.134947
0.134945
0.134943
0.134942
0.13494
0.134938
0.134936
0.134934
0.134932
0.13493
0.134928
0.134926
0.134924
0.134922
0.13492
0.134919
0.134917
0.134915
0.134913
0.134911
0.134909
0.134907
0.134905
0.134903
0.134901
0.134899
0.134897
0.134896
0.134894
0.134892
0.13489
0.134888
0.134886
0.134884
0.134882
0.13488
0.134878
0.134877
0.134875
0.134873
0.134871
0.134869
0.134867
0.134865
0.134863
0.134861
0.134859
0.134858
0.134856
0.134854
0.134852
0.13485
0.134848
0.134846
0.134844
0.134842
0.134841
0.134839
0.134837
0.134835
0.134833
0.134831
0.134829
0.134827
0.134825
0.134824
0.134822
0.13482
0.134818
0.134816
0.134814
0.134812
0.13481
0.134809
0.134807
0.134805
0.134803
0.134801
0.134799
0.134797
0.134795
0.134794
0.134792
0.13479
0.134788
0.134786
0.134784
0.134782
0.134781
0.134779
0.134777
0.134775
0.134773
0.134771
0.134769
0.134767
0.134766
0.134764
0.134762
0.13476
0.134758
0.134756
0.134754
0.134753
0.134751
0.134749
0.134747
0.134745
0.134743
0.134741
0.13474
0.134738
0.134736
0.134734
0.134732
0.13473
0.134729
0.134727
0.134725
0.134723
0.134721
0.134719
0.134717
0.134716
0.134714
0.134712
0.13471
0.134708
0.134706
0.134705
0.134703
0.134701
0.134699
0.134697
0.134695
0.134694
0.134692
0.13469
0.134688
0.134686
0.134684
0.134683
0.134681
0.134679
0.134677
0.134675
0.134673
0.134672
0.13467
0.134668
0.134666
0.134664
0.134663
0.134661
0.134659
0.134657
0.134655
0.134653
0.134652
0.13465
0.134648
0.134646
0.134644
0.134643
0.134641
0.134639
0.134637
0.134635
0.134633
0.134632
0.13463
0.134628
0.134626
0.134624
0.134623
0.134621
0.134619
0.134617
0.134615
0.134614
0.134612
0.13461
0.134608
0.134606
0.134605
0.134603
0.134601
0.134599
0.134597
0.134596
0.134594
0.134592
0.13459
0.134588
0.134587
0.134585
0.134583
0.134581
0.134579
0.134578
0.134576
0.134574
0.134572
0.13457
0.134569
0.134567
0.134565
0.134563
0.134561
0.13456
0.134558
0.134556
0.134554
0.134553
0.134551
0.134549
0.134547
0.134545
0.134544
0.134542
0.13454
0.134538
0.134537
0.134535
0.134533
0.134531
0.134529
0.134528
0.134526
0.134524
0.134522
0.134521
0.134519
0.134517
0.134515
0.134514
0.134512
0.13451
0.134508
0.134506
0.134505
0.134503
0.134501
0.134499
0.134498
0.134496
0.134494
0.134492
0.134491
0.134489
0.134487
0.134485
0.134484
0.134482
0.13448
0.134478
0.134477
0.134475
0.134473
0.134471
0.13447
0.134468
0.134466
0.134464
0.134463
0.134461
0.134459
0.134457
0.134456
0.134454
0.134452
0.13445
0.134449
0.134447
0.134445
0.134443
0.134442
0.13444
0.134438
0.134436
0.134435
0.134433
0.134431
0.134429
0.134428
0.134426
0.134424
0.134422
0.134421
0.134419
0.134417
0.134416
0.134414
0.134412
0.13441
0.134409
0.134407
0.134405
0.134403
0.134402
0.1344
0.134398
0.134397
0.134395
0.134393
0.134391
0.13439
0.134388
0.134386
0.134384
0.134383
0.134381
0.134379
0.134378
0.134376
0.134374
0.134372
0.134371
0.134369
0.134367
0.134366
0.134364
0.134362
0.13436
0.134359
0.134357
0.134355
0.134354
0.134352
0.13435
0.134348
0.134347
0.134345
0.134343
0.134342
0.13434
0.134338
0.134337
0.134335
0.134333
0.134331
0.13433
0.134328
0.134326
0.134325
0.134323
0.134321
0.13432
0.134318
0.134316
0.134314
0.134313
0.134311
0.134309
0.134308
0.134306
0.134304
0.134303
0.134301
0.134299
0.134298
0.134296
0.134294
0.134292
0.134291
0.134289
0.134287
0.134286
0.134284
0.134282
0.134281
0.134279
0.134277
0.134276
0.134274
0.134272
0.134271
0.134269
0.134267
0.134266
0.134264
0.134262
0.134261
0.134259
0.134257
0.134256
0.134254
0.134252
0.134251
0.134249
0.134247
0.134245
0.134244
0.134242
0.13424
0.134239
0.134237
0.134235
0.134234
0.134232
0.13423
0.134229
0.134227
0.134226
0.134224
0.134222
0.134221
0.134219
0.134217
0.134216
0.134214
0.134212
0.134211
0.134209
0.134207
0.134206
0.134204
0.134202
0.134201
0.134199
0.134197
0.134196
0.134194
0.134192
0.134191
0.134189
0.134187
0.134186
0.134184
0.134183
0.134181
0.134179
0.134178
0.134176
0.134174
0.134173
0.134171
0.134169
0.134168
0.134166
0.134164
0.134163
0.134161
0.13416
0.134158
0.134156
0.134155
0.134153
0.134151
0.13415
0.134148
0.134146
0.134145
0.134143
0.134142
0.13414
0.134138
0.134137
0.134135
0.134133
0.134132
0.13413
0.134129
0.134127
0.134125
0.134124
0.134122
0.13412
0.134119
0.134117
0.134116
0.134114
0.134112
0.134111
0.134109
0.134107
0.134106
0.134104
0.134103
0.134101
0.134099
0.134098
0.134096
0.134095
0.134093
0.134091
0.13409
0.134088
0.134086
0.134085
0.134083
0.134082
0.13408
0.134078
0.134077
0.134075
0.134074
0.134072
0.13407
0.134069
0.134067
0.134066
0.134064
0.134062
0.134061
0.134059
0.134058
0.134056
0.134054
0.134053
0.134051
0.13405
0.134048
0.134046
0.134045
0.134043
0.134042
0.13404
0.134038
0.134037
0.134035
0.134034
0.134032
0.13403
0.134029
0.134027
0.134026
0.134024
0.134023
0.134021
0.134019
0.134018
0.134016
0.134015
0.134013
0.134011
0.13401
0.134008
0.134007
0.134005
0.134004
0.134002
0.134
0.133999
0.133997
0.133996
0.133994
0.133992
0.133991
0.133989
0.133988
0.133986
0.133985
0.133983
0.133981
0.13398
0.133978
0.133977
0.133975
0.133974
0.133972
0.13397
0.133969
0.133967
0.133966
0.133964
0.133963
0.133961
0.13396
0.133958
0.133956
0.133955
0.133953
0.133952
0.13395
0.133949
0.133947
0.133945
0.133944
0.133942
0.133941
0.133939
0.133938
0.133936
0.133935
0.133933
0.133931
0.13393
0.133928
0.133927
0.133925
0.133924
0.133922
0.133921
0.133919
0.133918
0.133916
0.133914
0.133913
0.133911
0.13391
0.133908
0.133907
0.133905
0.133904
0.133902
0.133901
0.133899
0.133897
0.133896
0.133894
0.133893
0.133891
0.13389
0.133888
0.133887
0.133885
0.133884
0.133882
0.133881
0.133879
0.133877
0.133876
0.133874
0.133873
0.133871
0.13387
0.133868
0.133867
0.133865
0.133864
0.133862
0.133861
0.133859
0.133858
0.133856
0.133855
0.133853
0.133851
0.13385
0.133848
0.133847
0.133845
0.133844
0.133842
0.133841
0.133839
0.133838
0.133836
0.133835
0.133833
0.133832
0.13383
0.133829
0.133827
0.133826
0.133824
0.133823
0.133821
0.13382
0.133818
0.133817
0.133815
0.133814
0.133812
0.133811
0.133809
0.133808
0.133806
0.133805
0.133803
0.133802
0.1338
0.133799
0.133797
0.133796
0.133794
0.133793
0.133791
0.13379
0.133788
0.133787
0.133785
0.133784
0.133782
0.133781
0.133779
0.133778
0.133776
0.133775
0.133773
0.133772
0.13377
0.133769
0.133767
0.133766
0.133764
0.133763
0.133761
0.13376
0.133758
0.133757
0.133755
0.133754
0.133752
0.133751
0.133749
0.133748
0.133746
0.133745
0.133743
0.133742
0.13374
0.133739
0.133737
0.133736
0.133734
0.133733
0.133731
0.13373
0.133728
0.133727
0.133726
0.133724
0.133723
0.133721
0.13372
0.133718
0.133717
0.133715
0.133714
0.133712
0.133711
0.133709
0.133708
0.133706
0.133705
0.133703
0.133702
0.133701
0.133699
0.133698
0.133696
0.133695
0.133693
0.133692
0.13369
0.133689
0.133687
0.133686
0.133684
0.133683
0.133681
0.13368
0.133679
0.133677
0.133676
0.133674
0.133673
0.133671
0.13367
0.133668
0.133667
0.133665
0.133664
0.133663
0.133661
0.13366
0.133658
0.133657
0.133655
0.133654
0.133652
0.133651
0.13365
0.133648
0.133647
0.133645
0.133644
0.133642
0.133641
0.133639
0.133638
0.133637
0.133635
0.133634
0.133632
0.133631
0.133629
0.133628
0.133626
0.133625
0.133624
0.133622
0.133621
0.133619
0.133618
0.133616
0.133615
0.133613
0.133612
0.133611
0.133609
0.133608
0.133606
0.133605
0.133603
0.133602
0.133601
0.133599
0.133598
0.133596
0.133595
0.133593
0.133592
0.133591
0.133589
0.133588
0.133586
0.133585
0.133583
0.133582
0.133581
0.133579
0.133578
0.133576
0.133575
0.133574
0.133572
0.133571
0.133569
0.133568
0.133566
0.133565
0.133564
0.133562
0.133561
0.133559
0.133558
0.133557
0.133555
0.133554
0.133552
0.133551
0.13355
0.133548
0.133547
0.133545
0.133544
0.133542
0.133541
0.13354
0.133538
0.133537
0.133535
0.133534
0.133533
0.133531
0.13353
0.133528
0.133527
0.133526
0.133524
0.133523
0.133521
0.13352
0.133519
0.133517
0.133516
0.133514
0.133513
0.133512
0.13351
0.133509
0.133507
0.133506
0.133505
0.133503
0.133502
0.1335
0.133499
0.133498
0.133496
0.133495
0.133494
0.133492
0.133491
0.133489
0.133488
0.133487
0.133485
0.133484
0.133482
0.133481
0.13348
0.133478
0.133477
0.133476
0.133474
0.133473
0.133471
0.13347
0.133469
0.133467
0.133466
0.133464
0.133463
0.133462
0.13346
0.133459
0.133458
0.133456
0.133455
0.133453
0.133452
0.133451
0.133449
0.133448
0.133447
0.133445
0.133444
0.133442
0.133441
0.13344
0.133438
0.133437
0.133436
0.133434
0.133433
0.133432
0.13343
0.133429
0.133427
0.133426
0.133425
0.133423
0.133422
0.133421
0.133419
0.133418
0.133417
0.133415
0.133414
0.133412
0.133411
0.13341
0.133408
0.133407
0.133406
0.133404
0.133403
0.133402
0.1334
0.133399
0.133398
0.133396
0.133395
0.133394
0.133392
0.133391
0.133389
0.133388
0.133387
0.133385
0.133384
0.133383
0.133381
0.13338
0.133379
0.133377
0.133376
0.133375
0.133373
0.133372
0.133371
0.133369
0.133368
0.133367
0.133365
0.133364
0.133363
0.133361
0.13336
0.133359
0.133357
0.133356
0.133355
0.133353
0.133352
0.133351
0.133349
0.133348
0.133347
0.133345
0.133344
0.133343
0.133341
0.13334
0.133339
0.133337
0.133336
0.133335
0.133333
0.133332
0.133331
0.133329
0.133328
0.133327
0.133325
0.133324
0.133323
0.133321
0.13332
0.133319
0.133317
0.133316
0.133315
0.133313
0.133312
0.133311
0.133309
0.133308
0.133307
0.133305
0.133304
0.133303
0.133302
0.1333
0.133299
0.133298
0.133296
0.133295
0.133294
0.133292
0.133291
0.13329
0.133288
0.133287
0.133286
0.133284
0.133283
0.133282
0.133281
0.133279
0.133278
0.133277
0.133275
0.133274
0.133273
0.133271
0.13327
0.133269
0.133267
0.133266
0.133265
0.133264
0.133262
0.133261
0.13326
0.133258
0.133257
0.133256
0.133254
0.133253
0.133252
0.133251
0.133249
0.133248
0.133247
0.133245
0.133244
0.133243
0.133242
0.13324
0.133239
0.133238
0.133236
0.133235
0.133234
0.133232
0.133231
0.13323
0.133229
0.133227
0.133226
0.133225
0.133223
0.133222
0.133221
0.13322
0.133218
0.133217
0.133216
0.133214
0.133213
0.133212
0.133211
0.133209
0.133208
0.133207
0.133205
0.133204
0.133203
0.133202
0.1332
0.133199
0.133198
0.133197
0.133195
0.133194
0.133193
0.133191
0.13319
0.133189
0.133188
0.133186
0.133185
0.133184
0.133183
0.133181
0.13318
0.133179
0.133177
0.133176
0.133175
0.133174
0.133172
0.133171
0.13317
0.133169
0.133167
0.133166
0.133165
0.133164
0.133162
0.133161
0.13316
0.133158
0.133157
0.133156
0.133155
0.133153
0.133152
0.133151
0.13315
0.133148
0.133147
0.133146
0.133145
0.133143
0.133142
0.133141
0.13314
0.133138
0.133137
0.133136
0.133135
0.133133
0.133132
0.133131
0.13313
0.133128
0.133127
0.133126
0.133125
0.133123
0.133122
0.133121
0.13312
0.133118
0.133117
0.133116
0.133115
0.133113
0.133112
0.133111
0.13311
0.133108
0.133107
0.133106
0.133105
0.133103
0.133102
0.133101
0.1331
0.133098
0.133097
0.133096
0.133095
0.133094
0.133092
0.133091
0.13309
0.133089
0.133087
0.133086
0.133085
0.133084
0.133082
0.133081
0.13308
0.133079
0.133077
0.133076
0.133075
0.133074
0.133073
0.133071
0.13307
0.133069
0.133068
0.133066
0.133065
0.133064
0.133063
0.133062
0.13306
0.133059
0.133058
0.133057
0.133055
0.133054
0.133053
0.133052
0.133051
0.133049
0.133048
0.133047
0.133046
0.133044
0.133043
0.133042
0.133041
0.13304
0.133038
0.133037
0.133036
0.133035
0.133033
0.133032
0.133031
0.13303
0.133029
0.133027
0.133026
0.133025
0.133024
0.133023
0.133021
0.13302
0.133019
0.133018
0.133017
0.133015
0.133014
0.133013
0.133012
0.133011
0.133009
0.133008
0.133007
0.133006
0.133005
0.133003
0.133002
0.133001
0.133
0.132998
0.132997
0.132996
0.132995
0.132994
0.132992
0.132991
0.13299
0.132989
0.132988
0.132987
0.132985
0.132984
0.132983
0.132982
0.132981
0.132979
0.132978
0.132977
0.132976
0.132975
0.132973
0.132972
0.132971
0.13297
0.132969
0.132967
0.132966
0.132965
0.132964
0.132963
0.132962
0.13296
0.132959
0.132958
0.132957
0.132956
0.132954
0.132953
0.132952
0.132951
0.13295
0.132948
0.132947
0.132946
0.132945
0.132944
0.132943
0.132941
0.13294
0.132939
0.132938
0.132937
0.132936
0.132934
0.132933
0.132932
0.132931
0.13293
0.132928
0.132927
0.132926
0.132925
0.132924
0.132923
0.132921
0.13292
0.132919
0.132918
0.132917
0.132916
0.132914
0.132913
0.132912
0.132911
0.13291
0.132909
0.132907
0.132906
0.132905
0.132904
0.132903
0.132902
0.1329
0.132899
0.132898
0.132897
0.132896
0.132895
0.132893
0.132892
0.132891
0.13289
0.132889
0.132888
0.132887
0.132885
0.132884
0.132883
0.132882
0.132881
0.13288
0.132878
0.132877
0.132876
0.132875
0.132874
0.132873
0.132872
0.13287
0.132869
0.132868
0.132867
0.132866
0.132865
0.132864
0.132862
0.132861
0.13286
0.132859
0.132858
0.132857
0.132855
0.132854
0.132853
0.132852
0.132851
0.13285
0.132849
0.132847
0.132846
0.132845
0.132844
0.132843
0.132842
0.132841
0.132839
0.132838
0.132837
0.132836
0.132835
0.132834
0.132833
0.132832
0.13283
0.132829
0.132828
0.132827
0.132826
0.132825
0.132824
0.132822
0.132821
0.13282
0.132819
0.132818
0.132817
0.132816
0.132815
0.132813
0.132812
0.132811
0.13281
0.132809
0.132808
0.132807
0.132806
0.132804
0.132803
0.132802
0.132801
0.1328
0.132799
0.132798
0.132797
0.132795
0.132794
0.132793
0.132792
0.132791
0.13279
0.132789
0.132788
0.132786
0.132785
0.132784
0.132783
0.132782
0.132781
0.13278
0.132779
0.132778
0.132776
0.132775
0.132774
0.132773
0.132772
0.132771
0.13277
0.132769
0.132768
0.132766
0.132765
0.132764
0.132763
0.132762
0.132761
0.13276
0.132759
0.132758
0.132756
0.132755
0.132754
0.132753
0.132752
0.132751
0.13275
0.132749
0.132748
0.132747
0.132745
0.132744
0.132743
0.132742
0.132741
0.13274
0.132739
0.132738
0.132737
0.132736
0.132734
0.132733
0.132732
0.132731
0.13273
0.132729
0.132728
0.132727
0.132726
0.132725
0.132723
0.132722
0.132721
0.13272
0.132719
0.132718
0.132717
0.132716
0.132715
0.132714
0.132713
0.132711
0.13271
0.132709
0.132708
0.132707
0.132706
0.132705
0.132704
0.132703
0.132702
0.132701
0.1327
0.132698
0.132697
0.132696
0.132695
0.132694
0.132693
0.132692
0.132691
0.13269
0.132689
0.132688
0.132687
0.132685
0.132684
0.132683
0.132682
0.132681
0.13268
0.132679
0.132678
0.132677
0.132676
0.132675
0.132674
0.132673
0.132671
0.13267
0.132669
0.132668
0.132667
0.132666
0.132665
0.132664
0.132663
0.132662
0.132661
0.13266
0.132659
0.132658
0.132656
0.132655
0.132654
0.132653
0.132652
0.132651
0.13265
0.132649
0.132648
0.132647
0.132646
0.132645
0.132644
0.132643
0.132642
0.132641
0.132639
0.132638
0.132637
0.132636
0.132635
0.132634
0.132633
0.132632
0.132631
0.13263
0.132629
0.132628
0.132627
0.132626
0.132625
0.132624
0.132623
0.132622
0.13262
0.132619
0.132618
0.132617
0.132616
0.132615
0.132614
0.132613
0.132612
0.132611
0.13261
0.132609
0.132608
0.132607
0.132606
0.132605
0.132604
0.132603
0.132602
0.132601
0.132599
0.132598
0.132597
0.132596
0.132595
0.132594
0.132593
0.132592
0.132591
0.13259
0.132589
0.132588
0.132587
0.132586
0.132585
0.132584
0.132583
0.132582
0.132581
0.13258
0.132579
0.132578
0.132577
0.132576
0.132575
0.132574
0.132572
0.132571
0.13257
0.132569
0.132568
0.132567
0.132566
0.132565
0.132564
0.132563
0.132562
0.132561
0.13256
0.132559
0.132558
0.132557
0.132556
0.132555
0.132554
0.132553
0.132552
0.132551
0.13255
0.132549
0.132548
0.132547
0.132546
0.132545
0.132544
0.132543
0.132542
0.132541
0.13254
0.132539
0.132538
0.132537
0.132536
0.132535
0.132533
0.132532
0.132531
0.13253
0.132529
0.132528
0.132527
0.132526
0.132525
0.132524
0.132523
0.132522
0.132521
0.13252
0.132519
0.132518
0.132517
0.132516
0.132515
0.132514
0.132513
0.132512
0.132511
0.13251
0.132509
0.132508
0.132507
0.132506
0.132505
0.132504
0.132503
0.132502
0.132501
0.1325
0.132499
0.132498
0.132497
0.132496
0.132495
0.132494
0.132493
0.132492
0.132491
0.13249
0.132489
0.132488
