0.5
0.495025
0.490099
0.485223
0.480395
0.475615
0.470882
0.466197
0.461558
0.456966
0.452419
0.447917
0.44346
0.439048
0.434679
0.430354
0.426072
0.421832
0.417635
0.41348
0.409365
0.405292
0.401259
0.397267
0.393314
0.3894
0.385526
0.38169
0.377892
0.374132
0.370409
0.366723
0.363075
0.359462
0.355885
0.352344
0.348838
0.345367
0.341931
0.338528
0.33516
0.331825
0.328523
0.325255
0.322018
0.318814
0.315642
0.312501
0.309392
0.306313
0.303265
0.300248
0.29726
0.294302
0.291374
0.288475
0.285605
0.282763
0.279949
0.277164
0.274406
0.271675
0.268972
0.266296
0.263646
0.261023
0.258426
0.255854
0.253309
0.250788
0.248293
0.245822
0.243376
0.240955
0.238557
0.236184
0.233834
0.231507
0.229204
0.226923
0.224665
0.22243
0.220217
0.218026
0.215857
0.213709
0.211583
0.209478
0.207394
0.20533
0.203288
0.201265
0.199263
0.197281
0.195318
0.193375
0.191452
0.189548
0.187662
0.185796
0.183948
0.182119
0.180308
0.178516
0.176741
0.174984
0.173245
0.171523
0.169818
0.168131
0.166461
0.164807
0.163171
0.161551
0.159947
0.15836
0.156789
0.155234
0.153695
0.152172
0.150664
0.149172
0.147696
0.146234
0.144789
0.143358
0.141942
0.140541
0.139156
0.137785
0.136428
0.135087
0.13376
0.132447
0.131149
0.129866
0.128596
0.127341
0.126101
0.124874
0.123662
0.122464
0.12128
0.120111
0.118955
0.117814
0.116686
0.115573
0.114474
0.113389
0.112319
0.111262
0.11022
0.109192
0.108179
0.107179
0.106194
0.105224
0.104268
0.103326
0.102399
0.101487
0.100589
0.0997061
0.0988378
0.0979842
0.0971456
0.0963218
0.0955129
0.094719
0.0939401
0.0931762
0.0924274
0.0916936
0.090975
0.0902714
0.0895829
0.0889095
0.0882512
0.0876079
0.0869796
0.0863663
0.0857679
0.0851844
0.0846156
0.0840616
0.0835222
0.0829972
0.0824867
0.0819905
0.0815084
0.0810403
0.080586
0.0801455
0.0797184
0.0793047
0.0789041
0.0785165
0.0781416
0.0777793
0.0774292
0.0770913
0.0767652
0.0764508
0.0761477
0.0758558
0.0755748
0.0753044
0.0750444
0.0747945
0.0745546
0.0743243
0.0741033
0.0738915
0.0736885
0.0734942
0.0733082
0.0731304
0.0729604
0.0727981
0.0726431
0.0724953
0.0723544
0.0722202
0.0720925
0.071971
0.0718556
0.071746
0.0716419
0.0715433
0.07145
0.0713616
0.0712781
0.0711992
0.0711248
0.0710547
0.0709887
0.0709267
0.0708685
0.070814
0.070763
0.0707154
0.070671
0.0706298
0.0705915
0.070556
0.0705233
0.0704932
0.0704656
0.0704404
0.0704175
0.0703968
0.0703782
0.0703616
0.0703469
0.0703341
0.0703229
0.0703135
0.0703057
0.0702993
0.0702945
0.070291
0.0702888
0.0702879
0.0702882
0.0702896
0.0702922
0.0702957
0.0703003
0.0703058
0.0703122
0.0703194
0.0703274
0.0703362
0.0703458
0.070356
0.0703669
0.0703784
0.0703905
0.0704031
0.0704163
0.07043
0.0704442
0.0704588
0.0704738
0.0704893
0.0705051
0.0705213
0.0705378
0.0705546
0.0705718
0.0705892
0.0706069
0.0706248
0.070643
0.0706614
0.07068
0.0706987
0.0707177
0.0707368
0.0707561
0.0707755
0.0707951
0.0708148
0.0708346
0.0708545
0.0708745
0.0708946
0.0709148
0.070935
0.0709553
0.0709757
0.0709961
0.0710166
0.0710371
0.0710577
0.0710782
0.0710989
0.0711195
0.0711401
0.0711608
0.0711815
0.0712021
0.0712228
0.0712435
0.0712641
0.0712848
0.0713054
0.0713261
0.0713467
0.0713673
0.0713879
0.0714084
0.071429
0.0714495
0.07147
0.0714904
0.0715108
0.0715312
0.0715516
0.0715719
0.0715922
0.0716124
0.0716326
0.0716528
0.0716729
0.071693
0.0717131
0.0717331
0.071753
0.0717729
0.0717928
0.0718126
0.0718324
0.0718522
0.0718719
0.0718915
0.0719111
0.0719307
0.0719502
0.0719697
0.0719891
0.0720085
0.0720278
0.0720471
0.0720664
0.0720856
0.0721047
0.0721238
0.0721429
0.0721619
0.0721809
0.0721998
0.0722187
0.0722375
0.0722563
0.0722751
0.0722938
0.0723124
0.0723311
0.0723496
0.0723682
0.0723867
0.0724051
0.0724236
0.0724419
0.0724603
0.0724786
0.0724968
0.072515
0.0725332
0.0725514
0.0725695
0.0725875
0.0726056
0.0726236
0.0726415
0.0726595
0.0726774
0.0726952
0.072713
0.0727308
0.0727486
0.0727663
0.072784
0.0728017
0.0728193
0.0728369
0.0728545
0.072872
0.0728895
0.072907
0.0729244
0.0729419
0.0729593
0.0729766
0.072994
0.0730113
0.0730286
0.0730459
0.0730631
0.0730803
0.0730975
0.0731147
0.0731318
0.073149
0.0731661
0.0731832
0.0732002
0.0732173
0.0732343
0.0732513
0.0732683
0.0732853
0.0733022
0.0733192
0.0733361
0.073353
0.0733699
0.0733867
0.0734036
0.0734204
0.0734372
0.0734541
0.0734709
0.0734876
0.0735044
0.0735212
0.0735379
0.0735547
0.0735714
0.0735881
0.0736048
0.0736215
0.0736382
0.0736549
0.0736716
0.0736883
0.0737049
0.0737216
0.0737382
0.0737549
0.0737715
0.0737881
0.0738048
0.0738214
0.073838
0.0738546
0.0738712
0.0738878
0.0739044
0.073921
0.0739377
0.0739543
0.0739709
0.0739875
0.0740041
0.0740207
0.0740373
0.0740539
0.0740705
0.0740871
0.0741037
0.0741203
0.074137
0.0741536
0.0741702
0.0741868
0.0742035
0.0742201
0.0742368
0.0742534
0.0742701
0.0742867
0.0743034
0.0743201
0.0743368
0.0743535
0.0743702
0.0743869
0.0744036
0.0744204
0.0744371
0.0744539
0.0744706
0.0744874
0.0745042
0.074521
0.0745378
0.0745547
0.0745715
0.0745883
0.0746052
0.0746221
0.074639
0.0746559
0.0746728
0.0746897
0.0747067
0.0747237
0.0747407
0.0747577
0.0747747
0.0747917
0.0748088
0.0748258
0.0748429
0.07486
0.0748772
0.0748943
0.0749115
0.0749287
0.0749459
0.0749631
0.0749803
0.0749976
0.0750149
0.0750322
0.0750495
0.0750669
0.0750843
0.0751017
0.0751191
0.0751365
0.075154
0.0751715
0.075189
0.0752066
0.0752241
0.0752417
0.0752594
0.075277
0.0752947
0.0753124
0.0753301
0.0753479
0.0753656
0.0753834
0.0754013
0.0754191
0.075437
0.075455
0.0754729
0.0754909
0.0755089
0.0755269
0.075545
0.0755631
0.0755812
0.0755994
0.0756176
0.0756358
0.0756541
0.0756724
0.0756907
0.0757091
0.0757274
0.0757459
0.0757643
0.0757828
0.0758013
0.0758199
0.0758385
0.0758571
0.0758758
0.0758945
0.0759132
0.075932
0.0759508
0.0759696
0.0759885
0.0760074
0.0760264
0.0760454
0.0760644
0.0760835
0.0761026
0.0761217
0.0761409
0.0761601
0.0761794
0.0761987
0.076218
0.0762374
0.0762569
0.0762763
0.0762958
0.0763154
0.076335
0.0763546
0.0763743
0.076394
0.0764137
0.0764335
0.0764534
0.0764732
0.0764932
0.0765131
0.0765332
0.0765532
0.0765733
0.0765935
0.0766137
0.0766339
0.0766542
0.0766745
0.0766949
0.0767153
0.0767358
0.0767563
0.0767769
0.0767975
0.0768181
0.0768388
0.0768596
0.0768804
0.0769012
0.0769221
0.0769431
0.0769641
0.0769851
0.0770062
0.0770273
0.0770485
0.0770698
0.0770911
0.0771124
0.0771338
0.0771552
0.0771767
0.0771983
0.0772199
0.0772415
0.0772632
0.077285
0.0773068
0.0773287
0.0773506
0.0773725
0.0773946
0.0774166
0.0774388
0.077461
0.0774832
0.0775055
0.0775278
0.0775502
0.0775727
0.0775952
0.0776178
0.0776404
0.0776631
0.0776858
0.0777086
0.0777315
0.0777544
0.0777773
0.0778003
0.0778234
0.0778466
0.0778698
0.077893
0.0779163
0.0779397
0.0779631
0.0779866
0.0780102
0.0780338
0.0780574
0.0780812
0.078105
0.0781288
0.0781527
0.0781767
0.0782007
0.0782248
0.078249
0.0782732
0.0782975
0.0783218
0.0783462
0.0783707
0.0783952
0.0784198
0.0784444
0.0784692
0.0784939
0.0785188
0.0785437
0.0785687
0.0785937
0.0786188
0.078644
0.0786692
0.0786945
0.0787198
0.0787453
0.0787708
0.0787963
0.078822
0.0788476
0.0788734
0.0788992
0.0789251
0.0789511
0.0789771
0.0790032
0.0790294
0.0790556
0.0790819
0.0791082
0.0791347
0.0791612
0.0791878
0.0792144
0.0792411
0.0792679
0.0792947
0.0793217
0.0793486
0.0793757
0.0794028
0.07943
0.0794573
0.0794847
0.0795121
0.0795396
0.0795671
0.0795947
0.0796224
0.0796502
0.0796781
0.079706
0.079734
0.079762
0.0797902
0.0798184
0.0798467
0.079875
0.0799035
0.079932
0.0799605
0.0799892
0.0800179
0.0800467
0.0800756
0.0801046
0.0801336
0.0801627
0.0801919
0.0802211
0.0802505
0.0802799
0.0803093
0.0803389
0.0803685
0.0803983
0.080428
0.0804579
0.0804879
0.0805179
0.080548
0.0805782
0.0806084
0.0806388
0.0806692
0.0806997
0.0807302
0.0807609
0.0807916
0.0808224
0.0808533
0.0808843
0.0809153
0.0809465
0.0809777
0.081009
0.0810403
0.0810718
0.0811033
0.0811349
0.0811666
0.0811984
0.0812303
0.0812622
0.0812942
0.0813263
0.0813585
0.0813908
0.0814231
0.0814555
0.0814881
0.0815207
0.0815533
0.0815861
0.081619
0.0816519
0.0816849
0.081718
0.0817512
0.0817845
0.0818178
0.0818512
0.0818848
0.0819184
0.0819521
0.0819858
0.0820197
0.0820537
0.0820877
0.0821218
0.082156
0.0821903
0.0822247
0.0822591
0.0822937
0.0823283
0.0823631
0.0823979
0.0824328
0.0824678
0.0825028
0.082538
0.0825732
0.0826086
0.082644
0.0826795
0.0827151
0.0827508
0.0827866
0.0828225
0.0828584
0.0828945
0.0829306
0.0829668
0.0830031
0.0830395
0.083076
0.0831126
0.0831493
0.0831861
0.0832229
0.0832599
0.0832969
0.083334
0.0833712
0.0834085
0.0834459
0.0834834
0.083521
0.0835587
0.0835964
0.0836343
0.0836722
0.0837103
0.0837484
0.0837866
0.083825
0.0838634
0.0839019
0.0839405
0.0839791
0.0840179
0.0840568
0.0840958
0.0841348
0.084174
0.0842132
0.0842526
0.084292
0.0843315
0.0843711
0.0844109
0.0844507
0.0844906
0.0845306
0.0845707
0.0846109
0.0846511
0.0846915
0.084732
0.0847726
0.0848132
0.084854
0.0848948
0.0849358
0.0849768
0.085018
0.0850592
0.0851005
0.085142
0.0851835
0.0852251
0.0852668
0.0853086
0.0853505
0.0853925
0.0854346
0.0854768
0.0855191
0.0855615
0.085604
0.0856466
0.0856893
0.0857321
0.085775
0.0858179
0.085861
0.0859042
0.0859474
0.0859908
0.0860343
0.0860778
0.0861215
0.0861653
0.0862091
0.0862531
0.0862971
0.0863413
0.0863855
0.0864299
0.0864743
0.0865189
0.0865635
0.0866083
0.0866531
0.086698
0.0867431
0.0867882
0.0868335
0.0868788
0.0869242
0.0869698
0.0870154
0.0870612
0.087107
0.0871529
0.087199
0.0872451
0.0872913
0.0873377
0.0873841
0.0874306
0.0874773
0.087524
0.0875708
0.0876177
0.0876648
0.0877119
0.0877591
0.0878065
0.0878539
0.0879014
0.0879491
0.0879968
0.0880447
0.0880926
0.0881406
0.0881888
0.088237
0.0882853
0.0883338
0.0883823
0.0884309
0.0884797
0.0885285
0.0885775
0.0886265
0.0886757
0.0887249
0.0887742
0.0888237
0.0888732
0.0889229
0.0889726
0.0890225
0.0890724
0.0891225
0.0891726
0.0892229
0.0892732
0.0893237
0.0893742
0.0894249
0.0894756
0.0895265
0.0895775
0.0896285
0.0896797
0.0897309
0.0897823
0.0898338
0.0898853
0.089937
0.0899888
0.0900406
0.0900926
0.0901447
0.0901968
0.0902491
0.0903015
0.0903539
0.0904065
0.0904592
0.090512
0.0905648
0.0906178
0.0906709
0.0907241
0.0907773
0.0908307
0.0908842
0.0909378
0.0909915
0.0910452
0.0910991
0.0911531
0.0912072
0.0912614
0.0913157
0.09137
0.0914245
0.0914791
0.0915338
0.0915886
0.0916434
0.0916984
0.0917535
0.0918087
0.091864
0.0919194
0.0919748
0.0920304
0.0920861
0.0921419
0.0921978
0.0922538
0.0923098
0.092366
0.0924223
0.0924787
0.0925351
0.0925917
0.0926484
0.0927052
0.092762
0.092819
0.0928761
0.0929333
0.0929905
0.0930479
0.0931054
0.0931629
0.0932206
0.0932783
0.0933362
0.0933942
0.0934522
0.0935104
0.0935686
0.093627
0.0936854
0.093744
0.0938026
0.0938613
0.0939202
0.0939791
0.0940381
0.0940973
0.0941565
0.0942158
0.0942752
0.0943347
0.0943943
0.094454
0.0945138
0.0945737
0.0946337
0.0946938
0.094754
0.0948143
0.0948747
0.0949351
0.0949957
0.0950564
0.0951171
0.095178
0.0952389
0.0953
0.0953611
0.0954224
0.0954837
0.0955451
0.0956066
0.0956682
0.0957299
0.0957917
0.0958536
0.0959156
0.0959777
0.0960399
0.0961021
0.0961645
0.0962269
0.0962895
0.0963521
0.0964148
0.0964777
0.0965406
0.0966036
0.0966667
0.0967299
0.0967932
0.0968565
0.09692
0.0969835
0.0970472
0.0971109
0.0971748
0.0972387
0.0973027
0.0973668
0.097431
0.0974952
0.0975596
0.0976241
0.0976886
0.0977533
0.097818
0.0978828
0.0979477
0.0980127
0.0980778
0.0981429
0.0982082
0.0982735
0.098339
0.0984045
0.0984701
0.0985358
0.0986016
0.0986674
0.0987334
0.0987994
0.0988656
0.0989318
0.0989981
0.0990645
0.0991309
0.0991975
0.0992641
0.0993309
0.0993977
0.0994646
0.0995316
0.0995986
0.0996658
0.099733
0.0998003
0.0998677
0.0999352
0.100003
0.10007
0.100138
0.100206
0.100274
0.100342
0.10041
0.100478
0.100546
0.100615
0.100683
0.100751
0.10082
0.100889
0.100957
0.101026
0.101095
0.101164
0.101233
0.101302
0.101371
0.101441
0.10151
0.101579
0.101649
0.101718
0.101788
0.101858
0.101928
0.101998
0.102068
0.102138
0.102208
0.102278
0.102348
0.102419
0.102489
0.102559
0.10263
0.102701
0.102771
0.102842
0.102913
0.102984
0.103055
0.103126
0.103197
0.103269
0.10334
0.103411
0.103483
0.103554
0.103626
0.103698
0.103769
0.103841
0.103913
0.103985
0.104057
0.104129
0.104201
0.104274
0.104346
0.104418
0.104491
0.104563
0.104636
0.104709
0.104781
0.104854
0.104927
0.105
0.105073
0.105146
0.105219
0.105292
0.105366
0.105439
0.105512
0.105586
0.105659
0.105733
0.105807
0.10588
0.105954
0.106028
0.106102
0.106176
0.10625
0.106324
0.106398
0.106472
0.106547
0.106621
0.106695
0.10677
0.106844
0.106919
0.106994
0.107068
0.107143
0.107218
0.107293
0.107368
0.107443
0.107518
0.107593
0.107668
0.107744
0.107819
0.107894
0.10797
0.108045
0.108121
0.108196
0.108272
0.108348
0.108424
0.108499
0.108575
0.108651
0.108727
0.108803
0.108879
0.108955
0.109032
0.109108
0.109184
0.109261
0.109337
0.109414
0.10949
0.109567
0.109643
0.10972
0.109797
0.109873
0.10995
0.110027
0.110104
0.110181
0.110258
0.110335
0.110412
0.11049
0.110567
0.110644
0.110721
0.110799
0.110876
0.110954
0.111031
0.111109
0.111186
0.111264
0.111342
0.111419
0.111497
0.111575
0.111653
0.111731
0.111809
0.111887
0.111965
0.112043
0.112121
0.112199
0.112278
0.112356
0.112434
0.112513
0.112591
0.112669
0.112748
0.112826
0.112905
0.112984
0.113062
0.113141
0.11322
0.113298
0.113377
0.113456
0.113535
0.113614
0.113693
0.113772
0.113851
0.11393
0.114009
0.114088
0.114167
0.114247
0.114326
0.114405
0.114484
0.114564
0.114643
0.114723
0.114802
0.114882
0.114961
0.115041
0.11512
0.1152
0.11528
0.115359
0.115439
0.115519
0.115599
0.115678
0.115758
0.115838
0.115918
0.115998
0.116078
0.116158
0.116238
0.116318
0.116398
0.116478
0.116558
0.116639
0.116719
0.116799
0.116879
0.11696
0.11704
0.11712
0.117201
0.117281
0.117361
0.117442
0.117522
0.117603
0.117683
0.117764
0.117844
0.117925
0.118006
0.118086
0.118167
0.118248
0.118328
0.118409
0.11849
0.118571
0.118651
0.118732
0.118813
0.118894
0.118975
0.119056
0.119137
0.119218
0.119299
0.11938
0.119461
0.119542
0.119623
0.119704
0.119785
0.119866
0.119947
0.120028
0.120109
0.12019
0.120272
0.120353
0.120434
0.120515
0.120597
0.120678
0.120759
0.12084
0.120922
0.121003
0.121084
0.121166
0.121247
0.121328
0.12141
0.121491
0.121573
0.121654
0.121736
0.121817
0.121898
0.12198
0.122061
0.122143
0.122224
0.122306
0.122387
0.122469
0.122551
0.122632
0.122714
0.122795
0.122877
0.122958
0.12304
0.123122
0.123203
0.123285
0.123367
0.123448
0.12353
0.123611
0.123693
0.123775
0.123856
0.123938
0.12402
0.124102
0.124183
0.124265
0.124347
0.124428
0.12451
0.124592
0.124673
0.124755
0.124837
0.124919
0.125
0.125082
0.125164
0.125246
0.125327
0.125409
0.125491
0.125573
0.125654
0.125736
0.125818
0.125899
0.125981
0.126063
0.126145
0.126226
0.126308
0.12639
0.126472
0.126553
0.126635
0.126717
0.126799
0.12688
0.126962
0.127044
0.127125
0.127207
0.127289
0.127371
0.127452
0.127534
0.127616
0.127697
0.127779
0.127861
0.127942
0.128024
0.128106
0.128187
0.128269
0.128351
0.128432
0.128514
0.128596
0.128677
0.128759
0.12884
0.128922
0.129003
0.129085
0.129167
0.129248
0.12933
0.129411
0.129493
0.129574
0.129656
0.129737
0.129819
0.1299
0.129982
0.130063
0.130144
0.130226
0.130307
0.130389
0.13047
0.130551
0.130633
0.130714
0.130795
0.130877
0.130958
0.131039
0.131121
0.131202
0.131283
0.131364
0.131446
0.131527
0.131608
0.131689
0.13177
0.131851
0.131933
0.132014
0.132095
0.132176
0.132257
0.132338
0.132419
0.1325
0.132581
0.132662
0.132743
0.132824
0.132905
0.132985
0.133066
0.133147
0.133228
0.133309
0.13339
0.13347
0.133551
0.133632
0.133713
0.133793
0.133874
0.133954
0.134035
0.134116
0.134196
0.134277
0.134357
0.134438
0.134518
0.134599
0.134679
0.13476
0.13484
0.13492
0.135001
0.135081
0.135161
0.135242
0.135322
0.135402
0.135482
0.135562
0.135642
0.135723
0.135803
0.135883
0.135963
0.136043
0.136123
0.136203
0.136283
0.136362
0.136442
0.136522
0.136602
0.136682
0.136761
0.136841
0.136921
0.137001
0.13708
0.13716
0.137239
0.137319
0.137398
0.137478
0.137557
0.137637
0.137716
0.137795
0.137875
0.137954
0.138033
0.138112
0.138192
0.138271
0.13835
0.138429
0.138508
0.138587
0.138666
0.138745
0.138824
0.138903
0.138982
0.13906
0.139139
0.139218
0.139297
0.139375
0.139454
0.139533
0.139611
0.13969
0.139768
0.139847
0.139925
0.140003
0.140082
0.14016
0.140238
0.140317
0.140395
0.140473
0.140551
0.140629
0.140707
0.140785
0.140863
0.140941
0.141019
0.141097
0.141175
0.141252
0.14133
0.141408
0.141485
0.141563
0.14164
0.141718
0.141795
0.141873
0.14195
0.142028
0.142105
0.142182
0.142259
0.142337
0.142414
0.142491
0.142568
0.142645
0.142722
0.142799
0.142875
0.142952
0.143029
0.143106
0.143182
0.143259
0.143336
0.143412
0.143489
0.143565
0.143642
0.143718
0.143794
0.14387
0.143947
0.144023
0.144099
0.144175
0.144251
0.144327
0.144403
0.144479
0.144555
0.14463
0.144706
0.144782
0.144857
0.144933
0.145008
0.145084
0.145159
0.145235
0.14531
0.145385
0.145461
0.145536
0.145611
0.145686
0.145761
0.145836
0.145911
0.145986
0.14606
0.146135
0.14621
0.146284
0.146359
0.146434
0.146508
0.146582
0.146657
0.146731
0.146805
0.14688
0.146954
0.147028
0.147102
0.147176
0.14725
0.147324
0.147397
0.147471
0.147545
0.147619
0.147692
0.147766
0.147839
0.147913
0.147986
0.148059
0.148132
0.148206
0.148279
0.148352
0.148425
0.148498
0.148571
0.148643
0.148716
0.148789
0.148862
0.148934
0.149007
0.149079
0.149151
0.149224
0.149296
0.149368
0.14944
0.149512
0.149585
0.149656
0.149728
0.1498
0.149872
0.149944
0.150015
0.150087
0.150158
0.15023
0.150301
0.150373
0.150444
0.150515
0.150586
0.150657
0.150728
0.150799
0.15087
0.150941
0.151012
0.151082
0.151153
0.151223
0.151294
0.151364
0.151435
0.151505
0.151575
0.151645
0.151715
0.151785
0.151855
0.151925
0.151995
0.152065
0.152134
0.152204
0.152273
0.152343
0.152412
0.152481
0.152551
0.15262
0.152689
0.152758
0.152827
0.152896
0.152965
0.153033
0.153102
0.153171
0.153239
0.153308
0.153376
0.153444
0.153513
0.153581
0.153649
0.153717
0.153785
0.153853
0.153921
0.153988
0.154056
0.154123
0.154191
0.154258
0.154326
0.154393
0.15446
0.154527
0.154594
0.154661
0.154728
0.154795
0.154862
0.154929
0.154995
0.155062
0.155128
0.155195
0.155261
0.155327
0.155393
0.155459
0.155525
0.155591
0.155657
0.155723
0.155789
0.155854
0.15592
0.155985
0.156051
0.156116
0.156181
0.156246
0.156311
0.156376
0.156441
0.156506
0.156571
0.156636
0.1567
0.156765
0.156829
0.156893
0.156958
0.157022
0.157086
0.15715
0.157214
0.157278
0.157342
0.157405
0.157469
0.157533
0.157596
0.157659
0.157723
0.157786
0.157849
0.157912
0.157975
0.158038
0.158101
0.158164
0.158226
0.158289
0.158351
0.158414
0.158476
0.158539
0.158601
0.158663
0.158725
0.158787
0.158849
0.15891
0.158972
0.159034
0.159095
0.159157
0.159218
0.159279
0.15934
0.159402
0.159463
0.159524
0.159584
0.159645
0.159706
0.159767
0.159827
0.159888
0.159948
0.160008
0.160068
0.160128
0.160189
0.160248
0.160308
0.160368
0.160428
0.160487
0.160547
0.160606
0.160666
0.160725
0.160784
0.160844
0.160903
0.160962
0.16102
0.161079
0.161138
0.161197
0.161255
0.161314
0.161372
0.16143
0.161488
0.161547
0.161605
0.161663
0.161721
0.161778
0.161836
0.161894
0.161951
0.162009
0.162066
0.162123
0.162181
0.162238
0.162295
0.162352
0.162409
0.162466
0.162522
0.162579
0.162636
0.162692
0.162749
0.162805
0.162861
0.162917
0.162973
0.163029
0.163085
0.163141
0.163197
0.163253
0.163308
0.163364
0.163419
0.163475
0.16353
0.163585
0.16364
0.163695
0.16375
0.163805
0.16386
0.163915
0.163969
0.164024
0.164078
0.164133
0.164187
0.164241
0.164296
0.16435
0.164404
0.164458
0.164512
0.164565
0.164619
0.164673
0.164726
0.16478
0.164833
0.164886
0.16494
0.164993
0.165046
0.165099
0.165152
0.165205
0.165258
0.16531
0.165363
0.165415
0.165468
0.16552
0.165573
0.165625
0.165677
0.165729
0.165781
0.165833
0.165885
0.165937
0.165989
0.16604
0.166092
0.166143
0.166195
0.166246
0.166298
0.166349
0.1664
0.166451
0.166502
0.166553
0.166604
0.166655
0.166705
0.166756
0.166807
0.166857
0.166908
0.166958
0.167008
0.167058
0.167109
0.167159
0.167209
0.167259
0.167309
0.167358
0.167408
0.167458
0.167507
0.167557
0.167606
0.167656
0.167705
0.167754
0.167804
0.167853
0.167902
0.167951
0.168
0.168049
0.168097
0.168146
0.168195
0.168243
0.168292
0.16834
0.168389
0.168437
0.168485
0.168534
0.168582
0.16863
0.168678
0.168726
0.168774
0.168822
0.168869
0.168917
0.168965
0.169012
0.16906
0.169107
0.169155
0.169202
0.169249
0.169297
0.169344
0.169391
0.169438
0.169485
0.169532
0.169579
0.169625
0.169672
0.169719
0.169766
0.169812
0.169859
0.169905
0.169951
0.169998
0.170044
0.17009
0.170136
0.170182
0.170229
0.170275
0.17032
0.170366
0.170412
0.170458
0.170504
0.170549
0.170595
0.17064
0.170686
0.170731
0.170777
0.170822
0.170867
0.170912
0.170958
0.171003
0.171048
0.171093
0.171138
0.171183
0.171227
0.171272
0.171317
0.171362
0.171406
0.171451
0.171495
0.17154
0.171584
0.171629
0.171673
0.171717
0.171762
0.171806
0.17185
0.171894
0.171938
0.171982
0.172026
0.17207
0.172114
0.172157
0.172201
0.172245
0.172288
0.172332
0.172375
0.172419
0.172462
0.172506
0.172549
0.172592
0.172636
0.172679
0.172722
0.172765
0.172808
0.172851
0.172894
0.172937
0.17298
0.173023
0.173066
0.173108
0.173151
0.173194
0.173236
0.173279
0.173322
0.173364
0.173407
0.173449
0.173491
0.173534
0.173576
0.173618
0.17366
0.173702
0.173744
0.173787
0.173829
0.173871
0.173912
0.173954
0.173996
0.174038
0.17408
0.174122
0.174163
0.174205
0.174246
0.174288
0.17433
0.174371
0.174412
0.174454
0.174495
0.174537
0.174578
0.174619
0.17466
0.174701
0.174743
0.174784
0.174825
0.174866
0.174907
0.174948
0.174988
0.175029
0.17507
0.175111
0.175152
0.175192
0.175233
0.175274
0.175314
0.175355
0.175395
0.175436
0.175476
0.175517
0.175557
0.175597
0.175638
0.175678
0.175718
0.175758
0.175799
0.175839
0.175879
0.175919
0.175959
0.175999
0.176039
0.176079
0.176119
0.176158
0.176198
0.176238
0.176278
0.176318
0.176357
0.176397
0.176436
0.176476
0.176516
0.176555
0.176595
0.176634
0.176673
0.176713
0.176752
0.176791
0.176831
0.17687
0.176909
0.176948
0.176988
0.177027
0.177066
0.177105
0.177144
0.177183
0.177222
0.177261
0.1773
0.177338
0.177377
0.177416
0.177455
0.177494
0.177532
0.177571
0.17761
0.177648
0.177687
0.177725
0.177764
0.177802
0.177841
0.177879
0.177918
0.177956
0.177995
0.178033
0.178071
0.178109
0.178148
0.178186
0.178224
0.178262
0.1783
0.178338
0.178376
0.178414
0.178452
0.17849
0.178528
0.178566
0.178604
0.178642
0.17868
0.178718
0.178755
0.178793
0.178831
0.178869
0.178906
0.178944
0.178982
0.179019
0.179057
0.179094
0.179132
0.179169
0.179207
0.179244
0.179281
0.179319
0.179356
0.179393
0.179431
0.179468
0.179505
0.179542
0.17958
0.179617
0.179654
0.179691
0.179728
0.179765
0.179802
0.179839
0.179876
0.179913
0.17995
0.179987
0.180024
0.180061
0.180097
0.180134
0.180171
0.180208
0.180244
0.180281
0.180318
0.180354
0.180391
0.180428
0.180464
0.180501
0.180537
0.180574
0.18061
0.180647
0.180683
0.18072
0.180756
0.180792
0.180829
0.180865
0.180901
0.180937
0.180974
0.18101
0.181046
0.181082
0.181118
0.181154
0.18119
0.181227
0.181263
0.181299
0.181335
0.181371
0.181407
0.181442
0.181478
0.181514
0.18155
0.181586
0.181622
0.181657
0.181693
0.181729
0.181765
0.1818
0.181836
0.181872
0.181907
0.181943
0.181978
0.182014
0.18205
0.182085
0.182121
0.182156
0.182191
0.182227
0.182262
0.182298
0.182333
0.182368
0.182404
0.182439
0.182474
0.182509
0.182545
0.18258
0.182615
0.18265
0.182685
0.18272
0.182756
0.182791
0.182826
0.182861
0.182896
0.182931
0.182966
0.183001
0.183036
0.18307
0.183105
0.18314
0.183175
0.18321
0.183245
0.183279
0.183314
0.183349
0.183384
0.183418
0.183453
0.183488
0.183522
0.183557
0.183591
0.183626
0.18366
0.183695
0.18373
0.183764
0.183798
0.183833
0.183867
0.183902
0.183936
0.18397
0.184005
0.184039
0.184073
0.184108
0.184142
0.184176
0.18421
0.184245
0.184279
0.184313
0.184347
0.184381
0.184415
0.184449
0.184483
0.184518
0.184552
0.184586
0.18462
0.184653
0.184687
0.184721
0.184755
0.184789
0.184823
0.184857
0.184891
0.184924
0.184958
0.184992
0.185026
0.18506
0.185093
0.185127
0.185161
0.185194
0.185228
0.185262
0.185295
0.185329
0.185362
0.185396
0.185429
0.185463
0.185496
0.18553
0.185563
0.185597
0.18563
0.185663
0.185697
0.18573
0.185763
0.185797
0.18583
0.185863
0.185897
0.18593
0.185963
0.185996
0.186029
0.186063
0.186096
0.186129
0.186162
0.186195
0.186228
0.186261
0.186294
0.186327
0.18636
0.186393
0.186426
0.186459
0.186492
0.186525
0.186558
0.186591
0.186624
0.186657
0.186689
0.186722
0.186755
0.186788
0.186821
0.186853
0.186886
0.186919
0.186951
0.186984
0.187017
0.187049
0.187082
0.187115
0.187147
0.18718
0.187212
0.187245
0.187277
0.18731
0.187342
0.187375
0.187407
0.18744
0.187472
0.187504
0.187537
0.187569
0.187601
0.187634
0.187666
0.187698
0.187731
0.187763
0.187795
0.187827
0.187859
0.187892
0.187924
0.187956
0.187988
0.18802
0.188052
0.188084
0.188116
0.188149
0.188181
0.188213
0.188245
0.188277
0.188309
0.18834
0.188372
0.188404
0.188436
0.188468
0.1885
0.188532
0.188564
0.188595
0.188627
0.188659
0.188691
0.188723
0.188754
0.188786
0.188818
0.188849
0.188881
0.188913
0.188944
0.188976
0.189008
0.189039
0.189071
0.189102
0.189134
0.189165
0.189197
0.189228
0.18926
0.189291
0.189323
0.189354
0.189386
0.189417
0.189448
0.18948
0.189511
0.189542
0.189574
0.189605
0.189636
0.189668
0.189699
0.18973
0.189761
0.189793
0.189824
0.189855
0.189886
0.189917
0.189948
0.18998
0.190011
0.190042
0.190073
0.190104
0.190135
0.190166
0.190197
0.190228
0.190259
0.19029
0.190321
0.190352
0.190383
0.190414
0.190444
0.190475
0.190506
0.190537
0.190568
0.190599
0.190629
0.19066
0.190691
0.190722
0.190752
0.190783
0.190814
0.190845
0.190875
0.190906
0.190937
0.190967
0.190998
0.191028
0.191059
0.19109
0.19112
0.191151
0.191181
0.191212
0.191242
0.191273
0.191303
0.191334
0.191364
0.191394
0.191425
0.191455
0.191486
0.191516
0.191546
0.191577
0.191607
0.191637
0.191668
0.191698
0.191728
0.191758
0.191789
0.191819
0.191849
0.191879
0.19191
0.19194
0.19197
0.192
0.19203
0.19206
0.19209
0.19212
0.19215
0.192181
0.192211
0.192241
0.192271
0.192301
0.192331
0.192361
0.192391
0.19242
0.19245
0.19248
0.19251
0.19254
0.19257
0.1926
0.19263
0.19266
0.192689
0.192719
0.192749
0.192779
0.192808
0.192838
0.192868
0.192898
0.192927
0.192957
0.192987
0.193016
0.193046
0.193076
0.193105
0.193135
0.193165
0.193194
0.193224
0.193253
0.193283
0.193312
0.193342
0.193371
0.193401
0.19343
0.19346
0.193489
0.193519
0.193548
0.193578
0.193607
0.193636
0.193666
0.193695
0.193725
0.193754
0.193783
0.193812
0.193842
0.193871
0.1939
0.19393
0.193959
0.193988
0.194017
0.194047
0.194076
0.194105
0.194134
0.194163
0.194192
0.194221
0.194251
0.19428
0.194309
0.194338
0.194367
0.194396
0.194425
0.194454
0.194483
0.194512
0.194541
0.19457
0.194599
0.194628
0.194657
0.194686
0.194715
0.194744
0.194773
0.194801
0.19483
0.194859
0.194888
0.194917
0.194946
0.194974
0.195003
0.195032
0.195061
0.19509
0.195118
0.195147
0.195176
0.195204
0.195233
0.195262
0.19529
0.195319
0.195348
0.195376
0.195405
0.195434
0.195462
0.195491
0.195519
0.195548
0.195577
0.195605
0.195634
0.195662
0.195691
0.195719
0.195748
0.195776
0.195804
0.195833
0.195861
0.19589
0.195918
0.195947
0.195975
0.196003
0.196032
0.19606
0.196088
0.196117
0.196145
0.196173
0.196202
0.19623
0.196258
0.196286
0.196315
0.196343
0.196371
0.196399
0.196427
0.196456
0.196484
0.196512
0.19654
0.196568
0.196596
0.196625
0.196653
0.196681
0.196709
0.196737
0.196765
0.196793
0.196821
0.196849
0.196877
0.196905
0.196933
0.196961
0.196989
0.197017
0.197045
0.197073
0.197101
0.197129
0.197157
0.197185
0.197212
0.19724
0.197268
0.197296
0.197324
0.197352
0.19738
0.197407
0.197435
0.197463
0.197491
0.197518
0.197546
0.197574
0.197602
0.197629
0.197657
0.197685
0.197713
0.19774
0.197768
0.197796
0.197823
0.197851
0.197878
0.197906
0.197934
0.197961
0.197989
0.198016
0.198044
0.198071
0.198099
0.198127
0.198154
0.198182
0.198209
0.198237
0.198264
0.198292
0.198319
0.198346
0.198374
0.198401
0.198429
0.198456
0.198484
0.198511
0.198538
0.198566
0.198593
0.19862
0.198648
0.198675
0.198702
0.19873
0.198757
0.198784
0.198811
0.198839
0.198866
0.198893
0.19892
0.198948
0.198975
0.199002
0.199029
0.199056
0.199084
0.199111
0.199138
0.199165
0.199192
0.199219
0.199247
0.199274
0.199301
0.199328
0.199355
0.199382
0.199409
0.199436
0.199463
0.19949
0.199517
0.199544
0.199571
0.199598
0.199625
0.199652
0.199679
0.199706
0.199733
0.19976
0.199787
0.199814
0.199841
0.199867
0.199894
0.199921
0.199948
0.199975
0.200002
0.200029
0.200055
0.200082
0.200109
0.200136
0.200163
0.200189
0.200216
0.200243
0.20027
0.200297
0.200323
0.20035
0.200377
0.200403
0.20043
0.200457
0.200483
0.20051
0.200537
0.200563
0.20059
0.200617
0.200643
0.20067
0.200697
0.200723
0.20075
0.200776
0.200803
0.200829
0.200856
0.200883
0.200909
0.200936
0.200962
0.200989
0.201015
0.201042
0.201068
0.201095
0.201121
0.201148
0.201174
0.2012
0.201227
0.201253
0.20128
0.201306
0.201333
0.201359
0.201385
0.201412
0.201438
0.201464
0.201491
0.201517
0.201543
0.20157
0.201596
0.201622
0.201649
0.201675
0.201701
0.201727
0.201754
0.20178
0.201806
0.201832
0.201859
0.201885
0.201911
0.201937
0.201963
0.20199
0.202016
0.202042
0.202068
0.202094
0.20212
0.202147
0.202173
0.202199
0.202225
0.202251
0.202277
0.202303
0.202329
0.202355
0.202381
0.202407
0.202434
0.20246
0.202486
0.202512
0.202538
0.202564
0.20259
0.202616
0.202642
0.202668
0.202694
0.202719
0.202745
0.202771
0.202797
0.202823
0.202849
0.202875
0.202901
0.202927
0.202953
0.202979
0.203004
0.20303
0.203056
0.203082
0.203108
0.203134
0.20316
0.203185
0.203211
0.203237
0.203263
0.203289
0.203314
0.20334
0.203366
0.203392
0.203417
0.203443
0.203469
0.203495
0.20352
0.203546
0.203572
0.203597
0.203623
0.203649
0.203674
0.2037
0.203726
0.203751
0.203777
0.203803
0.203828
0.203854
0.20388
0.203905
0.203931
0.203956
0.203982
0.204007
0.204033
0.204059
0.204084
0.20411
0.204135
0.204161
0.204186
0.204212
0.204237
0.204263
0.204288
0.204314
0.204339
0.204365
0.20439
0.204416
0.204441
0.204467
0.204492
0.204517
0.204543
0.204568
0.204594
0.204619
0.204645
0.20467
0.204695
0.204721
0.204746
0.204771
0.204797
0.204822
0.204847
0.204873
0.204898
0.204923
0.204949
0.204974
0.204999
0.205025
0.20505
0.205075
0.205101
0.205126
0.205151
0.205176
0.205202
0.205227
0.205252
0.205277
0.205302
0.205328
0.205353
0.205378
0.205403
0.205428
0.205454
0.205479
0.205504
0.205529
0.205554
0.205579
0.205605
0.20563
0.205655
0.20568
0.205705
0.20573
0.205755
0.20578
0.205805
0.205831
0.205856
0.205881
0.205906
0.205931
0.205956
0.205981
0.206006
0.206031
0.206056
0.206081
0.206106
0.206131
0.206156
0.206181
0.206206
0.206231
0.206256
0.206281
0.206306
0.206331
0.206356
0.206381
0.206406
0.206431
0.206455
0.20648
0.206505
0.20653
0.206555
0.20658
0.206605
0.20663
0.206655
0.206679
0.206704
0.206729
0.206754
0.206779
0.206804
0.206829
0.206853
0.206878
0.206903
0.206928
0.206953
0.206977
0.207002
0.207027
0.207052
0.207076
0.207101
0.207126
0.207151
0.207176
0.2072
0.207225
0.20725
0.207274
0.207299
0.207324
0.207349
0.207373
0.207398
0.207423
0.207447
0.207472
0.207497
0.207521
0.207546
0.207571
0.207595
0.20762
0.207645
0.207669
0.207694
0.207718
0.207743
0.207768
0.207792
0.207817
0.207841
0.207866
0.207891
0.207915
0.20794
0.207964
0.207989
0.208013
0.208038
0.208062
0.208087
0.208111
0.208136
0.20816
0.208185
0.20821
0.208234
0.208258
0.208283
0.208307
0.208332
0.208356
0.208381
0.208405
0.20843
0.208454
0.208479
0.208503
0.208528
0.208552
0.208576
0.208601
0.208625
0.20865
0.208674
0.208698
0.208723
0.208747
0.208772
0.208796
0.20882
0.208845
0.208869
0.208893
0.208918
0.208942
0.208966
0.208991
0.209015
0.209039
0.209064
0.209088
0.209112
0.209136
0.209161
0.209185
0.209209
0.209234
0.209258
0.209282
0.209306
0.209331
0.209355
0.209379
0.209403
0.209428
0.209452
0.209476
0.2095
0.209524
0.209549
0.209573
0.209597
0.209621
0.209645
0.20967
0.209694
0.209718
0.209742
0.209766
0.20979
0.209815
0.209839
0.209863
0.209887
0.209911
0.209935
0.209959
0.209983
0.210008
0.210032
0.210056
0.21008
0.210104
0.210128
0.210152
0.210176
0.2102
0.210224
0.210248
0.210272
0.210296
0.210321
0.210345
0.210369
0.210393
0.210417
0.210441
0.210465
0.210489
0.210513
0.210537
0.210561
0.210585
0.210609
0.210633
0.210657
0.210681
0.210705
0.210728
0.210752
0.210776
0.2108
0.210824
0.210848
0.210872
0.210896
0.21092
0.210944
0.210968
0.210992
0.211016
0.211039
0.211063
0.211087
0.211111
0.211135
0.211159
0.211183
0.211207
0.21123
0.211254
0.211278
0.211302
0.211326
0.21135
0.211373
0.211397
0.211421
0.211445
0.211469
0.211492
0.211516
0.21154
0.211564
0.211588
0.211611
0.211635
0.211659
0.211683
0.211706
0.21173
0.211754
0.211778
0.211801
0.211825
0.211849
0.211873
0.211896
0.21192
0.211944
0.211968
0.211991
0.212015
0.212039
0.212062
0.212086
0.21211
0.212133
0.212157
0.212181
0.212204
0.212228
0.212252
0.212275
0.212299
0.212323
0.212346
0.21237
0.212393
0.212417
0.212441
0.212464
0.212488
0.212511
0.212535
0.212559
0.212582
0.212606
0.212629
0.212653
0.212676
0.2127
0.212724
0.212747
0.212771
0.212794
0.212818
0.212841
0.212865
0.212888
0.212912
0.212935
0.212959
0.212982
0.213006
0.213029
0.213053
0.213076
0.2131
0.213123
0.213147
0.21317
0.213194
0.213217
0.213241
0.213264
0.213288
0.213311
0.213334
0.213358
0.213381
0.213405
0.213428
0.213452
0.213475
0.213498
0.213522
0.213545
0.213569
0.213592
0.213615
0.213639
0.213662
0.213685
0.213709
0.213732
0.213756
0.213779
0.213802
0.213826
0.213849
0.213872
0.213896
0.213919
0.213942
0.213966
0.213989
0.214012
0.214035
0.214059
0.214082
0.214105
0.214129
0.214152
0.214175
0.214198
0.214222
0.214245
0.214268
0.214291
0.214315
0.214338
0.214361
0.214384
0.214408
0.214431
0.214454
0.214477
0.2145
0.214524
0.214547
0.21457
0.214593
0.214616
0.21464
0.214663
0.214686
0.214709
0.214732
0.214755
0.214779
0.214802
0.214825
0.214848
0.214871
0.214894
0.214917
0.214941
0.214964
0.214987
0.21501
0.215033
0.215056
0.215079
0.215102
0.215125
0.215148
0.215172
0.215195
0.215218
0.215241
0.215264
0.215287
0.21531
0.215333
0.215356
0.215379
0.215402
0.215425
0.215448
0.215471
0.215494
0.215517
0.21554
0.215563
0.215586
0.215609
0.215632
0.215655
0.215678
0.215701
0.215724
0.215747
0.21577
0.215793
0.215816
0.215839
0.215862
0.215885
0.215908
0.215931
0.215953
0.215976
0.215999
0.216022
0.216045
0.216068
0.216091
0.216114
0.216137
0.21616
0.216182
0.216205
0.216228
0.216251
0.216274
0.216297
0.21632
0.216342
0.216365
0.216388
0.216411
0.216434
0.216457
0.216479
0.216502
0.216525
0.216548
0.216571
0.216593
0.216616
0.216639
0.216662
0.216685
0.216707
0.21673
0.216753
0.216776
0.216798
0.216821
0.216844
0.216867
0.216889
0.216912
0.216935
0.216957
0.21698
0.217003
0.217026
0.217048
0.217071
0.217094
0.217116
0.217139
0.217162
0.217184
0.217207
0.21723
0.217252
0.217275
0.217298
0.21732
0.217343
0.217366
0.217388
0.217411
0.217433
0.217456
0.217479
0.217501
0.217524
0.217547
0.217569
0.217592
0.217614
0.217637
0.217659
0.217682
0.217705
0.217727
0.21775
0.217772
0.217795
0.217817
0.21784
0.217862
0.217885
0.217907
0.21793
0.217952
0.217975
0.217997
0.21802
0.218042
0.218065
0.218087
0.21811
0.218132
0.218155
0.218177
0.2182
0.218222
0.218245
0.218267
0.218289
0.218312
0.218334
0.218357
0.218379
0.218402
0.218424
0.218446
0.218469
0.218491
0.218514
0.218536
0.218558
0.218581
0.218603
0.218625
0.218648
0.21867
0.218692
0.218715
0.218737
0.21876
0.218782
0.218804
0.218826
0.218849
0.218871
0.218893
0.218916
0.218938
0.21896
0.218983
0.219005
0.219027
0.219049
0.219072
0.219094
0.219116
0.219138
0.219161
0.219183
0.219205
0.219227
0.21925
0.219272
0.219294
0.219316
0.219338
0.219361
0.219383
0.219405
0.219427
0.219449
0.219472
0.219494
0.219516
0.219538
0.21956
0.219582
0.219604
0.219627
0.219649
0.219671
0.219693
0.219715
0.219737
0.219759
0.219781
0.219803
0.219826
0.219848
0.21987
0.219892
0.219914
0.219936
0.219958
0.21998
0.220002
0.220024
0.220046
0.220068
0.22009
0.220112
0.220134
0.220156
0.220178
0.2202
0.220222
0.220244
0.220266
0.220288
0.22031
0.220332
0.220354
0.220376
0.220398
0.22042
0.220442
0.220464
0.220486
0.220508
0.22053
0.220552
0.220574
0.220595
0.220617
0.220639
0.220661
0.220683
0.220705
0.220727
0.220749
0.22077
0.220792
0.220814
0.220836
0.220858
0.22088
0.220902
0.220923
0.220945
0.220967
0.220989
0.221011
0.221032
0.221054
0.221076
0.221098
0.22112
0.221141
0.221163
0.221185
0.221207
0.221228
0.22125
0.221272
0.221294
0.221315
0.221337
0.221359
0.22138
0.221402
0.221424
0.221445
0.221467
0.221489
0.221511
0.221532
0.221554
0.221576
0.221597
0.221619
0.22164
0.221662
0.221684
0.221705
0.221727
0.221749
0.22177
0.221792
0.221813
0.221835
0.221857
0.221878
0.2219
0.221921
0.221943
0.221964
0.221986
0.222007
0.222029
0.222051
0.222072
0.222094
0.222115
0.222137
0.222158
0.22218
0.222201
0.222223
0.222244
0.222266
0.222287
0.222309
0.22233
0.222351
0.222373
0.222394
0.222416
0.222437
0.222459
0.22248
0.222501
0.222523
0.222544
0.222566
0.222587
0.222608
0.22263
0.222651
0.222673
0.222694
0.222715
0.222737
0.222758
0.222779
0.222801
0.222822
0.222843
0.222865
0.222886
0.222907
0.222928
0.22295
0.222971
0.222992
0.223014
0.223035
0.223056
0.223077
0.223099
0.22312
0.223141
0.223162
0.223183
0.223205
0.223226
0.223247
0.223268
0.22329
0.223311
0.223332
0.223353
0.223374
0.223395
0.223417
0.223438
0.223459
0.22348
0.223501
0.223522
0.223543
0.223564
0.223586
0.223607
0.223628
0.223649
0.22367
0.223691
0.223712
0.223733
0.223754
0.223775
0.223796
0.223817
0.223838
0.223859
0.22388
0.223901
0.223922
0.223943
0.223964
0.223985
0.224006
0.224027
0.224048
0.224069
0.22409
0.224111
0.224132
0.224153
0.224174
0.224195
0.224216
0.224237
0.224258
0.224279
0.224299
0.22432
0.224341
0.224362
0.224383
0.224404
0.224425
0.224446
0.224466
0.224487
0.224508
0.224529
0.22455
0.224571
0.224591
0.224612
0.224633
0.224654
0.224675
0.224695
0.224716
0.224737
0.224758
0.224778
0.224799
0.22482
0.224841
0.224861
0.224882
0.224903
0.224923
0.224944
0.224965
0.224985
0.225006
0.225027
0.225047
0.225068
0.225089
0.225109
0.22513
0.225151
0.225171
0.225192
0.225213
0.225233
0.225254
0.225274
0.225295
0.225315
0.225336
0.225357
0.225377
0.225398
0.225418
0.225439
0.225459
0.22548
0.2255
0.225521
0.225541
0.225562
0.225582
0.225603
0.225623
0.225644
0.225664
0.225685
0.225705
0.225726
0.225746
0.225767
0.225787
0.225807
0.225828
0.225848
0.225869
0.225889
0.225909
0.22593
0.22595
0.225971
0.225991
0.226011
0.226032
0.226052
0.226072
0.226093
0.226113
0.226133
0.226154
0.226174
0.226194
0.226214
0.226235
0.226255
0.226275
0.226295
0.226316
0.226336
0.226356
0.226376
0.226397
0.226417
0.226437
0.226457
0.226477
0.226498
0.226518
0.226538
0.226558
0.226578
0.226598
0.226619
0.226639
0.226659
0.226679
0.226699
0.226719
0.226739
0.226759
0.22678
0.2268
0.22682
0.22684
0.22686
0.22688
0.2269
0.22692
0.22694
0.22696
0.22698
0.227
0.22702
0.22704
0.22706
0.22708
0.2271
0.22712
0.22714
0.22716
0.22718
0.2272
0.22722
0.22724
0.22726
0.22728
0.2273
0.227319
0.227339
0.227359
0.227379
0.227399
0.227419
0.227439
0.227459
0.227478
0.227498
0.227518
0.227538
0.227558
0.227578
0.227597
0.227617
0.227637
0.227657
0.227677
0.227696
0.227716
0.227736
0.227756
0.227775
0.227795
0.227815
0.227834
0.227854
0.227874
0.227894
0.227913
0.227933
0.227953
0.227972
0.227992
0.228012
0.228031
0.228051
0.228071
0.22809
0.22811
0.228129
0.228149
0.228169
0.228188
0.228208
0.228227
0.228247
0.228267
0.228286
0.228306
0.228325
0.228345
0.228364
0.228384
0.228403
0.228423
0.228442
0.228462
0.228481
0.228501
0.22852
0.22854
0.228559
0.228578
0.228598
0.228617
0.228637
0.228656
0.228676
0.228695
0.228714
0.228734
0.228753
0.228773
0.228792
0.228811
0.228831
0.22885
0.228869
0.228889
0.228908
0.228927
0.228947
0.228966
0.228985
0.229004
0.229024
0.229043
0.229062
0.229081
0.229101
0.22912
0.229139
0.229158
0.229178
0.229197
0.229216
0.229235
0.229254
0.229274
0.229293
0.229312
0.229331
0.22935
0.229369
0.229389
0.229408
0.229427
0.229446
0.229465
0.229484
0.229503
0.229522
0.229541
0.22956
0.229579
0.229599
0.229618
0.229637
0.229656
0.229675
0.229694
0.229713
0.229732
0.229751
0.22977
0.229789
0.229808
0.229827
0.229846
0.229864
0.229883
0.229902
0.229921
0.22994
0.229959
0.229978
0.229997
0.230016
0.230035
0.230054
0.230072
0.230091
0.23011
0.230129
0.230148
0.230167
0.230185
0.230204
0.230223
0.230242
0.230261
0.230279
0.230298
0.230317
0.230336
0.230354
0.230373
0.230392
0.230411
0.230429
0.230448
0.230467
0.230485
0.230504
0.230523
0.230542
0.23056
0.230579
0.230597
0.230616
0.230635
0.230653
0.230672
0.230691
0.230709
0.230728
0.230746
0.230765
0.230784
0.230802
0.230821
0.230839
0.230858
0.230876
0.230895
0.230913
0.230932
0.23095
0.230969
0.230987
0.231006
0.231024
0.231043
0.231061
0.23108
0.231098
0.231117
0.231135
0.231153
0.231172
0.23119
0.231209
0.231227
0.231245
0.231264
0.231282
0.2313
0.231319
0.231337
0.231356
0.231374
0.231392
0.23141
0.231429
0.231447
0.231465
0.231484
0.231502
0.23152
0.231538
0.231557
0.231575
0.231593
0.231611
0.23163
0.231648
0.231666
0.231684
0.231702
0.231721
0.231739
0.231757
0.231775
0.231793
0.231811
0.231829
0.231848
0.231866
0.231884
0.231902
0.23192
0.231938
0.231956
0.231974
0.231992
0.23201
0.232028
0.232046
0.232064
0.232082
0.2321
0.232118
0.232136
0.232154
0.232172
0.23219
0.232208
0.232226
0.232244
0.232262
0.23228
0.232298
0.232316
0.232334
0.232352
0.23237
0.232388
0.232405
0.232423
0.232441
0.232459
0.232477
0.232495
0.232513
0.23253
0.232548
0.232566
0.232584
0.232602
0.232619
0.232637
0.232655
0.232673
0.23269
0.232708
0.232726
0.232744
0.232761
0.232779
0.232797
0.232814
0.232832
0.23285
0.232867
0.232885
0.232903
0.23292
0.232938
0.232956
0.232973
0.232991
0.233008
0.233026
0.233044
0.233061
0.233079
0.233096
0.233114
0.233132
0.233149
0.233167
0.233184
0.233202
0.233219
0.233237
0.233254
0.233272
0.233289
0.233307
0.233324
0.233341
0.233359
0.233376
0.233394
0.233411
0.233429
0.233446
0.233463
0.233481
0.233498
0.233516
0.233533
0.23355
0.233568
0.233585
0.233602
0.23362
0.233637
0.233654
0.233672
0.233689
0.233706
0.233723
0.233741
0.233758
0.233775
0.233792
0.23381
0.233827
0.233844
0.233861
0.233879
0.233896
0.233913
0.23393
0.233947
0.233964
0.233982
0.233999
0.234016
0.234033
0.23405
0.234067
0.234084
0.234101
0.234118
0.234136
0.234153
0.23417
0.234187
0.234204
0.234221
0.234238
0.234255
0.234272
0.234289
0.234306
0.234323
0.23434
0.234357
0.234374
0.234391
0.234408
0.234425
0.234442
0.234459
0.234475
0.234492
0.234509
0.234526
0.234543
0.23456
0.234577
0.234594
0.234611
0.234627
0.234644
0.234661
0.234678
0.234695
0.234711
0.234728
0.234745
0.234762
0.234779
0.234795
0.234812
0.234829
0.234846
0.234862
0.234879
0.234896
0.234912
0.234929
0.234946
0.234963
0.234979
0.234996
0.235013
0.235029
0.235046
0.235062
0.235079
0.235096
0.235112
0.235129
0.235145
0.235162
0.235179
0.235195
0.235212
0.235228
0.235245
0.235261
0.235278
0.235294
0.235311
0.235327
0.235344
0.23536
0.235377
0.235393
0.23541
0.235426
0.235443
0.235459
0.235476
0.235492
0.235508
0.235525
0.235541
0.235558
0.235574
0.23559
0.235607
0.235623
0.235639
0.235656
0.235672
0.235688
0.235705
0.235721
0.235737
0.235753
0.23577
0.235786
0.235802
0.235819
0.235835
0.235851
0.235867
0.235883
0.2359
0.235916
0.235932
0.235948
0.235964
0.235981
0.235997
0.236013
0.236029
0.236045
0.236061
0.236077
0.236094
0.23611
0.236126
0.236142
0.236158
0.236174
0.23619
0.236206
0.236222
0.236238
0.236254
0.23627
0.236286
0.236302
0.236318
0.236334
0.23635
0.236366
0.236382
0.236398
0.236414
0.23643
0.236446
0.236462
0.236478
0.236494
0.236509
0.236525
0.236541
0.236557
0.236573
0.236589
0.236605
0.236621
0.236636
0.236652
0.236668
0.236684
0.2367
0.236715
0.236731
0.236747
0.236763
0.236778
0.236794
0.23681
0.236826
0.236841
0.236857
0.236873
0.236888
0.236904
0.23692
0.236936
0.236951
0.236967
0.236982
0.236998
0.237014
0.237029
0.237045
0.237061
0.237076
0.237092
0.237107
0.237123
0.237138
0.237154
0.23717
0.237185
0.237201
0.237216
0.237232
0.237247
0.237263
0.237278
0.237294
0.237309
0.237325
0.23734
0.237355
0.237371
0.237386
0.237402
0.237417
0.237433
0.237448
0.237463
0.237479
0.237494
0.237509
0.237525
0.23754
0.237556
0.237571
0.237586
0.237601
0.237617
0.237632
0.237647
0.237663
0.237678
0.237693
0.237708
0.237724
0.237739
0.237754
0.237769
0.237785
0.2378
0.237815
0.23783
0.237845
0.237861
0.237876
0.237891
0.237906
0.237921
0.237936
0.237951
0.237966
0.237982
0.237997
0.238012
0.238027
0.238042
0.238057
0.238072
0.238087
0.238102
0.238117
0.238132
0.238147
0.238162
0.238177
0.238192
0.238207
0.238222
0.238237
0.238252
0.238267
0.238282
0.238297
0.238312
0.238327
0.238342
0.238356
0.238371
0.238386
0.238401
0.238416
0.238431
0.238446
0.23846
0.238475
0.23849
0.238505
0.23852
0.238535
0.238549
0.238564
0.238579
0.238594
0.238608
0.238623
0.238638
0.238653
0.238667
0.238682
0.238697
0.238711
0.238726
0.238741
0.238755
0.23877
0.238785
0.238799
0.238814
0.238829
0.238843
0.238858
0.238873
0.238887
0.238902
0.238916
0.238931
0.238945
0.23896
0.238975
0.238989
0.239004
0.239018
0.239033
0.239047
0.239062
0.239076
0.239091
0.239105
0.23912
0.239134
0.239148
0.239163
0.239177
0.239192
0.239206
0.239221
0.239235
0.239249
0.239264
0.239278
0.239292
0.239307
0.239321
0.239335
0.23935
0.239364
0.239378
0.239393
0.239407
0.239421
0.239436
0.23945
0.239464
0.239478
0.239493
0.239507
0.239521
0.239535
0.23955
0.239564
0.239578
0.239592
0.239606
0.23962
0.239635
0.239649
0.239663
0.239677
0.239691
0.239705
0.239719
0.239734
0.239748
0.239762
0.239776
0.23979
0.239804
0.239818
0.239832
0.239846
0.23986
0.239874
0.239888
0.239902
0.239916
0.23993
0.239944
0.239958
0.239972
0.239986
0.24
0.240014
0.240028
0.240042
0.240056
0.24007
0.240083
0.240097
0.240111
0.240125
0.240139
0.240153
0.240167
0.240181
0.240194
0.240208
0.240222
0.240236
0.24025
0.240263
0.240277
0.240291
0.240305
0.240318
0.240332
0.240346
0.24036
0.240373
0.240387
0.240401
0.240415
0.240428
0.240442
0.240456
0.240469
0.240483
0.240497
0.24051
0.240524
0.240537
0.240551
0.240565
0.240578
0.240592
0.240605
0.240619
0.240633
0.240646
0.24066
0.240673
0.240687
0.2407
0.240714
0.240727
0.240741
0.240754
0.240768
0.240781
0.240795
0.240808
0.240822
0.240835
0.240849
0.240862
0.240875
0.240889
0.240902
0.240916
0.240929
0.240942
0.240956
0.240969
0.240983
0.240996
0.241009
0.241023
0.241036
0.241049
0.241062
0.241076
0.241089
0.241102
0.241116
0.241129
0.241142
0.241155
0.241169
0.241182
0.241195
0.241208
0.241222
0.241235
0.241248
0.241261
0.241274
0.241287
0.241301
0.241314
0.241327
0.24134
0.241353
0.241366
0.241379
0.241392
0.241406
0.241419
0.241432
0.241445
0.241458
0.241471
0.241484
0.241497
0.24151
0.241523
0.241536
0.241549
0.241562
0.241575
0.241588
0.241601
0.241614
0.241627
0.24164
0.241653
0.241666
0.241679
0.241692
0.241704
0.241717
0.24173
0.241743
0.241756
0.241769
0.241782
0.241795
0.241807
0.24182
0.241833
0.241846
0.241859
0.241871
0.241884
0.241897
0.24191
0.241923
0.241935
0.241948
0.241961
0.241974
0.241986
0.241999
0.242012
0.242024
0.242037
0.24205
0.242063
0.242075
0.242088
0.242101
0.242113
0.242126
0.242138
0.242151
0.242164
0.242176
0.242189
0.242201
0.242214
0.242227
0.242239
0.242252
0.242264
0.242277
0.242289
0.242302
0.242314
0.242327
0.242339
0.242352
0.242364
0.242377
0.242389
0.242402
0.242414
0.242427
0.242439
0.242452
0.242464
0.242476
0.242489
0.242501
0.242514
0.242526
0.242538
0.242551
0.242563
0.242576
0.242588
0.2426
0.242613
0.242625
0.242637
0.242649
0.242662
0.242674
0.242686
0.242699
0.242711
0.242723
0.242735
0.242748
0.24276
0.242772
0.242784
0.242796
0.242809
0.242821
0.242833
0.242845
0.242857
0.24287
0.242882
0.242894
0.242906
0.242918
0.24293
0.242942
0.242954
0.242967
0.242979
0.242991
0.243003
0.243015
0.243027
0.243039
0.243051
0.243063
0.243075
0.243087
0.243099
0.243111
0.243123
0.243135
0.243147
0.243159
0.243171
0.243183
0.243195
0.243207
0.243219
0.243231
0.243243
0.243255
0.243266
0.243278
0.24329
0.243302
0.243314
0.243326
0.243338
0.243349
0.243361
0.243373
0.243385
0.243397
0.243409
0.24342
0.243432
0.243444
0.243456
0.243468
0.243479
0.243491
0.243503
0.243515
0.243526
0.243538
0.24355
0.243561
0.243573
0.243585
0.243596
0.243608
0.24362
0.243631
0.243643
0.243655
0.243666
0.243678
0.24369
0.243701
0.243713
0.243724
0.243736
0.243748
0.243759
0.243771
0.243782
0.243794
0.243805
0.243817
0.243828
0.24384
0.243851
0.243863
0.243874
0.243886
0.243897
0.243909
0.24392
0.243932
0.243943
0.243955
0.243966
0.243978
0.243989
0.244
0.244012
0.244023
0.244035
0.244046
0.244057
0.244069
0.24408
0.244091
0.244103
0.244114
0.244125
0.244137
0.244148
0.244159
0.244171
0.244182
0.244193
0.244204
0.244216
0.244227
0.244238
0.244249
0.244261
0.244272
0.244283
0.244294
0.244306
0.244317
0.244328
0.244339
0.24435
0.244361
0.244373
0.244384
0.244395
0.244406
0.244417
0.244428
0.244439
0.244451
0.244462
0.244473
0.244484
0.244495
0.244506
0.244517
0.244528
0.244539
0.24455
0.244561
0.244572
0.244583
0.244594
0.244605
0.244616
0.244627
0.244638
0.244649
0.24466
0.244671
0.244682
0.244693
0.244704
0.244715
0.244726
0.244737
0.244748
0.244758
0.244769
0.24478
0.244791
0.244802
0.244813
0.244824
0.244834
0.244845
0.244856
0.244867
0.244878
0.244889
0.244899
0.24491
0.244921
0.244932
0.244942
0.244953
0.244964
0.244975
0.244985
0.244996
0.245007
0.245018
0.245028
0.245039
0.24505
0.24506
0.245071
0.245082
0.245092
0.245103
0.245114
0.245124
0.245135
0.245146
0.245156
0.245167
0.245177
0.245188
0.245199
0.245209
0.24522
0.24523
0.245241
0.245252
0.245262
0.245273
0.245283
0.245294
0.245304
0.245315
0.245325
0.245336
0.245346
0.245357
0.245367
0.245378
0.245388
0.245398
0.245409
0.245419
0.24543
0.24544
0.245451
0.245461
0.245471
0.245482
0.245492
0.245503
0.245513
0.245523
0.245534
0.245544
0.245554
0.245565
0.245575
0.245585
0.245596
0.245606
0.245616
0.245627
0.245637
0.245647
0.245657
0.245668
0.245678
0.245688
0.245698
0.245709
0.245719
0.245729
0.245739
0.245749
0.24576
0.24577
0.24578
0.24579
0.2458
0.245811
0.245821
0.245831
0.245841
0.245851
0.245861
0.245871
0.245881
0.245892
0.245902
0.245912
0.245922
0.245932
0.245942
0.245952
0.245962
0.245972
0.245982
0.245992
0.246002
0.246012
0.246022
0.246032
0.246042
0.246052
0.246062
0.246072
0.246082
0.246092
0.246102
0.246112
0.246122
0.246132
0.246142
0.246152
0.246162
0.246172
0.246181
0.246191
0.246201
0.246211
0.246221
0.246231
0.246241
0.24625
0.24626
0.24627
0.24628
0.24629
0.2463
0.246309
0.246319
0.246329
0.246339
0.246349
0.246358
0.246368
0.246378
0.246388
0.246397
0.246407
0.246417
0.246427
0.246436
0.246446
0.246456
0.246465
0.246475
0.246485
0.246494
0.246504
0.246514
0.246523
0.246533
0.246543
0.246552
0.246562
0.246571
0.246581
0.246591
0.2466
0.24661
0.246619
0.246629
0.246639
0.246648
0.246658
0.246667
0.246677
0.246686
0.246696
0.246705
0.246715
0.246724
0.246734
0.246743
0.246753
0.246762
0.246772
0.246781
0.246791
0.2468
0.24681
0.246819
0.246829
0.246838
0.246847
0.246857
0.246866
0.246876
0.246885
0.246894
0.246904
0.246913
0.246922
0.246932
0.246941
0.246951
0.24696
0.246969
0.246979
0.246988
0.246997
0.247006
0.247016
0.247025
0.247034
0.247044
0.247053
0.247062
0.247071
0.247081
0.24709
0.247099
0.247108
0.247118
0.247127
0.247136
0.247145
0.247154
0.247164
0.247173
0.247182
0.247191
0.2472
0.247209
0.247219
0.247228
0.247237
0.247246
0.247255
0.247264
0.247273
0.247282
0.247291
0.247301
0.24731
0.247319
0.247328
0.247337
0.247346
0.247355
0.247364
0.247373
0.247382
0.247391
0.2474
0.247409
0.247418
0.247427
0.247436
0.247445
0.247454
0.247463
0.247472
0.247481
0.24749
0.247499
0.247508
0.247517
0.247526
0.247534
0.247543
0.247552
0.247561
0.24757
0.247579
0.247588
0.247597
0.247606
0.247614
0.247623
0.247632
0.247641
0.24765
0.247659
0.247667
0.247676
0.247685
0.247694
0.247703
0.247711
0.24772
0.247729
0.247738
0.247746
0.247755
0.247764
0.247773
0.247781
0.24779
0.247799
0.247808
0.247816
0.247825
0.247834
0.247842
0.247851
0.24786
0.247868
0.247877
0.247886
0.247894
0.247903
0.247912
0.24792
0.247929
0.247938
0.247946
0.247955
0.247963
0.247972
0.247981
0.247989
0.247998
0.248006
0.248015
0.248023
0.248032
0.24804
0.248049
0.248058
0.248066
0.248075
0.248083
0.248092
0.2481
0.248109
0.248117
0.248126
0.248134
0.248142
0.248151
0.248159
0.248168
0.248176
0.248185
0.248193
0.248202
0.24821
0.248218
0.248227
0.248235
0.248244
0.248252
0.24826
0.248269
0.248277
0.248285
0.248294
0.248302
0.24831
0.248319
0.248327
0.248335
0.248344
0.248352
0.24836
0.248369
0.248377
0.248385
0.248394
0.248402
0.24841
0.248418
0.248427
0.248435
0.248443
0.248451
0.24846
0.248468
0.248476
0.248484
0.248492
0.248501
0.248509
0.248517
0.248525
0.248533
0.248541
0.24855
0.248558
0.248566
0.248574
0.248582
0.24859
0.248598
0.248607
0.248615
0.248623
0.248631
0.248639
0.248647
0.248655
0.248663
0.248671
0.248679
0.248687
0.248696
0.248704
0.248712
0.24872
0.248728
0.248736
0.248744
0.248752
0.24876
0.248768
0.248776
0.248784
0.248792
0.2488
0.248808
0.248816
0.248824
0.248831
0.248839
0.248847
0.248855
0.248863
0.248871
0.248879
0.248887
0.248895
0.248903
0.248911
0.248919
0.248926
0.248934
0.248942
0.24895
0.248958
0.248966
0.248974
0.248981
0.248989
0.248997
0.249005
0.249013
0.24902
0.249028
0.249036
0.249044
0.249052
0.249059
0.249067
0.249075
0.249083
0.24909
0.249098
0.249106
0.249114
0.249121
0.249129
0.249137
0.249145
0.249152
0.24916
0.249168
0.249175
0.249183
0.249191
0.249198
0.249206
0.249214
0.249221
0.249229
0.249237
0.249244
0.249252
0.24926
0.249267
0.249275
0.249282
0.24929
0.249298
0.249305
0.249313
0.24932
0.249328
0.249336
0.249343
0.249351
0.249358
0.249366
0.249373
0.249381
0.249388
0.249396
0.249403
0.249411
0.249418
0.249426
0.249433
0.249441
0.249448
0.249456
0.249463
0.249471
0.249478
0.249486
0.249493
0.249501
0.249508
0.249516
0.249523
0.24953
0.249538
0.249545
0.249553
0.24956
0.249567
0.249575
0.249582
0.24959
0.249597
0.249604
0.249612
0.249619
0.249626
0.249634
0.249641
0.249648
0.249656
0.249663
0.24967
0.249678
0.249685
0.249692
0.249699
0.249707
0.249714
0.249721
0.249729
0.249736
0.249743
0.24975
0.249758
0.249765
0.249772
0.249779
0.249787
0.249794
0.249801
0.249808
0.249815
0.249823
0.24983
0.249837
0.249844
0.249851
0.249859
0.249866
0.249873
0.24988
0.249887
0.249894
0.249901
0.249909
0.249916
0.249923
0.24993
0.249937
0.249944
0.249951
0.249958
0.249965
0.249973
0.24998
0.249987
0.249994
0.250001
0.250008
0.250015
0.250022
0.250029
0.250036
0.250043
0.25005
0.250057
0.250064
0.250071
0.250078
0.250085
0.250092
0.250099
0.250106
0.250113
0.25012
0.250127
0.250134
0.250141
0.250148
0.250155
0.250162
0.250169
0.250176
0.250183
0.250189
0.250196
0.250203
0.25021
0.250217
0.250224
0.250231
0.250238
0.250245
0.250251
0.250258
0.250265
0.250272
0.250279
0.250286
0.250293
0.250299
0.250306
0.250313
0.25032
0.250327
0.250334
0.25034
0.250347
0.250354
0.250361
0.250367
0.250374
0.250381
0.250388
0.250395
0.250401
0.250408
0.250415
0.250422
0.250428
0.250435
0.250442
0.250448
0.250455
0.250462
0.250469
0.250475
0.250482
0.250489
0.250495
0.250502
0.250509
0.250515
0.250522
0.250529
0.250535
0.250542
0.250549
0.250555
0.250562
0.250568
0.250575
0.250582
0.250588
0.250595
0.250602
0.250608
0.250615
0.250621
0.250628
0.250634
0.250641
0.250648
0.250654
0.250661
0.250667
0.250674
0.25068
0.250687
0.250693
0.2507
0.250706
0.250713
0.25072
0.250726
0.250733
0.250739
0.250746
0.250752
0.250758
0.250765
0.250771
0.250778
0.250784
0.250791
0.250797
0.250804
0.25081
0.250817
0.250823
0.250829
0.250836
0.250842
0.250849
0.250855
0.250861
0.250868
0.250874
0.250881
0.250887
0.250893
0.2509
0.250906
0.250913
0.250919
0.250925
0.250932
0.250938
0.250944
0.250951
0.250957
0.250963
0.25097
0.250976
0.250982
0.250988
0.250995
0.251001
0.251007
0.251014
0.25102
0.251026
0.251032
0.251039
0.251045
0.251051
0.251057
0.251064
0.25107
0.251076
0.251082
0.251089
0.251095
0.251101
0.251107
0.251114
0.25112
0.251126
0.251132
0.251138
0.251144
0.251151
0.251157
0.251163
0.251169
0.251175
0.251181
0.251188
0.251194
0.2512
0.251206
0.251212
0.251218
0.251224
0.251231
0.251237
0.251243
0.251249
0.251255
0.251261
0.251267
0.251273
0.251279
0.251285
0.251291
0.251298
0.251304
0.25131
0.251316
0.251322
0.251328
0.251334
0.25134
0.251346
0.251352
0.251358
0.251364
0.25137
0.251376
0.251382
0.251388
0.251394
0.2514
0.251406
0.251412
0.251418
0.251424
0.25143
0.251436
0.251442
0.251448
0.251454
0.25146
0.251465
0.251471
0.251477
0.251483
0.251489
0.251495
0.251501
0.251507
0.251513
0.251519
0.251525
0.25153
0.251536
0.251542
0.251548
0.251554
0.25156
0.251566
0.251571
0.251577
0.251583
0.251589
0.251595
0.251601
0.251607
0.251612
0.251618
0.251624
0.25163
0.251636
0.251641
0.251647
0.251653
0.251659
0.251665
0.25167
0.251676
0.251682
0.251688
0.251693
0.251699
0.251705
0.251711
0.251716
0.251722
0.251728
0.251734
0.251739
0.251745
0.251751
0.251756
0.251762
0.251768
0.251774
0.251779
0.251785
0.251791
0.251796
0.251802
0.251808
0.251813
0.251819
0.251825
0.25183
0.251836
0.251842
0.251847
0.251853
0.251858
0.251864
0.25187
0.251875
0.251881
0.251887
0.251892
0.251898
0.251903
0.251909
0.251915
0.25192
0.251926
0.251931
0.251937
0.251942
0.251948
0.251954
0.251959
0.251965
0.25197
0.251976
0.251981
0.251987
0.251992
0.251998
0.252003
0.252009
0.252014
0.25202
0.252025
0.252031
0.252036
0.252042
0.252047
0.252053
0.252058
0.252064
0.252069
0.252075
0.25208
0.252086
0.252091
0.252097
0.252102
0.252107
0.252113
0.252118
0.252124
0.252129
0.252135
0.25214
0.252145
0.252151
0.252156
0.252162
0.252167
0.252172
0.252178
0.252183
0.252188
0.252194
0.252199
0.252205
0.25221
0.252215
0.252221
0.252226
0.252231
0.252237
0.252242
0.252247
0.252253
0.252258
0.252263
0.252269
0.252274
0.252279
0.252285
0.25229
0.252295
0.2523
0.252306
0.252311
0.252316
0.252322
0.252327
0.252332
0.252337
0.252343
0.252348
0.252353
0.252358
0.252364
0.252369
0.252374
0.252379
0.252384
0.25239
0.252395
0.2524
0.252405
0.252411
0.252416
0.252421
0.252426
0.252431
0.252436
0.252442
0.252447
0.252452
0.252457
0.252462
0.252468
0.252473
0.252478
0.252483
0.252488
0.252493
0.252498
0.252504
0.252509
0.252514
0.252519
0.252524
0.252529
0.252534
0.252539
0.252544
0.25255
0.252555
0.25256
0.252565
0.25257
0.252575
0.25258
0.252585
0.25259
0.252595
0.2526
0.252605
0.25261
0.252615
0.25262
0.252626
0.252631
0.252636
0.252641
0.252646
0.252651
0.252656
0.252661
0.252666
0.252671
0.252676
0.252681
0.252686
0.252691
0.252696
0.252701
0.252706
0.252711
0.252716
0.25272
0.252725
0.25273
0.252735
0.25274
0.252745
0.25275
0.252755
0.25276
0.252765
0.25277
0.252775
0.25278
0.252785
0.25279
0.252795
0.252799
0.252804
0.252809
0.252814
0.252819
0.252824
0.252829
0.252834
0.252839
0.252843
0.252848
0.252853
0.252858
0.252863
0.252868
0.252873
0.252877
0.252882
0.252887
0.252892
0.252897
0.252902
0.252906
0.252911
0.252916
0.252921
0.252926
0.25293
0.252935
0.25294
0.252945
0.25295
0.252954
0.252959
0.252964
0.252969
0.252973
0.252978
0.252983
0.252988
0.252992
0.252997
0.253002
0.253007
0.253011
0.253016
0.253021
0.253026
0.25303
0.253035
0.25304
0.253045
0.253049
0.253054
0.253059
0.253063
0.253068
0.253073
0.253077
0.253082
0.253087
0.253091
0.253096
0.253101
0.253106
0.25311
0.253115
0.253119
0.253124
0.253129
0.253133
0.253138
0.253143
0.253147
0.253152
0.253157
0.253161
0.253166
0.25317
0.253175
0.25318
0.253184
0.253189
0.253194
0.253198
0.253203
0.253207
0.253212
0.253216
0.253221
0.253226
0.25323
0.253235
0.253239
0.253244
0.253248
0.253253
0.253258
0.253262
0.253267
0.253271
0.253276
0.25328
0.253285
0.253289
0.253294
0.253298
0.253303
0.253307
0.253312
0.253316
0.253321
0.253325
0.25333
0.253334
0.253339
0.253343
0.253348
0.253352
0.253357
0.253361
0.253366
0.25337
0.253375
0.253379
0.253384
0.253388
0.253392
0.253397
0.253401
0.253406
0.25341
0.253415
0.253419
0.253423
0.253428
0.253432
0.253437
0.253441
0.253446
0.25345
0.253454
0.253459
0.253463
0.253468
0.253472
0.253476
0.253481
0.253485
0.253489
0.253494
0.253498
0.253503
0.253507
0.253511
0.253516
0.25352
0.253524
0.253529
0.253533
0.253537
0.253542
0.253546
0.25355
0.253555
0.253559
0.253563
0.253568
0.253572
0.253576
0.253581
0.253585
0.253589
0.253593
0.253598
0.253602
0.253606
0.253611
0.253615
0.253619
0.253623
0.253628
0.253632
0.253636
0.25364
0.253645
0.253649
0.253653
0.253657
0.253662
0.253666
0.25367
0.253674
0.253679
0.253683
0.253687
0.253691
0.253695
0.2537
0.253704
0.253708
0.253712
0.253716
0.253721
0.253725
0.253729
0.253733
0.253737
0.253742
0.253746
0.25375
0.253754
0.253758
0.253762
0.253767
0.253771
0.253775
0.253779
0.253783
0.253787
0.253792
0.253796
0.2538
0.253804
0.253808
0.253812
0.253816
0.25382
0.253825
0.253829
0.253833
0.253837
0.253841
0.253845
0.253849
0.253853
0.253857
0.253861
0.253866
0.25387
0.253874
0.253878
0.253882
0.253886
0.25389
0.253894
0.253898
0.253902
0.253906
0.25391
0.253914
0.253918
0.253922
0.253926
0.25393
0.253935
0.253939
0.253943
0.253947
0.253951
0.253955
0.253959
0.253963
0.253967
0.253971
0.253975
0.253979
0.253983
0.253987
0.253991
0.253995
0.253999
0.254003
0.254007
0.254011
0.254015
0.254019
0.254022
0.254026
0.25403
0.254034
0.254038
0.254042
0.254046
0.25405
0.254054
0.254058
0.254062
0.254066
0.25407
0.254074
0.254078
0.254082
0.254086
0.254089
0.254093
0.254097
0.254101
0.254105
0.254109
0.254113
0.254117
0.254121
0.254125
0.254128
0.254132
0.254136
0.25414
0.254144
0.254148
0.254152
0.254156
0.254159
0.254163
0.254167
0.254171
0.254175
0.254179
0.254183
0.254186
0.25419
0.254194
0.254198
0.254202
0.254206
0.254209
0.254213
0.254217
0.254221
0.254225
0.254228
0.254232
0.254236
0.25424
0.254244
0.254247
0.254251
0.254255
0.254259
0.254263
0.254266
0.25427
0.254274
0.254278
0.254281
0.254285
0.254289
0.254293
0.254297
0.2543
0.254304
0.254308
0.254312
0.254315
0.254319
0.254323
0.254326
0.25433
0.254334
0.254338
0.254341
0.254345
0.254349
0.254353
0.254356
0.25436
0.254364
0.254367
0.254371
0.254375
0.254378
0.254382
0.254386
0.25439
0.254393
0.254397
0.254401
0.254404
0.254408
0.254412
0.254415
0.254419
0.254423
0.254426
0.25443
0.254434
0.254437
0.254441
0.254445
0.254448
0.254452
0.254455
0.254459
0.254463
0.254466
0.25447
0.254474
0.254477
0.254481
0.254485
0.254488
0.254492
0.254495
0.254499
0.254503
0.254506
0.25451
0.254513
0.254517
0.254521
0.254524
0.254528
0.254531
0.254535
0.254538
0.254542
0.254546
0.254549
0.254553
0.254556
0.25456
0.254563
0.254567
0.25457
0.254574
0.254578
0.254581
0.254585
0.254588
0.254592
0.254595
0.254599
0.254602
0.254606
0.254609
0.254613
0.254616
0.25462
0.254623
0.254627
0.25463
0.254634
0.254637
0.254641
0.254644
0.254648
0.254651
0.254655
0.254658
0.254662
0.254665
0.254669
0.254672
0.254676
0.254679
0.254683
0.254686
0.25469
0.254693
0.254697
0.2547
0.254704
0.254707
0.25471
0.254714
0.254717
0.254721
0.254724
0.254728
0.254731
0.254734
0.254738
0.254741
0.254745
0.254748
0.254752
0.254755
0.254758
0.254762
0.254765
0.254769
0.254772
0.254775
0.254779
0.254782
0.254786
0.254789
0.254792
0.254796
0.254799
0.254803
0.254806
0.254809
0.254813
0.254816
0.254819
0.254823
0.254826
0.25483
0.254833
0.254836
0.25484
0.254843
0.254846
0.25485
0.254853
0.254856
0.25486
0.254863
0.254866
0.25487
0.254873
0.254876
0.25488
0.254883
0.254886
0.25489
0.254893
0.254896
0.254899
0.254903
0.254906
0.254909
0.254913
0.254916
0.254919
0.254923
0.254926
0.254929
0.254932
0.254936
0.254939
0.254942
0.254946
0.254949
0.254952
0.254955
0.254959
0.254962
0.254965
0.254968
0.254972
0.254975
0.254978
0.254981
0.254985
0.254988
0.254991
0.254994
0.254998
0.255001
0.255004
0.255007
0.25501
0.255014
0.255017
0.25502
0.255023
0.255027
0.25503
0.255033
0.255036
0.255039
0.255043
0.255046
0.255049
0.255052
0.255055
0.255059
0.255062
0.255065
0.255068
0.255071
0.255074
0.255078
0.255081
0.255084
0.255087
0.25509
0.255093
0.255097
0.2551
0.255103
0.255106
0.255109
0.255112
0.255116
0.255119
0.255122
0.255125
0.255128
0.255131
0.255134
0.255138
0.255141
0.255144
0.255147
0.25515
0.255153
0.255156
0.255159
0.255162
0.255166
0.255169
0.255172
0.255175
0.255178
0.255181
0.255184
0.255187
0.25519
0.255193
0.255197
0.2552
0.255203
0.255206
0.255209
0.255212
0.255215
0.255218
0.255221
0.255224
0.255227
0.25523
0.255233
0.255236
0.25524
0.255243
0.255246
0.255249
0.255252
0.255255
0.255258
0.255261
0.255264
0.255267
0.25527
0.255273
0.255276
0.255279
0.255282
0.255285
0.255288
0.255291
0.255294
0.255297
0.2553
0.255303
0.255306
0.255309
0.255312
0.255315
0.255318
0.255321
0.255324
0.255327
0.25533
0.255333
0.255336
0.255339
0.255342
0.255345
0.255348
0.255351
0.255354
0.255357
0.25536
0.255363
0.255366
0.255369
0.255372
0.255375
0.255378
0.255381
0.255384
0.255387
0.25539
0.255392
0.255395
0.255398
0.255401
0.255404
0.255407
0.25541
0.255413
0.255416
0.255419
0.255422
0.255425
0.255428
0.255431
0.255433
0.255436
0.255439
0.255442
0.255445
0.255448
0.255451
0.255454
0.255457
0.25546
0.255463
0.255465
0.255468
0.255471
0.255474
0.255477
0.25548
0.255483
0.255486
0.255488
0.255491
0.255494
0.255497
0.2555
0.255503
0.255506
0.255509
0.255511
0.255514
0.255517
0.25552
0.255523
0.255526
0.255528
0.255531
0.255534
0.255537
0.25554
0.255543
0.255546
0.255548
0.255551
0.255554
0.255557
0.25556
0.255562
0.255565
0.255568
0.255571
0.255574
0.255577
0.255579
0.255582
0.255585
0.255588
0.255591
0.255593
0.255596
0.255599
0.255602
0.255605
0.255607
0.25561
0.255613
0.255616
0.255618
0.255621
0.255624
0.255627
0.25563
0.255632
0.255635
0.255638
0.255641
0.255643
0.255646
0.255649
0.255652
0.255654
0.255657
0.25566
0.255663
0.255665
0.255668
0.255671
0.255674
0.255676
0.255679
0.255682
0.255685
0.255687
0.25569
0.255693
0.255695
0.255698
0.255701
0.255704
0.255706
0.255709
0.255712
0.255715
0.255717
0.25572
0.255723
0.255725
0.255728
0.255731
0.255733
0.255736
0.255739
0.255742
0.255744
0.255747
0.25575
0.255752
0.255755
0.255758
0.25576
0.255763
0.255766
0.255768
0.255771
0.255774
0.255776
0.255779
0.255782
0.255784
0.255787
0.25579
0.255792
0.255795
0.255798
0.2558
0.255803
0.255806
0.255808
0.255811
0.255813
0.255816
0.255819
0.255821
0.255824
0.255827
0.255829
0.255832
0.255835
0.255837
0.25584
0.255842
0.255845
0.255848
0.25585
0.255853
0.255855
0.255858
0.255861
0.255863
0.255866
0.255868
0.255871
0.255874
0.255876
0.255879
0.255881
0.255884
0.255887
0.255889
0.255892
0.255894
0.255897
0.2559
0.255902
0.255905
0.255907
0.25591
0.255912
0.255915
0.255918
0.25592
0.255923
0.255925
0.255928
0.25593
0.255933
0.255935
0.255938
0.255941
0.255943
0.255946
0.255948
0.255951
0.255953
0.255956
0.255958
0.255961
0.255963
0.255966
0.255968
0.255971
0.255974
0.255976
0.255979
0.255981
0.255984
0.255986
0.255989
0.255991
0.255994
0.255996
0.255999
0.256001
0.256004
0.256006
0.256009
0.256011
0.256014
0.256016
0.256019
0.256021
0.256024
0.256026
0.256029
0.256031
0.256034
0.256036
0.256039
0.256041
0.256044
0.256046
0.256049
0.256051
0.256053
0.256056
0.256058
0.256061
0.256063
0.256066
0.256068
0.256071
0.256073
0.256076
0.256078
0.256081
0.256083
0.256085
0.256088
0.25609
0.256093
0.256095
0.256098
0.2561
0.256102
0.256105
0.256107
0.25611
0.256112
0.256115
0.256117
0.256119
0.256122
0.256124
0.256127
0.256129
0.256132
0.256134
0.256136
0.256139
0.256141
0.256144
0.256146
0.256148
0.256151
0.256153
0.256156
0.256158
0.25616
0.256163
0.256165
0.256168
0.25617
0.256172
0.256175
0.256177
0.25618
0.256182
0.256184
0.256187
0.256189
0.256191
0.256194
0.256196
0.256199
0.256201
0.256203
0.256206
0.256208
0.25621
0.256213
0.256215
0.256217
0.25622
0.256222
0.256224
0.256227
0.256229
0.256232
0.256234
0.256236
0.256239
0.256241
0.256243
0.256246
0.256248
0.25625
0.256253
0.256255
0.256257
0.25626
0.256262
0.256264
0.256266
0.256269
0.256271
0.256273
0.256276
0.256278
0.25628
0.256283
0.256285
0.256287
0.25629
0.256292
0.256294
0.256297
0.256299
0.256301
0.256303
0.256306
0.256308
0.25631
0.256313
0.256315
0.256317
0.256319
0.256322
0.256324
0.256326
0.256329
0.256331
0.256333
0.256335
0.256338
0.25634
0.256342
0.256344
0.256347
0.256349
0.256351
0.256353
0.256356
0.256358
0.25636
0.256363
0.256365
0.256367
0.256369
0.256372
0.256374
0.256376
0.256378
0.25638
0.256383
0.256385
0.256387
0.256389
0.256392
0.256394
0.256396
0.256398
0.256401
0.256403
0.256405
0.256407
0.256409
0.256412
0.256414
0.256416
0.256418
0.256421
0.256423
0.256425
0.256427
0.256429
0.256432
0.256434
0.256436
0.256438
0.25644
0.256443
0.256445
0.256447
0.256449
0.256451
0.256454
0.256456
0.256458
0.25646
0.256462
0.256465
0.256467
0.256469
0.256471
0.256473
0.256475
0.256478
0.25648
0.256482
0.256484
0.256486
0.256488
0.256491
0.256493
0.256495
0.256497
0.256499
0.256501
0.256504
0.256506
0.256508
0.25651
0.256512
0.256514
0.256517
0.256519
0.256521
0.256523
0.256525
0.256527
0.256529
0.256532
0.256534
0.256536
0.256538
0.25654
0.256542
0.256544
0.256546
0.256549
0.256551
0.256553
0.256555
0.256557
0.256559
0.256561
0.256563
0.256566
0.256568
0.25657
0.256572
0.256574
0.256576
0.256578
0.25658
0.256582
0.256584
0.256587
0.256589
0.256591
0.256593
0.256595
0.256597
0.256599
0.256601
0.256603
0.256605
0.256608
0.25661
0.256612
0.256614
0.256616
0.256618
0.25662
0.256622
0.256624
0.256626
0.256628
0.25663
0.256632
0.256635
0.256637
0.256639
0.256641
0.256643
0.256645
0.256647
0.256649
0.256651
0.256653
0.256655
0.256657
0.256659
0.256661
0.256663
0.256665
0.256667
0.256669
0.256671
0.256674
0.256676
0.256678
0.25668
0.256682
0.256684
0.256686
0.256688
0.25669
0.256692
0.256694
0.256696
0.256698
0.2567
0.256702
0.256704
0.256706
0.256708
0.25671
0.256712
0.256714
0.256716
0.256718
0.25672
0.256722
0.256724
0.256726
0.256728
0.25673
0.256732
0.256734
0.256736
0.256738
0.25674
0.256742
0.256744
0.256746
0.256748
0.25675
0.256752
0.256754
0.256756
0.256758
0.25676
0.256762
0.256764
0.256766
0.256768
0.25677
0.256772
0.256774
0.256776
0.256778
0.25678
0.256782
0.256784
0.256786
0.256788
0.25679
0.256792
0.256794
0.256795
0.256797
0.256799
0.256801
0.256803
0.256805
0.256807
0.256809
0.256811
0.256813
0.256815
0.256817
0.256819
0.256821
0.256823
0.256825
0.256827
0.256829
0.256831
0.256832
0.256834
0.256836
0.256838
0.25684
0.256842
0.256844
0.256846
0.256848
0.25685
0.256852
0.256854
0.256856
0.256857
0.256859
0.256861
0.256863
0.256865
0.256867
0.256869
0.256871
0.256873
0.256875
0.256877
0.256879
0.25688
0.256882
0.256884
0.256886
0.256888
0.25689
0.256892
0.256894
0.256896
0.256897
0.256899
0.256901
0.256903
0.256905
0.256907
0.256909
0.256911
0.256913
0.256914
0.256916
0.256918
0.25692
0.256922
0.256924
0.256926
0.256928
0.256929
0.256931
0.256933
0.256935
0.256937
0.256939
0.256941
0.256942
0.256944
0.256946
0.256948
0.25695
0.256952
0.256954
0.256955
0.256957
0.256959
0.256961
0.256963
0.256965
0.256967
0.256968
0.25697
0.256972
0.256974
0.256976
0.256978
0.256979
0.256981
0.256983
0.256985
0.256987
0.256989
0.25699
0.256992
0.256994
0.256996
0.256998
0.257
0.257001
0.257003
0.257005
0.257007
0.257009
0.257011
0.257012
0.257014
0.257016
0.257018
0.25702
0.257021
0.257023
0.257025
0.257027
0.257029
0.25703
0.257032
0.257034
0.257036
0.257038
0.257039
0.257041
0.257043
0.257045
0.257047
0.257048
0.25705
0.257052
0.257054
0.257056
0.257057
0.257059
0.257061
0.257063
0.257064
0.257066
0.257068
0.25707
0.257072
0.257073
0.257075
0.257077
0.257079
0.25708
0.257082
0.257084
0.257086
0.257088
0.257089
0.257091
0.257093
0.257095
0.257096
0.257098
0.2571
0.257102
0.257103
0.257105
0.257107
0.257109
0.25711
0.257112
0.257114
0.257116
0.257117
0.257119
0.257121
0.257123
0.257124
0.257126
0.257128
0.25713
0.257131
0.257133
0.257135
0.257136
0.257138
0.25714
0.257142
0.257143
0.257145
0.257147
0.257149
0.25715
0.257152
0.257154
0.257155
0.257157
0.257159
0.257161
0.257162
0.257164
0.257166
0.257168
0.257169
0.257171
0.257173
0.257174
0.257176
0.257178
0.257179
0.257181
0.257183
0.257185
0.257186
0.257188
0.25719
0.257191
0.257193
0.257195
0.257196
0.257198
0.2572
0.257202
0.257203
0.257205
0.257207
0.257208
0.25721
0.257212
0.257213
0.257215
0.257217
0.257218
0.25722
0.257222
0.257223
0.257225
0.257227
0.257228
0.25723
0.257232
0.257234
0.257235
0.257237
0.257239
0.25724
0.257242
0.257244
0.257245
0.257247
0.257249
0.25725
0.257252
0.257253
0.257255
0.257257
0.257258
0.25726
0.257262
0.257263
0.257265
0.257267
0.257268
0.25727
0.257272
0.257273
0.257275
0.257277
0.257278
0.25728
0.257282
0.257283
0.257285
0.257286
0.257288
0.25729
0.257291
0.257293
0.257295
0.257296
0.257298
0.257299
0.257301
0.257303
0.257304
0.257306
0.257308
0.257309
0.257311
0.257312
0.257314
0.257316
0.257317
0.257319
0.257321
0.257322
0.257324
0.257325
0.257327
0.257329
0.25733
0.257332
0.257333
0.257335
0.257337
0.257338
0.25734
0.257341
0.257343
0.257345
0.257346
0.257348
0.257349
0.257351
0.257353
0.257354
0.257356
0.257357
0.257359
0.257361
0.257362
0.257364
0.257365
0.257367
0.257369
0.25737
0.257372
0.257373
0.257375
0.257376
0.257378
0.25738
0.257381
0.257383
0.257384
0.257386
0.257388
0.257389
0.257391
0.257392
0.257394
0.257395
0.257397
0.257398
0.2574
0.257402
0.257403
0.257405
0.257406
0.257408
0.257409
0.257411
0.257413
0.257414
0.257416
0.257417
0.257419
0.25742
0.257422
0.257423
0.257425
0.257427
0.257428
0.25743
0.257431
0.257433
0.257434
0.257436
0.257437
0.257439
0.25744
0.257442
0.257443
0.257445
0.257447
0.257448
0.25745
0.257451
0.257453
0.257454
0.257456
0.257457
0.257459
0.25746
0.257462
0.257463
0.257465
0.257466
0.257468
0.257469
0.257471
0.257473
0.257474
0.257476
0.257477
0.257479
0.25748
0.257482
0.257483
0.257485
0.257486
0.257488
0.257489
0.257491
0.257492
0.257494
0.257495
0.257497
0.257498
0.2575
0.257501
0.257503
0.257504
0.257506
0.257507
0.257509
0.25751
0.257512
0.257513
0.257515
0.257516
0.257518
0.257519
0.257521
0.257522
0.257524
0.257525
0.257527
0.257528
0.25753
0.257531
0.257533
0.257534
0.257535
0.257537
0.257538
0.25754
0.257541
0.257543
0.257544
0.257546
0.257547
0.257549
0.25755
0.257552
0.257553
0.257555
0.257556
0.257558
0.257559
0.25756
0.257562
0.257563
0.257565
0.257566
0.257568
0.257569
0.257571
0.257572
0.257574
0.257575
0.257577
0.257578
0.257579
0.257581
0.257582
0.257584
0.257585
0.257587
0.257588
0.25759
0.257591
0.257592
0.257594
0.257595
0.257597
0.257598
0.2576
0.257601
0.257603
0.257604
0.257605
0.257607
0.257608
0.25761
0.257611
0.257613
0.257614
0.257615
0.257617
0.257618
0.25762
0.257621
0.257623
0.257624
0.257625
0.257627
0.257628
0.25763
0.257631
0.257633
0.257634
0.257635
0.257637
0.257638
0.25764
0.257641
0.257642
0.257644
0.257645
0.257647
0.257648
0.25765
0.257651
0.257652
0.257654
0.257655
0.257657
0.257658
0.257659
0.257661
0.257662
0.257664
0.257665
0.257666
0.257668
0.257669
0.257671
0.257672
0.257673
0.257675
0.257676
0.257678
0.257679
0.25768
0.257682
0.257683
0.257684
0.257686
0.257687
0.257689
0.25769
0.257691
0.257693
0.257694
0.257696
0.257697
0.257698
0.2577
0.257701
0.257702
0.257704
0.257705
0.257707
0.257708
0.257709
0.257711
0.257712
0.257713
0.257715
0.257716
0.257718
0.257719
0.25772
0.257722
0.257723
0.257724
0.257726
0.257727
0.257728
0.25773
0.257731
0.257732
0.257734
0.257735
0.257737
0.257738
0.257739
0.257741
0.257742
0.257743
0.257745
0.257746
0.257747
0.257749
0.25775
0.257751
0.257753
0.257754
0.257755
0.257757
0.257758
0.257759
0.257761
0.257762
0.257764
0.257765
0.257766
0.257768
0.257769
0.25777
0.257772
0.257773
0.257774
0.257776
0.257777
0.257778
0.25778
0.257781
0.257782
0.257784
0.257785
0.257786
0.257787
0.257789
0.25779
0.257791
0.257793
0.257794
0.257795
0.257797
0.257798
0.257799
0.257801
0.257802
0.257803
0.257805
0.257806
0.257807
0.257809
0.25781
0.257811
0.257812
0.257814
0.257815
0.257816
0.257818
0.257819
0.25782
0.257822
0.257823
0.257824
0.257826
0.257827
0.257828
0.257829
0.257831
0.257832
0.257833
0.257835
0.257836
0.257837
0.257839
0.25784
0.257841
0.257842
0.257844
0.257845
0.257846
0.257848
0.257849
0.25785
0.257851
0.257853
0.257854
0.257855
0.257857
0.257858
0.257859
0.25786
0.257862
0.257863
0.257864
0.257866
0.257867
0.257868
0.257869
0.257871
0.257872
0.257873
0.257874
0.257876
0.257877
0.257878
0.25788
0.257881
0.257882
0.257883
0.257885
0.257886
0.257887
0.257888
0.25789
0.257891
0.257892
0.257893
0.257895
0.257896
0.257897
0.257898
0.2579
0.257901
0.257902
0.257903
0.257905
0.257906
0.257907
0.257909
0.25791
0.257911
0.257912
0.257914
0.257915
0.257916
0.257917
0.257918
0.25792
0.257921
0.257922
0.257923
0.257925
0.257926
0.257927
0.257928
0.25793
0.257931
0.257932
0.257933
0.257935
0.257936
0.257937
0.257938
0.25794
0.257941
0.257942
0.257943
0.257944
0.257946
0.257947
0.257948
0.257949
0.257951
0.257952
0.257953
0.257954
0.257956
0.257957
0.257958
0.257959
0.25796
0.257962
0.257963
0.257964
0.257965
0.257967
0.257968
0.257969
0.25797
0.257971
0.257973
0.257974
0.257975
0.257976
0.257977
0.257979
0.25798
0.257981
0.257982
0.257983
0.257985
0.257986
0.257987
0.257988
0.25799
0.257991
0.257992
0.257993
0.257994
0.257996
0.257997
0.257998
0.257999
0.258
0.258002
0.258003
0.258004
0.258005
0.258006
0.258007
0.258009
0.25801
0.258011
0.258012
0.258013
0.258015
0.258016
0.258017
0.258018
0.258019
0.258021
0.258022
0.258023
0.258024
0.258025
0.258026
0.258028
0.258029
0.25803
0.258031
0.258032
0.258034
0.258035
0.258036
0.258037
0.258038
0.258039
0.258041
0.258042
0.258043
0.258044
0.258045
0.258046
0.258048
0.258049
0.25805
0.258051
0.258052
0.258053
0.258055
0.258056
0.258057
0.258058
0.258059
0.25806
0.258062
0.258063
0.258064
0.258065
0.258066
0.258067
0.258069
0.25807
0.258071
0.258072
0.258073
0.258074
0.258075
0.258077
0.258078
0.258079
0.25808
0.258081
0.258082
0.258084
0.258085
0.258086
0.258087
0.258088
0.258089
0.25809
0.258092
0.258093
0.258094
0.258095
0.258096
0.258097
0.258098
0.2581
0.258101
0.258102
0.258103
0.258104
0.258105
0.258106
0.258108
0.258109
0.25811
0.258111
0.258112
0.258113
0.258114
0.258115
0.258117
0.258118
0.258119
0.25812
0.258121
0.258122
0.258123
0.258124
0.258126
0.258127
0.258128
0.258129
0.25813
0.258131
0.258132
0.258133
0.258135
0.258136
0.258137
0.258138
0.258139
0.25814
0.258141
0.258142
0.258143
0.258145
0.258146
0.258147
0.258148
0.258149
0.25815
0.258151
0.258152
0.258153
0.258155
0.258156
0.258157
0.258158
0.258159
0.25816
0.258161
0.258162
0.258163
0.258164
0.258166
0.258167
0.258168
0.258169
0.25817
0.258171
0.258172
0.258173
0.258174
0.258175
0.258177
0.258178
0.258179
0.25818
0.258181
0.258182
0.258183
0.258184
0.258185
0.258186
0.258187
0.258189
0.25819
0.258191
0.258192
0.258193
0.258194
0.258195
0.258196
0.258197
0.258198
0.258199
0.2582
0.258202
0.258203
0.258204
0.258205
0.258206
0.258207
0.258208
0.258209
0.25821
0.258211
0.258212
0.258213
0.258214
0.258216
0.258217
0.258218
0.258219
0.25822
0.258221
0.258222
0.258223
0.258224
0.258225
0.258226
0.258227
0.258228
0.258229
0.25823
0.258232
0.258233
0.258234
0.258235
0.258236
0.258237
0.258238
0.258239
0.25824
0.258241
0.258242
0.258243
0.258244
0.258245
0.258246
0.258247
0.258248
0.25825
0.258251
0.258252
0.258253
0.258254
0.258255
0.258256
0.258257
0.258258
0.258259
0.25826
0.258261
0.258262
0.258263
0.258264
0.258265
0.258266
0.258267
0.258268
0.258269
0.25827
0.258272
0.258273
0.258274
0.258275
0.258276
0.258277
0.258278
0.258279
0.25828
0.258281
0.258282
0.258283
0.258284
0.258285
0.258286
0.258287
0.258288
0.258289
0.25829
0.258291
0.258292
0.258293
0.258294
0.258295
0.258296
0.258297
0.258298
0.258299
0.2583
0.258301
0.258302
0.258303
0.258304
0.258305
0.258307
0.258308
0.258309
0.25831
0.258311
0.258312
0.258313
0.258314
0.258315
0.258316
0.258317
0.258318
0.258319
0.25832
0.258321
0.258322
0.258323
0.258324
0.258325
0.258326
0.258327
0.258328
0.258329
0.25833
0.258331
0.258332
0.258333
0.258334
0.258335
0.258336
0.258337
0.258338
0.258339
0.25834
0.258341
0.258342
0.258343
0.258344
0.258345
0.258346
0.258347
0.258348
0.258349
0.25835
0.258351
0.258352
0.258353
0.258354
0.258355
0.258356
0.258357
0.258358
0.258359
0.25836
0.258361
0.258362
0.258363
0.258364
0.258365
0.258366
0.258367
0.258368
0.258369
0.25837
0.258371
0.258372
0.258373
0.258374
0.258375
0.258376
0.258377
0.258377
0.258378
0.258379
0.25838
0.258381
0.258382
0.258383
0.258384
0.258385
0.258386
0.258387
0.258388
0.258389
0.25839
0.258391
0.258392
0.258393
0.258394
0.258395
0.258396
0.258397
0.258398
0.258399
0.2584
0.258401
0.258402
0.258403
0.258404
0.258405
0.258406
0.258407
0.258408
0.258409
0.25841
0.25841
0.258411
0.258412
0.258413
0.258414
0.258415
0.258416
0.258417
0.258418
0.258419
0.25842
0.258421
0.258422
0.258423
0.258424
0.258425
0.258426
0.258427
0.258428
0.258429
0.25843
0.258431
0.258431
0.258432
0.258433
0.258434
0.258435
0.258436
0.258437
0.258438
0.258439
0.25844
0.258441
0.258442
0.258443
0.258444
0.258445
0.258446
0.258447
0.258448
0.258449
0.258449
0.25845
0.258451
0.258452
0.258453
0.258454
0.258455
0.258456
0.258457
0.258458
0.258459
0.25846
0.258461
0.258462
0.258463
0.258463
0.258464
0.258465
0.258466
0.258467
0.258468
0.258469
0.25847
0.258471
0.258472
0.258473
0.258474
0.258475
0.258476
0.258476
0.258477
0.258478
0.258479
0.25848
0.258481
0.258482
0.258483
0.258484
0.258485
0.258486
0.258487
0.258488
0.258488
0.258489
0.25849
0.258491
0.258492
0.258493
0.258494
0.258495
0.258496
0.258497
0.258498
0.258499
0.258499
0.2585
0.258501
0.258502
0.258503
0.258504
0.258505
0.258506
0.258507
0.258508
0.258509
0.258509
0.25851
0.258511
0.258512
0.258513
0.258514
0.258515
0.258516
0.258517
0.258518
0.258518
0.258519
0.25852
0.258521
0.258522
0.258523
0.258524
0.258525
0.258526
0.258527
0.258527
0.258528
0.258529
0.25853
0.258531
0.258532
0.258533
0.258534
0.258535
0.258536
0.258536
0.258537
0.258538
0.258539
0.25854
0.258541
0.258542
0.258543
0.258544
0.258544
0.258545
0.258546
0.258547
0.258548
0.258549
0.25855
0.258551
0.258551
0.258552
0.258553
0.258554
0.258555
0.258556
0.258557
0.258558
0.258559
0.258559
0.25856
0.258561
0.258562
0.258563
0.258564
0.258565
0.258566
0.258566
0.258567
0.258568
0.258569
0.25857
0.258571
0.258572
0.258573
0.258573
0.258574
0.258575
0.258576
0.258577
0.258578
0.258579
0.258579
0.25858
0.258581
0.258582
0.258583
0.258584
0.258585
0.258586
0.258586
0.258587
0.258588
0.258589
0.25859
0.258591
0.258592
0.258592
0.258593
0.258594
0.258595
0.258596
0.258597
0.258598
0.258598
0.258599
0.2586
0.258601
0.258602
0.258603
0.258604
0.258604
0.258605
0.258606
0.258607
0.258608
0.258609
0.25861
0.25861
0.258611
0.258612
0.258613
0.258614
0.258615
0.258616
0.258616
0.258617
0.258618
0.258619
0.25862
0.258621
0.258621
0.258622
0.258623
0.258624
0.258625
0.258626
0.258627
0.258627
0.258628
0.258629
0.25863
0.258631
0.258632
0.258632
0.258633
0.258634
0.258635
0.258636
0.258637
0.258637
0.258638
0.258639
0.25864
0.258641
0.258642
0.258642
0.258643
0.258644
0.258645
0.258646
0.258647
0.258647
0.258648
0.258649
0.25865
0.258651
0.258652
0.258652
0.258653
0.258654
0.258655
0.258656
0.258657
0.258657
0.258658
0.258659
0.25866
0.258661
0.258662
0.258662
0.258663
0.258664
0.258665
0.258666
0.258666
0.258667
0.258668
0.258669
0.25867
0.258671
0.258671
0.258672
0.258673
0.258674
0.258675
0.258675
0.258676
0.258677
0.258678
0.258679
0.25868
0.25868
0.258681
0.258682
0.258683
0.258684
0.258684
0.258685
0.258686
0.258687
0.258688
0.258688
0.258689
0.25869
0.258691
0.258692
0.258692
0.258693
0.258694
0.258695
0.258696
0.258697
0.258697
0.258698
0.258699
0.2587
0.258701
0.258701
0.258702
0.258703
0.258704
0.258705
0.258705
0.258706
0.258707
0.258708
0.258709
0.258709
0.25871
0.258711
0.258712
0.258713
0.258713
0.258714
0.258715
0.258716
0.258716
0.258717
0.258718
0.258719
0.25872
0.25872
0.258721
0.258722
0.258723
0.258724
0.258724
0.258725
0.258726
0.258727
0.258728
0.258728
0.258729
0.25873
0.258731
0.258731
0.258732
0.258733
0.258734
0.258735
0.258735
0.258736
0.258737
0.258738
0.258739
0.258739
0.25874
0.258741
0.258742
0.258742
0.258743
0.258744
0.258745
0.258746
0.258746
0.258747
0.258748
0.258749
0.258749
0.25875
0.258751
0.258752
0.258753
0.258753
0.258754
0.258755
0.258756
0.258756
0.258757
0.258758
0.258759
0.25876
0.25876
0.258761
0.258762
0.258763
0.258763
0.258764
0.258765
0.258766
0.258766
0.258767
0.258768
0.258769
0.258769
0.25877
0.258771
0.258772
0.258773
0.258773
0.258774
0.258775
0.258776
0.258776
0.258777
0.258778
0.258779
0.258779
0.25878
0.258781
0.258782
0.258782
0.258783
0.258784
0.258785
0.258785
0.258786
0.258787
0.258788
0.258789
0.258789
0.25879
0.258791
0.258792
0.258792
0.258793
0.258794
0.258795
0.258795
0.258796
0.258797
0.258798
0.258798
0.258799
0.2588
0.258801
0.258801
0.258802
0.258803
0.258804
0.258804
0.258805
0.258806
0.258807
0.258807
0.258808
0.258809
0.25881
0.25881
0.258811
0.258812
0.258812
0.258813
0.258814
0.258815
0.258815
0.258816
0.258817
0.258818
0.258818
0.258819
0.25882
0.258821
0.258821
0.258822
0.258823
0.258824
0.258824
0.258825
0.258826
0.258827
0.258827
0.258828
0.258829
0.258829
0.25883
0.258831
0.258832
0.258832
0.258833
0.258834
0.258835
0.258835
0.258836
0.258837
0.258838
0.258838
0.258839
0.25884
0.25884
0.258841
0.258842
0.258843
0.258843
0.258844
0.258845
0.258846
0.258846
0.258847
0.258848
0.258848
0.258849
0.25885
0.258851
0.258851
0.258852
0.258853
0.258853
0.258854
0.258855
0.258856
0.258856
0.258857
0.258858
0.258859
0.258859
0.25886
0.258861
0.258861
0.258862
0.258863
0.258864
0.258864
0.258865
0.258866
0.258866
0.258867
0.258868
0.258869
0.258869
0.25887
0.258871
0.258871
0.258872
0.258873
0.258874
0.258874
0.258875
0.258876
0.258876
0.258877
0.258878
0.258878
0.258879
0.25888
0.258881
0.258881
0.258882
0.258883
0.258883
0.258884
0.258885
0.258886
0.258886
0.258887
0.258888
0.258888
0.258889
0.25889
0.25889
0.258891
0.258892
0.258893
0.258893
0.258894
0.258895
0.258895
0.258896
0.258897
0.258897
0.258898
0.258899
0.2589
0.2589
0.258901
0.258902
0.258902
0.258903
0.258904
0.258904
0.258905
0.258906
0.258907
0.258907
0.258908
0.258909
0.258909
0.25891
0.258911
0.258911
0.258912
0.258913
0.258913
0.258914
0.258915
0.258915
0.258916
0.258917
0.258918
0.258918
0.258919
0.25892
0.25892
0.258921
0.258922
0.258922
0.258923
0.258924
0.258924
0.258925
0.258926
0.258926
0.258927
0.258928
0.258929
0.258929
0.25893
0.258931
0.258931
0.258932
0.258933
0.258933
0.258934
0.258935
0.258935
0.258936
0.258937
0.258937
0.258938
0.258939
0.258939
0.25894
0.258941
0.258941
0.258942
0.258943
0.258943
0.258944
0.258945
0.258945
0.258946
0.258947
0.258947
0.258948
0.258949
0.258949
0.25895
0.258951
0.258951
0.258952
0.258953
0.258954
0.258954
0.258955
0.258956
0.258956
0.258957
0.258958
0.258958
0.258959
0.25896
0.25896
0.258961
0.258962
0.258962
0.258963
0.258963
0.258964
0.258965
0.258965
0.258966
0.258967
0.258967
0.258968
0.258969
0.258969
0.25897
0.258971
0.258971
0.258972
0.258973
0.258973
0.258974
0.258975
0.258975
0.258976
0.258977
0.258977
0.258978
0.258979
0.258979
0.25898
0.258981
0.258981
0.258982
0.258983
0.258983
0.258984
0.258985
0.258985
0.258986
0.258987
0.258987
0.258988
0.258988
0.258989
0.25899
0.25899
0.258991
0.258992
0.258992
0.258993
0.258994
0.258994
0.258995
0.258996
0.258996
0.258997
0.258998
0.258998
0.258999
0.258999
0.259
0.259001
0.259001
0.259002
0.259003
0.259003
0.259004
0.259005
0.259005
0.259006
0.259007
0.259007
0.259008
0.259008
0.259009
0.25901
0.25901
0.259011
0.259012
0.259012
0.259013
0.259014
0.259014
0.259015
0.259016
0.259016
0.259017
0.259017
0.259018
0.259019
0.259019
0.25902
0.259021
0.259021
0.259022
0.259023
0.259023
0.259024
0.259024
0.259025
0.259026
0.259026
0.259027
0.259028
0.259028
0.259029
0.259029
0.25903
0.259031
0.259031
0.259032
0.259033
0.259033
0.259034
0.259034
0.259035
0.259036
0.259036
0.259037
0.259038
0.259038
0.259039
0.259039
0.25904
0.259041
0.259041
0.259042
0.259043
0.259043
0.259044
0.259044
0.259045
0.259046
0.259046
0.259047
0.259048
0.259048
0.259049
0.259049
0.25905
0.259051
0.259051
0.259052
0.259053
0.259053
0.259054
0.259054
0.259055
0.259056
0.259056
0.259057
0.259057
0.259058
0.259059
0.259059
0.25906
0.259061
0.259061
0.259062
0.259062
0.259063
0.259064
0.259064
0.259065
0.259065
0.259066
0.259067
0.259067
0.259068
0.259068
0.259069
0.25907
0.25907
0.259071
0.259072
0.259072
0.259073
0.259073
0.259074
0.259075
0.259075
0.259076
0.259076
0.259077
0.259078
0.259078
0.259079
0.259079
0.25908
0.259081
0.259081
0.259082
0.259082
0.259083
0.259084
0.259084
0.259085
0.259085
0.259086
0.259087
0.259087
0.259088
0.259088
0.259089
0.25909
0.25909
0.259091
0.259091
0.259092
0.259093
0.259093
0.259094
0.259094
0.259095
0.259096
0.259096
0.259097
0.259097
0.259098
0.259099
0.259099
0.2591
0.2591
0.259101
0.259102
0.259102
0.259103
0.259103
0.259104
0.259105
0.259105
0.259106
0.259106
0.259107
0.259107
0.259108
0.259109
0.259109
0.25911
0.25911
0.259111
0.259112
0.259112
0.259113
0.259113
0.259114
0.259115
0.259115
0.259116
0.259116
0.259117
0.259117
0.259118
0.259119
0.259119
0.25912
0.25912
0.259121
0.259122
0.259122
0.259123
0.259123
0.259124
0.259124
0.259125
0.259126
0.259126
0.259127
0.259127
0.259128
0.259128
0.259129
0.25913
0.25913
0.259131
0.259131
0.259132
0.259133
0.259133
0.259134
0.259134
0.259135
0.259135
0.259136
0.259137
0.259137
0.259138
0.259138
0.259139
0.259139
0.25914
0.259141
0.259141
0.259142
0.259142
0.259143
0.259143
0.259144
0.259145
0.259145
0.259146
0.259146
0.259147
0.259147
0.259148
0.259149
0.259149
0.25915
0.25915
0.259151
0.259151
0.259152
0.259153
0.259153
0.259154
0.259154
0.259155
0.259155
0.259156
0.259157
0.259157
0.259158
0.259158
0.259159
0.259159
0.25916
0.25916
0.259161
0.259162
0.259162
0.259163
0.259163
0.259164
0.259164
0.259165
0.259166
0.259166
0.259167
0.259167
0.259168
0.259168
0.259169
0.259169
0.25917
0.259171
0.259171
0.259172
0.259172
0.259173
0.259173
0.259174
0.259174
0.259175
0.259176
0.259176
0.259177
0.259177
0.259178
0.259178
0.259179
0.259179
0.25918
0.259181
0.259181
0.259182
0.259182
0.259183
0.259183
0.259184
0.259184
0.259185
0.259185
0.259186
0.259187
0.259187
0.259188
0.259188
0.259189
0.259189
0.25919
0.25919
0.259191
0.259192
0.259192
0.259193
0.259193
0.259194
0.259194
0.259195
0.259195
0.259196
0.259196
0.259197
0.259198
0.259198
0.259199
0.259199
0.2592
0.2592
0.259201
0.259201
0.259202
0.259202
0.259203
0.259204
0.259204
0.259205
0.259205
0.259206
0.259206
0.259207
0.259207
0.259208
0.259208
0.259209
0.259209
0.25921
0.259211
0.259211
0.259212
0.259212
0.259213
0.259213
0.259214
0.259214
0.259215
0.259215
0.259216
0.259216
0.259217
0.259217
0.259218
0.259219
0.259219
0.25922
0.25922
0.259221
0.259221
0.259222
0.259222
0.259223
0.259223
0.259224
0.259224
0.259225
0.259225
0.259226
0.259227
0.259227
0.259228
0.259228
0.259229
0.259229
0.25923
0.25923
0.259231
0.259231
0.259232
0.259232
0.259233
0.259233
0.259234
0.259234
0.259235
0.259235
0.259236
0.259237
0.259237
