0.5
0.495025
0.490099
0.485223
0.480395
0.475615
0.470882
0.466197
0.461558
0.456966
0.452419
0.447917
0.44346
0.439048
0.434679
0.430354
0.426072
0.421832
0.417635
0.41348
0.409365
0.405292
0.401259
0.397267
0.393314
0.3894
0.385526
0.38169
0.377892
0.374132
0.370409
0.366723
0.363075
0.359462
0.355885
0.352344
0.348838
0.345367
0.341931
0.338528
0.33516
0.331825
0.328523
0.325255
0.322018
0.318814
0.315642
0.312501
0.309392
0.306313
0.303265
0.300248
0.29726
0.294302
0.291374
0.288475
0.285605
0.282763
0.279949
0.277164
0.274406
0.271675
0.268972
0.266296
0.263646
0.261023
0.258426
0.255854
0.253309
0.250788
0.248293
0.245822
0.243376
0.240955
0.238557
0.236184
0.233834
0.231507
0.229204
0.226923
0.224665
0.22243
0.220217
0.218026
0.215857
0.213709
0.211583
0.209478
0.207394
0.20533
0.203288
0.201265
0.199263
0.197281
0.195318
0.193375
0.191452
0.189548
0.187662
0.185796
0.183948
0.182119
0.180308
0.178516
0.176741
0.174984
0.173245
0.171523
0.169818
0.168131
0.166461
0.164807
0.163171
0.161551
0.159947
0.15836
0.156789
0.155234
0.153695
0.152172
0.150664
0.149172
0.147696
0.146234
0.144789
0.143358
0.141942
0.140541
0.139156
0.137785
0.136428
0.135087
0.13376
0.132447
0.131149
0.129865
0.128596
0.127341
0.1261
0.124874
0.123662
0.122464
0.12128
0.12011
0.118954
0.117812
0.116685
0.115572
0.114473
0.113387
0.112317
0.11126
0.110217
0.109189
0.108175
0.107175
0.10619
0.105218
0.104262
0.103319
0.102391
0.101478
0.100579
0.099695
0.0988253
0.0979703
0.09713
0.0963043
0.0954935
0.0946973
0.093916
0.0931495
0.0923977
0.0916608
0.0909387
0.0902313
0.0895388
0.0888609
0.0881978
0.0875494
0.0869155
0.0862962
0.0856914
0.085101
0.0845248
0.0839629
0.0834151
0.0828812
0.0823611
0.0818547
0.0813619
0.0808825
0.0804162
0.079963
0.0795226
0.0790949
0.0786796
0.0782766
0.0778856
0.0775064
0.0771387
0.0767825
0.0764373
0.076103
0.0757793
0.075466
0.0751629
0.0748697
0.0745861
0.0743119
0.0740468
0.0737907
0.0735432
0.0733041
0.0730732
0.0728502
0.0726349
0.072427
0.0722264
0.0720328
0.0718459
0.0716656
0.0714916
0.0713237
0.0711617
0.0710054
0.0708547
0.0707092
0.0705689
0.0704336
0.070303
0.070177
0.0700554
0.0699381
0.0698249
0.0697156
0.0696102
0.0695084
0.0694101
0.0693152
0.0692235
0.069135
0.0690495
0.0689669
0.0688871
0.06881
0.0687354
0.0686633
0.0685936
0.0685261
0.0684608
0.0683977
0.0683365
0.0682774
0.06822
0.0681645
0.0681107
0.0680586
0.068008
0.067959
0.0679114
0.0678653
0.0678205
0.0677771
0.0677349
0.0676939
0.0676541
0.0676154
0.0675778
0.0675412
0.0675056
0.067471
0.0674373
0.0674045
0.0673726
0.0673415
0.0673112
0.0672817
0.067253
0.0672249
0.0671976
0.0671709
0.0671449
0.0671195
0.0670948
0.0670706
0.067047
0.0670239
0.0670014
0.0669794
0.0669579
0.0669368
0.0669163
0.0668962
0.0668766
0.0668574
0.0668386
0.0668202
0.0668022
0.0667846
0.0667674
0.0667506
0.0667341
0.066718
0.0667022
0.0666867
0.0666716
0.0666568
0.0666423
0.0666281
0.0666142
0.0666006
0.0665872
0.0665742
0.0665614
0.0665489
0.0665367
0.0665247
0.066513
0.0665015
0.0664902
0.0664792
0.0664685
0.0664579
0.0664476
0.0664376
0.0664277
0.0664181
0.0664086
0.0663994
0.0663904
0.0663816
0.066373
0.0663647
0.0663565
0.0663485
0.0663407
0.066333
0.0663256
0.0663184
0.0663113
0.0663044
0.0662977
0.0662912
0.0662849
0.0662787
0.0662727
0.0662669
0.0662612
0.0662557
0.0662504
0.0662453
0.0662403
0.0662354
0.0662308
0.0662262
0.0662219
0.0662177
0.0662136
0.0662098
0.066206
0.0662024
0.066199
0.0661957
0.0661925
0.0661895
0.0661867
0.066184
0.0661814
0.066179
0.0661767
0.0661746
0.0661726
0.0661707
0.066169
0.0661674
0.0661659
0.0661646
0.0661634
0.0661624
0.0661614
0.0661606
0.06616
0.0661594
0.066159
0.0661588
0.0661586
0.0661586
0.0661587
0.0661589
0.0661592
0.0661597
0.0661603
0.066161
0.0661618
0.0661628
0.0661639
0.066165
0.0661663
0.0661678
0.0661693
0.066171
0.0661727
0.0661746
0.0661766
0.0661787
0.0661809
0.0661832
0.0661857
0.0661882
0.0661909
0.0661936
0.0661965
0.0661995
0.0662026
0.0662058
0.066209
0.0662124
0.0662159
0.0662195
0.0662232
0.0662271
0.066231
0.066235
0.0662391
0.0662433
0.0662476
0.066252
0.0662565
0.0662611
0.0662658
0.0662705
0.0662754
0.0662804
0.0662855
0.0662906
0.0662959
0.0663012
0.0663066
0.0663122
0.0663178
0.0663235
0.0663293
0.0663351
0.0663411
0.0663471
0.0663533
0.0663595
0.0663658
0.0663722
0.0663787
0.0663852
0.0663919
0.0663986
0.0664054
0.0664123
0.0664192
0.0664263
0.0664334
0.0664406
0.0664478
0.0664552
0.0664626
0.0664701
0.0664777
0.0664854
0.0664931
0.0665009
0.0665088
0.0665167
0.0665247
0.0665328
0.066541
0.0665492
0.0665575
0.0665659
0.0665743
0.0665828
0.0665914
0.0666001
0.0666088
0.0666175
0.0666264
0.0666353
0.0666442
0.0666533
0.0666624
0.0666715
0.0666807
0.06669
0.0666994
0.0667088
0.0667182
0.0667277
0.0667373
0.066747
0.0667567
0.0667664
0.0667762
0.0667861
0.066796
0.066806
0.066816
0.0668261
0.0668362
0.0668464
0.0668566
0.0668669
0.0668773
0.0668877
0.0668981
0.0669086
0.0669191
0.0669297
0.0669404
0.066951
0.0669618
0.0669725
0.0669834
0.0669942
0.0670051
0.0670161
0.0670271
0.0670381
0.0670492
0.0670604
0.0670715
0.0670827
0.067094
0.0671053
0.0671166
0.067128
0.0671394
0.0671508
0.0671623
0.0671738
0.0671854
0.067197
0.0672086
0.0672202
0.0672319
0.0672437
0.0672554
0.0672672
0.067279
0.0672909
0.0673028
0.0673147
0.0673266
0.0673386
0.0673506
0.0673626
0.0673747
0.0673868
0.0673989
0.067411
0.0674232
0.0674354
0.0674476
0.0674598
0.0674721
0.0674844
0.0674967
0.067509
0.0675214
0.0675337
0.0675461
0.0675585
0.067571
0.0675834
0.0675959
0.0676083
0.0676208
0.0676334
0.0676459
0.0676584
0.067671
0.0676836
0.0676962
0.0677088
0.0677214
0.067734
0.0677467
0.0677593
0.067772
0.0677846
0.0677973
0.06781
0.0678227
0.0678354
0.0678481
0.0678608
0.0678736
0.0678863
0.067899
0.0679118
0.0679245
0.0679373
0.06795
0.0679628
0.0679755
0.0679883
0.068001
0.0680138
0.0680265
0.0680393
0.0680521
0.0680648
0.0680776
0.0680903
0.068103
0.0681158
0.0681285
0.0681412
0.068154
0.0681667
0.0681794
0.0681921
0.0682048
0.0682175
0.0682301
0.0682428
0.0682555
0.0682681
0.0682807
0.0682934
0.068306
0.0683186
0.0683311
0.0683437
0.0683563
0.0683688
0.0683813
0.0683938
0.0684063
0.0684188
0.0684312
0.0684437
0.0684561
0.0684685
0.0684808
0.0684932
0.0685055
0.0685178
0.0685301
0.0685424
0.0685546
0.0685668
0.068579
0.0685911
0.0686033
0.0686154
0.0686275
0.0686395
0.0686515
0.0686635
0.0686755
0.0686874
0.0686993
0.0687112
0.068723
0.0687348
0.0687466
0.0687584
0.0687701
0.0687817
0.0687934
0.068805
0.0688165
0.068828
0.0688395
0.068851
0.0688624
0.0688738
0.0688851
0.0688964
0.0689076
0.0689188
0.06893
0.0689411
0.0689522
0.0689632
0.0689742
0.0689851
0.068996
0.0690068
0.0690176
0.0690284
0.0690391
0.0690497
0.0690603
0.0690709
0.0690814
0.0690918
0.0691022
0.0691126
0.0691229
0.0691331
0.0691433
0.0691534
0.0691635
0.0691735
0.0691834
0.0691933
0.0692032
0.0692129
0.0692227
0.0692323
0.0692419
0.0692515
0.0692609
0.0692703
0.0692797
0.069289
0.0692982
0.0693073
0.0693164
0.0693255
0.0693344
0.0693433
0.0693521
0.0693609
0.0693696
0.0693782
0.0693867
0.0693952
0.0694036
0.0694119
0.0694202
0.0694284
0.0694365
0.0694445
0.0694525
0.0694603
0.0694682
0.0694759
0.0694835
0.0694911
0.0694986
0.069506
0.0695133
0.0695206
0.0695278
0.0695349
0.0695419
0.0695488
0.0695556
0.0695624
0.069569
0.0695756
0.0695821
0.0695885
0.0695949
0.0696011
0.0696073
0.0696133
0.0696193
0.0696252
0.0696309
0.0696366
0.0696422
0.0696478
0.0696532
0.0696585
0.0696637
0.0696689
0.0696739
0.0696788
0.0696837
0.0696884
0.0696931
0.0696976
0.0697021
0.0697064
0.0697107
0.0697148
0.0697189
0.0697228
0.0697267
0.0697304
0.069734
0.0697376
0.069741
0.0697443
0.0697475
0.0697506
0.0697537
0.0697565
0.0697593
0.069762
0.0697646
0.069767
0.0697694
0.0697716
0.0697737
0.0697757
0.0697776
0.0697794
0.0697811
0.0697827
0.0697841
0.0697854
0.0697866
0.0697877
0.0697887
0.0697896
0.0697903
0.0697909
0.0697914
0.0697918
0.0697921
0.0697922
0.0697922
0.0697921
0.0697919
0.0697915
0.0697911
0.0697905
0.0697897
0.0697889
0.0697879
0.0697868
0.0697856
0.0697843
0.0697828
0.0697812
0.0697794
0.0697776
0.0697756
0.0697735
0.0697712
0.0697688
0.0697663
0.0697637
0.0697609
0.069758
0.0697549
0.0697517
0.0697484
0.069745
0.0697414
0.0697377
0.0697338
0.0697298
0.0697257
0.0697214
0.069717
0.0697125
0.0697078
0.069703
0.0696981
0.069693
0.0696877
0.0696823
0.0696768
0.0696712
0.0696654
0.0696594
0.0696533
0.0696471
0.0696407
0.0696342
0.0696276
0.0696208
0.0696138
0.0696067
0.0695995
0.0695921
0.0695846
0.0695769
0.0695691
0.0695611
0.069553
0.0695447
0.0695363
0.0695277
0.069519
0.0695102
0.0695012
0.069492
0.0694827
0.0694732
0.0694636
0.0694539
0.0694439
0.0694339
0.0694237
0.0694133
0.0694028
0.0693921
0.0693813
0.0693703
0.0693592
0.0693479
0.0693364
0.0693249
0.0693131
0.0693012
0.0692891
0.0692769
0.0692646
0.069252
0.0692394
0.0692265
0.0692135
0.0692004
0.0691871
0.0691736
0.06916
0.0691463
0.0691323
0.0691182
0.069104
0.0690896
0.069075
0.0690603
0.0690454
0.0690304
0.0690152
0.0689999
0.0689844
0.0689687
0.0689529
0.0689369
0.0689208
0.0689045
0.068888
0.0688714
0.0688546
0.0688377
0.0688206
0.0688033
0.0687859
0.0687683
0.0687506
0.0687327
0.0687147
0.0686965
0.0686781
0.0686596
0.0686409
0.068622
0.068603
0.0685839
0.0685645
0.068545
0.0685254
0.0685056
0.0684856
0.0684655
0.0684452
0.0684248
0.0684042
0.0683834
0.0683625
0.0683414
0.0683202
0.0682988
0.0682773
0.0682555
0.0682337
0.0682116
0.0681895
0.0681671
0.0681446
0.068122
0.0680991
0.0680762
0.068053
0.0680297
0.0680063
0.0679827
0.0679589
0.067935
0.0679109
0.0678867
0.0678623
0.0678378
0.0678131
0.0677882
0.0677632
0.0677381
0.0677127
0.0676873
0.0676616
0.0676359
0.0676099
0.0675838
0.0675576
0.0675312
0.0675047
0.067478
0.0674511
0.0674241
0.0673969
0.0673696
0.0673422
0.0673146
0.0672868
0.0672589
0.0672308
0.0672026
0.0671743
0.0671458
0.0671171
0.0670883
0.0670594
0.0670303
0.067001
0.0669716
0.0669421
0.0669124
0.0668826
0.0668526
0.0668225
0.0667922
0.0667618
0.0667313
0.0667006
0.0666697
0.0666388
0.0666076
0.0665764
0.066545
0.0665134
0.0664817
0.0664499
0.0664179
0.0663858
0.0663536
0.0663212
0.0662887
0.0662561
0.0662233
0.0661903
0.0661573
0.0661241
0.0660908
0.0660573
0.0660237
0.06599
0.0659561
0.0659221
0.065888
0.0658537
0.0658194
0.0657848
0.0657502
0.0657154
0.0656805
0.0656455
0.0656103
0.0655751
0.0655396
0.0655041
0.0654685
0.0654327
0.0653968
0.0653607
0.0653246
0.0652883
0.0652519
0.0652154
0.0651788
0.065142
0.0651052
0.0650682
0.0650311
0.0649938
0.0649565
0.064919
0.0648815
0.0648438
0.064806
0.0647681
0.06473
0.0646919
0.0646537
0.0646153
0.0645768
0.0645382
0.0644996
0.0644608
0.0644219
0.0643829
0.0643437
0.0643045
0.0642652
0.0642258
0.0641863
0.0641466
0.0641069
0.0640671
0.0640271
0.0639871
0.0639469
0.0639067
0.0638664
0.063826
0.0637854
0.0637448
0.0637041
0.0636633
0.0636224
0.0635814
0.0635403
0.0634991
0.0634579
0.0634165
0.0633751
0.0633335
0.0632919
0.0632502
0.0632084
0.0631665
0.0631246
0.0630825
0.0630404
0.0629982
0.0629559
0.0629135
0.062871
0.0628285
0.0627859
0.0627432
0.0627004
0.0626576
0.0626147
0.0625717
0.0625286
0.0624854
0.0624422
0.0623989
0.0623556
0.0623121
0.0622686
0.0622251
0.0621814
0.0621377
0.062094
0.0620501
0.0620062
0.0619622
0.0619182
0.0618741
0.06183
0.0617857
0.0617415
0.0616971
0.0616527
0.0616083
0.0615637
0.0615192
0.0614745
0.0614299
0.0613851
0.0613403
0.0612955
0.0612506
0.0612056
0.0611606
0.0611156
0.0610705
0.0610253
0.0609801
0.0609349
0.0608896
0.0608443
0.0607989
0.0607535
0.060708
0.0606625
0.0606169
0.0605713
0.0605257
0.06048
0.0604343
0.0603886
0.0603428
0.060297
0.0602511
0.0602052
0.0601593
0.0601133
0.0600673
0.0600213
0.0599752
0.0599291
0.059883
0.0598369
0.0597907
0.0597445
0.0596982
0.059652
0.0596057
0.0595594
0.059513
0.0594667
0.0594203
0.0593739
0.0593275
0.059281
0.0592346
0.0591881
0.0591416
0.059095
0.0590485
0.0590019
0.0589554
0.0589088
0.0588622
0.0588156
0.0587689
0.0587223
0.0586757
0.058629
0.0585823
0.0585356
0.0584889
0.0584422
0.0583955
0.0583488
0.0583021
0.0582554
0.0582086
0.0581619
0.0581152
0.0580684
0.0580217
0.0579749
0.0579282
0.0578814
0.0578347
0.057788
0.0577412
0.0576945
0.0576477
0.057601
0.0575543
0.0575075
0.0574608
0.0574141
0.0573674
0.0573207
0.057274
0.0572273
0.0571806
0.057134
0.0570873
0.0570407
0.056994
0.0569474
0.0569008
0.0568542
0.0568076
0.0567611
0.0567145
0.056668
0.0566215
0.0565749
0.0565285
0.056482
0.0564355
0.0563891
0.0563427
0.0562963
0.0562499
0.0562036
0.0561573
0.056111
0.0560647
0.0560184
0.0559722
0.055926
0.0558798
0.0558336
0.0557875
0.0557414
0.0556953
0.0556493
0.0556032
0.0555572
0.0555113
0.0554653
0.0554194
0.0553736
0.0553277
0.0552819
0.0552361
0.0551904
0.0551447
0.055099
0.0550533
0.0550077
0.0549621
0.0549166
0.0548711
0.0548256
0.0547802
0.0547348
0.0546894
0.0546441
0.0545988
0.0545536
0.0545084
0.0544632
0.0544181
0.054373
0.054328
0.054283
0.054238
0.0541931
0.0541482
0.0541034
0.0540586
0.0540139
0.0539692
0.0539246
0.05388
0.0538354
0.0537909
0.0537464
0.053702
0.0536576
0.0536133
0.053569
0.0535248
0.0534806
0.0534365
0.0533924
0.0533484
0.0533044
0.0532605
0.0532166
0.0531728
0.053129
0.0530853
0.0530416
0.052998
0.0529544
0.0529109
0.0528674
0.052824
0.0527807
0.0527374
0.0526941
0.052651
0.0526078
0.0525648
0.0525217
0.0524788
0.0524359
0.052393
0.0523502
0.0523075
0.0522648
0.0522222
0.0521797
0.0521372
0.0520947
0.0520523
0.05201
0.0519677
0.0519255
0.0518834
0.0518413
0.0517993
0.0517573
0.0517154
0.0516736
0.0516318
0.0515901
0.0515485
0.0515069
0.0514654
0.0514239
0.0513825
0.0513412
0.0512999
0.0512587
0.0512176
0.0511765
0.0511355
0.0510945
0.0510536
0.0510128
0.0509721
0.0509314
0.0508907
0.0508502
0.0508097
0.0507693
0.0507289
0.0506886
0.0506484
0.0506082
0.0505682
0.0505281
0.0504882
0.0504483
0.0504085
0.0503687
0.050329
0.0502894
0.0502499
0.0502104
0.050171
0.0501316
0.0500924
0.0500532
0.050014
0.049975
0.049936
0.0498971
0.0498582
0.0498194
0.0497807
0.0497421
0.0497035
0.049665
0.0496266
0.0495882
0.0495499
0.0495117
0.0494736
0.0494355
0.0493975
0.0493595
0.0493217
0.0492839
0.0492462
0.0492085
0.0491709
0.0491334
0.049096
0.0490587
0.0490214
0.0489842
0.048947
0.0489099
0.0488729
0.048836
0.0487992
0.0487624
0.0487257
0.0486891
0.0486525
0.048616
0.0485796
0.0485433
0.048507
0.0484708
0.0484347
0.0483986
0.0483626
0.0483267
0.0482909
0.0482552
0.0482195
0.0481839
0.0481483
0.0481129
0.0480775
0.0480422
0.0480069
0.0479718
0.0479367
0.0479017
0.0478667
0.0478319
0.0477971
0.0477623
0.0477277
0.0476931
0.0476586
0.0476242
0.0475898
0.0475556
0.0475213
0.0474872
0.0474532
0.0474192
0.0473853
0.0473514
0.0473177
0.047284
0.0472504
0.0472168
0.0471834
0.04715
0.0471166
0.0470834
0.0470502
0.0470171
0.0469841
0.0469512
0.0469183
0.0468855
0.0468528
0.0468201
0.0467875
0.046755
0.0467226
0.0466902
0.0466579
0.0466257
0.0465936
0.0465615
0.0465295
0.0464976
0.0464658
0.046434
0.0464023
0.0463707
0.0463391
0.0463076
0.0462762
0.0462449
0.0462136
0.0461824
0.0461513
0.0461203
0.0460893
0.0460584
0.0460276
0.0459968
0.0459662
0.0459355
0.045905
0.0458745
0.0458442
0.0458138
0.0457836
0.0457534
0.0457233
0.0456933
0.0456633
0.0456334
0.0456036
0.0455739
0.0455442
0.0455146
0.0454851
0.0454556
0.0454262
0.0453969
0.0453677
0.0453385
0.0453094
0.0452804
0.0452514
0.0452225
0.0451937
0.0451649
0.0451363
0.0451077
0.0450791
0.0450507
0.0450223
0.0449939
0.0449657
0.0449375
0.0449094
0.0448813
0.0448533
0.0448254
0.0447976
0.0447698
0.0447421
0.0447145
0.0446869
0.0446594
0.044632
0.0446046
0.0445773
0.0445501
0.044523
0.0444959
0.0444689
0.0444419
0.044415
0.0443882
0.0443615
0.0443348
0.0443082
0.0442817
0.0442552
0.0442288
0.0442024
0.0441762
0.04415
0.0441238
0.0440977
0.0440717
0.0440458
0.0440199
0.0439941
0.0439684
0.0439427
0.0439171
0.0438915
0.0438661
0.0438406
0.0438153
0.04379
0.0437648
0.0437396
0.0437145
0.0436895
0.0436646
0.0436397
0.0436148
0.0435901
0.0435654
0.0435407
0.0435162
0.0434916
0.0434672
0.0434428
0.0434185
0.0433942
0.04337
0.0433459
0.0433219
0.0432978
0.0432739
0.04325
0.0432262
0.0432025
0.0431788
0.0431551
0.0431316
0.0431081
0.0430846
0.0430612
0.0430379
0.0430146
0.0429914
0.0429683
0.0429452
0.0429222
0.0428993
0.0428764
0.0428535
0.0428307
0.042808
0.0427854
0.0427628
0.0427402
0.0427178
0.0426954
0.042673
0.0426507
0.0426285
0.0426063
0.0425842
0.0425621
0.0425401
0.0425181
0.0424963
0.0424744
0.0424526
0.0424309
0.0424093
0.0423877
0.0423661
0.0423447
0.0423232
0.0423019
0.0422805
0.0422593
0.0422381
0.0422169
0.0421959
0.0421748
0.0421538
0.0421329
0.0421121
0.0420913
0.0420705
0.0420498
0.0420292
0.0420086
0.041988
0.0419676
0.0419471
0.0419268
0.0419065
0.0418862
0.041866
0.0418459
0.0418258
0.0418057
0.0417857
0.0417658
0.0417459
0.0417261
0.0417063
0.0416866
0.0416669
0.0416473
0.0416277
0.0416082
0.0415888
0.0415693
0.04155
0.0415307
0.0415114
0.0414922
0.0414731
0.041454
0.0414349
0.0414159
0.041397
0.0413781
0.0413593
0.0413405
0.0413217
0.041303
0.0412844
0.0412658
0.0412472
0.0412287
0.0412103
0.0411919
0.0411736
0.0411553
0.041137
0.0411188
0.0411007
0.0410826
0.0410645
0.0410465
0.0410286
0.0410106
0.0409928
0.040975
0.0409572
0.0409395
0.0409218
0.0409042
0.0408866
0.0408691
0.0408516
0.0408342
0.0408168
0.0407994
0.0407821
0.0407649
0.0407477
0.0407305
0.0407134
0.0406964
0.0406793
0.0406624
0.0406454
0.0406285
0.0406117
0.0405949
0.0405782
0.0405614
0.0405448
0.0405282
0.0405116
0.0404951
0.0404786
0.0404621
0.0404457
0.0404294
0.0404131
0.0403968
0.0403806
0.0403644
0.0403483
0.0403322
0.0403161
0.0403001
0.0402841
0.0402682
0.0402523
0.0402365
0.0402207
0.0402049
0.0401892
0.0401736
0.0401579
0.0401423
0.0401268
0.0401113
0.0400958
0.0400804
0.040065
0.0400496
0.0400343
0.0400191
0.0400038
0.0399887
0.0399735
0.0399584
0.0399433
0.0399283
0.0399133
0.0398984
0.0398835
0.0398686
0.0398538
0.039839
0.0398242
0.0398095
0.0397948
0.0397802
0.0397656
0.039751
0.0397365
0.039722
0.0397076
0.0396932
0.0396788
0.0396645
0.0396502
0.0396359
0.0396217
0.0396075
0.0395934
0.0395792
0.0395652
0.0395511
0.0395371
0.0395232
0.0395092
0.0394953
0.0394815
0.0394677
0.0394539
0.0394401
0.0394264
0.0394127
0.0393991
0.0393855
0.0393719
0.0393583
0.0393448
0.0393314
0.0393179
0.0393045
0.0392912
0.0392778
0.0392645
0.0392513
0.039238
0.0392248
0.0392117
0.0391986
0.0391855
0.0391724
0.0391594
0.0391464
0.0391334
0.0391205
0.0391076
0.0390947
0.0390819
0.0390691
0.0390563
0.0390436
0.0390309
0.0390182
0.0390056
0.038993
0.0389804
0.0389679
0.0389553
0.0389429
0.0389304
0.038918
0.0389056
0.0388933
0.0388809
0.0388686
0.0388564
0.0388442
0.038832
0.0388198
0.0388077
0.0387955
0.0387835
0.0387714
0.0387594
0.0387474
0.0387355
0.0387235
0.0387116
0.0386998
0.0386879
0.0386761
0.0386643
0.0386526
0.0386409
0.0386292
0.0386175
0.0386059
0.0385943
0.0385827
0.0385711
0.0385596
0.0385481
0.0385367
0.0385252
0.0385138
0.0385025
0.0384911
0.0384798
0.0384685
0.0384572
0.038446
0.0384348
0.0384236
0.0384124
0.0384013
0.0383902
0.0383791
0.0383681
0.038357
0.0383461
0.0383351
0.0383241
0.0383132
0.0383023
0.0382915
0.0382806
0.0382698
0.0382591
0.0382483
0.0382376
0.0382269
0.0382162
0.0382055
0.0381949
0.0381843
0.0381737
0.0381632
0.0381527
0.0381422
0.0381317
0.0381212
0.0381108
0.0381004
0.03809
0.0380797
0.0380694
0.0380591
0.0380488
0.0380385
0.0380283
0.0380181
0.0380079
0.0379978
0.0379877
0.0379776
0.0379675
0.0379574
0.0379474
0.0379374
0.0379274
0.0379174
0.0379075
0.0378976
0.0378877
0.0378778
0.037868
0.0378582
0.0378484
0.0378386
0.0378288
0.0378191
0.0378094
0.0377997
0.0377901
0.0377804
0.0377708
0.0377612
0.0377517
0.0377421
0.0377326
0.0377231
0.0377136
0.0377042
0.0376947
0.0376853
0.0376759
0.0376666
0.0376572
0.0376479
0.0376386
0.0376293
0.03762
0.0376108
0.0376016
0.0375924
0.0375832
0.0375741
0.0375649
0.0375558
0.0375467
0.0375377
0.0375286
0.0375196
0.0375106
0.0375016
0.0374927
0.0374837
0.0374748
0.0374659
0.037457
0.0374482
0.0374393
0.0374305
0.0374217
0.0374129
0.0374042
0.0373954
0.0373867
0.037378
0.0373693
0.0373607
0.0373521
0.0373434
0.0373348
0.0373263
0.0373177
0.0373092
0.0373007
0.0372922
0.0372837
0.0372752
0.0372668
0.0372584
0.03725
0.0372416
0.0372332
0.0372249
0.0372165
0.0372082
0.0372
0.0371917
0.0371834
0.0371752
0.037167
0.0371588
0.0371506
0.0371425
0.0371344
0.0371262
0.0371181
0.0371101
0.037102
0.037094
0.0370859
0.0370779
0.0370699
0.037062
0.037054
0.0370461
0.0370382
0.0370303
0.0370224
0.0370145
0.0370067
0.0369989
0.036991
0.0369833
0.0369755
0.0369677
0.03696
0.0369523
0.0369446
0.0369369
0.0369292
0.0369216
0.0369139
0.0369063
0.0368987
0.0368912
0.0368836
0.036876
0.0368685
0.036861
0.0368535
0.036846
0.0368386
0.0368311
0.0368237
0.0368163
0.0368089
0.0368015
0.0367942
0.0367868
0.0367795
0.0367722
0.0367649
0.0367576
0.0367504
0.0367431
0.0367359
0.0367287
0.0367215
0.0367143
0.0367072
0.0367
0.0366929
0.0366858
0.0366787
0.0366716
0.0366645
0.0366575
0.0366505
0.0366434
0.0366364
0.0366295
0.0366225
0.0366155
0.0366086
0.0366017
0.0365948
0.0365879
0.036581
0.0365742
0.0365673
0.0365605
0.0365537
0.0365469
0.0365401
0.0365333
0.0365266
0.0365199
0.0365131
0.0365064
0.0364997
0.0364931
0.0364864
0.0364798
0.0364731
0.0364665
0.0364599
0.0364534
0.0364468
0.0364402
0.0364337
0.0364272
0.0364207
0.0364142
0.0364077
0.0364012
0.0363948
0.0363884
0.0363819
0.0363755
0.0363691
0.0363628
0.0363564
0.0363501
0.0363437
0.0363374
0.0363311
0.0363248
0.0363186
0.0363123
0.0363061
0.0362998
0.0362936
0.0362874
0.0362812
0.036275
0.0362689
0.0362627
0.0362566
0.0362505
0.0362444
0.0362383
0.0362322
0.0362262
0.0362201
0.0362141
0.0362081
0.0362021
0.0361961
0.0361901
0.0361841
0.0361782
0.0361722
0.0361663
0.0361604
0.0361545
0.0361486
0.0361428
0.0361369
0.0361311
0.0361252
0.0361194
0.0361136
0.0361078
0.0361021
0.0360963
0.0360906
0.0360848
0.0360791
0.0360734
0.0360677
0.036062
0.0360564
0.0360507
0.0360451
0.0360394
0.0360338
0.0360282
0.0360226
0.0360171
0.0360115
0.0360059
0.0360004
0.0359949
0.0359894
0.0359839
0.0359784
0.0359729
0.0359675
0.035962
0.0359566
0.0359512
0.0359457
0.0359404
0.035935
0.0359296
0.0359242
0.0359189
0.0359136
0.0359082
0.0359029
0.0358976
0.0358924
0.0358871
0.0358818
0.0358766
0.0358713
0.0358661
0.0358609
0.0358557
0.0358505
0.0358454
0.0358402
0.035835
0.0358299
0.0358248
0.0358197
0.0358146
0.0358095
0.0358044
0.0357993
0.0357943
0.0357893
0.0357842
0.0357792
0.0357742
0.0357692
0.0357642
0.0357593
0.0357543
0.0357494
0.0357444
0.0357395
0.0357346
0.0357297
0.0357248
0.0357199
0.0357151
0.0357102
0.0357054
0.0357006
0.0356957
0.0356909
0.0356861
0.0356814
0.0356766
0.0356718
0.0356671
0.0356623
0.0356576
0.0356529
0.0356482
0.0356435
0.0356388
0.0356342
0.0356295
0.0356249
0.0356202
0.0356156
0.035611
0.0356064
0.0356018
0.0355972
0.0355926
0.0355881
0.0355835
0.035579
0.0355745
0.03557
0.0355654
0.035561
0.0355565
0.035552
0.0355475
0.0355431
0.0355387
0.0355342
0.0355298
0.0355254
0.035521
0.0355166
0.0355122
0.0355079
0.0355035
0.0354992
0.0354949
0.0354905
0.0354862
0.0354819
0.0354776
0.0354734
0.0354691
0.0354648
0.0354606
0.0354563
0.0354521
0.0354479
0.0354437
0.0354395
0.0354353
0.0354311
0.035427
0.0354228
0.0354187
0.0354145
0.0354104
0.0354063
0.0354022
0.0353981
0.035394
0.0353899
0.0353859
0.0353818
0.0353778
0.0353737
0.0353697
0.0353657
0.0353617
0.0353577
0.0353537
0.0353497
0.0353458
0.0353418
0.0353378
0.0353339
0.03533
0.0353261
0.0353222
0.0353183
0.0353144
0.0353105
0.0353066
0.0353028
0.0352989
0.0352951
0.0352912
0.0352874
0.0352836
0.0352798
0.035276
0.0352722
0.0352685
0.0352647
0.0352609
0.0352572
0.0352535
0.0352497
0.035246
0.0352423
0.0352386
0.0352349
0.0352312
0.0352276
0.0352239
0.0352202
0.0352166
0.035213
0.0352093
0.0352057
0.0352021
0.0351985
0.0351949
0.0351913
0.0351878
0.0351842
0.0351806
0.0351771
0.0351736
0.03517
0.0351665
0.035163
0.0351595
0.035156
0.0351525
0.035149
0.0351456
0.0351421
0.0351387
0.0351352
0.0351318
0.0351284
0.035125
0.0351216
0.0351182
0.0351148
0.0351114
0.035108
0.0351047
0.0351013
0.035098
0.0350946
0.0350913
0.035088
0.0350847
0.0350814
0.0350781
0.0350748
0.0350715
0.0350682
0.035065
0.0350617
0.0350585
0.0350552
0.035052
0.0350488
0.0350456
0.0350423
0.0350391
0.035036
0.0350328
0.0350296
0.0350264
0.0350233
0.0350201
0.035017
0.0350139
0.0350107
0.0350076
0.0350045
0.0350014
0.0349983
0.0349952
0.0349922
0.0349891
0.034986
0.034983
0.0349799
0.0349769
0.0349739
0.0349708
0.0349678
0.0349648
0.0349618
0.0349588
0.0349558
0.0349529
0.0349499
0.0349469
0.034944
0.034941
0.0349381
0.0349352
0.0349322
0.0349293
0.0349264
0.0349235
0.0349206
0.0349177
0.0349148
0.034912
0.0349091
0.0349063
0.0349034
0.0349006
0.0348977
0.0348949
0.0348921
0.0348893
0.0348865
0.0348837
0.0348809
0.0348781
0.0348753
0.0348725
0.0348698
0.034867
0.0348643
0.0348615
0.0348588
0.0348561
0.0348533
0.0348506
0.0348479
0.0348452
0.0348425
0.0348398
0.0348372
0.0348345
0.0348318
0.0348292
0.0348265
0.0348239
0.0348212
0.0348186
0.034816
0.0348134
0.0348107
0.0348081
0.0348055
0.0348029
0.0348004
0.0347978
0.0347952
0.0347927
0.0347901
0.0347875
0.034785
0.0347825
0.0347799
0.0347774
0.0347749
0.0347724
0.0347699
0.0347674
0.0347649
0.0347624
0.0347599
0.0347574
0.034755
0.0347525
0.0347501
0.0347476
0.0347452
0.0347427
0.0347403
0.0347379
0.0347355
0.0347331
0.0347307
0.0347283
0.0347259
0.0347235
0.0347211
0.0347187
0.0347164
0.034714
0.0347116
0.0347093
0.034707
0.0347046
0.0347023
0.0347
0.0346976
0.0346953
0.034693
0.0346907
0.0346884
0.0346861
0.0346839
0.0346816
0.0346793
0.034677
0.0346748
0.0346725
0.0346703
0.034668
0.0346658
0.0346636
0.0346614
0.0346591
0.0346569
0.0346547
0.0346525
0.0346503
0.0346481
0.0346459
0.0346438
0.0346416
0.0346394
0.0346373
0.0346351
0.034633
0.0346308
0.0346287
0.0346265
0.0346244
0.0346223
0.0346202
0.0346181
0.034616
0.0346139
0.0346118
0.0346097
0.0346076
0.0346055
0.0346034
0.0346014
0.0345993
0.0345972
0.0345952
0.0345931
0.0345911
0.0345891
0.034587
0.034585
0.034583
0.034581
0.034579
0.034577
0.034575
0.034573
0.034571
0.034569
0.034567
0.034565
0.0345631
0.0345611
0.0345591
0.0345572
0.0345552
0.0345533
0.0345514
0.0345494
0.0345475
0.0345456
0.0345436
0.0345417
0.0345398
0.0345379
0.034536
0.0345341
0.0345322
0.0345304
0.0345285
0.0345266
0.0345247
0.0345229
0.034521
0.0345191
0.0345173
0.0345154
0.0345136
0.0345118
0.0345099
0.0345081
0.0345063
0.0345045
0.0345027
0.0345008
0.034499
0.0344972
0.0344954
0.0344937
0.0344919
0.0344901
0.0344883
0.0344865
0.0344848
0.034483
0.0344813
0.0344795
0.0344778
0.034476
0.0344743
0.0344725
0.0344708
0.0344691
0.0344674
0.0344656
0.0344639
0.0344622
0.0344605
0.0344588
0.0344571
0.0344554
0.0344537
0.034452
0.0344504
0.0344487
0.034447
0.0344454
0.0344437
0.034442
0.0344404
0.0344387
0.0344371
0.0344354
0.0344338
0.0344322
0.0344305
0.0344289
0.0344273
0.0344257
0.0344241
0.0344225
0.0344209
0.0344193
0.0344177
0.0344161
0.0344145
0.0344129
0.0344113
0.0344097
0.0344082
0.0344066
0.034405
0.0344035
0.0344019
0.0344004
0.0343988
0.0343973
0.0343957
0.0343942
0.0343927
0.0343911
0.0343896
0.0343881
0.0343866
0.0343851
0.0343836
0.0343821
0.0343805
0.0343791
0.0343776
0.0343761
0.0343746
0.0343731
0.0343716
0.0343701
0.0343687
0.0343672
0.0343657
0.0343643
0.0343628
0.0343614
0.0343599
0.0343585
0.034357
0.0343556
0.0343541
0.0343527
0.0343513
0.0343499
0.0343484
0.034347
0.0343456
0.0343442
0.0343428
0.0343414
0.03434
0.0343386
0.0343372
0.0343358
0.0343344
0.034333
0.0343317
0.0343303
0.0343289
0.0343275
0.0343262
0.0343248
0.0343234
0.0343221
0.0343207
0.0343194
0.034318
0.0343167
0.0343154
0.034314
0.0343127
0.0343114
0.03431
0.0343087
0.0343074
0.0343061
0.0343048
0.0343035
0.0343021
0.0343008
0.0342995
0.0342982
0.0342969
0.0342957
0.0342944
0.0342931
0.0342918
0.0342905
0.0342892
0.034288
0.0342867
0.0342854
0.0342842
0.0342829
0.0342817
0.0342804
0.0342791
0.0342779
0.0342767
0.0342754
0.0342742
0.0342729
0.0342717
0.0342705
0.0342692
0.034268
0.0342668
0.0342656
0.0342644
0.0342632
0.0342619
0.0342607
0.0342595
0.0342583
0.0342571
0.0342559
0.0342547
0.0342536
0.0342524
0.0342512
0.03425
0.0342488
0.0342476
0.0342465
0.0342453
0.0342441
0.034243
0.0342418
0.0342407
0.0342395
0.0342383
0.0342372
0.034236
0.0342349
0.0342338
0.0342326
0.0342315
0.0342303
0.0342292
0.0342281
0.0342269
0.0342258
0.0342247
0.0342236
0.0342225
0.0342214
0.0342202
0.0342191
0.034218
0.0342169
0.0342158
0.0342147
0.0342136
0.0342125
0.0342114
0.0342104
0.0342093
0.0342082
0.0342071
0.034206
0.0342049
0.0342039
0.0342028
0.0342017
0.0342007
0.0341996
0.0341985
0.0341975
0.0341964
0.0341954
0.0341943
0.0341933
0.0341922
0.0341912
0.0341901
0.0341891
0.0341881
0.034187
0.034186
0.034185
0.0341839
0.0341829
0.0341819
0.0341809
0.0341798
0.0341788
0.0341778
0.0341768
0.0341758
0.0341748
0.0341738
0.0341728
0.0341718
0.0341708
0.0341698
0.0341688
0.0341678
0.0341668
0.0341658
0.0341648
0.0341638
0.0341628
0.0341619
0.0341609
0.0341599
0.0341589
0.034158
0.034157
0.034156
0.0341551
0.0341541
0.0341531
0.0341522
0.0341512
0.0341503
0.0341493
0.0341484
0.0341474
0.0341465
0.0341455
0.0341446
0.0341437
0.0341427
0.0341418
0.0341408
0.0341399
0.034139
0.034138
0.0341371
0.0341362
0.0341353
0.0341344
0.0341334
0.0341325
0.0341316
0.0341307
0.0341298
0.0341289
0.034128
0.0341271
0.0341262
0.0341253
0.0341244
0.0341235
0.0341226
0.0341217
0.0341208
0.0341199
0.034119
0.0341181
0.0341172
0.0341163
0.0341155
0.0341146
0.0341137
0.0341128
0.034112
0.0341111
0.0341102
0.0341093
0.0341085
0.0341076
0.0341067
0.0341059
0.034105
0.0341042
0.0341033
0.0341024
0.0341016
0.0341007
0.0340999
0.034099
0.0340982
0.0340974
0.0340965
0.0340957
0.0340948
0.034094
0.0340932
0.0340923
0.0340915
0.0340907
0.0340898
0.034089
0.0340882
0.0340873
0.0340865
0.0340857
0.0340849
0.0340841
0.0340832
0.0340824
0.0340816
0.0340808
0.03408
0.0340792
0.0340784
0.0340776
0.0340768
0.0340759
0.0340751
0.0340743
0.0340735
0.0340727
0.034072
0.0340712
0.0340704
0.0340696
0.0340688
0.034068
0.0340672
0.0340664
0.0340656
0.0340649
0.0340641
0.0340633
0.0340625
0.0340617
0.034061
0.0340602
0.0340594
0.0340586
0.0340579
0.0340571
0.0340563
0.0340556
0.0340548
0.034054
0.0340533
0.0340525
0.0340518
0.034051
0.0340502
0.0340495
0.0340487
0.034048
0.0340472
0.0340465
0.0340457
0.034045
0.0340442
0.0340435
0.0340427
0.034042
0.0340413
0.0340405
0.0340398
0.034039
0.0340383
0.0340376
0.0340368
0.0340361
0.0340354
0.0340346
0.0340339
0.0340332
0.0340325
0.0340317
0.034031
0.0340303
0.0340296
0.0340288
0.0340281
0.0340274
0.0340267
0.034026
0.0340253
0.0340245
0.0340238
0.0340231
0.0340224
0.0340217
0.034021
0.0340203
0.0340196
0.0340189
0.0340182
0.0340175
0.0340168
0.0340161
0.0340154
0.0340147
0.034014
0.0340133
0.0340126
0.0340119
0.0340112
0.0340105
0.0340098
0.0340091
0.0340085
0.0340078
0.0340071
0.0340064
0.0340057
0.034005
0.0340043
0.0340037
0.034003
0.0340023
0.0340016
0.034001
0.0340003
0.0339996
0.0339989
0.0339983
0.0339976
0.0339969
0.0339962
0.0339956
0.0339949
0.0339942
0.0339936
0.0339929
0.0339922
0.0339916
0.0339909
0.0339903
0.0339896
0.0339889
0.0339883
0.0339876
0.033987
0.0339863
0.0339857
0.033985
0.0339844
0.0339837
0.033983
0.0339824
0.0339817
0.0339811
0.0339805
0.0339798
0.0339792
0.0339785
0.0339779
0.0339772
0.0339766
0.0339759
0.0339753
0.0339747
0.033974
0.0339734
0.0339727
0.0339721
0.0339715
0.0339708
0.0339702
0.0339696
0.0339689
0.0339683
0.0339677
0.033967
0.0339664
0.0339658
0.0339652
0.0339645
0.0339639
0.0339633
0.0339627
0.033962
0.0339614
0.0339608
0.0339602
0.0339595
0.0339589
0.0339583
0.0339577
0.0339571
0.0339565
0.0339558
0.0339552
0.0339546
0.033954
0.0339534
0.0339528
0.0339522
0.0339515
0.0339509
0.0339503
0.0339497
0.0339491
0.0339485
0.0339479
0.0339473
0.0339467
0.0339461
0.0339455
0.0339449
0.0339443
0.0339437
0.033943
0.0339424
0.0339418
0.0339412
0.0339406
0.03394
0.0339395
0.0339389
0.0339383
0.0339377
0.0339371
0.0339365
0.0339359
0.0339353
0.0339347
0.0339341
0.0339335
0.0339329
0.0339323
0.0339317
0.0339311
0.0339306
0.03393
0.0339294
0.0339288
0.0339282
0.0339276
0.033927
0.0339264
0.0339259
0.0339253
0.0339247
0.0339241
0.0339235
0.0339229
0.0339224
0.0339218
0.0339212
0.0339206
0.03392
0.0339195
0.0339189
0.0339183
0.0339177
0.0339172
0.0339166
0.033916
0.0339154
0.0339149
0.0339143
0.0339137
0.0339131
0.0339126
0.033912
0.0339114
0.0339108
0.0339103
0.0339097
0.0339091
0.0339086
0.033908
0.0339074
0.0339069
0.0339063
0.0339057
0.0339052
0.0339046
0.033904
0.0339035
0.0339029
0.0339023
0.0339018
0.0339012
0.0339006
0.0339001
0.0338995
0.033899
0.0338984
0.0338978
0.0338973
0.0338967
0.0338962
0.0338956
0.033895
0.0338945
0.0338939
0.0338934
0.0338928
0.0338922
0.0338917
0.0338911
0.0338906
0.03389
0.0338895
0.0338889
0.0338884
0.0338878
0.0338873
0.0338867
0.0338861
0.0338856
0.033885
0.0338845
0.0338839
0.0338834
0.0338828
0.0338823
0.0338817
0.0338812
0.0338806
0.0338801
0.0338795
0.033879
0.0338784
0.0338779
0.0338774
0.0338768
0.0338763
0.0338757
0.0338752
0.0338746
0.0338741
0.0338735
0.033873
0.0338724
0.0338719
0.0338714
0.0338708
0.0338703
0.0338697
0.0338692
0.0338686
0.0338681
0.0338676
0.033867
0.0338665
0.0338659
0.0338654
0.0338648
0.0338643
0.0338638
0.0338632
0.0338627
0.0338621
0.0338616
0.0338611
0.0338605
0.03386
0.0338595
0.0338589
0.0338584
0.0338578
0.0338573
0.0338568
0.0338562
0.0338557
0.0338552
0.0338546
0.0338541
0.0338536
0.033853
0.0338525
0.0338519
0.0338514
0.0338509
0.0338503
0.0338498
0.0338493
0.0338487
0.0338482
0.0338477
0.0338471
0.0338466
0.0338461
0.0338455
0.033845
0.0338445
0.0338439
0.0338434
0.0338429
0.0338424
0.0338418
0.0338413
0.0338408
0.0338402
0.0338397
0.0338392
0.0338386
0.0338381
0.0338376
0.0338371
0.0338365
0.033836
0.0338355
0.0338349
0.0338344
0.0338339
0.0338334
0.0338328
0.0338323
0.0338318
0.0338312
0.0338307
0.0338302
0.0338297
0.0338291
0.0338286
0.0338281
0.0338275
0.033827
0.0338265
0.033826
0.0338254
0.0338249
0.0338244
0.0338239
0.0338233
0.0338228
0.0338223
0.0338218
0.0338212
0.0338207
0.0338202
0.0338197
0.0338191
0.0338186
0.0338181
0.0338176
0.033817
0.0338165
0.033816
0.0338155
0.0338149
0.0338144
0.0338139
0.0338134
0.0338128
0.0338123
0.0338118
0.0338113
0.0338107
0.0338102
0.0338097
0.0338092
0.0338086
0.0338081
0.0338076
0.0338071
0.0338066
0.033806
0.0338055
0.033805
0.0338045
0.0338039
0.0338034
0.0338029
0.0338024
0.0338018
0.0338013
0.0338008
0.0338003
0.0337998
0.0337992
0.0337987
0.0337982
0.0337977
0.0337971
0.0337966
0.0337961
0.0337956
0.0337951
0.0337945
0.033794
0.0337935
0.033793
0.0337924
0.0337919
0.0337914
0.0337909
0.0337904
0.0337898
0.0337893
0.0337888
0.0337883
0.0337878
0.0337872
0.0337867
0.0337862
0.0337857
0.0337851
0.0337846
0.0337841
0.0337836
0.0337831
0.0337825
0.033782
0.0337815
0.033781
0.0337804
0.0337799
0.0337794
0.0337789
0.0337784
0.0337778
0.0337773
0.0337768
0.0337763
0.0337757
0.0337752
0.0337747
0.0337742
0.0337737
0.0337731
0.0337726
0.0337721
0.0337716
0.033771
0.0337705
0.03377
0.0337695
0.033769
0.0337684
0.0337679
0.0337674
0.0337669
0.0337663
0.0337658
0.0337653
0.0337648
0.0337643
0.0337637
0.0337632
0.0337627
0.0337622
0.0337616
0.0337611
0.0337606
0.0337601
0.0337596
0.033759
0.0337585
0.033758
0.0337575
0.0337569
0.0337564
0.0337559
0.0337554
0.0337548
0.0337543
0.0337538
0.0337533
0.0337527
0.0337522
0.0337517
0.0337512
0.0337507
0.0337501
0.0337496
0.0337491
0.0337486
0.033748
0.0337475
0.033747
0.0337465
0.0337459
0.0337454
0.0337449
0.0337444
0.0337438
0.0337433
0.0337428
0.0337423
0.0337417
0.0337412
0.0337407
0.0337402
0.0337396
0.0337391
0.0337386
0.0337381
0.0337375
0.033737
0.0337365
0.0337359
0.0337354
0.0337349
0.0337344
0.0337338
0.0337333
0.0337328
0.0337323
0.0337317
0.0337312
0.0337307
0.0337301
0.0337296
0.0337291
0.0337286
0.033728
0.0337275
0.033727
0.0337265
0.0337259
0.0337254
0.0337249
0.0337243
0.0337238
0.0337233
0.0337228
0.0337222
0.0337217
0.0337212
0.0337206
0.0337201
0.0337196
0.033719
0.0337185
0.033718
0.0337175
0.0337169
0.0337164
0.0337159
0.0337153
0.0337148
0.0337143
0.0337137
0.0337132
0.0337127
0.0337122
0.0337116
0.0337111
0.0337106
0.03371
0.0337095
0.033709
0.0337084
0.0337079
0.0337074
0.0337068
0.0337063
0.0337058
0.0337052
0.0337047
0.0337042
0.0337036
0.0337031
0.0337026
0.033702
0.0337015
0.033701
0.0337004
0.0336999
0.0336994
0.0336988
0.0336983
0.0336978
0.0336972
0.0336967
0.0336962
0.0336956
0.0336951
0.0336945
0.033694
0.0336935
0.0336929
0.0336924
0.0336919
0.0336913
0.0336908
0.0336903
0.0336897
0.0336892
0.0336886
0.0336881
0.0336876
0.033687
0.0336865
0.033686
0.0336854
0.0336849
0.0336843
0.0336838
0.0336833
0.0336827
0.0336822
0.0336816
0.0336811
0.0336806
0.03368
0.0336795
0.0336789
0.0336784
0.0336779
0.0336773
0.0336768
0.0336762
0.0336757
0.0336752
0.0336746
0.0336741
0.0336735
0.033673
0.0336725
0.0336719
0.0336714
0.0336708
0.0336703
0.0336697
0.0336692
0.0336687
0.0336681
0.0336676
0.033667
0.0336665
0.0336659
0.0336654
0.0336648
0.0336643
0.0336638
0.0336632
0.0336627
0.0336621
0.0336616
0.033661
0.0336605
0.0336599
0.0336594
0.0336588
0.0336583
0.0336578
0.0336572
0.0336567
0.0336561
0.0336556
0.033655
0.0336545
0.0336539
0.0336534
0.0336528
0.0336523
0.0336517
0.0336512
0.0336506
0.0336501
0.0336495
0.033649
0.0336484
0.0336479
0.0336473
0.0336468
0.0336462
0.0336457
0.0336451
0.0336446
0.033644
0.0336435
0.0336429
0.0336424
0.0336418
0.0336413
0.0336407
0.0336402
0.0336396
0.0336391
0.0336385
0.033638
0.0336374
0.0336369
0.0336363
0.0336358
0.0336352
0.0336347
0.0336341
0.0336335
0.033633
0.0336324
0.0336319
0.0336313
0.0336308
0.0336302
0.0336297
0.0336291
0.0336286
0.033628
0.0336274
0.0336269
0.0336263
0.0336258
0.0336252
0.0336247
0.0336241
0.0336235
0.033623
0.0336224
0.0336219
0.0336213
0.0336208
0.0336202
0.0336196
0.0336191
0.0336185
0.033618
0.0336174
0.0336168
0.0336163
0.0336157
0.0336152
0.0336146
0.033614
0.0336135
0.0336129
0.0336124
0.0336118
0.0336112
0.0336107
0.0336101
0.0336096
0.033609
0.0336084
0.0336079
0.0336073
0.0336067
0.0336062
0.0336056
0.0336051
0.0336045
0.0336039
0.0336034
0.0336028
0.0336022
0.0336017
0.0336011
0.0336005
0.0336
0.0335994
0.0335989
0.0335983
0.0335977
0.0335972
0.0335966
0.033596
0.0335955
0.0335949
0.0335943
0.0335938
0.0335932
0.0335926
0.0335921
0.0335915
0.0335909
0.0335904
0.0335898
0.0335892
0.0335887
0.0335881
0.0335875
0.0335869
0.0335864
0.0335858
0.0335852
0.0335847
0.0335841
0.0335835
0.033583
0.0335824
0.0335818
0.0335813
0.0335807
0.0335801
0.0335795
0.033579
0.0335784
0.0335778
0.0335773
0.0335767
0.0335761
0.0335755
0.033575
0.0335744
0.0335738
0.0335732
0.0335727
0.0335721
0.0335715
0.033571
0.0335704
0.0335698
0.0335692
0.0335687
0.0335681
0.0335675
0.0335669
0.0335664
0.0335658
0.0335652
0.0335646
0.0335641
0.0335635
0.0335629
0.0335623
0.0335618
0.0335612
0.0335606
0.03356
0.0335594
0.0335589
0.0335583
0.0335577
0.0335571
0.0335566
0.033556
0.0335554
0.0335548
0.0335542
0.0335537
0.0335531
0.0335525
0.0335519
0.0335514
0.0335508
0.0335502
0.0335496
0.033549
0.0335485
0.0335479
0.0335473
0.0335467
0.0335461
0.0335456
0.033545
0.0335444
0.0335438
0.0335432
0.0335426
0.0335421
0.0335415
0.0335409
0.0335403
0.0335397
0.0335392
0.0335386
0.033538
0.0335374
0.0335368
0.0335362
0.0335357
0.0335351
0.0335345
0.0335339
0.0335333
0.0335327
0.0335321
0.0335316
0.033531
0.0335304
0.0335298
0.0335292
0.0335286
0.0335281
0.0335275
0.0335269
0.0335263
0.0335257
0.0335251
0.0335245
0.0335239
0.0335234
0.0335228
0.0335222
0.0335216
0.033521
0.0335204
0.0335198
0.0335192
0.0335187
0.0335181
0.0335175
0.0335169
0.0335163
0.0335157
0.0335151
0.0335145
0.0335139
0.0335134
0.0335128
0.0335122
0.0335116
0.033511
0.0335104
0.0335098
0.0335092
0.0335086
0.033508
0.0335075
0.0335069
0.0335063
0.0335057
0.0335051
0.0335045
0.0335039
0.0335033
0.0335027
0.0335021
0.0335015
0.0335009
0.0335004
0.0334998
0.0334992
0.0334986
0.033498
0.0334974
0.0334968
0.0334962
0.0334956
0.033495
0.0334944
0.0334938
0.0334932
0.0334926
0.033492
0.0334914
0.0334908
0.0334903
0.0334897
0.0334891
0.0334885
0.0334879
0.0334873
0.0334867
0.0334861
0.0334855
0.0334849
0.0334843
0.0334837
0.0334831
0.0334825
0.0334819
0.0334813
0.0334807
0.0334801
0.0334795
0.0334789
0.0334783
0.0334777
0.0334771
0.0334765
0.0334759
0.0334753
0.0334747
0.0334741
0.0334735
0.0334729
0.0334723
0.0334717
0.0334711
0.0334705
0.0334699
0.0334693
0.0334687
0.0334681
0.0334675
0.0334669
0.0334663
0.0334657
0.0334651
0.0334645
0.0334639
0.0334633
0.0334627
0.0334621
0.0334615
0.0334609
0.0334603
0.0334597
0.0334591
0.0334585
0.0334579
0.0334573
0.0334567
0.0334561
0.0334555
0.0334549
0.0334543
0.0334537
0.0334531
0.0334525
0.0334519
0.0334513
0.0334507
0.0334501
0.0334495
0.0334489
0.0334483
0.0334477
0.0334471
0.0334464
0.0334458
0.0334452
0.0334446
0.033444
0.0334434
0.0334428
0.0334422
0.0334416
0.033441
0.0334404
0.0334398
0.0334392
0.0334386
0.033438
0.0334374
0.0334368
0.0334362
0.0334355
0.0334349
0.0334343
0.0334337
0.0334331
0.0334325
0.0334319
0.0334313
0.0334307
0.0334301
0.0334295
0.0334289
0.0334283
0.0334277
0.033427
0.0334264
0.0334258
0.0334252
0.0334246
0.033424
0.0334234
0.0334228
0.0334222
0.0334216
0.033421
0.0334204
0.0334197
0.0334191
0.0334185
0.0334179
0.0334173
0.0334167
0.0334161
0.0334155
0.0334149
0.0334143
0.0334136
0.033413
0.0334124
0.0334118
0.0334112
0.0334106
0.03341
0.0334094
0.0334088
0.0334081
0.0334075
0.0334069
0.0334063
0.0334057
0.0334051
0.0334045
0.0334039
0.0334033
0.0334026
0.033402
0.0334014
0.0334008
0.0334002
0.0333996
0.033399
0.0333984
0.0333977
0.0333971
0.0333965
0.0333959
0.0333953
0.0333947
0.0333941
0.0333934
0.0333928
0.0333922
0.0333916
0.033391
0.0333904
0.0333898
0.0333892
0.0333885
0.0333879
0.0333873
0.0333867
0.0333861
0.0333855
0.0333849
0.0333842
0.0333836
0.033383
0.0333824
0.0333818
0.0333812
0.0333805
0.0333799
0.0333793
0.0333787
0.0333781
0.0333775
0.0333769
0.0333762
0.0333756
0.033375
0.0333744
0.0333738
0.0333732
0.0333725
0.0333719
0.0333713
0.0333707
0.0333701
0.0333695
0.0333688
0.0333682
0.0333676
0.033367
0.0333664
0.0333658
0.0333651
0.0333645
0.0333639
0.0333633
0.0333627
0.0333621
0.0333614
0.0333608
0.0333602
0.0333596
0.033359
0.0333584
0.0333577
0.0333571
0.0333565
0.0333559
0.0333553
0.0333546
0.033354
0.0333534
0.0333528
0.0333522
0.0333515
0.0333509
0.0333503
0.0333497
0.0333491
0.0333485
0.0333478
0.0333472
0.0333466
0.033346
0.0333454
0.0333447
0.0333441
0.0333435
0.0333429
0.0333423
0.0333416
0.033341
0.0333404
0.0333398
0.0333392
0.0333385
0.0333379
0.0333373
0.0333367
0.0333361
0.0333354
0.0333348
0.0333342
0.0333336
0.033333
0.0333323
0.0333317
0.0333311
0.0333305
0.0333299
0.0333292
0.0333286
0.033328
0.0333274
0.0333268
0.0333261
0.0333255
0.0333249
0.0333243
0.0333236
0.033323
0.0333224
0.0333218
0.0333212
0.0333205
0.0333199
0.0333193
0.0333187
0.033318
0.0333174
0.0333168
0.0333162
0.0333156
0.0333149
0.0333143
0.0333137
0.0333131
0.0333125
0.0333118
0.0333112
0.0333106
0.03331
0.0333093
0.0333087
0.0333081
0.0333075
0.0333068
0.0333062
0.0333056
0.033305
0.0333044
0.0333037
0.0333031
0.0333025
0.0333019
0.0333012
0.0333006
0.0333
0.0332994
0.0332987
0.0332981
0.0332975
0.0332969
0.0332963
0.0332956
0.033295
0.0332944
0.0332938
0.0332931
0.0332925
0.0332919
0.0332913
0.0332906
0.03329
0.0332894
0.0332888
0.0332881
0.0332875
0.0332869
0.0332863
0.0332856
0.033285
0.0332844
0.0332838
0.0332832
0.0332825
0.0332819
0.0332813
0.0332807
0.03328
0.0332794
0.0332788
0.0332782
0.0332775
0.0332769
0.0332763
0.0332757
0.033275
0.0332744
0.0332738
0.0332732
0.0332725
0.0332719
0.0332713
0.0332707
0.03327
0.0332694
0.0332688
0.0332682
0.0332675
0.0332669
0.0332663
0.0332657
0.033265
0.0332644
0.0332638
0.0332632
0.0332625
0.0332619
0.0332613
0.0332607
0.03326
0.0332594
0.0332588
0.0332582
0.0332575
0.0332569
0.0332563
0.0332557
0.033255
0.0332544
0.0332538
0.0332531
0.0332525
0.0332519
0.0332513
0.0332506
0.03325
0.0332494
0.0332488
0.0332481
0.0332475
0.0332469
0.0332463
0.0332456
0.033245
0.0332444
0.0332438
0.0332431
0.0332425
0.0332419
0.0332413
0.0332406
0.03324
0.0332394
0.0332388
0.0332381
0.0332375
0.0332369
0.0332362
0.0332356
0.033235
0.0332344
0.0332337
0.0332331
0.0332325
0.0332319
0.0332312
0.0332306
0.03323
0.0332294
0.0332287
0.0332281
0.0332275
0.0332269
0.0332262
0.0332256
0.033225
0.0332243
0.0332237
0.0332231
0.0332225
0.0332218
0.0332212
0.0332206
0.03322
0.0332193
0.0332187
0.0332181
0.0332175
0.0332168
0.0332162
0.0332156
0.0332149
0.0332143
0.0332137
0.0332131
0.0332124
0.0332118
0.0332112
0.0332106
0.0332099
0.0332093
0.0332087
0.0332081
0.0332074
0.0332068
0.0332062
0.0332055
0.0332049
0.0332043
0.0332037
0.033203
0.0332024
0.0332018
0.0332012
0.0332005
0.0331999
0.0331993
0.0331987
0.033198
0.0331974
0.0331968
0.0331961
0.0331955
0.0331949
0.0331943
0.0331936
0.033193
0.0331924
0.0331918
0.0331911
0.0331905
0.0331899
0.0331893
0.0331886
0.033188
0.0331874
0.0331867
0.0331861
0.0331855
0.0331849
0.0331842
0.0331836
0.033183
0.0331824
0.0331817
0.0331811
0.0331805
0.0331798
0.0331792
0.0331786
0.033178
0.0331773
0.0331767
0.0331761
0.0331755
0.0331748
0.0331742
0.0331736
0.033173
0.0331723
0.0331717
0.0331711
0.0331705
0.0331698
0.0331692
0.0331686
0.0331679
0.0331673
0.0331667
0.0331661
0.0331654
0.0331648
0.0331642
0.0331636
0.0331629
0.0331623
0.0331617
0.0331611
0.0331604
0.0331598
0.0331592
0.0331585
0.0331579
0.0331573
0.0331567
0.033156
0.0331554
0.0331548
0.0331542
0.0331535
0.0331529
0.0331523
0.0331517
0.033151
0.0331504
0.0331498
0.0331492
0.0331485
0.0331479
0.0331473
0.0331467
0.033146
0.0331454
0.0331448
0.0331441
0.0331435
0.0331429
0.0331423
0.0331416
0.033141
0.0331404
0.0331398
0.0331391
0.0331385
0.0331379
0.0331373
0.0331366
0.033136
0.0331354
0.0331348
0.0331341
0.0331335
0.0331329
0.0331323
0.0331316
0.033131
0.0331304
0.0331298
0.0331291
0.0331285
0.0331279
0.0331273
0.0331266
0.033126
0.0331254
0.0331248
0.0331241
0.0331235
0.0331229
0.0331223
0.0331216
0.033121
0.0331204
0.0331198
0.0331191
0.0331185
0.0331179
0.0331173
0.0331166
0.033116
0.0331154
0.0331148
0.0331141
0.0331135
0.0331129
0.0331123
0.0331116
0.033111
0.0331104
0.0331098
0.0331091
0.0331085
0.0331079
0.0331073
0.0331066
0.033106
0.0331054
0.0331048
0.0331041
0.0331035
0.0331029
0.0331023
0.0331016
0.033101
0.0331004
0.0330998
0.0330991
0.0330985
0.0330979
0.0330973
0.0330967
0.033096
0.0330954
0.0330948
0.0330942
0.0330935
0.0330929
0.0330923
0.0330917
0.033091
0.0330904
0.0330898
0.0330892
0.0330885
0.0330879
0.0330873
0.0330867
0.0330861
0.0330854
0.0330848
0.0330842
0.0330836
0.0330829
0.0330823
0.0330817
0.0330811
0.0330804
0.0330798
0.0330792
0.0330786
0.033078
0.0330773
0.0330767
0.0330761
0.0330755
0.0330748
0.0330742
0.0330736
0.033073
0.0330724
0.0330717
0.0330711
0.0330705
0.0330699
0.0330692
0.0330686
0.033068
0.0330674
0.0330668
0.0330661
0.0330655
0.0330649
0.0330643
0.0330637
0.033063
0.0330624
0.0330618
0.0330612
0.0330605
0.0330599
0.0330593
0.0330587
0.0330581
0.0330574
0.0330568
0.0330562
0.0330556
0.033055
0.0330543
0.0330537
0.0330531
0.0330525
0.0330519
0.0330512
0.0330506
0.03305
0.0330494
0.0330488
0.0330481
0.0330475
0.0330469
0.0330463
0.0330457
0.033045
0.0330444
0.0330438
0.0330432
0.0330426
0.0330419
0.0330413
0.0330407
0.0330401
0.0330395
0.0330388
0.0330382
0.0330376
0.033037
0.0330364
0.0330357
0.0330351
0.0330345
0.0330339
0.0330333
0.0330326
0.033032
0.0330314
0.0330308
0.0330302
0.0330296
0.0330289
0.0330283
0.0330277
0.0330271
0.0330265
0.0330258
0.0330252
0.0330246
0.033024
0.0330234
0.0330228
0.0330221
0.0330215
0.0330209
0.0330203
0.0330197
0.033019
0.0330184
0.0330178
0.0330172
0.0330166
0.033016
0.0330153
0.0330147
0.0330141
0.0330135
0.0330129
0.0330123
0.0330116
0.033011
0.0330104
0.0330098
0.0330092
0.0330086
0.0330079
0.0330073
0.0330067
0.0330061
0.0330055
0.0330049
0.0330043
0.0330036
0.033003
0.0330024
0.0330018
0.0330012
0.0330006
0.0329999
0.0329993
0.0329987
0.0329981
0.0329975
0.0329969
0.0329963
0.0329956
0.032995
0.0329944
0.0329938
0.0329932
0.0329926
0.032992
0.0329913
0.0329907
0.0329901
0.0329895
0.0329889
0.0329883
0.0329877
0.032987
0.0329864
0.0329858
0.0329852
0.0329846
0.032984
0.0329834
0.0329827
0.0329821
0.0329815
0.0329809
0.0329803
0.0329797
0.0329791
0.0329785
0.0329778
0.0329772
0.0329766
0.032976
0.0329754
0.0329748
0.0329742
0.0329736
0.0329729
0.0329723
0.0329717
0.0329711
0.0329705
0.0329699
0.0329693
0.0329687
0.0329681
0.0329674
0.0329668
0.0329662
0.0329656
0.032965
0.0329644
0.0329638
0.0329632
0.0329626
0.0329619
0.0329613
0.0329607
0.0329601
0.0329595
0.0329589
0.0329583
0.0329577
0.0329571
0.0329565
0.0329558
0.0329552
0.0329546
0.032954
0.0329534
0.0329528
0.0329522
0.0329516
0.032951
0.0329504
0.0329498
0.0329491
0.0329485
0.0329479
0.0329473
0.0329467
0.0329461
0.0329455
0.0329449
0.0329443
0.0329437
0.0329431
0.0329425
0.0329418
0.0329412
0.0329406
0.03294
0.0329394
0.0329388
0.0329382
0.0329376
0.032937
0.0329364
0.0329358
0.0329352
0.0329346
0.032934
0.0329334
0.0329327
0.0329321
0.0329315
0.0329309
0.0329303
0.0329297
0.0329291
0.0329285
0.0329279
0.0329273
0.0329267
0.0329261
0.0329255
0.0329249
0.0329243
0.0329237
0.0329231
0.0329225
0.0329218
0.0329212
0.0329206
0.03292
0.0329194
0.0329188
0.0329182
0.0329176
0.032917
0.0329164
0.0329158
0.0329152
0.0329146
0.032914
0.0329134
0.0329128
0.0329122
0.0329116
0.032911
0.0329104
0.0329098
0.0329092
0.0329086
0.032908
0.0329074
0.0329068
0.0329062
0.0329056
0.032905
0.0329044
0.0329038
0.0329032
0.0329026
0.032902
0.0329014
0.0329008
0.0329002
0.0328996
0.032899
0.0328983
0.0328977
0.0328971
0.0328965
0.0328959
0.0328953
0.0328947
0.0328941
0.0328935
0.0328929
0.0328923
0.0328918
0.0328912
0.0328906
0.03289
0.0328894
0.0328888
0.0328882
0.0328876
0.032887
0.0328864
0.0328858
0.0328852
0.0328846
0.032884
0.0328834
0.0328828
0.0328822
0.0328816
0.032881
0.0328804
0.0328798
0.0328792
0.0328786
0.032878
0.0328774
0.0328768
0.0328762
0.0328756
0.032875
0.0328744
0.0328738
0.0328732
0.0328726
0.032872
0.0328714
0.0328708
0.0328702
0.0328696
0.0328691
0.0328685
0.0328679
0.0328673
0.0328667
0.0328661
0.0328655
0.0328649
0.0328643
0.0328637
0.0328631
0.0328625
0.0328619
0.0328613
0.0328607
0.0328601
0.0328595
0.0328589
0.0328584
0.0328578
0.0328572
0.0328566
0.032856
0.0328554
0.0328548
0.0328542
0.0328536
0.032853
0.0328524
0.0328518
0.0328512
0.0328507
0.0328501
0.0328495
0.0328489
0.0328483
0.0328477
0.0328471
0.0328465
0.0328459
0.0328453
0.0328447
0.0328441
0.0328436
0.032843
0.0328424
0.0328418
0.0328412
0.0328406
0.03284
0.0328394
0.0328388
0.0328383
0.0328377
0.0328371
0.0328365
0.0328359
0.0328353
0.0328347
0.0328341
0.0328335
0.032833
0.0328324
0.0328318
0.0328312
0.0328306
0.03283
0.0328294
0.0328288
0.0328283
0.0328277
0.0328271
0.0328265
0.0328259
0.0328253
0.0328247
0.0328241
0.0328236
0.032823
0.0328224
0.0328218
0.0328212
0.0328206
0.03282
0.0328195
0.0328189
0.0328183
0.0328177
0.0328171
0.0328165
0.0328159
0.0328154
0.0328148
0.0328142
0.0328136
0.032813
0.0328124
0.0328119
0.0328113
0.0328107
0.0328101
0.0328095
0.0328089
0.0328084
0.0328078
0.0328072
0.0328066
0.032806
0.0328054
0.0328049
0.0328043
0.0328037
0.0328031
0.0328025
0.032802
0.0328014
0.0328008
0.0328002
0.0327996
0.032799
0.0327985
0.0327979
0.0327973
0.0327967
0.0327961
0.0327956
0.032795
0.0327944
0.0327938
0.0327932
0.0327927
0.0327921
0.0327915
0.0327909
0.0327904
0.0327898
0.0327892
0.0327886
0.032788
0.0327875
0.0327869
0.0327863
0.0327857
0.0327851
0.0327846
0.032784
0.0327834
0.0327828
0.0327823
0.0327817
0.0327811
0.0327805
0.03278
0.0327794
0.0327788
0.0327782
0.0327776
0.0327771
0.0327765
0.0327759
0.0327753
0.0327748
0.0327742
0.0327736
0.032773
0.0327725
0.0327719
0.0327713
0.0327707
0.0327702
0.0327696
0.032769
0.0327684
0.0327679
0.0327673
0.0327667
0.0327662
0.0327656
0.032765
0.0327644
0.0327639
0.0327633
0.0327627
0.0327621
0.0327616
0.032761
0.0327604
0.0327599
0.0327593
0.0327587
0.0327581
0.0327576
0.032757
0.0327564
0.0327559
0.0327553
0.0327547
0.0327541
0.0327536
0.032753
0.0327524
0.0327519
0.0327513
0.0327507
0.0327502
0.0327496
0.032749
0.0327485
0.0327479
0.0327473
0.0327467
0.0327462
0.0327456
0.032745
0.0327445
0.0327439
0.0327433
0.0327428
0.0327422
0.0327416
0.0327411
0.0327405
0.0327399
0.0327394
0.0327388
0.0327382
0.0327377
0.0327371
0.0327365
0.032736
0.0327354
0.0327348
0.0327343
0.0327337
0.0327331
0.0327326
0.032732
0.0327314
0.0327309
0.0327303
0.0327298
0.0327292
0.0327286
0.0327281
0.0327275
0.0327269
0.0327264
0.0327258
0.0327252
0.0327247
0.0327241
0.0327236
0.032723
0.0327224
0.0327219
0.0327213
0.0327207
0.0327202
0.0327196
0.0327191
0.0327185
0.0327179
0.0327174
0.0327168
0.0327163
0.0327157
0.0327151
0.0327146
0.032714
0.0327135
0.0327129
0.0327123
0.0327118
0.0327112
0.0327107
0.0327101
0.0327095
0.032709
0.0327084
0.0327079
0.0327073
0.0327067
0.0327062
0.0327056
0.0327051
0.0327045
0.032704
0.0327034
0.0327028
0.0327023
0.0327017
0.0327012
0.0327006
0.0327001
0.0326995
0.0326989
0.0326984
0.0326978
0.0326973
0.0326967
0.0326962
0.0326956
0.0326951
0.0326945
0.0326939
0.0326934
0.0326928
0.0326923
0.0326917
0.0326912
0.0326906
0.0326901
0.0326895
0.032689
0.0326884
0.0326878
0.0326873
0.0326867
0.0326862
0.0326856
0.0326851
0.0326845
0.032684
0.0326834
0.0326829
0.0326823
0.0326818
0.0326812
0.0326807
0.0326801
0.0326796
0.032679
0.0326785
0.0326779
0.0326774
0.0326768
0.0326763
0.0326757
0.0326752
0.0326746
0.0326741
0.0326735
0.032673
0.0326724
0.0326719
0.0326713
0.0326708
0.0326702
0.0326697
0.0326691
0.0326686
0.032668
0.0326675
0.0326669
0.0326664
0.0326658
0.0326653
0.0326647
0.0326642
0.0326637
0.0326631
0.0326626
0.032662
0.0326615
0.0326609
0.0326604
0.0326598
0.0326593
0.0326587
0.0326582
0.0326577
0.0326571
0.0326566
0.032656
0.0326555
0.0326549
0.0326544
0.0326538
0.0326533
0.0326528
0.0326522
0.0326517
0.0326511
0.0326506
0.03265
0.0326495
0.032649
0.0326484
0.0326479
0.0326473
0.0326468
0.0326462
0.0326457
0.0326452
0.0326446
0.0326441
0.0326435
0.032643
0.0326425
0.0326419
0.0326414
0.0326408
0.0326403
0.0326398
0.0326392
0.0326387
0.0326381
0.0326376
0.0326371
0.0326365
0.032636
0.0326354
0.0326349
0.0326344
0.0326338
0.0326333
0.0326328
0.0326322
0.0326317
0.0326311
0.0326306
0.0326301
0.0326295
0.032629
0.0326285
0.0326279
0.0326274
0.0326269
0.0326263
0.0326258
0.0326252
0.0326247
0.0326242
0.0326236
0.0326231
0.0326226
0.032622
0.0326215
0.032621
0.0326204
0.0326199
0.0326194
0.0326188
0.0326183
0.0326178
0.0326172
0.0326167
0.0326162
0.0326156
0.0326151
0.0326146
0.032614
0.0326135
0.032613
0.0326124
0.0326119
0.0326114
0.0326108
0.0326103
0.0326098
0.0326093
0.0326087
0.0326082
0.0326077
0.0326071
0.0326066
0.0326061
0.0326055
0.032605
0.0326045
0.032604
0.0326034
0.0326029
0.0326024
0.0326018
0.0326013
0.0326008
0.0326003
0.0325997
0.0325992
0.0325987
0.0325981
0.0325976
0.0325971
0.0325966
0.032596
0.0325955
0.032595
0.0325945
0.0325939
0.0325934
0.0325929
0.0325924
0.0325918
0.0325913
0.0325908
0.0325903
0.0325897
0.0325892
0.0325887
0.0325882
0.0325876
0.0325871
0.0325866
0.0325861
0.0325855
0.032585
0.0325845
0.032584
0.0325834
0.0325829
0.0325824
0.0325819
0.0325814
0.0325808
0.0325803
0.0325798
0.0325793
0.0325788
0.0325782
0.0325777
0.0325772
0.0325767
0.0325761
0.0325756
0.0325751
0.0325746
0.0325741
0.0325735
0.032573
0.0325725
0.032572
0.0325715
0.032571
0.0325704
0.0325699
0.0325694
0.0325689
0.0325684
0.0325678
0.0325673
0.0325668
0.0325663
0.0325658
0.0325653
0.0325647
0.0325642
0.0325637
0.0325632
0.0325627
0.0325622
0.0325616
0.0325611
0.0325606
0.0325601
0.0325596
0.0325591
0.0325585
0.032558
0.0325575
0.032557
0.0325565
0.032556
0.0325555
0.0325549
0.0325544
0.0325539
0.0325534
0.0325529
0.0325524
0.0325519
0.0325514
0.0325508
0.0325503
0.0325498
0.0325493
0.0325488
0.0325483
0.0325478
0.0325473
0.0325467
0.0325462
0.0325457
0.0325452
0.0325447
0.0325442
0.0325437
0.0325432
0.0325427
0.0325422
0.0325416
0.0325411
0.0325406
0.0325401
0.0325396
0.0325391
0.0325386
0.0325381
0.0325376
0.0325371
0.0325366
0.032536
0.0325355
0.032535
0.0325345
0.032534
0.0325335
0.032533
0.0325325
0.032532
0.0325315
0.032531
0.0325305
0.03253
0.0325295
0.032529
0.0325284
0.0325279
0.0325274
0.0325269
0.0325264
0.0325259
0.0325254
0.0325249
0.0325244
0.0325239
0.0325234
0.0325229
0.0325224
0.0325219
0.0325214
0.0325209
0.0325204
0.0325199
0.0325194
0.0325189
0.0325184
0.0325179
0.0325174
0.0325169
0.0325164
0.0325159
0.0325154
0.0325149
0.0325144
0.0325139
0.0325134
0.0325129
0.0325124
0.0325119
0.0325114
0.0325109
0.0325104
0.0325099
0.0325094
0.0325089
0.0325084
0.0325079
0.0325074
0.0325069
0.0325064
0.0325059
0.0325054
0.0325049
0.0325044
0.0325039
0.0325034
0.0325029
0.0325024
0.0325019
0.0325014
0.0325009
0.0325004
0.0324999
0.0324994
0.0324989
0.0324984
0.0324979
0.0324974
0.0324969
0.0324964
0.0324959
0.0324955
0.032495
0.0324945
0.032494
0.0324935
0.032493
0.0324925
0.032492
0.0324915
0.032491
0.0324905
0.03249
0.0324895
0.032489
0.0324885
0.0324881
0.0324876
0.0324871
0.0324866
0.0324861
0.0324856
0.0324851
0.0324846
0.0324841
0.0324836
0.0324831
0.0324827
0.0324822
0.0324817
0.0324812
0.0324807
0.0324802
0.0324797
0.0324792
0.0324787
0.0324782
0.0324778
0.0324773
0.0324768
0.0324763
0.0324758
0.0324753
0.0324748
0.0324743
0.0324739
0.0324734
0.0324729
0.0324724
0.0324719
0.0324714
0.0324709
0.0324704
0.03247
0.0324695
0.032469
0.0324685
0.032468
0.0324675
0.032467
0.0324666
0.0324661
0.0324656
0.0324651
0.0324646
0.0324641
0.0324637
0.0324632
0.0324627
0.0324622
0.0324617
0.0324612
0.0324608
0.0324603
0.0324598
0.0324593
0.0324588
0.0324583
0.0324579
0.0324574
0.0324569
0.0324564
0.0324559
0.0324555
0.032455
0.0324545
0.032454
0.0324535
0.0324531
0.0324526
0.0324521
0.0324516
0.0324511
0.0324507
0.0324502
0.0324497
0.0324492
0.0324487
0.0324483
0.0324478
0.0324473
0.0324468
0.0324463
0.0324459
0.0324454
0.0324449
0.0324444
0.032444
0.0324435
0.032443
0.0324425
0.032442
0.0324416
0.0324411
0.0324406
0.0324401
0.0324397
0.0324392
0.0324387
0.0324382
0.0324378
0.0324373
0.0324368
0.0324363
0.0324359
0.0324354
0.0324349
0.0324344
0.032434
0.0324335
0.032433
0.0324325
0.0324321
0.0324316
0.0324311
0.0324307
0.0324302
0.0324297
0.0324292
0.0324288
0.0324283
0.0324278
0.0324274
0.0324269
0.0324264
0.0324259
0.0324255
0.032425
0.0324245
0.0324241
0.0324236
0.0324231
0.0324226
0.0324222
0.0324217
0.0324212
0.0324208
0.0324203
0.0324198
0.0324194
0.0324189
0.0324184
0.032418
0.0324175
0.032417
0.0324166
0.0324161
0.0324156
0.0324151
0.0324147
0.0324142
0.0324137
0.0324133
0.0324128
0.0324123
0.0324119
0.0324114
0.0324109
0.0324105
0.03241
0.0324096
0.0324091
0.0324086
0.0324082
0.0324077
0.0324072
0.0324068
0.0324063
0.0324058
0.0324054
0.0324049
0.0324044
0.032404
0.0324035
0.0324031
0.0324026
0.0324021
0.0324017
0.0324012
0.0324007
0.0324003
0.0323998
0.0323994
0.0323989
0.0323984
0.032398
0.0323975
0.032397
0.0323966
0.0323961
0.0323957
0.0323952
0.0323947
0.0323943
0.0323938
0.0323934
0.0323929
0.0323924
0.032392
0.0323915
0.0323911
0.0323906
0.0323901
0.0323897
0.0323892
0.0323888
0.0323883
0.0323879
0.0323874
0.0323869
0.0323865
0.032386
0.0323856
0.0323851
0.0323847
0.0323842
0.0323837
0.0323833
0.0323828
0.0323824
0.0323819
0.0323815
0.032381
0.0323805
0.0323801
0.0323796
0.0323792
0.0323787
0.0323783
0.0323778
0.0323774
0.0323769
0.0323765
0.032376
0.0323755
0.0323751
0.0323746
0.0323742
0.0323737
0.0323733
0.0323728
0.0323724
0.0323719
0.0323715
0.032371
0.0323706
0.0323701
0.0323697
0.0323692
0.0323688
0.0323683
0.0323679
0.0323674
0.032367
0.0323665
0.0323661
0.0323656
0.0323652
0.0323647
0.0323643
0.0323638
0.0323634
0.0323629
0.0323625
0.032362
0.0323616
0.0323611
0.0323607
0.0323602
0.0323598
0.0323593
0.0323589
0.0323584
0.032358
0.0323575
0.0323571
0.0323566
0.0323562
0.0323557
0.0323553
0.0323549
0.0323544
0.032354
0.0323535
0.0323531
0.0323526
0.0323522
0.0323517
0.0323513
0.0323508
0.0323504
0.0323499
0.0323495
0.0323491
0.0323486
0.0323482
0.0323477
0.0323473
0.0323468
0.0323464
0.032346
0.0323455
0.0323451
0.0323446
0.0323442
0.0323437
0.0323433
0.0323429
0.0323424
0.032342
0.0323415
0.0323411
0.0323406
0.0323402
0.0323398
0.0323393
0.0323389
0.0323384
0.032338
0.0323376
0.0323371
0.0323367
0.0323362
0.0323358
0.0323354
0.0323349
0.0323345
0.032334
0.0323336
0.0323332
0.0323327
0.0323323
0.0323318
0.0323314
0.032331
0.0323305
0.0323301
0.0323297
0.0323292
0.0323288
0.0323283
0.0323279
0.0323275
0.032327
0.0323266
0.0323262
0.0323257
0.0323253
0.0323249
0.0323244
0.032324
0.0323235
0.0323231
0.0323227
0.0323222
0.0323218
0.0323214
0.0323209
0.0323205
0.0323201
0.0323196
0.0323192
0.0323188
0.0323183
0.0323179
0.0323175
0.032317
0.0323166
0.0323162
0.0323157
0.0323153
0.0323149
0.0323144
0.032314
0.0323136
0.0323131
0.0323127
0.0323123
0.0323119
0.0323114
0.032311
0.0323106
0.0323101
0.0323097
0.0323093
0.0323088
0.0323084
0.032308
0.0323075
0.0323071
0.0323067
0.0323063
0.0323058
0.0323054
0.032305
0.0323045
0.0323041
0.0323037
0.0323033
0.0323028
0.0323024
0.032302
0.0323015
0.0323011
0.0323007
0.0323003
0.0322998
0.0322994
0.032299
0.0322986
0.0322981
0.0322977
0.0322973
0.0322968
0.0322964
0.032296
0.0322956
0.0322951
0.0322947
0.0322943
0.0322939
0.0322934
0.032293
0.0322926
0.0322922
0.0322917
0.0322913
0.0322909
0.0322905
0.0322901
0.0322896
0.0322892
0.0322888
0.0322884
0.0322879
0.0322875
0.0322871
0.0322867
0.0322862
0.0322858
0.0322854
0.032285
0.0322846
0.0322841
0.0322837
0.0322833
0.0322829
0.0322825
0.032282
0.0322816
0.0322812
0.0322808
0.0322803
0.0322799
0.0322795
0.0322791
0.0322787
0.0322783
0.0322778
0.0322774
0.032277
0.0322766
0.0322762
0.0322757
0.0322753
0.0322749
0.0322745
0.0322741
0.0322736
0.0322732
0.0322728
0.0322724
0.032272
0.0322716
0.0322711
0.0322707
0.0322703
0.0322699
0.0322695
0.0322691
0.0322686
0.0322682
0.0322678
0.0322674
0.032267
0.0322666
0.0322661
0.0322657
0.0322653
0.0322649
0.0322645
0.0322641
0.0322637
0.0322632
0.0322628
0.0322624
0.032262
0.0322616
0.0322612
0.0322608
0.0322604
0.0322599
0.0322595
0.0322591
0.0322587
0.0322583
0.0322579
0.0322575
0.0322571
0.0322566
0.0322562
0.0322558
0.0322554
0.032255
0.0322546
0.0322542
0.0322538
0.0322534
0.0322529
0.0322525
0.0322521
0.0322517
0.0322513
0.0322509
0.0322505
0.0322501
0.0322497
0.0322493
0.0322488
0.0322484
0.032248
0.0322476
0.0322472
0.0322468
0.0322464
0.032246
0.0322456
0.0322452
0.0322448
0.0322444
0.0322439
0.0322435
0.0322431
0.0322427
0.0322423
0.0322419
0.0322415
0.0322411
0.0322407
0.0322403
0.0322399
0.0322395
0.0322391
0.0322387
0.0322383
0.0322379
0.0322374
0.032237
0.0322366
0.0322362
0.0322358
0.0322354
0.032235
0.0322346
0.0322342
0.0322338
0.0322334
0.032233
0.0322326
0.0322322
0.0322318
0.0322314
0.032231
0.0322306
0.0322302
0.0322298
0.0322294
0.032229
0.0322286
0.0322282
0.0322278
0.0322274
0.032227
0.0322266
0.0322262
0.0322258
0.0322254
0.032225
0.0322246
0.0322242
0.0322238
0.0322234
0.032223
0.0322226
0.0322222
0.0322218
0.0322214
0.032221
0.0322206
0.0322202
0.0322198
0.0322194
0.032219
0.0322186
0.0322182
0.0322178
0.0322174
0.032217
0.0322166
0.0322162
0.0322158
0.0322154
0.032215
0.0322146
0.0322142
0.0322138
0.0322134
0.032213
0.0322126
0.0322122
0.0322118
0.0322114
0.032211
0.0322106
0.0322102
0.0322098
0.0322094
0.032209
0.0322087
0.0322083
0.0322079
0.0322075
0.0322071
0.0322067
0.0322063
0.0322059
0.0322055
0.0322051
0.0322047
0.0322043
0.0322039
0.0322035
0.0322031
0.0322027
0.0322024
0.032202
0.0322016
0.0322012
0.0322008
0.0322004
0.0322
0.0321996
0.0321992
0.0321988
0.0321984
0.032198
0.0321976
0.0321973
0.0321969
0.0321965
0.0321961
0.0321957
0.0321953
0.0321949
0.0321945
0.0321941
0.0321937
0.0321934
0.032193
0.0321926
0.0321922
0.0321918
0.0321914
0.032191
0.0321906
0.0321902
0.0321899
0.0321895
0.0321891
0.0321887
0.0321883
0.0321879
0.0321875
0.0321871
0.0321868
0.0321864
0.032186
0.0321856
0.0321852
0.0321848
0.0321844
0.032184
0.0321837
0.0321833
0.0321829
0.0321825
0.0321821
0.0321817
0.0321813
0.032181
0.0321806
0.0321802
0.0321798
0.0321794
0.032179
0.0321787
0.0321783
0.0321779
0.0321775
0.0321771
0.0321767
0.0321763
0.032176
0.0321756
0.0321752
0.0321748
0.0321744
0.032174
0.0321737
0.0321733
0.0321729
0.0321725
0.0321721
0.0321718
0.0321714
0.032171
0.0321706
0.0321702
0.0321698
0.0321695
0.0321691
0.0321687
0.0321683
0.0321679
0.0321676
0.0321672
0.0321668
0.0321664
0.032166
0.0321657
0.0321653
0.0321649
0.0321645
0.0321641
0.0321638
0.0321634
0.032163
0.0321626
0.0321622
0.0321619
0.0321615
0.0321611
0.0321607
0.0321604
0.03216
0.0321596
0.0321592
0.0321588
0.0321585
0.0321581
0.0321577
0.0321573
0.032157
0.0321566
0.0321562
0.0321558
0.0321555
0.0321551
0.0321547
0.0321543
0.032154
0.0321536
0.0321532
0.0321528
0.0321524
0.0321521
0.0321517
0.0321513
0.0321509
0.0321506
0.0321502
0.0321498
0.0321495
0.0321491
0.0321487
0.0321483
0.032148
0.0321476
0.0321472
0.0321468
0.0321465
0.0321461
0.0321457
0.0321453
0.032145
0.0321446
0.0321442
0.0321439
0.0321435
0.0321431
0.0321427
0.0321424
0.032142
0.0321416
0.0321413
0.0321409
0.0321405
0.0321401
0.0321398
0.0321394
0.032139
0.0321387
0.0321383
0.0321379
0.0321375
0.0321372
0.0321368
0.0321364
0.0321361
0.0321357
0.0321353
0.032135
0.0321346
0.0321342
0.0321338
0.0321335
0.0321331
0.0321327
0.0321324
0.032132
0.0321316
0.0321313
0.0321309
0.0321305
0.0321302
0.0321298
0.0321294
0.0321291
0.0321287
0.0321283
0.032128
0.0321276
0.0321272
0.0321269
0.0321265
0.0321261
0.0321258
0.0321254
0.032125
0.0321247
0.0321243
0.0321239
0.0321236
0.0321232
0.0321228
0.0321225
0.0321221
0.0321217
0.0321214
0.032121
0.0321207
0.0321203
0.0321199
0.0321196
0.0321192
0.0321188
0.0321185
0.0321181
0.0321177
0.0321174
0.032117
0.0321167
0.0321163
0.0321159
0.0321156
0.0321152
0.0321148
0.0321145
0.0321141
0.0321138
0.0321134
0.032113
0.0321127
0.0321123
0.032112
0.0321116
0.0321112
0.0321109
0.0321105
0.0321101
0.0321098
0.0321094
0.0321091
0.0321087
0.0321083
0.032108
0.0321076
0.0321073
0.0321069
0.0321065
0.0321062
0.0321058
0.0321055
0.0321051
0.0321048
0.0321044
0.032104
0.0321037
0.0321033
0.032103
0.0321026
0.0321022
0.0321019
0.0321015
0.0321012
0.0321008
0.0321005
0.0321001
0.0320997
0.0320994
0.032099
0.0320987
0.0320983
0.032098
0.0320976
0.0320972
0.0320969
0.0320965
0.0320962
0.0320958
0.0320955
0.0320951
0.0320948
0.0320944
0.032094
0.0320937
0.0320933
0.032093
0.0320926
0.0320923
0.0320919
0.0320916
0.0320912
0.0320909
0.0320905
0.0320901
0.0320898
0.0320894
0.0320891
0.0320887
0.0320884
0.032088
0.0320877
0.0320873
0.032087
0.0320866
0.0320863
0.0320859
0.0320856
0.0320852
0.0320849
0.0320845
0.0320842
0.0320838
0.0320835
0.0320831
0.0320827
0.0320824
0.032082
0.0320817
0.0320813
0.032081
0.0320806
0.0320803
0.0320799
0.0320796
0.0320792
0.0320789
0.0320785
0.0320782
0.0320778
0.0320775
0.0320771
0.0320768
0.0320764
0.0320761
0.0320757
0.0320754
0.0320751
0.0320747
0.0320744
0.032074
0.0320737
0.0320733
0.032073
0.0320726
0.0320723
0.0320719
0.0320716
0.0320712
0.0320709
0.0320705
0.0320702
0.0320698
0.0320695
0.0320691
0.0320688
0.0320685
0.0320681
0.0320678
0.0320674
0.0320671
0.0320667
0.0320664
0.032066
0.0320657
0.0320653
0.032065
0.0320646
0.0320643
0.032064
0.0320636
0.0320633
0.0320629
0.0320626
0.0320622
0.0320619
0.0320615
0.0320612
0.0320609
0.0320605
0.0320602
0.0320598
0.0320595
0.0320591
0.0320588
0.0320585
0.0320581
0.0320578
0.0320574
0.0320571
0.0320567
0.0320564
0.0320561
0.0320557
0.0320554
0.032055
0.0320547
0.0320544
0.032054
0.0320537
0.0320533
0.032053
0.0320526
0.0320523
0.032052
0.0320516
0.0320513
0.0320509
0.0320506
0.0320503
0.0320499
0.0320496
0.0320492
0.0320489
0.0320486
0.0320482
0.0320479
0.0320475
0.0320472
0.0320469
0.0320465
0.0320462
0.0320459
0.0320455
0.0320452
0.0320448
0.0320445
0.0320442
0.0320438
0.0320435
0.0320431
0.0320428
0.0320425
0.0320421
0.0320418
0.0320415
0.0320411
0.0320408
0.0320404
0.0320401
0.0320398
0.0320394
0.0320391
0.0320388
0.0320384
0.0320381
0.0320378
0.0320374
0.0320371
0.0320368
0.0320364
0.0320361
0.0320357
0.0320354
0.0320351
0.0320347
0.0320344
0.0320341
0.0320337
0.0320334
0.0320331
0.0320327
0.0320324
0.0320321
0.0320317
0.0320314
0.0320311
0.0320307
0.0320304
0.0320301
0.0320297
0.0320294
0.0320291
0.0320287
0.0320284
0.0320281
0.0320277
0.0320274
0.0320271
0.0320267
0.0320264
0.0320261
0.0320257
0.0320254
0.0320251
0.0320247
0.0320244
0.0320241
0.0320238
0.0320234
0.0320231
0.0320228
0.0320224
0.0320221
0.0320218
0.0320214
0.0320211
0.0320208
0.0320204
0.0320201
0.0320198
0.0320195
0.0320191
0.0320188
0.0320185
0.0320181
0.0320178
0.0320175
0.0320171
0.0320168
0.0320165
0.0320162
0.0320158
0.0320155
0.0320152
0.0320148
0.0320145
0.0320142
0.0320139
0.0320135
0.0320132
0.0320129
0.0320126
0.0320122
0.0320119
0.0320116
0.0320112
0.0320109
0.0320106
0.0320103
0.0320099
0.0320096
0.0320093
0.032009
0.0320086
0.0320083
0.032008
0.0320077
0.0320073
0.032007
0.0320067
0.0320064
0.032006
0.0320057
0.0320054
0.0320051
0.0320047
0.0320044
0.0320041
0.0320038
0.0320034
0.0320031
0.0320028
0.0320025
0.0320021
0.0320018
0.0320015
0.0320012
0.0320008
0.0320005
0.0320002
0.0319999
0.0319995
0.0319992
0.0319989
0.0319986
0.0319983
0.0319979
0.0319976
0.0319973
0.031997
0.0319966
0.0319963
0.031996
0.0319957
0.0319954
0.031995
0.0319947
0.0319944
0.0319941
0.0319937
0.0319934
0.0319931
0.0319928
0.0319925
0.0319921
0.0319918
0.0319915
0.0319912
0.0319909
0.0319905
0.0319902
0.0319899
0.0319896
0.0319893
0.0319889
0.0319886
0.0319883
0.031988
0.0319877
0.0319873
0.031987
0.0319867
0.0319864
0.0319861
0.0319858
0.0319854
0.0319851
0.0319848
0.0319845
0.0319842
0.0319838
0.0319835
0.0319832
0.0319829
0.0319826
0.0319823
0.0319819
0.0319816
0.0319813
0.031981
0.0319807
0.0319804
0.03198
0.0319797
0.0319794
0.0319791
0.0319788
0.0319785
0.0319781
0.0319778
0.0319775
0.0319772
0.0319769
0.0319766
0.0319762
0.0319759
0.0319756
0.0319753
0.031975
0.0319747
0.0319744
0.031974
0.0319737
0.0319734
0.0319731
0.0319728
0.0319725
0.0319722
0.0319718
0.0319715
0.0319712
0.0319709
0.0319706
0.0319703
0.03197
0.0319696
0.0319693
0.031969
0.0319687
0.0319684
0.0319681
0.0319678
0.0319675
0.0319671
0.0319668
0.0319665
0.0319662
0.0319659
0.0319656
0.0319653
0.031965
0.0319647
0.0319643
0.031964
0.0319637
0.0319634
0.0319631
0.0319628
0.0319625
0.0319622
0.0319619
0.0319615
0.0319612
0.0319609
0.0319606
0.0319603
0.03196
0.0319597
0.0319594
0.0319591
0.0319588
0.0319584
0.0319581
0.0319578
0.0319575
0.0319572
0.0319569
0.0319566
0.0319563
0.031956
0.0319557
0.0319554
0.031955
0.0319547
0.0319544
0.0319541
0.0319538
0.0319535
0.0319532
0.0319529
0.0319526
0.0319523
0.031952
0.0319517
0.0319514
0.031951
0.0319507
0.0319504
0.0319501
0.0319498
0.0319495
0.0319492
0.0319489
0.0319486
0.0319483
0.031948
0.0319477
0.0319474
0.0319471
0.0319468
0.0319465
0.0319461
0.0319458
0.0319455
0.0319452
0.0319449
0.0319446
0.0319443
0.031944
0.0319437
0.0319434
0.0319431
0.0319428
0.0319425
0.0319422
0.0319419
0.0319416
0.0319413
0.031941
0.0319407
0.0319404
0.0319401
0.0319398
0.0319395
0.0319391
0.0319388
0.0319385
0.0319382
0.0319379
0.0319376
0.0319373
0.031937
0.0319367
0.0319364
0.0319361
0.0319358
0.0319355
0.0319352
0.0319349
0.0319346
0.0319343
0.031934
0.0319337
0.0319334
0.0319331
0.0319328
0.0319325
0.0319322
0.0319319
0.0319316
0.0319313
0.031931
0.0319307
0.0319304
0.0319301
0.0319298
0.0319295
0.0319292
0.0319289
0.0319286
0.0319283
0.031928
0.0319277
0.0319274
0.0319271
0.0319268
0.0319265
0.0319262
0.0319259
0.0319256
0.0319253
0.031925
0.0319247
0.0319244
0.0319241
0.0319238
0.0319235
0.0319232
0.0319229
0.0319226
0.0319223
0.031922
0.0319217
0.0319214
0.0319211
0.0319208
0.0319205
0.0319202
0.03192
0.0319197
0.0319194
0.0319191
0.0319188
0.0319185
0.0319182
0.0319179
0.0319176
0.0319173
0.031917
0.0319167
0.0319164
0.0319161
0.0319158
0.0319155
0.0319152
0.0319149
0.0319146
0.0319143
0.031914
0.0319137
0.0319134
0.0319131
0.0319129
0.0319126
0.0319123
0.031912
0.0319117
0.0319114
0.0319111
0.0319108
0.0319105
0.0319102
0.0319099
0.0319096
0.0319093
0.031909
0.0319087
0.0319084
0.0319082
0.0319079
0.0319076
0.0319073
0.031907
0.0319067
0.0319064
0.0319061
0.0319058
0.0319055
0.0319052
0.0319049
0.0319046
0.0319044
0.0319041
0.0319038
0.0319035
0.0319032
0.0319029
0.0319026
0.0319023
0.031902
0.0319017
0.0319014
0.0319011
0.0319009
0.0319006
0.0319003
0.0319
0.0318997
0.0318994
0.0318991
0.0318988
0.0318985
0.0318982
0.031898
0.0318977
0.0318974
0.0318971
0.0318968
0.0318965
0.0318962
0.0318959
0.0318956
0.0318954
0.0318951
0.0318948
0.0318945
0.0318942
0.0318939
0.0318936
0.0318933
0.031893
0.0318928
0.0318925
0.0318922
0.0318919
0.0318916
0.0318913
0.031891
0.0318907
0.0318905
0.0318902
0.0318899
0.0318896
0.0318893
0.031889
0.0318887
0.0318884
0.0318882
0.0318879
0.0318876
0.0318873
0.031887
0.0318867
0.0318864
0.0318862
0.0318859
0.0318856
0.0318853
0.031885
0.0318847
0.0318844
0.0318842
0.0318839
0.0318836
0.0318833
0.031883
0.0318827
0.0318824
0.0318822
0.0318819
0.0318816
0.0318813
0.031881
0.0318807
0.0318805
0.0318802
0.0318799
0.0318796
0.0318793
0.031879
0.0318788
0.0318785
0.0318782
0.0318779
0.0318776
0.0318773
0.0318771
0.0318768
0.0318765
0.0318762
0.0318759
0.0318756
0.0318754
0.0318751
0.0318748
0.0318745
0.0318742
0.0318739
0.0318737
0.0318734
0.0318731
0.0318728
0.0318725
0.0318723
0.031872
0.0318717
0.0318714
0.0318711
0.0318708
0.0318706
0.0318703
0.03187
0.0318697
0.0318694
0.0318692
0.0318689
0.0318686
0.0318683
0.031868
0.0318678
0.0318675
0.0318672
0.0318669
0.0318666
0.0318664
0.0318661
0.0318658
0.0318655
0.0318652
0.031865
0.0318647
0.0318644
0.0318641
0.0318639
0.0318636
0.0318633
0.031863
0.0318627
0.0318625
0.0318622
0.0318619
0.0318616
0.0318613
0.0318611
0.0318608
0.0318605
0.0318602
0.03186
0.0318597
0.0318594
0.0318591
0.0318588
0.0318586
0.0318583
0.031858
0.0318577
0.0318575
0.0318572
0.0318569
0.0318566
0.0318564
0.0318561
0.0318558
0.0318555
0.0318553
0.031855
0.0318547
0.0318544
0.0318541
0.0318539
0.0318536
0.0318533
0.031853
0.0318528
0.0318525
0.0318522
0.0318519
0.0318517
0.0318514
0.0318511
0.0318508
0.0318506
0.0318503
0.03185
0.0318497
0.0318495
0.0318492
0.0318489
0.0318487
0.0318484
0.0318481
0.0318478
0.0318476
0.0318473
0.031847
0.0318467
0.0318465
0.0318462
0.0318459
0.0318456
0.0318454
0.0318451
0.0318448
0.0318446
0.0318443
0.031844
0.0318437
0.0318435
0.0318432
0.0318429
0.0318426
0.0318424
0.0318421
0.0318418
0.0318416
0.0318413
0.031841
0.0318407
0.0318405
0.0318402
0.0318399
0.0318397
0.0318394
0.0318391
0.0318388
0.0318386
0.0318383
0.031838
0.0318378
0.0318375
0.0318372
0.031837
0.0318367
0.0318364
0.0318361
0.0318359
0.0318356
0.0318353
0.0318351
0.0318348
0.0318345
0.0318343
0.031834
0.0318337
0.0318334
0.0318332
0.0318329
0.0318326
0.0318324
0.0318321
0.0318318
0.0318316
0.0318313
0.031831
0.0318308
0.0318305
0.0318302
0.03183
0.0318297
0.0318294
0.0318292
0.0318289
0.0318286
0.0318284
0.0318281
0.0318278
0.0318275
0.0318273
0.031827
0.0318267
0.0318265
0.0318262
0.0318259
0.0318257
0.0318254
0.0318251
0.0318249
0.0318246
0.0318243
0.0318241
0.0318238
0.0318236
0.0318233
0.031823
0.0318228
0.0318225
0.0318222
0.031822
0.0318217
0.0318214
0.0318212
0.0318209
0.0318206
0.0318204
0.0318201
0.0318198
0.0318196
0.0318193
0.031819
0.0318188
0.0318185
0.0318182
0.031818
0.0318177
0.0318175
0.0318172
0.0318169
0.0318167
0.0318164
0.0318161
0.0318159
0.0318156
0.0318153
0.0318151
0.0318148
0.0318146
0.0318143
0.031814
0.0318138
0.0318135
0.0318132
0.031813
0.0318127
0.0318125
0.0318122
0.0318119
0.0318117
0.0318114
0.0318111
0.0318109
0.0318106
0.0318104
0.0318101
0.0318098
0.0318096
0.0318093
0.031809
0.0318088
0.0318085
0.0318083
0.031808
0.0318077
0.0318075
0.0318072
0.031807
0.0318067
0.0318064
0.0318062
0.0318059
0.0318057
0.0318054
0.0318051
0.0318049
0.0318046
0.0318044
0.0318041
0.0318038
0.0318036
0.0318033
0.0318031
0.0318028
0.0318025
0.0318023
0.031802
0.0318018
0.0318015
0.0318012
0.031801
0.0318007
0.0318005
0.0318002
0.0318
0.0317997
0.0317994
0.0317992
0.0317989
0.0317987
0.0317984
0.0317981
0.0317979
0.0317976
0.0317974
0.0317971
0.0317969
0.0317966
0.0317963
0.0317961
0.0317958
0.0317956
0.0317953
0.0317951
0.0317948
0.0317945
0.0317943
0.031794
0.0317938
0.0317935
0.0317933
0.031793
0.0317927
0.0317925
0.0317922
0.031792
0.0317917
0.0317915
0.0317912
0.031791
0.0317907
0.0317904
0.0317902
0.0317899
0.0317897
0.0317894
0.0317892
0.0317889
0.0317887
0.0317884
0.0317881
0.0317879
0.0317876
0.0317874
0.0317871
0.0317869
0.0317866
0.0317864
0.0317861
0.0317859
0.0317856
0.0317853
0.0317851
0.0317848
0.0317846
0.0317843
0.0317841
0.0317838
0.0317836
0.0317833
0.0317831
0.0317828
0.0317826
0.0317823
0.0317821
0.0317818
0.0317815
0.0317813
0.031781
0.0317808
0.0317805
0.0317803
0.03178
0.0317798
0.0317795
0.0317793
0.031779
0.0317788
0.0317785
0.0317783
0.031778
0.0317778
0.0317775
0.0317773
0.031777
0.0317768
0.0317765
0.0317763
0.031776
0.0317758
0.0317755
0.0317753
0.031775
0.0317748
0.0317745
0.0317742
0.031774
0.0317737
0.0317735
0.0317732
0.031773
0.0317727
0.0317725
0.0317722
0.031772
0.0317717
0.0317715
0.0317712
0.031771
0.0317707
0.0317705
0.0317703
0.03177
0.0317698
0.0317695
0.0317693
0.031769
0.0317688
0.0317685
0.0317683
0.031768
0.0317678
0.0317675
0.0317673
0.031767
0.0317668
0.0317665
0.0317663
0.031766
0.0317658
0.0317655
0.0317653
0.031765
0.0317648
0.0317645
0.0317643
0.031764
0.0317638
0.0317636
0.0317633
0.0317631
0.0317628
0.0317626
0.0317623
0.0317621
0.0317618
0.0317616
0.0317613
0.0317611
0.0317608
0.0317606
0.0317603
0.0317601
0.0317599
0.0317596
0.0317594
0.0317591
0.0317589
0.0317586
0.0317584
0.0317581
0.0317579
0.0317576
0.0317574
0.0317572
0.0317569
0.0317567
0.0317564
0.0317562
0.0317559
0.0317557
0.0317554
0.0317552
0.0317549
0.0317547
0.0317545
0.0317542
0.031754
0.0317537
0.0317535
0.0317532
0.031753
0.0317528
0.0317525
0.0317523
0.031752
0.0317518
0.0317515
0.0317513
0.031751
0.0317508
0.0317506
0.0317503
0.0317501
0.0317498
0.0317496
0.0317493
0.0317491
0.0317489
0.0317486
0.0317484
0.0317481
0.0317479
0.0317476
0.0317474
0.0317472
0.0317469
0.0317467
0.0317464
0.0317462
0.031746
0.0317457
0.0317455
0.0317452
0.031745
0.0317447
0.0317445
0.0317443
0.031744
0.0317438
0.0317435
0.0317433
0.0317431
0.0317428
0.0317426
0.0317423
0.0317421
0.0317419
0.0317416
0.0317414
0.0317411
0.0317409
0.0317407
0.0317404
0.0317402
0.0317399
0.0317397
0.0317395
0.0317392
0.031739
0.0317387
0.0317385
0.0317383
0.031738
0.0317378
0.0317375
0.0317373
0.0317371
0.0317368
0.0317366
0.0317363
0.0317361
0.0317359
0.0317356
0.0317354
0.0317352
0.0317349
0.0317347
0.0317344
0.0317342
0.031734
0.0317337
0.0317335
0.0317333
0.031733
0.0317328
0.0317325
0.0317323
0.0317321
0.0317318
0.0317316
0.0317314
0.0317311
0.0317309
0.0317306
0.0317304
0.0317302
0.0317299
0.0317297
0.0317295
0.0317292
0.031729
0.0317287
0.0317285
0.0317283
0.031728
0.0317278
0.0317276
0.0317273
0.0317271
0.0317269
0.0317266
0.0317264
0.0317262
0.0317259
0.0317257
0.0317254
0.0317252
0.031725
0.0317247
0.0317245
0.0317243
0.031724
0.0317238
0.0317236
0.0317233
0.0317231
0.0317229
0.0317226
0.0317224
0.0317222
0.0317219
0.0317217
0.0317215
0.0317212
0.031721
0.0317208
0.0317205
0.0317203
0.0317201
0.0317198
0.0317196
0.0317194
0.0317191
0.0317189
0.0317187
0.0317184
0.0317182
0.031718
0.0317177
0.0317175
0.0317173
0.031717
0.0317168
0.0317166
0.0317163
0.0317161
0.0317159
0.0317156
0.0317154
0.0317152
0.0317149
0.0317147
0.0317145
0.0317142
0.031714
0.0317138
0.0317135
0.0317133
0.0317131
0.0317128
0.0317126
0.0317124
0.0317122
0.0317119
0.0317117
0.0317115
0.0317112
0.031711
0.0317108
0.0317105
0.0317103
0.0317101
0.0317098
0.0317096
0.0317094
0.0317092
0.0317089
0.0317087
0.0317085
0.0317082
0.031708
0.0317078
0.0317075
0.0317073
0.0317071
0.0317069
0.0317066
0.0317064
0.0317062
0.0317059
0.0317057
0.0317055
0.0317052
0.031705
0.0317048
0.0317046
0.0317043
0.0317041
0.0317039
0.0317036
0.0317034
0.0317032
0.031703
0.0317027
0.0317025
0.0317023
0.031702
0.0317018
0.0317016
0.0317014
0.0317011
0.0317009
0.0317007
0.0317005
0.0317002
0.0317
0.0316998
0.0316995
0.0316993
0.0316991
0.0316989
0.0316986
0.0316984
0.0316982
0.031698
0.0316977
0.0316975
0.0316973
0.031697
0.0316968
0.0316966
0.0316964
0.0316961
0.0316959
0.0316957
0.0316955
0.0316952
0.031695
0.0316948
0.0316946
0.0316943
0.0316941
0.0316939
0.0316937
0.0316934
0.0316932
0.031693
0.0316928
0.0316925
0.0316923
0.0316921
0.0316919
0.0316916
0.0316914
0.0316912
0.031691
0.0316907
0.0316905
0.0316903
0.0316901
0.0316898
0.0316896
0.0316894
0.0316892
0.0316889
0.0316887
0.0316885
0.0316883
0.031688
0.0316878
0.0316876
0.0316874
0.0316871
0.0316869
0.0316867
0.0316865
0.0316863
0.031686
0.0316858
0.0316856
0.0316854
0.0316851
0.0316849
0.0316847
0.0316845
0.0316842
0.031684
0.0316838
0.0316836
0.0316834
0.0316831
0.0316829
0.0316827
0.0316825
0.0316822
0.031682
0.0316818
0.0316816
0.0316814
0.0316811
0.0316809
0.0316807
0.0316805
0.0316803
0.03168
0.0316798
0.0316796
0.0316794
0.0316791
0.0316789
0.0316787
0.0316785
0.0316783
0.031678
0.0316778
0.0316776
0.0316774
0.0316772
0.0316769
0.0316767
0.0316765
0.0316763
0.0316761
0.0316758
0.0316756
0.0316754
0.0316752
0.031675
0.0316747
0.0316745
0.0316743
0.0316741
0.0316739
0.0316736
0.0316734
0.0316732
0.031673
0.0316728
0.0316725
0.0316723
0.0316721
0.0316719
0.0316717
0.0316715
0.0316712
0.031671
0.0316708
0.0316706
0.0316704
0.0316701
0.0316699
0.0316697
0.0316695
0.0316693
0.0316691
0.0316688
0.0316686
0.0316684
0.0316682
0.031668
0.0316677
0.0316675
0.0316673
0.0316671
0.0316669
0.0316667
0.0316664
0.0316662
0.031666
0.0316658
0.0316656
0.0316654
0.0316651
0.0316649
0.0316647
0.0316645
0.0316643
0.0316641
0.0316638
0.0316636
0.0316634
0.0316632
0.031663
0.0316628
0.0316625
0.0316623
0.0316621
0.0316619
0.0316617
0.0316615
0.0316613
0.031661
0.0316608
0.0316606
0.0316604
0.0316602
0.03166
0.0316597
0.0316595
0.0316593
0.0316591
0.0316589
0.0316587
0.0316585
0.0316582
0.031658
0.0316578
0.0316576
0.0316574
0.0316572
0.031657
0.0316567
0.0316565
0.0316563
0.0316561
0.0316559
0.0316557
0.0316555
0.0316552
0.031655
0.0316548
0.0316546
0.0316544
0.0316542
0.031654
0.0316537
0.0316535
0.0316533
0.0316531
0.0316529
0.0316527
0.0316525
0.0316523
0.031652
0.0316518
0.0316516
0.0316514
0.0316512
0.031651
0.0316508
0.0316506
0.0316503
0.0316501
0.0316499
0.0316497
0.0316495
0.0316493
0.0316491
0.0316489
0.0316487
0.0316484
0.0316482
0.031648
0.0316478
0.0316476
0.0316474
0.0316472
0.031647
0.0316467
0.0316465
0.0316463
0.0316461
0.0316459
0.0316457
0.0316455
0.0316453
0.0316451
0.0316449
0.0316446
0.0316444
0.0316442
0.031644
0.0316438
0.0316436
0.0316434
0.0316432
0.031643
0.0316427
0.0316425
0.0316423
0.0316421
0.0316419
0.0316417
0.0316415
0.0316413
0.0316411
0.0316409
0.0316407
0.0316404
0.0316402
0.03164
0.0316398
0.0316396
0.0316394
0.0316392
0.031639
0.0316388
0.0316386
0.0316384
0.0316381
0.0316379
0.0316377
0.0316375
0.0316373
0.0316371
0.0316369
0.0316367
0.0316365
0.0316363
0.0316361
0.0316359
0.0316357
0.0316354
0.0316352
0.031635
0.0316348
0.0316346
0.0316344
0.0316342
0.031634
0.0316338
0.0316336
0.0316334
0.0316332
0.031633
0.0316328
0.0316325
0.0316323
0.0316321
0.0316319
0.0316317
0.0316315
0.0316313
0.0316311
0.0316309
0.0316307
0.0316305
0.0316303
0.0316301
0.0316299
0.0316297
0.0316295
0.0316292
0.031629
0.0316288
0.0316286
0.0316284
0.0316282
0.031628
0.0316278
0.0316276
0.0316274
0.0316272
0.031627
0.0316268
0.0316266
0.0316264
0.0316262
0.031626
0.0316258
0.0316256
0.0316253
0.0316251
0.0316249
0.0316247
0.0316245
0.0316243
0.0316241
0.0316239
0.0316237
0.0316235
0.0316233
0.0316231
0.0316229
0.0316227
0.0316225
0.0316223
0.0316221
0.0316219
0.0316217
0.0316215
0.0316213
0.0316211
0.0316209
0.0316207
0.0316205
0.0316203
0.0316201
0.0316198
0.0316196
0.0316194
0.0316192
0.031619
0.0316188
0.0316186
0.0316184
0.0316182
0.031618
0.0316178
0.0316176
0.0316174
0.0316172
0.031617
0.0316168
0.0316166
0.0316164
0.0316162
0.031616
0.0316158
0.0316156
0.0316154
0.0316152
0.031615
0.0316148
0.0316146
0.0316144
0.0316142
0.031614
0.0316138
0.0316136
0.0316134
0.0316132
0.031613
0.0316128
0.0316126
0.0316124
0.0316122
0.031612
0.0316118
0.0316116
0.0316114
0.0316112
0.031611
0.0316108
0.0316106
0.0316104
0.0316102
0.03161
0.0316098
0.0316096
0.0316094
0.0316092
0.031609
0.0316088
0.0316086
0.0316084
0.0316082
0.031608
0.0316078
0.0316076
0.0316074
0.0316072
0.031607
0.0316068
0.0316066
0.0316064
0.0316062
0.031606
0.0316058
0.0316056
0.0316054
0.0316052
0.031605
0.0316048
0.0316046
0.0316044
0.0316042
0.031604
0.0316038
0.0316036
0.0316034
0.0316032
0.031603
0.0316028
0.0316026
0.0316024
0.0316022
0.031602
0.0316018
0.0316016
0.0316015
0.0316013
0.0316011
0.0316009
0.0316007
0.0316005
0.0316003
0.0316001
0.0315999
0.0315997
0.0315995
0.0315993
0.0315991
0.0315989
0.0315987
0.0315985
0.0315983
0.0315981
0.0315979
0.0315977
0.0315975
0.0315973
0.0315971
0.0315969
0.0315967
0.0315965
0.0315963
0.0315961
0.031596
0.0315958
0.0315956
0.0315954
0.0315952
0.031595
0.0315948
0.0315946
0.0315944
0.0315942
0.031594
0.0315938
0.0315936
0.0315934
0.0315932
0.031593
0.0315928
0.0315926
0.0315924
0.0315922
0.0315921
0.0315919
0.0315917
0.0315915
0.0315913
0.0315911
0.0315909
0.0315907
0.0315905
0.0315903
0.0315901
0.0315899
0.0315897
0.0315895
0.0315893
0.0315891
0.031589
0.0315888
0.0315886
0.0315884
0.0315882
0.031588
0.0315878
0.0315876
0.0315874
0.0315872
0.031587
0.0315868
0.0315866
0.0315864
0.0315863
0.0315861
0.0315859
0.0315857
0.0315855
0.0315853
0.0315851
0.0315849
0.0315847
0.0315845
0.0315843
0.0315841
0.0315839
0.0315838
0.0315836
0.0315834
0.0315832
0.031583
0.0315828
0.0315826
0.0315824
0.0315822
0.031582
0.0315818
0.0315816
0.0315815
0.0315813
0.0315811
0.0315809
0.0315807
0.0315805
0.0315803
0.0315801
0.0315799
0.0315797
0.0315795
0.0315794
0.0315792
0.031579
0.0315788
0.0315786
0.0315784
0.0315782
0.031578
0.0315778
0.0315776
0.0315775
0.0315773
0.0315771
0.0315769
0.0315767
0.0315765
0.0315763
0.0315761
0.0315759
0.0315758
0.0315756
0.0315754
0.0315752
0.031575
0.0315748
0.0315746
0.0315744
0.0315742
0.0315741
0.0315739
0.0315737
0.0315735
0.0315733
0.0315731
0.0315729
0.0315727
0.0315725
0.0315724
0.0315722
0.031572
0.0315718
0.0315716
0.0315714
0.0315712
0.031571
0.0315708
0.0315707
0.0315705
0.0315703
0.0315701
0.0315699
0.0315697
0.0315695
0.0315693
0.0315692
0.031569
0.0315688
0.0315686
0.0315684
0.0315682
0.031568
0.0315679
0.0315677
0.0315675
0.0315673
0.0315671
0.0315669
0.0315667
0.0315665
0.0315664
0.0315662
0.031566
0.0315658
0.0315656
0.0315654
0.0315652
0.0315651
0.0315649
0.0315647
0.0315645
0.0315643
0.0315641
0.0315639
0.0315638
0.0315636
0.0315634
0.0315632
0.031563
0.0315628
0.0315626
0.0315625
0.0315623
0.0315621
0.0315619
0.0315617
0.0315615
0.0315613
0.0315612
0.031561
0.0315608
0.0315606
0.0315604
0.0315602
0.0315601
0.0315599
0.0315597
0.0315595
0.0315593
0.0315591
0.0315589
0.0315588
0.0315586
0.0315584
0.0315582
0.031558
0.0315578
0.0315577
0.0315575
0.0315573
0.0315571
0.0315569
0.0315567
0.0315566
0.0315564
0.0315562
0.031556
0.0315558
0.0315556
0.0315555
0.0315553
0.0315551
0.0315549
0.0315547
0.0315545
0.0315544
0.0315542
0.031554
0.0315538
0.0315536
0.0315534
0.0315533
0.0315531
0.0315529
0.0315527
0.0315525
0.0315524
0.0315522
0.031552
0.0315518
0.0315516
0.0315514
0.0315513
0.0315511
0.0315509
0.0315507
0.0315505
0.0315504
0.0315502
0.03155
0.0315498
0.0315496
0.0315494
0.0315493
0.0315491
0.0315489
0.0315487
0.0315485
0.0315484
0.0315482
0.031548
0.0315478
0.0315476
0.0315475
0.0315473
0.0315471
0.0315469
0.0315467
0.0315466
0.0315464
0.0315462
0.031546
0.0315458
0.0315456
0.0315455
0.0315453
0.0315451
0.0315449
0.0315447
0.0315446
0.0315444
0.0315442
0.031544
0.0315439
0.0315437
0.0315435
0.0315433
0.0315431
0.031543
0.0315428
0.0315426
0.0315424
0.0315422
0.0315421
0.0315419
0.0315417
0.0315415
0.0315413
0.0315412
0.031541
0.0315408
0.0315406
0.0315404
0.0315403
0.0315401
0.0315399
0.0315397
0.0315396
0.0315394
0.0315392
0.031539
0.0315388
0.0315387
0.0315385
0.0315383
0.0315381
0.031538
0.0315378
0.0315376
0.0315374
0.0315372
0.0315371
0.0315369
0.0315367
0.0315365
0.0315364
0.0315362
0.031536
0.0315358
0.0315356
0.0315355
0.0315353
0.0315351
0.0315349
0.0315348
0.0315346
0.0315344
0.0315342
0.0315341
0.0315339
0.0315337
0.0315335
0.0315334
0.0315332
0.031533
0.0315328
0.0315326
0.0315325
0.0315323
0.0315321
0.0315319
0.0315318
0.0315316
0.0315314
0.0315312
0.0315311
0.0315309
0.0315307
0.0315305
0.0315304
0.0315302
0.03153
0.0315298
0.0315297
0.0315295
0.0315293
0.0315291
0.031529
0.0315288
0.0315286
0.0315284
0.0315283
0.0315281
0.0315279
0.0315277
0.0315276
0.0315274
0.0315272
0.031527
0.0315269
0.0315267
0.0315265
0.0315263
0.0315262
0.031526
0.0315258
0.0315256
0.0315255
0.0315253
0.0315251
0.0315249
0.0315248
0.0315246
0.0315244
0.0315243
0.0315241
0.0315239
0.0315237
0.0315236
0.0315234
0.0315232
0.031523
0.0315229
0.0315227
0.0315225
0.0315223
0.0315222
0.031522
0.0315218
0.0315217
0.0315215
0.0315213
0.0315211
0.031521
0.0315208
0.0315206
0.0315204
0.0315203
0.0315201
0.0315199
0.0315198
0.0315196
0.0315194
0.0315192
0.0315191
0.0315189
0.0315187
0.0315186
0.0315184
0.0315182
0.031518
0.0315179
0.0315177
0.0315175
0.0315174
0.0315172
0.031517
0.0315168
0.0315167
0.0315165
0.0315163
0.0315162
0.031516
0.0315158
0.0315156
0.0315155
0.0315153
0.0315151
0.031515
0.0315148
0.0315146
0.0315144
0.0315143
0.0315141
0.0315139
0.0315138
0.0315136
0.0315134
0.0315133
0.0315131
0.0315129
0.0315127
0.0315126
0.0315124
0.0315122
0.0315121
0.0315119
0.0315117
0.0315116
0.0315114
0.0315112
0.031511
0.0315109
0.0315107
0.0315105
0.0315104
0.0315102
0.03151
0.0315099
0.0315097
0.0315095
0.0315094
0.0315092
0.031509
0.0315088
0.0315087
0.0315085
0.0315083
0.0315082
0.031508
0.0315078
0.0315077
0.0315075
0.0315073
0.0315072
0.031507
0.0315068
0.0315067
0.0315065
0.0315063
0.0315062
0.031506
0.0315058
0.0315057
0.0315055
0.0315053
0.0315051
0.031505
0.0315048
0.0315046
0.0315045
0.0315043
0.0315041
0.031504
0.0315038
0.0315036
0.0315035
0.0315033
0.0315031
0.031503
0.0315028
0.0315026
0.0315025
0.0315023
0.0315021
0.031502
0.0315018
0.0315016
0.0315015
0.0315013
0.0315011
0.031501
0.0315008
0.0315006
0.0315005
0.0315003
0.0315001
0.0315
0.0314998
0.0314996
0.0314995
0.0314993
0.0314991
0.031499
0.0314988
0.0314986
0.0314985
0.0314983
0.0314981
0.031498
0.0314978
0.0314977
0.0314975
0.0314973
0.0314972
0.031497
0.0314968
0.0314967
0.0314965
0.0314963
0.0314962
0.031496
0.0314958
0.0314957
0.0314955
0.0314953
0.0314952
0.031495
0.0314948
0.0314947
0.0314945
0.0314944
0.0314942
0.031494
0.0314939
0.0314937
0.0314935
0.0314934
0.0314932
0.031493
0.0314929
0.0314927
0.0314925
0.0314924
0.0314922
0.0314921
0.0314919
0.0314917
0.0314916
0.0314914
0.0314912
0.0314911
0.0314909
0.0314908
0.0314906
0.0314904
0.0314903
0.0314901
0.0314899
0.0314898
0.0314896
0.0314894
0.0314893
0.0314891
0.031489
0.0314888
0.0314886
0.0314885
0.0314883
0.0314881
0.031488
0.0314878
0.0314877
0.0314875
0.0314873
0.0314872
0.031487
0.0314868
0.0314867
0.0314865
0.0314864
0.0314862
0.031486
0.0314859
0.0314857
0.0314856
0.0314854
0.0314852
0.0314851
0.0314849
0.0314847
0.0314846
0.0314844
0.0314843
0.0314841
0.0314839
0.0314838
0.0314836
0.0314835
0.0314833
0.0314831
0.031483
0.0314828
0.0314826
0.0314825
0.0314823
0.0314822
0.031482
0.0314818
0.0314817
0.0314815
0.0314814
0.0314812
0.031481
0.0314809
0.0314807
0.0314806
0.0314804
0.0314802
0.0314801
0.0314799
0.0314798
0.0314796
0.0314794
0.0314793
0.0314791
0.031479
0.0314788
0.0314786
0.0314785
0.0314783
0.0314782
0.031478
0.0314778
0.0314777
0.0314775
0.0314774
0.0314772
0.0314771
0.0314769
0.0314767
0.0314766
0.0314764
0.0314763
0.0314761
0.0314759
0.0314758
0.0314756
0.0314755
0.0314753
0.0314751
0.031475
0.0314748
0.0314747
0.0314745
0.0314744
0.0314742
0.031474
0.0314739
0.0314737
0.0314736
0.0314734
0.0314732
0.0314731
0.0314729
0.0314728
0.0314726
0.0314725
0.0314723
0.0314721
0.031472
0.0314718
0.0314717
0.0314715
0.0314714
0.0314712
0.031471
0.0314709
0.0314707
0.0314706
0.0314704
0.0314703
0.0314701
0.0314699
0.0314698
0.0314696
0.0314695
0.0314693
0.0314692
0.031469
0.0314688
0.0314687
0.0314685
0.0314684
0.0314682
0.0314681
0.0314679
0.0314678
0.0314676
0.0314674
0.0314673
0.0314671
0.031467
0.0314668
0.0314667
0.0314665
0.0314663
0.0314662
0.031466
0.0314659
0.0314657
0.0314656
0.0314654
0.0314653
0.0314651
0.0314649
0.0314648
0.0314646
0.0314645
0.0314643
0.0314642
0.031464
0.0314639
0.0314637
0.0314636
0.0314634
0.0314632
0.0314631
0.0314629
0.0314628
0.0314626
0.0314625
0.0314623
0.0314622
0.031462
0.0314619
0.0314617
0.0314615
0.0314614
0.0314612
0.0314611
0.0314609
0.0314608
0.0314606
0.0314605
0.0314603
0.0314602
0.03146
0.0314598
0.0314597
0.0314595
0.0314594
0.0314592
0.0314591
0.0314589
0.0314588
0.0314586
0.0314585
0.0314583
0.0314582
0.031458
0.0314579
0.0314577
0.0314575
0.0314574
0.0314572
0.0314571
0.0314569
0.0314568
0.0314566
0.0314565
0.0314563
0.0314562
0.031456
0.0314559
0.0314557
0.0314556
0.0314554
0.0314553
0.0314551
0.031455
0.0314548
0.0314546
0.0314545
0.0314543
0.0314542
0.031454
0.0314539
0.0314537
0.0314536
0.0314534
0.0314533
0.0314531
0.031453
0.0314528
0.0314527
0.0314525
0.0314524
0.0314522
0.0314521
0.0314519
0.0314518
0.0314516
0.0314515
0.0314513
0.0314512
0.031451
0.0314509
0.0314507
0.0314506
0.0314504
0.0314503
0.0314501
0.03145
0.0314498
0.0314497
0.0314495
0.0314494
0.0314492
0.031449
0.0314489
0.0314487
0.0314486
0.0314484
0.0314483
0.0314481
0.031448
0.0314478
0.0314477
0.0314475
0.0314474
0.0314472
0.0314471
0.0314469
0.0314468
0.0314466
0.0314465
0.0314463
0.0314462
0.0314461
0.0314459
0.0314458
0.0314456
0.0314455
0.0314453
0.0314452
0.031445
0.0314449
0.0314447
0.0314446
0.0314444
0.0314443
0.0314441
0.031444
0.0314438
0.0314437
0.0314435
0.0314434
0.0314432
0.0314431
0.0314429
0.0314428
0.0314426
0.0314425
0.0314423
0.0314422
0.031442
0.0314419
0.0314417
0.0314416
0.0314414
0.0314413
0.0314411
0.031441
0.0314408
0.0314407
0.0314406
0.0314404
0.0314403
0.0314401
0.03144
0.0314398
0.0314397
0.0314395
0.0314394
0.0314392
0.0314391
0.0314389
0.0314388
0.0314386
0.0314385
0.0314383
0.0314382
0.031438
0.0314379
0.0314378
0.0314376
0.0314375
0.0314373
0.0314372
0.031437
0.0314369
0.0314367
0.0314366
0.0314364
0.0314363
0.0314361
0.031436
0.0314358
0.0314357
0.0314356
0.0314354
0.0314353
0.0314351
0.031435
0.0314348
0.0314347
0.0314345
0.0314344
0.0314342
0.0314341
0.0314339
0.0314338
0.0314337
0.0314335
0.0314334
0.0314332
0.0314331
0.0314329
0.0314328
0.0314326
0.0314325
0.0314323
0.0314322
0.0314321
0.0314319
0.0314318
0.0314316
0.0314315
0.0314313
0.0314312
0.031431
0.0314309
0.0314307
0.0314306
0.0314305
0.0314303
0.0314302
0.03143
0.0314299
0.0314297
0.0314296
0.0314294
0.0314293
0.0314292
0.031429
0.0314289
0.0314287
0.0314286
0.0314284
0.0314283
0.0314282
0.031428
0.0314279
0.0314277
0.0314276
0.0314274
0.0314273
0.0314271
0.031427
0.0314269
0.0314267
0.0314266
0.0314264
0.0314263
0.0314261
0.031426
0.0314259
0.0314257
0.0314256
0.0314254
0.0314253
0.0314251
0.031425
0.0314249
0.0314247
0.0314246
0.0314244
0.0314243
0.0314241
0.031424
0.0314239
0.0314237
0.0314236
0.0314234
0.0314233
0.0314231
0.031423
0.0314229
0.0314227
0.0314226
0.0314224
0.0314223
0.0314221
0.031422
0.0314219
0.0314217
0.0314216
0.0314214
0.0314213
0.0314211
0.031421
0.0314209
0.0314207
0.0314206
0.0314204
0.0314203
0.0314202
0.03142
0.0314199
0.0314197
0.0314196
0.0314195
0.0314193
0.0314192
0.031419
0.0314189
0.0314187
0.0314186
0.0314185
0.0314183
0.0314182
0.031418
0.0314179
0.0314178
0.0314176
0.0314175
0.0314173
0.0314172
0.0314171
0.0314169
0.0314168
0.0314166
0.0314165
0.0314164
0.0314162
0.0314161
0.0314159
0.0314158
0.0314157
0.0314155
0.0314154
0.0314152
0.0314151
0.031415
0.0314148
0.0314147
0.0314145
0.0314144
0.0314143
0.0314141
0.031414
0.0314138
0.0314137
0.0314136
0.0314134
0.0314133
0.0314131
0.031413
0.0314129
0.0314127
0.0314126
0.0314124
0.0314123
0.0314122
0.031412
0.0314119
0.0314117
0.0314116
0.0314115
0.0314113
0.0314112
0.0314111
0.0314109
0.0314108
0.0314106
0.0314105
0.0314104
0.0314102
0.0314101
0.0314099
0.0314098
0.0314097
0.0314095
0.0314094
0.0314093
0.0314091
0.031409
0.0314088
0.0314087
0.0314086
0.0314084
0.0314083
0.0314082
0.031408
0.0314079
0.0314077
0.0314076
0.0314075
0.0314073
0.0314072
0.031407
0.0314069
0.0314068
0.0314066
0.0314065
0.0314064
0.0314062
0.0314061
0.031406
0.0314058
0.0314057
0.0314055
0.0314054
0.0314053
0.0314051
0.031405
0.0314049
0.0314047
0.0314046
0.0314044
0.0314043
0.0314042
0.031404
0.0314039
0.0314038
0.0314036
0.0314035
0.0314034
0.0314032
0.0314031
0.0314029
0.0314028
0.0314027
0.0314025
0.0314024
0.0314023
0.0314021
0.031402
0.0314019
0.0314017
0.0314016
0.0314015
0.0314013
0.0314012
0.031401
0.0314009
0.0314008
0.0314006
0.0314005
0.0314004
0.0314002
0.0314001
0.0314
0.0313998
0.0313997
0.0313996
0.0313994
0.0313993
0.0313992
0.031399
0.0313989
0.0313987
0.0313986
0.0313985
0.0313983
0.0313982
0.0313981
0.0313979
0.0313978
0.0313977
0.0313975
0.0313974
0.0313973
0.0313971
0.031397
0.0313969
0.0313967
0.0313966
0.0313965
0.0313963
0.0313962
0.0313961
0.0313959
0.0313958
0.0313957
0.0313955
0.0313954
0.0313953
0.0313951
0.031395
0.0313949
0.0313947
0.0313946
0.0313945
0.0313943
0.0313942
0.0313941
0.0313939
0.0313938
0.0313937
0.0313935
0.0313934
0.0313933
0.0313931
0.031393
0.0313929
0.0313927
0.0313926
0.0313925
0.0313923
0.0313922
0.0313921
0.0313919
0.0313918
0.0313917
0.0313915
0.0313914
0.0313913
0.0313911
0.031391
0.0313909
0.0313907
0.0313906
0.0313905
0.0313903
0.0313902
0.0313901
0.0313899
0.0313898
0.0313897
0.0313895
0.0313894
0.0313893
0.0313891
0.031389
0.0313889
0.0313888
0.0313886
0.0313885
0.0313884
0.0313882
0.0313881
0.031388
0.0313878
0.0313877
0.0313876
0.0313874
0.0313873
0.0313872
0.031387
0.0313869
0.0313868
0.0313866
0.0313865
0.0313864
0.0313863
0.0313861
0.031386
0.0313859
0.0313857
0.0313856
0.0313855
0.0313853
0.0313852
0.0313851
0.0313849
0.0313848
0.0313847
0.0313846
0.0313844
0.0313843
0.0313842
0.031384
0.0313839
0.0313838
0.0313836
0.0313835
0.0313834
0.0313833
0.0313831
0.031383
0.0313829
0.0313827
0.0313826
0.0313825
0.0313823
0.0313822
0.0313821
0.031382
0.0313818
0.0313817
0.0313816
0.0313814
0.0313813
0.0313812
0.0313811
0.0313809
0.0313808
0.0313807
0.0313805
0.0313804
0.0313803
0.0313801
0.03138
0.0313799
0.0313798
0.0313796
0.0313795
0.0313794
0.0313792
0.0313791
0.031379
0.0313789
0.0313787
0.0313786
0.0313785
0.0313783
0.0313782
0.0313781
0.031378
0.0313778
0.0313777
0.0313776
0.0313774
0.0313773
0.0313772
0.0313771
0.0313769
0.0313768
0.0313767
0.0313765
0.0313764
0.0313763
0.0313762
0.031376
0.0313759
0.0313758
0.0313757
0.0313755
0.0313754
0.0313753
0.0313751
0.031375
0.0313749
0.0313748
0.0313746
0.0313745
0.0313744
0.0313743
0.0313741
0.031374
0.0313739
0.0313737
0.0313736
0.0313735
0.0313734
0.0313732
0.0313731
0.031373
0.0313729
0.0313727
0.0313726
0.0313725
0.0313724
0.0313722
0.0313721
0.031372
0.0313718
0.0313717
0.0313716
0.0313715
0.0313713
0.0313712
0.0313711
0.031371
0.0313708
0.0313707
0.0313706
0.0313705
0.0313703
0.0313702
0.0313701
0.03137
0.0313698
0.0313697
0.0313696
0.0313694
0.0313693
0.0313692
0.0313691
0.0313689
0.0313688
0.0313687
0.0313686
0.0313684
0.0313683
0.0313682
0.0313681
0.0313679
0.0313678
0.0313677
0.0313676
0.0313674
0.0313673
0.0313672
0.0313671
0.0313669
0.0313668
