0.5
0.495025
0.490099
0.485223
0.480395
0.475615
0.470882
0.466197
0.461558
0.456966
0.452419
0.447917
0.44346
0.439048
0.434679
0.430354
0.426072
0.421832
0.417635
0.41348
0.409365
0.405292
0.401259
0.397267
0.393314
0.3894
0.385526
0.38169
0.377892
0.374132
0.370409
0.366723
0.363075
0.359462
0.355885
0.352344
0.348838
0.345367
0.341931
0.338528
0.33516
0.331825
0.328523
0.325255
0.322018
0.318814
0.315642
0.312501
0.309392
0.306313
0.303265
0.300248
0.29726
0.294302
0.291374
0.288475
0.285605
0.282763
0.279949
0.277164
0.274406
0.271675
0.268972
0.266296
0.263646
0.261023
0.258426
0.255854
0.253309
0.250788
0.248293
0.245822
0.243376
0.240955
0.238557
0.236184
0.233834
0.231507
0.229204
0.226923
0.224665
0.22243
0.220217
0.218026
0.215857
0.213709
0.211583
0.209478
0.207394
0.20533
0.203288
0.201265
0.199263
0.197281
0.195318
0.193375
0.191452
0.189548
0.187662
0.185796
0.183948
0.182119
0.180308
0.178516
0.176741
0.174984
0.173245
0.171523
0.169818
0.168131
0.166461
0.164807
0.163171
0.161551
0.159947
0.15836
0.156789
0.155234
0.153695
0.152172
0.150664
0.149172
0.147696
0.146234
0.144789
0.143358
0.141942
0.140541
0.139156
0.137785
0.136428
0.135087
0.13376
0.132447
0.131149
0.129866
0.128596
0.127341
0.126101
0.124874
0.123662
0.122464
0.12128
0.12011
0.118955
0.117813
0.116686
0.115573
0.114474
0.113389
0.112318
0.111261
0.110219
0.109191
0.108177
0.107178
0.106193
0.105222
0.104266
0.103324
0.102397
0.101484
0.100586
0.0997025
0.0988337
0.0979798
0.0971406
0.0963162
0.0955068
0.0947122
0.0939326
0.0931679
0.0924182
0.0916835
0.0909639
0.0902592
0.0895696
0.0888949
0.0882353
0.0875905
0.0869607
0.0863458
0.0857457
0.0851603
0.0845896
0.0840335
0.0834919
0.0829647
0.0824518
0.0819531
0.0814683
0.0809975
0.0805403
0.0800968
0.0796666
0.0792497
0.0788457
0.0784547
0.0780762
0.0777102
0.0773564
0.0770146
0.0766845
0.076366
0.0760588
0.0757627
0.0754774
0.0752026
0.0749382
0.0746839
0.0744395
0.0742046
0.0739791
0.0737627
0.0735551
0.0733562
0.0731656
0.0729832
0.0728086
0.0726417
0.0724822
0.0723299
0.0721846
0.0720461
0.071914
0.0717883
0.0716687
0.071555
0.071447
0.0713445
0.0712473
0.0711553
0.0710682
0.0709859
0.0709082
0.0708349
0.0707659
0.070701
0.0706401
0.070583
0.0705296
0.0704798
0.0704333
0.0703901
0.07035
0.070313
0.0702788
0.0702475
0.0702189
0.0701928
0.0701692
0.070148
0.0701291
0.0701124
0.0700977
0.0700852
0.0700745
0.0700657
0.0700587
0.0700534
0.0700498
0.0700477
0.0700472
0.0700481
0.0700504
0.0700541
0.070059
0.0700651
0.0700725
0.0700809
0.0700905
0.0701011
0.0701127
0.0701252
0.0701386
0.070153
0.0701682
0.0701841
0.0702009
0.0702184
0.0702366
0.0702555
0.070275
0.0702951
0.0703159
0.0703372
0.0703591
0.0703815
0.0704044
0.0704278
0.0704517
0.0704759
0.0705007
0.0705258
0.0705513
0.0705772
0.0706034
0.07063
0.0706569
0.0706841
0.0707117
0.0707395
0.0707675
0.0707959
0.0708245
0.0708533
0.0708824
0.0709117
0.0709412
0.0709709
0.0710007
0.0710308
0.0710611
0.0710915
0.071122
0.0711528
0.0711836
0.0712146
0.0712458
0.0712771
0.0713084
0.0713399
0.0713716
0.0714033
0.0714351
0.071467
0.071499
0.0715311
0.0715632
0.0715955
0.0716278
0.0716602
0.0716926
0.0717251
0.0717577
0.0717903
0.071823
0.0718557
0.0718884
0.0719212
0.0719541
0.071987
0.0720199
0.0720528
0.0720858
0.0721188
0.0721518
0.0721849
0.072218
0.0722511
0.0722842
0.0723173
0.0723505
0.0723836
0.0724168
0.07245
0.0724831
0.0725163
0.0725495
0.0725827
0.0726159
0.0726491
0.0726823
0.0727155
0.0727487
0.0727819
0.0728151
0.0728483
0.0728814
0.0729146
0.0729478
0.0729809
0.073014
0.0730472
0.0730803
0.0731134
0.0731464
0.0731795
0.0732126
0.0732456
0.0732786
0.0733116
0.0733446
0.0733775
0.0734105
0.0734434
0.0734763
0.0735092
0.073542
0.0735749
0.0736077
0.0736405
0.0736732
0.073706
0.0737387
0.0737714
0.073804
0.0738367
0.0738693
0.0739019
0.0739344
0.0739669
0.0739994
0.0740319
0.0740644
0.0740968
0.0741292
0.0741615
0.0741938
0.0742261
0.0742584
0.0742906
0.0743228
0.074355
0.0743871
0.0744192
0.0744513
0.0744834
0.0745154
0.0745473
0.0745793
0.0746112
0.0746431
0.0746749
0.0747067
0.0747385
0.0747702
0.0748019
0.0748336
0.0748652
0.0748968
0.0749284
0.0749599
0.0749914
0.0750229
0.0750543
0.0750857
0.0751171
0.0751484
0.0751797
0.0752109
0.0752421
0.0752733
0.0753044
0.0753355
0.0753666
0.0753976
0.0754286
0.0754595
0.0754905
0.0755213
0.0755522
0.075583
0.0756137
0.0756445
0.0756752
0.0757058
0.0757364
0.075767
0.0757975
0.075828
0.0758585
0.0758889
0.0759193
0.0759496
0.07598
0.0760102
0.0760405
0.0760707
0.0761008
0.0761309
0.076161
0.0761911
0.0762211
0.076251
0.0762809
0.0763108
0.0763407
0.0763705
0.0764003
0.07643
0.0764597
0.0764893
0.076519
0.0765485
0.0765781
0.0766076
0.076637
0.0766665
0.0766959
0.0767252
0.0767545
0.0767838
0.076813
0.0768422
0.0768714
0.0769005
0.0769295
0.0769586
0.0769876
0.0770165
0.0770455
0.0770743
0.0771032
0.077132
0.0771608
0.0771895
0.0772182
0.0772468
0.0772754
0.077304
0.0773325
0.077361
0.0773895
0.0774179
0.0774463
0.0774746
0.077503
0.0775312
0.0775594
0.0775876
0.0776158
0.0776439
0.077672
0.0777
0.077728
0.077756
0.0777839
0.0778118
0.0778396
0.0778674
0.0778952
0.077923
0.0779506
0.0779783
0.0780059
0.0780335
0.0780611
0.0780886
0.078116
0.0781435
0.0781709
0.0781982
0.0782255
0.0782528
0.0782801
0.0783073
0.0783344
0.0783616
0.0783887
0.0784157
0.0784428
0.0784697
0.0784967
0.0785236
0.0785505
0.0785773
0.0786041
0.0786309
0.0786576
0.0786843
0.078711
0.0787376
0.0787642
0.0787907
0.0788172
0.0788437
0.0788701
0.0788965
0.0789229
0.0789492
0.0789755
0.0790018
0.079028
0.0790542
0.0790803
0.0791064
0.0791325
0.0791585
0.0791845
0.0792105
0.0792365
0.0792624
0.0792882
0.079314
0.0793398
0.0793656
0.0793913
0.079417
0.0794426
0.0794683
0.0794938
0.0795194
0.0795449
0.0795704
0.0795958
0.0796212
0.0796466
0.0796719
0.0796972
0.0797225
0.0797477
0.0797729
0.0797981
0.0798232
0.0798483
0.0798734
0.0798984
0.0799234
0.0799484
0.0799733
0.0799982
0.080023
0.0800479
0.0800727
0.0800974
0.0801221
0.0801468
0.0801715
0.0801961
0.0802207
0.0802452
0.0802698
0.0802942
0.0803187
0.0803431
0.0803675
0.0803919
0.0804162
0.0804405
0.0804647
0.0804889
0.0805131
0.0805373
0.0805614
0.0805855
0.0806096
0.0806336
0.0806576
0.0806815
0.0807055
0.0807294
0.0807532
0.0807771
0.0808009
0.0808246
0.0808484
0.0808721
0.0808957
0.0809194
0.080943
0.0809665
0.0809901
0.0810136
0.0810371
0.0810605
0.0810839
0.0811073
0.0811307
0.081154
0.0811773
0.0812005
0.0812238
0.0812469
0.0812701
0.0812932
0.0813163
0.0813394
0.0813624
0.0813855
0.0814084
0.0814314
0.0814543
0.0814772
0.0815
0.0815228
0.0815456
0.0815684
0.0815911
0.0816138
0.0816365
0.0816591
0.0816817
0.0817043
0.0817268
0.0817493
0.0817718
0.0817943
0.0818167
0.0818391
0.0818614
0.0818838
0.0819061
0.0819283
0.0819506
0.0819728
0.081995
0.0820171
0.0820392
0.0820613
0.0820834
0.0821054
0.0821274
0.0821494
0.0821713
0.0821932
0.0822151
0.0822369
0.0822588
0.0822805
0.0823023
0.082324
0.0823457
0.0823674
0.0823891
0.0824107
0.0824322
0.0824538
0.0824753
0.0824968
0.0825183
0.0825397
0.0825611
0.0825825
0.0826038
0.0826252
0.0826465
0.0826677
0.0826889
0.0827101
0.0827313
0.0827525
0.0827736
0.0827947
0.0828157
0.0828367
0.0828577
0.0828787
0.0828997
0.0829206
0.0829414
0.0829623
0.0829831
0.0830039
0.0830247
0.0830454
0.0830661
0.0830868
0.0831075
0.0831281
0.0831487
0.0831692
0.0831898
0.0832103
0.0832308
0.0832512
0.0832716
0.083292
0.0833124
0.0833327
0.083353
0.0833733
0.0833936
0.0834138
0.083434
0.0834542
0.0834743
0.0834944
0.0835145
0.0835345
0.0835546
0.0835746
0.0835945
0.0836145
0.0836344
0.0836542
0.0836741
0.0836939
0.0837137
0.0837335
0.0837532
0.0837729
0.0837926
0.0838123
0.0838319
0.0838515
0.0838711
0.0838906
0.0839101
0.0839296
0.0839491
0.0839685
0.0839879
0.0840073
0.0840266
0.0840459
0.0840652
0.0840845
0.0841037
0.0841229
0.0841421
0.0841612
0.0841803
0.0841994
0.0842185
0.0842375
0.0842565
0.0842755
0.0842944
0.0843134
0.0843322
0.0843511
0.0843699
0.0843887
0.0844075
0.0844263
0.084445
0.0844637
0.0844824
0.084501
0.0845196
0.0845382
0.0845567
0.0845753
0.0845938
0.0846122
0.0846307
0.0846491
0.0846675
0.0846858
0.0847041
0.0847224
0.0847407
0.0847589
0.0847772
0.0847953
0.0848135
0.0848316
0.0848497
0.0848678
0.0848858
0.0849039
0.0849218
0.0849398
0.0849577
0.0849756
0.0849935
0.0850114
0.0850292
0.085047
0.0850647
0.0850825
0.0851002
0.0851178
0.0851355
0.0851531
0.0851707
0.0851883
0.0852058
0.0852233
0.0852408
0.0852582
0.0852756
0.085293
0.0853104
0.0853277
0.085345
0.0853623
0.0853796
0.0853968
0.085414
0.0854311
0.0854483
0.0854654
0.0854825
0.0854995
0.0855165
0.0855335
0.0855505
0.0855674
0.0855844
0.0856012
0.0856181
0.0856349
0.0856517
0.0856685
0.0856852
0.0857019
0.0857186
0.0857353
0.0857519
0.0857685
0.0857851
0.0858016
0.0858181
0.0858346
0.085851
0.0858675
0.0858839
0.0859002
0.0859166
0.0859329
0.0859492
0.0859654
0.0859817
0.0859979
0.086014
0.0860302
0.0860463
0.0860624
0.0860785
0.0860945
0.0861105
0.0861265
0.0861424
0.0861583
0.0861742
0.0861901
0.0862059
0.0862217
0.0862375
0.0862533
0.086269
0.0862847
0.0863003
0.086316
0.0863316
0.0863472
0.0863627
0.0863783
0.0863938
0.0864092
0.0864247
0.0864401
0.0864555
0.0864708
0.0864862
0.0865015
0.0865168
0.086532
0.0865472
0.0865624
0.0865776
0.0865928
0.0866079
0.086623
0.086638
0.0866531
0.0866681
0.0866831
0.086698
0.0867129
0.0867278
0.0867427
0.0867576
0.0867724
0.0867872
0.0868019
0.0868167
0.0868314
0.0868461
0.0868608
0.0868754
0.08689
0.0869046
0.0869192
0.0869337
0.0869482
0.0869627
0.0869771
0.0869916
0.087006
0.0870204
0.0870347
0.0870491
0.0870634
0.0870777
0.0870919
0.0871061
0.0871204
0.0871345
0.0871487
0.0871628
0.087177
0.087191
0.0872051
0.0872192
0.0872332
0.0872472
0.0872612
0.0872751
0.087289
0.0873029
0.0873168
0.0873307
0.0873445
0.0873583
0.0873721
0.0873859
0.0873997
0.0874134
0.0874271
0.0874408
0.0874545
0.0874681
0.0874817
0.0874953
0.0875089
0.0875225
0.087536
0.0875496
0.0875631
0.0875766
0.08759
0.0876035
0.0876169
0.0876303
0.0876437
0.0876571
0.0876705
0.0876838
0.0876972
0.0877105
0.0877238
0.087737
0.0877503
0.0877636
0.0877768
0.08779
0.0878032
0.0878164
0.0878296
0.0878427
0.0878559
0.087869
0.0878821
0.0878952
0.0879083
0.0879214
0.0879345
0.0879476
0.0879606
0.0879736
0.0879867
0.0879997
0.0880127
0.0880257
0.0880387
0.0880517
0.0880646
0.0880776
0.0880906
0.0881035
0.0881164
0.0881294
0.0881423
0.0881552
0.0881682
0.0881811
0.088194
0.0882069
0.0882198
0.0882327
0.0882456
0.0882585
0.0882714
0.0882843
0.0882972
0.08831
0.0883229
0.0883358
0.0883487
0.0883616
0.0883745
0.0883874
0.0884003
0.0884132
0.0884261
0.088439
0.088452
0.0884649
0.0884778
0.0884908
0.0885037
0.0885167
0.0885296
0.0885426
0.0885556
0.0885686
0.0885816
0.0885946
0.0886076
0.0886207
0.0886337
0.0886468
0.0886599
0.088673
0.0886861
0.0886992
0.0887123
0.0887255
0.0887387
0.0887519
0.0887651
0.0887784
0.0887916
0.0888049
0.0888182
0.0888316
0.0888449
0.0888583
0.0888717
0.0888851
0.0888986
0.0889121
0.0889256
0.0889392
0.0889527
0.0889663
0.08898
0.0889937
0.0890074
0.0890211
0.0890349
0.0890487
0.0890625
0.0890764
0.0890903
0.0891043
0.0891183
0.0891324
0.0891464
0.0891606
0.0891747
0.089189
0.0892032
0.0892175
0.0892319
0.0892463
0.0892607
0.0892752
0.0892898
0.0893044
0.0893191
0.0893338
0.0893485
0.0893634
0.0893782
0.0893932
0.0894082
0.0894232
0.0894383
0.0894535
0.0894687
0.089484
0.0894994
0.0895148
0.0895303
0.0895459
0.0895615
0.0895772
0.089593
0.0896089
0.0896248
0.0896408
0.0896568
0.089673
0.0896892
0.0897055
0.0897219
0.0897383
0.0897549
0.0897715
0.0897882
0.089805
0.0898219
0.0898388
0.0898559
0.089873
0.0898903
0.0899076
0.089925
0.0899425
0.0899601
0.0899778
0.0899956
0.0900135
0.0900315
0.0900496
0.0900678
0.0900861
0.0901045
0.090123
0.0901416
0.0901604
0.0901792
0.0901981
0.0902172
0.0902364
0.0902557
0.0902751
0.0902946
0.0903142
0.090334
0.0903538
0.0903738
0.0903939
0.0904142
0.0904345
0.090455
0.0904756
0.0904964
0.0905173
0.0905383
0.0905594
0.0905807
0.0906021
0.0906236
0.0906453
0.0906671
0.0906891
0.0907112
0.0907334
0.0907558
0.0907783
0.090801
0.0908238
0.0908468
0.0908699
0.0908932
0.0909166
0.0909401
0.0909639
0.0909878
0.0910118
0.091036
0.0910603
0.0910849
0.0911095
0.0911344
0.0911594
0.0911846
0.0912099
0.0912354
0.0912611
0.0912869
0.091313
0.0913391
0.0913655
0.091392
0.0914188
0.0914457
0.0914727
0.0915
0.0915274
0.091555
0.0915828
0.0916108
0.091639
0.0916674
0.0916959
0.0917246
0.0917536
0.0917827
0.091812
0.0918415
0.0918712
0.0919011
0.0919312
0.0919615
0.091992
0.0920227
0.0920536
0.0920847
0.092116
0.0921475
0.0921792
0.0922111
0.0922433
0.0922756
0.0923082
0.0923409
0.0923739
0.0924071
0.0924405
0.0924741
0.092508
0.092542
0.0925763
0.0926108
0.0926456
0.0926805
0.0927157
0.0927511
0.0927867
0.0928225
0.0928586
0.0928949
0.0929314
0.0929682
0.0930052
0.0930424
0.0930799
0.0931176
0.0931555
0.0931937
0.0932321
0.0932707
0.0933096
0.0933487
0.0933881
0.0934277
0.0934676
0.0935077
0.093548
0.0935886
0.0936294
0.0936705
0.0937118
0.0937534
0.0937952
0.0938373
0.0938796
0.0939222
0.093965
0.0940081
0.0940514
0.094095
0.0941388
0.0941829
0.0942273
0.0942719
0.0943168
0.0943619
0.0944073
0.094453
0.0944989
0.0945451
0.0945915
0.0946382
0.0946852
0.0947324
0.0947799
0.0948277
0.0948757
0.094924
0.0949726
0.0950214
0.0950705
0.0951199
0.0951696
0.0952195
0.0952697
0.0953201
0.0953709
0.0954219
0.0954731
0.0955247
0.0955765
0.0956286
0.095681
0.0957337
0.0957866
0.0958398
0.0958933
0.095947
0.0960011
0.0960554
0.09611
0.0961649
0.09622
0.0962755
0.0963312
0.0963872
0.0964435
0.0965
0.0965569
0.096614
0.0966714
0.0967291
0.096787
0.0968453
0.0969038
0.0969626
0.0970217
0.0970811
0.0971408
0.0972008
0.097261
0.0973215
0.0973823
0.0974434
0.0975048
0.0975665
0.0976284
0.0976907
0.0977532
0.097816
0.0978791
0.0979425
0.0980062
0.0980701
0.0981344
0.0981989
0.0982637
0.0983288
0.0983942
0.0984599
0.0985259
0.0985921
0.0986586
0.0987255
0.0987926
0.09886
0.0989277
0.0989956
0.0990639
0.0991324
0.0992013
0.0992704
0.0993398
0.0994095
0.0994794
0.0995497
0.0996202
0.0996911
0.0997622
0.0998336
0.0999053
0.0999772
0.100049
0.100122
0.100195
0.100268
0.100341
0.100415
0.100489
0.100563
0.100638
0.100713
0.100788
0.100863
0.100939
0.101015
0.101091
0.101167
0.101244
0.101321
0.101398
0.101476
0.101554
0.101632
0.10171
0.101789
0.101868
0.101947
0.102027
0.102107
0.102187
0.102267
0.102348
0.102429
0.10251
0.102591
0.102673
0.102755
0.102837
0.10292
0.103003
0.103086
0.103169
0.103253
0.103336
0.10342
0.103505
0.10359
0.103674
0.10376
0.103845
0.103931
0.104017
0.104103
0.104189
0.104276
0.104363
0.10445
0.104538
0.104626
0.104714
0.104802
0.10489
0.104979
0.105068
0.105157
0.105247
0.105337
0.105427
0.105517
0.105608
0.105698
0.105789
0.10588
0.105972
0.106064
0.106156
0.106248
0.10634
0.106433
0.106526
0.106619
0.106712
0.106806
0.1069
0.106994
0.107088
0.107182
0.107277
0.107372
0.107467
0.107563
0.107658
0.107754
0.10785
0.107947
0.108043
0.10814
0.108237
0.108334
0.108431
0.108529
0.108626
0.108724
0.108823
0.108921
0.10902
0.109118
0.109217
0.109317
0.109416
0.109516
0.109615
0.109715
0.109815
0.109916
0.110016
0.110117
0.110218
0.110319
0.11042
0.110522
0.110623
0.110725
0.110827
0.110929
0.111032
0.111134
0.111237
0.11134
0.111443
0.111546
0.111649
0.111753
0.111857
0.11196
0.112064
0.112169
0.112273
0.112377
0.112482
0.112587
0.112692
0.112797
0.112902
0.113007
0.113113
0.113218
0.113324
0.11343
0.113536
0.113642
0.113748
0.113855
0.113961
0.114068
0.114175
0.114282
0.114389
0.114496
0.114603
0.11471
0.114818
0.114925
0.115033
0.115141
0.115248
0.115356
0.115464
0.115573
0.115681
0.115789
0.115898
0.116006
0.116115
0.116223
0.116332
0.116441
0.11655
0.116659
0.116768
0.116877
0.116986
0.117096
0.117205
0.117314
0.117424
0.117533
0.117643
0.117752
0.117862
0.117972
0.118081
0.118191
0.118301
0.118411
0.118521
0.118631
0.118741
0.118851
0.118961
0.119071
0.119181
0.119291
0.119401
0.119511
0.119621
0.119731
0.119842
0.119952
0.120062
0.120172
0.120282
0.120392
0.120503
0.120613
0.120723
0.120833
0.120943
0.121053
0.121163
0.121273
0.121383
0.121493
0.121603
0.121713
0.121823
0.121933
0.122043
0.122153
0.122262
0.122372
0.122482
0.122591
0.122701
0.12281
0.12292
0.123029
0.123138
0.123248
0.123357
0.123466
0.123575
0.123684
0.123793
0.123901
0.12401
0.124119
0.124227
0.124336
0.124444
0.124552
0.12466
0.124768
0.124876
0.124984
0.125092
0.125199
0.125307
0.125414
0.125522
0.125629
0.125736
0.125843
0.12595
0.126056
0.126163
0.126269
0.126375
0.126482
0.126588
0.126693
0.126799
0.126905
0.12701
0.127115
0.12722
0.127325
0.12743
0.127535
0.127639
0.127743
0.127848
0.127952
0.128055
0.128159
0.128262
0.128366
0.128469
0.128572
0.128674
0.128777
0.128879
0.128981
0.129083
0.129185
0.129287
0.129388
0.129489
0.12959
0.129691
0.129791
0.129892
0.129992
0.130092
0.130191
0.130291
0.13039
0.130489
0.130588
0.130687
0.130785
0.130883
0.130981
0.131079
0.131176
0.131273
0.13137
0.131467
0.131564
0.13166
0.131756
0.131852
0.131947
0.132042
0.132137
0.132232
0.132327
0.132421
0.132515
0.132609
0.132702
0.132795
0.132888
0.132981
0.133073
0.133166
0.133257
0.133349
0.13344
0.133531
0.133622
0.133713
0.133803
0.133893
0.133983
0.134072
0.134161
0.13425
0.134339
0.134427
0.134515
0.134602
0.13469
0.134777
0.134864
0.13495
0.135036
0.135122
0.135208
0.135293
0.135378
0.135463
0.135548
0.135632
0.135716
0.135799
0.135882
0.135965
0.136048
0.13613
0.136212
0.136294
0.136375
0.136456
0.136537
0.136617
0.136698
0.136777
0.136857
0.136936
0.137015
0.137093
0.137172
0.13725
0.137327
0.137404
0.137481
0.137558
0.137634
0.13771
0.137786
0.137861
0.137936
0.138011
0.138086
0.13816
0.138233
0.138307
0.13838
0.138453
0.138525
0.138597
0.138669
0.138741
0.138812
0.138883
0.138953
0.139023
0.139093
0.139163
0.139232
0.139301
0.139369
0.139437
0.139505
0.139573
0.13964
0.139707
0.139773
0.13984
0.139906
0.139971
0.140036
0.140101
0.140166
0.14023
0.140294
0.140358
0.140421
0.140484
0.140547
0.140609
0.140671
0.140732
0.140794
0.140855
0.140915
0.140976
0.141036
0.141096
0.141155
0.141214
0.141273
0.141331
0.141389
0.141447
0.141504
0.141561
0.141618
0.141675
0.141731
0.141787
0.141842
0.141897
0.141952
0.142007
0.142061
0.142115
0.142168
0.142222
0.142275
0.142327
0.142379
0.142431
0.142483
0.142534
0.142586
0.142636
0.142687
0.142737
0.142787
0.142836
0.142885
0.142934
0.142983
0.143031
0.143079
0.143127
0.143174
0.143221
0.143268
0.143314
0.14336
0.143406
0.143451
0.143497
0.143542
0.143586
0.14363
0.143674
0.143718
0.143762
0.143805
0.143847
0.14389
0.143932
0.143974
0.144016
0.144057
0.144098
0.144139
0.144179
0.14422
0.14426
0.144299
0.144338
0.144378
0.144416
0.144455
0.144493
0.144531
0.144568
0.144606
0.144643
0.14468
0.144716
0.144752
0.144788
0.144824
0.14486
0.144895
0.14493
0.144964
0.144998
0.145033
0.145066
0.1451
0.145133
0.145166
0.145199
0.145231
0.145263
0.145295
0.145327
0.145359
0.14539
0.145421
0.145451
0.145482
0.145512
0.145542
0.145571
0.145601
0.14563
0.145659
0.145687
0.145716
0.145744
0.145772
0.145799
0.145827
0.145854
0.145881
0.145907
0.145934
0.14596
0.145986
0.146012
0.146037
0.146062
0.146087
0.146112
0.146137
0.146161
0.146185
0.146209
0.146233
0.146256
0.146279
0.146302
0.146325
0.146347
0.14637
0.146392
0.146413
0.146435
0.146456
0.146478
0.146498
0.146519
0.14654
0.14656
0.14658
0.1466
0.14662
0.146639
0.146658
0.146677
0.146696
0.146715
0.146733
0.146752
0.14677
0.146787
0.146805
0.146822
0.14684
0.146857
0.146874
0.14689
0.146907
0.146923
0.146939
0.146955
0.14697
0.146986
0.147001
0.147016
0.147031
0.147046
0.14706
0.147075
0.147089
0.147103
0.147117
0.14713
0.147144
0.147157
0.14717
0.147183
0.147196
0.147208
0.147221
0.147233
0.147245
0.147257
0.147268
0.14728
0.147291
0.147303
0.147314
0.147324
0.147335
0.147346
0.147356
0.147366
0.147376
0.147386
0.147396
0.147405
0.147415
0.147424
0.147433
0.147442
0.147451
0.147459
0.147468
0.147476
0.147484
0.147492
0.1475
0.147508
0.147516
0.147523
0.14753
0.147537
0.147544
0.147551
0.147558
0.147564
0.147571
0.147577
0.147583
0.147589
0.147595
0.147601
0.147606
0.147612
0.147617
0.147622
0.147628
0.147632
0.147637
0.147642
0.147646
0.147651
0.147655
0.147659
0.147663
0.147667
0.147671
0.147675
0.147678
0.147682
0.147685
0.147688
0.147691
0.147694
0.147697
0.147699
0.147702
0.147704
0.147707
0.147709
0.147711
0.147713
0.147715
0.147717
0.147718
0.14772
0.147721
0.147723
0.147724
0.147725
0.147726
0.147727
0.147728
0.147728
0.147729
0.147729
0.14773
0.14773
0.14773
0.14773
0.14773
0.14773
0.14773
0.14773
0.147729
0.147729
0.147728
0.147727
0.147727
0.147726
0.147725
0.147724
0.147722
0.147721
0.14772
0.147718
0.147717
0.147715
0.147713
0.147712
0.14771
0.147708
0.147706
0.147703
0.147701
0.147699
0.147696
0.147694
0.147691
0.147689
0.147686
0.147683
0.14768
0.147677
0.147674
0.147671
0.147668
0.147664
0.147661
0.147658
0.147654
0.147651
0.147647
0.147643
0.147639
0.147635
0.147631
0.147627
0.147623
0.147619
0.147615
0.14761
0.147606
0.147602
0.147597
0.147592
0.147588
0.147583
0.147578
0.147573
0.147568
0.147563
0.147558
0.147553
0.147548
0.147543
0.147537
0.147532
0.147527
0.147521
0.147516
0.14751
0.147504
0.147498
0.147493
0.147487
0.147481
0.147475
0.147469
0.147463
0.147457
0.14745
0.147444
0.147438
0.147431
0.147425
0.147419
0.147412
0.147405
0.147399
0.147392
0.147385
0.147379
0.147372
0.147365
0.147358
0.147351
0.147344
0.147337
0.14733
0.147322
0.147315
0.147308
0.147301
0.147293
0.147286
0.147278
0.147271
0.147263
0.147256
0.147248
0.14724
0.147233
0.147225
0.147217
0.147209
0.147201
0.147193
0.147185
0.147177
0.147169
0.147161
0.147153
0.147145
0.147137
0.147129
0.14712
0.147112
0.147104
0.147095
0.147087
0.147078
0.14707
0.147061
0.147053
0.147044
0.147035
0.147027
0.147018
0.147009
0.147
0.146991
0.146983
0.146974
0.146965
0.146956
0.146947
0.146938
0.146929
0.14692
0.146911
0.146901
0.146892
0.146883
0.146874
0.146865
0.146855
0.146846
0.146837
0.146827
0.146818
0.146808
0.146799
0.146789
0.14678
0.14677
0.146761
0.146751
0.146742
0.146732
0.146722
0.146713
0.146703
0.146693
0.146683
0.146674
0.146664
0.146654
0.146644
0.146634
0.146624
0.146614
0.146604
0.146594
0.146584
0.146574
0.146564
0.146554
0.146544
0.146534
0.146524
0.146514
0.146504
0.146494
0.146483
0.146473
0.146463
0.146453
0.146442
0.146432
0.146422
0.146411
0.146401
0.146391
0.14638
0.14637
0.146359
0.146349
0.146339
0.146328
0.146318
0.146307
0.146297
0.146286
0.146276
0.146265
0.146254
0.146244
0.146233
0.146223
0.146212
0.146201
0.146191
0.14618
0.146169
0.146159
0.146148
0.146137
0.146126
0.146116
0.146105
0.146094
0.146083
0.146072
0.146062
0.146051
0.14604
0.146029
0.146018
0.146007
0.145997
0.145986
0.145975
0.145964
0.145953
0.145942
0.145931
0.14592
0.145909
0.145898
0.145887
0.145876
0.145865
0.145854
0.145843
0.145832
0.145821
0.14581
0.145799
0.145788
0.145777
0.145766
0.145755
0.145744
0.145733
0.145721
0.14571
0.145699
0.145688
0.145677
0.145666
0.145655
0.145643
0.145632
0.145621
0.14561
0.145599
0.145588
0.145576
0.145565
0.145554
0.145543
0.145532
0.14552
0.145509
0.145498
0.145487
0.145476
0.145464
0.145453
0.145442
0.145431
0.145419
0.145408
0.145397
0.145386
0.145374
0.145363
0.145352
0.145341
0.145329
0.145318
0.145307
0.145295
0.145284
0.145273
0.145262
0.14525
0.145239
0.145228
0.145216
0.145205
0.145194
0.145182
0.145171
0.14516
0.145149
0.145137
0.145126
0.145115
0.145103
0.145092
0.145081
0.145069
0.145058
0.145047
0.145035
0.145024
0.145013
0.145001
0.14499
0.144979
0.144967
0.144956
0.144945
0.144933
0.144922
0.144911
0.144899
0.144888
0.144877
0.144866
0.144854
0.144843
0.144832
0.14482
0.144809
0.144798
0.144786
0.144775
0.144764
0.144752
0.144741
0.14473
0.144719
0.144707
0.144696
0.144685
0.144673
0.144662
0.144651
0.144639
0.144628
0.144617
0.144606
0.144594
0.144583
0.144572
0.14456
0.144549
0.144538
0.144527
0.144515
0.144504
0.144493
0.144482
0.14447
0.144459
0.144448
0.144437
0.144425
0.144414
0.144403
0.144392
0.14438
0.144369
0.144358
0.144347
0.144336
0.144324
0.144313
0.144302
0.144291
0.14428
0.144268
0.144257
0.144246
0.144235
0.144224
0.144213
0.144201
0.14419
0.144179
0.144168
0.144157
0.144146
0.144135
0.144123
0.144112
0.144101
0.14409
0.144079
0.144068
0.144057
0.144046
0.144035
0.144023
0.144012
0.144001
0.14399
0.143979
0.143968
0.143957
0.143946
0.143935
0.143924
0.143913
0.143902
0.143891
0.14388
0.143869
0.143858
0.143847
0.143836
0.143825
0.143814
0.143803
0.143792
0.143781
0.14377
0.143759
0.143748
0.143737
0.143726
0.143715
0.143704
0.143693
0.143682
0.143671
0.14366
0.14365
0.143639
0.143628
0.143617
0.143606
0.143595
0.143584
0.143573
0.143563
0.143552
0.143541
0.14353
0.143519
0.143508
0.143498
0.143487
0.143476
0.143465
0.143454
0.143444
0.143433
0.143422
0.143411
0.143401
0.14339
0.143379
0.143368
0.143358
0.143347
0.143336
0.143326
0.143315
0.143304
0.143294
0.143283
0.143272
0.143262
0.143251
0.14324
0.14323
0.143219
0.143208
0.143198
0.143187
0.143176
0.143166
0.143155
0.143145
0.143134
0.143124
0.143113
0.143102
0.143092
0.143081
0.143071
0.14306
0.14305
0.143039
0.143029
0.143018
0.143008
0.142997
0.142987
0.142976
0.142966
0.142955
0.142945
0.142935
0.142924
0.142914
0.142903
0.142893
0.142882
0.142872
0.142862
0.142851
0.142841
0.142831
0.14282
0.14281
0.1428
0.142789
0.142779
0.142769
0.142758
0.142748
0.142738
0.142727
0.142717
0.142707
0.142697
0.142686
0.142676
0.142666
0.142656
0.142645
0.142635
0.142625
0.142615
0.142605
0.142595
0.142584
0.142574
0.142564
0.142554
0.142544
0.142534
0.142523
0.142513
0.142503
0.142493
0.142483
0.142473
0.142463
0.142453
0.142443
0.142433
0.142423
0.142413
0.142403
0.142393
0.142383
0.142373
0.142363
0.142353
0.142343
0.142333
0.142323
0.142313
0.142303
0.142293
0.142283
0.142273
0.142263
0.142253
0.142243
0.142233
0.142224
0.142214
0.142204
0.142194
0.142184
0.142174
0.142164
0.142155
0.142145
0.142135
0.142125
0.142115
0.142106
0.142096
0.142086
0.142076
0.142067
0.142057
0.142047
0.142037
0.142028
0.142018
0.142008
0.141999
0.141989
0.141979
0.14197
0.14196
0.14195
0.141941
0.141931
0.141921
0.141912
0.141902
0.141892
0.141883
0.141873
0.141864
0.141854
0.141845
0.141835
0.141826
0.141816
0.141806
0.141797
0.141787
0.141778
0.141768
0.141759
0.141749
0.14174
0.141731
0.141721
0.141712
0.141702
0.141693
0.141683
0.141674
0.141665
0.141655
0.141646
0.141636
0.141627
0.141618
0.141608
0.141599
0.14159
0.14158
0.141571
0.141562
0.141552
0.141543
0.141534
0.141525
0.141515
0.141506
0.141497
0.141488
0.141478
0.141469
0.14146
0.141451
0.141441
0.141432
0.141423
0.141414
0.141405
0.141396
0.141386
0.141377
0.141368
0.141359
0.14135
0.141341
0.141332
0.141323
0.141314
0.141304
0.141295
0.141286
0.141277
0.141268
0.141259
0.14125
0.141241
0.141232
0.141223
0.141214
0.141205
0.141196
0.141187
0.141178
0.141169
0.14116
0.141151
0.141142
0.141134
0.141125
0.141116
0.141107
0.141098
0.141089
0.14108
0.141071
0.141063
0.141054
0.141045
0.141036
0.141027
0.141018
0.14101
0.141001
0.140992
0.140983
0.140974
0.140966
0.140957
0.140948
0.140939
0.140931
0.140922
0.140913
0.140905
0.140896
0.140887
0.140878
0.14087
0.140861
0.140852
0.140844
0.140835
0.140827
0.140818
0.140809
0.140801
0.140792
0.140783
0.140775
0.140766
0.140758
0.140749
0.140741
0.140732
0.140724
0.140715
0.140706
0.140698
0.140689
0.140681
0.140672
0.140664
0.140655
0.140647
0.140639
0.14063
0.140622
0.140613
0.140605
0.140596
0.140588
0.14058
0.140571
0.140563
0.140554
0.140546
0.140538
0.140529
0.140521
0.140513
0.140504
0.140496
0.140488
0.140479
0.140471
0.140463
0.140454
0.140446
0.140438
0.14043
0.140421
0.140413
0.140405
0.140397
0.140388
0.14038
0.140372
0.140364
0.140356
0.140348
0.140339
0.140331
0.140323
0.140315
0.140307
0.140299
0.14029
0.140282
0.140274
0.140266
0.140258
0.14025
0.140242
0.140234
0.140226
0.140218
0.14021
0.140202
0.140194
0.140185
0.140177
0.140169
0.140161
0.140153
0.140145
0.140137
0.140129
0.140122
0.140114
0.140106
0.140098
0.14009
0.140082
0.140074
0.140066
0.140058
0.14005
0.140042
0.140034
0.140027
0.140019
0.140011
0.140003
0.139995
0.139987
0.139979
0.139972
0.139964
0.139956
0.139948
0.13994
0.139933
0.139925
0.139917
0.139909
0.139902
0.139894
0.139886
0.139878
0.139871
0.139863
0.139855
0.139847
0.13984
0.139832
0.139824
0.139817
0.139809
0.139801
0.139794
0.139786
0.139778
0.139771
0.139763
0.139756
0.139748
0.13974
0.139733
0.139725
0.139718
0.13971
0.139702
0.139695
0.139687
0.13968
0.139672
0.139665
0.139657
0.13965
0.139642
0.139635
0.139627
0.13962
0.139612
0.139605
0.139597
0.13959
0.139582
0.139575
0.139568
0.13956
0.139553
0.139545
0.139538
0.13953
0.139523
0.139516
0.139508
0.139501
0.139494
0.139486
0.139479
0.139472
0.139464
0.139457
0.13945
0.139442
0.139435
0.139428
0.13942
0.139413
0.139406
0.139398
0.139391
0.139384
0.139377
0.139369
0.139362
0.139355
0.139348
0.139341
0.139333
0.139326
0.139319
0.139312
0.139305
0.139297
0.13929
0.139283
0.139276
0.139269
0.139262
0.139255
0.139247
0.13924
0.139233
0.139226
0.139219
0.139212
0.139205
0.139198
0.139191
0.139184
0.139176
0.139169
0.139162
0.139155
0.139148
0.139141
0.139134
0.139127
0.13912
0.139113
0.139106
0.139099
0.139092
0.139085
0.139078
0.139071
0.139064
0.139058
0.139051
0.139044
0.139037
0.13903
0.139023
0.139016
0.139009
0.139002
0.138995
0.138988
0.138982
0.138975
0.138968
0.138961
0.138954
0.138947
0.13894
0.138934
0.138927
0.13892
0.138913
0.138906
0.1389
0.138893
0.138886
0.138879
0.138873
0.138866
0.138859
0.138852
0.138846
0.138839
0.138832
0.138825
0.138819
0.138812
0.138805
0.138799
0.138792
0.138785
0.138778
0.138772
0.138765
0.138758
0.138752
0.138745
0.138739
0.138732
0.138725
0.138719
0.138712
0.138705
0.138699
0.138692
0.138686
0.138679
0.138673
0.138666
0.138659
0.138653
0.138646
0.13864
0.138633
0.138627
0.13862
0.138614
0.138607
0.138601
0.138594
0.138588
0.138581
0.138575
0.138568
0.138562
0.138555
0.138549
0.138542
0.138536
0.138529
0.138523
0.138517
0.13851
0.138504
0.138497
0.138491
0.138485
0.138478
0.138472
0.138465
0.138459
0.138453
0.138446
0.13844
0.138434
0.138427
0.138421
0.138415
0.138408
0.138402
0.138396
0.138389
0.138383
0.138377
0.13837
0.138364
0.138358
0.138352
0.138345
0.138339
0.138333
0.138327
0.13832
0.138314
0.138308
0.138302
0.138296
0.138289
0.138283
0.138277
0.138271
0.138265
0.138258
0.138252
0.138246
0.13824
0.138234
0.138228
0.138221
0.138215
0.138209
0.138203
0.138197
0.138191
0.138185
0.138179
0.138172
0.138166
0.13816
0.138154
0.138148
0.138142
0.138136
0.13813
0.138124
0.138118
0.138112
0.138106
0.1381
0.138094
0.138088
0.138082
0.138076
0.13807
0.138064
0.138058
0.138052
0.138046
0.13804
0.138034
0.138028
0.138022
0.138016
0.13801
0.138004
0.137998
0.137992
0.137986
0.13798
0.137974
0.137968
0.137963
0.137957
0.137951
0.137945
0.137939
0.137933
0.137927
0.137921
0.137916
0.13791
0.137904
0.137898
0.137892
0.137886
0.137881
0.137875
0.137869
0.137863
0.137857
0.137851
0.137846
0.13784
0.137834
0.137828
0.137823
0.137817
0.137811
0.137805
0.1378
0.137794
0.137788
0.137782
0.137777
0.137771
0.137765
0.137759
0.137754
0.137748
0.137742
0.137737
0.137731
0.137725
0.13772
0.137714
0.137708
0.137703
0.137697
0.137691
0.137686
0.13768
0.137674
0.137669
0.137663
0.137658
0.137652
0.137646
0.137641
0.137635
0.13763
0.137624
0.137618
0.137613
0.137607
0.137602
0.137596
0.137591
0.137585
0.137579
0.137574
0.137568
0.137563
0.137557
0.137552
0.137546
0.137541
0.137535
0.13753
0.137524
0.137519
0.137513
0.137508
0.137502
0.137497
0.137491
0.137486
0.137481
0.137475
0.13747
0.137464
0.137459
0.137453
0.137448
0.137442
0.137437
0.137432
0.137426
0.137421
0.137415
0.13741
0.137405
0.137399
0.137394
0.137389
0.137383
0.137378
0.137373
0.137367
0.137362
0.137356
0.137351
0.137346
0.13734
0.137335
0.13733
0.137325
0.137319
0.137314
0.137309
0.137303
0.137298
0.137293
0.137288
0.137282
0.137277
0.137272
0.137266
0.137261
0.137256
0.137251
0.137245
0.13724
0.137235
0.13723
0.137225
0.137219
0.137214
0.137209
0.137204
0.137199
0.137193
0.137188
0.137183
0.137178
0.137173
0.137167
0.137162
0.137157
0.137152
0.137147
0.137142
0.137137
0.137131
0.137126
0.137121
0.137116
0.137111
0.137106
0.137101
0.137096
0.137091
0.137085
0.13708
0.137075
0.13707
0.137065
0.13706
0.137055
0.13705
0.137045
0.13704
0.137035
0.13703
0.137025
0.13702
0.137015
0.13701
0.137005
0.137
0.136995
0.13699
0.136985
0.13698
0.136975
0.13697
0.136965
0.13696
0.136955
0.13695
0.136945
0.13694
0.136935
0.13693
0.136925
0.13692
0.136915
0.13691
0.136905
0.1369
0.136895
0.13689
0.136885
0.13688
0.136876
0.136871
0.136866
0.136861
0.136856
0.136851
0.136846
0.136841
0.136836
0.136832
0.136827
0.136822
0.136817
0.136812
0.136807
0.136803
0.136798
0.136793
0.136788
0.136783
0.136778
0.136774
0.136769
0.136764
0.136759
0.136754
0.13675
0.136745
0.13674
0.136735
0.13673
0.136726
0.136721
0.136716
0.136711
0.136707
0.136702
0.136697
0.136692
0.136688
0.136683
0.136678
0.136673
0.136669
0.136664
0.136659
0.136655
0.13665
0.136645
0.13664
0.136636
0.136631
0.136626
0.136622
0.136617
0.136612
0.136608
0.136603
0.136598
0.136594
0.136589
0.136584
0.13658
0.136575
0.13657
0.136566
0.136561
0.136557
0.136552
0.136547
0.136543
0.136538
0.136533
0.136529
0.136524
0.13652
0.136515
0.136511
0.136506
0.136501
0.136497
0.136492
0.136488
0.136483
0.136479
0.136474
0.136469
0.136465
0.13646
0.136456
0.136451
0.136447
0.136442
0.136438
0.136433
0.136429
0.136424
0.13642
0.136415
0.136411
0.136406
0.136402
0.136397
0.136393
0.136388
0.136384
0.136379
0.136375
0.13637
0.136366
0.136361
0.136357
0.136352
0.136348
0.136344
0.136339
0.136335
0.13633
0.136326
0.136321
0.136317
0.136313
0.136308
0.136304
0.136299
0.136295
0.136291
0.136286
0.136282
0.136277
0.136273
0.136269
0.136264
0.13626
0.136256
0.136251
0.136247
0.136242
0.136238
0.136234
0.136229
0.136225
0.136221
0.136216
0.136212
0.136208
0.136203
0.136199
0.136195
0.13619
0.136186
0.136182
0.136178
0.136173
0.136169
0.136165
0.13616
0.136156
0.136152
0.136148
0.136143
0.136139
0.136135
0.13613
0.136126
0.136122
0.136118
0.136113
0.136109
0.136105
0.136101
0.136096
0.136092
0.136088
0.136084
0.13608
0.136075
0.136071
0.136067
0.136063
0.136059
0.136054
0.13605
0.136046
0.136042
0.136038
0.136033
0.136029
0.136025
0.136021
0.136017
0.136013
0.136008
0.136004
0.136
0.135996
0.135992
0.135988
0.135983
0.135979
0.135975
0.135971
0.135967
0.135963
0.135959
0.135955
0.13595
0.135946
0.135942
0.135938
0.135934
0.13593
0.135926
0.135922
0.135918
0.135914
0.135909
0.135905
0.135901
0.135897
0.135893
0.135889
0.135885
0.135881
0.135877
0.135873
0.135869
0.135865
0.135861
0.135857
0.135853
0.135849
0.135845
0.135841
0.135837
0.135833
0.135829
0.135825
0.135821
0.135817
0.135813
0.135809
0.135805
0.135801
0.135797
0.135793
0.135789
0.135785
0.135781
0.135777
0.135773
0.135769
0.135765
0.135761
0.135757
0.135753
0.135749
0.135745
0.135741
0.135737
0.135733
0.135729
0.135725
0.135721
0.135717
0.135714
0.13571
0.135706
0.135702
0.135698
0.135694
0.13569
0.135686
0.135682
0.135678
0.135674
0.135671
0.135667
0.135663
0.135659
0.135655
0.135651
0.135647
0.135643
0.13564
0.135636
0.135632
0.135628
0.135624
0.13562
0.135616
0.135613
0.135609
0.135605
0.135601
0.135597
0.135593
0.13559
0.135586
0.135582
0.135578
0.135574
0.135571
0.135567
0.135563
0.135559
0.135555
0.135551
0.135548
0.135544
0.13554
0.135536
0.135533
0.135529
0.135525
0.135521
0.135517
0.135514
0.13551
0.135506
0.135502
0.135499
0.135495
0.135491
0.135487
0.135484
0.13548
0.135476
0.135472
0.135469
0.135465
0.135461
0.135458
0.135454
0.13545
0.135446
0.135443
0.135439
0.135435
0.135432
0.135428
0.135424
0.13542
0.135417
0.135413
0.135409
0.135406
0.135402
0.135398
0.135395
0.135391
0.135387
0.135384
0.13538
0.135376
0.135373
0.135369
0.135365
0.135362
0.135358
0.135354
0.135351
0.135347
0.135344
0.13534
0.135336
0.135333
0.135329
0.135325
0.135322
0.135318
0.135315
0.135311
0.135307
0.135304
0.1353
0.135296
0.135293
0.135289
0.135286
0.135282
0.135279
0.135275
0.135271
0.135268
0.135264
0.135261
0.135257
0.135253
0.13525
0.135246
0.135243
0.135239
0.135236
0.135232
0.135229
0.135225
0.135221
0.135218
0.135214
0.135211
0.135207
0.135204
0.1352
0.135197
0.135193
0.13519
0.135186
0.135183
0.135179
0.135176
0.135172
0.135169
0.135165
0.135162
0.135158
0.135155
0.135151
0.135148
0.135144
0.135141
0.135137
0.135134
0.13513
0.135127
0.135123
0.13512
0.135116
0.135113
0.135109
0.135106
0.135102
0.135099
0.135096
0.135092
0.135089
0.135085
0.135082
0.135078
0.135075
0.135071
0.135068
0.135065
0.135061
0.135058
0.135054
0.135051
0.135047
0.135044
0.135041
0.135037
0.135034
0.13503
0.135027
0.135024
0.13502
0.135017
0.135013
0.13501
0.135007
0.135003
0.135
0.134996
0.134993
0.13499
0.134986
0.134983
0.13498
0.134976
0.134973
0.13497
0.134966
0.134963
0.134959
0.134956
0.134953
0.134949
0.134946
0.134943
0.134939
0.134936
0.134933
0.134929
0.134926
0.134923
0.134919
0.134916
0.134913
0.134909
0.134906
0.134903
0.134899
0.134896
0.134893
0.13489
0.134886
0.134883
0.13488
0.134876
0.134873
0.13487
0.134866
0.134863
0.13486
0.134857
0.134853
0.13485
0.134847
0.134843
0.13484
0.134837
0.134834
0.13483
0.134827
0.134824
0.134821
0.134817
0.134814
0.134811
0.134808
0.134804
0.134801
0.134798
0.134795
0.134791
0.134788
0.134785
0.134782
0.134778
0.134775
0.134772
0.134769
0.134766
0.134762
0.134759
0.134756
0.134753
0.134749
0.134746
0.134743
0.13474
0.134737
0.134733
0.13473
0.134727
0.134724
0.134721
0.134717
0.134714
0.134711
0.134708
0.134705
0.134702
0.134698
0.134695
0.134692
0.134689
0.134686
0.134683
0.134679
0.134676
0.134673
0.13467
0.134667
0.134664
0.13466
0.134657
0.134654
0.134651
0.134648
0.134645
0.134642
0.134638
0.134635
0.134632
0.134629
0.134626
0.134623
0.13462
0.134617
0.134613
0.13461
0.134607
0.134604
0.134601
0.134598
0.134595
0.134592
0.134589
0.134585
0.134582
0.134579
0.134576
0.134573
0.13457
0.134567
0.134564
0.134561
0.134558
0.134555
0.134551
0.134548
0.134545
0.134542
0.134539
0.134536
0.134533
0.13453
0.134527
0.134524
0.134521
0.134518
0.134515
0.134512
0.134509
0.134506
0.134502
0.134499
0.134496
0.134493
0.13449
0.134487
0.134484
0.134481
0.134478
0.134475
0.134472
0.134469
0.134466
0.134463
0.13446
0.134457
0.134454
0.134451
0.134448
0.134445
0.134442
0.134439
0.134436
0.134433
0.13443
0.134427
0.134424
0.134421
0.134418
0.134415
0.134412
0.134409
0.134406
0.134403
0.1344
0.134397
0.134394
0.134391
0.134388
0.134385
0.134382
0.134379
0.134376
0.134373
0.13437
0.134367
0.134364
0.134361
0.134359
0.134356
0.134353
0.13435
0.134347
0.134344
0.134341
0.134338
0.134335
0.134332
0.134329
0.134326
0.134323
0.13432
0.134317
0.134314
0.134311
0.134309
0.134306
0.134303
0.1343
0.134297
0.134294
0.134291
0.134288
0.134285
0.134282
0.134279
0.134277
0.134274
0.134271
0.134268
0.134265
0.134262
0.134259
0.134256
0.134253
0.13425
0.134248
0.134245
0.134242
0.134239
0.134236
0.134233
0.13423
0.134227
0.134225
0.134222
0.134219
0.134216
0.134213
0.13421
0.134207
0.134205
0.134202
0.134199
0.134196
0.134193
0.13419
0.134187
0.134185
0.134182
0.134179
0.134176
0.134173
0.13417
0.134167
0.134165
0.134162
0.134159
0.134156
0.134153
0.13415
0.134148
0.134145
0.134142
0.134139
0.134136
0.134134
0.134131
0.134128
0.134125
0.134122
0.134119
0.134117
0.134114
0.134111
0.134108
0.134105
0.134103
0.1341
0.134097
0.134094
0.134091
0.134089
0.134086
0.134083
0.13408
0.134078
0.134075
0.134072
0.134069
0.134066
0.134064
0.134061
0.134058
0.134055
0.134053
0.13405
0.134047
0.134044
0.134042
0.134039
0.134036
0.134033
0.13403
0.134028
0.134025
0.134022
0.134019
0.134017
0.134014
0.134011
0.134008
0.134006
0.134003
0.134
0.133998
0.133995
0.133992
0.133989
0.133987
0.133984
0.133981
0.133978
0.133976
0.133973
0.13397
0.133968
0.133965
0.133962
0.133959
0.133957
0.133954
0.133951
0.133949
0.133946
0.133943
0.13394
0.133938
0.133935
0.133932
0.13393
0.133927
0.133924
0.133921
0.133919
0.133916
0.133913
0.133911
0.133908
0.133905
0.133903
0.1339
0.133897
0.133895
0.133892
0.133889
0.133887
0.133884
0.133881
0.133879
0.133876
0.133873
0.133871
0.133868
0.133865
0.133863
0.13386
0.133857
0.133855
0.133852
0.133849
0.133847
0.133844
0.133841
0.133839
0.133836
0.133833
0.133831
0.133828
0.133826
0.133823
0.13382
0.133818
0.133815
0.133812
0.13381
0.133807
0.133804
0.133802
0.133799
0.133797
0.133794
0.133791
0.133789
0.133786
0.133783
0.133781
0.133778
0.133776
0.133773
0.13377
0.133768
0.133765
0.133763
0.13376
0.133757
0.133755
0.133752
0.13375
0.133747
0.133744
0.133742
0.133739
0.133737
0.133734
0.133731
0.133729
0.133726
0.133724
0.133721
0.133719
0.133716
0.133713
0.133711
0.133708
0.133706
0.133703
0.1337
0.133698
0.133695
0.133693
0.13369
0.133688
0.133685
0.133683
0.13368
0.133677
0.133675
0.133672
0.13367
0.133667
0.133665
0.133662
0.13366
0.133657
0.133654
0.133652
0.133649
0.133647
0.133644
0.133642
0.133639
0.133637
0.133634
0.133632
0.133629
0.133626
0.133624
0.133621
0.133619
0.133616
0.133614
0.133611
0.133609
0.133606
0.133604
0.133601
0.133599
0.133596
0.133594
0.133591
0.133589
0.133586
0.133584
0.133581
0.133579
0.133576
0.133574
0.133571
0.133569
0.133566
0.133564
0.133561
0.133559
0.133556
0.133554
0.133551
0.133549
0.133546
0.133544
0.133541
0.133539
0.133536
0.133534
0.133531
0.133529
0.133526
0.133524
0.133521
0.133519
0.133516
0.133514
0.133511
0.133509
0.133506
0.133504
0.133502
0.133499
0.133497
0.133494
0.133492
0.133489
0.133487
0.133484
0.133482
0.133479
0.133477
0.133474
0.133472
0.13347
0.133467
0.133465
0.133462
0.13346
0.133457
0.133455
0.133452
0.13345
0.133448
0.133445
0.133443
0.13344
0.133438
0.133435
0.133433
0.133431
0.133428
0.133426
0.133423
0.133421
0.133418
0.133416
0.133414
0.133411
0.133409
0.133406
0.133404
0.133401
0.133399
0.133397
0.133394
0.133392
0.133389
0.133387
0.133385
0.133382
0.13338
0.133377
0.133375
0.133373
0.13337
0.133368
0.133365
0.133363
0.133361
0.133358
0.133356
0.133353
0.133351
0.133349
0.133346
0.133344
0.133341
0.133339
0.133337
0.133334
0.133332
0.13333
0.133327
0.133325
0.133322
0.13332
0.133318
0.133315
0.133313
0.133311
0.133308
0.133306
0.133303
0.133301
0.133299
0.133296
0.133294
0.133292
0.133289
0.133287
0.133285
0.133282
0.13328
0.133277
0.133275
0.133273
0.13327
0.133268
0.133266
0.133263
0.133261
0.133259
0.133256
0.133254
0.133252
0.133249
0.133247
0.133245
0.133242
0.13324
0.133238
0.133235
0.133233
0.133231
0.133228
0.133226
0.133224
0.133221
0.133219
0.133217
0.133214
0.133212
0.13321
0.133207
0.133205
0.133203
0.1332
0.133198
0.133196
0.133193
0.133191
0.133189
0.133187
0.133184
0.133182
0.13318
0.133177
0.133175
0.133173
0.13317
0.133168
0.133166
0.133163
0.133161
0.133159
0.133157
0.133154
0.133152
0.13315
0.133147
0.133145
0.133143
0.133141
0.133138
0.133136
0.133134
0.133131
0.133129
0.133127
0.133125
0.133122
0.13312
0.133118
0.133115
0.133113
0.133111
0.133109
0.133106
0.133104
0.133102
0.1331
0.133097
0.133095
0.133093
0.13309
0.133088
0.133086
0.133084
0.133081
0.133079
0.133077
0.133075
0.133072
0.13307
0.133068
0.133066
0.133063
0.133061
0.133059
0.133057
0.133054
0.133052
0.13305
0.133048
0.133045
0.133043
0.133041
0.133039
0.133036
0.133034
0.133032
0.13303
0.133027
0.133025
0.133023
0.133021
0.133019
0.133016
0.133014
0.133012
0.13301
0.133007
0.133005
0.133003
0.133001
0.132998
0.132996
0.132994
0.132992
0.13299
0.132987
0.132985
0.132983
0.132981
0.132979
0.132976
0.132974
0.132972
0.13297
0.132967
0.132965
0.132963
0.132961
0.132959
0.132956
0.132954
0.132952
0.13295
0.132948
0.132945
0.132943
0.132941
0.132939
0.132937
0.132934
0.132932
0.13293
0.132928
0.132926
0.132924
0.132921
0.132919
0.132917
0.132915
0.132913
0.13291
0.132908
0.132906
0.132904
0.132902
0.1329
0.132897
0.132895
0.132893
0.132891
0.132889
0.132886
0.132884
0.132882
0.13288
0.132878
0.132876
0.132873
0.132871
0.132869
0.132867
0.132865
0.132863
0.132861
0.132858
0.132856
0.132854
0.132852
0.13285
0.132848
0.132845
0.132843
0.132841
0.132839
0.132837
0.132835
0.132833
0.13283
0.132828
0.132826
0.132824
0.132822
0.13282
0.132818
0.132815
0.132813
0.132811
0.132809
0.132807
0.132805
0.132803
0.1328
0.132798
0.132796
0.132794
0.132792
0.13279
0.132788
0.132786
0.132783
0.132781
0.132779
0.132777
0.132775
0.132773
0.132771
0.132769
0.132766
0.132764
0.132762
0.13276
0.132758
0.132756
0.132754
0.132752
0.13275
0.132747
0.132745
0.132743
0.132741
0.132739
0.132737
0.132735
0.132733
0.132731
0.132728
0.132726
0.132724
0.132722
0.13272
0.132718
0.132716
0.132714
0.132712
0.13271
0.132708
0.132705
0.132703
0.132701
0.132699
0.132697
0.132695
0.132693
0.132691
0.132689
0.132687
0.132685
0.132682
0.13268
0.132678
0.132676
0.132674
0.132672
0.13267
0.132668
0.132666
0.132664
0.132662
0.13266
0.132658
0.132656
0.132653
0.132651
0.132649
0.132647
0.132645
0.132643
0.132641
0.132639
0.132637
0.132635
0.132633
0.132631
0.132629
0.132627
0.132625
0.132623
0.13262
0.132618
0.132616
0.132614
0.132612
0.13261
0.132608
0.132606
0.132604
0.132602
0.1326
0.132598
0.132596
0.132594
0.132592
0.13259
0.132588
0.132586
0.132584
0.132582
0.13258
0.132578
0.132576
0.132573
0.132571
0.132569
0.132567
0.132565
0.132563
0.132561
0.132559
0.132557
0.132555
0.132553
0.132551
0.132549
0.132547
0.132545
0.132543
0.132541
0.132539
0.132537
0.132535
0.132533
0.132531
0.132529
0.132527
0.132525
0.132523
0.132521
0.132519
0.132517
0.132515
0.132513
0.132511
0.132509
0.132507
0.132505
0.132503
0.132501
0.132499
0.132497
0.132495
0.132493
0.132491
0.132489
0.132487
0.132485
0.132483
0.132481
0.132479
0.132477
0.132475
0.132473
0.132471
0.132469
0.132467
0.132465
0.132463
0.132461
0.132459
0.132457
0.132455
0.132453
0.132451
0.132449
0.132447
0.132445
0.132443
0.132441
0.132439
0.132437
0.132435
0.132433
0.132431
0.132429
0.132427
0.132425
0.132423
0.132421
0.132419
0.132417
0.132416
0.132414
0.132412
0.13241
0.132408
0.132406
0.132404
0.132402
0.1324
0.132398
0.132396
0.132394
0.132392
0.13239
0.132388
0.132386
0.132384
0.132382
0.13238
0.132378
0.132376
0.132374
0.132372
0.132371
0.132369
0.132367
0.132365
0.132363
0.132361
0.132359
0.132357
0.132355
0.132353
0.132351
0.132349
0.132347
0.132345
0.132343
0.132341
0.132339
0.132338
0.132336
0.132334
0.132332
0.13233
0.132328
0.132326
0.132324
0.132322
0.13232
0.132318
0.132316
0.132314
0.132312
0.132311
0.132309
0.132307
0.132305
0.132303
0.132301
0.132299
0.132297
0.132295
0.132293
0.132291
0.132289
0.132288
0.132286
0.132284
0.132282
0.13228
0.132278
0.132276
0.132274
0.132272
0.13227
0.132268
0.132267
0.132265
0.132263
0.132261
0.132259
0.132257
0.132255
0.132253
0.132251
0.132249
0.132248
0.132246
0.132244
0.132242
0.13224
0.132238
0.132236
0.132234
0.132232
0.13223
0.132229
0.132227
0.132225
0.132223
0.132221
0.132219
0.132217
0.132215
0.132214
0.132212
0.13221
0.132208
0.132206
0.132204
0.132202
0.1322
0.132198
0.132197
0.132195
0.132193
0.132191
0.132189
0.132187
0.132185
0.132183
0.132182
0.13218
0.132178
0.132176
0.132174
0.132172
0.13217
0.132169
0.132167
0.132165
0.132163
0.132161
0.132159
0.132157
0.132156
0.132154
0.132152
0.13215
0.132148
0.132146
0.132144
0.132143
0.132141
0.132139
0.132137
0.132135
0.132133
0.132131
0.13213
0.132128
0.132126
0.132124
0.132122
0.13212
0.132118
0.132117
0.132115
0.132113
0.132111
0.132109
0.132107
0.132106
0.132104
0.132102
0.1321
0.132098
0.132096
0.132095
0.132093
0.132091
0.132089
0.132087
0.132085
0.132084
0.132082
0.13208
0.132078
0.132076
0.132074
0.132073
0.132071
0.132069
0.132067
0.132065
0.132064
0.132062
0.13206
0.132058
0.132056
0.132054
0.132053
0.132051
0.132049
0.132047
0.132045
0.132044
0.132042
0.13204
0.132038
0.132036
0.132034
0.132033
0.132031
0.132029
0.132027
0.132025
0.132024
0.132022
0.13202
0.132018
0.132016
0.132015
0.132013
0.132011
0.132009
0.132007
0.132006
0.132004
0.132002
0.132
0.131998
0.131997
0.131995
0.131993
0.131991
0.131989
0.131988
0.131986
0.131984
0.131982
0.131981
0.131979
0.131977
0.131975
0.131973
0.131972
0.13197
0.131968
0.131966
0.131964
0.131963
0.131961
0.131959
0.131957
0.131956
0.131954
0.131952
0.13195
0.131948
0.131947
0.131945
0.131943
0.131941
0.13194
0.131938
0.131936
0.131934
0.131933
0.131931
0.131929
0.131927
0.131925
0.131924
0.131922
0.13192
0.131918
0.131917
0.131915
0.131913
0.131911
0.13191
0.131908
0.131906
0.131904
0.131903
0.131901
0.131899
0.131897
0.131896
0.131894
0.131892
0.13189
0.131889
0.131887
0.131885
0.131883
0.131882
0.13188
0.131878
0.131876
0.131875
0.131873
0.131871
0.131869
0.131868
0.131866
0.131864
0.131862
0.131861
0.131859
0.131857
0.131855
0.131854
0.131852
0.13185
0.131848
0.131847
0.131845
0.131843
0.131842
0.13184
0.131838
0.131836
0.131835
0.131833
0.131831
0.131829
0.131828
0.131826
0.131824
0.131822
0.131821
0.131819
0.131817
0.131816
0.131814
0.131812
0.13181
0.131809
0.131807
0.131805
0.131804
0.131802
0.1318
0.131798
0.131797
0.131795
0.131793
0.131792
0.13179
0.131788
0.131786
0.131785
0.131783
0.131781
0.13178
0.131778
0.131776
0.131774
0.131773
0.131771
0.131769
0.131768
0.131766
0.131764
0.131763
0.131761
0.131759
0.131757
0.131756
0.131754
0.131752
0.131751
0.131749
0.131747
0.131746
0.131744
0.131742
0.131741
0.131739
0.131737
0.131735
0.131734
0.131732
0.13173
0.131729
0.131727
0.131725
0.131724
0.131722
0.13172
0.131719
0.131717
0.131715
0.131714
0.131712
0.13171
0.131709
0.131707
0.131705
0.131703
0.131702
0.1317
0.131698
0.131697
0.131695
0.131693
0.131692
0.13169
0.131688
0.131687
0.131685
0.131683
0.131682
0.13168
0.131678
0.131677
0.131675
0.131673
0.131672
0.13167
0.131668
0.131667
0.131665
0.131663
0.131662
0.13166
0.131658
0.131657
0.131655
0.131653
0.131652
0.13165
0.131649
0.131647
0.131645
0.131644
0.131642
0.13164
0.131639
0.131637
0.131635
0.131634
0.131632
0.13163
0.131629
0.131627
0.131625
0.131624
0.131622
0.131621
0.131619
0.131617
0.131616
0.131614
0.131612
0.131611
0.131609
0.131607
0.131606
0.131604
0.131602
0.131601
0.131599
0.131598
0.131596
0.131594
0.131593
0.131591
0.131589
0.131588
0.131586
0.131585
0.131583
0.131581
0.13158
0.131578
0.131576
0.131575
0.131573
0.131572
0.13157
0.131568
0.131567
0.131565
0.131563
0.131562
0.13156
0.131559
0.131557
0.131555
0.131554
0.131552
0.13155
0.131549
0.131547
0.131546
0.131544
0.131542
0.131541
0.131539
0.131538
0.131536
0.131534
0.131533
0.131531
0.13153
0.131528
0.131526
0.131525
0.131523
0.131521
0.13152
0.131518
0.131517
0.131515
0.131513
0.131512
0.13151
0.131509
0.131507
0.131505
0.131504
0.131502
0.131501
0.131499
0.131498
0.131496
0.131494
0.131493
0.131491
0.13149
0.131488
0.131486
0.131485
0.131483
0.131482
0.13148
0.131478
0.131477
0.131475
0.131474
0.131472
0.131471
0.131469
0.131467
0.131466
0.131464
0.131463
0.131461
0.131459
0.131458
0.131456
0.131455
0.131453
0.131452
0.13145
0.131448
0.131447
0.131445
0.131444
0.131442
0.131441
0.131439
0.131437
0.131436
0.131434
0.131433
0.131431
0.13143
0.131428
0.131426
0.131425
0.131423
0.131422
0.13142
0.131419
0.131417
0.131415
0.131414
0.131412
0.131411
0.131409
0.131408
0.131406
0.131405
0.131403
0.131401
0.1314
0.131398
0.131397
0.131395
0.131394
0.131392
0.131391
0.131389
0.131388
0.131386
0.131384
0.131383
0.131381
0.13138
0.131378
0.131377
0.131375
0.131374
0.131372
0.13137
0.131369
0.131367
0.131366
0.131364
0.131363
0.131361
0.13136
0.131358
0.131357
0.131355
0.131354
0.131352
0.13135
0.131349
0.131347
0.131346
0.131344
0.131343
0.131341
0.13134
0.131338
0.131337
0.131335
0.131334
0.131332
0.131331
0.131329
0.131328
0.131326
0.131324
0.131323
0.131321
0.13132
0.131318
0.131317
0.131315
0.131314
0.131312
0.131311
0.131309
0.131308
0.131306
0.131305
0.131303
0.131302
0.1313
0.131299
0.131297
0.131296
0.131294
0.131293
0.131291
0.13129
0.131288
0.131287
0.131285
0.131284
0.131282
0.131281
0.131279
0.131278
0.131276
0.131275
0.131273
0.131272
0.13127
0.131269
0.131267
0.131266
0.131264
0.131263
0.131261
0.13126
0.131258
0.131257
0.131255
0.131254
0.131252
0.131251
0.131249
0.131248
0.131246
0.131245
0.131243
0.131242
0.13124
0.131239
0.131237
0.131236
0.131234
0.131233
0.131231
0.13123
0.131228
0.131227
0.131225
0.131224
0.131222
0.131221
0.131219
0.131218
0.131216
0.131215
0.131213
0.131212
0.13121
0.131209
0.131207
0.131206
0.131205
0.131203
0.131202
0.1312
0.131199
0.131197
0.131196
0.131194
0.131193
0.131191
0.13119
0.131188
0.131187
0.131185
0.131184
0.131182
0.131181
0.13118
0.131178
0.131177
0.131175
0.131174
0.131172
0.131171
0.131169
0.131168
0.131166
0.131165
0.131163
0.131162
0.131161
0.131159
0.131158
0.131156
0.131155
0.131153
0.131152
0.13115
0.131149
0.131147
0.131146
0.131145
0.131143
0.131142
0.13114
0.131139
0.131137
0.131136
0.131134
0.131133
0.131131
0.13113
0.131129
0.131127
0.131126
0.131124
0.131123
0.131121
0.13112
0.131118
0.131117
0.131116
0.131114
0.131113
0.131111
0.13111
0.131108
0.131107
0.131106
0.131104
0.131103
0.131101
0.1311
0.131098
0.131097
0.131096
0.131094
0.131093
0.131091
0.13109
0.131088
0.131087
0.131085
0.131084
0.131083
0.131081
0.13108
0.131078
0.131077
0.131076
0.131074
0.131073
0.131071
0.13107
0.131068
0.131067
0.131066
0.131064
0.131063
0.131061
0.13106
0.131058
0.131057
0.131056
0.131054
0.131053
0.131051
0.13105
0.131049
0.131047
0.131046
0.131044
0.131043
0.131042
0.13104
0.131039
0.131037
0.131036
0.131034
0.131033
0.131032
0.13103
0.131029
0.131027
0.131026
0.131025
0.131023
0.131022
0.13102
0.131019
0.131018
0.131016
0.131015
0.131013
0.131012
0.131011
0.131009
0.131008
0.131006
0.131005
0.131004
0.131002
0.131001
0.131
0.130998
0.130997
0.130995
0.130994
0.130993
0.130991
0.13099
0.130988
0.130987
0.130986
0.130984
0.130983
0.130981
0.13098
0.130979
0.130977
0.130976
0.130975
0.130973
0.130972
0.13097
0.130969
0.130968
0.130966
0.130965
0.130964
0.130962
0.130961
0.130959
0.130958
0.130957
0.130955
0.130954
0.130953
0.130951
0.13095
0.130948
0.130947
0.130946
0.130944
0.130943
0.130942
0.13094
0.130939
0.130937
0.130936
0.130935
0.130933
0.130932
0.130931
0.130929
0.130928
0.130927
0.130925
0.130924
0.130922
0.130921
0.13092
0.130918
0.130917
0.130916
0.130914
0.130913
0.130912
0.13091
0.130909
0.130907
0.130906
0.130905
0.130903
0.130902
0.130901
0.130899
0.130898
0.130897
0.130895
0.130894
0.130893
0.130891
0.13089
0.130889
0.130887
0.130886
0.130885
0.130883
0.130882
0.130881
0.130879
0.130878
0.130876
0.130875
0.130874
0.130872
0.130871
0.13087
0.130868
0.130867
0.130866
0.130864
0.130863
0.130862
0.13086
0.130859
0.130858
0.130856
0.130855
0.130854
0.130852
0.130851
0.13085
0.130848
0.130847
0.130846
0.130844
0.130843
0.130842
0.13084
0.130839
0.130838
0.130836
0.130835
0.130834
0.130833
0.130831
0.13083
0.130829
0.130827
0.130826
0.130825
0.130823
0.130822
0.130821
0.130819
0.130818
0.130817
0.130815
0.130814
0.130813
0.130811
0.13081
0.130809
0.130807
0.130806
0.130805
0.130804
0.130802
0.130801
0.1308
0.130798
0.130797
0.130796
0.130794
0.130793
0.130792
0.13079
0.130789
0.130788
0.130787
0.130785
0.130784
0.130783
0.130781
0.13078
0.130779
0.130777
0.130776
0.130775
0.130774
0.130772
0.130771
0.13077
0.130768
0.130767
0.130766
0.130764
0.130763
0.130762
0.130761
0.130759
0.130758
0.130757
0.130755
0.130754
0.130753
0.130752
0.13075
0.130749
0.130748
0.130746
0.130745
0.130744
0.130742
0.130741
0.13074
0.130739
0.130737
0.130736
0.130735
0.130733
0.130732
0.130731
0.13073
0.130728
0.130727
0.130726
0.130725
0.130723
0.130722
0.130721
0.130719
0.130718
0.130717
0.130716
0.130714
0.130713
0.130712
0.130711
0.130709
0.130708
0.130707
0.130705
0.130704
0.130703
0.130702
0.1307
0.130699
0.130698
0.130697
0.130695
0.130694
0.130693
0.130691
0.13069
0.130689
0.130688
0.130686
0.130685
0.130684
0.130683
0.130681
0.13068
0.130679
0.130678
0.130676
0.130675
0.130674
0.130673
0.130671
0.13067
0.130669
0.130668
0.130666
0.130665
0.130664
0.130663
0.130661
0.13066
0.130659
0.130658
0.130656
0.130655
0.130654
0.130653
0.130651
0.13065
0.130649
0.130648
0.130646
0.130645
0.130644
0.130643
0.130641
0.13064
0.130639
0.130638
0.130636
0.130635
0.130634
0.130633
0.130631
0.13063
0.130629
0.130628
0.130626
0.130625
0.130624
0.130623
0.130621
0.13062
0.130619
0.130618
0.130617
0.130615
0.130614
0.130613
0.130612
0.13061
0.130609
0.130608
0.130607
0.130605
0.130604
0.130603
0.130602
0.130601
0.130599
0.130598
0.130597
0.130596
0.130594
0.130593
0.130592
0.130591
0.130589
0.130588
0.130587
0.130586
0.130585
0.130583
0.130582
0.130581
0.13058
0.130579
0.130577
0.130576
0.130575
0.130574
0.130572
0.130571
0.13057
0.130569
0.130568
0.130566
0.130565
0.130564
0.130563
0.130562
0.13056
0.130559
0.130558
0.130557
0.130555
0.130554
0.130553
0.130552
0.130551
0.130549
0.130548
0.130547
0.130546
0.130545
0.130543
0.130542
0.130541
0.13054
0.130539
0.130537
0.130536
0.130535
0.130534
0.130533
0.130531
0.13053
0.130529
0.130528
0.130527
0.130525
0.130524
0.130523
0.130522
0.130521
0.130519
0.130518
0.130517
0.130516
0.130515
0.130513
0.130512
0.130511
0.13051
0.130509
0.130508
0.130506
0.130505
0.130504
0.130503
0.130502
0.1305
0.130499
0.130498
0.130497
0.130496
0.130494
0.130493
0.130492
0.130491
0.13049
0.130489
0.130487
0.130486
0.130485
0.130484
0.130483
0.130482
0.13048
0.130479
0.130478
0.130477
0.130476
0.130474
0.130473
0.130472
0.130471
0.13047
0.130469
0.130467
0.130466
0.130465
0.130464
0.130463
0.130462
0.13046
0.130459
0.130458
0.130457
0.130456
0.130455
0.130453
0.130452
0.130451
0.13045
0.130449
0.130448
0.130446
0.130445
0.130444
0.130443
0.130442
0.130441
0.130439
0.130438
0.130437
0.130436
0.130435
0.130434
0.130433
0.130431
0.13043
0.130429
0.130428
0.130427
0.130426
0.130424
0.130423
0.130422
0.130421
0.13042
0.130419
0.130418
0.130416
0.130415
0.130414
0.130413
0.130412
0.130411
0.130409
0.130408
0.130407
0.130406
0.130405
0.130404
0.130403
0.130401
0.1304
0.130399
0.130398
0.130397
0.130396
0.130395
0.130393
0.130392
0.130391
0.13039
0.130389
0.130388
0.130387
0.130386
0.130384
0.130383
0.130382
0.130381
0.13038
0.130379
0.130378
0.130376
0.130375
0.130374
0.130373
0.130372
0.130371
0.13037
0.130369
0.130367
0.130366
0.130365
0.130364
0.130363
0.130362
0.130361
0.130359
0.130358
0.130357
0.130356
0.130355
0.130354
0.130353
0.130352
0.13035
0.130349
0.130348
0.130347
0.130346
0.130345
0.130344
0.130343
0.130342
0.13034
0.130339
0.130338
0.130337
0.130336
0.130335
0.130334
0.130333
0.130331
0.13033
0.130329
0.130328
0.130327
0.130326
0.130325
0.130324
0.130323
0.130321
0.13032
0.130319
0.130318
0.130317
0.130316
0.130315
0.130314
0.130313
0.130312
0.13031
0.130309
0.130308
0.130307
0.130306
0.130305
0.130304
0.130303
0.130302
0.1303
0.130299
0.130298
0.130297
0.130296
0.130295
0.130294
0.130293
0.130292
0.130291
0.13029
0.130288
0.130287
0.130286
0.130285
0.130284
0.130283
0.130282
0.130281
0.13028
0.130279
0.130277
0.130276
0.130275
0.130274
0.130273
0.130272
0.130271
0.13027
0.130269
0.130268
0.130267
0.130266
0.130264
0.130263
0.130262
0.130261
0.13026
0.130259
0.130258
0.130257
0.130256
0.130255
0.130254
0.130253
0.130251
0.13025
0.130249
0.130248
0.130247
0.130246
0.130245
0.130244
0.130243
0.130242
0.130241
0.13024
0.130238
0.130237
0.130236
0.130235
0.130234
0.130233
0.130232
0.130231
0.13023
0.130229
0.130228
0.130227
0.130226
0.130225
0.130224
0.130222
0.130221
0.13022
0.130219
0.130218
0.130217
0.130216
0.130215
0.130214
0.130213
0.130212
0.130211
0.13021
0.130209
0.130208
0.130206
0.130205
0.130204
0.130203
0.130202
0.130201
0.1302
0.130199
0.130198
0.130197
0.130196
0.130195
0.130194
0.130193
0.130192
0.130191
0.13019
0.130188
0.130187
0.130186
0.130185
0.130184
0.130183
0.130182
0.130181
0.13018
0.130179
0.130178
0.130177
0.130176
0.130175
0.130174
0.130173
0.130172
0.130171
0.13017
0.130169
0.130168
0.130166
0.130165
0.130164
0.130163
0.130162
0.130161
0.13016
0.130159
0.130158
0.130157
0.130156
0.130155
0.130154
0.130153
0.130152
0.130151
0.13015
0.130149
0.130148
0.130147
0.130146
0.130145
0.130144
0.130143
0.130142
0.130141
0.130139
0.130138
0.130137
0.130136
0.130135
0.130134
0.130133
0.130132
0.130131
0.13013
0.130129
0.130128
0.130127
0.130126
0.130125
0.130124
0.130123
0.130122
0.130121
0.13012
0.130119
0.130118
0.130117
0.130116
0.130115
0.130114
0.130113
0.130112
0.130111
0.13011
0.130109
0.130108
0.130107
0.130106
0.130105
0.130104
0.130103
0.130102
0.130101
0.1301
0.130099
0.130098
0.130097
0.130095
0.130094
0.130093
0.130092
0.130091
0.13009
0.130089
0.130088
0.130087
0.130086
0.130085
0.130084
0.130083
0.130082
0.130081
0.13008
0.130079
0.130078
0.130077
0.130076
0.130075
0.130074
0.130073
0.130072
0.130071
0.13007
0.130069
0.130068
0.130067
0.130066
0.130065
0.130064
0.130063
0.130062
0.130061
0.13006
0.130059
0.130058
0.130057
0.130056
0.130055
0.130054
0.130053
0.130052
0.130051
0.13005
0.130049
0.130048
0.130047
0.130046
0.130045
0.130044
0.130043
0.130042
0.130041
0.13004
0.130039
0.130038
0.130037
0.130036
0.130035
0.130034
0.130033
0.130032
0.130031
0.130031
0.13003
0.130029
0.130028
0.130027
0.130026
0.130025
0.130024
0.130023
0.130022
0.130021
0.13002
0.130019
0.130018
0.130017
0.130016
0.130015
0.130014
0.130013
0.130012
0.130011
0.13001
0.130009
0.130008
0.130007
0.130006
0.130005
0.130004
0.130003
0.130002
0.130001
0.13
0.129999
0.129998
0.129997
0.129996
0.129995
0.129994
0.129993
0.129992
0.129991
0.12999
0.129989
0.129989
0.129988
0.129987
0.129986
0.129985
0.129984
0.129983
0.129982
0.129981
0.12998
0.129979
0.129978
0.129977
0.129976
0.129975
0.129974
0.129973
0.129972
0.129971
0.12997
0.129969
0.129968
0.129967
0.129966
0.129965
0.129964
0.129963
0.129963
0.129962
0.129961
0.12996
0.129959
0.129958
0.129957
0.129956
0.129955
0.129954
0.129953
0.129952
0.129951
0.12995
0.129949
0.129948
0.129947
0.129946
0.129945
0.129944
0.129943
0.129943
0.129942
0.129941
0.12994
0.129939
0.129938
0.129937
0.129936
0.129935
0.129934
0.129933
0.129932
0.129931
0.12993
0.129929
0.129928
0.129927
0.129926
0.129925
0.129925
0.129924
0.129923
0.129922
0.129921
0.12992
0.129919
0.129918
0.129917
0.129916
0.129915
0.129914
0.129913
0.129912
0.129911
0.12991
0.12991
0.129909
0.129908
0.129907
0.129906
0.129905
0.129904
0.129903
0.129902
0.129901
0.1299
0.129899
0.129898
0.129897
0.129897
0.129896
0.129895
0.129894
0.129893
0.129892
0.129891
0.12989
0.129889
0.129888
0.129887
0.129886
0.129885
0.129884
0.129884
0.129883
0.129882
0.129881
0.12988
0.129879
0.129878
0.129877
0.129876
0.129875
0.129874
0.129873
0.129872
0.129872
0.129871
0.12987
0.129869
0.129868
0.129867
0.129866
0.129865
0.129864
0.129863
0.129862
0.129861
0.129861
0.12986
0.129859
0.129858
0.129857
0.129856
0.129855
0.129854
0.129853
0.129852
0.129851
0.129851
0.12985
0.129849
0.129848
0.129847
0.129846
0.129845
0.129844
0.129843
0.129842
0.129841
0.129841
0.12984
0.129839
0.129838
0.129837
0.129836
0.129835
0.129834
0.129833
0.129832
0.129832
0.129831
0.12983
0.129829
0.129828
0.129827
0.129826
0.129825
0.129824
0.129823
0.129823
0.129822
0.129821
0.12982
0.129819
0.129818
0.129817
0.129816
0.129815
0.129814
0.129814
0.129813
0.129812
0.129811
0.12981
0.129809
0.129808
0.129807
0.129806
0.129806
0.129805
0.129804
0.129803
0.129802
0.129801
0.1298
0.129799
0.129798
0.129798
0.129797
0.129796
0.129795
0.129794
0.129793
0.129792
0.129791
0.12979
0.12979
0.129789
0.129788
0.129787
0.129786
0.129785
0.129784
0.129783
0.129783
0.129782
0.129781
0.12978
0.129779
0.129778
0.129777
0.129776
0.129776
0.129775
0.129774
0.129773
0.129772
0.129771
0.12977
0.129769
0.129769
0.129768
0.129767
0.129766
0.129765
0.129764
0.129763
0.129762
0.129762
0.129761
0.12976
0.129759
0.129758
0.129757
0.129756
0.129755
0.129755
0.129754
0.129753
0.129752
0.129751
0.12975
0.129749
0.129748
0.129748
0.129747
0.129746
0.129745
0.129744
0.129743
0.129742
0.129742
0.129741
0.12974
0.129739
0.129738
0.129737
0.129736
0.129736
0.129735
0.129734
0.129733
0.129732
0.129731
0.12973
0.12973
0.129729
0.129728
0.129727
0.129726
0.129725
0.129724
0.129724
0.129723
0.129722
0.129721
0.12972
0.129719
0.129718
0.129718
0.129717
0.129716
0.129715
0.129714
0.129713
0.129712
0.129712
0.129711
0.12971
0.129709
0.129708
0.129707
0.129706
0.129706
0.129705
0.129704
0.129703
0.129702
0.129701
0.129701
0.1297
0.129699
0.129698
0.129697
0.129696
0.129695
0.129695
0.129694
0.129693
0.129692
0.129691
0.12969
0.12969
0.129689
0.129688
0.129687
0.129686
0.129685
0.129685
0.129684
0.129683
0.129682
0.129681
0.12968
0.12968
0.129679
0.129678
0.129677
0.129676
0.129675
0.129675
0.129674
0.129673
0.129672
0.129671
0.12967
0.12967
0.129669
0.129668
0.129667
0.129666
0.129665
0.129665
0.129664
0.129663
0.129662
0.129661
0.12966
0.12966
0.129659
0.129658
0.129657
0.129656
0.129655
0.129655
0.129654
0.129653
0.129652
0.129651
0.12965
0.12965
0.129649
0.129648
0.129647
0.129646
0.129646
0.129645
0.129644
0.129643
0.129642
0.129641
0.129641
0.12964
0.129639
0.129638
0.129637
0.129637
0.129636
0.129635
0.129634
0.129633
0.129632
0.129632
0.129631
0.12963
0.129629
0.129628
0.129628
0.129627
0.129626
0.129625
0.129624
0.129623
0.129623
0.129622
0.129621
0.12962
0.129619
0.129619
0.129618
0.129617
0.129616
0.129615
0.129615
0.129614
0.129613
0.129612
0.129611
0.12961
0.12961
0.129609
0.129608
0.129607
0.129606
0.129606
0.129605
0.129604
0.129603
0.129602
0.129602
0.129601
0.1296
0.129599
0.129598
0.129598
0.129597
0.129596
0.129595
0.129594
0.129594
0.129593
0.129592
0.129591
0.12959
0.12959
0.129589
0.129588
0.129587
0.129586
0.129586
0.129585
0.129584
0.129583
0.129582
0.129582
0.129581
0.12958
0.129579
0.129578
0.129578
0.129577
0.129576
0.129575
0.129574
0.129574
0.129573
0.129572
0.129571
0.129571
0.12957
0.129569
0.129568
0.129567
0.129567
0.129566
0.129565
0.129564
0.129563
0.129563
0.129562
0.129561
0.12956
0.12956
0.129559
0.129558
0.129557
0.129556
0.129556
0.129555
0.129554
0.129553
0.129552
0.129552
0.129551
0.12955
0.129549
0.129549
0.129548
0.129547
0.129546
0.129545
0.129545
0.129544
0.129543
0.129542
0.129542
0.129541
0.12954
0.129539
0.129538
0.129538
0.129537
0.129536
0.129535
0.129535
0.129534
0.129533
0.129532
0.129531
0.129531
0.12953
0.129529
0.129528
0.129528
0.129527
0.129526
0.129525
0.129524
0.129524
0.129523
0.129522
0.129521
0.129521
0.12952
0.129519
0.129518
0.129518
0.129517
0.129516
0.129515
0.129514
0.129514
0.129513
0.129512
0.129511
0.129511
0.12951
0.129509
0.129508
0.129508
0.129507
0.129506
0.129505
0.129505
0.129504
0.129503
0.129502
0.129501
0.129501
0.1295
0.129499
0.129498
0.129498
0.129497
0.129496
0.129495
0.129495
0.129494
0.129493
0.129492
0.129492
0.129491
0.12949
0.129489
0.129489
0.129488
0.129487
0.129486
0.129486
0.129485
0.129484
0.129483
0.129483
0.129482
0.129481
0.12948
0.12948
0.129479
0.129478
0.129477
0.129477
0.129476
0.129475
0.129474
0.129474
0.129473
0.129472
0.129471
0.129471
0.12947
0.129469
0.129468
0.129468
0.129467
0.129466
0.129465
0.129465
0.129464
0.129463
0.129462
0.129462
0.129461
0.12946
0.129459
0.129459
0.129458
0.129457
0.129456
0.129456
0.129455
0.129454
0.129453
0.129453
0.129452
0.129451
0.12945
0.12945
0.129449
0.129448
0.129447
0.129447
0.129446
0.129445
0.129445
0.129444
0.129443
0.129442
0.129442
0.129441
0.12944
0.129439
0.129439
0.129438
0.129437
0.129436
0.129436
0.129435
0.129434
0.129433
0.129433
0.129432
0.129431
0.129431
0.12943
0.129429
0.129428
0.129428
0.129427
0.129426
0.129425
0.129425
0.129424
0.129423
0.129423
0.129422
0.129421
0.12942
0.12942
0.129419
0.129418
0.129417
0.129417
0.129416
0.129415
0.129415
0.129414
0.129413
0.129412
0.129412
0.129411
0.12941
0.129409
0.129409
0.129408
0.129407
0.129407
0.129406
0.129405
0.129404
0.129404
0.129403
0.129402
0.129402
0.129401
0.1294
0.129399
0.129399
0.129398
0.129397
0.129397
0.129396
0.129395
0.129394
0.129394
0.129393
0.129392
0.129391
0.129391
0.12939
0.129389
0.129389
0.129388
0.129387
0.129386
0.129386
0.129385
0.129384
0.129384
0.129383
0.129382
0.129381
0.129381
0.12938
0.129379
0.129379
0.129378
0.129377
0.129377
0.129376
0.129375
0.129374
0.129374
0.129373
0.129372
0.129372
0.129371
0.12937
0.129369
0.129369
0.129368
0.129367
0.129367
0.129366
0.129365
0.129365
0.129364
0.129363
0.129362
0.129362
0.129361
0.12936
0.12936
0.129359
0.129358
0.129357
0.129357
0.129356
0.129355
0.129355
0.129354
0.129353
0.129353
0.129352
0.129351
0.12935
0.12935
0.129349
0.129348
0.129348
0.129347
0.129346
0.129346
0.129345
0.129344
0.129344
0.129343
0.129342
0.129341
0.129341
0.12934
0.129339
0.129339
0.129338
0.129337
0.129337
0.129336
0.129335
0.129335
0.129334
0.129333
0.129332
0.129332
0.129331
0.12933
0.12933
0.129329
0.129328
0.129328
0.129327
0.129326
0.129326
0.129325
0.129324
0.129323
0.129323
0.129322
0.129321
0.129321
0.12932
0.129319
0.129319
0.129318
0.129317
0.129317
0.129316
0.129315
0.129315
0.129314
0.129313
0.129313
0.129312
0.129311
0.12931
0.12931
0.129309
0.129308
0.129308
0.129307
0.129306
0.129306
0.129305
0.129304
0.129304
0.129303
0.129302
0.129302
0.129301
0.1293
0.1293
0.129299
0.129298
0.129298
0.129297
0.129296
0.129296
0.129295
0.129294
0.129294
0.129293
0.129292
0.129291
0.129291
0.12929
0.129289
0.129289
0.129288
0.129287
0.129287
0.129286
0.129285
0.129285
0.129284
0.129283
0.129283
0.129282
0.129281
0.129281
0.12928
0.129279
0.129279
0.129278
0.129277
0.129277
0.129276
0.129275
0.129275
0.129274
0.129273
0.129273
0.129272
0.129271
0.129271
0.12927
0.129269
0.129269
0.129268
0.129267
0.129267
0.129266
0.129265
0.129265
0.129264
0.129263
0.129263
0.129262
0.129261
0.129261
0.12926
0.129259
0.129259
0.129258
0.129257
0.129257
0.129256
0.129256
0.129255
0.129254
0.129254
0.129253
0.129252
0.129252
0.129251
0.12925
0.12925
0.129249
0.129248
0.129248
0.129247
0.129246
0.129246
0.129245
0.129244
0.129244
0.129243
0.129242
0.129242
0.129241
0.12924
0.12924
0.129239
0.129238
0.129238
0.129237
0.129237
0.129236
0.129235
0.129235
0.129234
0.129233
0.129233
0.129232
0.129231
0.129231
0.12923
0.129229
0.129229
0.129228
0.129227
0.129227
0.129226
0.129225
0.129225
0.129224
0.129224
0.129223
0.129222
0.129222
0.129221
0.12922
0.12922
0.129219
0.129218
0.129218
0.129217
0.129216
0.129216
0.129215
0.129215
0.129214
0.129213
0.129213
0.129212
0.129211
0.129211
0.12921
0.129209
0.129209
0.129208
0.129207
0.129207
0.129206
0.129206
0.129205
0.129204
0.129204
0.129203
0.129202
0.129202
0.129201
0.1292
0.1292
0.129199
0.129199
0.129198
0.129197
0.129197
0.129196
0.129195
0.129195
0.129194
0.129193
0.129193
0.129192
0.129192
0.129191
0.12919
0.12919
0.129189
0.129188
0.129188
0.129187
0.129187
0.129186
0.129185
0.129185
0.129184
0.129183
0.129183
0.129182
0.129182
0.129181
0.12918
0.12918
0.129179
0.129178
0.129178
0.129177
0.129176
0.129176
0.129175
0.129175
0.129174
0.129173
0.129173
0.129172
0.129171
0.129171
0.12917
0.12917
0.129169
0.129168
0.129168
0.129167
0.129166
0.129166
0.129165
0.129165
0.129164
0.129163
0.129163
0.129162
0.129162
0.129161
0.12916
0.12916
0.129159
0.129158
0.129158
0.129157
0.129157
0.129156
0.129155
0.129155
0.129154
0.129153
0.129153
0.129152
0.129152
0.129151
0.12915
0.12915
0.129149
0.129149
0.129148
0.129147
0.129147
0.129146
0.129145
0.129145
0.129144
0.129144
0.129143
0.129142
0.129142
0.129141
0.129141
0.12914
0.129139
0.129139
0.129138
0.129138
0.129137
0.129136
0.129136
0.129135
0.129134
0.129134
0.129133
0.129133
0.129132
0.129131
0.129131
0.12913
0.12913
0.129129
0.129128
0.129128
0.129127
0.129127
0.129126
0.129125
0.129125
0.129124
0.129124
0.129123
0.129122
0.129122
0.129121
0.129121
0.12912
0.129119
0.129119
0.129118
0.129118
0.129117
0.129116
0.129116
0.129115
0.129115
0.129114
0.129113
0.129113
0.129112
0.129112
0.129111
0.12911
0.12911
0.129109
0.129109
0.129108
0.129107
0.129107
0.129106
0.129106
0.129105
0.129104
0.129104
0.129103
0.129103
0.129102
0.129101
0.129101
0.1291
0.1291
0.129099
0.129098
0.129098
0.129097
0.129097
0.129096
0.129095
0.129095
0.129094
0.129094
0.129093
0.129092
0.129092
0.129091
0.129091
0.12909
0.129089
0.129089
0.129088
0.129088
0.129087
0.129087
0.129086
0.129085
0.129085
0.129084
0.129084
0.129083
0.129082
0.129082
0.129081
0.129081
0.12908
0.129079
0.129079
0.129078
0.129078
0.129077
0.129077
0.129076
0.129075
0.129075
0.129074
0.129074
0.129073
0.129072
0.129072
0.129071
0.129071
0.12907
0.12907
0.129069
0.129068
0.129068
0.129067
0.129067
0.129066
0.129065
0.129065
0.129064
0.129064
0.129063
0.129063
0.129062
0.129061
0.129061
0.12906
0.12906
0.129059
0.129059
0.129058
0.129057
0.129057
0.129056
0.129056
0.129055
0.129054
0.129054
0.129053
0.129053
0.129052
0.129052
0.129051
0.12905
0.12905
0.129049
0.129049
0.129048
0.129048
0.129047
0.129046
0.129046
0.129045
0.129045
0.129044
0.129044
0.129043
0.129042
0.129042
0.129041
0.129041
0.12904
0.12904
0.129039
0.129038
0.129038
0.129037
0.129037
0.129036
0.129036
0.129035
0.129034
0.129034
0.129033
0.129033
0.129032
0.129032
0.129031
0.12903
0.12903
0.129029
0.129029
0.129028
0.129028
0.129027
0.129026
0.129026
0.129025
0.129025
0.129024
0.129024
0.129023
0.129023
0.129022
0.129021
0.129021
0.12902
0.12902
0.129019
0.129019
0.129018
0.129017
0.129017
0.129016
0.129016
0.129015
0.129015
0.129014
0.129014
0.129013
0.129012
0.129012
0.129011
0.129011
0.12901
0.12901
0.129009
0.129009
0.129008
0.129007
0.129007
0.129006
0.129006
0.129005
0.129005
0.129004
0.129004
0.129003
0.129002
0.129002
0.129001
0.129001
0.129
0.129
0.128999
0.128999
0.128998
0.128997
0.128997
0.128996
0.128996
0.128995
0.128995
0.128994
0.128994
0.128993
0.128992
0.128992
0.128991
0.128991
0.12899
0.12899
0.128989
0.128989
0.128988
0.128987
0.128987
0.128986
0.128986
0.128985
0.128985
0.128984
0.128984
0.128983
0.128983
0.128982
0.128981
0.128981
0.12898
0.12898
0.128979
0.128979
0.128978
0.128978
0.128977
0.128977
0.128976
0.128975
0.128975
0.128974
0.128974
0.128973
0.128973
0.128972
0.128972
0.128971
0.128971
0.12897
0.128969
0.128969
0.128968
0.128968
0.128967
0.128967
0.128966
0.128966
0.128965
0.128965
0.128964
0.128964
0.128963
0.128962
0.128962
0.128961
0.128961
0.12896
0.12896
0.128959
0.128959
0.128958
0.128958
0.128957
0.128956
0.128956
0.128955
0.128955
0.128954
0.128954
0.128953
0.128953
0.128952
0.128952
0.128951
0.128951
0.12895
0.12895
0.128949
0.128948
0.128948
0.128947
0.128947
0.128946
0.128946
0.128945
0.128945
0.128944
0.128944
0.128943
0.128943
0.128942
0.128942
0.128941
0.12894
0.12894
0.128939
0.128939
0.128938
0.128938
0.128937
0.128937
0.128936
0.128936
0.128935
0.128935
0.128934
0.128934
0.128933
0.128933
0.128932
0.128931
0.128931
0.12893
0.12893
0.128929
0.128929
0.128928
0.128928
0.128927
0.128927
0.128926
0.128926
0.128925
0.128925
0.128924
0.128924
0.128923
0.128923
0.128922
0.128922
0.128921
0.12892
0.12892
0.128919
0.128919
0.128918
0.128918
0.128917
0.128917
0.128916
0.128916
0.128915
0.128915
0.128914
0.128914
0.128913
0.128913
0.128912
0.128912
0.128911
0.128911
0.12891
0.12891
0.128909
0.128908
0.128908
0.128907
0.128907
0.128906
0.128906
0.128905
0.128905
0.128904
0.128904
0.128903
0.128903
0.128902
0.128902
0.128901
0.128901
0.1289
0.1289
0.128899
0.128899
0.128898
0.128898
0.128897
0.128897
0.128896
0.128896
0.128895
0.128895
0.128894
0.128894
0.128893
0.128893
0.128892
0.128892
0.128891
0.12889
0.12889
0.128889
0.128889
0.128888
0.128888
0.128887
0.128887
0.128886
0.128886
0.128885
0.128885
0.128884
0.128884
0.128883
0.128883
0.128882
0.128882
0.128881
0.128881
0.12888
0.12888
0.128879
0.128879
0.128878
0.128878
0.128877
0.128877
0.128876
0.128876
0.128875
0.128875
0.128874
0.128874
0.128873
0.128873
0.128872
0.128872
0.128871
0.128871
0.12887
0.12887
0.128869
0.128869
0.128868
0.128868
0.128867
0.128867
0.128866
0.128866
0.128865
0.128865
0.128864
0.128864
0.128863
0.128863
0.128862
0.128862
0.128861
0.128861
0.12886
0.12886
0.128859
0.128859
0.128858
0.128858
0.128857
0.128857
0.128856
0.128856
0.128855
0.128855
0.128854
0.128854
0.128853
0.128853
0.128852
0.128852
0.128851
0.128851
0.12885
0.12885
0.128849
0.128849
0.128848
0.128848
0.128847
0.128847
0.128846
0.128846
0.128845
0.128845
0.128844
0.128844
0.128843
0.128843
0.128842
0.128842
0.128841
0.128841
0.12884
0.12884
0.128839
0.128839
0.128838
0.128838
0.128837
0.128837
0.128836
0.128836
0.128836
0.128835
0.128835
0.128834
0.128834
0.128833
0.128833
0.128832
0.128832
0.128831
0.128831
0.12883
0.12883
0.128829
0.128829
0.128828
0.128828
0.128827
0.128827
0.128826
0.128826
0.128825
0.128825
0.128824
0.128824
0.128823
0.128823
0.128822
0.128822
0.128821
0.128821
0.12882
0.12882
0.128819
0.128819
0.128819
0.128818
0.128818
0.128817
0.128817
0.128816
0.128816
0.128815
0.128815
0.128814
0.128814
0.128813
0.128813
0.128812
0.128812
0.128811
0.128811
0.12881
0.12881
0.128809
0.128809
0.128808
0.128808
0.128807
0.128807
0.128807
0.128806
0.128806
0.128805
0.128805
0.128804
0.128804
0.128803
0.128803
0.128802
0.128802
0.128801
0.128801
0.1288
0.1288
0.128799
0.128799
0.128798
0.128798
0.128797
0.128797
0.128797
0.128796
0.128796
0.128795
0.128795
0.128794
0.128794
0.128793
0.128793
0.128792
0.128792
0.128791
0.128791
0.12879
0.12879
0.128789
0.128789
0.128789
0.128788
0.128788
0.128787
0.128787
0.128786
0.128786
0.128785
0.128785
0.128784
0.128784
0.128783
0.128783
0.128782
0.128782
0.128781
0.128781
0.128781
0.12878
0.12878
0.128779
0.128779
0.128778
0.128778
0.128777
0.128777
0.128776
0.128776
0.128775
0.128775
0.128774
0.128774
0.128774
0.128773
0.128773
0.128772
0.128772
0.128771
0.128771
0.12877
0.12877
0.128769
0.128769
0.128768
0.128768
0.128768
0.128767
0.128767
0.128766
0.128766
0.128765
0.128765
0.128764
0.128764
0.128763
0.128763
0.128762
0.128762
0.128762
0.128761
0.128761
0.12876
0.12876
0.128759
0.128759
0.128758
0.128758
0.128757
0.128757
0.128756
0.128756
0.128756
0.128755
0.128755
0.128754
0.128754
0.128753
0.128753
0.128752
0.128752
0.128751
0.128751
0.128751
0.12875
0.12875
0.128749
0.128749
0.128748
0.128748
0.128747
0.128747
0.128746
0.128746
0.128746
0.128745
0.128745
0.128744
0.128744
0.128743
0.128743
0.128742
0.128742
0.128741
0.128741
0.128741
0.12874
0.12874
0.128739
0.128739
0.128738
0.128738
0.128737
0.128737
0.128736
0.128736
0.128736
0.128735
0.128735
0.128734
0.128734
0.128733
0.128733
0.128732
0.128732
0.128732
0.128731
0.128731
0.12873
0.12873
0.128729
0.128729
0.128728
0.128728
0.128728
0.128727
0.128727
0.128726
0.128726
0.128725
0.128725
0.128724
0.128724
0.128724
0.128723
0.128723
0.128722
0.128722
0.128721
0.128721
0.12872
0.12872
0.12872
0.128719
0.128719
0.128718
0.128718
0.128717
0.128717
0.128716
0.128716
0.128716
0.128715
0.128715
0.128714
0.128714
0.128713
0.128713
0.128712
0.128712
0.128712
0.128711
0.128711
0.12871
0.12871
0.128709
0.128709
0.128708
0.128708
0.128708
0.128707
0.128707
0.128706
0.128706
0.128705
0.128705
0.128705
0.128704
0.128704
0.128703
0.128703
0.128702
0.128702
0.128701
0.128701
0.128701
0.1287
0.1287
0.128699
0.128699
0.128698
0.128698
0.128698
0.128697
0.128697
0.128696
0.128696
0.128695
0.128695
0.128695
0.128694
0.128694
0.128693
0.128693
0.128692
0.128692
0.128691
0.128691
0.128691
0.12869
0.12869
0.128689
0.128689
0.128688
0.128688
0.128688
0.128687
0.128687
0.128686
0.128686
0.128685
0.128685
0.128685
0.128684
0.128684
0.128683
0.128683
0.128682
0.128682
0.128682
0.128681
0.128681
0.12868
0.12868
0.128679
0.128679
0.128679
0.128678
0.128678
0.128677
0.128677
0.128676
0.128676
0.128676
0.128675
0.128675
0.128674
0.128674
0.128673
0.128673
0.128673
0.128672
0.128672
0.128671
0.128671
0.12867
0.12867
0.12867
0.128669
0.128669
0.128668
0.128668
0.128667
0.128667
0.128667
0.128666
0.128666
0.128665
0.128665
0.128665
0.128664
0.128664
0.128663
0.128663
0.128662
0.128662
0.128662
0.128661
0.128661
0.12866
0.12866
0.128659
0.128659
0.128659
0.128658
0.128658
0.128657
0.128657
0.128657
0.128656
0.128656
0.128655
0.128655
0.128654
0.128654
0.128654
0.128653
0.128653
0.128652
0.128652
0.128652
0.128651
0.128651
0.12865
0.12865
0.128649
0.128649
0.128649
0.128648
0.128648
0.128647
0.128647
0.128647
0.128646
0.128646
0.128645
0.128645
0.128644
0.128644
0.128644
0.128643
0.128643
0.128642
0.128642
0.128642
0.128641
0.128641
0.12864
0.12864
0.128639
0.128639
0.128639
0.128638
0.128638
0.128637
0.128637
0.128637
0.128636
0.128636
0.128635
0.128635
0.128635
0.128634
0.128634
0.128633
0.128633
0.128632
0.128632
0.128632
0.128631
0.128631
0.12863
0.12863
0.12863
0.128629
0.128629
0.128628
0.128628
0.128628
0.128627
0.128627
0.128626
0.128626
0.128626
0.128625
0.128625
0.128624
0.128624
0.128624
0.128623
0.128623
0.128622
0.128622
0.128621
0.128621
0.128621
0.12862
0.12862
0.128619
0.128619
0.128619
0.128618
0.128618
0.128617
0.128617
0.128617
0.128616
0.128616
0.128615
0.128615
0.128615
0.128614
0.128614
0.128613
0.128613
0.128613
0.128612
0.128612
0.128611
0.128611
0.128611
0.12861
0.12861
0.128609
0.128609
0.128609
0.128608
0.128608
0.128607
0.128607
0.128607
0.128606
0.128606
0.128605
0.128605
0.128605
0.128604
0.128604
0.128603
0.128603
0.128603
0.128602
0.128602
0.128601
0.128601
0.128601
0.1286
0.1286
0.128599
0.128599
0.128599
0.128598
0.128598
0.128597
0.128597
0.128597
0.128596
0.128596
0.128595
0.128595
0.128595
0.128594
0.128594
0.128593
0.128593
0.128593
0.128592
0.128592
0.128591
0.128591
0.128591
0.12859
0.12859
0.12859
0.128589
0.128589
0.128588
0.128588
0.128588
0.128587
0.128587
0.128586
0.128586
0.128586
0.128585
0.128585
0.128584
0.128584
0.128584
0.128583
0.128583
0.128582
0.128582
0.128582
0.128581
0.128581
0.128581
0.12858
0.12858
0.128579
0.128579
0.128579
0.128578
0.128578
0.128577
0.128577
0.128577
0.128576
0.128576
0.128575
0.128575
0.128575
0.128574
0.128574
0.128574
0.128573
0.128573
0.128572
0.128572
0.128572
0.128571
0.128571
0.12857
0.12857
0.12857
0.128569
0.128569
0.128568
0.128568
0.128568
0.128567
0.128567
0.128567
0.128566
0.128566
0.128565
0.128565
0.128565
0.128564
0.128564
0.128563
0.128563
0.128563
0.128562
0.128562
0.128562
0.128561
0.128561
0.12856
0.12856
0.12856
0.128559
0.128559
0.128559
0.128558
0.128558
0.128557
0.128557
0.128557
0.128556
0.128556
0.128555
0.128555
0.128555
0.128554
0.128554
0.128554
0.128553
0.128553
0.128552
0.128552
0.128552
0.128551
0.128551
0.128551
0.12855
0.12855
0.128549
0.128549
0.128549
0.128548
0.128548
0.128548
0.128547
0.128547
0.128546
0.128546
0.128546
0.128545
0.128545
0.128544
0.128544
0.128544
0.128543
0.128543
0.128543
0.128542
0.128542
0.128541
0.128541
0.128541
0.12854
0.12854
0.12854
0.128539
0.128539
0.128538
0.128538
0.128538
0.128537
0.128537
0.128537
0.128536
0.128536
0.128536
0.128535
0.128535
0.128534
0.128534
0.128534
0.128533
0.128533
0.128533
0.128532
0.128532
0.128531
0.128531
0.128531
0.12853
0.12853
0.12853
0.128529
0.128529
0.128528
0.128528
0.128528
0.128527
0.128527
0.128527
0.128526
0.128526
0.128525
0.128525
0.128525
0.128524
0.128524
0.128524
0.128523
0.128523
0.128523
0.128522
0.128522
0.128521
0.128521
0.128521
0.12852
0.12852
0.12852
0.128519
0.128519
0.128518
0.128518
0.128518
0.128517
0.128517
0.128517
0.128516
0.128516
0.128516
0.128515
0.128515
0.128514
0.128514
0.128514
0.128513
0.128513
0.128513
0.128512
0.128512
0.128512
0.128511
0.128511
0.12851
0.12851
0.12851
0.128509
0.128509
0.128509
0.128508
0.128508
0.128508
0.128507
0.128507
0.128506
0.128506
0.128506
0.128505
0.128505
0.128505
0.128504
0.128504
0.128504
0.128503
0.128503
0.128503
0.128502
0.128502
0.128501
0.128501
0.128501
0.1285
0.1285
0.1285
0.128499
0.128499
0.128499
0.128498
0.128498
0.128497
0.128497
0.128497
0.128496
0.128496
0.128496
0.128495
0.128495
0.128495
0.128494
0.128494
0.128494
0.128493
0.128493
0.128492
0.128492
0.128492
0.128491
0.128491
0.128491
0.12849
0.12849
0.12849
0.128489
0.128489
0.128489
0.128488
0.128488
0.128487
0.128487
0.128487
0.128486
0.128486
0.128486
0.128485
0.128485
0.128485
0.128484
0.128484
0.128484
0.128483
0.128483
0.128483
0.128482
0.128482
0.128481
0.128481
0.128481
0.12848
0.12848
0.12848
0.128479
0.128479
0.128479
0.128478
0.128478
0.128478
0.128477
0.128477
0.128477
0.128476
0.128476
0.128475
0.128475
0.128475
0.128474
0.128474
0.128474
0.128473
0.128473
0.128473
0.128472
0.128472
0.128472
0.128471
0.128471
0.128471
0.12847
0.12847
0.12847
0.128469
0.128469
0.128469
0.128468
0.128468
0.128467
0.128467
0.128467
0.128466
0.128466
0.128466
0.128465
0.128465
0.128465
0.128464
0.128464
0.128464
0.128463
0.128463
0.128463
0.128462
0.128462
0.128462
0.128461
0.128461
0.128461
0.12846
0.12846
0.12846
0.128459
0.128459
0.128458
0.128458
0.128458
0.128457
0.128457
0.128457
0.128456
0.128456
0.128456
0.128455
0.128455
0.128455
0.128454
0.128454
0.128454
0.128453
0.128453
0.128453
0.128452
0.128452
0.128452
0.128451
0.128451
0.128451
0.12845
0.12845
0.12845
0.128449
0.128449
0.128449
0.128448
0.128448
0.128448
0.128447
0.128447
0.128447
0.128446
0.128446
0.128446
0.128445
0.128445
0.128444
0.128444
0.128444
0.128443
0.128443
0.128443
0.128442
0.128442
0.128442
0.128441
0.128441
0.128441
0.12844
0.12844
0.12844
0.128439
0.128439
0.128439
0.128438
0.128438
0.128438
0.128437
0.128437
0.128437
0.128436
0.128436
0.128436
0.128435
0.128435
0.128435
0.128434
0.128434
0.128434
0.128433
0.128433
0.128433
0.128432
0.128432
0.128432
0.128431
0.128431
0.128431
0.12843
0.12843
0.12843
0.128429
0.128429
0.128429
0.128428
0.128428
0.128428
0.128427
0.128427
0.128427
0.128426
0.128426
0.128426
0.128425
0.128425
0.128425
0.128424
0.128424
0.128424
0.128423
0.128423
0.128423
0.128422
0.128422
0.128422
0.128421
0.128421
0.128421
0.12842
0.12842
0.12842
0.128419
0.128419
0.128419
0.128418
0.128418
0.128418
0.128417
0.128417
0.128417
0.128416
0.128416
0.128416
0.128416
0.128415
0.128415
0.128415
0.128414
0.128414
0.128414
0.128413
0.128413
0.128413
0.128412
0.128412
0.128412
0.128411
0.128411
0.128411
0.12841
0.12841
0.12841
0.128409
0.128409
0.128409
0.128408
0.128408
0.128408
0.128407
0.128407
0.128407
0.128406
0.128406
0.128406
0.128405
0.128405
0.128405
0.128404
0.128404
0.128404
0.128403
0.128403
0.128403
0.128402
0.128402
0.128402
0.128402
0.128401
0.128401
0.128401
0.1284
0.1284
0.1284
0.128399
0.128399
0.128399
0.128398
0.128398
0.128398
0.128397
0.128397
0.128397
0.128396
0.128396
0.128396
0.128395
0.128395
0.128395
0.128394
0.128394
0.128394
0.128394
0.128393
0.128393
0.128393
0.128392
0.128392
0.128392
0.128391
0.128391
0.128391
0.12839
0.12839
0.12839
0.128389
0.128389
0.128389
0.128388
0.128388
0.128388
0.128387
0.128387
0.128387
0.128386
0.128386
0.128386
0.128386
0.128385
0.128385
0.128385
0.128384
0.128384
0.128384
0.128383
0.128383
0.128383
0.128382
0.128382
0.128382
0.128381
0.128381
0.128381
0.12838
0.12838
0.12838
0.12838
0.128379
0.128379
0.128379
0.128378
0.128378
0.128378
0.128377
0.128377
0.128377
0.128376
0.128376
0.128376
0.128375
0.128375
0.128375
0.128375
0.128374
0.128374
0.128374
0.128373
0.128373
0.128373
0.128372
0.128372
0.128372
0.128371
0.128371
0.128371
0.12837
0.12837
0.12837
0.12837
0.128369
0.128369
0.128369
0.128368
0.128368
0.128368
0.128367
0.128367
0.128367
0.128366
0.128366
0.128366
0.128366
0.128365
0.128365
0.128365
0.128364
0.128364
0.128364
0.128363
0.128363
0.128363
0.128362
0.128362
0.128362
0.128362
0.128361
0.128361
0.128361
0.12836
0.12836
0.12836
0.128359
0.128359
0.128359
0.128358
0.128358
0.128358
0.128358
0.128357
0.128357
0.128357
0.128356
0.128356
0.128356
0.128355
0.128355
0.128355
0.128354
0.128354
0.128354
0.128354
0.128353
0.128353
0.128353
0.128352
0.128352
0.128352
0.128351
0.128351
0.128351
0.128351
0.12835
0.12835
0.12835
0.128349
0.128349
0.128349
0.128348
0.128348
0.128348
0.128347
0.128347
0.128347
0.128347
0.128346
0.128346
0.128346
0.128345
0.128345
0.128345
0.128344
0.128344
0.128344
0.128344
0.128343
0.128343
0.128343
0.128342
0.128342
0.128342
0.128341
0.128341
0.128341
0.128341
0.12834
0.12834
0.12834
0.128339
0.128339
0.128339
0.128338
0.128338
0.128338
0.128338
0.128337
0.128337
0.128337
0.128336
0.128336
0.128336
0.128335
0.128335
0.128335
0.128335
0.128334
0.128334
0.128334
0.128333
0.128333
0.128333
0.128332
0.128332
0.128332
0.128332
0.128331
0.128331
0.128331
0.12833
0.12833
0.12833
0.12833
0.128329
0.128329
0.128329
0.128328
0.128328
0.128328
0.128327
0.128327
0.128327
0.128327
0.128326
0.128326
0.128326
0.128325
0.128325
0.128325
0.128325
0.128324
0.128324
0.128324
0.128323
0.128323
0.128323
0.128322
0.128322
0.128322
0.128322
0.128321
0.128321
0.128321
0.12832
0.12832
0.12832
0.12832
0.128319
0.128319
0.128319
0.128318
0.128318
0.128318
0.128317
0.128317
0.128317
0.128317
0.128316
0.128316
0.128316
0.128315
0.128315
0.128315
0.128315
0.128314
0.128314
0.128314
0.128313
0.128313
0.128313
0.128313
0.128312
0.128312
0.128312
0.128311
0.128311
0.128311
0.128311
0.12831
0.12831
0.12831
0.128309
0.128309
0.128309
0.128309
0.128308
0.128308
0.128308
0.128307
0.128307
0.128307
0.128306
0.128306
0.128306
0.128306
0.128305
0.128305
0.128305
0.128304
0.128304
0.128304
0.128304
0.128303
0.128303
0.128303
0.128302
0.128302
0.128302
0.128302
0.128301
0.128301
0.128301
0.1283
0.1283
0.1283
0.1283
0.128299
0.128299
0.128299
0.128298
0.128298
0.128298
0.128298
0.128297
0.128297
0.128297
0.128296
0.128296
0.128296
0.128296
0.128295
0.128295
0.128295
0.128295
0.128294
0.128294
0.128294
0.128293
0.128293
0.128293
0.128293
0.128292
0.128292
0.128292
0.128291
0.128291
0.128291
0.128291
0.12829
0.12829
0.12829
0.128289
0.128289
0.128289
0.128289
0.128288
0.128288
0.128288
0.128287
0.128287
0.128287
0.128287
0.128286
0.128286
0.128286
0.128286
0.128285
0.128285
0.128285
0.128284
0.128284
0.128284
0.128284
0.128283
0.128283
0.128283
0.128282
0.128282
0.128282
0.128282
0.128281
0.128281
0.128281
0.12828
0.12828
0.12828
0.12828
0.128279
0.128279
0.128279
0.128279
0.128278
0.128278
0.128278
0.128277
0.128277
0.128277
0.128277
0.128276
0.128276
0.128276
0.128276
0.128275
0.128275
0.128275
0.128274
0.128274
0.128274
0.128274
0.128273
0.128273
0.128273
0.128272
0.128272
0.128272
0.128272
0.128271
0.128271
0.128271
0.128271
0.12827
0.12827
0.12827
0.128269
0.128269
0.128269
0.128269
0.128268
0.128268
0.128268
0.128268
0.128267
0.128267
0.128267
0.128266
0.128266
0.128266
0.128266
0.128265
0.128265
0.128265
0.128265
0.128264
0.128264
0.128264
0.128263
0.128263
0.128263
0.128263
0.128262
0.128262
0.128262
0.128262
0.128261
0.128261
0.128261
0.12826
0.12826
0.12826
0.12826
0.128259
0.128259
0.128259
0.128259
0.128258
0.128258
0.128258
0.128258
0.128257
0.128257
0.128257
0.128256
0.128256
0.128256
0.128256
0.128255
0.128255
0.128255
0.128255
0.128254
0.128254
0.128254
0.128253
0.128253
0.128253
0.128253
0.128252
0.128252
0.128252
0.128252
0.128251
0.128251
0.128251
0.128251
0.12825
0.12825
0.12825
0.128249
0.128249
0.128249
0.128249
0.128248
0.128248
0.128248
0.128248
0.128247
0.128247
0.128247
0.128247
0.128246
0.128246
0.128246
0.128245
0.128245
0.128245
0.128245
0.128244
0.128244
0.128244
0.128244
0.128243
0.128243
0.128243
0.128243
0.128242
0.128242
0.128242
0.128242
0.128241
0.128241
0.128241
0.12824
0.12824
0.12824
0.12824
0.128239
0.128239
0.128239
0.128239
0.128238
0.128238
0.128238
0.128238
0.128237
0.128237
0.128237
0.128237
0.128236
0.128236
0.128236
0.128235
0.128235
0.128235
0.128235
0.128234
0.128234
0.128234
0.128234
0.128233
0.128233
0.128233
0.128233
0.128232
0.128232
0.128232
0.128232
0.128231
