0.5
0.495025
0.490099
0.485223
0.480395
0.475615
0.470882
0.466197
0.461558
0.456966
0.452419
0.447917
0.44346
0.439048
0.434679
0.430354
0.426072
0.421832
0.417635
0.41348
0.409365
0.405292
0.401259
0.397267
0.393314
0.3894
0.385526
0.38169
0.377892
0.374132
0.370409
0.366723
0.363075
0.359462
0.355885
0.352344
0.348838
0.345367
0.341931
0.338528
0.33516
0.331825
0.328523
0.325255
0.322018
0.318814
0.315642
0.312501
0.309392
0.306313
0.303265
0.300248
0.29726
0.294302
0.291374
0.288475
0.285605
0.282763
0.279949
0.277164
0.274406
0.271675
0.268972
0.266296
0.263646
0.261023
0.258426
0.255854
0.253309
0.250788
0.248293
0.245822
0.243376
0.240955
0.238557
0.236184
0.233834
0.231507
0.229204
0.226923
0.224665
0.22243
0.220217
0.218026
0.215857
0.213709
0.211583
0.209478
0.207394
0.20533
0.203288
0.201265
0.199263
0.197281
0.195318
0.193375
0.191452
0.189548
0.187662
0.185796
0.183948
0.182119
0.180308
0.178516
0.176741
0.174984
0.173245
0.171523
0.169818
0.168131
0.166461
0.164807
0.163171
0.161551
0.159947
0.15836
0.156789
0.155234
0.153695
0.152172
0.150664
0.149172
0.147696
0.146234
0.144789
0.143358
0.141942
0.140541
0.139156
0.137785
0.136428
0.135087
0.13376
0.132447
0.131149
0.129866
0.128596
0.127341
0.126101
0.124874
0.123662
0.122464
0.12128
0.12011
0.118955
0.117813
0.116686
0.115573
0.114474
0.113389
0.112318
0.111262
0.11022
0.109192
0.108178
0.107179
0.106194
0.105223
0.104267
0.103325
0.102398
0.101486
0.100588
0.0997048
0.0988363
0.0979827
0.0971438
0.0963199
0.0955108
0.0947167
0.0939375
0.0931734
0.0924243
0.0916902
0.0909712
0.0902673
0.0895785
0.0889047
0.0882459
0.0876022
0.0869735
0.0863597
0.0857609
0.0851768
0.0846076
0.084053
0.083513
0.0829875
0.0824764
0.0819796
0.0814969
0.0810282
0.0805733
0.0801322
0.0797045
0.0792903
0.0788891
0.078501
0.0781256
0.0777628
0.0774123
0.077074
0.0767476
0.0764329
0.0761296
0.0758375
0.0755564
0.075286
0.0750261
0.0747765
0.0745368
0.0743069
0.0740865
0.0738753
0.0736732
0.0734797
0.0732948
0.0731182
0.0729496
0.0727888
0.0726355
0.0724896
0.0723508
0.0722189
0.0720936
0.0719747
0.0718621
0.0717556
0.0716548
0.0715597
0.0714699
0.0713855
0.0713061
0.0712316
0.0711617
0.0710965
0.0710355
0.0709788
0.0709262
0.0708775
0.0708325
0.0707911
0.0707532
0.0707187
0.0706874
0.0706592
0.070634
0.0706116
0.070592
0.070575
0.0705605
0.0705485
0.0705388
0.0705314
0.0705261
0.070523
0.0705217
0.0705224
0.070525
0.0705292
0.0705352
0.0705428
0.0705519
0.0705625
0.0705745
0.0705879
0.0706026
0.0706186
0.0706357
0.070654
0.0706734
0.0706939
0.0707154
0.0707378
0.0707612
0.0707854
0.0708105
0.0708364
0.0708631
0.0708905
0.0709187
0.0709475
0.070977
0.0710071
0.0710378
0.0710691
0.0711009
0.0711332
0.0711661
0.0711994
0.0712331
0.0712673
0.0713019
0.071337
0.0713723
0.0714081
0.0714442
0.0714806
0.0715173
0.0715543
0.0715916
0.0716292
0.071667
0.0717051
0.0717433
0.0717819
0.0718206
0.0718595
0.0718986
0.0719379
0.0719773
0.072017
0.0720567
0.0720966
0.0721367
0.0721768
0.0722171
0.0722575
0.072298
0.0723386
0.0723792
0.07242
0.0724608
0.0725018
0.0725427
0.0725838
0.0726249
0.0726661
0.0727073
0.0727485
0.0727898
0.0728311
0.0728725
0.0729138
0.0729552
0.0729966
0.0730381
0.0730795
0.073121
0.0731624
0.0732039
0.0732454
0.0732868
0.0733283
0.0733697
0.0734112
0.0734526
0.073494
0.0735354
0.0735768
0.0736181
0.0736594
0.0737007
0.073742
0.0737832
0.0738245
0.0738656
0.0739068
0.0739479
0.0739889
0.07403
0.0740709
0.0741119
0.0741528
0.0741936
0.0742344
0.0742752
0.0743159
0.0743566
0.0743972
0.0744377
0.0744782
0.0745187
0.0745591
0.0745994
0.0746397
0.0746799
0.0747201
0.0747602
0.0748002
0.0748402
0.0748801
0.07492
0.0749598
0.0749995
0.0750391
0.0750787
0.0751183
0.0751577
0.0751971
0.0752364
0.0752757
0.0753149
0.075354
0.075393
0.075432
0.0754709
0.0755097
0.0755485
0.0755872
0.0756258
0.0756643
0.0757028
0.0757412
0.0757795
0.0758177
0.0758559
0.075894
0.075932
0.0759699
0.0760078
0.0760456
0.0760833
0.0761209
0.0761584
0.0761959
0.0762333
0.0762706
0.0763078
0.076345
0.0763821
0.0764191
0.076456
0.0764928
0.0765295
0.0765662
0.0766028
0.0766393
0.0766757
0.0767121
0.0767483
0.0767845
0.0768206
0.0768566
0.0768926
0.0769284
0.0769642
0.0769999
0.0770355
0.077071
0.0771064
0.0771418
0.077177
0.0772122
0.0772473
0.0772824
0.0773173
0.0773522
0.0773869
0.0774216
0.0774562
0.0774907
0.0775252
0.0775595
0.0775938
0.077628
0.0776621
0.0776961
0.07773
0.0777638
0.0777976
0.0778313
0.0778649
0.0778984
0.0779318
0.0779651
0.0779984
0.0780316
0.0780647
0.0780977
0.0781306
0.0781634
0.0781962
0.0782288
0.0782614
0.0782939
0.0783263
0.0783586
0.0783909
0.078423
0.0784551
0.0784871
0.078519
0.0785508
0.0785826
0.0786142
0.0786458
0.0786773
0.0787087
0.07874
0.0787713
0.0788024
0.0788335
0.0788645
0.0788954
0.0789262
0.0789569
0.0789876
0.0790181
0.0790486
0.079079
0.0791094
0.0791396
0.0791697
0.0791998
0.0792298
0.0792597
0.0792895
0.0793193
0.0793489
0.0793785
0.079408
0.0794374
0.0794668
0.079496
0.0795252
0.0795543
0.0795833
0.0796122
0.0796411
0.0796698
0.0796985
0.0797271
0.0797556
0.0797841
0.0798124
0.0798407
0.0798689
0.079897
0.0799251
0.079953
0.0799809
0.0800087
0.0800364
0.080064
0.0800916
0.0801191
0.0801465
0.0801738
0.0802011
0.0802282
0.0802553
0.0802823
0.0803093
0.0803361
0.0803629
0.0803896
0.0804162
0.0804428
0.0804692
0.0804956
0.0805219
0.0805481
0.0805743
0.0806004
0.0806264
0.0806523
0.0806782
0.0807039
0.0807297
0.0807553
0.0807808
0.0808063
0.0808317
0.080857
0.0808823
0.0809074
0.0809325
0.0809576
0.0809825
0.0810074
0.0810322
0.0810569
0.0810816
0.0811062
0.0811307
0.0811551
0.0811795
0.0812038
0.081228
0.0812521
0.0812762
0.0813002
0.0813241
0.081348
0.0813718
0.0813955
0.0814191
0.0814427
0.0814662
0.0814896
0.081513
0.0815363
0.0815595
0.0815827
0.0816057
0.0816288
0.0816517
0.0816746
0.0816974
0.0817201
0.0817428
0.0817654
0.0817879
0.0818104
0.0818328
0.0818551
0.0818773
0.0818995
0.0819217
0.0819437
0.0819657
0.0819876
0.0820095
0.0820313
0.082053
0.0820747
0.0820963
0.0821178
0.0821393
0.0821607
0.082182
0.0822033
0.0822245
0.0822456
0.0822667
0.0822877
0.0823087
0.0823296
0.0823504
0.0823712
0.0823919
0.0824125
0.0824331
0.0824536
0.082474
0.0824944
0.0825148
0.082535
0.0825552
0.0825754
0.0825955
0.0826155
0.0826355
0.0826554
0.0826752
0.082695
0.0827147
0.0827344
0.082754
0.0827736
0.0827931
0.0828125
0.0828319
0.0828512
0.0828704
0.0828896
0.0829088
0.0829279
0.0829469
0.0829659
0.0829848
0.0830037
0.0830225
0.0830413
0.08306
0.0830786
0.0830972
0.0831157
0.0831342
0.0831526
0.083171
0.0831893
0.0832076
0.0832258
0.083244
0.0832621
0.0832801
0.0832981
0.0833161
0.083334
0.0833518
0.0833696
0.0833874
0.0834051
0.0834227
0.0834403
0.0834579
0.0834754
0.0834928
0.0835102
0.0835275
0.0835448
0.0835621
0.0835793
0.0835964
0.0836136
0.0836306
0.0836476
0.0836646
0.0836815
0.0836984
0.0837152
0.083732
0.0837487
0.0837654
0.083782
0.0837986
0.0838152
0.0838317
0.0838481
0.0838646
0.0838809
0.0838973
0.0839136
0.0839298
0.083946
0.0839622
0.0839783
0.0839944
0.0840104
0.0840264
0.0840423
0.0840583
0.0840741
0.08409
0.0841057
0.0841215
0.0841372
0.0841529
0.0841685
0.0841841
0.0841997
0.0842152
0.0842306
0.0842461
0.0842615
0.0842769
0.0842922
0.0843075
0.0843227
0.084338
0.0843531
0.0843683
0.0843834
0.0843985
0.0844135
0.0844286
0.0844435
0.0844585
0.0844734
0.0844883
0.0845031
0.0845179
0.0845327
0.0845474
0.0845622
0.0845768
0.0845915
0.0846061
0.0846207
0.0846353
0.0846498
0.0846643
0.0846788
0.0846932
0.0847076
0.084722
0.0847364
0.0847507
0.084765
0.0847793
0.0847936
0.0848078
0.084822
0.0848361
0.0848503
0.0848644
0.0848785
0.0848926
0.0849066
0.0849206
0.0849346
0.0849486
0.0849626
0.0849765
0.0849904
0.0850043
0.0850181
0.085032
0.0850458
0.0850596
0.0850734
0.0850871
0.0851009
0.0851146
0.0851283
0.085142
0.0851556
0.0851693
0.0851829
0.0851965
0.0852101
0.0852237
0.0852372
0.0852508
0.0852643
0.0852778
0.0852913
0.0853048
0.0853182
0.0853317
0.0853451
0.0853586
0.085372
0.0853854
0.0853987
0.0854121
0.0854255
0.0854388
0.0854522
0.0854655
0.0854788
0.0854921
0.0855054
0.0855187
0.085532
0.0855453
0.0855585
0.0855718
0.085585
0.0855983
0.0856115
0.0856247
0.0856379
0.0856512
0.0856644
0.0856776
0.0856908
0.085704
0.0857172
0.0857304
0.0857435
0.0857567
0.0857699
0.0857831
0.0857963
0.0858095
0.0858226
0.0858358
0.085849
0.0858622
0.0858753
0.0858885
0.0859017
0.0859149
0.0859281
0.0859413
0.0859545
0.0859677
0.0859809
0.0859941
0.0860073
0.0860205
0.0860337
0.086047
0.0860602
0.0860734
0.0860867
0.0860999
0.0861132
0.0861265
0.0861398
0.0861531
0.0861664
0.0861797
0.086193
0.0862063
0.0862197
0.086233
0.0862464
0.0862598
0.0862732
0.0862866
0.0863
0.0863135
0.0863269
0.0863404
0.0863539
0.0863674
0.0863809
0.0863945
0.086408
0.0864216
0.0864352
0.0864488
0.0864624
0.0864761
0.0864897
0.0865034
0.0865172
0.0865309
0.0865447
0.0865584
0.0865722
0.0865861
0.0865999
0.0866138
0.0866277
0.0866416
0.0866556
0.0866696
0.0866836
0.0866976
0.0867117
0.0867258
0.0867399
0.0867541
0.0867682
0.0867825
0.0867967
0.086811
0.0868253
0.0868396
0.086854
0.0868684
0.0868828
0.0868973
0.0869118
0.0869264
0.0869409
0.0869556
0.0869702
0.0869849
0.0869996
0.0870144
0.0870292
0.0870441
0.0870589
0.0870739
0.0870888
0.0871038
0.0871189
0.087134
0.0871491
0.0871643
0.0871795
0.0871948
0.0872101
0.0872255
0.0872409
0.0872563
0.0872718
0.0872874
0.087303
0.0873186
0.0873343
0.0873501
0.0873659
0.0873817
0.0873976
0.0874136
0.0874296
0.0874456
0.0874618
0.0874779
0.0874941
0.0875104
0.0875268
0.0875431
0.0875596
0.0875761
0.0875927
0.0876093
0.087626
0.0876427
0.0876595
0.0876764
0.0876933
0.0877103
0.0877273
0.0877444
0.0877616
0.0877788
0.0877962
0.0878135
0.087831
0.0878485
0.087866
0.0878837
0.0879014
0.0879192
0.087937
0.0879549
0.0879729
0.087991
0.0880091
0.0880273
0.0880456
0.0880639
0.0880824
0.0881009
0.0881194
0.0881381
0.0881568
0.0881756
0.0881945
0.0882134
0.0882325
0.0882516
0.0882708
0.0882901
0.0883094
0.0883289
0.0883484
0.088368
0.0883877
0.0884075
0.0884273
0.0884473
0.0884673
0.0884874
0.0885077
0.0885279
0.0885483
0.0885688
0.0885894
0.08861
0.0886307
0.0886516
0.0886725
0.0886935
0.0887146
0.0887358
0.0887571
0.0887785
0.0888
0.0888216
0.0888433
0.088865
0.0888869
0.0889089
0.088931
0.0889531
0.0889754
0.0889978
0.0890203
0.0890428
0.0890655
0.0890883
0.0891112
0.0891342
0.0891572
0.0891804
0.0892037
0.0892272
0.0892507
0.0892743
0.089298
0.0893219
0.0893458
0.0893699
0.089394
0.0894183
0.0894427
0.0894672
0.0894918
0.0895166
0.0895414
0.0895664
0.0895914
0.0896166
0.0896419
0.0896673
0.0896929
0.0897185
0.0897443
0.0897702
0.0897962
0.0898223
0.0898486
0.089875
0.0899014
0.0899281
0.0899548
0.0899817
0.0900086
0.0900357
0.090063
0.0900903
0.0901178
0.0901454
0.0901731
0.090201
0.090229
0.0902571
0.0902853
0.0903137
0.0903422
0.0903708
0.0903996
0.0904285
0.0904575
0.0904866
0.0905159
0.0905453
0.0905749
0.0906046
0.0906344
0.0906643
0.0906944
0.0907246
0.090755
0.0907855
0.0908161
0.0908469
0.0908778
0.0909088
0.09094
0.0909713
0.0910028
0.0910344
0.0910661
0.091098
0.09113
0.0911621
0.0911944
0.0912269
0.0912594
0.0912922
0.091325
0.091358
0.0913912
0.0914245
0.0914579
0.0914915
0.0915252
0.0915591
0.0915931
0.0916272
0.0916616
0.091696
0.0917306
0.0917653
0.0918002
0.0918353
0.0918705
0.0919058
0.0919413
0.0919769
0.0920127
0.0920486
0.0920847
0.0921209
0.0921573
0.0921938
0.0922305
0.0922673
0.0923043
0.0923414
0.0923787
0.0924161
0.0924537
0.0924914
0.0925293
0.0925674
0.0926055
0.0926439
0.0926824
0.092721
0.0927598
0.0927987
0.0928378
0.0928771
0.0929165
0.092956
0.0929958
0.0930356
0.0930756
0.0931158
0.0931561
0.0931966
0.0932372
0.093278
0.0933189
0.09336
0.0934013
0.0934427
0.0934842
0.0935259
0.0935678
0.0936098
0.0936519
0.0936943
0.0937367
0.0937793
0.0938221
0.0938651
0.0939081
0.0939514
0.0939948
0.0940383
0.094082
0.0941258
0.0941698
0.094214
0.0942583
0.0943028
0.0943474
0.0943921
0.0944371
0.0944821
0.0945273
0.0945727
0.0946182
0.0946639
0.0947097
0.0947557
0.0948018
0.0948481
0.0948945
0.0949411
0.0949878
0.0950347
0.0950817
0.0951289
0.0951762
0.0952237
0.0952713
0.0953191
0.095367
0.0954151
0.0954633
0.0955117
0.0955602
0.0956088
0.0956576
0.0957066
0.0957557
0.0958049
0.0958543
0.0959038
0.0959535
0.0960033
0.0960532
0.0961033
0.0961536
0.0962039
0.0962545
0.0963051
0.0963559
0.0964069
0.096458
0.0965092
0.0965605
0.096612
0.0966637
0.0967155
0.0967674
0.0968194
0.0968716
0.0969239
0.0969764
0.097029
0.0970817
0.0971346
0.0971876
0.0972407
0.097294
0.0973474
0.0974009
0.0974545
0.0975083
0.0975622
0.0976163
0.0976704
0.0977247
0.0977792
0.0978337
0.0978884
0.0979432
0.0979981
0.0980532
0.0981083
0.0981636
0.0982191
0.0982746
0.0983302
0.098386
0.0984419
0.0984979
0.0985541
0.0986103
0.0986667
0.0987232
0.0987798
0.0988365
0.0988933
0.0989502
0.0990073
0.0990645
0.0991217
0.0991791
0.0992366
0.0992942
0.0993519
0.0994097
0.0994677
0.0995257
0.0995838
0.099642
0.0997004
0.0997588
0.0998174
0.099876
0.0999347
0.0999936
0.100053
0.100112
0.100171
0.10023
0.100289
0.100349
0.100408
0.100468
0.100527
0.100587
0.100647
0.100707
0.100767
0.100827
0.100887
0.100948
0.101008
0.101069
0.101129
0.10119
0.10125
0.101311
0.101372
0.101433
0.101494
0.101555
0.101616
0.101678
0.101739
0.1018
0.101862
0.101923
0.101985
0.102046
0.102108
0.10217
0.102232
0.102294
0.102356
0.102418
0.10248
0.102542
0.102604
0.102666
0.102729
0.102791
0.102854
0.102916
0.102979
0.103041
0.103104
0.103167
0.103229
0.103292
0.103355
0.103418
0.103481
0.103544
0.103607
0.10367
0.103733
0.103796
0.103859
0.103922
0.103985
0.104049
0.104112
0.104175
0.104239
0.104302
0.104365
0.104429
0.104492
0.104556
0.104619
0.104683
0.104746
0.10481
0.104873
0.104937
0.105
0.105064
0.105128
0.105191
0.105255
0.105318
0.105382
0.105446
0.105509
0.105573
0.105637
0.1057
0.105764
0.105828
0.105891
0.105955
0.106019
0.106082
0.106146
0.10621
0.106273
0.106337
0.1064
0.106464
0.106528
0.106591
0.106655
0.106718
0.106782
0.106845
0.106909
0.106972
0.107036
0.107099
0.107162
0.107226
0.107289
0.107352
0.107415
0.107479
0.107542
0.107605
0.107668
0.107731
0.107794
0.107857
0.10792
0.107983
0.108045
0.108108
0.108171
0.108234
0.108296
0.108359
0.108421
0.108484
0.108546
0.108609
0.108671
0.108733
0.108795
0.108857
0.108919
0.108981
0.109043
0.109105
0.109167
0.109228
0.10929
0.109352
0.109413
0.109474
0.109536
0.109597
0.109658
0.109719
0.10978
0.109841
0.109902
0.109962
0.110023
0.110084
0.110144
0.110204
0.110265
0.110325
0.110385
0.110445
0.110504
0.110564
0.110624
0.110683
0.110743
0.110802
0.110861
0.11092
0.110979
0.111038
0.111097
0.111156
0.111214
0.111273
0.111331
0.111389
0.111447
0.111505
0.111563
0.11162
0.111678
0.111735
0.111792
0.11185
0.111907
0.111963
0.11202
0.112077
0.112133
0.112189
0.112245
0.112301
0.112357
0.112413
0.112469
0.112524
0.112579
0.112634
0.112689
0.112744
0.112799
0.112853
0.112907
0.112962
0.113016
0.113069
0.113123
0.113177
0.11323
0.113283
0.113336
0.113389
0.113441
0.113494
0.113546
0.113598
0.11365
0.113702
0.113753
0.113805
0.113856
0.113907
0.113958
0.114008
0.114059
0.114109
0.114159
0.114209
0.114258
0.114308
0.114357
0.114406
0.114455
0.114504
0.114552
0.1146
0.114648
0.114696
0.114744
0.114791
0.114838
0.114885
0.114932
0.114979
0.115025
0.115071
0.115117
0.115163
0.115208
0.115253
0.115298
0.115343
0.115387
0.115432
0.115476
0.11552
0.115563
0.115607
0.11565
0.115693
0.115735
0.115778
0.11582
0.115862
0.115904
0.115945
0.115986
0.116027
0.116068
0.116108
0.116149
0.116188
0.116228
0.116268
0.116307
0.116346
0.116384
0.116423
0.116461
0.116499
0.116537
0.116574
0.116611
0.116648
0.116685
0.116721
0.116757
0.116793
0.116828
0.116864
0.116899
0.116933
0.116968
0.117002
0.117036
0.117069
0.117103
0.117136
0.117169
0.117201
0.117233
0.117265
0.117297
0.117328
0.117359
0.11739
0.117421
0.117451
0.117481
0.11751
0.11754
0.117569
0.117598
0.117626
0.117654
0.117682
0.11771
0.117737
0.117764
0.117791
0.117817
0.117843
0.117869
0.117895
0.11792
0.117945
0.117969
0.117994
0.118018
0.118041
0.118065
0.118088
0.118111
0.118133
0.118155
0.118177
0.118199
0.11822
0.118241
0.118261
0.118282
0.118302
0.118321
0.118341
0.11836
0.118379
0.118397
0.118415
0.118433
0.118451
0.118468
0.118485
0.118501
0.118518
0.118534
0.118549
0.118564
0.118579
0.118594
0.118609
0.118623
0.118636
0.11865
0.118663
0.118676
0.118688
0.1187
0.118712
0.118724
0.118735
0.118746
0.118756
0.118767
0.118776
0.118786
0.118795
0.118804
0.118813
0.118821
0.118829
0.118837
0.118845
0.118852
0.118858
0.118865
0.118871
0.118877
0.118882
0.118887
0.118892
0.118897
0.118901
0.118905
0.118909
0.118912
0.118915
0.118918
0.11892
0.118922
0.118924
0.118925
0.118926
0.118927
0.118927
0.118928
0.118927
0.118927
0.118926
0.118925
0.118924
0.118922
0.11892
0.118918
0.118915
0.118912
0.118909
0.118906
0.118902
0.118898
0.118893
0.118889
0.118884
0.118878
0.118873
0.118867
0.11886
0.118854
0.118847
0.11884
0.118833
0.118825
0.118817
0.118809
0.1188
0.118791
0.118782
0.118773
0.118763
0.118753
0.118742
0.118732
0.118721
0.11871
0.118698
0.118687
0.118675
0.118662
0.11865
0.118637
0.118624
0.118611
0.118597
0.118583
0.118569
0.118554
0.118539
0.118524
0.118509
0.118494
0.118478
0.118462
0.118445
0.118429
0.118412
0.118395
0.118377
0.11836
0.118342
0.118324
0.118305
0.118286
0.118268
0.118248
0.118229
0.118209
0.118189
0.118169
0.118149
0.118128
0.118107
0.118086
0.118065
0.118043
0.118021
0.117999
0.117977
0.117954
0.117931
0.117908
0.117885
0.117862
0.117838
0.117814
0.11779
0.117766
0.117741
0.117716
0.117691
0.117666
0.11764
0.117615
0.117589
0.117563
0.117537
0.11751
0.117483
0.117456
0.117429
0.117402
0.117374
0.117347
0.117319
0.117291
0.117262
0.117234
0.117205
0.117176
0.117147
0.117118
0.117088
0.117059
0.117029
0.116999
0.116969
0.116938
0.116908
0.116877
0.116846
0.116815
0.116784
0.116752
0.116721
0.116689
0.116657
0.116625
0.116593
0.11656
0.116528
0.116495
0.116462
0.116429
0.116396
0.116362
0.116329
0.116295
0.116261
0.116227
0.116193
0.116159
0.116125
0.11609
0.116055
0.116021
0.115986
0.115951
0.115915
0.11588
0.115844
0.115809
0.115773
0.115737
0.115701
0.115665
0.115629
0.115592
0.115556
0.115519
0.115483
0.115446
0.115409
0.115372
0.115334
0.115297
0.11526
0.115222
0.115184
0.115147
0.115109
0.115071
0.115033
0.114995
0.114956
0.114918
0.11488
0.114841
0.114802
0.114764
0.114725
0.114686
0.114647
0.114608
0.114569
0.11453
0.11449
0.114451
0.114411
0.114372
0.114332
0.114292
0.114252
0.114213
0.114173
0.114133
0.114092
0.114052
0.114012
0.113972
0.113931
0.113891
0.11385
0.11381
0.113769
0.113728
0.113688
0.113647
0.113606
0.113565
0.113524
0.113483
0.113442
0.113401
0.11336
0.113318
0.113277
0.113236
0.113194
0.113153
0.113112
0.11307
0.113029
0.112987
0.112945
0.112904
0.112862
0.11282
0.112778
0.112737
0.112695
0.112653
0.112611
0.112569
0.112527
0.112485
0.112443
0.112401
0.112359
0.112317
0.112275
0.112233
0.112191
0.112148
0.112106
0.112064
0.112022
0.11198
0.111937
0.111895
0.111853
0.11181
0.111768
0.111726
0.111683
0.111641
0.111599
0.111556
0.111514
0.111472
0.111429
0.111387
0.111344
0.111302
0.11126
0.111217
0.111175
0.111133
0.11109
0.111048
0.111005
0.110963
0.110921
0.110878
0.110836
0.110794
0.110751
0.110709
0.110667
0.110624
0.110582
0.11054
0.110497
0.110455
0.110413
0.110371
0.110328
0.110286
0.110244
0.110202
0.11016
0.110117
0.110075
0.110033
0.109991
0.109949
0.109907
0.109865
0.109823
0.109781
0.109739
0.109697
0.109655
0.109613
0.109572
0.10953
0.109488
0.109446
0.109404
0.109363
0.109321
0.109279
0.109238
0.109196
0.109155
0.109113
0.109072
0.10903
0.108989
0.108947
0.108906
0.108865
0.108823
0.108782
0.108741
0.1087
0.108659
0.108617
0.108576
0.108535
0.108494
0.108453
0.108413
0.108372
0.108331
0.10829
0.108249
0.108209
0.108168
0.108127
0.108087
0.108046
0.108006
0.107965
0.107925
0.107885
0.107844
0.107804
0.107764
0.107724
0.107684
0.107644
0.107604
0.107564
0.107524
0.107484
0.107444
0.107404
0.107364
0.107325
0.107285
0.107246
0.107206
0.107167
0.107127
0.107088
0.107049
0.107009
0.10697
0.106931
0.106892
0.106853
0.106814
0.106775
0.106736
0.106697
0.106658
0.10662
0.106581
0.106542
0.106504
0.106465
0.106427
0.106389
0.10635
0.106312
0.106274
0.106236
0.106198
0.106159
0.106122
0.106084
0.106046
0.106008
0.10597
0.105932
0.105895
0.105857
0.10582
0.105782
0.105745
0.105708
0.10567
0.105633
0.105596
0.105559
0.105522
0.105485
0.105448
0.105411
0.105374
0.105338
0.105301
0.105264
0.105228
0.105191
0.105155
0.105119
0.105082
0.105046
0.10501
0.104974
0.104938
0.104902
0.104866
0.10483
0.104794
0.104759
0.104723
0.104687
0.104652
0.104616
0.104581
0.104545
0.10451
0.104475
0.10444
0.104405
0.10437
0.104335
0.1043
0.104265
0.10423
0.104196
0.104161
0.104126
0.104092
0.104057
0.104023
0.103989
0.103954
0.10392
0.103886
0.103852
0.103818
0.103784
0.10375
0.103716
0.103683
0.103649
0.103615
0.103582
0.103548
0.103515
0.103481
0.103448
0.103415
0.103382
0.103349
0.103315
0.103283
0.10325
0.103217
0.103184
0.103151
0.103119
0.103086
0.103053
0.103021
0.102989
0.102956
0.102924
0.102892
0.10286
0.102828
0.102796
0.102764
0.102732
0.1027
0.102668
0.102636
0.102605
0.102573
0.102542
0.10251
0.102479
0.102448
0.102416
0.102385
0.102354
0.102323
0.102292
0.102261
0.10223
0.102199
0.102169
0.102138
0.102107
0.102077
0.102046
0.102016
0.101985
0.101955
0.101925
0.101895
0.101864
0.101834
0.101804
0.101774
0.101745
0.101715
0.101685
0.101655
0.101626
0.101596
0.101567
0.101537
0.101508
0.101479
0.101449
0.10142
0.101391
0.101362
0.101333
0.101304
0.101275
0.101246
0.101217
0.101189
0.10116
0.101131
0.101103
0.101074
0.101046
0.101018
0.100989
0.100961
0.100933
0.100905
0.100877
0.100849
0.100821
0.100793
0.100765
0.100737
0.10071
0.100682
0.100655
0.100627
0.1006
0.100572
0.100545
0.100518
0.10049
0.100463
0.100436
0.100409
0.100382
0.100355
0.100328
0.100301
0.100275
0.100248
0.100221
0.100195
0.100168
0.100142
0.100115
0.100089
0.100062
0.100036
0.10001
0.0999838
0.0999577
0.0999317
0.0999057
0.0998798
0.0998539
0.0998281
0.0998023
0.0997766
0.099751
0.0997254
0.0996999
0.0996744
0.0996489
0.0996236
0.0995982
0.099573
0.0995478
0.0995226
0.0994975
0.0994725
0.0994475
0.0994225
0.0993976
0.0993728
0.099348
0.0993233
0.0992986
0.099274
0.0992494
0.0992249
0.0992004
0.099176
0.0991516
0.0991273
0.099103
0.0990788
0.0990547
0.0990306
0.0990065
0.0989825
0.0989586
0.0989347
0.0989108
0.098887
0.0988633
0.0988396
0.0988159
0.0987923
0.0987688
0.0987453
0.0987219
0.0986985
0.0986751
0.0986518
0.0986286
0.0986054
0.0985822
0.0985591
0.0985361
0.0985131
0.0984901
0.0984672
0.0984444
0.0984216
0.0983988
0.0983761
0.0983534
0.0983308
0.0983083
0.0982857
0.0982633
0.0982409
0.0982185
0.0981962
0.0981739
0.0981516
0.0981295
0.0981073
0.0980852
0.0980632
0.0980412
0.0980192
0.0979973
0.0979755
0.0979536
0.0979319
0.0979102
0.0978885
0.0978668
0.0978453
0.0978237
0.0978022
0.0977808
0.0977594
0.097738
0.0977167
0.0976954
0.0976742
0.097653
0.0976319
0.0976108
0.0975897
0.0975687
0.0975477
0.0975268
0.0975059
0.0974851
0.0974643
0.0974436
0.0974229
0.0974022
0.0973816
0.097361
0.0973405
0.09732
0.0972995
0.0972791
0.0972588
0.0972385
0.0972182
0.0971979
0.0971777
0.0971576
0.0971375
0.0971174
0.0970974
0.0970774
0.0970574
0.0970375
0.0970177
0.0969978
0.0969781
0.0969583
0.0969386
0.096919
0.0968993
0.0968797
0.0968602
0.0968407
0.0968212
0.0968018
0.0967824
0.0967631
0.0967438
0.0967245
0.0967053
0.0966861
0.0966669
0.0966478
0.0966288
0.0966097
0.0965907
0.0965718
0.0965528
0.096534
0.0965151
0.0964963
0.0964776
0.0964588
0.0964401
0.0964215
0.0964029
0.0963843
0.0963657
0.0963472
0.0963288
0.0963103
0.0962919
0.0962736
0.0962553
0.096237
0.0962187
0.0962005
0.0961823
0.0961642
0.0961461
0.096128
0.09611
0.096092
0.096074
0.0960561
0.0960382
0.0960203
0.0960025
0.0959847
0.095967
0.0959493
0.0959316
0.0959139
0.0958963
0.0958787
0.0958612
0.0958437
0.0958262
0.0958088
0.0957914
0.095774
0.0957566
0.0957393
0.0957221
0.0957048
0.0956876
0.0956704
0.0956533
0.0956362
0.0956191
0.0956021
0.0955851
0.0955681
0.0955512
0.0955342
0.0955174
0.0955005
0.0954837
0.0954669
0.0954502
0.0954335
0.0954168
0.0954001
0.0953835
0.0953669
0.0953504
0.0953338
0.0953173
0.0953009
0.0952844
0.095268
0.0952517
0.0952353
0.095219
0.0952027
0.0951865
0.0951703
0.0951541
0.0951379
0.0951218
0.0951057
0.0950896
0.0950736
0.0950576
0.0950416
0.0950257
0.0950097
0.0949939
0.094978
0.0949622
0.0949464
0.0949306
0.0949149
0.0948991
0.0948835
0.0948678
0.0948522
0.0948366
0.094821
0.0948055
0.09479
0.0947745
0.094759
0.0947436
0.0947282
0.0947128
0.0946975
0.0946822
0.0946669
0.0946516
0.0946364
0.0946212
0.094606
0.0945909
0.0945758
0.0945607
0.0945456
0.0945306
0.0945156
0.0945006
0.0944856
0.0944707
0.0944558
0.0944409
0.0944261
0.0944112
0.0943964
0.0943817
0.0943669
0.0943522
0.0943375
0.0943228
0.0943082
0.0942936
0.094279
0.0942644
0.0942499
0.0942354
0.0942209
0.0942064
0.094192
0.0941776
0.0941632
0.0941489
0.0941345
0.0941202
0.0941059
0.0940917
0.0940774
0.0940632
0.094049
0.0940349
0.0940207
0.0940066
0.0939925
0.0939785
0.0939644
0.0939504
0.0939364
0.0939225
0.0939085
0.0938946
0.0938807
0.0938669
0.093853
0.0938392
0.0938254
0.0938116
0.0937979
0.0937841
0.0937704
0.0937567
0.0937431
0.0937295
0.0937158
0.0937022
0.0936887
0.0936751
0.0936616
0.0936481
0.0936346
0.0936212
0.0936078
0.0935944
0.093581
0.0935676
0.0935543
0.0935409
0.0935277
0.0935144
0.0935011
0.0934879
0.0934747
0.0934615
0.0934483
0.0934352
0.0934221
0.093409
0.0933959
0.0933828
0.0933698
0.0933568
0.0933438
0.0933308
0.0933179
0.093305
0.093292
0.0932792
0.0932663
0.0932534
0.0932406
0.0932278
0.093215
0.0932023
0.0931895
0.0931768
0.0931641
0.0931514
0.0931388
0.0931261
0.0931135
0.0931009
0.0930883
0.0930758
0.0930633
0.0930507
0.0930382
0.0930258
0.0930133
0.0930009
0.0929884
0.092976
0.0929637
0.0929513
0.092939
0.0929266
0.0929143
0.0929021
0.0928898
0.0928776
0.0928653
0.0928531
0.0928409
0.0928288
0.0928166
0.0928045
0.0927924
0.0927803
0.0927682
0.0927562
0.0927441
0.0927321
0.0927201
0.0927081
0.0926962
0.0926842
0.0926723
0.0926604
0.0926485
0.0926366
0.0926248
0.092613
0.0926011
0.0925894
0.0925776
0.0925658
0.0925541
0.0925423
0.0925306
0.0925189
0.0925073
0.0924956
0.092484
0.0924724
0.0924608
0.0924492
0.0924376
0.0924261
0.0924145
0.092403
0.0923915
0.09238
0.0923686
0.0923571
0.0923457
0.0923343
0.0923229
0.0923115
0.0923001
0.0922888
0.0922775
0.0922661
0.0922549
0.0922436
0.0922323
0.0922211
0.0922098
0.0921986
0.0921874
0.0921762
0.0921651
0.0921539
0.0921428
0.0921317
0.0921206
0.0921095
0.0920984
0.0920874
0.0920764
0.0920653
0.0920543
0.0920433
0.0920324
0.0920214
0.0920105
0.0919995
0.0919886
0.0919777
0.0919669
0.091956
0.0919452
0.0919343
0.0919235
0.0919127
0.0919019
0.0918912
0.0918804
0.0918697
0.0918589
0.0918482
0.0918375
0.0918269
0.0918162
0.0918055
0.0917949
0.0917843
0.0917737
0.0917631
0.0917525
0.0917419
0.0917314
0.0917209
0.0917104
0.0916999
0.0916894
0.0916789
0.0916684
0.091658
0.0916476
0.0916371
0.0916267
0.0916164
0.091606
0.0915956
0.0915853
0.0915749
0.0915646
0.0915543
0.091544
0.0915338
0.0915235
0.0915133
0.091503
0.0914928
0.0914826
0.0914724
0.0914622
0.0914521
0.0914419
0.0914318
0.0914216
0.0914115
0.0914014
0.0913914
0.0913813
0.0913712
0.0913612
0.0913512
0.0913411
0.0913311
0.0913211
0.0913112
0.0913012
0.0912913
0.0912813
0.0912714
0.0912615
0.0912516
0.0912417
0.0912318
0.091222
0.0912121
0.0912023
0.0911925
0.0911827
0.0911729
0.0911631
0.0911533
0.0911435
0.0911338
0.0911241
0.0911143
0.0911046
0.0910949
0.0910853
0.0910756
0.0910659
0.0910563
0.0910467
0.091037
0.0910274
0.0910178
0.0910082
0.0909987
0.0909891
0.0909796
0.09097
0.0909605
0.090951
0.0909415
0.090932
0.0909225
0.0909131
0.0909036
0.0908942
0.0908847
0.0908753
0.0908659
0.0908565
0.0908471
0.0908378
0.0908284
0.0908191
0.0908097
0.0908004
0.0907911
0.0907818
0.0907725
0.0907632
0.090754
0.0907447
0.0907355
0.0907262
0.090717
0.0907078
0.0906986
0.0906894
0.0906802
0.0906711
0.0906619
0.0906528
0.0906436
0.0906345
0.0906254
0.0906163
0.0906072
0.0905981
0.0905891
0.09058
0.090571
0.0905619
0.0905529
0.0905439
0.0905349
0.0905259
0.0905169
0.090508
0.090499
0.0904901
0.0904811
0.0904722
0.0904633
0.0904544
0.0904455
0.0904366
0.0904277
0.0904188
0.09041
0.0904011
0.0903923
0.0903835
0.0903747
0.0903659
0.0903571
0.0903483
0.0903395
0.0903308
0.090322
0.0903133
0.0903045
0.0902958
0.0902871
0.0902784
0.0902697
0.090261
0.0902524
0.0902437
0.0902351
0.0902264
0.0902178
0.0902092
0.0902005
0.0901919
0.0901834
0.0901748
0.0901662
0.0901576
0.0901491
0.0901405
0.090132
0.0901235
0.090115
0.0901065
0.090098
0.0900895
0.090081
0.0900725
0.0900641
0.0900556
0.0900472
0.0900387
0.0900303
0.0900219
0.0900135
0.0900051
0.0899967
0.0899884
0.08998
0.0899716
0.0899633
0.089955
0.0899466
0.0899383
0.08993
0.0899217
0.0899134
0.0899051
0.0898968
0.0898886
0.0898803
0.0898721
0.0898638
0.0898556
0.0898474
0.0898392
0.089831
0.0898228
0.0898146
0.0898064
0.0897982
0.0897901
0.0897819
0.0897738
0.0897657
0.0897575
0.0897494
0.0897413
0.0897332
0.0897251
0.089717
0.089709
0.0897009
0.0896928
0.0896848
0.0896767
0.0896687
0.0896607
0.0896527
0.0896447
0.0896367
0.0896287
0.0896207
0.0896127
0.0896048
0.0895968
0.0895889
0.0895809
0.089573
0.0895651
0.0895572
0.0895493
0.0895414
0.0895335
0.0895256
0.0895177
0.0895098
0.089502
0.0894941
0.0894863
0.0894785
0.0894706
0.0894628
0.089455
0.0894472
0.0894394
0.0894316
0.0894238
0.0894161
0.0894083
0.0894005
0.0893928
0.0893851
0.0893773
0.0893696
0.0893619
0.0893542
0.0893465
0.0893388
0.0893311
0.0893234
0.0893157
0.0893081
0.0893004
0.0892928
0.0892851
0.0892775
0.0892699
0.0892623
0.0892546
0.089247
0.0892394
0.0892319
0.0892243
0.0892167
0.0892091
0.0892016
0.089194
0.0891865
0.0891789
0.0891714
0.0891639
0.0891564
0.0891489
0.0891414
0.0891339
0.0891264
0.0891189
0.0891114
0.089104
0.0890965
0.0890891
0.0890816
0.0890742
0.0890667
0.0890593
0.0890519
0.0890445
0.0890371
0.0890297
0.0890223
0.0890149
0.0890076
0.0890002
0.0889928
0.0889855
0.0889781
0.0889708
0.0889635
0.0889561
0.0889488
0.0889415
0.0889342
0.0889269
0.0889196
0.0889123
0.088905
0.0888978
0.0888905
0.0888833
0.088876
0.0888688
0.0888615
0.0888543
0.0888471
0.0888398
0.0888326
0.0888254
0.0888182
0.088811
0.0888038
0.0887967
0.0887895
0.0887823
0.0887752
0.088768
0.0887609
0.0887537
0.0887466
0.0887395
0.0887323
0.0887252
0.0887181
0.088711
0.0887039
0.0886968
0.0886898
0.0886827
0.0886756
0.0886685
0.0886615
0.0886544
0.0886474
0.0886403
0.0886333
0.0886263
0.0886193
0.0886122
0.0886052
0.0885982
0.0885912
0.0885842
0.0885773
0.0885703
0.0885633
0.0885563
0.0885494
0.0885424
0.0885355
0.0885285
0.0885216
0.0885147
0.0885078
0.0885008
0.0884939
0.088487
0.0884801
0.0884732
0.0884663
0.0884594
0.0884526
0.0884457
0.0884388
0.088432
0.0884251
0.0884183
0.0884114
0.0884046
0.0883978
0.0883909
0.0883841
0.0883773
0.0883705
0.0883637
0.0883569
0.0883501
0.0883433
0.0883365
0.0883298
0.088323
0.0883162
0.0883095
0.0883027
0.088296
0.0882892
0.0882825
0.0882758
0.088269
0.0882623
0.0882556
0.0882489
0.0882422
0.0882355
0.0882288
0.0882221
0.0882155
0.0882088
0.0882021
0.0881954
0.0881888
0.0881821
0.0881755
0.0881688
0.0881622
0.0881556
0.0881489
0.0881423
0.0881357
0.0881291
0.0881225
0.0881159
0.0881093
0.0881027
0.0880961
0.0880895
0.088083
0.0880764
0.0880698
0.0880633
0.0880567
0.0880502
0.0880436
0.0880371
0.0880306
0.088024
0.0880175
0.088011
0.0880045
0.087998
0.0879915
0.087985
0.0879785
0.087972
0.0879655
0.087959
0.0879526
0.0879461
0.0879396
0.0879332
0.0879267
0.0879203
0.0879138
0.0879074
0.087901
0.0878945
0.0878881
0.0878817
0.0878753
0.0878689
0.0878625
0.0878561
0.0878497
0.0878433
0.0878369
0.0878305
0.0878241
0.0878178
0.0878114
0.0878051
0.0877987
0.0877923
0.087786
0.0877797
0.0877733
0.087767
0.0877607
0.0877543
0.087748
0.0877417
0.0877354
0.0877291
0.0877228
0.0877165
0.0877102
0.0877039
0.0876976
0.0876914
0.0876851
0.0876788
0.0876726
0.0876663
0.0876601
0.0876538
0.0876476
0.0876413
0.0876351
0.0876289
0.0876226
0.0876164
0.0876102
0.087604
0.0875978
0.0875916
0.0875854
0.0875792
0.087573
0.0875668
0.0875606
0.0875544
0.0875482
0.0875421
0.0875359
0.0875298
0.0875236
0.0875174
0.0875113
0.0875052
0.087499
0.0874929
0.0874867
0.0874806
0.0874745
0.0874684
0.0874623
0.0874562
0.0874501
0.087444
0.0874379
0.0874318
0.0874257
0.0874196
0.0874135
0.0874074
0.0874014
0.0873953
0.0873892
0.0873832
0.0873771
0.0873711
0.087365
0.087359
0.0873529
0.0873469
0.0873409
0.0873349
0.0873288
0.0873228
0.0873168
0.0873108
0.0873048
0.0872988
0.0872928
0.0872868
0.0872808
0.0872748
0.0872688
0.0872629
0.0872569
0.0872509
0.0872449
0.087239
0.087233
0.0872271
0.0872211
0.0872152
0.0872092
0.0872033
0.0871974
0.0871914
0.0871855
0.0871796
0.0871737
0.0871677
0.0871618
0.0871559
0.08715
0.0871441
0.0871382
0.0871323
0.0871264
0.0871206
0.0871147
0.0871088
0.0871029
0.0870971
0.0870912
0.0870853
0.0870795
0.0870736
0.0870678
0.0870619
0.0870561
0.0870502
0.0870444
0.0870386
0.0870327
0.0870269
0.0870211
0.0870153
0.0870095
0.0870036
0.0869978
0.086992
0.0869862
0.0869804
0.0869746
0.0869689
0.0869631
0.0869573
0.0869515
0.0869457
0.08694
0.0869342
0.0869284
0.0869227
0.0869169
0.0869112
0.0869054
0.0868997
0.0868939
0.0868882
0.0868824
0.0868767
0.086871
0.0868653
0.0868595
0.0868538
0.0868481
0.0868424
0.0868367
0.086831
0.0868253
0.0868196
0.0868139
0.0868082
0.0868025
0.0867968
0.0867911
0.0867855
0.0867798
0.0867741
0.0867685
0.0867628
0.0867571
0.0867515
0.0867458
0.0867402
0.0867345
0.0867289
0.0867232
0.0867176
0.086712
0.0867063
0.0867007
0.0866951
0.0866895
0.0866839
0.0866782
0.0866726
0.086667
0.0866614
0.0866558
0.0866502
0.0866446
0.086639
0.0866334
0.0866279
0.0866223
0.0866167
0.0866111
0.0866055
0.0866
0.0865944
0.0865889
0.0865833
0.0865777
0.0865722
0.0865666
0.0865611
0.0865555
0.08655
0.0865445
0.0865389
0.0865334
0.0865279
0.0865223
0.0865168
0.0865113
0.0865058
0.0865003
0.0864948
0.0864893
0.0864838
0.0864783
0.0864728
0.0864673
0.0864618
0.0864563
0.0864508
0.0864453
0.0864398
0.0864344
0.0864289
0.0864234
0.0864179
0.0864125
0.086407
0.0864016
0.0863961
0.0863907
0.0863852
0.0863798
0.0863743
0.0863689
0.0863634
0.086358
0.0863526
0.0863471
0.0863417
0.0863363
0.0863309
0.0863255
0.08632
0.0863146
0.0863092
0.0863038
0.0862984
0.086293
0.0862876
0.0862822
0.0862768
0.0862714
0.0862661
0.0862607
0.0862553
0.0862499
0.0862445
0.0862392
0.0862338
0.0862284
0.0862231
0.0862177
0.0862124
0.086207
0.0862017
0.0861963
0.086191
0.0861856
0.0861803
0.0861749
0.0861696
0.0861643
0.0861589
0.0861536
0.0861483
0.086143
0.0861376
0.0861323
0.086127
0.0861217
0.0861164
0.0861111
0.0861058
0.0861005
0.0860952
0.0860899
0.0860846
0.0860793
0.086074
0.0860687
0.0860635
0.0860582
0.0860529
0.0860476
0.0860424
0.0860371
0.0860318
0.0860266
0.0860213
0.0860161
0.0860108
0.0860056
0.0860003
0.0859951
0.0859898
0.0859846
0.0859793
0.0859741
0.0859689
0.0859636
0.0859584
0.0859532
0.0859479
0.0859427
0.0859375
0.0859323
0.0859271
0.0859219
0.0859167
0.0859115
0.0859063
0.0859011
0.0858959
0.0858907
0.0858855
0.0858803
0.0858751
0.0858699
0.0858647
0.0858595
0.0858544
0.0858492
0.085844
0.0858388
0.0858337
0.0858285
0.0858233
0.0858182
0.085813
0.0858079
0.0858027
0.0857976
0.0857924
0.0857873
0.0857821
0.085777
0.0857718
0.0857667
0.0857616
0.0857564
0.0857513
0.0857462
0.0857411
0.0857359
0.0857308
0.0857257
0.0857206
0.0857155
0.0857104
0.0857053
0.0857002
0.085695
0.0856899
0.0856848
0.0856798
0.0856747
0.0856696
0.0856645
0.0856594
0.0856543
0.0856492
0.0856441
0.0856391
0.085634
0.0856289
0.0856239
0.0856188
0.0856137
0.0856087
0.0856036
0.0855985
0.0855935
0.0855884
0.0855834
0.0855783
0.0855733
0.0855682
0.0855632
0.0855581
0.0855531
0.0855481
0.085543
0.085538
0.085533
0.085528
0.0855229
0.0855179
0.0855129
0.0855079
0.0855029
0.0854978
0.0854928
0.0854878
0.0854828
0.0854778
0.0854728
0.0854678
0.0854628
0.0854578
0.0854528
0.0854478
0.0854428
0.0854379
0.0854329
0.0854279
0.0854229
0.0854179
0.085413
0.085408
0.085403
0.085398
0.0853931
0.0853881
0.0853831
0.0853782
0.0853732
0.0853683
0.0853633
0.0853584
0.0853534
0.0853485
0.0853435
0.0853386
0.0853336
0.0853287
0.0853238
0.0853188
0.0853139
0.085309
0.085304
0.0852991
0.0852942
0.0852892
0.0852843
0.0852794
0.0852745
0.0852696
0.0852647
0.0852598
0.0852548
0.0852499
0.085245
0.0852401
0.0852352
0.0852303
0.0852254
0.0852206
0.0852157
0.0852108
0.0852059
0.085201
0.0851961
0.0851912
0.0851864
0.0851815
0.0851766
0.0851717
0.0851669
0.085162
0.0851571
0.0851523
0.0851474
0.0851425
0.0851377
0.0851328
0.085128
0.0851231
0.0851183
0.0851134
0.0851086
0.0851037
0.0850989
0.085094
0.0850892
0.0850844
0.0850795
0.0850747
0.0850699
0.085065
0.0850602
0.0850554
0.0850506
0.0850457
0.0850409
0.0850361
0.0850313
0.0850265
0.0850217
0.0850168
0.085012
0.0850072
0.0850024
0.0849976
0.0849928
0.084988
0.0849832
0.0849784
0.0849736
0.0849689
0.0849641
0.0849593
0.0849545
0.0849497
0.0849449
0.0849402
0.0849354
0.0849306
0.0849258
0.0849211
0.0849163
0.0849115
0.0849068
0.084902
0.0848972
0.0848925
0.0848877
0.084883
0.0848782
0.0848735
0.0848687
0.084864
0.0848592
0.0848545
0.0848497
0.084845
0.0848402
0.0848355
0.0848308
0.084826
0.0848213
0.0848166
0.0848118
0.0848071
0.0848024
0.0847977
0.084793
0.0847882
0.0847835
0.0847788
0.0847741
0.0847694
0.0847647
0.08476
0.0847553
0.0847506
0.0847459
0.0847412
0.0847365
0.0847318
0.0847271
0.0847224
0.0847177
0.084713
0.0847083
0.0847036
0.0846989
0.0846942
0.0846896
0.0846849
0.0846802
0.0846755
0.0846709
0.0846662
0.0846615
0.0846569
0.0846522
0.0846475
0.0846429
0.0846382
0.0846335
0.0846289
0.0846242
0.0846196
0.0846149
0.0846103
0.0846056
0.084601
0.0845963
0.0845917
0.0845871
0.0845824
0.0845778
0.0845731
0.0845685
0.0845639
0.0845592
0.0845546
0.08455
0.0845454
0.0845407
0.0845361
0.0845315
0.0845269
0.0845223
0.0845176
0.084513
0.0845084
0.0845038
0.0844992
0.0844946
0.08449
0.0844854
0.0844808
0.0844762
0.0844716
0.084467
0.0844624
0.0844578
0.0844532
0.0844486
0.084444
0.0844395
0.0844349
0.0844303
0.0844257
0.0844211
0.0844166
0.084412
0.0844074
0.0844028
0.0843983
0.0843937
0.0843891
0.0843846
0.08438
0.0843754
0.0843709
0.0843663
0.0843618
0.0843572
0.0843526
0.0843481
0.0843435
0.084339
0.0843344
0.0843299
0.0843254
0.0843208
0.0843163
0.0843117
0.0843072
0.0843027
0.0842981
0.0842936
0.0842891
0.0842845
0.08428
0.0842755
0.084271
0.0842664
0.0842619
0.0842574
0.0842529
0.0842484
0.0842439
0.0842393
0.0842348
0.0842303
0.0842258
0.0842213
0.0842168
0.0842123
0.0842078
0.0842033
0.0841988
0.0841943
0.0841898
0.0841853
0.0841808
0.0841763
0.0841719
0.0841674
0.0841629
0.0841584
0.0841539
0.0841494
0.084145
0.0841405
0.084136
0.0841315
0.0841271
0.0841226
0.0841181
0.0841137
0.0841092
0.0841047
0.0841003
0.0840958
0.0840914
0.0840869
0.0840824
0.084078
0.0840735
0.0840691
0.0840646
0.0840602
0.0840558
0.0840513
0.0840469
0.0840424
0.084038
0.0840335
0.0840291
0.0840247
0.0840202
0.0840158
0.0840114
0.084007
0.0840025
0.0839981
0.0839937
0.0839893
0.0839848
0.0839804
0.083976
0.0839716
0.0839672
0.0839628
0.0839583
0.0839539
0.0839495
0.0839451
0.0839407
0.0839363
0.0839319
0.0839275
0.0839231
0.0839187
0.0839143
0.0839099
0.0839055
0.0839011
0.0838968
0.0838924
0.083888
0.0838836
0.0838792
0.0838748
0.0838705
0.0838661
0.0838617
0.0838573
0.083853
0.0838486
0.0838442
0.0838398
0.0838355
0.0838311
0.0838267
0.0838224
0.083818
0.0838137
0.0838093
0.0838049
0.0838006
0.0837962
0.0837919
0.0837875
0.0837832
0.0837788
0.0837745
0.0837701
0.0837658
0.0837615
0.0837571
0.0837528
0.0837484
0.0837441
0.0837398
0.0837354
0.0837311
0.0837268
0.0837225
0.0837181
0.0837138
0.0837095
0.0837052
0.0837008
0.0836965
0.0836922
0.0836879
0.0836836
0.0836793
0.083675
0.0836706
0.0836663
0.083662
0.0836577
0.0836534
0.0836491
0.0836448
0.0836405
0.0836362
0.0836319
0.0836276
0.0836233
0.0836191
0.0836148
0.0836105
0.0836062
0.0836019
0.0835976
0.0835933
0.0835891
0.0835848
0.0835805
0.0835762
0.083572
0.0835677
0.0835634
0.0835591
0.0835549
0.0835506
0.0835463
0.0835421
0.0835378
0.0835335
0.0835293
0.083525
0.0835208
0.0835165
0.0835123
0.083508
0.0835038
0.0834995
0.0834953
0.083491
0.0834868
0.0834825
0.0834783
0.083474
0.0834698
0.0834656
0.0834613
0.0834571
0.0834529
0.0834486
0.0834444
0.0834402
0.0834359
0.0834317
0.0834275
0.0834233
0.083419
0.0834148
0.0834106
0.0834064
0.0834022
0.083398
0.0833938
0.0833895
0.0833853
0.0833811
0.0833769
0.0833727
0.0833685
0.0833643
0.0833601
0.0833559
0.0833517
0.0833475
0.0833433
0.0833391
0.0833349
0.0833307
0.0833265
0.0833224
0.0833182
0.083314
0.0833098
0.0833056
0.0833014
0.0832973
0.0832931
0.0832889
0.0832847
0.0832806
0.0832764
0.0832722
0.0832681
0.0832639
0.0832597
0.0832556
0.0832514
0.0832472
0.0832431
0.0832389
0.0832348
0.0832306
0.0832264
0.0832223
0.0832181
0.083214
0.0832098
0.0832057
0.0832016
0.0831974
0.0831933
0.0831891
0.083185
0.0831808
0.0831767
0.0831726
0.0831684
0.0831643
0.0831602
0.083156
0.0831519
0.0831478
0.0831437
0.0831395
0.0831354
0.0831313
0.0831272
0.0831231
0.0831189
0.0831148
0.0831107
0.0831066
0.0831025
0.0830984
0.0830943
0.0830902
0.0830861
0.083082
0.0830778
0.0830737
0.0830696
0.0830655
0.0830615
0.0830574
0.0830533
0.0830492
0.0830451
0.083041
0.0830369
0.0830328
0.0830287
0.0830246
0.0830206
0.0830165
0.0830124
0.0830083
0.0830042
0.0830002
0.0829961
0.082992
0.082988
0.0829839
0.0829798
0.0829757
0.0829717
0.0829676
0.0829636
0.0829595
0.0829554
0.0829514
0.0829473
0.0829433
0.0829392
0.0829352
0.0829311
0.0829271
0.082923
0.082919
0.0829149
0.0829109
0.0829068
0.0829028
0.0828987
0.0828947
0.0828907
0.0828866
0.0828826
0.0828786
0.0828745
0.0828705
0.0828665
0.0828624
0.0828584
0.0828544
0.0828504
0.0828464
0.0828423
0.0828383
0.0828343
0.0828303
0.0828263
0.0828222
0.0828182
0.0828142
0.0828102
0.0828062
0.0828022
0.0827982
0.0827942
0.0827902
0.0827862
0.0827822
0.0827782
0.0827742
0.0827702
0.0827662
0.0827622
0.0827582
0.0827542
0.0827502
0.0827463
0.0827423
0.0827383
0.0827343
0.0827303
0.0827264
0.0827224
0.0827184
0.0827144
0.0827104
0.0827065
0.0827025
0.0826985
0.0826946
0.0826906
0.0826866
0.0826827
0.0826787
0.0826747
0.0826708
0.0826668
0.0826629
0.0826589
0.082655
0.082651
0.082647
0.0826431
0.0826392
0.0826352
0.0826313
0.0826273
0.0826234
0.0826194
0.0826155
0.0826115
0.0826076
0.0826037
0.0825997
0.0825958
0.0825919
0.0825879
0.082584
0.0825801
0.0825762
0.0825722
0.0825683
0.0825644
0.0825605
0.0825565
0.0825526
0.0825487
0.0825448
0.0825409
0.082537
0.0825331
0.0825291
0.0825252
0.0825213
0.0825174
0.0825135
0.0825096
0.0825057
0.0825018
0.0824979
0.082494
0.0824901
0.0824862
0.0824823
0.0824784
0.0824745
0.0824707
0.0824668
0.0824629
0.082459
0.0824551
0.0824512
0.0824473
0.0824435
0.0824396
0.0824357
0.0824318
0.082428
0.0824241
0.0824202
0.0824164
0.0824125
0.0824086
0.0824047
0.0824009
0.082397
0.0823932
0.0823893
0.0823854
0.0823816
0.0823777
0.0823739
0.08237
0.0823662
0.0823623
0.0823585
0.0823546
0.0823508
0.0823469
0.0823431
0.0823392
0.0823354
0.0823316
0.0823277
0.0823239
0.08232
0.0823162
0.0823124
0.0823085
0.0823047
0.0823009
0.0822971
0.0822932
0.0822894
0.0822856
0.0822818
0.0822779
0.0822741
0.0822703
0.0822665
0.0822627
0.0822589
0.0822551
0.0822512
0.0822474
0.0822436
0.0822398
0.082236
0.0822322
0.0822284
0.0822246
0.0822208
0.082217
0.0822132
0.0822094
0.0822056
0.0822018
0.082198
0.0821942
0.0821905
0.0821867
0.0821829
0.0821791
0.0821753
0.0821715
0.0821677
0.082164
0.0821602
0.0821564
0.0821526
0.0821489
0.0821451
0.0821413
0.0821375
0.0821338
0.08213
0.0821262
0.0821225
0.0821187
0.082115
0.0821112
0.0821074
0.0821037
0.0820999
0.0820962
0.0820924
0.0820887
0.0820849
0.0820812
0.0820774
0.0820737
0.0820699
0.0820662
0.0820624
0.0820587
0.082055
0.0820512
0.0820475
0.0820437
0.08204
0.0820363
0.0820325
0.0820288
0.0820251
0.0820214
0.0820176
0.0820139
0.0820102
0.0820065
0.0820027
0.081999
0.0819953
0.0819916
0.0819879
0.0819842
0.0819804
0.0819767
0.081973
0.0819693
0.0819656
0.0819619
0.0819582
0.0819545
0.0819508
0.0819471
0.0819434
0.0819397
0.081936
0.0819323
0.0819286
0.0819249
0.0819212
0.0819175
0.0819138
0.0819102
0.0819065
0.0819028
0.0818991
0.0818954
0.0818917
0.0818881
0.0818844
0.0818807
0.081877
0.0818734
0.0818697
0.081866
0.0818624
0.0818587
0.081855
0.0818514
0.0818477
0.081844
0.0818404
0.0818367
0.0818331
0.0818294
0.0818257
0.0818221
0.0818184
0.0818148
0.0818111
0.0818075
0.0818038
0.0818002
0.0817965
0.0817929
0.0817893
0.0817856
0.081782
0.0817783
0.0817747
0.0817711
0.0817674
0.0817638
0.0817602
0.0817565
0.0817529
0.0817493
0.0817457
0.081742
0.0817384
0.0817348
0.0817312
0.0817276
0.0817239
0.0817203
0.0817167
0.0817131
0.0817095
0.0817059
0.0817023
0.0816986
0.081695
0.0816914
0.0816878
0.0816842
0.0816806
0.081677
0.0816734
0.0816698
0.0816662
0.0816626
0.081659
0.0816555
0.0816519
0.0816483
0.0816447
0.0816411
0.0816375
0.0816339
0.0816303
0.0816268
0.0816232
0.0816196
0.081616
0.0816125
0.0816089
0.0816053
0.0816017
0.0815982
0.0815946
0.081591
0.0815875
0.0815839
0.0815803
0.0815768
0.0815732
0.0815696
0.0815661
0.0815625
0.081559
0.0815554
0.0815519
0.0815483
0.0815448
0.0815412
0.0815377
0.0815341
0.0815306
0.081527
0.0815235
0.08152
0.0815164
0.0815129
0.0815093
0.0815058
0.0815023
0.0814987
0.0814952
0.0814917
0.0814882
0.0814846
0.0814811
0.0814776
0.081474
0.0814705
0.081467
0.0814635
0.08146
0.0814565
0.0814529
0.0814494
0.0814459
0.0814424
0.0814389
0.0814354
0.0814319
0.0814284
0.0814249
0.0814214
0.0814179
0.0814144
0.0814109
0.0814074
0.0814039
0.0814004
0.0813969
0.0813934
0.0813899
0.0813864
0.0813829
0.0813794
0.0813759
0.0813725
0.081369
0.0813655
0.081362
0.0813585
0.0813551
0.0813516
0.0813481
0.0813446
0.0813412
0.0813377
0.0813342
0.0813308
0.0813273
0.0813238
0.0813204
0.0813169
0.0813134
0.08131
0.0813065
0.0813031
0.0812996
0.0812961
0.0812927
0.0812892
0.0812858
0.0812823
0.0812789
0.0812754
0.081272
0.0812686
0.0812651
0.0812617
0.0812582
0.0812548
0.0812514
0.0812479
0.0812445
0.0812411
0.0812376
0.0812342
0.0812308
0.0812273
0.0812239
0.0812205
0.0812171
0.0812136
0.0812102
0.0812068
0.0812034
0.0812
0.0811965
0.0811931
0.0811897
0.0811863
0.0811829
0.0811795
0.0811761
0.0811727
0.0811693
0.0811659
0.0811625
0.0811591
0.0811557
0.0811523
0.0811489
0.0811455
0.0811421
0.0811387
0.0811353
0.0811319
0.0811285
0.0811251
0.0811217
0.0811183
0.081115
0.0811116
0.0811082
0.0811048
0.0811014
0.0810981
0.0810947
0.0810913
0.0810879
0.0810846
0.0810812
0.0810778
0.0810745
0.0810711
0.0810677
0.0810644
0.081061
0.0810576
0.0810543
0.0810509
0.0810476
0.0810442
0.0810409
0.0810375
0.0810341
0.0810308
0.0810274
0.0810241
0.0810208
0.0810174
0.0810141
0.0810107
0.0810074
0.081004
0.0810007
0.0809974
0.080994
0.0809907
0.0809874
0.080984
0.0809807
0.0809774
0.080974
0.0809707
0.0809674
0.0809641
0.0809607
0.0809574
0.0809541
0.0809508
0.0809475
0.0809442
0.0809408
0.0809375
0.0809342
0.0809309
0.0809276
0.0809243
0.080921
0.0809177
0.0809144
0.0809111
0.0809078
0.0809045
0.0809012
0.0808979
0.0808946
0.0808913
0.080888
0.0808847
0.0808814
0.0808781
0.0808748
0.0808715
0.0808683
0.080865
0.0808617
0.0808584
0.0808551
0.0808518
0.0808486
0.0808453
0.080842
0.0808387
0.0808355
0.0808322
0.0808289
0.0808257
0.0808224
0.0808191
0.0808159
0.0808126
0.0808093
0.0808061
0.0808028
0.0807996
0.0807963
0.0807931
0.0807898
0.0807866
0.0807833
0.0807801
0.0807768
0.0807736
0.0807703
0.0807671
0.0807638
0.0807606
0.0807573
0.0807541
0.0807509
0.0807476
0.0807444
0.0807412
0.0807379
0.0807347
0.0807315
0.0807282
0.080725
0.0807218
0.0807186
0.0807153
0.0807121
0.0807089
0.0807057
0.0807025
0.0806992
0.080696
0.0806928
0.0806896
0.0806864
0.0806832
0.08068
0.0806768
0.0806736
0.0806704
0.0806672
0.0806639
0.0806607
0.0806575
0.0806544
0.0806512
0.080648
0.0806448
0.0806416
0.0806384
0.0806352
0.080632
0.0806288
0.0806256
0.0806224
0.0806193
0.0806161
0.0806129
0.0806097
0.0806065
0.0806034
0.0806002
0.080597
0.0805938
0.0805907
0.0805875
0.0805843
0.0805812
0.080578
0.0805748
0.0805717
0.0805685
0.0805653
0.0805622
0.080559
0.0805559
0.0805527
0.0805496
0.0805464
0.0805433
0.0805401
0.080537
0.0805338
0.0805307
0.0805275
0.0805244
0.0805212
0.0805181
0.0805149
0.0805118
0.0805087
0.0805055
0.0805024
0.0804993
0.0804961
0.080493
0.0804899
0.0804867
0.0804836
0.0804805
0.0804774
0.0804742
0.0804711
0.080468
0.0804649
0.0804618
0.0804586
0.0804555
0.0804524
0.0804493
0.0804462
0.0804431
0.08044
0.0804369
0.0804338
0.0804307
0.0804276
0.0804245
0.0804213
0.0804182
0.0804152
0.0804121
0.080409
0.0804059
0.0804028
0.0803997
0.0803966
0.0803935
0.0803904
0.0803873
0.0803842
0.0803812
0.0803781
0.080375
0.0803719
0.0803688
0.0803658
0.0803627
0.0803596
0.0803565
0.0803535
0.0803504
0.0803473
0.0803443
0.0803412
0.0803381
0.0803351
0.080332
0.0803289
0.0803259
0.0803228
0.0803198
0.0803167
0.0803136
0.0803106
0.0803075
0.0803045
0.0803014
0.0802984
0.0802953
0.0802923
0.0802892
0.0802862
0.0802832
0.0802801
0.0802771
0.080274
0.080271
0.080268
0.0802649
0.0802619
0.0802589
0.0802558
0.0802528
0.0802498
0.0802468
0.0802437
0.0802407
0.0802377
0.0802347
0.0802316
0.0802286
0.0802256
0.0802226
0.0802196
0.0802166
0.0802135
0.0802105
0.0802075
0.0802045
0.0802015
0.0801985
0.0801955
0.0801925
0.0801895
0.0801865
0.0801835
0.0801805
0.0801775
0.0801745
0.0801715
0.0801685
0.0801655
0.0801625
0.0801595
0.0801566
0.0801536
0.0801506
0.0801476
0.0801446
0.0801416
0.0801387
0.0801357
0.0801327
0.0801297
0.0801267
0.0801238
0.0801208
0.0801178
0.0801149
0.0801119
0.0801089
0.080106
0.080103
0.0801
0.0800971
0.0800941
0.0800911
0.0800882
0.0800852
0.0800823
0.0800793
0.0800764
0.0800734
0.0800705
0.0800675
0.0800646
0.0800616
0.0800587
0.0800557
0.0800528
0.0800498
0.0800469
0.080044
0.080041
0.0800381
0.0800352
0.0800322
0.0800293
0.0800264
0.0800234
0.0800205
0.0800176
0.0800146
0.0800117
0.0800088
0.0800059
0.0800029
0.08
0.0799971
0.0799942
0.0799913
0.0799884
0.0799854
0.0799825
0.0799796
0.0799767
0.0799738
0.0799709
0.079968
0.0799651
0.0799622
0.0799593
0.0799564
0.0799535
0.0799506
0.0799477
0.0799448
0.0799419
0.079939
0.0799361
0.0799332
0.0799303
0.0799274
0.0799246
0.0799217
0.0799188
0.0799159
0.079913
0.0799101
0.0799073
0.0799044
0.0799015
0.0798986
0.0798958
0.0798929
0.07989
0.0798871
0.0798843
0.0798814
0.0798785
0.0798757
0.0798728
0.0798699
0.0798671
0.0798642
0.0798614
0.0798585
0.0798556
0.0798528
0.0798499
0.0798471
0.0798442
0.0798414
0.0798385
0.0798357
0.0798328
0.07983
0.0798272
0.0798243
0.0798215
0.0798186
0.0798158
0.079813
0.0798101
0.0798073
0.0798044
0.0798016
0.0797988
0.079796
0.0797931
0.0797903
0.0797875
0.0797846
0.0797818
0.079779
0.0797762
0.0797734
0.0797705
0.0797677
0.0797649
0.0797621
0.0797593
0.0797565
0.0797537
0.0797508
0.079748
0.0797452
0.0797424
0.0797396
0.0797368
0.079734
0.0797312
0.0797284
0.0797256
0.0797228
0.07972
0.0797172
0.0797144
0.0797116
0.0797088
0.0797061
0.0797033
0.0797005
0.0796977
0.0796949
0.0796921
0.0796893
0.0796866
0.0796838
0.079681
0.0796782
0.0796754
0.0796727
0.0796699
0.0796671
0.0796643
0.0796616
0.0796588
0.079656
0.0796533
0.0796505
0.0796477
0.079645
0.0796422
0.0796395
0.0796367
0.0796339
0.0796312
0.0796284
0.0796257
0.0796229
0.0796202
0.0796174
0.0796147
0.0796119
0.0796092
0.0796064
0.0796037
0.0796009
0.0795982
0.0795955
0.0795927
0.07959
0.0795873
0.0795845
0.0795818
0.079579
0.0795763
0.0795736
0.0795709
0.0795681
0.0795654
0.0795627
0.07956
0.0795572
0.0795545
0.0795518
0.0795491
0.0795463
0.0795436
0.0795409
0.0795382
0.0795355
0.0795328
0.0795301
0.0795274
0.0795246
0.0795219
0.0795192
0.0795165
0.0795138
0.0795111
0.0795084
0.0795057
0.079503
0.0795003
0.0794976
0.0794949
0.0794922
0.0794895
0.0794869
0.0794842
0.0794815
0.0794788
0.0794761
0.0794734
0.0794707
0.0794681
0.0794654
0.0794627
0.07946
0.0794573
0.0794547
0.079452
0.0794493
0.0794466
0.079444
0.0794413
0.0794386
0.079436
0.0794333
0.0794306
0.079428
0.0794253
0.0794226
0.07942
0.0794173
0.0794146
0.079412
0.0794093
0.0794067
0.079404
0.0794014
0.0793987
0.0793961
0.0793934
0.0793908
0.0793881
0.0793855
0.0793828
0.0793802
0.0793776
0.0793749
0.0793723
0.0793696
0.079367
0.0793644
0.0793617
0.0793591
0.0793565
0.0793538
0.0793512
0.0793486
0.079346
0.0793433
0.0793407
0.0793381
0.0793355
0.0793328
0.0793302
0.0793276
0.079325
0.0793224
0.0793197
0.0793171
0.0793145
0.0793119
0.0793093
0.0793067
0.0793041
0.0793015
0.0792989
0.0792963
0.0792937
0.0792911
0.0792885
0.0792859
0.0792833
0.0792807
0.0792781
0.0792755
0.0792729
0.0792703
0.0792677
0.0792651
0.0792625
0.0792599
0.0792573
0.0792548
0.0792522
0.0792496
0.079247
0.0792444
0.0792418
0.0792393
0.0792367
0.0792341
0.0792315
0.079229
0.0792264
0.0792238
0.0792213
0.0792187
0.0792161
0.0792135
0.079211
0.0792084
0.0792059
0.0792033
0.0792007
0.0791982
0.0791956
0.0791931
0.0791905
0.0791879
0.0791854
0.0791828
0.0791803
0.0791777
0.0791752
0.0791726
0.0791701
0.0791676
0.079165
0.0791625
0.0791599
0.0791574
0.0791548
0.0791523
0.0791498
0.0791472
0.0791447
0.0791422
0.0791396
0.0791371
0.0791346
0.079132
0.0791295
0.079127
0.0791245
0.0791219
0.0791194
0.0791169
0.0791144
0.0791119
0.0791093
0.0791068
0.0791043
0.0791018
0.0790993
0.0790968
0.0790943
0.0790917
0.0790892
0.0790867
0.0790842
0.0790817
0.0790792
0.0790767
0.0790742
0.0790717
0.0790692
0.0790667
0.0790642
0.0790617
0.0790592
0.0790567
0.0790542
0.0790517
0.0790492
0.0790468
0.0790443
0.0790418
0.0790393
0.0790368
0.0790343
0.0790318
0.0790294
0.0790269
0.0790244
0.0790219
0.0790195
0.079017
0.0790145
0.079012
0.0790096
0.0790071
0.0790046
0.0790022
0.0789997
0.0789972
0.0789948
0.0789923
0.0789898
0.0789874
0.0789849
0.0789824
0.07898
0.0789775
0.0789751
0.0789726
0.0789702
0.0789677
0.0789653
0.0789628
0.0789604
0.0789579
0.0789555
0.078953
0.0789506
0.0789481
0.0789457
0.0789433
0.0789408
0.0789384
0.0789359
0.0789335
0.0789311
0.0789286
0.0789262
0.0789238
0.0789213
0.0789189
0.0789165
0.078914
0.0789116
0.0789092
0.0789068
0.0789043
0.0789019
0.0788995
0.0788971
0.0788947
0.0788922
0.0788898
0.0788874
0.078885
0.0788826
0.0788802
0.0788778
0.0788754
0.078873
0.0788705
0.0788681
0.0788657
0.0788633
0.0788609
0.0788585
0.0788561
0.0788537
0.0788513
0.0788489
0.0788465
0.0788441
0.0788417
0.0788394
0.078837
0.0788346
0.0788322
0.0788298
0.0788274
0.078825
0.0788226
0.0788203
0.0788179
0.0788155
0.0788131
0.0788107
0.0788084
0.078806
0.0788036
0.0788012
0.0787989
0.0787965
0.0787941
0.0787917
0.0787894
0.078787
0.0787846
0.0787823
0.0787799
0.0787775
0.0787752
0.0787728
0.0787705
0.0787681
0.0787657
0.0787634
0.078761
0.0787587
0.0787563
0.078754
0.0787516
0.0787493
0.0787469
0.0787446
0.0787422
0.0787399
0.0787375
0.0787352
0.0787328
0.0787305
0.0787282
0.0787258
0.0787235
0.0787211
0.0787188
0.0787165
0.0787141
0.0787118
0.0787095
0.0787071
0.0787048
0.0787025
0.0787002
0.0786978
0.0786955
0.0786932
0.0786909
0.0786885
0.0786862
0.0786839
0.0786816
0.0786793
0.0786769
0.0786746
0.0786723
0.07867
0.0786677
0.0786654
0.0786631
0.0786608
0.0786585
0.0786562
0.0786538
0.0786515
0.0786492
0.0786469
0.0786446
0.0786423
0.07864
0.0786377
0.0786354
0.0786331
0.0786309
0.0786286
0.0786263
0.078624
0.0786217
0.0786194
0.0786171
0.0786148
0.0786125
0.0786102
0.078608
0.0786057
0.0786034
0.0786011
0.0785988
0.0785966
0.0785943
0.078592
0.0785897
0.0785875
0.0785852
0.0785829
0.0785806
0.0785784
0.0785761
0.0785738
0.0785716
0.0785693
0.078567
0.0785648
0.0785625
0.0785602
0.078558
0.0785557
0.0785535
0.0785512
0.078549
0.0785467
0.0785444
0.0785422
0.0785399
0.0785377
0.0785354
0.0785332
0.0785309
0.0785287
0.0785265
0.0785242
0.078522
0.0785197
0.0785175
0.0785152
0.078513
0.0785108
0.0785085
0.0785063
0.0785041
0.0785018
0.0784996
0.0784974
0.0784951
0.0784929
0.0784907
0.0784884
0.0784862
0.078484
0.0784818
0.0784795
0.0784773
0.0784751
0.0784729
0.0784707
0.0784684
0.0784662
0.078464
0.0784618
0.0784596
0.0784574
0.0784552
0.0784529
0.0784507
0.0784485
0.0784463
0.0784441
0.0784419
0.0784397
0.0784375
0.0784353
0.0784331
0.0784309
0.0784287
0.0784265
0.0784243
0.0784221
0.0784199
0.0784177
0.0784155
0.0784133
0.0784111
0.078409
0.0784068
0.0784046
0.0784024
0.0784002
0.078398
0.0783958
0.0783937
0.0783915
0.0783893
0.0783871
0.0783849
0.0783828
0.0783806
0.0783784
0.0783762
0.0783741
0.0783719
0.0783697
0.0783675
0.0783654
0.0783632
0.078361
0.0783589
0.0783567
0.0783545
0.0783524
0.0783502
0.0783481
0.0783459
0.0783437
0.0783416
0.0783394
0.0783373
0.0783351
0.078333
0.0783308
0.0783286
0.0783265
0.0783243
0.0783222
0.07832
0.0783179
0.0783158
0.0783136
0.0783115
0.0783093
0.0783072
0.078305
0.0783029
0.0783008
0.0782986
0.0782965
0.0782944
0.0782922
0.0782901
0.078288
0.0782858
0.0782837
0.0782816
0.0782794
0.0782773
0.0782752
0.078273
0.0782709
0.0782688
0.0782667
0.0782646
0.0782624
0.0782603
0.0782582
0.0782561
0.078254
0.0782518
0.0782497
0.0782476
0.0782455
0.0782434
0.0782413
0.0782392
0.0782371
0.078235
0.0782329
0.0782307
0.0782286
0.0782265
0.0782244
0.0782223
0.0782202
0.0782181
0.078216
0.0782139
0.0782118
0.0782097
0.0782076
0.0782056
0.0782035
0.0782014
0.0781993
0.0781972
0.0781951
0.078193
0.0781909
0.0781888
0.0781868
0.0781847
0.0781826
0.0781805
0.0781784
0.0781763
0.0781743
0.0781722
0.0781701
0.078168
0.078166
0.0781639
0.0781618
0.0781597
0.0781577
0.0781556
0.0781535
0.0781515
0.0781494
0.0781473
0.0781453
0.0781432
0.0781411
0.0781391
0.078137
0.078135
0.0781329
0.0781308
0.0781288
0.0781267
0.0781247
0.0781226
0.0781206
0.0781185
0.0781165
0.0781144
0.0781124
0.0781103
0.0781083
0.0781062
0.0781042
0.0781021
0.0781001
0.078098
0.078096
0.0780939
0.0780919
0.0780899
0.0780878
0.0780858
0.0780838
0.0780817
0.0780797
0.0780777
0.0780756
0.0780736
0.0780716
0.0780695
0.0780675
0.0780655
0.0780634
0.0780614
0.0780594
0.0780574
0.0780553
0.0780533
0.0780513
0.0780493
0.0780473
0.0780452
0.0780432
0.0780412
0.0780392
0.0780372
0.0780352
0.0780332
0.0780311
0.0780291
0.0780271
0.0780251
0.0780231
0.0780211
0.0780191
0.0780171
0.0780151
0.0780131
0.0780111
0.0780091
0.0780071
0.0780051
0.0780031
0.0780011
0.0779991
0.0779971
0.0779951
0.0779931
0.0779911
0.0779891
0.0779871
0.0779851
0.0779832
0.0779812
0.0779792
0.0779772
0.0779752
0.0779732
0.0779712
0.0779693
0.0779673
0.0779653
0.0779633
0.0779613
0.0779594
0.0779574
0.0779554
0.0779534
0.0779515
0.0779495
0.0779475
0.0779456
0.0779436
0.0779416
0.0779396
0.0779377
0.0779357
0.0779337
0.0779318
0.0779298
0.0779279
0.0779259
0.0779239
0.077922
0.07792
0.0779181
0.0779161
0.0779141
0.0779122
0.0779102
0.0779083
0.0779063
0.0779044
0.0779024
0.0779005
0.0778985
0.0778966
0.0778946
0.0778927
0.0778907
0.0778888
0.0778869
0.0778849
0.077883
0.077881
0.0778791
0.0778772
0.0778752
0.0778733
0.0778713
0.0778694
0.0778675
0.0778655
0.0778636
0.0778617
0.0778597
0.0778578
0.0778559
0.077854
0.077852
0.0778501
0.0778482
0.0778463
0.0778443
0.0778424
0.0778405
0.0778386
0.0778367
0.0778347
0.0778328
0.0778309
0.077829
0.0778271
0.0778252
0.0778232
0.0778213
0.0778194
0.0778175
0.0778156
0.0778137
0.0778118
0.0778099
0.077808
0.0778061
0.0778042
0.0778023
0.0778003
0.0777984
0.0777965
0.0777946
0.0777927
0.0777908
0.077789
0.0777871
0.0777852
0.0777833
0.0777814
0.0777795
0.0777776
0.0777757
0.0777738
0.0777719
0.07777
0.0777681
0.0777663
0.0777644
0.0777625
0.0777606
0.0777587
0.0777568
0.077755
0.0777531
0.0777512
0.0777493
0.0777474
0.0777456
0.0777437
0.0777418
0.0777399
0.0777381
0.0777362
0.0777343
0.0777325
0.0777306
0.0777287
0.0777268
0.077725
0.0777231
0.0777212
0.0777194
0.0777175
0.0777157
0.0777138
0.0777119
0.0777101
0.0777082
0.0777064
0.0777045
0.0777026
0.0777008
0.0776989
0.0776971
0.0776952
0.0776934
0.0776915
0.0776897
0.0776878
0.077686
0.0776841
0.0776823
0.0776804
0.0776786
0.0776767
0.0776749
0.0776731
0.0776712
0.0776694
0.0776675
0.0776657
0.0776639
0.077662
0.0776602
0.0776583
0.0776565
0.0776547
0.0776528
0.077651
0.0776492
0.0776473
0.0776455
0.0776437
0.0776419
0.07764
0.0776382
0.0776364
0.0776346
0.0776327
0.0776309
0.0776291
0.0776273
0.0776254
0.0776236
0.0776218
0.07762
0.0776182
0.0776164
0.0776145
0.0776127
0.0776109
0.0776091
0.0776073
0.0776055
0.0776037
0.0776019
0.0776
0.0775982
0.0775964
0.0775946
0.0775928
0.077591
0.0775892
0.0775874
0.0775856
0.0775838
0.077582
0.0775802
0.0775784
0.0775766
0.0775748
0.077573
0.0775712
0.0775694
0.0775676
0.0775658
0.0775641
0.0775623
0.0775605
0.0775587
0.0775569
0.0775551
0.0775533
0.0775515
0.0775497
0.077548
0.0775462
0.0775444
0.0775426
0.0775408
0.0775391
0.0775373
0.0775355
0.0775337
0.0775319
0.0775302
0.0775284
0.0775266
0.0775248
0.0775231
0.0775213
0.0775195
0.0775178
0.077516
0.0775142
0.0775125
0.0775107
0.0775089
0.0775072
0.0775054
0.0775036
0.0775019
0.0775001
0.0774983
0.0774966
0.0774948
0.0774931
0.0774913
0.0774896
0.0774878
0.077486
0.0774843
0.0774825
0.0774808
0.077479
0.0774773
0.0774755
0.0774738
0.077472
0.0774703
0.0774685
0.0774668
0.077465
0.0774633
0.0774616
0.0774598
0.0774581
0.0774563
0.0774546
0.0774528
0.0774511
0.0774494
0.0774476
0.0774459
0.0774442
0.0774424
0.0774407
0.077439
0.0774372
0.0774355
0.0774338
0.077432
0.0774303
0.0774286
0.0774268
0.0774251
0.0774234
0.0774217
0.0774199
0.0774182
0.0774165
0.0774148
0.077413
0.0774113
0.0774096
0.0774079
0.0774062
0.0774045
0.0774027
0.077401
0.0773993
0.0773976
0.0773959
0.0773942
0.0773925
0.0773907
0.077389
0.0773873
0.0773856
0.0773839
0.0773822
0.0773805
0.0773788
0.0773771
0.0773754
0.0773737
0.077372
0.0773703
0.0773686
0.0773669
0.0773652
0.0773635
0.0773618
0.0773601
0.0773584
0.0773567
0.077355
0.0773533
0.0773516
0.0773499
0.0773482
0.0773465
0.0773448
0.0773432
0.0773415
0.0773398
0.0773381
0.0773364
0.0773347
0.077333
0.0773314
0.0773297
0.077328
0.0773263
0.0773246
0.077323
0.0773213
0.0773196
0.0773179
0.0773162
0.0773146
0.0773129
0.0773112
0.0773095
0.0773079
0.0773062
0.0773045
0.0773029
0.0773012
0.0772995
0.0772978
0.0772962
0.0772945
0.0772928
0.0772912
0.0772895
0.0772879
0.0772862
0.0772845
0.0772829
0.0772812
0.0772796
0.0772779
0.0772762
0.0772746
0.0772729
0.0772713
0.0772696
0.077268
0.0772663
0.0772646
0.077263
0.0772613
0.0772597
0.077258
0.0772564
0.0772547
0.0772531
0.0772515
0.0772498
0.0772482
0.0772465
0.0772449
0.0772432
0.0772416
0.07724
0.0772383
0.0772367
0.077235
0.0772334
0.0772318
0.0772301
0.0772285
0.0772268
0.0772252
0.0772236
0.0772219
0.0772203
0.0772187
0.0772171
0.0772154
0.0772138
0.0772122
0.0772105
0.0772089
0.0772073
0.0772057
0.077204
0.0772024
0.0772008
0.0771992
0.0771975
0.0771959
0.0771943
0.0771927
0.0771911
0.0771894
0.0771878
0.0771862
0.0771846
0.077183
0.0771814
0.0771797
0.0771781
0.0771765
0.0771749
0.0771733
0.0771717
0.0771701
0.0771685
0.0771669
0.0771653
0.0771637
0.077162
0.0771604
0.0771588
0.0771572
0.0771556
0.077154
0.0771524
0.0771508
0.0771492
0.0771476
0.077146
0.0771444
0.0771428
0.0771412
0.0771396
0.0771381
0.0771365
0.0771349
0.0771333
0.0771317
0.0771301
0.0771285
0.0771269
0.0771253
0.0771237
0.0771221
0.0771206
0.077119
0.0771174
0.0771158
0.0771142
0.0771126
0.0771111
0.0771095
0.0771079
0.0771063
0.0771047
0.0771032
0.0771016
0.0771
0.0770984
0.0770969
0.0770953
0.0770937
0.0770921
0.0770906
0.077089
0.0770874
0.0770858
0.0770843
0.0770827
0.0770811
0.0770796
0.077078
0.0770764
0.0770749
0.0770733
0.0770717
0.0770702
0.0770686
0.077067
0.0770655
0.0770639
0.0770624
0.0770608
0.0770592
0.0770577
0.0770561
0.0770546
0.077053
0.0770515
0.0770499
0.0770484
0.0770468
0.0770453
0.0770437
0.0770422
0.0770406
0.0770391
0.0770375
0.077036
0.0770344
0.0770329
0.0770313
0.0770298
0.0770282
0.0770267
0.0770251
0.0770236
0.0770221
0.0770205
0.077019
0.0770174
0.0770159
0.0770144
0.0770128
0.0770113
0.0770097
0.0770082
0.0770067
0.0770051
0.0770036
0.0770021
0.0770005
0.076999
0.0769975
0.076996
0.0769944
0.0769929
0.0769914
0.0769898
0.0769883
0.0769868
0.0769853
0.0769837
0.0769822
0.0769807
0.0769792
0.0769777
0.0769761
0.0769746
0.0769731
0.0769716
0.0769701
0.0769685
0.076967
0.0769655
0.076964
0.0769625
0.076961
0.0769595
0.0769579
0.0769564
0.0769549
0.0769534
0.0769519
0.0769504
0.0769489
0.0769474
0.0769459
0.0769444
0.0769429
0.0769413
0.0769398
0.0769383
0.0769368
0.0769353
0.0769338
0.0769323
0.0769308
0.0769293
0.0769278
0.0769263
0.0769248
0.0769233
0.0769218
0.0769203
0.0769189
0.0769174
0.0769159
0.0769144
0.0769129
0.0769114
0.0769099
0.0769084
0.0769069
0.0769054
0.0769039
0.0769025
0.076901
0.0768995
0.076898
0.0768965
0.076895
0.0768935
0.0768921
0.0768906
0.0768891
0.0768876
0.0768861
0.0768847
0.0768832
0.0768817
0.0768802
0.0768787
0.0768773
0.0768758
0.0768743
0.0768728
0.0768714
0.0768699
0.0768684
0.076867
0.0768655
0.076864
0.0768625
0.0768611
0.0768596
0.0768581
0.0768567
0.0768552
0.0768537
0.0768523
0.0768508
0.0768493
0.0768479
0.0768464
0.076845
0.0768435
0.076842
0.0768406
0.0768391
0.0768377
0.0768362
0.0768347
0.0768333
0.0768318
0.0768304
0.0768289
0.0768275
0.076826
0.0768246
0.0768231
0.0768217
0.0768202
0.0768188
0.0768173
0.0768159
0.0768144
0.076813
0.0768115
0.0768101
0.0768086
0.0768072
0.0768057
0.0768043
0.0768029
0.0768014
0.0768
0.0767985
0.0767971
0.0767957
0.0767942
0.0767928
0.0767913
0.0767899
0.0767885
0.076787
0.0767856
0.0767842
0.0767827
0.0767813
0.0767799
0.0767784
0.076777
0.0767756
0.0767741
0.0767727
0.0767713
0.0767699
0.0767684
0.076767
0.0767656
0.0767642
0.0767627
0.0767613
0.0767599
0.0767585
0.076757
0.0767556
0.0767542
0.0767528
0.0767514
0.0767499
0.0767485
0.0767471
0.0767457
0.0767443
0.0767428
0.0767414
0.07674
0.0767386
0.0767372
0.0767358
0.0767344
0.076733
0.0767315
0.0767301
0.0767287
0.0767273
0.0767259
0.0767245
0.0767231
0.0767217
0.0767203
0.0767189
0.0767175
0.0767161
0.0767147
0.0767133
0.0767119
0.0767105
0.0767091
0.0767077
0.0767063
0.0767049
0.0767035
0.0767021
0.0767007
0.0766993
0.0766979
0.0766965
0.0766951
0.0766937
0.0766923
0.0766909
0.0766895
0.0766881
0.0766867
0.0766853
0.0766839
0.0766826
0.0766812
0.0766798
0.0766784
0.076677
0.0766756
0.0766742
0.0766729
0.0766715
0.0766701
0.0766687
0.0766673
0.0766659
0.0766646
0.0766632
0.0766618
0.0766604
0.076659
0.0766577
0.0766563
0.0766549
0.0766535
0.0766522
0.0766508
0.0766494
0.076648
0.0766467
0.0766453
0.0766439
0.0766425
0.0766412
0.0766398
0.0766384
0.0766371
0.0766357
0.0766343
0.076633
0.0766316
0.0766302
0.0766289
0.0766275
0.0766261
0.0766248
0.0766234
0.076622
0.0766207
0.0766193
0.076618
0.0766166
0.0766152
0.0766139
0.0766125
0.0766112
0.0766098
0.0766085
0.0766071
0.0766057
0.0766044
0.076603
0.0766017
0.0766003
0.076599
0.0765976
0.0765963
0.0765949
0.0765936
0.0765922
0.0765909
0.0765895
0.0765882
0.0765868
0.0765855
0.0765841
0.0765828
0.0765815
0.0765801
0.0765788
0.0765774
0.0765761
0.0765747
0.0765734
0.0765721
0.0765707
0.0765694
0.076568
0.0765667
0.0765654
0.076564
0.0765627
0.0765614
0.07656
0.0765587
0.0765574
0.076556
0.0765547
0.0765534
0.076552
0.0765507
0.0765494
0.076548
0.0765467
0.0765454
0.0765441
0.0765427
0.0765414
0.0765401
0.0765388
0.0765374
0.0765361
0.0765348
0.0765335
0.0765321
0.0765308
0.0765295
0.0765282
0.0765268
0.0765255
0.0765242
0.0765229
0.0765216
0.0765203
0.0765189
0.0765176
0.0765163
0.076515
0.0765137
0.0765124
0.076511
0.0765097
0.0765084
0.0765071
0.0765058
0.0765045
0.0765032
0.0765019
0.0765006
0.0764993
0.0764979
0.0764966
0.0764953
0.076494
0.0764927
0.0764914
0.0764901
0.0764888
0.0764875
0.0764862
0.0764849
0.0764836
0.0764823
0.076481
0.0764797
0.0764784
0.0764771
0.0764758
0.0764745
0.0764732
0.0764719
0.0764706
0.0764693
0.076468
0.0764667
0.0764654
0.0764641
0.0764629
0.0764616
0.0764603
0.076459
0.0764577
0.0764564
0.0764551
0.0764538
0.0764525
0.0764512
0.07645
0.0764487
0.0764474
0.0764461
0.0764448
0.0764435
0.0764423
0.076441
0.0764397
0.0764384
0.0764371
0.0764358
0.0764346
0.0764333
0.076432
0.0764307
0.0764294
0.0764282
0.0764269
0.0764256
0.0764243
0.0764231
0.0764218
0.0764205
0.0764192
0.076418
0.0764167
0.0764154
0.0764142
0.0764129
0.0764116
0.0764103
0.0764091
0.0764078
0.0764065
0.0764053
0.076404
0.0764027
0.0764015
0.0764002
0.0763989
0.0763977
0.0763964
0.0763952
0.0763939
0.0763926
0.0763914
0.0763901
0.0763888
0.0763876
0.0763863
0.0763851
0.0763838
0.0763826
0.0763813
0.07638
0.0763788
0.0763775
0.0763763
0.076375
0.0763738
0.0763725
0.0763713
0.07637
0.0763688
0.0763675
0.0763663
0.076365
0.0763638
0.0763625
0.0763613
0.07636
0.0763588
0.0763575
0.0763563
0.076355
0.0763538
0.0763525
0.0763513
0.0763501
0.0763488
0.0763476
0.0763463
0.0763451
0.0763438
0.0763426
0.0763414
0.0763401
0.0763389
0.0763376
0.0763364
0.0763352
0.0763339
0.0763327
0.0763315
0.0763302
0.076329
0.0763278
0.0763265
0.0763253
0.0763241
0.0763228
0.0763216
0.0763204
0.0763191
0.0763179
0.0763167
0.0763155
0.0763142
0.076313
0.0763118
0.0763105
0.0763093
0.0763081
0.0763069
0.0763056
0.0763044
0.0763032
0.076302
0.0763008
0.0762995
0.0762983
0.0762971
0.0762959
0.0762946
0.0762934
0.0762922
0.076291
0.0762898
0.0762886
0.0762873
0.0762861
0.0762849
0.0762837
0.0762825
0.0762813
0.0762801
0.0762788
0.0762776
0.0762764
0.0762752
0.076274
0.0762728
0.0762716
0.0762704
0.0762692
0.076268
0.0762667
0.0762655
0.0762643
0.0762631
0.0762619
0.0762607
0.0762595
0.0762583
0.0762571
0.0762559
0.0762547
0.0762535
0.0762523
0.0762511
0.0762499
0.0762487
0.0762475
0.0762463
0.0762451
0.0762439
0.0762427
0.0762415
0.0762403
0.0762391
0.0762379
0.0762367
0.0762355
0.0762343
0.0762331
0.0762319
0.0762308
0.0762296
0.0762284
0.0762272
0.076226
0.0762248
0.0762236
0.0762224
0.0762212
0.07622
0.0762189
0.0762177
0.0762165
0.0762153
0.0762141
0.0762129
0.0762118
0.0762106
0.0762094
0.0762082
0.076207
0.0762058
0.0762047
0.0762035
0.0762023
0.0762011
0.0761999
0.0761988
0.0761976
0.0761964
0.0761952
0.0761941
0.0761929
0.0761917
0.0761905
0.0761893
0.0761882
0.076187
0.0761858
0.0761847
0.0761835
0.0761823
0.0761811
0.07618
0.0761788
0.0761776
0.0761765
0.0761753
0.0761741
0.076173
0.0761718
0.0761706
0.0761695
0.0761683
0.0761671
0.076166
0.0761648
0.0761636
0.0761625
0.0761613
0.0761601
0.076159
0.0761578
0.0761567
0.0761555
0.0761543
0.0761532
0.076152
0.0761509
0.0761497
0.0761486
0.0761474
0.0761462
0.0761451
0.0761439
0.0761428
0.0761416
0.0761405
0.0761393
0.0761382
0.076137
0.0761359
0.0761347
0.0761336
0.0761324
0.0761313
0.0761301
0.076129
0.0761278
0.0761267
0.0761255
0.0761244
0.0761232
0.0761221
0.0761209
0.0761198
0.0761186
0.0761175
0.0761164
0.0761152
0.0761141
0.0761129
0.0761118
0.0761106
0.0761095
0.0761084
0.0761072
0.0761061
0.0761049
0.0761038
0.0761027
0.0761015
0.0761004
0.0760993
0.0760981
0.076097
0.0760958
0.0760947
0.0760936
0.0760924
0.0760913
0.0760902
0.076089
0.0760879
0.0760868
0.0760857
0.0760845
0.0760834
0.0760823
0.0760811
0.07608
0.0760789
0.0760778
0.0760766
0.0760755
0.0760744
0.0760733
0.0760721
0.076071
0.0760699
0.0760688
0.0760676
0.0760665
0.0760654
0.0760643
0.0760631
0.076062
0.0760609
0.0760598
0.0760587
0.0760575
0.0760564
0.0760553
0.0760542
0.0760531
0.076052
0.0760508
0.0760497
0.0760486
0.0760475
0.0760464
0.0760453
0.0760442
0.076043
0.0760419
0.0760408
0.0760397
0.0760386
0.0760375
0.0760364
0.0760353
0.0760342
0.0760331
0.0760319
0.0760308
0.0760297
0.0760286
0.0760275
0.0760264
0.0760253
0.0760242
0.0760231
0.076022
0.0760209
0.0760198
0.0760187
0.0760176
0.0760165
0.0760154
0.0760143
0.0760132
0.0760121
0.076011
0.0760099
0.0760088
0.0760077
0.0760066
0.0760055
0.0760044
0.0760033
0.0760022
0.0760011
0.076
0.0759989
0.0759978
0.0759967
0.0759956
0.0759945
0.0759935
0.0759924
0.0759913
0.0759902
0.0759891
0.075988
0.0759869
0.0759858
0.0759847
0.0759836
0.0759826
0.0759815
0.0759804
0.0759793
0.0759782
0.0759771
0.075976
0.075975
0.0759739
0.0759728
0.0759717
0.0759706
0.0759695
0.0759685
0.0759674
0.0759663
0.0759652
0.0759641
0.0759631
0.075962
0.0759609
0.0759598
0.0759588
0.0759577
0.0759566
0.0759555
0.0759544
0.0759534
0.0759523
0.0759512
0.0759501
0.0759491
0.075948
0.0759469
0.0759459
0.0759448
0.0759437
0.0759426
0.0759416
0.0759405
0.0759394
0.0759384
0.0759373
0.0759362
0.0759352
0.0759341
0.075933
0.075932
0.0759309
0.0759298
0.0759288
0.0759277
0.0759266
0.0759256
0.0759245
0.0759234
0.0759224
0.0759213
0.0759203
0.0759192
0.0759181
0.0759171
0.075916
0.075915
0.0759139
0.0759128
0.0759118
0.0759107
0.0759097
0.0759086
0.0759076
0.0759065
0.0759054
0.0759044
0.0759033
0.0759023
0.0759012
0.0759002
0.0758991
0.0758981
0.075897
0.075896
0.0758949
0.0758939
0.0758928
0.0758918
0.0758907
0.0758897
0.0758886
0.0758876
0.0758865
0.0758855
0.0758844
0.0758834
0.0758823
0.0758813
0.0758803
0.0758792
0.0758782
0.0758771
0.0758761
0.075875
0.075874
0.075873
0.0758719
0.0758709
0.0758698
0.0758688
0.0758677
0.0758667
0.0758657
0.0758646
0.0758636
0.0758626
0.0758615
0.0758605
0.0758594
0.0758584
0.0758574
0.0758563
0.0758553
0.0758543
0.0758532
0.0758522
0.0758512
0.0758501
0.0758491
0.0758481
0.075847
0.075846
0.075845
0.075844
0.0758429
0.0758419
0.0758409
0.0758398
0.0758388
0.0758378
0.0758368
0.0758357
0.0758347
0.0758337
0.0758327
0.0758316
0.0758306
0.0758296
0.0758286
0.0758275
0.0758265
0.0758255
0.0758245
0.0758234
0.0758224
0.0758214
0.0758204
0.0758194
0.0758183
0.0758173
0.0758163
0.0758153
0.0758143
0.0758133
0.0758122
0.0758112
0.0758102
0.0758092
0.0758082
0.0758072
0.0758061
0.0758051
0.0758041
0.0758031
0.0758021
0.0758011
0.0758001
0.0757991
0.075798
0.075797
0.075796
0.075795
0.075794
0.075793
0.075792
0.075791
0.07579
0.075789
0.075788
0.075787
0.0757859
0.0757849
0.0757839
0.0757829
0.0757819
0.0757809
0.0757799
0.0757789
0.0757779
0.0757769
0.0757759
0.0757749
0.0757739
0.0757729
0.0757719
0.0757709
0.0757699
0.0757689
0.0757679
0.0757669
0.0757659
0.0757649
0.0757639
0.0757629
0.0757619
0.0757609
0.0757599
0.0757589
0.0757579
0.0757569
0.075756
0.075755
0.075754
0.075753
0.075752
0.075751
0.07575
0.075749
0.075748
0.075747
0.075746
0.075745
0.0757441
0.0757431
0.0757421
0.0757411
0.0757401
0.0757391
0.0757381
0.0757371
0.0757362
0.0757352
0.0757342
0.0757332
0.0757322
0.0757312
0.0757303
0.0757293
0.0757283
0.0757273
0.0757263
0.0757253
0.0757244
0.0757234
0.0757224
0.0757214
0.0757204
0.0757195
0.0757185
0.0757175
0.0757165
0.0757156
0.0757146
0.0757136
0.0757126
0.0757117
0.0757107
0.0757097
0.0757087
0.0757078
0.0757068
0.0757058
0.0757048
0.0757039
0.0757029
0.0757019
0.0757009
0.0757
0.075699
0.075698
0.0756971
0.0756961
0.0756951
0.0756942
0.0756932
0.0756922
0.0756913
0.0756903
0.0756893
0.0756884
0.0756874
0.0756864
0.0756855
0.0756845
0.0756835
0.0756826
0.0756816
0.0756806
0.0756797
0.0756787
0.0756777
0.0756768
0.0756758
0.0756749
0.0756739
0.0756729
0.075672
0.075671
0.0756701
0.0756691
0.0756682
0.0756672
0.0756662
0.0756653
0.0756643
0.0756634
0.0756624
0.0756615
0.0756605
0.0756595
0.0756586
0.0756576
0.0756567
0.0756557
0.0756548
0.0756538
0.0756529
0.0756519
0.075651
0.07565
0.0756491
0.0756481
0.0756472
0.0756462
0.0756453
0.0756443
0.0756434
0.0756424
0.0756415
0.0756405
0.0756396
0.0756386
0.0756377
0.0756368
0.0756358
0.0756349
0.0756339
0.075633
0.075632
0.0756311
0.0756301
0.0756292
0.0756283
0.0756273
0.0756264
0.0756254
0.0756245
0.0756236
0.0756226
0.0756217
0.0756207
0.0756198
0.0756189
0.0756179
0.075617
0.0756161
0.0756151
0.0756142
0.0756132
0.0756123
0.0756114
0.0756104
0.0756095
0.0756086
0.0756076
0.0756067
0.0756058
0.0756048
0.0756039
0.075603
0.075602
0.0756011
0.0756002
0.0755992
0.0755983
0.0755974
0.0755965
0.0755955
0.0755946
0.0755937
0.0755927
0.0755918
0.0755909
0.07559
0.075589
0.0755881
0.0755872
0.0755863
0.0755853
0.0755844
0.0755835
0.0755826
0.0755816
0.0755807
0.0755798
0.0755789
0.075578
0.075577
0.0755761
0.0755752
0.0755743
0.0755734
0.0755724
0.0755715
0.0755706
0.0755697
0.0755688
0.0755678
0.0755669
0.075566
0.0755651
0.0755642
0.0755633
0.0755623
0.0755614
0.0755605
0.0755596
0.0755587
0.0755578
0.0755569
0.0755559
0.075555
0.0755541
0.0755532
0.0755523
0.0755514
0.0755505
0.0755496
0.0755487
0.0755477
0.0755468
0.0755459
0.075545
0.0755441
0.0755432
0.0755423
0.0755414
0.0755405
0.0755396
0.0755387
0.0755378
0.0755369
0.075536
0.0755351
0.0755341
0.0755332
0.0755323
0.0755314
0.0755305
0.0755296
0.0755287
0.0755278
0.0755269
0.075526
0.0755251
0.0755242
0.0755233
0.0755224
0.0755215
0.0755206
0.0755197
0.0755188
0.0755179
0.075517
0.0755161
0.0755152
0.0755143
0.0755135
0.0755126
0.0755117
0.0755108
0.0755099
0.075509
0.0755081
0.0755072
0.0755063
0.0755054
0.0755045
0.0755036
0.0755027
0.0755018
0.0755009
0.0755001
0.0754992
0.0754983
0.0754974
0.0754965
0.0754956
0.0754947
0.0754938
0.0754929
0.0754921
0.0754912
0.0754903
0.0754894
0.0754885
0.0754876
0.0754867
0.0754859
0.075485
0.0754841
0.0754832
0.0754823
0.0754814
0.0754806
0.0754797
0.0754788
0.0754779
0.075477
0.0754761
0.0754753
0.0754744
0.0754735
0.0754726
0.0754717
0.0754709
0.07547
0.0754691
0.0754682
0.0754674
0.0754665
0.0754656
0.0754647
0.0754638
0.075463
0.0754621
0.0754612
0.0754603
0.0754595
0.0754586
0.0754577
0.0754569
0.075456
0.0754551
0.0754542
0.0754534
0.0754525
0.0754516
0.0754507
0.0754499
0.075449
0.0754481
0.0754473
0.0754464
0.0754455
0.0754447
0.0754438
0.0754429
0.0754421
0.0754412
0.0754403
0.0754395
0.0754386
0.0754377
0.0754369
0.075436
0.0754351
0.0754343
0.0754334
0.0754325
0.0754317
0.0754308
0.0754299
0.0754291
0.0754282
0.0754274
0.0754265
0.0754256
0.0754248
0.0754239
0.0754231
0.0754222
0.0754213
0.0754205
0.0754196
0.0754188
0.0754179
0.075417
0.0754162
0.0754153
0.0754145
0.0754136
0.0754128
0.0754119
0.0754111
0.0754102
0.0754093
0.0754085
0.0754076
0.0754068
0.0754059
0.0754051
0.0754042
0.0754034
0.0754025
0.0754017
0.0754008
0.0754
0.0753991
0.0753983
0.0753974
0.0753966
0.0753957
0.0753949
0.075394
0.0753932
0.0753923
0.0753915
0.0753906
0.0753898
0.0753889
0.0753881
0.0753872
0.0753864
0.0753856
0.0753847
0.0753839
0.075383
0.0753822
0.0753813
0.0753805
0.0753796
0.0753788
0.075378
0.0753771
0.0753763
0.0753754
0.0753746
0.0753738
0.0753729
0.0753721
0.0753712
0.0753704
0.0753696
0.0753687
0.0753679
0.075367
0.0753662
0.0753654
0.0753645
0.0753637
0.0753629
0.075362
0.0753612
0.0753604
0.0753595
0.0753587
0.0753579
0.075357
0.0753562
0.0753554
0.0753545
0.0753537
0.0753529
0.075352
0.0753512
0.0753504
0.0753495
0.0753487
0.0753479
0.075347
0.0753462
0.0753454
0.0753445
0.0753437
0.0753429
0.0753421
0.0753412
0.0753404
0.0753396
0.0753388
0.0753379
0.0753371
0.0753363
0.0753355
0.0753346
0.0753338
0.075333
0.0753322
0.0753313
0.0753305
0.0753297
0.0753289
0.075328
0.0753272
0.0753264
0.0753256
0.0753247
0.0753239
0.0753231
0.0753223
0.0753215
0.0753206
0.0753198
0.075319
0.0753182
0.0753174
0.0753166
0.0753157
0.0753149
0.0753141
0.0753133
0.0753125
0.0753117
0.0753108
0.07531
0.0753092
0.0753084
0.0753076
0.0753068
0.0753059
0.0753051
0.0753043
0.0753035
0.0753027
0.0753019
0.0753011
0.0753003
0.0752995
0.0752986
0.0752978
0.075297
0.0752962
0.0752954
0.0752946
0.0752938
0.075293
0.0752922
0.0752914
0.0752905
0.0752897
0.0752889
0.0752881
0.0752873
0.0752865
0.0752857
0.0752849
0.0752841
0.0752833
0.0752825
0.0752817
0.0752809
0.0752801
0.0752793
0.0752785
0.0752777
0.0752769
0.0752761
0.0752753
0.0752745
0.0752737
0.0752729
0.0752721
0.0752713
0.0752705
0.0752697
0.0752689
0.0752681
0.0752673
0.0752665
0.0752657
0.0752649
0.0752641
0.0752633
0.0752625
0.0752617
0.0752609
0.0752601
0.0752593
0.0752585
0.0752577
0.0752569
0.0752561
0.0752553
0.0752545
0.0752537
0.0752529
0.0752521
0.0752513
0.0752506
0.0752498
0.075249
0.0752482
0.0752474
0.0752466
0.0752458
0.075245
0.0752442
0.0752434
0.0752426
0.0752419
0.0752411
0.0752403
0.0752395
0.0752387
0.0752379
0.0752371
0.0752363
0.0752356
0.0752348
0.075234
0.0752332
0.0752324
0.0752316
0.0752308
0.0752301
0.0752293
0.0752285
0.0752277
0.0752269
0.0752261
0.0752254
0.0752246
0.0752238
0.075223
0.0752222
0.0752215
0.0752207
0.0752199
0.0752191
0.0752183
0.0752176
0.0752168
0.075216
0.0752152
0.0752144
0.0752137
0.0752129
0.0752121
0.0752113
0.0752106
0.0752098
0.075209
0.0752082
0.0752075
0.0752067
0.0752059
0.0752051
0.0752044
0.0752036
0.0752028
0.075202
0.0752013
0.0752005
0.0751997
0.0751989
0.0751982
0.0751974
0.0751966
0.0751959
0.0751951
0.0751943
0.0751935
0.0751928
0.075192
0.0751912
0.0751905
0.0751897
0.0751889
0.0751882
0.0751874
0.0751866
0.0751859
0.0751851
0.0751843
0.0751836
0.0751828
0.075182
0.0751813
0.0751805
0.0751797
0.075179
0.0751782
0.0751774
0.0751767
0.0751759
0.0751751
0.0751744
0.0751736
0.0751729
0.0751721
0.0751713
0.0751706
0.0751698
0.0751691
0.0751683
0.0751675
0.0751668
0.075166
0.0751653
0.0751645
0.0751637
0.075163
0.0751622
0.0751615
0.0751607
0.07516
0.0751592
0.0751584
0.0751577
0.0751569
0.0751562
0.0751554
0.0751547
0.0751539
0.0751531
0.0751524
0.0751516
0.0751509
0.0751501
0.0751494
0.0751486
0.0751479
0.0751471
0.0751464
0.0751456
0.0751449
0.0751441
0.0751434
0.0751426
0.0751419
0.0751411
0.0751404
0.0751396
0.0751389
0.0751381
0.0751374
0.0751366
0.0751359
0.0751351
0.0751344
0.0751336
0.0751329
0.0751321
0.0751314
0.0751306
0.0751299
0.0751292
0.0751284
0.0751277
0.0751269
0.0751262
0.0751254
0.0751247
0.075124
0.0751232
0.0751225
0.0751217
0.075121
0.0751202
0.0751195
0.0751188
0.075118
0.0751173
0.0751165
0.0751158
0.0751151
0.0751143
0.0751136
0.0751128
0.0751121
0.0751114
0.0751106
0.0751099
0.0751091
0.0751084
0.0751077
0.0751069
0.0751062
0.0751055
0.0751047
0.075104
0.0751033
0.0751025
0.0751018
0.0751011
0.0751003
0.0750996
0.0750988
0.0750981
0.0750974
0.0750967
0.0750959
0.0750952
0.0750945
0.0750937
0.075093
0.0750923
0.0750915
0.0750908
0.0750901
0.0750893
0.0750886
0.0750879
0.0750872
0.0750864
0.0750857
0.075085
0.0750842
0.0750835
0.0750828
0.0750821
0.0750813
0.0750806
0.0750799
0.0750791
0.0750784
0.0750777
0.075077
0.0750762
0.0750755
0.0750748
0.0750741
0.0750734
0.0750726
0.0750719
0.0750712
0.0750705
0.0750697
0.075069
0.0750683
0.0750676
0.0750668
0.0750661
0.0750654
0.0750647
0.075064
0.0750632
0.0750625
0.0750618
0.0750611
0.0750604
0.0750597
0.0750589
0.0750582
0.0750575
0.0750568
0.0750561
0.0750553
0.0750546
0.0750539
0.0750532
0.0750525
0.0750518
0.075051
0.0750503
0.0750496
0.0750489
0.0750482
0.0750475
0.0750468
0.0750461
0.0750453
0.0750446
0.0750439
0.0750432
0.0750425
0.0750418
0.0750411
0.0750404
0.0750396
0.0750389
0.0750382
0.0750375
0.0750368
0.0750361
0.0750354
0.0750347
0.075034
0.0750333
0.0750325
0.0750318
0.0750311
0.0750304
0.0750297
0.075029
0.0750283
0.0750276
0.0750269
0.0750262
0.0750255
0.0750248
0.0750241
0.0750234
0.0750227
0.075022
0.0750213
0.0750206
0.0750198
0.0750191
0.0750184
0.0750177
0.075017
0.0750163
0.0750156
0.0750149
0.0750142
0.0750135
0.0750128
0.0750121
0.0750114
0.0750107
0.07501
0.0750093
0.0750086
0.0750079
0.0750072
0.0750065
0.0750058
0.0750051
0.0750044
0.0750037
0.075003
0.0750024
0.0750017
0.075001
0.0750003
0.0749996
0.0749989
0.0749982
0.0749975
0.0749968
0.0749961
0.0749954
0.0749947
0.074994
0.0749933
0.0749926
0.0749919
0.0749912
0.0749905
0.0749899
0.0749892
0.0749885
0.0749878
0.0749871
0.0749864
0.0749857
0.074985
0.0749843
0.0749836
0.074983
0.0749823
0.0749816
0.0749809
0.0749802
0.0749795
0.0749788
0.0749781
0.0749774
0.0749768
0.0749761
0.0749754
0.0749747
0.074974
0.0749733
0.0749726
0.074972
0.0749713
0.0749706
0.0749699
0.0749692
0.0749685
0.0749679
0.0749672
0.0749665
0.0749658
0.0749651
0.0749644
0.0749638
0.0749631
0.0749624
0.0749617
0.074961
0.0749604
0.0749597
0.074959
0.0749583
0.0749576
0.074957
0.0749563
0.0749556
0.0749549
0.0749542
0.0749536
0.0749529
0.0749522
0.0749515
0.0749508
0.0749502
0.0749495
0.0749488
0.0749481
0.0749475
0.0749468
0.0749461
0.0749454
0.0749448
0.0749441
0.0749434
0.0749427
0.0749421
0.0749414
0.0749407
0.0749401
0.0749394
0.0749387
0.074938
0.0749374
0.0749367
0.074936
0.0749353
0.0749347
0.074934
0.0749333
0.0749327
0.074932
0.0749313
0.0749307
0.07493
0.0749293
0.0749286
0.074928
0.0749273
0.0749266
0.074926
0.0749253
0.0749246
0.074924
0.0749233
0.0749226
0.074922
0.0749213
0.0749206
0.07492
0.0749193
0.0749186
0.074918
0.0749173
0.0749167
0.074916
0.0749153
0.0749147
0.074914
0.0749133
0.0749127
0.074912
0.0749114
0.0749107
0.07491
0.0749094
0.0749087
0.074908
0.0749074
0.0749067
0.0749061
0.0749054
0.0749047
0.0749041
0.0749034
0.0749028
0.0749021
0.0749015
0.0749008
0.0749001
0.0748995
0.0748988
0.0748982
0.0748975
0.0748968
0.0748962
0.0748955
0.0748949
0.0748942
0.0748936
0.0748929
0.0748923
0.0748916
0.074891
0.0748903
0.0748896
0.074889
0.0748883
0.0748877
0.074887
0.0748864
0.0748857
0.0748851
0.0748844
0.0748838
0.0748831
0.0748825
0.0748818
0.0748812
0.0748805
0.0748799
0.0748792
0.0748786
0.0748779
0.0748773
0.0748766
0.074876
0.0748753
0.0748747
0.074874
0.0748734
0.0748727
0.0748721
0.0748714
0.0748708
0.0748701
0.0748695
0.0748688
0.0748682
0.0748676
0.0748669
0.0748663
0.0748656
0.074865
0.0748643
0.0748637
0.074863
0.0748624
0.0748618
0.0748611
0.0748605
0.0748598
0.0748592
0.0748585
0.0748579
0.0748573
0.0748566
0.074856
0.0748553
0.0748547
0.0748541
0.0748534
0.0748528
0.0748521
0.0748515
0.0748509
0.0748502
0.0748496
0.0748489
0.0748483
0.0748477
0.074847
0.0748464
0.0748458
0.0748451
0.0748445
0.0748438
0.0748432
0.0748426
0.0748419
0.0748413
0.0748407
0.07484
0.0748394
0.0748388
0.0748381
0.0748375
0.0748369
0.0748362
0.0748356
0.074835
0.0748343
0.0748337
0.0748331
0.0748324
0.0748318
0.0748312
0.0748305
0.0748299
0.0748293
0.0748286
0.074828
0.0748274
0.0748267
0.0748261
0.0748255
0.0748249
0.0748242
0.0748236
0.074823
0.0748223
0.0748217
0.0748211
0.0748205
0.0748198
0.0748192
0.0748186
0.0748179
0.0748173
0.0748167
0.0748161
0.0748154
0.0748148
0.0748142
0.0748136
0.0748129
0.0748123
0.0748117
0.0748111
0.0748104
0.0748098
0.0748092
0.0748086
0.0748079
0.0748073
0.0748067
0.0748061
0.0748055
0.0748048
0.0748042
0.0748036
0.074803
0.0748023
0.0748017
0.0748011
0.0748005
0.0747999
0.0747992
0.0747986
0.074798
0.0747974
0.0747968
0.0747961
0.0747955
0.0747949
0.0747943
0.0747937
0.0747931
0.0747924
0.0747918
0.0747912
0.0747906
0.07479
0.0747894
0.0747887
0.0747881
0.0747875
0.0747869
0.0747863
0.0747857
0.0747851
0.0747844
0.0747838
0.0747832
0.0747826
0.074782
0.0747814
0.0747808
0.0747801
0.0747795
0.0747789
0.0747783
0.0747777
0.0747771
0.0747765
0.0747759
0.0747752
0.0747746
0.074774
0.0747734
0.0747728
0.0747722
0.0747716
0.074771
0.0747704
0.0747698
0.0747692
0.0747685
0.0747679
0.0747673
0.0747667
0.0747661
0.0747655
0.0747649
0.0747643
0.0747637
0.0747631
0.0747625
0.0747619
0.0747613
0.0747607
0.0747601
0.0747594
0.0747588
0.0747582
0.0747576
0.074757
0.0747564
0.0747558
0.0747552
0.0747546
0.074754
0.0747534
0.0747528
0.0747522
0.0747516
0.074751
0.0747504
0.0747498
0.0747492
0.0747486
0.074748
0.0747474
0.0747468
0.0747462
0.0747456
0.074745
0.0747444
0.0747438
0.0747432
0.0747426
0.074742
0.0747414
0.0747408
0.0747402
0.0747396
0.074739
0.0747384
0.0747378
0.0747372
0.0747366
0.074736
0.0747354
0.0747348
0.0747342
0.0747336
0.074733
0.0747325
0.0747319
0.0747313
0.0747307
0.0747301
0.0747295
0.0747289
0.0747283
0.0747277
0.0747271
0.0747265
0.0747259
0.0747253
0.0747247
0.0747241
0.0747236
0.074723
0.0747224
0.0747218
0.0747212
0.0747206
0.07472
0.0747194
0.0747188
0.0747182
0.0747177
0.0747171
0.0747165
0.0747159
0.0747153
0.0747147
0.0747141
0.0747135
0.0747129
0.0747124
0.0747118
0.0747112
0.0747106
0.07471
0.0747094
0.0747088
0.0747083
0.0747077
0.0747071
0.0747065
0.0747059
0.0747053
0.0747047
0.0747042
0.0747036
0.074703
0.0747024
0.0747018
0.0747012
0.0747007
0.0747001
0.0746995
0.0746989
0.0746983
0.0746977
0.0746972
0.0746966
0.074696
0.0746954
0.0746948
0.0746943
0.0746937
0.0746931
0.0746925
0.0746919
0.0746914
0.0746908
0.0746902
0.0746896
0.074689
0.0746885
0.0746879
0.0746873
0.0746867
0.0746862
0.0746856
0.074685
0.0746844
0.0746838
0.0746833
0.0746827
0.0746821
0.0746815
0.074681
0.0746804
0.0746798
0.0746792
0.0746787
0.0746781
0.0746775
0.0746769
0.0746764
0.0746758
0.0746752
0.0746746
0.0746741
0.0746735
0.0746729
0.0746724
0.0746718
0.0746712
0.0746706
0.0746701
0.0746695
0.0746689
0.0746684
0.0746678
0.0746672
0.0746666
0.0746661
0.0746655
0.0746649
0.0746644
0.0746638
0.0746632
0.0746627
0.0746621
0.0746615
0.0746609
0.0746604
0.0746598
0.0746592
0.0746587
0.0746581
0.0746575
0.074657
0.0746564
0.0746558
0.0746553
0.0746547
0.0746541
0.0746536
0.074653
0.0746525
0.0746519
0.0746513
0.0746508
0.0746502
0.0746496
0.0746491
0.0746485
0.0746479
0.0746474
0.0746468
0.0746462
0.0746457
0.0746451
0.0746446
0.074644
0.0746434
0.0746429
0.0746423
0.0746418
0.0746412
0.0746406
0.0746401
0.0746395
0.074639
0.0746384
0.0746378
0.0746373
0.0746367
0.0746362
0.0746356
0.074635
0.0746345
0.0746339
0.0746334
0.0746328
0.0746322
0.0746317
0.0746311
0.0746306
0.07463
0.0746295
0.0746289
0.0746283
0.0746278
0.0746272
0.0746267
0.0746261
0.0746256
0.074625
0.0746245
0.0746239
0.0746234
0.0746228
0.0746222
0.0746217
0.0746211
0.0746206
0.07462
0.0746195
0.0746189
0.0746184
0.0746178
0.0746173
0.0746167
0.0746162
0.0746156
0.0746151
0.0746145
0.074614
0.0746134
0.0746129
0.0746123
0.0746118
0.0746112
0.0746107
0.0746101
0.0746096
0.074609
0.0746085
0.0746079
0.0746074
0.0746068
0.0746063
0.0746057
0.0746052
0.0746046
0.0746041
0.0746035
0.074603
0.0746024
0.0746019
0.0746014
0.0746008
0.0746003
0.0745997
0.0745992
0.0745986
0.0745981
0.0745975
0.074597
0.0745964
0.0745959
0.0745954
0.0745948
0.0745943
0.0745937
0.0745932
0.0745926
0.0745921
0.0745916
0.074591
0.0745905
0.0745899
0.0745894
0.0745888
0.0745883
0.0745878
0.0745872
0.0745867
0.0745861
0.0745856
0.0745851
0.0745845
0.074584
0.0745834
0.0745829
0.0745824
0.0745818
0.0745813
0.0745807
0.0745802
0.0745797
0.0745791
0.0745786
0.0745781
0.0745775
0.074577
0.0745764
0.0745759
0.0745754
0.0745748
0.0745743
0.0745738
0.0745732
0.0745727
0.0745722
0.0745716
0.0745711
0.0745706
0.07457
0.0745695
0.074569
0.0745684
0.0745679
0.0745673
0.0745668
0.0745663
0.0745657
0.0745652
0.0745647
0.0745642
0.0745636
0.0745631
0.0745626
0.074562
0.0745615
0.074561
0.0745604
0.0745599
0.0745594
0.0745588
0.0745583
0.0745578
0.0745572
0.0745567
0.0745562
0.0745557
0.0745551
0.0745546
0.0745541
0.0745535
0.074553
0.0745525
0.074552
0.0745514
0.0745509
0.0745504
0.0745499
0.0745493
0.0745488
0.0745483
0.0745477
0.0745472
0.0745467
0.0745462
0.0745456
0.0745451
0.0745446
0.0745441
0.0745435
0.074543
0.0745425
0.074542
0.0745414
0.0745409
0.0745404
0.0745399
0.0745394
0.0745388
0.0745383
0.0745378
0.0745373
0.0745367
0.0745362
0.0745357
0.0745352
0.0745347
0.0745341
0.0745336
0.0745331
0.0745326
0.074532
0.0745315
0.074531
0.0745305
0.07453
0.0745294
0.0745289
0.0745284
0.0745279
0.0745274
0.0745269
0.0745263
0.0745258
0.0745253
0.0745248
0.0745243
0.0745237
0.0745232
0.0745227
0.0745222
0.0745217
0.0745212
0.0745206
0.0745201
0.0745196
0.0745191
0.0745186
0.0745181
0.0745176
0.074517
0.0745165
0.074516
0.0745155
0.074515
0.0745145
0.074514
0.0745134
0.0745129
0.0745124
0.0745119
0.0745114
0.0745109
0.0745104
0.0745098
0.0745093
0.0745088
0.0745083
0.0745078
0.0745073
0.0745068
0.0745063
0.0745058
0.0745052
0.0745047
0.0745042
0.0745037
0.0745032
0.0745027
0.0745022
0.0745017
0.0745012
0.0745007
0.0745001
0.0744996
0.0744991
0.0744986
0.0744981
0.0744976
0.0744971
0.0744966
0.0744961
0.0744956
0.0744951
0.0744946
0.0744941
0.0744936
0.074493
0.0744925
0.074492
0.0744915
0.074491
0.0744905
0.07449
0.0744895
0.074489
0.0744885
0.074488
0.0744875
0.074487
0.0744865
0.074486
0.0744855
0.074485
0.0744845
0.074484
0.0744835
0.074483
0.0744825
0.074482
0.0744815
0.074481
0.0744805
0.07448
0.0744795
0.0744789
0.0744784
0.0744779
0.0744774
0.0744769
0.0744764
0.0744759
0.0744754
0.0744749
0.0744744
0.074474
0.0744735
0.074473
0.0744725
0.074472
0.0744715
0.074471
0.0744705
0.07447
0.0744695
0.074469
0.0744685
0.074468
0.0744675
0.074467
0.0744665
0.074466
0.0744655
0.074465
0.0744645
0.074464
0.0744635
0.074463
0.0744625
0.074462
0.0744615
0.074461
0.0744605
0.0744601
0.0744596
0.0744591
0.0744586
0.0744581
0.0744576
0.0744571
0.0744566
0.0744561
0.0744556
0.0744551
0.0744546
0.0744541
0.0744536
0.0744532
0.0744527
0.0744522
0.0744517
0.0744512
0.0744507
0.0744502
0.0744497
0.0744492
0.0744487
0.0744483
0.0744478
0.0744473
0.0744468
0.0744463
0.0744458
0.0744453
0.0744448
0.0744443
0.0744439
0.0744434
0.0744429
0.0744424
0.0744419
0.0744414
0.0744409
0.0744404
0.07444
0.0744395
0.074439
0.0744385
0.074438
0.0744375
0.074437
0.0744366
0.0744361
0.0744356
0.0744351
0.0744346
0.0744341
0.0744336
0.0744332
0.0744327
0.0744322
0.0744317
0.0744312
0.0744307
0.0744303
0.0744298
0.0744293
0.0744288
0.0744283
0.0744278
0.0744274
0.0744269
0.0744264
0.0744259
0.0744254
0.074425
0.0744245
0.074424
0.0744235
0.074423
0.0744226
0.0744221
0.0744216
0.0744211
0.0744206
0.0744202
0.0744197
0.0744192
0.0744187
0.0744182
0.0744178
0.0744173
0.0744168
0.0744163
0.0744159
0.0744154
0.0744149
0.0744144
0.0744139
0.0744135
0.074413
0.0744125
0.074412
0.0744116
0.0744111
0.0744106
0.0744101
0.0744097
0.0744092
0.0744087
0.0744082
0.0744078
0.0744073
0.0744068
0.0744063
0.0744059
0.0744054
0.0744049
0.0744044
0.074404
0.0744035
0.074403
0.0744025
0.0744021
0.0744016
0.0744011
0.0744007
0.0744002
0.0743997
0.0743992
0.0743988
0.0743983
0.0743978
0.0743974
0.0743969
0.0743964
0.0743959
0.0743955
0.074395
0.0743945
0.0743941
0.0743936
0.0743931
0.0743927
0.0743922
0.0743917
0.0743913
0.0743908
0.0743903
0.0743898
0.0743894
0.0743889
0.0743884
0.074388
0.0743875
0.074387
0.0743866
0.0743861
0.0743856
0.0743852
0.0743847
0.0743842
0.0743838
0.0743833
0.0743828
0.0743824
0.0743819
0.0743814
0.074381
0.0743805
0.0743801
0.0743796
0.0743791
0.0743787
0.0743782
0.0743777
0.0743773
0.0743768
0.0743763
0.0743759
0.0743754
0.074375
0.0743745
0.074374
0.0743736
0.0743731
0.0743726
0.0743722
0.0743717
0.0743713
0.0743708
0.0743703
0.0743699
0.0743694
0.074369
0.0743685
0.074368
0.0743676
0.0743671
0.0743667
0.0743662
0.0743657
0.0743653
0.0743648
0.0743644
0.0743639
0.0743634
0.074363
0.0743625
0.0743621
0.0743616
0.0743612
0.0743607
0.0743602
0.0743598
0.0743593
0.0743589
0.0743584
0.074358
0.0743575
0.074357
0.0743566
0.0743561
0.0743557
0.0743552
0.0743548
0.0743543
0.0743539
0.0743534
0.0743529
0.0743525
0.074352
0.0743516
0.0743511
0.0743507
0.0743502
0.0743498
0.0743493
0.0743489
0.0743484
0.074348
0.0743475
0.074347
0.0743466
0.0743461
0.0743457
0.0743452
0.0743448
0.0743443
0.0743439
0.0743434
0.074343
0.0743425
0.0743421
0.0743416
0.0743412
0.0743407
0.0743403
0.0743398
0.0743394
0.0743389
0.0743385
0.074338
0.0743376
0.0743371
0.0743367
0.0743362
0.0743358
0.0743353
0.0743349
0.0743344
0.074334
0.0743336
0.0743331
0.0743327
0.0743322
0.0743318
0.0743313
0.0743309
0.0743304
0.07433
0.0743295
0.0743291
0.0743286
0.0743282
0.0743277
0.0743273
0.0743269
0.0743264
0.074326
0.0743255
0.0743251
0.0743246
0.0743242
0.0743237
0.0743233
0.0743229
0.0743224
0.074322
0.0743215
0.0743211
0.0743206
0.0743202
0.0743198
0.0743193
0.0743189
0.0743184
0.074318
0.0743175
0.0743171
0.0743167
0.0743162
0.0743158
0.0743153
0.0743149
0.0743145
0.074314
0.0743136
0.0743131
0.0743127
0.0743123
0.0743118
0.0743114
0.0743109
0.0743105
0.0743101
0.0743096
0.0743092
0.0743087
0.0743083
0.0743079
0.0743074
0.074307
0.0743066
0.0743061
0.0743057
0.0743052
0.0743048
0.0743044
0.0743039
0.0743035
0.0743031
0.0743026
0.0743022
0.0743018
0.0743013
0.0743009
0.0743005
0.0743
0.0742996
0.0742991
0.0742987
0.0742983
0.0742978
0.0742974
0.074297
0.0742965
0.0742961
0.0742957
0.0742952
0.0742948
0.0742944
0.0742939
0.0742935
0.0742931
0.0742926
0.0742922
0.0742918
0.0742913
0.0742909
0.0742905
0.07429
0.0742896
0.0742892
0.0742888
0.0742883
0.0742879
0.0742875
0.074287
0.0742866
0.0742862
0.0742857
0.0742853
0.0742849
0.0742845
0.074284
0.0742836
0.0742832
0.0742827
0.0742823
0.0742819
0.0742814
0.074281
0.0742806
0.0742802
0.0742797
0.0742793
0.0742789
0.0742785
0.074278
0.0742776
0.0742772
0.0742767
0.0742763
0.0742759
0.0742755
0.074275
0.0742746
0.0742742
0.0742738
0.0742733
0.0742729
0.0742725
0.0742721
0.0742716
0.0742712
0.0742708
0.0742704
0.0742699
0.0742695
0.0742691
0.0742687
0.0742682
0.0742678
0.0742674
0.074267
0.0742666
0.0742661
0.0742657
0.0742653
0.0742649
0.0742644
0.074264
0.0742636
0.0742632
0.0742628
0.0742623
0.0742619
0.0742615
0.0742611
0.0742606
0.0742602
0.0742598
0.0742594
0.074259
0.0742585
0.0742581
0.0742577
0.0742573
0.0742569
0.0742564
0.074256
0.0742556
0.0742552
0.0742548
0.0742544
0.0742539
0.0742535
0.0742531
0.0742527
0.0742523
0.0742518
0.0742514
0.074251
0.0742506
0.0742502
0.0742498
0.0742493
0.0742489
0.0742485
0.0742481
0.0742477
0.0742473
0.0742468
0.0742464
0.074246
0.0742456
0.0742452
0.0742448
0.0742444
0.0742439
0.0742435
0.0742431
0.0742427
0.0742423
0.0742419
0.0742415
0.074241
0.0742406
0.0742402
0.0742398
0.0742394
0.074239
0.0742386
0.0742381
0.0742377
0.0742373
0.0742369
0.0742365
0.0742361
0.0742357
0.0742353
0.0742349
0.0742344
0.074234
0.0742336
0.0742332
0.0742328
0.0742324
0.074232
0.0742316
0.0742312
0.0742307
0.0742303
0.0742299
0.0742295
0.0742291
0.0742287
0.0742283
0.0742279
0.0742275
0.0742271
0.0742267
0.0742263
0.0742258
0.0742254
0.074225
0.0742246
0.0742242
0.0742238
0.0742234
0.074223
0.0742226
0.0742222
0.0742218
0.0742214
0.074221
0.0742206
0.0742201
0.0742197
0.0742193
0.0742189
0.0742185
0.0742181
0.0742177
0.0742173
0.0742169
0.0742165
0.0742161
0.0742157
0.0742153
0.0742149
0.0742145
0.0742141
0.0742137
0.0742133
0.0742129
0.0742125
0.0742121
0.0742117
0.0742113
0.0742108
0.0742104
0.07421
0.0742096
0.0742092
0.0742088
0.0742084
0.074208
0.0742076
0.0742072
0.0742068
0.0742064
0.074206
0.0742056
0.0742052
0.0742048
0.0742044
0.074204
0.0742036
0.0742032
0.0742028
0.0742024
0.074202
0.0742016
0.0742012
0.0742008
0.0742004
0.0742
0.0741996
0.0741992
0.0741988
0.0741984
0.074198
0.0741976
0.0741972
0.0741968
0.0741965
0.0741961
0.0741957
0.0741953
0.0741949
0.0741945
0.0741941
0.0741937
0.0741933
0.0741929
0.0741925
0.0741921
0.0741917
0.0741913
0.0741909
0.0741905
0.0741901
0.0741897
0.0741893
0.0741889
0.0741885
0.0741881
0.0741877
0.0741874
0.074187
0.0741866
0.0741862
0.0741858
0.0741854
0.074185
0.0741846
0.0741842
0.0741838
0.0741834
0.074183
0.0741826
0.0741822
0.0741819
0.0741815
0.0741811
0.0741807
0.0741803
0.0741799
0.0741795
0.0741791
0.0741787
0.0741783
0.0741779
0.0741776
0.0741772
0.0741768
0.0741764
0.074176
0.0741756
0.0741752
0.0741748
0.0741744
0.074174
0.0741737
0.0741733
0.0741729
0.0741725
