0.5
0.495025
0.490099
0.485223
0.480395
0.475615
0.470882
0.466197
0.461558
0.456966
0.452419
0.447917
0.44346
0.439048
0.434679
0.430354
0.426072
0.421832
0.417635
0.41348
0.409365
0.405292
0.401259
0.397267
0.393314
0.3894
0.385526
0.38169
0.377892
0.374132
0.370409
0.366723
0.363075
0.359462
0.355885
0.352344
0.348838
0.345367
0.341931
0.338528
0.33516
0.331825
0.328523
0.325255
0.322018
0.318814
0.315642
0.312501
0.309392
0.306313
0.303265
0.300248
0.29726
0.294302
0.291374
0.288475
0.285605
0.282763
0.279949
0.277164
0.274406
0.271675
0.268972
0.266296
0.263646
0.261023
0.258426
0.255854
0.253308
0.250788
0.248293
0.245822
0.243376
0.240954
0.238557
0.236183
0.233833
0.231507
0.229203
0.226922
0.224664
0.222429
0.220216
0.218025
0.215855
0.213707
0.211581
0.209476
0.207391
0.205328
0.203285
0.201262
0.19926
0.197277
0.195314
0.193371
0.191446
0.189542
0.187656
0.185788
0.18394
0.182109
0.180297
0.178503
0.176727
0.174969
0.173228
0.171504
0.169798
0.168108
0.166436
0.164779
0.16314
0.161517
0.15991
0.158318
0.156743
0.155183
0.153639
0.152111
0.150597
0.149099
0.147615
0.146146
0.144692
0.143252
0.141827
0.140416
0.139019
0.137635
0.136266
0.13491
0.133568
0.132239
0.130923
0.12962
0.12833
0.127053
0.125789
0.124538
0.123298
0.122072
0.120857
0.119654
0.118464
0.117285
0.116118
0.114963
0.113819
0.112686
0.111565
0.110455
0.109356
0.108268
0.107191
0.106124
0.105068
0.104023
0.102988
0.101963
0.100948
0.0999438
0.0989493
0.0979648
0.09699
0.096025
0.0950695
0.0941235
0.093187
0.0922598
0.0913418
0.0904329
0.0895331
0.0886422
0.0877602
0.086887
0.0860224
0.0851665
0.0843191
0.0834801
0.0826494
0.0818271
0.0810129
0.0802068
0.0794087
0.0786186
0.0778363
0.0770618
0.0762951
0.0755359
0.0747843
0.0740402
0.0733035
0.0725741
0.071852
0.071137
0.0704292
0.0697284
0.0690346
0.0683477
0.0676676
0.0669943
0.0663277
0.0656678
0.0650144
0.0643675
0.063727
0.0630929
0.0624651
0.0618436
0.0612283
0.060619
0.0600159
0.0594187
0.0588275
0.0582422
0.0576627
0.0570889
0.0565209
0.0559586
0.0554018
0.0548506
0.0543048
0.0537645
0.0532296
0.0527
0.0521757
0.0516567
0.0511428
0.050634
0.0501303
0.0496316
0.0491379
0.0486492
0.0481653
0.0476862
0.047212
0.0467425
0.0462777
0.0458176
0.0453621
0.0449111
0.0444648
0.0440229
0.0435854
0.0431524
0.0427238
0.0422995
0.0418795
0.0414638
0.0410524
0.0406452
0.0402421
0.0398432
0.0394485
0.0390578
0.0386712
0.0382887
0.0379102
0.0375357
0.0371652
0.0367987
0.0364361
0.0360775
0.0357228
0.035372
0.0350251
0.0346822
0.0343431
0.034008
0.0336767
0.0333494
0.0330259
0.0327064
0.0323908
0.0320791
0.0317713
0.0314676
0.0311678
0.030872
0.0305802
0.0302924
0.0300087
0.0297292
0.0294537
0.0291824
0.0289152
0.0286523
0.0283936
0.0281391
0.027889
0.0276433
0.0274019
0.0271648
0.0269323
0.0267042
0.0264805
0.0262614
0.0260469
0.0258368
0.0256314
0.0254305
0.0252342
0.0250426
0.0248555
0.024673
0.024495
0.0243217
0.0241528
0.0239885
0.0238287
0.0236733
0.0235224
0.0233757
0.0232334
0.0230953
0.0229614
0.0228316
0.0227059
0.0225841
0.0224662
0.022352
0.0222416
0.0221348
0.0220315
0.0219316
0.0218351
0.0217418
0.0216516
0.0215645
0.0214803
0.0213989
0.0213203
0.0212443
0.0211709
0.0210999
0.0210313
0.0209649
0.0209007
0.0208386
0.0207785
0.0207203
0.0206639
0.0206093
0.0205564
0.020505
0.0204552
0.0204069
0.02036
0.0203144
0.02027
0.0202269
0.020185
0.0201441
0.0201043
0.0200655
0.0200277
0.0199907
0.0199547
0.0199194
0.019885
0.0198513
0.0198183
0.019786
0.0197543
0.0197233
0.0196929
0.019663
0.0196336
0.0196048
0.0195765
0.0195486
0.0195212
0.0194942
0.0194677
0.0194415
0.0194157
0.0193902
0.0193651
0.0193403
0.0193159
0.0192917
0.0192679
0.0192443
0.019221
0.0191979
0.0191751
0.0191525
0.0191302
0.0191081
0.0190862
0.0190645
0.019043
0.0190217
0.0190006
0.0189797
0.0189589
0.0189383
0.0189179
0.0188977
0.0188776
0.0188576
0.0188378
0.0188182
0.0187986
0.0187793
0.01876
0.0187409
0.0187219
0.018703
0.0186843
0.0186657
0.0186472
0.0186288
0.0186105
0.0185923
0.0185742
0.0185562
0.0185384
0.0185206
0.0185029
0.0184854
0.0184679
0.0184505
0.0184332
0.018416
0.0183989
0.0183819
0.018365
0.0183481
0.0183314
0.0183147
0.0182981
0.0182815
0.0182651
0.0182487
0.0182325
0.0182162
0.0182001
0.0181841
0.0181681
0.0181522
0.0181363
0.0181205
0.0181048
0.0180892
0.0180737
0.0180582
0.0180427
0.0180274
0.0180121
0.0179968
0.0179817
0.0179666
0.0179515
0.0179366
0.0179216
0.0179068
0.017892
0.0178772
0.0178626
0.0178479
0.0178334
0.0178189
0.0178044
0.01779
0.0177757
0.0177614
0.0177472
0.017733
0.0177189
0.0177048
0.0176908
0.0176768
0.0176629
0.017649
0.0176352
0.0176215
0.0176077
0.0175941
0.0175805
0.0175669
0.0175534
0.0175399
0.0175264
0.017513
0.0174997
0.0174864
0.0174732
0.0174599
0.0174468
0.0174336
0.0174206
0.0174075
0.0173945
0.0173816
0.0173686
0.0173558
0.0173429
0.0173301
0.0173174
0.0173047
0.017292
0.0172793
0.0172667
0.0172541
0.0172416
0.0172291
0.0172166
0.0172042
0.0171918
0.0171795
0.0171671
0.0171549
0.0171426
0.0171304
0.0171182
0.017106
0.0170939
0.0170818
0.0170697
0.0170577
0.0170457
0.0170337
0.0170218
0.0170099
0.016998
0.0169861
0.0169743
0.0169625
0.0169507
0.016939
0.0169272
0.0169155
0.0169039
0.0168922
0.0168806
0.016869
0.0168575
0.0168459
0.0168344
0.0168229
0.0168114
0.0168
0.0167886
0.0167772
0.0167658
0.0167544
0.0167431
0.0167318
0.0167205
0.0167092
0.0166979
0.0166867
0.0166755
0.0166643
0.0166531
0.016642
0.0166308
0.0166197
0.0166086
0.0165975
0.0165865
0.0165754
0.0165644
0.0165534
0.0165424
0.0165314
0.0165204
0.0165095
0.0164985
0.0164876
0.0164767
0.0164658
0.0164549
0.0164441
0.0164332
0.0164224
0.0164116
0.0164007
0.0163899
0.0163792
0.0163684
0.0163576
0.0163469
0.0163361
0.0163254
0.0163147
0.016304
0.0162933
0.0162826
0.0162719
0.0162612
0.0162506
0.0162399
0.0162293
0.0162186
0.016208
0.0161974
0.0161868
0.0161762
0.0161656
0.016155
0.0161444
0.0161338
0.0161233
0.0161127
0.0161021
0.0160916
0.0160811
0.0160705
0.01606
0.0160495
0.0160389
0.0160284
0.0160179
0.0160074
0.0159969
0.0159864
0.0159759
0.0159654
0.0159549
0.0159444
0.0159339
0.0159234
0.0159129
0.0159024
0.015892
0.0158815
0.015871
0.0158605
0.01585
0.0158396
0.0158291
0.0158186
0.0158081
0.0157977
0.0157872
0.0157767
0.0157662
0.0157558
0.0157453
0.0157348
0.0157243
0.0157138
0.0157034
0.0156929
0.0156824
0.0156719
0.0156614
0.0156509
0.0156404
0.0156299
0.0156194
0.0156089
0.0155984
0.0155879
0.0155774
0.0155668
0.0155563
0.0155458
0.0155353
0.0155247
0.0155142
0.0155036
0.0154931
0.0154825
0.015472
0.0154614
0.0154508
0.0154402
0.0154296
0.015419
0.0154084
0.0153978
0.0153872
0.0153766
0.015366
0.0153553
0.0153447
0.0153341
0.0153234
0.0153127
0.0153021
0.0152914
0.0152807
0.01527
0.0152593
0.0152486
0.0152378
0.0152271
0.0152164
0.0152056
0.0151949
0.0151841
0.0151733
0.0151625
0.0151517
0.0151409
0.0151301
0.0151193
0.0151084
0.0150976
0.0150867
0.0150759
0.015065
0.0150541
0.0150432
0.0150323
0.0150213
0.0150104
0.0149994
0.0149885
0.0149775
0.0149665
0.0149555
0.0149445
0.0149335
0.0149224
0.0149114
0.0149003
0.0148893
0.0148782
0.0148671
0.0148559
0.0148448
0.0148337
0.0148225
0.0148114
0.0148002
0.014789
0.0147778
0.0147665
0.0147553
0.014744
0.0147328
0.0147215
0.0147102
0.0146989
0.0146876
0.0146762
0.0146649
0.0146535
0.0146421
0.0146307
0.0146193
0.0146078
0.0145964
0.0145849
0.0145734
0.0145619
0.0145504
0.0145389
0.0145273
0.0145158
0.0145042
0.0144926
0.014481
0.0144694
0.0144577
0.014446
0.0144344
0.0144227
0.014411
0.0143992
0.0143875
0.0143757
0.0143639
0.0143521
0.0143403
0.0143285
0.0143166
0.0143047
0.0142928
0.0142809
0.014269
0.014257
0.0142451
0.0142331
0.0142211
0.0142091
0.014197
0.014185
0.0141729
0.0141608
0.0141487
0.0141365
0.0141244
0.0141122
0.0141
0.0140878
0.0140756
0.0140633
0.014051
0.0140388
0.0140264
0.0140141
0.0140018
0.0139894
0.013977
0.0139646
0.0139522
0.0139397
0.0139272
0.0139148
0.0139022
0.0138897
0.0138772
0.0138646
0.013852
0.0138394
0.0138268
0.0138141
0.0138014
0.0137887
0.013776
0.0137633
0.0137505
0.0137377
0.0137249
0.0137121
0.0136993
0.0136864
0.0136735
0.0136606
0.0136477
0.0136348
0.0136218
0.0136088
0.0135958
0.0135827
0.0135697
0.0135566
0.0135435
0.0135304
0.0135173
0.0135041
0.0134909
0.0134777
0.0134645
0.0134512
0.0134379
0.0134247
0.0134113
0.013398
0.0133846
0.0133713
0.0133579
0.0133444
0.013331
0.0133175
0.013304
0.0132905
0.013277
0.0132634
0.0132498
0.0132362
0.0132226
0.013209
0.0131953
0.0131816
0.0131679
0.0131542
0.0131404
0.0131266
0.0131128
0.013099
0.0130852
0.0130713
0.0130574
0.0130435
0.0130295
0.0130156
0.0130016
0.0129876
0.0129736
0.0129595
0.0129455
0.0129314
0.0129173
0.0129031
0.012889
0.0128748
0.0128606
0.0128464
0.0128321
0.0128178
0.0128036
0.0127892
0.0127749
0.0127606
0.0127462
0.0127318
0.0127173
0.0127029
0.0126884
0.0126739
0.0126594
0.0126449
0.0126303
0.0126158
0.0126012
0.0125865
0.0125719
0.0125572
0.0125426
0.0125278
0.0125131
0.0124984
0.0124836
0.0124688
0.012454
0.0124391
0.0124243
0.0124094
0.0123945
0.0123796
0.0123646
0.0123497
0.0123347
0.0123197
0.0123046
0.0122896
0.0122745
0.0122594
0.0122443
0.0122292
0.012214
0.0121989
0.0121837
0.0121684
0.0121532
0.0121379
0.0121227
0.0121074
0.012092
0.0120767
0.0120613
0.012046
0.0120306
0.0120151
0.0119997
0.0119842
0.0119688
0.0119533
0.0119377
0.0119222
0.0119066
0.0118911
0.0118755
0.0118598
0.0118442
0.0118286
0.0118129
0.0117972
0.0117815
0.0117657
0.01175
0.0117342
0.0117184
0.0117026
0.0116868
0.011671
0.0116551
0.0116392
0.0116233
0.0116074
0.0115915
0.0115755
0.0115595
0.0115436
0.0115276
0.0115115
0.0114955
0.0114794
0.0114634
0.0114473
0.0114312
0.011415
0.0113989
0.0113827
0.0113666
0.0113504
0.0113342
0.011318
0.0113017
0.0112855
0.0112692
0.0112529
0.0112366
0.0112203
0.011204
0.0111876
0.0111712
0.0111549
0.0111385
0.0111221
0.0111057
0.0110892
0.0110728
0.0110563
0.0110398
0.0110233
0.0110068
0.0109903
0.0109738
0.0109572
0.0109407
0.0109241
0.0109075
0.0108909
0.0108743
0.0108577
0.010841
0.0108244
0.0108077
0.010791
0.0107744
0.0107577
0.0107409
0.0107242
0.0107075
0.0106907
0.010674
0.0106572
0.0106405
0.0106237
0.0106069
0.0105901
0.0105732
0.0105564
0.0105396
0.0105227
0.0105059
0.010489
0.0104721
0.0104552
0.0104384
0.0104214
0.0104045
0.0103876
0.0103707
0.0103538
0.0103368
0.0103199
0.0103029
0.0102859
0.010269
0.010252
0.010235
0.010218
0.010201
0.010184
0.010167
0.0101499
0.0101329
0.0101159
0.0100989
0.0100818
0.0100648
0.0100477
0.0100306
0.0100136
0.00999651
0.00997944
0.00996237
0.00994528
0.0099282
0.00991111
0.00989402
0.00987692
0.00985983
0.00984273
0.00982562
0.00980851
0.00979141
0.00977429
0.00975718
0.00974007
0.00972295
0.00970583
0.00968871
0.00967159
0.00965447
0.00963734
0.00962022
0.0096031
0.00958597
0.00956885
0.00955172
0.0095346
0.00951748
0.00950036
0.00948323
0.00946611
0.00944899
0.00943188
0.00941476
0.00939765
0.00938053
0.00936342
0.00934632
0.00932921
0.00931211
0.00929501
0.00927791
0.00926082
0.00924373
0.00922665
0.00920956
0.00919249
0.00917541
0.00915835
0.00914128
0.00912422
0.00910717
0.00909012
0.00907308
0.00905604
0.00903901
0.00902198
0.00900496
0.00898795
0.00897094
0.00895394
0.00893695
0.00891996
0.00890298
0.00888601
0.00886905
0.00885209
0.00883515
0.00881821
0.00880128
0.00878436
0.00876744
0.00875054
0.00873365
0.00871676
0.00869989
0.00868302
0.00866616
0.00864932
0.00863248
0.00861566
0.00859885
0.00858204
0.00856525
0.00854847
0.0085317
0.00851495
0.0084982
0.00848147
0.00846475
0.00844804
0.00843134
0.00841466
0.00839799
0.00838133
0.00836469
0.00834806
0.00833144
0.00831484
0.00829825
0.00828168
0.00826512
0.00824858
0.00823205
0.00821553
0.00819903
0.00818255
0.00816608
0.00814963
0.00813319
0.00811677
0.00810036
0.00808397
0.0080676
0.00805124
0.00803491
0.00801858
0.00800228
0.00798599
0.00796972
0.00795347
0.00793724
0.00792102
0.00790483
0.00788865
0.00787249
0.00785635
0.00784022
0.00782412
0.00780804
0.00779197
0.00777593
0.0077599
0.0077439
0.00772791
0.00771195
0.007696
0.00768008
0.00766418
0.00764829
0.00763243
0.00761659
0.00760077
0.00758498
0.0075692
0.00755345
0.00753771
0.007522
0.00750632
0.00749065
0.00747501
0.00745939
0.00744379
0.00742821
0.00741266
0.00739713
0.00738163
0.00736615
0.00735069
0.00733526
0.00731985
0.00730446
0.0072891
0.00727376
0.00725845
0.00724316
0.0072279
0.00721266
0.00719745
0.00718226
0.0071671
0.00715196
0.00713685
0.00712176
0.0071067
0.00709167
0.00707666
0.00706167
0.00704672
0.00703179
0.00701688
0.00700201
0.00698716
0.00697234
0.00695754
0.00694277
0.00692803
0.00691331
0.00689863
0.00688397
0.00686933
0.00685473
0.00684015
0.00682561
0.00681109
0.00679659
0.00678213
0.00676769
0.00675329
0.00673891
0.00672456
0.00671024
0.00669595
0.00668168
0.00666745
0.00665324
0.00663907
0.00662492
0.0066108
0.00659672
0.00658266
0.00656863
0.00655463
0.00654066
0.00652672
0.00651281
0.00649893
0.00648509
0.00647127
0.00645748
0.00644372
0.00642999
0.0064163
0.00640263
0.006389
0.00637539
0.00636182
0.00634827
0.00633476
0.00632128
0.00630783
0.00629441
0.00628102
0.00626767
0.00625434
0.00624105
0.00622779
0.00621456
0.00620136
0.00618819
0.00617505
0.00616195
0.00614888
0.00613584
0.00612283
0.00610985
0.00609691
0.00608399
0.00607111
0.00605826
0.00604545
0.00603266
0.00601991
0.00600719
0.0059945
0.00598185
0.00596923
0.00595664
0.00594408
0.00593155
0.00591906
0.0059066
0.00589417
0.00588177
0.00586941
0.00585708
0.00584478
0.00583252
0.00582029
0.00580809
0.00579592
0.00578379
0.00577168
0.00575962
0.00574758
0.00573558
0.00572361
0.00571167
0.00569977
0.00568789
0.00567606
0.00566425
0.00565248
0.00564074
0.00562903
0.00561736
0.00560571
0.00559411
0.00558253
0.00557099
0.00555948
0.005548
0.00553656
0.00552515
0.00551377
0.00550242
0.00549111
0.00547983
0.00546858
0.00545737
0.00544619
0.00543504
0.00542392
0.00541284
0.00540179
0.00539077
0.00537979
0.00536883
0.00535791
0.00534703
0.00533617
0.00532535
0.00531456
0.0053038
0.00529308
0.00528239
0.00527173
0.0052611
0.00525051
0.00523994
0.00522941
0.00521891
0.00520845
0.00519801
0.00518761
0.00517724
0.00516691
0.0051566
0.00514633
0.00513608
0.00512587
0.0051157
0.00510555
0.00509543
0.00508535
0.0050753
0.00506528
0.00505529
0.00504533
0.00503541
0.00502551
0.00501565
0.00500582
0.00499601
0.00498624
0.0049765
0.0049668
0.00495712
0.00494747
0.00493785
0.00492827
0.00491871
0.00490919
0.00489969
0.00489023
0.0048808
0.00487139
0.00486202
0.00485267
0.00484336
0.00483408
0.00482482
0.0048156
0.0048064
0.00479723
0.0047881
0.00477899
0.00476991
0.00476086
0.00475184
0.00474285
0.00473389
0.00472496
0.00471605
0.00470717
0.00469832
0.0046895
0.00468071
0.00467195
0.00466321
0.0046545
0.00464582
0.00463717
0.00462854
0.00461994
0.00461137
0.00460283
0.00459431
0.00458582
0.00457736
0.00456892
0.00456051
0.00455212
0.00454377
0.00453543
0.00452713
0.00451885
0.00451059
0.00450236
0.00449416
0.00448598
0.00447782
0.00446969
0.00446159
0.00445351
0.00444545
0.00443742
0.00442941
0.00442143
0.00441347
0.00440554
0.00439762
0.00438973
0.00438187
0.00437402
0.0043662
0.00435841
0.00435063
0.00434288
0.00433515
0.00432744
0.00431975
0.00431208
0.00430444
0.00429681
0.00428921
0.00428163
0.00427407
0.00426653
0.004259
0.0042515
0.00424402
0.00423656
0.00422912
0.00422169
0.00421429
0.0042069
0.00419953
0.00419218
0.00418485
0.00417753
0.00417024
0.00416296
0.00415569
0.00414845
0.00414122
0.004134
0.0041268
0.00411962
0.00411246
0.0041053
0.00409817
0.00409105
0.00408394
0.00407684
0.00406976
0.0040627
0.00405565
0.00404861
0.00404158
0.00403456
0.00402756
0.00402057
0.00401359
0.00400662
0.00399967
0.00399272
0.00398579
0.00397886
0.00397194
0.00396504
0.00395814
0.00395125
0.00394437
0.00393749
0.00393063
0.00392377
0.00391692
0.00391007
0.00390324
0.0038964
0.00388958
0.00388276
0.00387594
0.00386913
0.00386232
0.00385551
0.00384871
0.00384191
0.00383512
0.00382832
0.00382153
0.00381474
0.00380795
0.00380116
0.00379437
0.00378758
0.00378079
0.003774
0.00376721
0.00376042
0.00375362
0.00374682
0.00374001
0.00373321
0.00372639
0.00371958
0.00371276
0.00370593
0.0036991
0.00369226
0.00368541
0.00367856
0.00367169
0.00366482
0.00365794
0.00365105
0.00364416
0.00363725
0.00363033
0.00362339
0.00361645
0.0036095
0.00360253
0.00359554
0.00358855
0.00358154
0.00357451
0.00356747
0.00356042
0.00355334
0.00354625
0.00353915
0.00353202
0.00352488
0.00351771
0.00351053
0.00350333
0.0034961
0.00348886
0.00348159
0.0034743
0.00346699
0.00345966
0.0034523
0.00344492
0.00343751
0.00343008
0.00342262
0.00341513
0.00340762
0.00340008
0.00339252
0.00338492
0.0033773
0.00336964
0.00336196
0.00335425
0.0033465
0.00333872
0.00333092
0.00332308
0.0033152
0.0033073
0.00329936
0.00329138
0.00328338
0.00327533
0.00326725
0.00325914
0.00325099
0.0032428
0.00323458
0.00322632
0.00321802
0.00320968
0.0032013
0.00319289
0.00318444
0.00317594
0.00316741
0.00315884
0.00315023
0.00314157
0.00313288
0.00312414
0.00311537
0.00310655
0.00309769
0.00308879
0.00307984
0.00307086
0.00306183
0.00305276
0.00304365
0.00303449
0.0030253
0.00301606
0.00300677
0.00299745
0.00298808
0.00297867
0.00296921
0.00295972
0.00295018
0.00294059
0.00293097
0.0029213
0.00291159
0.00290184
0.00289205
0.00288222
0.00287234
0.00286242
0.00285247
0.00284247
0.00283243
0.00282235
0.00281224
0.00280208
0.00279188
0.00278165
0.00277137
0.00276106
0.00275072
0.00274033
0.00272991
0.00271945
0.00270896
0.00269844
0.00268787
0.00267728
0.00266665
0.00265599
0.0026453
0.00263458
0.00262382
0.00261304
0.00260223
0.00259138
0.00258052
0.00256962
0.0025587
0.00254775
0.00253677
0.00252577
0.00251475
0.00250371
0.00249264
0.00248156
0.00247045
0.00245932
0.00244818
0.00243701
0.00242583
0.00241464
0.00240343
0.0023922
0.00238096
0.00236971
0.00235845
0.00234717
0.00233589
0.00232459
0.00231329
0.00230198
0.00229067
0.00227935
0.00226802
0.00225669
0.00224536
0.00223403
0.00222269
0.00221136
0.00220002
0.00218869
0.00217736
0.00216603
0.00215471
0.00214339
0.00213208
0.00212078
0.00210948
0.00209819
0.00208691
0.00207564
0.00206439
0.00205314
0.00204191
0.00203069
0.00201948
0.00200829
0.00199712
0.00198596
0.00197482
0.0019637
0.0019526
0.00194152
0.00193046
0.00191942
0.0019084
0.0018974
0.00188643
0.00187548
0.00186456
0.00185366
0.00184279
0.00183195
0.00182113
0.00181034
0.00179958
0.00178885
0.00177815
0.00176748
0.00175684
0.00174623
0.00173565
0.00172511
0.0017146
0.00170412
0.00169367
0.00168327
0.00167289
0.00166256
0.00165225
0.00164199
0.00163176
0.00162157
0.00161142
0.0016013
0.00159123
0.00158119
0.00157119
0.00156123
0.00155132
0.00154144
0.0015316
0.0015218
0.00151205
0.00150234
0.00149267
0.00148304
0.00147345
0.00146391
0.00145441
0.00144495
0.00143553
0.00142616
0.00141684
0.00140755
0.00139832
0.00138912
0.00137997
0.00137087
0.00136181
0.00135279
0.00134382
0.0013349
0.00132602
0.00131719
0.0013084
0.00129966
0.00129096
0.00128231
0.00127371
0.00126515
0.00125664
0.00124817
0.00123975
0.00123138
0.00122305
0.00121477
0.00120653
0.00119835
0.0011902
0.00118211
0.00117406
0.00116605
0.0011581
0.00115019
0.00114232
0.0011345
0.00112673
0.00111901
0.00111133
0.00110369
0.00109611
0.00108856
0.00108107
0.00107362
0.00106621
0.00105885
0.00105154
0.00104427
0.00103705
0.00102987
0.00102274
0.00101565
0.00100861
0.00100161
0.000994655
0.000987746
0.000980882
0.000974061
0.000967285
0.000960553
0.000953865
0.000947221
0.00094062
0.000934062
0.000927548
0.000921077
0.000914649
0.000908264
0.000901922
0.000895622
0.000889364
0.000883149
0.000876976
0.000870844
0.000864755
0.000858707
0.0008527
0.000846734
0.00084081
0.000834926
0.000829083
0.000823281
0.000817518
0.000811796
0.000806114
0.000800472
0.000794869
0.000789305
0.000783781
0.000778296
0.000772849
0.000767441
0.000762072
0.000756741
0.000751448
0.000746192
0.000740975
0.000735795
0.000730652
0.000725546
0.000720477
0.000715445
0.000710449
0.00070549
0.000700566
0.000695679
0.000690827
0.000686011
0.00068123
0.000676484
0.000671773
0.000667096
0.000662454
0.000657847
0.000653274
0.000648734
0.000644228
0.000639756
0.000635317
0.000630911
0.000626538
0.000622198
0.00061789
0.000613615
0.000609371
0.00060516
0.00060098
0.000596832
0.000592715
0.00058863
0.000584575
0.000580551
0.000576558
0.000572594
0.000568662
0.000564759
0.000560886
0.000557042
0.000553228
0.000549443
0.000545687
0.00054196
0.000538262
0.000534592
0.00053095
0.000527336
0.00052375
0.000520192
0.000516662
0.000513159
0.000509683
0.000506233
0.000502811
0.000499415
0.000496046
0.000492703
0.000489386
0.000486095
0.00048283
0.00047959
0.000476375
0.000473186
0.000470022
0.000466882
0.000463767
0.000460677
0.000457611
0.000454569
0.000451551
0.000448557
0.000445586
0.000442639
0.000439715
0.000436815
0.000433937
0.000431082
0.00042825
0.00042544
0.000422653
0.000419887
0.000417144
0.000414422
0.000411723
0.000409044
0.000406387
0.000403752
0.000401137
0.000398543
0.00039597
0.000393417
0.000390885
0.000388374
0.000385882
0.00038341
0.000380958
0.000378526
0.000376114
0.000373721
0.000371347
0.000368992
0.000366656
0.000364339
0.000362041
0.000359761
0.000357499
0.000355256
0.000353031
0.000350824
0.000348635
0.000346464
0.00034431
0.000342173
0.000340054
0.000337952
0.000335868
0.0003338
0.000331749
0.000329714
0.000327696
0.000325695
0.00032371
0.00032174
0.000319787
0.00031785
0.000315929
0.000314023
0.000312133
0.000310259
0.000308399
0.000306555
0.000304726
0.000302912
0.000301113
0.000299328
0.000297558
0.000295803
0.000294062
0.000292335
0.000290622
0.000288924
0.000287239
0.000285568
0.000283911
0.000282268
0.000280638
0.000279021
0.000277418
0.000275828
0.000274251
0.000272687
0.000271136
0.000269597
0.000268071
0.000266558
0.000265058
0.000263569
0.000262093
0.00026063
0.000259178
0.000257738
0.00025631
0.000254894
0.00025349
0.000252097
0.000250716
0.000249346
0.000247988
0.00024664
0.000245304
0.000243979
0.000242665
0.000241362
0.00024007
0.000238788
0.000237517
0.000236257
0.000235007
0.000233767
0.000232538
0.000231319
0.00023011
0.000228911
0.000227722
0.000226543
0.000225373
0.000224214
0.000223064
0.000221924
0.000220793
0.000219671
0.000218559
0.000217456
0.000216362
0.000215278
0.000214202
0.000213136
0.000212078
0.000211029
0.000209989
0.000208958
0.000207935
0.00020692
0.000205914
0.000204917
0.000203928
0.000202947
0.000201974
0.00020101
0.000200053
0.000199105
0.000198164
0.000197231
0.000196306
0.000195389
0.00019448
0.000193578
0.000192683
0.000191796
0.000190917
0.000190045
0.00018918
0.000188322
0.000187472
0.000186629
0.000185793
0.000184963
0.000184141
0.000183326
0.000182517
0.000181715
0.00018092
0.000180132
0.00017935
0.000178575
0.000177806
0.000177044
0.000176288
0.000175538
0.000174795
0.000174058
0.000173327
0.000172603
0.000171884
0.000171172
0.000170465
0.000169764
0.00016907
0.000168381
0.000167697
0.00016702
0.000166348
0.000165682
0.000165022
0.000164367
0.000163717
0.000163073
0.000162435
0.000161802
0.000161174
0.000160551
0.000159934
0.000159322
0.000158715
0.000158113
0.000157516
0.000156924
0.000156338
0.000155756
0.000155179
0.000154607
0.000154039
0.000153477
0.000152919
0.000152366
0.000151817
0.000151274
0.000150734
0.0001502
0.000149669
0.000149144
0.000148622
0.000148105
0.000147593
0.000147085
0.000146581
0.000146081
0.000145585
0.000145094
0.000144607
0.000144124
0.000143645
0.00014317
0.000142699
0.000142232
0.000141769
0.00014131
0.000140855
0.000140403
0.000139955
0.000139512
0.000139071
0.000138635
0.000138202
0.000137773
0.000137348
0.000136926
0.000136508
0.000136093
0.000135682
0.000135274
0.00013487
0.000134469
0.000134071
0.000133677
0.000133286
0.000132898
0.000132514
0.000132133
0.000131755
0.00013138
0.000131009
0.000130641
0.000130275
0.000129913
0.000129554
0.000129198
0.000128845
0.000128495
0.000128148
0.000127803
0.000127462
0.000127124
0.000126788
0.000126455
0.000126125
0.000125798
0.000125474
0.000125152
0.000124833
0.000124517
0.000124204
0.000123893
0.000123584
0.000123279
0.000122976
0.000122675
0.000122377
0.000122082
0.000121789
0.000121498
0.00012121
0.000120924
0.000120641
0.00012036
0.000120082
0.000119806
0.000119532
0.000119261
0.000118991
0.000118724
0.00011846
0.000118197
0.000117937
0.000117679
0.000117423
0.00011717
0.000116918
0.000116669
0.000116422
0.000116176
0.000115933
0.000115692
0.000115453
0.000115216
0.000114981
0.000114748
0.000114517
0.000114288
0.000114061
0.000113835
0.000113612
0.00011339
0.000113171
0.000112953
0.000112737
0.000112523
0.000112311
0.0001121
0.000111892
0.000111685
0.000111479
0.000111276
0.000111074
0.000110874
0.000110676
0.000110479
0.000110284
0.000110091
0.000109899
0.000109709
0.00010952
0.000109333
0.000109148
0.000108964
0.000108782
0.000108601
0.000108422
0.000108244
0.000108068
0.000107893
0.00010772
0.000107548
0.000107378
0.000107209
0.000107041
0.000106875
0.000106711
0.000106547
0.000106386
0.000106225
0.000106066
0.000105908
0.000105751
0.000105596
0.000105442
0.00010529
0.000105138
0.000104988
0.00010484
0.000104692
0.000104546
0.000104401
0.000104257
0.000104114
0.000103973
0.000103833
0.000103694
0.000103556
0.000103419
0.000103284
0.000103149
0.000103016
0.000102884
0.000102753
0.000102623
0.000102494
0.000102366
0.000102239
0.000102114
0.000101989
0.000101866
0.000101743
0.000101622
0.000101501
0.000101382
0.000101263
0.000101146
0.000101029
0.000100914
0.000100799
0.000100686
0.000100573
0.000100462
0.000100351
0.000100241
0.000100132
0.000100024
9.99173e-05
9.98112e-05
9.97059e-05
9.96015e-05
9.9498e-05
9.93954e-05
9.92936e-05
9.91927e-05
9.90926e-05
9.89934e-05
9.8895e-05
9.87974e-05
9.87007e-05
9.86047e-05
9.85096e-05
9.84152e-05
9.83217e-05
9.82289e-05
9.81369e-05
9.80456e-05
9.79552e-05
9.78654e-05
9.77765e-05
9.76883e-05
9.76008e-05
9.7514e-05
9.7428e-05
9.73427e-05
9.72581e-05
9.71742e-05
9.7091e-05
9.70085e-05
9.69267e-05
9.68456e-05
9.67651e-05
9.66853e-05
9.66062e-05
9.65278e-05
9.645e-05
9.63728e-05
9.62963e-05
9.62204e-05
9.61452e-05
9.60706e-05
9.59966e-05
9.59232e-05
9.58504e-05
9.57783e-05
9.57067e-05
9.56358e-05
9.55654e-05
9.54956e-05
9.54264e-05
9.53578e-05
9.52897e-05
9.52222e-05
9.51553e-05
9.50889e-05
9.5023e-05
9.49578e-05
9.4893e-05
9.48288e-05
9.47651e-05
9.4702e-05
9.46394e-05
9.45773e-05
9.45157e-05
9.44546e-05
9.4394e-05
9.4334e-05
9.42744e-05
9.42153e-05
9.41567e-05
9.40986e-05
9.4041e-05
9.39838e-05
9.39271e-05
9.38709e-05
9.38152e-05
9.37599e-05
9.37051e-05
9.36507e-05
9.35967e-05
9.35433e-05
9.34902e-05
9.34376e-05
9.33854e-05
9.33337e-05
9.32824e-05
9.32315e-05
9.3181e-05
9.31309e-05
9.30813e-05
9.3032e-05
9.29832e-05
9.29348e-05
9.28867e-05
9.28391e-05
9.27918e-05
9.2745e-05
9.26985e-05
9.26524e-05
9.26067e-05
9.25613e-05
9.25163e-05
9.24717e-05
9.24275e-05
9.23836e-05
9.23401e-05
9.22969e-05
9.22541e-05
9.22116e-05
9.21695e-05
9.21277e-05
9.20863e-05
9.20452e-05
9.20044e-05
9.1964e-05
9.19239e-05
9.18841e-05
9.18447e-05
9.18056e-05
9.17668e-05
9.17283e-05
9.16901e-05
9.16522e-05
9.16146e-05
9.15774e-05
9.15404e-05
9.15038e-05
9.14674e-05
9.14314e-05
9.13956e-05
9.13601e-05
9.13249e-05
9.129e-05
9.12554e-05
9.1221e-05
9.11869e-05
9.11531e-05
9.11196e-05
9.10864e-05
9.10534e-05
9.10206e-05
9.09882e-05
9.0956e-05
9.09241e-05
9.08924e-05
9.0861e-05
9.08298e-05
9.07989e-05
9.07682e-05
9.07378e-05
9.07076e-05
9.06776e-05
9.06479e-05
9.06185e-05
9.05892e-05
9.05602e-05
9.05315e-05
9.05029e-05
9.04746e-05
9.04465e-05
9.04187e-05
9.0391e-05
9.03636e-05
9.03364e-05
9.03094e-05
9.02827e-05
9.02561e-05
9.02298e-05
9.02036e-05
9.01777e-05
9.0152e-05
9.01265e-05
9.01012e-05
9.0076e-05
9.00511e-05
9.00264e-05
9.00019e-05
8.99775e-05
8.99534e-05
8.99294e-05
8.99057e-05
8.98821e-05
8.98587e-05
8.98355e-05
8.98125e-05
8.97896e-05
8.9767e-05
8.97445e-05
8.97222e-05
8.97e-05
8.96781e-05
8.96563e-05
8.96347e-05
8.96132e-05
8.95919e-05
8.95708e-05
8.95498e-05
8.95291e-05
8.95084e-05
8.94879e-05
8.94676e-05
8.94475e-05
8.94275e-05
8.94076e-05
8.93879e-05
8.93684e-05
8.9349e-05
8.93298e-05
8.93107e-05
8.92917e-05
8.9273e-05
8.92543e-05
8.92358e-05
8.92174e-05
8.91992e-05
8.91811e-05
8.91632e-05
8.91454e-05
8.91277e-05
8.91101e-05
8.90927e-05
8.90755e-05
8.90583e-05
8.90413e-05
8.90244e-05
8.90077e-05
8.8991e-05
8.89745e-05
8.89582e-05
8.89419e-05
8.89258e-05
8.89098e-05
8.88939e-05
8.88781e-05
8.88625e-05
8.88469e-05
8.88315e-05
8.88162e-05
8.88011e-05
8.8786e-05
8.8771e-05
8.87562e-05
8.87414e-05
8.87268e-05
8.87123e-05
8.86979e-05
8.86836e-05
8.86694e-05
8.86553e-05
8.86413e-05
8.86275e-05
8.86137e-05
8.86e-05
8.85864e-05
8.8573e-05
8.85596e-05
8.85463e-05
8.85331e-05
8.852e-05
8.85071e-05
8.84942e-05
8.84814e-05
8.84687e-05
8.8456e-05
8.84435e-05
8.84311e-05
8.84188e-05
8.84065e-05
8.83944e-05
8.83823e-05
8.83703e-05
8.83584e-05
8.83466e-05
8.83349e-05
8.83232e-05
8.83117e-05
8.83002e-05
8.82888e-05
8.82775e-05
8.82663e-05
8.82551e-05
8.8244e-05
8.8233e-05
8.82221e-05
8.82113e-05
8.82005e-05
8.81898e-05
8.81792e-05
8.81687e-05
8.81582e-05
8.81479e-05
8.81375e-05
8.81273e-05
8.81171e-05
8.8107e-05
8.8097e-05
8.80871e-05
8.80772e-05
8.80674e-05
8.80576e-05
8.80479e-05
8.80383e-05
8.80288e-05
8.80193e-05
8.80099e-05
8.80005e-05
8.79912e-05
8.7982e-05
8.79728e-05
8.79637e-05
8.79547e-05
8.79457e-05
8.79368e-05
8.7928e-05
8.79192e-05
8.79104e-05
8.79018e-05
8.78932e-05
8.78846e-05
8.78761e-05
8.78677e-05
8.78593e-05
8.7851e-05
8.78427e-05
8.78345e-05
8.78263e-05
8.78182e-05
8.78101e-05
8.78021e-05
8.77942e-05
8.77863e-05
8.77784e-05
8.77707e-05
8.77629e-05
8.77552e-05
8.77476e-05
8.774e-05
8.77325e-05
8.7725e-05
8.77175e-05
8.77101e-05
8.77028e-05
8.76955e-05
8.76882e-05
8.7681e-05
8.76739e-05
8.76668e-05
8.76597e-05
8.76527e-05
8.76457e-05
8.76388e-05
8.76319e-05
8.7625e-05
8.76182e-05
8.76115e-05
8.76047e-05
8.75981e-05
8.75914e-05
8.75848e-05
8.75783e-05
8.75718e-05
8.75653e-05
8.75589e-05
8.75525e-05
8.75462e-05
8.75398e-05
8.75336e-05
8.75273e-05
8.75212e-05
8.7515e-05
8.75089e-05
8.75028e-05
8.74968e-05
8.74907e-05
8.74848e-05
8.74788e-05
8.74729e-05
8.74671e-05
8.74612e-05
8.74555e-05
8.74497e-05
8.7444e-05
8.74383e-05
8.74326e-05
8.7427e-05
8.74214e-05
8.74158e-05
8.74103e-05
8.74048e-05
8.73994e-05
8.73939e-05
8.73885e-05
8.73832e-05
8.73778e-05
8.73725e-05
8.73673e-05
8.7362e-05
8.73568e-05
8.73516e-05
8.73465e-05
8.73413e-05
8.73363e-05
8.73312e-05
8.73261e-05
8.73211e-05
8.73162e-05
8.73112e-05
8.73063e-05
8.73014e-05
8.72965e-05
8.72917e-05
8.72868e-05
8.72821e-05
8.72773e-05
8.72725e-05
8.72678e-05
8.72631e-05
8.72585e-05
8.72538e-05
8.72492e-05
8.72447e-05
8.72401e-05
8.72356e-05
8.7231e-05
8.72265e-05
8.72221e-05
8.72176e-05
8.72132e-05
8.72088e-05
8.72045e-05
8.72001e-05
8.71958e-05
8.71915e-05
8.71872e-05
8.71829e-05
8.71787e-05
8.71745e-05
8.71703e-05
8.71661e-05
8.7162e-05
8.71578e-05
8.71537e-05
8.71496e-05
8.71456e-05
8.71415e-05
8.71375e-05
8.71335e-05
8.71295e-05
8.71255e-05
8.71216e-05
8.71177e-05
8.71138e-05
8.71099e-05
8.7106e-05
8.71022e-05
8.70983e-05
8.70945e-05
8.70907e-05
8.70869e-05
8.70832e-05
8.70794e-05
8.70757e-05
8.7072e-05
8.70683e-05
8.70647e-05
8.7061e-05
8.70574e-05
8.70537e-05
8.70501e-05
8.70466e-05
8.7043e-05
8.70394e-05
8.70359e-05
8.70324e-05
8.70289e-05
8.70254e-05
8.70219e-05
8.70185e-05
8.7015e-05
8.70116e-05
8.70082e-05
8.70048e-05
8.70014e-05
8.69981e-05
8.69947e-05
8.69914e-05
8.69881e-05
8.69847e-05
8.69815e-05
8.69782e-05
8.69749e-05
8.69717e-05
8.69684e-05
8.69652e-05
8.6962e-05
8.69588e-05
8.69556e-05
8.69525e-05
8.69493e-05
8.69462e-05
8.6943e-05
8.69399e-05
8.69368e-05
8.69337e-05
8.69307e-05
8.69276e-05
8.69246e-05
8.69215e-05
8.69185e-05
8.69155e-05
8.69125e-05
8.69095e-05
8.69065e-05
8.69036e-05
8.69006e-05
8.68977e-05
8.68947e-05
8.68918e-05
8.68889e-05
8.6886e-05
8.68831e-05
8.68802e-05
8.68774e-05
8.68745e-05
8.68717e-05
8.68689e-05
8.6866e-05
8.68632e-05
8.68604e-05
8.68577e-05
8.68549e-05
8.68521e-05
8.68494e-05
8.68466e-05
8.68439e-05
8.68411e-05
8.68384e-05
8.68357e-05
8.6833e-05
8.68303e-05
8.68277e-05
8.6825e-05
8.68223e-05
8.68197e-05
8.68171e-05
8.68144e-05
8.68118e-05
8.68092e-05
8.68066e-05
8.6804e-05
8.68014e-05
8.67988e-05
8.67963e-05
8.67937e-05
8.67912e-05
8.67886e-05
8.67861e-05
8.67836e-05
8.67811e-05
8.67786e-05
8.67761e-05
8.67736e-05
8.67711e-05
8.67686e-05
8.67662e-05
8.67637e-05
8.67613e-05
8.67588e-05
8.67564e-05
8.6754e-05
8.67515e-05
8.67491e-05
8.67467e-05
8.67443e-05
8.67419e-05
8.67396e-05
8.67372e-05
8.67348e-05
8.67325e-05
8.67301e-05
8.67278e-05
8.67254e-05
8.67231e-05
8.67208e-05
8.67185e-05
8.67162e-05
8.67139e-05
8.67116e-05
8.67093e-05
8.6707e-05
8.67047e-05
8.67025e-05
8.67002e-05
8.6698e-05
8.66957e-05
8.66935e-05
8.66912e-05
8.6689e-05
8.66868e-05
8.66846e-05
8.66824e-05
8.66802e-05
8.6678e-05
8.66758e-05
8.66736e-05
8.66714e-05
8.66693e-05
8.66671e-05
8.66649e-05
8.66628e-05
8.66606e-05
8.66585e-05
8.66564e-05
8.66542e-05
8.66521e-05
8.665e-05
8.66479e-05
8.66458e-05
8.66437e-05
8.66416e-05
8.66395e-05
8.66374e-05
8.66353e-05
8.66332e-05
8.66312e-05
8.66291e-05
8.6627e-05
8.6625e-05
8.66229e-05
8.66209e-05
8.66189e-05
8.66168e-05
8.66148e-05
8.66128e-05
8.66108e-05
8.66087e-05
8.66067e-05
8.66047e-05
8.66027e-05
8.66007e-05
8.65988e-05
8.65968e-05
8.65948e-05
8.65928e-05
8.65908e-05
8.65889e-05
8.65869e-05
8.6585e-05
8.6583e-05
8.65811e-05
8.65791e-05
8.65772e-05
8.65753e-05
8.65733e-05
8.65714e-05
8.65695e-05
8.65676e-05
8.65657e-05
8.65638e-05
8.65619e-05
8.656e-05
8.65581e-05
8.65562e-05
8.65543e-05
8.65524e-05
8.65505e-05
8.65487e-05
8.65468e-05
8.65449e-05
8.65431e-05
8.65412e-05
8.65394e-05
8.65375e-05
8.65357e-05
8.65338e-05
8.6532e-05
8.65302e-05
8.65283e-05
8.65265e-05
8.65247e-05
8.65229e-05
8.65211e-05
8.65192e-05
8.65174e-05
8.65156e-05
8.65138e-05
8.6512e-05
8.65102e-05
8.65085e-05
8.65067e-05
8.65049e-05
8.65031e-05
8.65013e-05
8.64996e-05
8.64978e-05
8.6496e-05
8.64943e-05
8.64925e-05
8.64908e-05
8.6489e-05
8.64873e-05
8.64855e-05
8.64838e-05
8.64821e-05
8.64803e-05
8.64786e-05
8.64769e-05
8.64752e-05
8.64734e-05
8.64717e-05
8.647e-05
8.64683e-05
8.64666e-05
8.64649e-05
8.64632e-05
8.64615e-05
8.64598e-05
8.64581e-05
8.64564e-05
8.64547e-05
8.64531e-05
8.64514e-05
8.64497e-05
8.6448e-05
8.64464e-05
8.64447e-05
8.6443e-05
8.64414e-05
8.64397e-05
8.64381e-05
8.64364e-05
8.64348e-05
8.64331e-05
8.64315e-05
8.64298e-05
8.64282e-05
8.64266e-05
8.64249e-05
8.64233e-05
8.64217e-05
8.642e-05
8.64184e-05
8.64168e-05
8.64152e-05
8.64136e-05
8.6412e-05
8.64104e-05
8.64088e-05
8.64072e-05
8.64056e-05
8.6404e-05
8.64024e-05
8.64008e-05
8.63992e-05
8.63976e-05
8.6396e-05
8.63944e-05
8.63929e-05
8.63913e-05
8.63897e-05
8.63881e-05
8.63866e-05
8.6385e-05
8.63834e-05
8.63819e-05
8.63803e-05
8.63788e-05
8.63772e-05
8.63757e-05
8.63741e-05
8.63726e-05
8.6371e-05
8.63695e-05
8.63679e-05
8.63664e-05
8.63649e-05
8.63633e-05
8.63618e-05
8.63603e-05
8.63588e-05
8.63572e-05
8.63557e-05
8.63542e-05
8.63527e-05
8.63512e-05
8.63497e-05
8.63481e-05
8.63466e-05
8.63451e-05
8.63436e-05
8.63421e-05
8.63406e-05
8.63391e-05
8.63377e-05
8.63362e-05
8.63347e-05
8.63332e-05
8.63317e-05
8.63302e-05
8.63287e-05
8.63273e-05
8.63258e-05
8.63243e-05
8.63228e-05
8.63214e-05
8.63199e-05
8.63184e-05
8.6317e-05
8.63155e-05
8.63141e-05
8.63126e-05
8.63111e-05
8.63097e-05
8.63082e-05
8.63068e-05
8.63053e-05
8.63039e-05
8.63025e-05
8.6301e-05
8.62996e-05
8.62981e-05
8.62967e-05
8.62953e-05
8.62938e-05
8.62924e-05
8.6291e-05
8.62896e-05
8.62881e-05
8.62867e-05
8.62853e-05
8.62839e-05
8.62825e-05
8.62811e-05
8.62797e-05
8.62782e-05
8.62768e-05
8.62754e-05
8.6274e-05
8.62726e-05
8.62712e-05
8.62698e-05
8.62684e-05
8.6267e-05
8.62656e-05
8.62643e-05
8.62629e-05
8.62615e-05
8.62601e-05
8.62587e-05
8.62573e-05
8.62559e-05
8.62546e-05
8.62532e-05
8.62518e-05
8.62504e-05
8.62491e-05
8.62477e-05
8.62463e-05
8.6245e-05
8.62436e-05
8.62423e-05
8.62409e-05
8.62395e-05
8.62382e-05
8.62368e-05
8.62355e-05
8.62341e-05
8.62328e-05
8.62314e-05
8.62301e-05
8.62287e-05
8.62274e-05
8.62261e-05
8.62247e-05
8.62234e-05
8.6222e-05
8.62207e-05
8.62194e-05
8.6218e-05
8.62167e-05
8.62154e-05
8.62141e-05
8.62127e-05
8.62114e-05
8.62101e-05
8.62088e-05
8.62075e-05
8.62061e-05
8.62048e-05
8.62035e-05
8.62022e-05
8.62009e-05
8.61996e-05
8.61983e-05
8.6197e-05
8.61957e-05
8.61944e-05
8.61931e-05
8.61918e-05
8.61905e-05
8.61892e-05
8.61879e-05
8.61866e-05
8.61853e-05
8.6184e-05
8.61827e-05
8.61814e-05
8.61802e-05
8.61789e-05
8.61776e-05
8.61763e-05
8.6175e-05
8.61738e-05
8.61725e-05
8.61712e-05
8.61699e-05
8.61687e-05
8.61674e-05
8.61661e-05
8.61649e-05
8.61636e-05
8.61623e-05
8.61611e-05
8.61598e-05
8.61586e-05
8.61573e-05
8.61561e-05
8.61548e-05
8.61536e-05
8.61523e-05
8.61511e-05
8.61498e-05
8.61486e-05
8.61473e-05
8.61461e-05
8.61448e-05
8.61436e-05
8.61423e-05
8.61411e-05
8.61399e-05
8.61386e-05
8.61374e-05
8.61362e-05
8.61349e-05
8.61337e-05
8.61325e-05
8.61313e-05
8.613e-05
8.61288e-05
8.61276e-05
8.61264e-05
8.61252e-05
8.61239e-05
8.61227e-05
8.61215e-05
8.61203e-05
8.61191e-05
8.61179e-05
8.61167e-05
8.61155e-05
8.61143e-05
8.6113e-05
8.61118e-05
8.61106e-05
8.61094e-05
8.61082e-05
8.6107e-05
8.61058e-05
8.61047e-05
8.61035e-05
8.61023e-05
8.61011e-05
8.60999e-05
8.60987e-05
8.60975e-05
8.60963e-05
8.60951e-05
8.6094e-05
8.60928e-05
8.60916e-05
8.60904e-05
8.60892e-05
8.60881e-05
8.60869e-05
8.60857e-05
8.60845e-05
8.60834e-05
8.60822e-05
8.6081e-05
8.60799e-05
8.60787e-05
8.60775e-05
8.60764e-05
8.60752e-05
8.60741e-05
8.60729e-05
8.60717e-05
8.60706e-05
8.60694e-05
8.60683e-05
8.60671e-05
8.6066e-05
8.60648e-05
8.60637e-05
8.60625e-05
8.60614e-05
8.60602e-05
8.60591e-05
8.60579e-05
8.60568e-05
8.60557e-05
8.60545e-05
8.60534e-05
8.60523e-05
8.60511e-05
8.605e-05
8.60489e-05
8.60477e-05
8.60466e-05
8.60455e-05
8.60443e-05
8.60432e-05
8.60421e-05
8.6041e-05
8.60398e-05
8.60387e-05
8.60376e-05
8.60365e-05
8.60354e-05
8.60343e-05
8.60331e-05
8.6032e-05
8.60309e-05
8.60298e-05
8.60287e-05
8.60276e-05
8.60265e-05
8.60254e-05
8.60243e-05
8.60232e-05
8.60221e-05
8.6021e-05
8.60199e-05
8.60188e-05
8.60177e-05
8.60166e-05
8.60155e-05
8.60144e-05
8.60133e-05
8.60122e-05
8.60111e-05
8.601e-05
8.60089e-05
8.60079e-05
8.60068e-05
8.60057e-05
8.60046e-05
8.60035e-05
8.60024e-05
8.60014e-05
8.60003e-05
8.59992e-05
8.59981e-05
8.59971e-05
8.5996e-05
8.59949e-05
8.59938e-05
8.59928e-05
8.59917e-05
8.59906e-05
8.59896e-05
8.59885e-05
8.59874e-05
8.59864e-05
8.59853e-05
8.59842e-05
8.59832e-05
8.59821e-05
8.59811e-05
8.598e-05
8.5979e-05
8.59779e-05
8.59769e-05
8.59758e-05
8.59748e-05
8.59737e-05
8.59727e-05
8.59716e-05
8.59706e-05
8.59695e-05
8.59685e-05
8.59674e-05
8.59664e-05
8.59654e-05
8.59643e-05
8.59633e-05
8.59622e-05
8.59612e-05
8.59602e-05
8.59591e-05
8.59581e-05
8.59571e-05
8.5956e-05
8.5955e-05
8.5954e-05
8.5953e-05
8.59519e-05
8.59509e-05
8.59499e-05
8.59489e-05
8.59479e-05
8.59468e-05
8.59458e-05
8.59448e-05
8.59438e-05
8.59428e-05
8.59417e-05
8.59407e-05
8.59397e-05
8.59387e-05
8.59377e-05
8.59367e-05
8.59357e-05
8.59347e-05
8.59337e-05
8.59327e-05
8.59317e-05
8.59307e-05
8.59297e-05
8.59287e-05
8.59277e-05
8.59267e-05
8.59257e-05
8.59247e-05
8.59237e-05
8.59227e-05
8.59217e-05
8.59207e-05
8.59197e-05
8.59187e-05
8.59177e-05
8.59168e-05
8.59158e-05
8.59148e-05
8.59138e-05
8.59128e-05
8.59118e-05
8.59109e-05
8.59099e-05
8.59089e-05
8.59079e-05
8.59069e-05
8.5906e-05
8.5905e-05
8.5904e-05
8.5903e-05
8.59021e-05
8.59011e-05
8.59001e-05
8.58992e-05
8.58982e-05
8.58972e-05
8.58963e-05
8.58953e-05
8.58943e-05
8.58934e-05
8.58924e-05
8.58915e-05
8.58905e-05
8.58895e-05
8.58886e-05
8.58876e-05
8.58867e-05
8.58857e-05
8.58848e-05
8.58838e-05
8.58829e-05
8.58819e-05
8.5881e-05
8.588e-05
8.58791e-05
8.58781e-05
8.58772e-05
8.58762e-05
8.58753e-05
8.58744e-05
8.58734e-05
8.58725e-05
8.58715e-05
8.58706e-05
8.58697e-05
8.58687e-05
8.58678e-05
8.58669e-05
8.58659e-05
8.5865e-05
8.58641e-05
8.58631e-05
8.58622e-05
8.58613e-05
8.58604e-05
8.58594e-05
8.58585e-05
8.58576e-05
8.58567e-05
8.58557e-05
8.58548e-05
8.58539e-05
8.5853e-05
8.58521e-05
8.58512e-05
8.58502e-05
8.58493e-05
8.58484e-05
8.58475e-05
8.58466e-05
8.58457e-05
8.58448e-05
8.58439e-05
8.5843e-05
8.5842e-05
8.58411e-05
8.58402e-05
8.58393e-05
8.58384e-05
8.58375e-05
8.58366e-05
8.58357e-05
8.58348e-05
8.58339e-05
8.5833e-05
8.58321e-05
8.58312e-05
8.58304e-05
8.58295e-05
8.58286e-05
8.58277e-05
8.58268e-05
8.58259e-05
8.5825e-05
8.58241e-05
8.58232e-05
8.58224e-05
8.58215e-05
8.58206e-05
8.58197e-05
8.58188e-05
8.58179e-05
8.58171e-05
8.58162e-05
8.58153e-05
8.58144e-05
8.58135e-05
8.58127e-05
8.58118e-05
8.58109e-05
8.58101e-05
8.58092e-05
8.58083e-05
8.58074e-05
8.58066e-05
8.58057e-05
8.58048e-05
8.5804e-05
8.58031e-05
8.58022e-05
8.58014e-05
8.58005e-05
8.57997e-05
8.57988e-05
8.57979e-05
8.57971e-05
8.57962e-05
8.57954e-05
8.57945e-05
8.57937e-05
8.57928e-05
8.5792e-05
8.57911e-05
8.57903e-05
8.57894e-05
8.57886e-05
8.57877e-05
8.57869e-05
8.5786e-05
8.57852e-05
8.57843e-05
8.57835e-05
8.57826e-05
8.57818e-05
8.5781e-05
8.57801e-05
8.57793e-05
8.57784e-05
8.57776e-05
8.57768e-05
8.57759e-05
8.57751e-05
8.57743e-05
8.57734e-05
8.57726e-05
8.57718e-05
8.57709e-05
8.57701e-05
8.57693e-05
8.57685e-05
8.57676e-05
8.57668e-05
8.5766e-05
8.57652e-05
8.57643e-05
8.57635e-05
8.57627e-05
8.57619e-05
8.5761e-05
8.57602e-05
8.57594e-05
8.57586e-05
8.57578e-05
8.5757e-05
8.57561e-05
8.57553e-05
8.57545e-05
8.57537e-05
8.57529e-05
8.57521e-05
8.57513e-05
8.57505e-05
8.57497e-05
8.57489e-05
8.57481e-05
8.57472e-05
8.57464e-05
8.57456e-05
8.57448e-05
8.5744e-05
8.57432e-05
8.57424e-05
8.57416e-05
8.57408e-05
8.574e-05
8.57392e-05
8.57385e-05
8.57377e-05
8.57369e-05
8.57361e-05
8.57353e-05
8.57345e-05
8.57337e-05
8.57329e-05
8.57321e-05
8.57313e-05
8.57305e-05
8.57298e-05
8.5729e-05
8.57282e-05
8.57274e-05
8.57266e-05
8.57258e-05
8.57251e-05
8.57243e-05
8.57235e-05
8.57227e-05
8.57219e-05
8.57212e-05
8.57204e-05
8.57196e-05
8.57188e-05
8.57181e-05
8.57173e-05
8.57165e-05
8.57158e-05
8.5715e-05
8.57142e-05
8.57135e-05
8.57127e-05
8.57119e-05
8.57112e-05
8.57104e-05
8.57096e-05
8.57089e-05
8.57081e-05
8.57073e-05
8.57066e-05
8.57058e-05
8.57051e-05
8.57043e-05
8.57035e-05
8.57028e-05
8.5702e-05
8.57013e-05
8.57005e-05
8.56998e-05
8.5699e-05
8.56983e-05
8.56975e-05
8.56968e-05
8.5696e-05
8.56953e-05
8.56945e-05
8.56938e-05
8.5693e-05
8.56923e-05
8.56915e-05
8.56908e-05
8.569e-05
8.56893e-05
8.56885e-05
8.56878e-05
8.56871e-05
8.56863e-05
8.56856e-05
8.56849e-05
8.56841e-05
8.56834e-05
8.56826e-05
8.56819e-05
8.56812e-05
8.56804e-05
8.56797e-05
8.5679e-05
8.56782e-05
8.56775e-05
8.56768e-05
8.56761e-05
8.56753e-05
8.56746e-05
8.56739e-05
8.56732e-05
8.56724e-05
8.56717e-05
8.5671e-05
8.56703e-05
8.56695e-05
8.56688e-05
8.56681e-05
8.56674e-05
8.56667e-05
8.56659e-05
8.56652e-05
8.56645e-05
8.56638e-05
8.56631e-05
8.56624e-05
8.56617e-05
8.56609e-05
8.56602e-05
8.56595e-05
8.56588e-05
8.56581e-05
8.56574e-05
8.56567e-05
8.5656e-05
8.56553e-05
8.56546e-05
8.56539e-05
8.56532e-05
8.56525e-05
8.56517e-05
8.5651e-05
8.56503e-05
8.56496e-05
8.56489e-05
8.56482e-05
8.56475e-05
8.56469e-05
8.56462e-05
8.56455e-05
8.56448e-05
8.56441e-05
8.56434e-05
8.56427e-05
8.5642e-05
8.56413e-05
8.56406e-05
8.56399e-05
8.56392e-05
8.56385e-05
8.56379e-05
8.56372e-05
8.56365e-05
8.56358e-05
8.56351e-05
8.56344e-05
8.56337e-05
8.56331e-05
8.56324e-05
8.56317e-05
8.5631e-05
8.56303e-05
8.56297e-05
8.5629e-05
8.56283e-05
8.56276e-05
8.5627e-05
8.56263e-05
8.56256e-05
8.56249e-05
8.56243e-05
8.56236e-05
8.56229e-05
8.56222e-05
8.56216e-05
8.56209e-05
8.56202e-05
8.56196e-05
8.56189e-05
8.56182e-05
8.56176e-05
8.56169e-05
8.56162e-05
8.56156e-05
8.56149e-05
8.56142e-05
8.56136e-05
8.56129e-05
8.56123e-05
8.56116e-05
8.56109e-05
8.56103e-05
8.56096e-05
8.5609e-05
8.56083e-05
8.56077e-05
8.5607e-05
8.56063e-05
8.56057e-05
8.5605e-05
8.56044e-05
8.56037e-05
8.56031e-05
8.56024e-05
8.56018e-05
8.56011e-05
8.56005e-05
8.55998e-05
8.55992e-05
8.55986e-05
8.55979e-05
8.55973e-05
8.55966e-05
8.5596e-05
8.55953e-05
8.55947e-05
8.55941e-05
8.55934e-05
8.55928e-05
8.55921e-05
8.55915e-05
8.55909e-05
8.55902e-05
8.55896e-05
8.55889e-05
8.55883e-05
8.55877e-05
8.5587e-05
8.55864e-05
8.55858e-05
8.55851e-05
8.55845e-05
8.55839e-05
8.55833e-05
8.55826e-05
8.5582e-05
8.55814e-05
8.55807e-05
8.55801e-05
8.55795e-05
8.55789e-05
8.55782e-05
8.55776e-05
8.5577e-05
8.55764e-05
8.55758e-05
8.55751e-05
8.55745e-05
8.55739e-05
8.55733e-05
8.55727e-05
8.5572e-05
8.55714e-05
8.55708e-05
8.55702e-05
8.55696e-05
8.5569e-05
8.55683e-05
8.55677e-05
8.55671e-05
8.55665e-05
8.55659e-05
8.55653e-05
8.55647e-05
8.55641e-05
8.55635e-05
8.55629e-05
8.55622e-05
8.55616e-05
8.5561e-05
8.55604e-05
8.55598e-05
8.55592e-05
8.55586e-05
8.5558e-05
8.55574e-05
8.55568e-05
8.55562e-05
8.55556e-05
8.5555e-05
8.55544e-05
8.55538e-05
8.55532e-05
8.55526e-05
8.5552e-05
8.55514e-05
8.55508e-05
8.55502e-05
8.55496e-05
8.5549e-05
8.55485e-05
8.55479e-05
8.55473e-05
8.55467e-05
8.55461e-05
8.55455e-05
8.55449e-05
8.55443e-05
8.55437e-05
8.55431e-05
8.55426e-05
8.5542e-05
8.55414e-05
8.55408e-05
8.55402e-05
8.55396e-05
8.55391e-05
8.55385e-05
8.55379e-05
8.55373e-05
8.55367e-05
8.55362e-05
8.55356e-05
8.5535e-05
8.55344e-05
8.55338e-05
8.55333e-05
8.55327e-05
8.55321e-05
8.55315e-05
8.5531e-05
8.55304e-05
8.55298e-05
8.55292e-05
8.55287e-05
8.55281e-05
8.55275e-05
8.5527e-05
8.55264e-05
8.55258e-05
8.55253e-05
8.55247e-05
8.55241e-05
8.55236e-05
8.5523e-05
8.55224e-05
8.55219e-05
8.55213e-05
8.55207e-05
8.55202e-05
8.55196e-05
8.5519e-05
8.55185e-05
8.55179e-05
8.55174e-05
8.55168e-05
8.55162e-05
8.55157e-05
8.55151e-05
8.55146e-05
8.5514e-05
8.55135e-05
8.55129e-05
8.55123e-05
8.55118e-05
8.55112e-05
8.55107e-05
8.55101e-05
8.55096e-05
8.5509e-05
8.55085e-05
8.55079e-05
8.55074e-05
8.55068e-05
8.55063e-05
8.55057e-05
8.55052e-05
8.55046e-05
8.55041e-05
8.55036e-05
8.5503e-05
8.55025e-05
8.55019e-05
8.55014e-05
8.55008e-05
8.55003e-05
8.54998e-05
8.54992e-05
8.54987e-05
8.54981e-05
8.54976e-05
8.54971e-05
8.54965e-05
8.5496e-05
8.54954e-05
8.54949e-05
8.54944e-05
8.54938e-05
8.54933e-05
8.54928e-05
8.54922e-05
8.54917e-05
8.54912e-05
8.54906e-05
8.54901e-05
8.54896e-05
8.5489e-05
8.54885e-05
8.5488e-05
8.54875e-05
8.54869e-05
8.54864e-05
8.54859e-05
8.54853e-05
8.54848e-05
8.54843e-05
8.54838e-05
8.54832e-05
8.54827e-05
8.54822e-05
8.54817e-05
8.54812e-05
8.54806e-05
8.54801e-05
8.54796e-05
8.54791e-05
8.54786e-05
8.5478e-05
8.54775e-05
8.5477e-05
8.54765e-05
8.5476e-05
8.54755e-05
8.54749e-05
8.54744e-05
8.54739e-05
8.54734e-05
8.54729e-05
8.54724e-05
8.54719e-05
8.54713e-05
8.54708e-05
8.54703e-05
8.54698e-05
8.54693e-05
8.54688e-05
8.54683e-05
8.54678e-05
8.54673e-05
8.54668e-05
8.54663e-05
8.54658e-05
8.54652e-05
8.54647e-05
8.54642e-05
8.54637e-05
8.54632e-05
8.54627e-05
8.54622e-05
8.54617e-05
8.54612e-05
8.54607e-05
8.54602e-05
8.54597e-05
8.54592e-05
8.54587e-05
8.54582e-05
8.54577e-05
8.54572e-05
8.54567e-05
8.54562e-05
8.54557e-05
8.54553e-05
8.54548e-05
8.54543e-05
8.54538e-05
8.54533e-05
8.54528e-05
8.54523e-05
8.54518e-05
8.54513e-05
8.54508e-05
8.54503e-05
8.54498e-05
8.54494e-05
8.54489e-05
8.54484e-05
8.54479e-05
8.54474e-05
8.54469e-05
8.54464e-05
8.5446e-05
8.54455e-05
8.5445e-05
8.54445e-05
8.5444e-05
8.54435e-05
8.54431e-05
8.54426e-05
8.54421e-05
8.54416e-05
8.54411e-05
8.54406e-05
8.54402e-05
8.54397e-05
8.54392e-05
8.54387e-05
8.54383e-05
8.54378e-05
8.54373e-05
8.54368e-05
8.54364e-05
8.54359e-05
8.54354e-05
8.54349e-05
8.54345e-05
8.5434e-05
8.54335e-05
8.5433e-05
8.54326e-05
8.54321e-05
8.54316e-05
8.54312e-05
8.54307e-05
8.54302e-05
8.54298e-05
8.54293e-05
8.54288e-05
8.54284e-05
8.54279e-05
8.54274e-05
8.5427e-05
8.54265e-05
8.5426e-05
8.54256e-05
8.54251e-05
8.54246e-05
8.54242e-05
8.54237e-05
8.54232e-05
8.54228e-05
8.54223e-05
8.54219e-05
8.54214e-05
8.54209e-05
8.54205e-05
8.542e-05
8.54196e-05
8.54191e-05
8.54187e-05
8.54182e-05
8.54177e-05
8.54173e-05
8.54168e-05
8.54164e-05
8.54159e-05
8.54155e-05
8.5415e-05
8.54146e-05
8.54141e-05
8.54137e-05
8.54132e-05
8.54128e-05
8.54123e-05
8.54119e-05
8.54114e-05
8.5411e-05
8.54105e-05
8.54101e-05
8.54096e-05
8.54092e-05
8.54087e-05
8.54083e-05
8.54078e-05
8.54074e-05
8.54069e-05
8.54065e-05
8.54061e-05
8.54056e-05
8.54052e-05
8.54047e-05
8.54043e-05
8.54038e-05
8.54034e-05
8.5403e-05
8.54025e-05
8.54021e-05
8.54016e-05
8.54012e-05
8.54008e-05
8.54003e-05
8.53999e-05
8.53995e-05
8.5399e-05
8.53986e-05
8.53982e-05
8.53977e-05
8.53973e-05
8.53968e-05
8.53964e-05
8.5396e-05
8.53955e-05
8.53951e-05
8.53947e-05
8.53943e-05
8.53938e-05
8.53934e-05
8.5393e-05
8.53925e-05
8.53921e-05
8.53917e-05
8.53912e-05
8.53908e-05
8.53904e-05
8.539e-05
8.53895e-05
8.53891e-05
8.53887e-05
8.53883e-05
8.53878e-05
8.53874e-05
8.5387e-05
8.53866e-05
8.53861e-05
8.53857e-05
8.53853e-05
8.53849e-05
8.53844e-05
8.5384e-05
8.53836e-05
8.53832e-05
8.53828e-05
8.53823e-05
8.53819e-05
8.53815e-05
8.53811e-05
8.53807e-05
8.53803e-05
8.53798e-05
8.53794e-05
8.5379e-05
8.53786e-05
8.53782e-05
8.53778e-05
8.53773e-05
8.53769e-05
8.53765e-05
8.53761e-05
8.53757e-05
8.53753e-05
8.53749e-05
8.53745e-05
8.5374e-05
8.53736e-05
8.53732e-05
8.53728e-05
8.53724e-05
8.5372e-05
8.53716e-05
8.53712e-05
8.53708e-05
8.53704e-05
8.537e-05
8.53696e-05
8.53691e-05
8.53687e-05
8.53683e-05
8.53679e-05
8.53675e-05
8.53671e-05
8.53667e-05
8.53663e-05
8.53659e-05
8.53655e-05
8.53651e-05
8.53647e-05
8.53643e-05
8.53639e-05
8.53635e-05
8.53631e-05
8.53627e-05
8.53623e-05
8.53619e-05
8.53615e-05
8.53611e-05
8.53607e-05
8.53603e-05
8.53599e-05
8.53595e-05
8.53591e-05
8.53587e-05
8.53583e-05
8.5358e-05
8.53576e-05
8.53572e-05
8.53568e-05
8.53564e-05
8.5356e-05
8.53556e-05
8.53552e-05
8.53548e-05
8.53544e-05
8.5354e-05
8.53536e-05
8.53533e-05
8.53529e-05
8.53525e-05
8.53521e-05
8.53517e-05
8.53513e-05
8.53509e-05
8.53505e-05
8.53501e-05
8.53498e-05
8.53494e-05
8.5349e-05
8.53486e-05
8.53482e-05
8.53478e-05
8.53475e-05
8.53471e-05
8.53467e-05
8.53463e-05
8.53459e-05
8.53455e-05
8.53452e-05
8.53448e-05
8.53444e-05
8.5344e-05
8.53436e-05
8.53433e-05
8.53429e-05
8.53425e-05
8.53421e-05
8.53417e-05
8.53414e-05
8.5341e-05
8.53406e-05
8.53402e-05
8.53399e-05
8.53395e-05
8.53391e-05
8.53387e-05
8.53384e-05
8.5338e-05
8.53376e-05
8.53372e-05
8.53369e-05
8.53365e-05
8.53361e-05
8.53357e-05
8.53354e-05
8.5335e-05
8.53346e-05
8.53343e-05
8.53339e-05
8.53335e-05
8.53332e-05
8.53328e-05
8.53324e-05
8.53321e-05
8.53317e-05
8.53313e-05
8.53309e-05
8.53306e-05
8.53302e-05
8.53299e-05
8.53295e-05
8.53291e-05
8.53288e-05
8.53284e-05
8.5328e-05
8.53277e-05
8.53273e-05
8.53269e-05
8.53266e-05
8.53262e-05
8.53258e-05
8.53255e-05
8.53251e-05
8.53248e-05
8.53244e-05
8.5324e-05
8.53237e-05
8.53233e-05
8.5323e-05
8.53226e-05
8.53223e-05
8.53219e-05
8.53215e-05
8.53212e-05
8.53208e-05
8.53205e-05
8.53201e-05
8.53198e-05
8.53194e-05
8.5319e-05
8.53187e-05
8.53183e-05
8.5318e-05
8.53176e-05
8.53173e-05
8.53169e-05
8.53166e-05
8.53162e-05
8.53159e-05
8.53155e-05
8.53152e-05
8.53148e-05
8.53145e-05
8.53141e-05
8.53138e-05
8.53134e-05
8.53131e-05
8.53127e-05
8.53124e-05
8.5312e-05
8.53117e-05
8.53113e-05
8.5311e-05
8.53106e-05
8.53103e-05
8.53099e-05
8.53096e-05
8.53092e-05
8.53089e-05
8.53086e-05
8.53082e-05
8.53079e-05
8.53075e-05
8.53072e-05
8.53068e-05
8.53065e-05
8.53062e-05
8.53058e-05
8.53055e-05
8.53051e-05
8.53048e-05
8.53045e-05
8.53041e-05
8.53038e-05
8.53034e-05
8.53031e-05
8.53028e-05
8.53024e-05
8.53021e-05
8.53017e-05
8.53014e-05
8.53011e-05
8.53007e-05
8.53004e-05
8.53001e-05
8.52997e-05
8.52994e-05
8.52991e-05
8.52987e-05
8.52984e-05
8.52981e-05
8.52977e-05
8.52974e-05
8.52971e-05
8.52967e-05
8.52964e-05
8.52961e-05
8.52957e-05
8.52954e-05
8.52951e-05
8.52947e-05
8.52944e-05
8.52941e-05
8.52937e-05
8.52934e-05
8.52931e-05
8.52928e-05
8.52924e-05
8.52921e-05
8.52918e-05
8.52914e-05
8.52911e-05
8.52908e-05
8.52905e-05
8.52901e-05
8.52898e-05
8.52895e-05
8.52892e-05
8.52888e-05
8.52885e-05
8.52882e-05
8.52879e-05
8.52875e-05
8.52872e-05
8.52869e-05
8.52866e-05
8.52862e-05
8.52859e-05
8.52856e-05
8.52853e-05
8.5285e-05
8.52846e-05
8.52843e-05
8.5284e-05
8.52837e-05
8.52834e-05
8.5283e-05
8.52827e-05
8.52824e-05
8.52821e-05
8.52818e-05
8.52815e-05
8.52811e-05
8.52808e-05
8.52805e-05
8.52802e-05
8.52799e-05
8.52796e-05
8.52792e-05
8.52789e-05
8.52786e-05
8.52783e-05
8.5278e-05
8.52777e-05
8.52774e-05
8.5277e-05
8.52767e-05
8.52764e-05
8.52761e-05
8.52758e-05
8.52755e-05
8.52752e-05
8.52749e-05
8.52746e-05
8.52742e-05
8.52739e-05
8.52736e-05
8.52733e-05
8.5273e-05
8.52727e-05
8.52724e-05
8.52721e-05
8.52718e-05
8.52715e-05
8.52712e-05
8.52709e-05
8.52705e-05
8.52702e-05
8.52699e-05
8.52696e-05
8.52693e-05
8.5269e-05
8.52687e-05
8.52684e-05
8.52681e-05
8.52678e-05
8.52675e-05
8.52672e-05
8.52669e-05
8.52666e-05
8.52663e-05
8.5266e-05
8.52657e-05
8.52654e-05
8.52651e-05
8.52648e-05
8.52645e-05
8.52642e-05
8.52639e-05
8.52636e-05
8.52633e-05
8.5263e-05
8.52627e-05
8.52624e-05
8.52621e-05
8.52618e-05
8.52615e-05
8.52612e-05
8.52609e-05
8.52606e-05
8.52603e-05
8.526e-05
8.52597e-05
8.52594e-05
8.52591e-05
8.52588e-05
8.52585e-05
8.52582e-05
8.52579e-05
8.52576e-05
8.52574e-05
8.52571e-05
8.52568e-05
8.52565e-05
8.52562e-05
8.52559e-05
8.52556e-05
8.52553e-05
8.5255e-05
8.52547e-05
8.52544e-05
8.52541e-05
8.52539e-05
8.52536e-05
8.52533e-05
8.5253e-05
8.52527e-05
8.52524e-05
8.52521e-05
8.52518e-05
8.52515e-05
8.52513e-05
8.5251e-05
8.52507e-05
8.52504e-05
8.52501e-05
8.52498e-05
8.52495e-05
8.52493e-05
8.5249e-05
8.52487e-05
8.52484e-05
8.52481e-05
8.52478e-05
8.52475e-05
8.52473e-05
8.5247e-05
8.52467e-05
8.52464e-05
8.52461e-05
8.52458e-05
8.52456e-05
8.52453e-05
8.5245e-05
8.52447e-05
8.52444e-05
8.52442e-05
8.52439e-05
8.52436e-05
8.52433e-05
8.5243e-05
8.52428e-05
8.52425e-05
8.52422e-05
8.52419e-05
8.52417e-05
8.52414e-05
8.52411e-05
8.52408e-05
8.52405e-05
8.52403e-05
8.524e-05
8.52397e-05
8.52394e-05
8.52392e-05
8.52389e-05
8.52386e-05
8.52383e-05
8.52381e-05
8.52378e-05
8.52375e-05
8.52372e-05
8.5237e-05
8.52367e-05
8.52364e-05
8.52361e-05
8.52359e-05
8.52356e-05
8.52353e-05
8.52351e-05
8.52348e-05
8.52345e-05
8.52342e-05
8.5234e-05
8.52337e-05
8.52334e-05
8.52332e-05
8.52329e-05
8.52326e-05
8.52324e-05
8.52321e-05
8.52318e-05
8.52316e-05
8.52313e-05
8.5231e-05
8.52307e-05
8.52305e-05
8.52302e-05
8.52299e-05
8.52297e-05
8.52294e-05
8.52291e-05
8.52289e-05
8.52286e-05
8.52284e-05
8.52281e-05
8.52278e-05
8.52276e-05
8.52273e-05
8.5227e-05
8.52268e-05
8.52265e-05
8.52262e-05
8.5226e-05
8.52257e-05
8.52255e-05
8.52252e-05
8.52249e-05
8.52247e-05
8.52244e-05
8.52241e-05
8.52239e-05
8.52236e-05
8.52234e-05
8.52231e-05
8.52228e-05
8.52226e-05
8.52223e-05
8.52221e-05
8.52218e-05
8.52216e-05
8.52213e-05
8.5221e-05
8.52208e-05
8.52205e-05
8.52203e-05
8.522e-05
8.52198e-05
8.52195e-05
8.52192e-05
8.5219e-05
8.52187e-05
8.52185e-05
8.52182e-05
8.5218e-05
8.52177e-05
8.52175e-05
8.52172e-05
8.52169e-05
8.52167e-05
8.52164e-05
8.52162e-05
8.52159e-05
8.52157e-05
8.52154e-05
8.52152e-05
8.52149e-05
8.52147e-05
8.52144e-05
8.52142e-05
8.52139e-05
8.52137e-05
8.52134e-05
8.52132e-05
8.52129e-05
8.52127e-05
8.52124e-05
8.52122e-05
8.52119e-05
8.52117e-05
8.52114e-05
8.52112e-05
8.52109e-05
8.52107e-05
8.52104e-05
8.52102e-05
8.52099e-05
8.52097e-05
8.52094e-05
8.52092e-05
8.52089e-05
8.52087e-05
8.52085e-05
8.52082e-05
8.5208e-05
8.52077e-05
8.52075e-05
8.52072e-05
8.5207e-05
8.52067e-05
8.52065e-05
8.52063e-05
8.5206e-05
8.52058e-05
8.52055e-05
8.52053e-05
8.5205e-05
8.52048e-05
8.52046e-05
8.52043e-05
8.52041e-05
8.52038e-05
8.52036e-05
8.52033e-05
8.52031e-05
8.52029e-05
8.52026e-05
8.52024e-05
8.52021e-05
8.52019e-05
8.52017e-05
8.52014e-05
8.52012e-05
8.5201e-05
8.52007e-05
8.52005e-05
8.52002e-05
8.52e-05
8.51998e-05
8.51995e-05
8.51993e-05
8.51991e-05
8.51988e-05
8.51986e-05
8.51983e-05
8.51981e-05
8.51979e-05
8.51976e-05
8.51974e-05
8.51972e-05
8.51969e-05
8.51967e-05
8.51965e-05
8.51962e-05
8.5196e-05
8.51958e-05
8.51955e-05
8.51953e-05
8.51951e-05
8.51948e-05
8.51946e-05
8.51944e-05
8.51941e-05
8.51939e-05
8.51937e-05
8.51934e-05
8.51932e-05
8.5193e-05
8.51927e-05
8.51925e-05
8.51923e-05
8.51921e-05
8.51918e-05
8.51916e-05
8.51914e-05
8.51911e-05
8.51909e-05
8.51907e-05
8.51905e-05
8.51902e-05
8.519e-05
8.51898e-05
8.51895e-05
8.51893e-05
8.51891e-05
8.51889e-05
8.51886e-05
8.51884e-05
8.51882e-05
8.5188e-05
8.51877e-05
8.51875e-05
8.51873e-05
8.51871e-05
8.51868e-05
8.51866e-05
8.51864e-05
8.51862e-05
8.51859e-05
8.51857e-05
8.51855e-05
8.51853e-05
8.5185e-05
8.51848e-05
8.51846e-05
8.51844e-05
8.51841e-05
8.51839e-05
8.51837e-05
8.51835e-05
8.51833e-05
8.5183e-05
8.51828e-05
8.51826e-05
8.51824e-05
8.51822e-05
8.51819e-05
8.51817e-05
8.51815e-05
8.51813e-05
8.51811e-05
8.51808e-05
8.51806e-05
8.51804e-05
8.51802e-05
8.518e-05
8.51797e-05
8.51795e-05
8.51793e-05
8.51791e-05
8.51789e-05
8.51787e-05
8.51784e-05
8.51782e-05
8.5178e-05
8.51778e-05
8.51776e-05
8.51774e-05
8.51771e-05
8.51769e-05
8.51767e-05
8.51765e-05
8.51763e-05
8.51761e-05
8.51759e-05
8.51756e-05
8.51754e-05
8.51752e-05
8.5175e-05
8.51748e-05
8.51746e-05
8.51744e-05
8.51741e-05
8.51739e-05
8.51737e-05
8.51735e-05
8.51733e-05
8.51731e-05
8.51729e-05
8.51727e-05
8.51724e-05
8.51722e-05
8.5172e-05
8.51718e-05
8.51716e-05
8.51714e-05
8.51712e-05
8.5171e-05
8.51708e-05
8.51706e-05
8.51703e-05
8.51701e-05
8.51699e-05
8.51697e-05
8.51695e-05
8.51693e-05
8.51691e-05
8.51689e-05
8.51687e-05
8.51685e-05
8.51683e-05
8.51681e-05
8.51679e-05
8.51676e-05
8.51674e-05
8.51672e-05
8.5167e-05
8.51668e-05
8.51666e-05
8.51664e-05
8.51662e-05
8.5166e-05
8.51658e-05
8.51656e-05
8.51654e-05
8.51652e-05
8.5165e-05
8.51648e-05
8.51646e-05
8.51644e-05
8.51642e-05
8.5164e-05
8.51638e-05
8.51636e-05
8.51633e-05
8.51631e-05
8.51629e-05
8.51627e-05
8.51625e-05
8.51623e-05
8.51621e-05
8.51619e-05
8.51617e-05
8.51615e-05
8.51613e-05
8.51611e-05
8.51609e-05
8.51607e-05
8.51605e-05
8.51603e-05
8.51601e-05
8.51599e-05
8.51597e-05
8.51595e-05
8.51593e-05
8.51591e-05
8.51589e-05
8.51587e-05
8.51585e-05
8.51583e-05
8.51581e-05
8.5158e-05
8.51578e-05
8.51576e-05
8.51574e-05
8.51572e-05
8.5157e-05
8.51568e-05
8.51566e-05
8.51564e-05
8.51562e-05
8.5156e-05
8.51558e-05
8.51556e-05
8.51554e-05
8.51552e-05
8.5155e-05
8.51548e-05
8.51546e-05
8.51544e-05
8.51542e-05
8.5154e-05
8.51538e-05
8.51537e-05
8.51535e-05
8.51533e-05
8.51531e-05
8.51529e-05
8.51527e-05
8.51525e-05
8.51523e-05
8.51521e-05
8.51519e-05
8.51517e-05
8.51515e-05
8.51513e-05
8.51512e-05
8.5151e-05
8.51508e-05
8.51506e-05
8.51504e-05
8.51502e-05
8.515e-05
8.51498e-05
8.51496e-05
8.51494e-05
8.51493e-05
8.51491e-05
8.51489e-05
8.51487e-05
8.51485e-05
8.51483e-05
8.51481e-05
8.51479e-05
8.51477e-05
8.51476e-05
8.51474e-05
8.51472e-05
8.5147e-05
8.51468e-05
8.51466e-05
8.51464e-05
8.51462e-05
8.51461e-05
8.51459e-05
8.51457e-05
8.51455e-05
8.51453e-05
8.51451e-05
8.51449e-05
8.51448e-05
8.51446e-05
8.51444e-05
8.51442e-05
8.5144e-05
8.51438e-05
8.51437e-05
8.51435e-05
8.51433e-05
8.51431e-05
8.51429e-05
8.51427e-05
8.51426e-05
8.51424e-05
8.51422e-05
8.5142e-05
8.51418e-05
8.51416e-05
8.51415e-05
8.51413e-05
8.51411e-05
8.51409e-05
8.51407e-05
8.51406e-05
8.51404e-05
8.51402e-05
8.514e-05
8.51398e-05
8.51396e-05
8.51395e-05
8.51393e-05
8.51391e-05
8.51389e-05
8.51387e-05
8.51386e-05
8.51384e-05
8.51382e-05
8.5138e-05
8.51379e-05
8.51377e-05
8.51375e-05
8.51373e-05
8.51371e-05
8.5137e-05
8.51368e-05
8.51366e-05
8.51364e-05
8.51363e-05
8.51361e-05
8.51359e-05
8.51357e-05
8.51355e-05
8.51354e-05
8.51352e-05
8.5135e-05
8.51348e-05
8.51347e-05
8.51345e-05
8.51343e-05
8.51341e-05
8.5134e-05
8.51338e-05
8.51336e-05
8.51334e-05
8.51333e-05
8.51331e-05
8.51329e-05
8.51327e-05
8.51326e-05
8.51324e-05
8.51322e-05
8.51321e-05
8.51319e-05
8.51317e-05
8.51315e-05
8.51314e-05
8.51312e-05
8.5131e-05
8.51308e-05
8.51307e-05
8.51305e-05
8.51303e-05
8.51302e-05
8.513e-05
8.51298e-05
8.51296e-05
8.51295e-05
8.51293e-05
8.51291e-05
8.5129e-05
8.51288e-05
8.51286e-05
8.51285e-05
8.51283e-05
8.51281e-05
8.51279e-05
8.51278e-05
8.51276e-05
8.51274e-05
8.51273e-05
8.51271e-05
8.51269e-05
8.51268e-05
8.51266e-05
8.51264e-05
8.51263e-05
8.51261e-05
8.51259e-05
8.51258e-05
8.51256e-05
8.51254e-05
8.51253e-05
8.51251e-05
8.51249e-05
8.51248e-05
8.51246e-05
8.51244e-05
8.51243e-05
8.51241e-05
8.51239e-05
8.51238e-05
8.51236e-05
8.51234e-05
8.51233e-05
8.51231e-05
8.51229e-05
8.51228e-05
8.51226e-05
8.51224e-05
8.51223e-05
8.51221e-05
8.51219e-05
8.51218e-05
8.51216e-05
8.51215e-05
8.51213e-05
8.51211e-05
8.5121e-05
8.51208e-05
8.51206e-05
8.51205e-05
8.51203e-05
8.51202e-05
8.512e-05
8.51198e-05
8.51197e-05
8.51195e-05
8.51193e-05
8.51192e-05
8.5119e-05
8.51189e-05
8.51187e-05
8.51185e-05
8.51184e-05
8.51182e-05
8.51181e-05
8.51179e-05
8.51177e-05
8.51176e-05
8.51174e-05
8.51173e-05
8.51171e-05
8.51169e-05
8.51168e-05
8.51166e-05
8.51165e-05
8.51163e-05
8.51161e-05
8.5116e-05
8.51158e-05
8.51157e-05
8.51155e-05
8.51154e-05
8.51152e-05
8.5115e-05
8.51149e-05
8.51147e-05
8.51146e-05
8.51144e-05
8.51143e-05
8.51141e-05
8.51139e-05
8.51138e-05
8.51136e-05
8.51135e-05
8.51133e-05
8.51132e-05
8.5113e-05
8.51129e-05
8.51127e-05
8.51125e-05
8.51124e-05
8.51122e-05
8.51121e-05
8.51119e-05
8.51118e-05
8.51116e-05
8.51115e-05
8.51113e-05
8.51111e-05
8.5111e-05
8.51108e-05
8.51107e-05
8.51105e-05
8.51104e-05
8.51102e-05
8.51101e-05
8.51099e-05
8.51098e-05
8.51096e-05
8.51095e-05
8.51093e-05
8.51092e-05
8.5109e-05
8.51089e-05
8.51087e-05
8.51086e-05
8.51084e-05
8.51083e-05
8.51081e-05
8.51079e-05
8.51078e-05
8.51076e-05
8.51075e-05
8.51073e-05
8.51072e-05
8.5107e-05
8.51069e-05
8.51067e-05
8.51066e-05
8.51064e-05
8.51063e-05
8.51061e-05
8.5106e-05
8.51058e-05
8.51057e-05
8.51056e-05
8.51054e-05
8.51053e-05
8.51051e-05
8.5105e-05
8.51048e-05
8.51047e-05
8.51045e-05
8.51044e-05
8.51042e-05
8.51041e-05
8.51039e-05
8.51038e-05
8.51036e-05
8.51035e-05
8.51033e-05
8.51032e-05
8.5103e-05
8.51029e-05
8.51028e-05
8.51026e-05
8.51025e-05
8.51023e-05
8.51022e-05
8.5102e-05
8.51019e-05
8.51017e-05
8.51016e-05
8.51014e-05
8.51013e-05
8.51012e-05
8.5101e-05
8.51009e-05
8.51007e-05
8.51006e-05
8.51004e-05
8.51003e-05
8.51001e-05
8.51e-05
8.50999e-05
8.50997e-05
8.50996e-05
8.50994e-05
8.50993e-05
8.50991e-05
8.5099e-05
8.50989e-05
8.50987e-05
8.50986e-05
8.50984e-05
8.50983e-05
8.50981e-05
8.5098e-05
8.50979e-05
8.50977e-05
8.50976e-05
8.50974e-05
8.50973e-05
8.50971e-05
8.5097e-05
8.50969e-05
8.50967e-05
8.50966e-05
8.50964e-05
8.50963e-05
8.50962e-05
8.5096e-05
8.50959e-05
8.50957e-05
8.50956e-05
8.50955e-05
8.50953e-05
8.50952e-05
8.5095e-05
8.50949e-05
8.50948e-05
8.50946e-05
8.50945e-05
8.50944e-05
8.50942e-05
8.50941e-05
8.50939e-05
8.50938e-05
8.50937e-05
8.50935e-05
8.50934e-05
8.50932e-05
8.50931e-05
8.5093e-05
8.50928e-05
8.50927e-05
8.50926e-05
8.50924e-05
8.50923e-05
8.50922e-05
8.5092e-05
8.50919e-05
8.50917e-05
8.50916e-05
8.50915e-05
8.50913e-05
8.50912e-05
8.50911e-05
8.50909e-05
8.50908e-05
8.50907e-05
8.50905e-05
8.50904e-05
8.50903e-05
8.50901e-05
8.509e-05
8.50899e-05
8.50897e-05
8.50896e-05
8.50894e-05
8.50893e-05
8.50892e-05
8.5089e-05
8.50889e-05
8.50888e-05
8.50886e-05
8.50885e-05
8.50884e-05
8.50882e-05
8.50881e-05
8.5088e-05
8.50878e-05
8.50877e-05
8.50876e-05
8.50874e-05
8.50873e-05
8.50872e-05
8.50871e-05
8.50869e-05
8.50868e-05
8.50867e-05
8.50865e-05
8.50864e-05
8.50863e-05
8.50861e-05
8.5086e-05
8.50859e-05
8.50857e-05
8.50856e-05
8.50855e-05
8.50853e-05
8.50852e-05
8.50851e-05
8.5085e-05
8.50848e-05
8.50847e-05
8.50846e-05
8.50844e-05
8.50843e-05
8.50842e-05
8.50841e-05
8.50839e-05
8.50838e-05
8.50837e-05
8.50835e-05
8.50834e-05
8.50833e-05
8.50831e-05
8.5083e-05
8.50829e-05
8.50828e-05
8.50826e-05
8.50825e-05
8.50824e-05
8.50823e-05
8.50821e-05
8.5082e-05
8.50819e-05
8.50817e-05
8.50816e-05
8.50815e-05
8.50814e-05
8.50812e-05
8.50811e-05
8.5081e-05
8.50809e-05
8.50807e-05
8.50806e-05
8.50805e-05
8.50804e-05
8.50802e-05
8.50801e-05
8.508e-05
8.50799e-05
8.50797e-05
8.50796e-05
8.50795e-05
8.50793e-05
8.50792e-05
8.50791e-05
8.5079e-05
8.50789e-05
8.50787e-05
8.50786e-05
8.50785e-05
8.50784e-05
8.50782e-05
8.50781e-05
8.5078e-05
8.50779e-05
8.50777e-05
8.50776e-05
8.50775e-05
8.50774e-05
8.50772e-05
8.50771e-05
8.5077e-05
8.50769e-05
8.50767e-05
8.50766e-05
8.50765e-05
8.50764e-05
8.50763e-05
8.50761e-05
8.5076e-05
8.50759e-05
8.50758e-05
8.50757e-05
8.50755e-05
8.50754e-05
8.50753e-05
8.50752e-05
8.5075e-05
8.50749e-05
8.50748e-05
8.50747e-05
8.50746e-05
8.50744e-05
8.50743e-05
8.50742e-05
8.50741e-05
8.5074e-05
8.50738e-05
8.50737e-05
8.50736e-05
8.50735e-05
8.50734e-05
8.50732e-05
8.50731e-05
8.5073e-05
8.50729e-05
8.50728e-05
8.50726e-05
8.50725e-05
8.50724e-05
8.50723e-05
8.50722e-05
8.5072e-05
8.50719e-05
8.50718e-05
8.50717e-05
8.50716e-05
8.50715e-05
8.50713e-05
8.50712e-05
8.50711e-05
8.5071e-05
8.50709e-05
8.50708e-05
8.50706e-05
8.50705e-05
8.50704e-05
8.50703e-05
8.50702e-05
8.50701e-05
8.50699e-05
8.50698e-05
8.50697e-05
8.50696e-05
8.50695e-05
8.50694e-05
8.50692e-05
8.50691e-05
8.5069e-05
8.50689e-05
8.50688e-05
8.50687e-05
8.50685e-05
8.50684e-05
8.50683e-05
8.50682e-05
8.50681e-05
8.5068e-05
8.50679e-05
8.50677e-05
8.50676e-05
8.50675e-05
8.50674e-05
8.50673e-05
8.50672e-05
8.50671e-05
8.50669e-05
8.50668e-05
8.50667e-05
8.50666e-05
8.50665e-05
8.50664e-05
8.50663e-05
8.50661e-05
8.5066e-05
8.50659e-05
8.50658e-05
8.50657e-05
8.50656e-05
8.50655e-05
8.50654e-05
8.50652e-05
8.50651e-05
8.5065e-05
8.50649e-05
8.50648e-05
8.50647e-05
8.50646e-05
8.50645e-05
8.50643e-05
8.50642e-05
8.50641e-05
8.5064e-05
8.50639e-05
8.50638e-05
8.50637e-05
8.50636e-05
8.50635e-05
8.50633e-05
8.50632e-05
8.50631e-05
8.5063e-05
8.50629e-05
8.50628e-05
8.50627e-05
8.50626e-05
8.50625e-05
8.50624e-05
8.50622e-05
8.50621e-05
8.5062e-05
8.50619e-05
8.50618e-05
8.50617e-05
8.50616e-05
8.50615e-05
8.50614e-05
8.50613e-05
8.50612e-05
8.5061e-05
8.50609e-05
8.50608e-05
8.50607e-05
8.50606e-05
8.50605e-05
8.50604e-05
8.50603e-05
8.50602e-05
8.50601e-05
8.506e-05
8.50599e-05
8.50597e-05
8.50596e-05
8.50595e-05
8.50594e-05
8.50593e-05
8.50592e-05
8.50591e-05
8.5059e-05
8.50589e-05
8.50588e-05
8.50587e-05
8.50586e-05
8.50585e-05
8.50584e-05
8.50583e-05
8.50581e-05
8.5058e-05
8.50579e-05
8.50578e-05
8.50577e-05
8.50576e-05
8.50575e-05
8.50574e-05
8.50573e-05
8.50572e-05
8.50571e-05
8.5057e-05
8.50569e-05
8.50568e-05
8.50567e-05
8.50566e-05
8.50565e-05
8.50564e-05
8.50563e-05
8.50561e-05
8.5056e-05
8.50559e-05
8.50558e-05
8.50557e-05
8.50556e-05
8.50555e-05
8.50554e-05
8.50553e-05
8.50552e-05
8.50551e-05
8.5055e-05
8.50549e-05
8.50548e-05
8.50547e-05
8.50546e-05
8.50545e-05
8.50544e-05
8.50543e-05
8.50542e-05
8.50541e-05
8.5054e-05
8.50539e-05
8.50538e-05
8.50537e-05
8.50536e-05
8.50535e-05
8.50534e-05
8.50533e-05
8.50532e-05
8.50531e-05
8.5053e-05
8.50529e-05
8.50528e-05
8.50527e-05
8.50526e-05
8.50525e-05
8.50524e-05
8.50523e-05
8.50522e-05
8.50521e-05
8.5052e-05
8.50518e-05
8.50517e-05
8.50516e-05
8.50515e-05
8.50514e-05
8.50513e-05
8.50512e-05
8.50511e-05
8.5051e-05
8.50509e-05
8.50508e-05
8.50507e-05
8.50507e-05
8.50506e-05
8.50505e-05
8.50504e-05
8.50503e-05
8.50502e-05
8.50501e-05
8.505e-05
8.50499e-05
8.50498e-05
8.50497e-05
8.50496e-05
8.50495e-05
8.50494e-05
8.50493e-05
8.50492e-05
8.50491e-05
8.5049e-05
8.50489e-05
8.50488e-05
8.50487e-05
8.50486e-05
8.50485e-05
8.50484e-05
8.50483e-05
8.50482e-05
8.50481e-05
8.5048e-05
8.50479e-05
8.50478e-05
8.50477e-05
8.50476e-05
8.50475e-05
8.50474e-05
