0.5
0.495025
0.490099
0.485223
0.480395
0.475615
0.470882
0.466197
0.461558
0.456966
0.452419
0.447917
0.44346
0.439048
0.434679
0.430354
0.426072
0.421832
0.417635
0.41348
0.409365
0.405292
0.401259
0.397267
0.393314
0.3894
0.385526
0.38169
0.377892
0.374132
0.370409
0.366723
0.363075
0.359462
0.355885
0.352344
0.348838
0.345367
0.341931
0.338528
0.33516
0.331825
0.328523
0.325255
0.322018
0.318814
0.315642
0.312501
0.309392
0.306313
0.303265
0.300248
0.29726
0.294302
0.291374
0.288475
0.285605
0.282763
0.279949
0.277164
0.274406
0.271675
0.268972
0.266296
0.263646
0.261023
0.258426
0.255854
0.253308
0.250788
0.248293
0.245822
0.243376
0.240954
0.238557
0.236183
0.233833
0.231507
0.229203
0.226922
0.224664
0.222429
0.220216
0.218025
0.215855
0.213707
0.211581
0.209476
0.207391
0.205328
0.203285
0.201262
0.19926
0.197277
0.195314
0.193371
0.191446
0.189542
0.187656
0.185788
0.18394
0.182109
0.180297
0.178503
0.176727
0.174969
0.173228
0.171504
0.169798
0.168108
0.166436
0.164779
0.16314
0.161517
0.15991
0.158318
0.156743
0.155183
0.153639
0.152111
0.150597
0.149099
0.147615
0.146146
0.144692
0.143252
0.141827
0.140416
0.139019
0.137636
0.136266
0.13491
0.133568
0.132239
0.130923
0.129621
0.128331
0.127054
0.12579
0.124538
0.123299
0.122073
0.120858
0.119656
0.118465
0.117287
0.11612
0.114965
0.113821
0.112689
0.111568
0.110458
0.10936
0.108272
0.107196
0.10613
0.105074
0.10403
0.102995
0.101972
0.100958
0.0999549
0.0989617
0.0979786
0.0970054
0.096042
0.0950884
0.0941446
0.0932103
0.0922856
0.0913704
0.0904645
0.089568
0.0886807
0.0878027
0.0869338
0.0860739
0.0852231
0.0843813
0.0835483
0.0827243
0.081909
0.0811026
0.0803049
0.0795159
0.0787356
0.077964
0.077201
0.0764466
0.0757008
0.0749636
0.0742349
0.0735148
0.0728033
0.0721003
0.0714059
0.07072
0.0700428
0.0693741
0.0687141
0.0680627
0.06742
0.0667859
0.0661606
0.0655441
0.0649363
0.0643374
0.0637474
0.0631663
0.0625942
0.0620311
0.0614771
0.0609322
0.0603965
0.0598699
0.0593527
0.0588447
0.0583461
0.0578569
0.0573772
0.0569069
0.0564462
0.055995
0.0555533
0.0551212
0.0546988
0.054286
0.0538827
0.0534891
0.0531051
0.0527307
0.0523658
0.0520104
0.0516645
0.0513281
0.051001
0.0506831
0.0503745
0.0500751
0.0497846
0.0495031
0.0492304
0.0489665
0.0487111
0.0484641
0.0482254
0.0479949
0.0477724
0.0475578
0.0473508
0.0471514
0.0469593
0.0467743
0.0465964
0.0464253
0.0462608
0.0461028
0.0459511
0.0458055
0.0456657
0.0455317
0.0454033
0.0452802
0.0451623
0.0450494
0.0449414
0.044838
0.0447392
0.0446446
0.0445543
0.044468
0.0443855
0.0443068
0.0442316
0.0441598
0.0440914
0.0440261
0.0439638
0.0439044
0.0438478
0.0437939
0.0437424
0.0436935
0.0436468
0.0436024
0.04356
0.0435198
0.0434814
0.0434449
0.0434102
0.0433771
0.0433457
0.0433158
0.0432873
0.0432603
0.0432345
0.0432101
0.0431868
0.0431647
0.0431437
0.0431237
0.0431047
0.0430866
0.0430695
0.0430532
0.0430377
0.043023
0.043009
0.0429957
0.0429831
0.0429711
0.0429597
0.0429489
0.0429386
0.0429289
0.0429196
0.0429108
0.0429025
0.0428945
0.042887
0.0428799
0.0428731
0.0428666
0.0428605
0.0428547
0.0428492
0.0428439
0.0428389
0.0428342
0.0428297
0.0428255
0.0428214
0.0428176
0.0428139
0.0428105
0.0428072
0.0428041
0.0428011
0.0427983
0.0427957
0.0427931
0.0427907
0.0427885
0.0427863
0.0427842
0.0427823
0.0427804
0.0427787
0.042777
0.0427754
0.0427739
0.0427725
0.0427712
0.0427699
0.0427687
0.0427675
0.0427664
0.0427654
0.0427644
0.0427634
0.0427625
0.0427617
0.0427609
0.0427601
0.0427594
0.0427587
0.0427581
0.0427575
0.0427569
0.0427563
0.0427558
0.0427553
0.0427548
0.0427544
0.0427539
0.0427535
0.0427531
0.0427528
0.0427524
0.0427521
0.0427518
0.0427515
0.0427512
0.0427509
0.0427507
0.0427505
0.0427502
0.04275
0.0427498
0.0427496
0.0427494
0.0427492
0.0427491
0.0427489
0.0427488
0.0427486
0.0427485
0.0427484
0.0427482
0.0427481
0.042748
0.0427479
0.0427478
0.0427477
0.0427476
0.0427475
0.0427475
0.0427474
0.0427473
0.0427472
0.0427472
0.0427471
0.0427471
0.042747
0.042747
0.0427469
0.0427469
0.0427468
0.0427468
0.0427467
0.0427467
0.0427466
0.0427466
0.0427466
0.0427466
0.0427465
0.0427465
0.0427465
0.0427464
0.0427464
0.0427464
0.0427464
0.0427463
0.0427463
0.0427463
0.0427463
0.0427463
0.0427463
0.0427462
0.0427462
0.0427462
0.0427462
0.0427462
0.0427462
0.0427462
0.0427462
0.0427461
0.0427461
0.0427461
0.0427461
0.0427461
0.0427461
0.0427461
0.0427461
0.0427461
0.0427461
0.0427461
0.0427461
0.0427461
0.042746
0.042746
0.042746
0.042746
0.042746
0.042746
0.042746
0.042746
0.042746
0.042746
0.042746
0.042746
0.042746
0.042746
0.042746
0.042746
0.042746
0.042746
0.042746
0.042746
0.042746
0.042746
0.042746
0.042746
0.042746
0.0427459
0.0427459
0.0427459
0.0427459
0.0427459
0.0427459
0.0427459
0.0427459
0.0427459
0.0427459
0.0427459
0.0427459
0.0427459
0.0427459
0.0427459
0.0427459
0.0427459
0.0427459
0.0427459
0.0427459
0.0427459
0.0427459
0.0427459
0.0427459
0.0427459
0.0427459
0.0427459
0.0427459
0.0427458
0.0427458
0.0427458
0.0427458
0.0427458
0.0427458
0.0427458
0.0427458
0.0427458
0.0427458
0.0427458
0.0427458
0.0427458
0.0427458
0.0427458
0.0427458
0.0427458
0.0427458
0.0427457
0.0427457
0.0427457
0.0427457
0.0427457
0.0427457
0.0427457
0.0427457
0.0427457
0.0427457
0.0427457
0.0427457
0.0427457
0.0427456
0.0427456
0.0427456
0.0427456
0.0427456
0.0427456
0.0427456
0.0427456
0.0427456
0.0427456
0.0427455
0.0427455
0.0427455
0.0427455
0.0427455
0.0427455
0.0427455
0.0427455
0.0427454
0.0427454
0.0427454
0.0427454
0.0427454
0.0427454
0.0427454
0.0427453
0.0427453
0.0427453
0.0427453
0.0427453
0.0427453
0.0427452
0.0427452
0.0427452
0.0427452
0.0427452
0.0427451
0.0427451
0.0427451
0.0427451
0.0427451
0.042745
0.042745
0.042745
0.042745
0.042745
0.0427449
0.0427449
0.0427449
0.0427449
0.0427448
0.0427448
0.0427448
0.0427448
0.0427447
0.0427447
0.0427447
0.0427447
0.0427446
0.0427446
0.0427446
0.0427445
0.0427445
0.0427445
0.0427445
0.0427444
0.0427444
0.0427444
0.0427443
0.0427443
0.0427443
0.0427442
0.0427442
0.0427442
0.0427441
0.0427441
0.042744
0.042744
0.042744
0.0427439
0.0427439
0.0427438
0.0427438
0.0427438
0.0427437
0.0427437
0.0427436
0.0427436
0.0427435
0.0427435
0.0427435
0.0427434
0.0427434
0.0427433
0.0427433
0.0427432
0.0427432
0.0427431
0.0427431
0.042743
0.0427429
0.0427429
0.0427428
0.0427428
0.0427427
0.0427427
0.0427426
0.0427425
0.0427425
0.0427424
0.0427424
0.0427423
0.0427422
0.0427422
0.0427421
0.042742
0.042742
0.0427419
0.0427418
0.0427418
0.0427417
0.0427416
0.0427416
0.0427415
0.0427414
0.0427413
0.0427413
0.0427412
0.0427411
0.042741
0.0427409
0.0427409
0.0427408
0.0427407
0.0427406
0.0427405
0.0427404
0.0427404
0.0427403
0.0427402
0.0427401
0.04274
0.0427399
0.0427398
0.0427397
0.0427396
0.0427395
0.0427394
0.0427393
0.0427392
0.0427391
0.042739
0.0427389
0.0427388
0.0427387
0.0427386
0.0427385
0.0427384
0.0427383
0.0427381
0.042738
0.0427379
0.0427378
0.0427377
0.0427376
0.0427374
0.0427373
0.0427372
0.0427371
0.0427369
0.0427368
0.0427367
0.0427366
0.0427364
0.0427363
0.0427362
0.042736
0.0427359
0.0427357
0.0427356
0.0427355
0.0427353
0.0427352
0.042735
0.0427349
0.0427347
0.0427346
0.0427344
0.0427343
0.0427341
0.0427339
0.0427338
0.0427336
0.0427335
0.0427333
0.0427331
0.042733
0.0427328
0.0427326
0.0427325
0.0427323
0.0427321
0.0427319
0.0427317
0.0427316
0.0427314
0.0427312
0.042731
0.0427308
0.0427306
0.0427304
0.0427302
0.04273
0.0427299
0.0427297
0.0427294
0.0427292
0.042729
0.0427288
0.0427286
0.0427284
0.0427282
0.042728
0.0427278
0.0427276
0.0427273
0.0427271
0.0427269
0.0427267
0.0427264
0.0427262
0.042726
0.0427257
0.0427255
0.0427253
0.042725
0.0427248
0.0427245
0.0427243
0.042724
0.0427238
0.0427235
0.0427233
0.042723
0.0427227
0.0427225
0.0427222
0.0427219
0.0427217
0.0427214
0.0427211
0.0427209
0.0427206
0.0427203
0.04272
0.0427197
0.0427194
0.0427191
0.0427189
0.0427186
0.0427183
0.042718
0.0427177
0.0427174
0.042717
0.0427167
0.0427164
0.0427161
0.0427158
0.0427155
0.0427151
0.0427148
0.0427145
0.0427142
0.0427138
0.0427135
0.0427132
0.0427128
0.0427125
0.0427121
0.0427118
0.0427114
0.0427111
0.0427107
0.0427104
0.04271
0.0427096
0.0427093
0.0427089
0.0427085
0.0427081
0.0427078
0.0427074
0.042707
0.0427066
0.0427062
0.0427058
0.0427054
0.042705
0.0427046
0.0427042
0.0427038
0.0427034
0.042703
0.0427026
0.0427022
0.0427018
0.0427013
0.0427009
0.0427005
0.0427
0.0426996
0.0426992
0.0426987
0.0426983
0.0426978
0.0426974
0.0426969
0.0426965
0.042696
0.0426955
0.0426951
0.0426946
0.0426941
0.0426937
0.0426932
0.0426927
0.0426922
0.0426917
0.0426912
0.0426907
0.0426902
0.0426897
0.0426892
0.0426887
0.0426882
0.0426877
0.0426872
0.0426867
0.0426861
0.0426856
0.0426851
0.0426845
0.042684
0.0426835
0.0426829
0.0426824
0.0426818
0.0426813
0.0426807
0.0426801
0.0426796
0.042679
0.0426784
0.0426779
0.0426773
0.0426767
0.0426761
0.0426755
0.0426749
0.0426743
0.0426737
0.0426731
0.0426725
0.0426719
0.0426713
0.0426707
0.0426701
0.0426694
0.0426688
0.0426682
0.0426675
0.0426669
0.0426663
0.0426656
0.042665
0.0426643
0.0426636
0.042663
0.0426623
0.0426617
0.042661
0.0426603
0.0426596
0.0426589
0.0426583
0.0426576
0.0426569
0.0426562
0.0426555
0.0426548
0.0426541
0.0426533
0.0426526
0.0426519
0.0426512
0.0426505
0.0426497
0.042649
0.0426483
0.0426475
0.0426468
0.042646
0.0426453
0.0426445
0.0426437
0.042643
0.0426422
0.0426414
0.0426407
0.0426399
0.0426391
0.0426383
0.0426375
0.0426367
0.0426359
0.0426351
0.0426343
0.0426335
0.0426327
0.0426319
0.042631
0.0426302
0.0426294
0.0426285
0.0426277
0.0426269
0.042626
0.0426252
0.0426243
0.0426234
0.0426226
0.0426217
0.0426208
0.04262
0.0426191
0.0426182
0.0426173
0.0426164
0.0426156
0.0426147
0.0426138
0.0426128
0.0426119
0.042611
0.0426101
0.0426092
0.0426083
0.0426073
0.0426064
0.0426055
0.0426045
0.0426036
0.0426026
0.0426017
0.0426007
0.0425998
0.0425988
0.0425979
0.0425969
0.0425959
0.0425949
0.042594
0.042593
0.042592
0.042591
0.04259
0.042589
0.042588
0.042587
0.042586
0.0425849
0.0425839
0.0425829
0.0425819
0.0425808
0.0425798
0.0425788
0.0425777
0.0425767
0.0425756
0.0425746
0.0425735
0.0425725
0.0425714
0.0425703
0.0425693
0.0425682
0.0425671
0.042566
0.042565
0.0425639
0.0425628
0.0425617
0.0425606
0.0425595
0.0425584
0.0425573
0.0425561
0.042555
0.0425539
0.0425528
0.0425517
0.0425505
0.0425494
0.0425483
0.0425471
0.042546
0.0425448
0.0425437
0.0425425
0.0425414
0.0425402
0.042539
0.0425379
0.0425367
0.0425355
0.0425344
0.0425332
0.042532
0.0425308
0.0425296
0.0425284
0.0425272
0.042526
0.0425248
0.0425236
0.0425224
0.0425212
0.04252
0.0425188
0.0425176
0.0425164
0.0425151
0.0425139
0.0425127
0.0425114
0.0425102
0.042509
0.0425077
0.0425065
0.0425052
0.042504
0.0425027
0.0425015
0.0425002
0.042499
0.0424977
0.0424964
0.0424952
0.0424939
0.0424926
0.0424914
0.0424901
0.0424888
0.0424875
0.0424862
0.042485
0.0424837
0.0424824
0.0424811
0.0424798
0.0424785
0.0424772
0.0424759
0.0424746
0.0424733
0.042472
0.0424707
0.0424694
0.0424681
0.0424668
0.0424654
0.0424641
0.0424628
0.0424615
0.0424602
0.0424588
0.0424575
0.0424562
0.0424549
0.0424535
0.0424522
0.0424509
0.0424496
0.0424482
0.0424469
0.0424455
0.0424442
0.0424429
0.0424415
0.0424402
0.0424389
0.0424375
0.0424362
0.0424348
0.0424335
0.0424321
0.0424308
0.0424294
0.0424281
0.0424268
0.0424254
0.0424241
0.0424227
0.0424214
0.04242
0.0424187
0.0424173
0.042416
0.0424146
0.0424133
0.0424119
0.0424106
0.0424092
0.0424079
0.0424065
0.0424052
0.0424038
0.0424025
0.0424011
0.0423998
0.0423984
0.0423971
0.0423957
0.0423944
0.042393
0.0423917
0.0423903
0.042389
0.0423876
0.0423863
0.042385
0.0423836
0.0423823
0.0423809
0.0423796
0.0423783
0.0423769
0.0423756
0.0423743
0.0423729
0.0423716
0.0423703
0.042369
0.0423676
0.0423663
0.042365
0.0423637
0.0423624
0.0423611
0.0423597
0.0423584
0.0423571
0.0423558
0.0423545
0.0423532
0.0423519
0.0423506
0.0423493
0.042348
0.0423468
0.0423455
0.0423442
0.0423429
0.0423416
0.0423404
0.0423391
0.0423378
0.0423366
0.0423353
0.042334
0.0423328
0.0423315
0.0423303
0.0423291
0.0423278
0.0423266
0.0423254
0.0423241
0.0423229
0.0423217
0.0423205
0.0423193
0.042318
0.0423168
0.0423156
0.0423145
0.0423133
0.0423121
0.0423109
0.0423097
0.0423086
0.0423074
0.0423062
0.0423051
0.0423039
0.0423028
0.0423016
0.0423005
0.0422994
0.0422983
0.0422971
0.042296
0.0422949
0.0422938
0.0422927
0.0422916
0.0422906
0.0422895
0.0422884
0.0422874
0.0422863
0.0422852
0.0422842
0.0422832
0.0422821
0.0422811
0.0422801
0.0422791
0.0422781
0.0422771
0.0422761
0.0422751
0.0422741
0.0422732
0.0422722
0.0422713
0.0422703
0.0422694
0.0422685
0.0422675
0.0422666
0.0422657
0.0422648
0.042264
0.0422631
0.0422622
0.0422613
0.0422605
0.0422596
0.0422588
0.042258
0.0422572
0.0422564
0.0422556
0.0422548
0.042254
0.0422532
0.0422525
0.0422517
0.042251
0.0422502
0.0422495
0.0422488
0.0422481
0.0422474
0.0422467
0.0422461
0.0422454
0.0422448
0.0422441
0.0422435
0.0422429
0.0422423
0.0422417
0.0422411
0.0422405
0.0422399
0.0422394
0.0422389
0.0422383
0.0422378
0.0422373
0.0422368
0.0422363
0.0422359
0.0422354
0.042235
0.0422345
0.0422341
0.0422337
0.0422333
0.0422329
0.0422326
0.0422322
0.0422319
0.0422316
0.0422312
0.0422309
0.0422306
0.0422304
0.0422301
0.0422299
0.0422296
0.0422294
0.0422292
0.042229
0.0422288
0.0422287
0.0422285
0.0422284
0.0422283
0.0422282
0.0422281
0.042228
0.0422279
0.0422279
0.0422279
0.0422279
0.0422279
0.0422279
0.0422279
0.042228
0.042228
0.0422281
0.0422282
0.0422283
0.0422284
0.0422286
0.0422287
0.0422289
0.0422291
0.0422293
0.0422296
0.0422298
0.0422301
0.0422303
0.0422306
0.042231
0.0422313
0.0422316
0.042232
0.0422324
0.0422328
0.0422332
0.0422337
0.0422341
0.0422346
0.0422351
0.0422356
0.0422361
0.0422367
0.0422373
0.0422378
0.0422385
0.0422391
0.0422397
0.0422404
0.0422411
0.0422418
0.0422425
0.0422433
0.042244
0.0422448
0.0422456
0.0422464
0.0422473
0.0422481
0.042249
0.0422499
0.0422509
0.0422518
0.0422528
0.0422538
0.0422548
0.0422558
0.0422569
0.042258
0.0422591
0.0422602
0.0422613
0.0422625
0.0422637
0.0422649
0.0422661
0.0422674
0.0422686
0.0422699
0.0422713
0.0422726
0.042274
0.0422754
0.0422768
0.0422782
0.0422797
0.0422812
0.0422827
0.0422842
0.0422857
0.0422873
0.0422889
0.0422906
0.0422922
0.0422939
0.0422956
0.0422973
0.0422991
0.0423008
0.0423026
0.0423045
0.0423063
0.0423082
0.0423101
0.042312
0.042314
0.0423159
0.0423179
0.04232
0.042322
0.0423241
0.0423262
0.0423283
0.0423305
0.0423327
0.0423349
0.0423371
0.0423394
0.0423417
0.042344
0.0423464
0.0423487
0.0423511
0.0423536
0.042356
0.0423585
0.042361
0.0423636
0.0423661
0.0423687
0.0423714
0.042374
0.0423767
0.0423794
0.0423822
0.0423849
0.0423877
0.0423905
0.0423934
0.0423963
0.0423992
0.0424021
0.0424051
0.0424081
0.0424112
0.0424142
0.0424173
0.0424204
0.0424236
0.0424268
0.04243
0.0424332
0.0424365
0.0424398
0.0424431
0.0424465
0.0424499
0.0424533
0.0424568
0.0424603
0.0424638
0.0424674
0.0424709
0.0424746
0.0424782
0.0424819
0.0424856
0.0424893
0.0424931
0.0424969
0.0425008
0.0425046
0.0425085
0.0425125
0.0425165
0.0425205
0.0425245
0.0425286
0.0425327
0.0425368
0.042541
0.0425452
0.0425494
0.0425537
0.042558
0.0425624
0.0425667
0.0425711
0.0425756
0.0425801
0.0425846
0.0425891
0.0425937
0.0425983
0.042603
0.0426076
0.0426124
0.0426171
0.0426219
0.0426267
0.0426316
0.0426365
0.0426414
0.0426464
0.0426514
0.0426564
0.0426615
0.0426666
0.0426718
0.0426769
0.0426822
0.0426874
0.0426927
0.042698
0.0427034
0.0427088
0.0427143
0.0427197
0.0427252
0.0427308
0.0427364
0.042742
0.0427477
0.0427534
0.0427591
0.0427649
0.0427707
0.0427765
0.0427824
0.0427884
0.0427943
0.0428003
0.0428064
0.0428124
0.0428186
0.0428247
0.0428309
0.0428371
0.0428434
0.0428497
0.0428561
0.0428625
0.0428689
0.0428754
0.0428819
0.0428884
0.042895
0.0429016
0.0429083
0.042915
0.0429217
0.0429285
0.0429353
0.0429422
0.0429491
0.0429561
0.042963
0.0429701
0.0429771
0.0429842
0.0429914
0.0429986
0.0430058
0.0430131
0.0430204
0.0430277
0.0430351
0.0430426
0.04305
0.0430575
0.0430651
0.0430727
0.0430803
0.043088
0.0430957
0.0431035
0.0431113
0.0431192
0.043127
0.043135
0.0431429
0.043151
0.043159
0.0431671
0.0431753
0.0431834
0.0431917
0.0431999
0.0432082
0.0432166
0.043225
0.0432334
0.0432419
0.0432504
0.043259
0.0432676
0.0432763
0.043285
0.0432937
0.0433025
0.0433113
0.0433202
0.0433291
0.0433381
0.0433471
0.0433561
0.0433652
0.0433743
0.0433835
0.0433927
0.043402
0.0434113
0.0434206
0.04343
0.0434395
0.043449
0.0434585
0.0434681
0.0434777
0.0434873
0.043497
0.0435068
0.0435166
0.0435264
0.0435363
0.0435462
0.0435562
0.0435662
0.0435763
0.0435864
0.0435965
0.0436067
0.043617
0.0436273
0.0436376
0.043648
0.0436584
0.0436689
0.0436794
0.0436899
0.0437005
0.0437112
0.0437219
0.0437326
0.0437434
0.0437542
0.0437651
0.043776
0.043787
0.043798
0.0438091
0.0438202
0.0438313
0.0438425
0.0438537
0.043865
0.0438764
0.0438877
0.0438992
0.0439106
0.0439221
0.0439337
0.0439453
0.043957
0.0439687
0.0439804
0.0439922
0.044004
0.0440159
0.0440279
0.0440398
0.0440519
0.0440639
0.0440761
0.0440882
0.0441004
0.0441127
0.044125
0.0441373
0.0441497
0.0441622
0.0441747
0.0441872
0.0441998
0.0442124
0.0442251
0.0442378
0.0442506
0.0442634
0.0442762
0.0442891
0.0443021
0.0443151
0.0443281
0.0443412
0.0443544
0.0443676
0.0443808
0.0443941
0.0444074
0.0444208
0.0444342
0.0444477
0.0444612
0.0444747
0.0444883
0.044502
0.0445157
0.0445294
0.0445432
0.0445571
0.044571
0.0445849
0.0445989
0.0446129
0.044627
0.0446411
0.0446553
0.0446695
0.0446837
0.044698
0.0447124
0.0447268
0.0447412
0.0447557
0.0447703
0.0447849
0.0447995
0.0448142
0.0448289
0.0448437
0.0448585
0.0448734
0.0448883
0.0449032
0.0449182
0.0449333
0.0449484
0.0449635
0.0449787
0.044994
0.0450093
0.0450246
0.04504
0.0450554
0.0450709
0.0450864
0.0451019
0.0451175
0.0451332
0.0451489
0.0451646
0.0451804
0.0451963
0.0452122
0.0452281
0.0452441
0.0452601
0.0452762
0.0452923
0.0453084
0.0453246
0.0453409
0.0453572
0.0453735
0.0453899
0.0454063
0.0454228
0.0454394
0.0454559
0.0454725
0.0454892
0.0455059
0.0455227
0.0455395
0.0455563
0.0455732
0.0455901
0.0456071
0.0456241
0.0456412
0.0456583
0.0456755
0.0456927
0.0457099
0.0457272
0.0457445
0.0457619
0.0457793
0.0457968
0.0458143
0.0458319
0.0458495
0.0458671
0.0458848
0.0459026
0.0459204
0.0459382
0.045956
0.045974
0.0459919
0.0460099
0.046028
0.0460461
0.0460642
0.0460824
0.0461006
0.0461188
0.0461371
0.0461555
0.0461739
0.0461923
0.0462108
0.0462293
0.0462479
0.0462665
0.0462851
0.0463038
0.0463226
0.0463413
0.0463602
0.046379
0.0463979
0.0464169
0.0464359
0.0464549
0.046474
0.0464931
0.0465122
0.0465314
0.0465507
0.04657
0.0465893
0.0466087
0.0466281
0.0466475
0.046667
0.0466865
0.0467061
0.0467257
0.0467454
0.0467651
0.0467848
0.0468046
0.0468244
0.0468442
0.0468641
0.0468841
0.0469041
0.0469241
0.0469441
0.0469642
0.0469844
0.0470045
0.0470248
0.047045
0.0470653
0.0470856
0.047106
0.0471264
0.0471469
0.0471674
0.0471879
0.0472085
0.0472291
0.0472497
0.0472704
0.0472911
0.0473119
0.0473327
0.0473535
0.0473744
0.0473953
0.0474162
0.0474372
0.0474582
0.0474793
0.0475004
0.0475215
0.0475427
0.0475639
0.0475851
0.0476064
0.0476277
0.0476491
0.0476705
0.0476919
0.0477133
0.0477348
0.0477564
0.0477779
0.0477995
0.0478212
0.0478429
0.0478646
0.0478863
0.0479081
0.0479299
0.0479517
0.0479736
0.0479955
0.0480175
0.0480395
0.0480615
0.0480835
0.0481056
0.0481277
0.0481499
0.0481721
0.0481943
0.0482165
0.0482388
0.0482611
0.0482835
0.0483059
0.0483283
0.0483507
0.0483732
0.0483957
0.0484183
0.0484408
0.0484635
0.0484861
0.0485088
0.0485315
0.0485542
0.0485769
0.0485997
0.0486226
0.0486454
0.0486683
0.0486912
0.0487141
0.0487371
0.0487601
0.0487832
0.0488062
0.0488293
0.0488524
0.0488756
0.0488987
0.0489219
0.0489452
0.0489684
0.0489917
0.0490151
0.0490384
0.0490618
0.0490852
0.0491086
0.0491321
0.0491555
0.049179
0.0492026
0.0492261
0.0492497
0.0492734
0.049297
0.0493207
0.0493444
0.0493681
0.0493918
0.0494156
0.0494394
0.0494632
0.049487
0.0495109
0.0495348
0.0495587
0.0495827
0.0496066
0.0496306
0.0496546
0.0496787
0.0497027
0.0497268
0.0497509
0.0497751
0.0497992
0.0498234
0.0498476
0.0498718
0.0498961
0.0499203
0.0499446
0.0499689
0.0499932
0.0500176
0.050042
0.0500664
0.0500908
0.0501152
0.0501397
0.0501641
0.0501886
0.0502131
0.0502377
0.0502622
0.0502868
0.0503114
0.050336
0.0503606
0.0503853
0.05041
0.0504346
0.0504593
0.0504841
0.0505088
0.0505336
0.0505583
0.0505831
0.0506079
0.0506328
0.0506576
0.0506825
0.0507073
0.0507322
0.0507571
0.0507821
0.050807
0.0508319
0.0508569
0.0508819
0.0509069
0.0509319
0.0509569
0.050982
0.051007
0.0510321
0.0510572
0.0510823
0.0511074
0.0511325
0.0511577
0.0511828
0.051208
0.0512332
0.0512583
0.0512835
0.0513088
0.051334
0.0513592
0.0513845
0.0514097
0.051435
0.0514603
0.0514856
0.0515109
0.0515362
0.0515615
0.0515868
0.0516122
0.0516375
0.0516629
0.0516883
0.0517137
0.051739
0.0517644
0.0517899
0.0518153
0.0518407
0.0518661
0.0518916
0.051917
0.0519425
0.0519679
0.0519934
0.0520189
0.0520443
0.0520698
0.0520953
0.0521208
0.0521463
0.0521718
0.0521974
0.0522229
0.0522484
0.0522739
0.0522995
0.052325
0.0523506
0.0523761
0.0524017
0.0524272
0.0524528
0.0524784
0.0525039
0.0525295
0.0525551
0.0525807
0.0526062
0.0526318
0.0526574
0.052683
0.0527086
0.0527342
0.0527598
0.0527854
0.052811
0.0528366
0.0528622
0.0528878
0.0529133
0.0529389
0.0529645
0.0529901
0.0530157
0.0530413
0.0530669
0.0530925
0.0531181
0.0531437
0.0531693
0.0531949
0.0532205
0.0532461
0.0532716
0.0532972
0.0533228
0.0533484
0.0533739
0.0533995
0.0534251
0.0534506
0.0534762
0.0535017
0.0535273
0.0535528
0.0535784
0.0536039
0.0536294
0.053655
0.0536805
0.053706
0.0537315
0.053757
0.0537825
0.053808
0.0538335
0.053859
0.0538844
0.0539099
0.0539354
0.0539608
0.0539863
0.0540117
0.0540371
0.0540625
0.054088
0.0541134
0.0541388
0.0541641
0.0541895
0.0542149
0.0542403
0.0542656
0.0542909
0.0543163
0.0543416
0.0543669
0.0543922
0.0544175
0.0544428
0.0544681
0.0544933
0.0545186
0.0545438
0.054569
0.0545942
0.0546194
0.0546446
0.0546698
0.054695
0.0547201
0.0547453
0.0547704
0.0547955
0.0548206
0.0548457
0.0548708
0.0548958
0.0549209
0.0549459
0.0549709
0.0549959
0.0550209
0.0550459
0.0550709
0.0550958
0.0551207
0.0551457
0.0551706
0.0551954
0.0552203
0.0552452
0.05527
0.0552948
0.0553196
0.0553444
0.0553692
0.0553939
0.0554187
0.0554434
0.0554681
0.0554928
0.0555174
0.0555421
0.0555667
0.0555913
0.0556159
0.0556405
0.0556651
0.0556896
0.0557141
0.0557386
0.0557631
0.0557876
0.055812
0.0558364
0.0558608
0.0558852
0.0559096
0.0559339
0.0559582
0.0559825
0.0560068
0.056031
0.0560553
0.0560795
0.0561037
0.0561279
0.056152
0.0561761
0.0562002
0.0562243
0.0562484
0.0562724
0.0562964
0.0563204
0.0563444
0.0563684
0.0563923
0.0564162
0.0564401
0.0564639
0.0564877
0.0565115
0.0565353
0.0565591
0.0565828
0.0566065
0.0566302
0.0566539
0.0566775
0.0567011
0.0567247
0.0567483
0.0567718
0.0567953
0.0568188
0.0568422
0.0568657
0.0568891
0.0569125
0.0569358
0.0569591
0.0569824
0.0570057
0.057029
0.0570522
0.0570754
0.0570985
0.0571217
0.0571448
0.0571679
0.0571909
0.0572139
0.0572369
0.0572599
0.0572829
0.0573058
0.0573287
0.0573515
0.0573743
0.0573971
0.0574199
0.0574427
0.0574654
0.0574881
0.0575107
0.0575333
0.0575559
0.0575785
0.057601
0.0576235
0.057646
0.0576685
0.0576909
0.0577133
0.0577356
0.0577579
0.0577802
0.0578025
0.0578247
0.0578469
0.0578691
0.0578912
0.0579133
0.0579354
0.0579574
0.0579795
0.0580014
0.0580234
0.0580453
0.0580672
0.058089
0.0581109
0.0581326
0.0581544
0.0581761
0.0581978
0.0582195
0.0582411
0.0582627
0.0582842
0.0583058
0.0583272
0.0583487
0.0583701
0.0583915
0.0584129
0.0584342
0.0584555
0.0584767
0.058498
0.0585192
0.0585403
0.0585614
0.0585825
0.0586036
0.0586246
0.0586456
0.0586665
0.0586874
0.0587083
0.0587291
0.0587499
0.0587707
0.0587915
0.0588122
0.0588328
0.0588535
0.058874
0.0588946
0.0589151
0.0589356
0.0589561
0.0589765
0.0589969
0.0590172
0.0590375
0.0590578
0.059078
0.0590982
0.0591184
0.0591385
0.0591586
0.0591787
0.0591987
0.0592187
0.0592386
0.0592585
0.0592784
0.0592983
0.059318
0.0593378
0.0593575
0.0593772
0.0593969
0.0594165
0.0594361
0.0594556
0.0594751
0.0594946
0.059514
0.0595334
0.0595527
0.059572
0.0595913
0.0596105
0.0596297
0.0596489
0.059668
0.0596871
0.0597062
0.0597252
0.0597441
0.0597631
0.059782
0.0598008
0.0598196
0.0598384
0.0598572
0.0598759
0.0598945
0.0599132
0.0599317
0.0599503
0.0599688
0.0599873
0.0600057
0.0600241
0.0600424
0.0600608
0.060079
0.0600973
0.0601155
0.0601336
0.0601517
0.0601698
0.0601879
0.0602059
0.0602238
0.0602418
0.0602596
0.0602775
0.0602953
0.0603131
0.0603308
0.0603485
0.0603661
0.0603837
0.0604013
0.0604188
0.0604363
0.0604538
0.0604712
0.0604886
0.0605059
0.0605232
0.0605404
0.0605576
0.0605748
0.0605919
0.060609
0.0606261
0.0606431
0.0606601
0.060677
0.0606939
0.0607108
0.0607276
0.0607443
0.0607611
0.0607778
0.0607944
0.060811
0.0608276
0.0608441
0.0608606
0.0608771
0.0608935
0.0609099
0.0609262
0.0609425
0.0609588
0.060975
0.0609911
0.0610073
0.0610234
0.0610394
0.0610554
0.0610714
0.0610873
0.0611032
0.0611191
0.0611349
0.0611507
0.0611664
0.0611821
0.0611977
0.0612134
0.0612289
0.0612445
0.0612599
0.0612754
0.0612908
0.0613062
0.0613215
0.0613368
0.061352
0.0613672
0.0613824
0.0613975
0.0614126
0.0614277
0.0614427
0.0614577
0.0614726
0.0614875
0.0615023
0.0615171
0.0615319
0.0615466
0.0615613
0.061576
0.0615906
0.0616051
0.0616197
0.0616342
0.0616486
0.061663
0.0616774
0.0616917
0.061706
0.0617203
0.0617345
0.0617486
0.0617628
0.0617768
0.0617909
0.0618049
0.0618189
0.0618328
0.0618467
0.0618605
0.0618744
0.0618881
0.0619019
0.0619156
0.0619292
0.0619428
0.0619564
0.0619699
0.0619834
0.0619969
0.0620103
0.0620237
0.062037
0.0620503
0.0620636
0.0620768
0.06209
0.0621031
0.0621162
0.0621293
0.0621423
0.0621553
0.0621682
0.0621811
0.062194
0.0622068
0.0622196
0.0622324
0.0622451
0.0622577
0.0622704
0.062283
0.0622955
0.062308
0.0623205
0.062333
0.0623454
0.0623577
0.0623701
0.0623823
0.0623946
0.0624068
0.062419
0.0624311
0.0624432
0.0624552
0.0624673
0.0624792
0.0624912
0.0625031
0.0625149
0.0625268
0.0625386
0.0625503
0.062562
0.0625737
0.0625853
0.0625969
0.0626085
0.06262
0.0626315
0.062643
0.0626544
0.0626657
0.0626771
0.0626884
0.0626996
0.0627109
0.062722
0.0627332
0.0627443
0.0627554
0.0627664
0.0627774
0.0627884
0.0627993
0.0628102
0.062821
0.0628319
0.0628426
0.0628534
0.0628641
0.0628748
0.0628854
0.062896
0.0629065
0.0629171
0.0629276
0.062938
0.0629484
0.0629588
0.0629691
0.0629794
0.0629897
0.0629999
0.0630101
0.0630203
0.0630304
0.0630405
0.0630506
0.0630606
0.0630706
0.0630805
0.0630904
0.0631003
0.0631102
0.06312
0.0631297
0.0631395
0.0631492
0.0631588
0.0631685
0.0631781
0.0631876
0.0631971
0.0632066
0.0632161
0.0632255
0.0632349
0.0632442
0.0632536
0.0632628
0.0632721
0.0632813
0.0632905
0.0632996
0.0633087
0.0633178
0.0633269
0.0633359
0.0633448
0.0633538
0.0633627
0.0633716
0.0633804
0.0633892
0.063398
0.0634067
0.0634154
0.0634241
0.0634327
0.0634413
0.0634499
0.0634585
0.063467
0.0634754
0.0634839
0.0634923
0.0635007
0.063509
0.0635173
0.0635256
0.0635338
0.063542
0.0635502
0.0635584
0.0635665
0.0635746
0.0635826
0.0635906
0.0635986
0.0636066
0.0636145
0.0636224
0.0636302
0.0636381
0.0636459
0.0636536
0.0636614
0.0636691
0.0636767
0.0636844
0.063692
0.0636996
0.0637071
0.0637146
0.0637221
0.0637296
0.063737
0.0637444
0.0637517
0.0637591
0.0637664
0.0637736
0.0637809
0.0637881
0.0637952
0.0638024
0.0638095
0.0638166
0.0638236
0.0638307
0.0638377
0.0638446
0.0638516
0.0638585
0.0638654
0.0638722
0.063879
0.0638858
0.0638926
0.0638993
0.063906
0.0639127
0.0639193
0.0639259
0.0639325
0.0639391
0.0639456
0.0639521
0.0639586
0.063965
0.0639714
0.0639778
0.0639842
0.0639905
0.0639968
0.0640031
0.0640093
0.0640156
0.0640217
0.0640279
0.064034
0.0640401
0.0640462
0.0640523
0.0640583
0.0640643
0.0640703
0.0640762
0.0640821
0.064088
0.0640939
0.0640997
0.0641055
0.0641113
0.064117
0.0641228
0.0641285
0.0641341
0.0641398
0.0641454
0.064151
0.0641566
0.0641621
0.0641676
0.0641731
0.0641786
0.064184
0.0641894
0.0641948
0.0642002
0.0642055
0.0642108
0.0642161
0.0642214
0.0642266
0.0642318
0.064237
0.0642421
0.0642473
0.0642524
0.0642575
0.0642625
0.0642675
0.0642726
0.0642775
0.0642825
0.0642874
0.0642923
0.0642972
0.0643021
0.0643069
0.0643117
0.0643165
0.0643213
0.064326
0.0643307
0.0643354
0.0643401
0.0643448
0.0643494
0.064354
0.0643586
0.0643631
0.0643676
0.0643721
0.0643766
0.0643811
0.0643855
0.0643899
0.0643943
0.0643987
0.064403
0.0644074
0.0644117
0.064416
0.0644202
0.0644244
0.0644287
0.0644328
0.064437
0.0644412
0.0644453
0.0644494
0.0644535
0.0644575
0.0644616
0.0644656
0.0644696
0.0644735
0.0644775
0.0644814
0.0644853
0.0644892
0.0644931
0.0644969
0.0645007
0.0645045
0.0645083
0.0645121
0.0645158
0.0645195
0.0645232
0.0645269
0.0645306
0.0645342
0.0645378
0.0645414
0.064545
0.0645486
0.0645521
0.0645556
0.0645591
0.0645626
0.064566
0.0645695
0.0645729
0.0645763
0.0645797
0.064583
0.0645864
0.0645897
0.064593
0.0645963
0.0645995
0.0646028
0.064606
0.0646092
0.0646124
0.0646156
0.0646187
0.0646219
0.064625
0.0646281
0.0646311
0.0646342
0.0646372
0.0646403
0.0646433
0.0646463
0.0646492
0.0646522
0.0646551
0.064658
0.0646609
0.0646638
0.0646667
0.0646695
0.0646723
0.0646751
0.0646779
0.0646807
0.0646835
0.0646862
0.0646889
0.0646916
0.0646943
0.064697
0.0646997
0.0647023
0.0647049
0.0647075
0.0647101
0.0647127
0.0647152
0.0647178
0.0647203
0.0647228
0.0647253
0.0647278
0.0647302
0.0647327
0.0647351
0.0647375
0.0647399
0.0647423
0.0647447
0.064747
0.0647494
0.0647517
0.064754
0.0647563
0.0647585
0.0647608
0.064763
0.0647653
0.0647675
0.0647697
0.0647719
0.064774
0.0647762
0.0647783
0.0647804
0.0647826
0.0647846
0.0647867
0.0647888
0.0647908
0.0647929
0.0647949
0.0647969
0.0647989
0.0648009
0.0648029
0.0648048
0.0648068
0.0648087
0.0648106
0.0648125
0.0648144
0.0648162
0.0648181
0.06482
0.0648218
0.0648236
0.0648254
0.0648272
0.064829
0.0648307
0.0648325
0.0648342
0.064836
0.0648377
0.0648394
0.0648411
0.0648427
0.0648444
0.0648461
0.0648477
0.0648493
0.0648509
0.0648525
0.0648541
0.0648557
0.0648573
0.0648588
0.0648604
0.0648619
0.0648634
0.0648649
0.0648664
0.0648679
0.0648694
0.0648708
0.0648723
0.0648737
0.0648751
0.0648766
0.064878
0.0648794
0.0648807
0.0648821
0.0648835
0.0648848
0.0648861
0.0648875
0.0648888
0.0648901
0.0648914
0.0648927
0.0648939
0.0648952
0.0648965
0.0648977
0.0648989
0.0649001
0.0649013
0.0649025
0.0649037
0.0649049
0.0649061
0.0649072
0.0649084
0.0649095
0.0649107
0.0649118
0.0649129
0.064914
0.0649151
0.0649162
0.0649172
0.0649183
0.0649193
0.0649204
0.0649214
0.0649224
0.0649235
0.0649245
0.0649255
0.0649264
0.0649274
0.0649284
0.0649294
0.0649303
0.0649313
0.0649322
0.0649331
0.064934
0.0649349
0.0649358
0.0649367
0.0649376
0.0649385
0.0649394
0.0649402
0.0649411
0.0649419
0.0649427
0.0649436
0.0649444
0.0649452
0.064946
0.0649468
0.0649476
0.0649483
0.0649491
0.0649499
0.0649506
0.0649514
0.0649521
0.0649528
0.0649536
0.0649543
0.064955
0.0649557
0.0649564
0.0649571
0.0649578
0.0649584
0.0649591
0.0649598
0.0649604
0.0649611
0.0649617
0.0649623
0.064963
0.0649636
0.0649642
0.0649648
0.0649654
0.064966
0.0649666
0.0649671
0.0649677
0.0649683
0.0649688
0.0649694
0.0649699
0.0649705
0.064971
0.0649715
0.0649721
0.0649726
0.0649731
0.0649736
0.0649741
0.0649746
0.0649751
0.0649756
0.064976
0.0649765
0.064977
0.0649774
0.0649779
0.0649783
0.0649788
0.0649792
0.0649796
0.0649801
0.0649805
0.0649809
0.0649813
0.0649817
0.0649821
0.0649825
0.0649829
0.0649833
0.0649837
0.064984
0.0649844
0.0649848
0.0649851
0.0649855
0.0649858
0.0649862
0.0649865
0.0649869
0.0649872
0.0649875
0.0649879
0.0649882
0.0649885
0.0649888
0.0649891
0.0649894
0.0649897
0.06499
0.0649903
0.0649906
0.0649909
0.0649911
0.0649914
0.0649917
0.0649919
0.0649922
0.0649925
0.0649927
0.064993
0.0649932
0.0649935
0.0649937
0.0649939
0.0649942
0.0649944
0.0649946
0.0649949
0.0649951
0.0649953
0.0649955
0.0649957
0.0649959
0.0649961
0.0649963
0.0649965
0.0649967
0.0649969
0.0649971
0.0649973
0.0649975
0.0649976
0.0649978
0.064998
0.0649982
0.0649983
0.0649985
0.0649987
0.0649988
0.064999
0.0649991
0.0649993
0.0649994
0.0649996
0.0649997
0.0649999
0.065
0.0650001
0.0650003
0.0650004
0.0650005
0.0650007
0.0650008
0.0650009
0.065001
0.0650012
0.0650013
0.0650014
0.0650015
0.0650016
0.0650017
0.0650018
0.065002
0.0650021
0.0650022
0.0650023
0.0650024
0.0650025
0.0650026
0.0650027
0.0650028
0.0650028
0.0650029
0.065003
0.0650031
0.0650032
0.0650033
0.0650034
0.0650035
0.0650035
0.0650036
0.0650037
0.0650038
0.0650039
0.0650039
0.065004
0.0650041
0.0650042
0.0650042
0.0650043
0.0650044
0.0650044
0.0650045
0.0650046
0.0650046
0.0650047
0.0650048
0.0650048
0.0650049
0.065005
0.065005
0.0650051
0.0650052
0.0650052
0.0650053
0.0650054
0.0650054
0.0650055
0.0650055
0.0650056
0.0650057
0.0650057
0.0650058
0.0650058
0.0650059
0.065006
0.065006
0.0650061
0.0650061
0.0650062
0.0650063
0.0650063
0.0650064
0.0650064
0.0650065
0.0650066
0.0650066
0.0650067
0.0650067
0.0650068
0.0650069
0.0650069
0.065007
0.065007
0.0650071
0.0650072
0.0650072
0.0650073
0.0650074
0.0650074
0.0650075
0.0650076
0.0650076
0.0650077
0.0650078
0.0650078
0.0650079
0.065008
0.065008
0.0650081
0.0650082
0.0650083
0.0650083
0.0650084
0.0650085
0.0650086
0.0650087
0.0650087
0.0650088
0.0650089
0.065009
0.0650091
0.0650092
0.0650093
0.0650093
0.0650094
0.0650095
0.0650096
0.0650097
0.0650098
0.0650099
0.06501
0.0650101
0.0650102
0.0650103
0.0650104
0.0650105
0.0650106
0.0650107
0.0650109
0.065011
0.0650111
0.0650112
0.0650113
0.0650114
0.0650116
0.0650117
0.0650118
0.0650119
0.0650121
0.0650122
0.0650123
0.0650125
0.0650126
0.0650127
0.0650129
0.065013
0.0650132
0.0650133
0.0650135
0.0650136
0.0650138
0.0650139
0.0650141
0.0650143
0.0650144
0.0650146
0.0650147
0.0650149
0.0650151
0.0650153
0.0650154
0.0650156
0.0650158
0.065016
0.0650162
0.0650164
0.0650166
0.0650168
0.065017
0.0650172
0.0650174
0.0650176
0.0650178
0.065018
0.0650182
0.0650184
0.0650186
0.0650189
0.0650191
0.0650193
0.0650195
0.0650198
0.06502
0.0650203
0.0650205
0.0650207
0.065021
0.0650212
0.0650215
0.0650218
0.065022
0.0650223
0.0650225
0.0650228
0.0650231
0.0650234
0.0650237
0.0650239
0.0650242
0.0650245
0.0650248
0.0650251
0.0650254
0.0650257
0.065026
0.0650263
0.0650266
0.065027
0.0650273
0.0650276
0.0650279
0.0650283
0.0650286
0.0650289
0.0650293
0.0650296
0.06503
0.0650303
0.0650307
0.065031
0.0650314
0.0650318
0.0650322
0.0650325
0.0650329
0.0650333
0.0650337
0.0650341
0.0650345
0.0650349
0.0650353
0.0650357
0.0650361
0.0650365
0.0650369
0.0650374
0.0650378
0.0650382
0.0650387
0.0650391
0.0650395
0.06504
0.0650404
0.0650409
0.0650414
0.0650418
0.0650423
0.0650428
0.0650432
0.0650437
0.0650442
0.0650447
0.0650452
0.0650457
0.0650462
0.0650467
0.0650472
0.0650478
0.0650483
0.0650488
0.0650493
0.0650499
0.0650504
0.065051
0.0650515
0.0650521
0.0650526
0.0650532
0.0650538
0.0650543
0.0650549
0.0650555
0.0650561
0.0650567
0.0650573
0.0650579
0.0650585
0.0650591
0.0650597
0.0650603
0.065061
0.0650616
0.0650622
0.0650629
0.0650635
0.0650642
0.0650648
0.0650655
0.0650662
0.0650668
0.0650675
0.0650682
0.0650689
0.0650696
0.0650703
0.065071
0.0650717
0.0650724
0.0650731
0.0650739
0.0650746
0.0650753
0.0650761
0.0650768
0.0650776
0.0650783
0.0650791
0.0650799
0.0650806
0.0650814
0.0650822
0.065083
0.0650838
0.0650846
0.0650854
0.0650862
0.065087
0.0650879
0.0650887
0.0650895
0.0650904
0.0650912
0.0650921
0.0650929
0.0650938
0.0650947
0.0650955
0.0650964
0.0650973
0.0650982
0.0650991
0.0651
0.0651009
0.0651019
0.0651028
0.0651037
0.0651046
0.0651056
0.0651065
0.0651075
0.0651084
0.0651094
0.0651104
0.0651114
0.0651124
0.0651133
0.0651143
0.0651153
0.0651164
0.0651174
0.0651184
0.0651194
0.0651205
0.0651215
0.0651225
0.0651236
0.0651247
0.0651257
0.0651268
0.0651279
0.065129
0.0651301
0.0651312
0.0651323
0.0651334
0.0651345
0.0651356
0.0651367
0.0651379
0.065139
0.0651402
0.0651413
0.0651425
0.0651437
0.0651449
0.065146
0.0651472
0.0651484
0.0651496
0.0651509
0.0651521
0.0651533
0.0651545
0.0651558
0.065157
0.0651583
0.0651595
0.0651608
0.0651621
0.0651634
0.0651646
0.0651659
0.0651672
0.0651686
0.0651699
0.0651712
0.0651725
0.0651739
0.0651752
0.0651766
0.0651779
0.0651793
0.0651807
0.065182
0.0651834
0.0651848
0.0651862
0.0651876
0.0651891
0.0651905
0.0651919
0.0651934
0.0651948
0.0651963
0.0651977
0.0651992
0.0652007
0.0652022
0.0652037
0.0652052
0.0652067
0.0652082
0.0652097
0.0652112
0.0652128
0.0652143
0.0652159
0.0652174
0.065219
0.0652206
0.0652222
0.0652238
0.0652254
0.065227
0.0652286
0.0652302
0.0652318
0.0652335
0.0652351
0.0652368
0.0652385
0.0652401
0.0652418
0.0652435
0.0652452
0.0652469
0.0652486
0.0652503
0.0652521
0.0652538
0.0652555
0.0652573
0.0652591
0.0652608
0.0652626
0.0652644
0.0652662
0.065268
0.0652698
0.0652716
0.0652734
0.0652753
0.0652771
0.065279
0.0652808
0.0652827
0.0652846
0.0652865
0.0652884
0.0652903
0.0652922
0.0652941
0.065296
0.065298
0.0652999
0.0653019
0.0653038
0.0653058
0.0653078
0.0653098
0.0653118
0.0653138
0.0653158
0.0653178
0.0653199
0.0653219
0.065324
0.065326
0.0653281
0.0653302
0.0653323
0.0653344
0.0653365
0.0653386
0.0653407
0.0653428
0.065345
0.0653471
0.0653493
0.0653515
0.0653536
0.0653558
0.065358
0.0653602
0.0653625
0.0653647
0.0653669
0.0653692
0.0653714
0.0653737
0.0653759
0.0653782
0.0653805
0.0653828
0.0653851
0.0653875
0.0653898
0.0653921
0.0653945
0.0653968
0.0653992
0.0654016
0.065404
0.0654064
0.0654088
0.0654112
0.0654136
0.065416
0.0654185
0.0654209
0.0654234
0.0654259
0.0654284
0.0654309
0.0654334
0.0654359
0.0654384
0.0654409
0.0654435
0.065446
0.0654486
0.0654512
0.0654538
0.0654564
0.065459
0.0654616
0.0654642
0.0654669
0.0654695
0.0654722
0.0654748
0.0654775
0.0654802
0.0654829
0.0654856
0.0654883
0.0654911
0.0654938
0.0654965
0.0654993
0.0655021
0.0655049
0.0655077
0.0655105
0.0655133
0.0655161
0.0655189
0.0655218
0.0655246
0.0655275
0.0655304
0.0655333
0.0655362
0.0655391
0.065542
0.0655449
0.0655479
0.0655508
0.0655538
0.0655568
0.0655598
0.0655628
0.0655658
0.0655688
0.0655718
0.0655749
0.0655779
0.065581
0.0655841
0.0655872
0.0655903
0.0655934
0.0655965
0.0655997
0.0656028
0.065606
0.0656091
0.0656123
0.0656155
0.0656187
0.0656219
0.0656252
0.0656284
0.0656316
0.0656349
0.0656382
0.0656415
0.0656448
0.0656481
0.0656514
0.0656547
0.0656581
0.0656614
0.0656648
0.0656682
0.0656716
0.065675
0.0656784
0.0656818
0.0656853
0.0656887
0.0656922
0.0656957
0.0656992
0.0657027
0.0657062
0.0657097
0.0657132
0.0657168
0.0657204
0.0657239
0.0657275
0.0657311
0.0657347
0.0657384
0.065742
0.0657457
0.0657493
0.065753
0.0657567
0.0657604
0.0657641
0.0657678
0.0657716
0.0657753
0.0657791
0.0657829
0.0657867
0.0657905
0.0657943
0.0657981
0.065802
0.0658058
0.0658097
0.0658136
0.0658175
0.0658214
0.0658253
0.0658293
0.0658332
0.0658372
0.0658412
0.0658451
0.0658491
0.0658532
0.0658572
0.0658612
0.0658653
0.0658694
0.0658735
0.0658776
0.0658817
0.0658858
0.0658899
0.0658941
0.0658983
0.0659024
0.0659066
0.0659109
0.0659151
0.0659193
0.0659236
0.0659278
0.0659321
0.0659364
0.0659407
0.065945
0.0659494
0.0659537
0.0659581
0.0659625
0.0659669
0.0659713
0.0659757
0.0659801
0.0659846
0.0659891
0.0659935
0.065998
0.0660026
0.0660071
0.0660116
0.0660162
0.0660207
0.0660253
0.0660299
0.0660345
0.0660392
0.0660438
0.0660485
0.0660532
0.0660579
0.0660626
0.0660673
0.066072
0.0660768
0.0660815
0.0660863
0.0660911
0.0660959
0.0661008
0.0661056
0.0661105
0.0661153
0.0661202
0.0661251
0.06613
0.066135
0.0661399
0.0661449
0.0661499
0.0661549
0.0661599
0.0661649
0.06617
0.0661751
0.0661801
0.0661852
0.0661903
0.0661955
0.0662006
0.0662058
0.066211
0.0662162
0.0662214
0.0662266
0.0662318
0.0662371
0.0662424
0.0662477
0.066253
0.0662583
0.0662637
0.066269
0.0662744
0.0662798
0.0662852
0.0662906
0.0662961
0.0663015
0.066307
0.0663125
0.066318
0.0663236
0.0663291
0.0663347
0.0663403
0.0663459
0.0663515
0.0663571
0.0663628
0.0663684
0.0663741
0.0663798
0.0663855
0.0663913
0.066397
0.0664028
0.0664086
0.0664144
0.0664203
0.0664261
0.066432
0.0664379
0.0664438
0.0664497
0.0664556
0.0664616
0.0664676
0.0664736
0.0664796
0.0664856
0.0664916
0.0664977
0.0665038
0.0665099
0.066516
0.0665222
0.0665283
0.0665345
0.0665407
0.0665469
0.0665532
0.0665594
0.0665657
0.066572
0.0665783
0.0665846
0.066591
0.0665974
0.0666038
0.0666102
0.0666166
0.0666231
0.0666295
0.066636
0.0666425
0.0666491
0.0666556
0.0666622
0.0666688
0.0666754
0.066682
0.0666886
0.0666953
0.066702
0.0667087
0.0667154
0.0667222
0.066729
0.0667357
0.0667426
0.0667494
0.0667562
0.0667631
0.06677
0.0667769
0.0667839
0.0667908
0.0667978
0.0668048
0.0668118
0.0668188
0.0668259
0.066833
0.0668401
0.0668472
0.0668544
0.0668615
0.0668687
0.0668759
0.0668832
0.0668904
0.0668977
0.066905
0.0669123
0.0669196
0.066927
0.0669344
0.0669418
0.0669492
0.0669567
0.0669642
0.0669716
0.0669792
0.0669867
0.0669943
0.0670019
0.0670095
0.0670171
0.0670247
0.0670324
0.0670401
0.0670478
0.0670556
0.0670634
0.0670711
0.067079
0.0670868
0.0670947
0.0671025
0.0671104
0.0671184
0.0671263
0.0671343
0.0671423
0.0671503
0.0671584
0.0671665
0.0671745
0.0671827
0.0671908
0.067199
0.0672072
0.0672154
0.0672236
0.0672319
0.0672402
0.0672485
0.0672568
0.0672652
0.0672736
0.067282
0.0672904
0.0672989
0.0673074
0.0673159
0.0673244
0.067333
0.0673416
0.0673502
0.0673588
0.0673675
0.0673762
0.0673849
0.0673936
0.0674024
0.0674112
0.06742
0.0674288
0.0674377
0.0674466
0.0674555
0.0674644
0.0674734
0.0674824
0.0674914
0.0675005
0.0675096
0.0675187
0.0675278
0.067537
0.0675461
0.0675553
0.0675646
0.0675738
0.0675831
0.0675925
0.0676018
0.0676112
0.0676206
0.06763
0.0676394
0.0676489
0.0676584
0.067668
0.0676775
0.0676871
0.0676968
0.0677064
0.0677161
0.0677258
0.0677355
0.0677453
0.0677551
0.0677649
0.0677747
0.0677846
0.0677945
0.0678044
0.0678144
0.0678244
0.0678344
0.0678444
0.0678545
0.0678646
0.0678748
0.0678849
0.0678951
0.0679053
0.0679156
0.0679259
0.0679362
0.0679465
0.0679569
0.0679673
0.0679777
0.0679882
0.0679987
0.0680092
0.0680197
0.0680303
0.0680409
0.0680516
0.0680622
0.068073
0.0680837
0.0680945
0.0681052
0.0681161
0.0681269
0.0681378
0.0681487
0.0681597
0.0681707
0.0681817
0.0681927
0.0682038
0.0682149
0.0682261
0.0682372
0.0682485
0.0682597
0.068271
0.0682823
0.0682936
0.068305
0.0683164
0.0683278
0.0683393
0.0683508
0.0683623
0.0683738
0.0683854
0.0683971
0.0684087
0.0684204
0.0684322
0.0684439
0.0684557
0.0684675
0.0684794
0.0684913
0.0685032
0.0685152
0.0685272
0.0685392
0.0685513
0.0685634
0.0685755
0.0685877
0.0685999
0.0686122
0.0686244
0.0686367
0.0686491
0.0686615
0.0686739
0.0686863
0.0686988
0.0687113
0.0687239
0.0687365
0.0687491
0.0687618
0.0687745
0.0687872
0.0688
0.0688128
0.0688256
0.0688385
0.0688514
0.0688644
0.0688773
0.0688904
0.0689034
0.0689165
0.0689297
0.0689428
0.068956
0.0689693
0.0689826
0.0689959
0.0690093
0.0690227
0.0690361
0.0690496
0.0690631
0.0690766
0.0690902
0.0691038
0.0691175
0.0691312
0.0691449
0.0691587
0.0691725
0.0691864
0.0692003
0.0692142
0.0692282
0.0692422
0.0692562
0.0692703
0.0692844
0.0692986
0.0693128
0.069327
0.0693413
0.0693557
0.06937
0.0693844
0.0693989
0.0694134
0.0694279
0.0694424
0.0694571
0.0694717
0.0694864
0.0695011
0.0695159
0.0695307
0.0695455
0.0695604
0.0695754
0.0695904
0.0696054
0.0696204
0.0696355
0.0696507
0.0696658
0.0696811
0.0696963
0.0697117
0.069727
0.0697424
0.0697578
0.0697733
0.0697888
0.0698044
0.06982
0.0698357
0.0698514
0.0698671
0.0698829
0.0698987
0.0699146
0.0699305
0.0699464
0.0699624
0.0699785
0.0699945
0.0700107
0.0700268
0.0700431
0.0700593
0.0700756
0.070092
0.0701084
0.0701248
0.0701413
0.0701578
0.0701744
0.070191
0.0702077
0.0702244
0.0702412
0.070258
0.0702748
0.0702917
0.0703086
0.0703256
0.0703426
0.0703597
0.0703768
0.070394
0.0704112
0.0704285
0.0704458
0.0704632
0.0704806
0.070498
0.0705155
0.070533
0.0705506
0.0705683
0.070586
0.0706037
0.0706215
0.0706393
0.0706572
0.0706751
0.0706931
0.0707111
0.0707291
0.0707473
0.0707654
0.0707836
0.0708019
0.0708202
0.0708386
0.070857
0.0708754
0.0708939
0.0709125
0.0709311
0.0709497
0.0709684
0.0709872
0.071006
0.0710249
0.0710438
0.0710627
0.0710817
0.0711008
0.0711199
0.071139
0.0711582
0.0711775
0.0711968
0.0712161
0.0712355
0.071255
0.0712745
0.071294
0.0713137
0.0713333
0.071353
0.0713728
0.0713926
0.0714125
0.0714324
0.0714524
0.0714724
0.0714924
0.0715126
0.0715328
0.071553
0.0715733
0.0715936
0.071614
0.0716344
0.0716549
0.0716755
0.0716961
0.0717167
0.0717374
0.0717582
0.071779
0.0717999
0.0718208
0.0718417
0.0718628
0.0718838
0.071905
0.0719262
0.0719474
0.0719687
0.07199
0.0720115
0.0720329
0.0720544
0.072076
0.0720976
0.0721193
0.072141
0.0721628
0.0721846
0.0722065
0.0722285
0.0722505
0.0722725
0.0722947
0.0723168
0.0723391
0.0723613
0.0723837
0.0724061
0.0724285
0.072451
0.0724736
0.0724962
0.0725189
0.0725416
0.0725644
0.0725872
0.0726101
0.0726331
0.0726561
0.0726792
0.0727023
0.0727255
0.0727487
0.072772
0.0727954
0.0728188
0.0728422
0.0728658
0.0728893
0.072913
0.0729367
0.0729604
0.0729842
0.0730081
0.073032
0.073056
0.0730801
0.0731042
0.0731283
0.0731525
0.0731768
0.0732011
0.0732255
0.07325
0.0732745
0.073299
0.0733237
0.0733483
0.0733731
0.0733979
0.0734227
0.0734477
0.0734726
0.0734977
0.0735228
0.0735479
0.0735731
0.0735984
0.0736237
0.0736491
0.0736746
0.0737001
0.0737256
0.0737512
0.0737769
0.0738027
0.0738285
0.0738543
0.0738803
0.0739062
0.0739323
0.0739584
0.0739845
0.0740108
0.074037
0.0740634
0.0740898
0.0741162
0.0741428
0.0741693
0.074196
0.0742227
0.0742494
0.0742763
0.0743031
0.0743301
0.0743571
0.0743841
0.0744113
0.0744384
0.0744657
0.074493
0.0745203
0.0745478
0.0745753
0.0746028
0.0746304
0.0746581
0.0746858
0.0747136
0.0747414
0.0747693
0.0747973
0.0748253
0.0748534
0.0748816
0.0749098
0.074938
0.0749664
0.0749947
0.0750232
0.0750517
0.0750803
0.0751089
0.0751376
0.0751664
0.0751952
0.0752241
0.075253
0.075282
0.075311
0.0753402
0.0753693
0.0753986
0.0754279
0.0754572
0.0754867
0.0755161
0.0755457
0.0755753
0.075605
0.0756347
0.0756645
0.0756943
0.0757242
0.0757542
0.0757842
0.0758143
0.0758444
0.0758746
0.0759049
0.0759352
0.0759656
0.0759961
0.0760266
0.0760572
0.0760878
0.0761185
0.0761492
0.07618
0.0762109
0.0762418
0.0762728
0.0763039
0.076335
0.0763661
0.0763974
0.0764287
0.07646
0.0764914
0.0765229
0.0765544
0.076586
0.0766176
0.0766493
0.0766811
0.0767129
0.0767448
0.0767768
0.0768088
0.0768408
0.0768729
0.0769051
0.0769373
0.0769696
0.077002
0.0770344
0.0770669
0.0770994
0.077132
0.0771646
0.0771973
0.0772301
0.0772629
0.0772958
0.0773287
0.0773617
0.0773948
0.0774279
0.0774611
0.0774943
0.0775276
0.0775609
0.0775943
0.0776277
0.0776613
0.0776948
0.0777284
0.0777621
0.0777959
0.0778297
0.0778635
0.0778974
0.0779314
0.0779654
0.0779995
0.0780336
0.0780678
0.078102
0.0781363
0.0781707
0.0782051
0.0782395
0.0782741
0.0783086
0.0783433
0.0783779
0.0784127
0.0784475
0.0784823
0.0785172
0.0785522
0.0785872
0.0786222
0.0786574
0.0786925
0.0787277
0.078763
0.0787984
0.0788337
0.0788692
0.0789047
0.0789402
0.0789758
0.0790114
0.0790471
0.0790829
0.0791187
0.0791545
0.0791904
0.0792264
0.0792624
0.0792984
0.0793345
0.0793707
0.0794069
0.0794432
0.0794795
0.0795158
0.0795522
0.0795887
0.0796252
0.0796618
0.0796984
0.079735
0.0797717
0.0798085
0.0798453
0.0798821
0.079919
0.0799559
0.0799929
0.08003
0.0800671
0.0801042
0.0801414
0.0801786
0.0802159
0.0802532
0.0802905
0.080328
0.0803654
0.0804029
0.0804405
0.0804781
0.0805157
0.0805534
0.0805911
0.0806289
0.0806667
0.0807045
0.0807424
0.0807804
0.0808184
0.0808564
0.0808945
0.0809326
0.0809707
0.0810089
0.0810472
0.0810855
0.0811238
0.0811622
0.0812006
0.081239
0.0812775
0.081316
0.0813546
0.0813932
0.0814318
0.0814705
0.0815093
0.081548
0.0815868
0.0816257
0.0816645
0.0817035
0.0817424
0.0817814
0.0818204
0.0818595
0.0818986
0.0819377
0.0819769
0.0820161
0.0820554
0.0820947
0.082134
0.0821733
0.0822127
0.0822521
0.0822916
0.0823311
0.0823706
0.0824101
0.0824497
0.0824893
0.082529
0.0825687
0.0826084
0.0826481
0.0826879
0.0827277
0.0827676
0.0828074
0.0828473
0.0828873
0.0829272
0.0829672
0.0830072
0.0830473
0.0830874
0.0831275
0.0831676
0.0832078
0.0832479
0.0832882
0.0833284
0.0833687
0.083409
0.0834493
0.0834896
0.08353
0.0835704
0.0836108
0.0836513
0.0836917
0.0837322
0.0837727
0.0838133
0.0838538
0.0838944
0.083935
0.0839757
0.0840163
0.084057
0.0840977
0.0841384
0.0841791
0.0842199
0.0842607
0.0843014
0.0843423
0.0843831
0.0844239
0.0844648
0.0845057
0.0845466
0.0845875
0.0846285
0.0846694
0.0847104
0.0847514
0.0847924
0.0848334
0.0848744
0.0849155
0.0849566
0.0849976
0.0850387
0.0850798
0.085121
0.0851621
0.0852032
0.0852444
0.0852856
0.0853268
0.0853679
0.0854091
0.0854504
0.0854916
0.0855328
0.0855741
0.0856153
0.0856566
0.0856979
0.0857391
0.0857804
0.0858217
0.085863
0.0859043
0.0859456
0.085987
0.0860283
0.0860696
0.086111
0.0861523
0.0861937
0.086235
0.0862764
0.0863177
0.0863591
0.0864005
0.0864419
0.0864832
0.0865246
0.086566
0.0866074
0.0866487
0.0866901
0.0867315
0.0867729
0.0868143
0.0868556
0.086897
0.0869384
0.0869798
0.0870211
0.0870625
0.0871039
0.0871453
0.0871866
0.087228
0.0872693
0.0873107
0.087352
0.0873934
0.0874347
0.087476
0.0875174
0.0875587
0.0876
0.0876413
0.0876826
0.0877239
0.0877651
0.0878064
0.0878477
0.0878889
0.0879302
0.0879714
0.0880126
0.0880538
0.088095
0.0881362
0.0881774
0.0882186
0.0882597
0.0883009
0.088342
0.0883831
0.0884242
0.0884653
0.0885064
0.0885475
0.0885885
0.0886295
0.0886705
0.0887115
0.0887525
0.0887935
0.0888344
0.0888754
0.0889163
0.0889572
0.0889981
0.0890389
0.0890798
0.0891206
0.0891614
0.0892022
0.0892429
0.0892836
0.0893244
0.0893651
0.0894057
0.0894464
0.089487
0.0895276
0.0895682
0.0896088
0.0896493
0.0896898
0.0897303
0.0897708
0.0898112
0.0898516
0.089892
0.0899324
0.0899727
0.090013
0.0900533
0.0900936
0.0901338
0.090174
0.0902142
0.0902543
0.0902944
0.0903345
0.0903746
0.0904146
0.0904546
0.0904945
0.0905345
0.0905744
0.0906142
0.0906541
0.0906939
0.0907337
0.0907734
0.0908131
0.0908528
0.0908924
0.090932
0.0909716
0.0910111
0.0910506
0.0910901
0.0911295
0.0911689
0.0912083
0.0912476
0.0912869
0.0913261
0.0913653
0.0914045
0.0914436
0.0914827
0.0915218
0.0915608
0.0915998
0.0916387
0.0916776
0.0917165
0.0917553
0.0917941
0.0918328
0.0918715
0.0919101
0.0919487
0.0919873
0.0920258
0.0920643
0.0921027
0.0921411
0.0921795
0.0922178
0.092256
0.0922942
0.0923324
0.0923705
0.0924086
0.0924466
0.0924846
0.0925226
0.0925604
0.0925983
0.0926361
0.0926738
0.0927115
0.0927492
0.0927868
0.0928243
0.0928618
0.0928993
0.0929367
0.092974
0.0930113
0.0930486
0.0930858
0.0931229
0.09316
0.0931971
0.0932341
0.093271
0.0933079
0.0933447
0.0933815
0.0934182
0.0934549
0.0934915
0.0935281
0.0935646
0.0936011
0.0936375
0.0936738
0.0937101
0.0937463
0.0937825
0.0938186
0.0938547
0.0938907
0.0939267
0.0939625
0.0939984
0.0940342
0.0940699
0.0941055
0.0941411
0.0941767
0.0942122
0.0942476
0.0942829
0.0943183
0.0943535
0.0943887
0.0944238
0.0944589
0.0944939
0.0945288
0.0945637
0.0945985
0.0946332
0.0946679
0.0947025
0.0947371
0.0947716
0.094806
0.0948404
0.0948747
0.094909
0.0949431
0.0949773
0.0950113
0.0950453
0.0950792
0.0951131
0.0951469
0.0951806
0.0952142
0.0952478
0.0952814
0.0953148
0.0953482
0.0953815
0.0954148
0.095448
0.0954811
0.0955141
0.0955471
0.09558
0.0956129
0.0956456
0.0956783
0.095711
0.0957436
0.095776
0.0958085
0.0958408
0.0958731
0.0959053
0.0959375
0.0959696
0.0960016
0.0960335
0.0960653
0.0960971
0.0961288
0.0961605
0.0961921
0.0962236
0.096255
0.0962863
0.0963176
0.0963488
0.09638
0.096411
0.096442
0.0964729
0.0965037
0.0965345
0.0965652
0.0965958
0.0966263
0.0966568
0.0966872
0.0967175
0.0967477
0.0967779
0.096808
0.096838
0.0968679
0.0968978
0.0969276
0.0969573
0.0969869
0.0970164
0.0970459
0.0970753
0.0971046
0.0971338
0.097163
0.0971921
0.0972211
0.09725
0.0972789
0.0973076
0.0973363
0.0973649
0.0973935
0.0974219
0.0974503
0.0974786
0.0975068
0.0975349
0.097563
0.097591
0.0976189
0.0976467
0.0976744
0.0977021
0.0977297
0.0977571
0.0977846
0.0978119
0.0978391
0.0978663
0.0978934
0.0979204
0.0979473
0.0979742
0.0980009
0.0980276
0.0980542
0.0980807
0.0981072
0.0981335
0.0981598
0.098186
0.0982121
0.0982381
0.098264
0.0982899
0.0983157
0.0983413
0.098367
0.0983925
0.0984179
0.0984433
0.0984685
0.0984937
0.0985188
0.0985439
0.0985688
0.0985937
0.0986184
0.0986431
0.0986677
0.0986922
0.0987167
0.098741
0.0987653
0.0987894
0.0988135
0.0988376
0.0988615
0.0988853
0.0989091
0.0989327
0.0989563
0.0989798
0.0990032
0.0990266
0.0990498
0.099073
0.0990961
0.099119
0.0991419
0.0991648
0.0991875
0.0992101
0.0992327
0.0992552
0.0992776
0.0992999
0.0993221
0.0993442
0.0993663
0.0993882
0.0994101
0.0994319
0.0994536
0.0994752
0.0994967
0.0995182
0.0995396
0.0995608
0.099582
0.0996031
0.0996241
0.0996451
0.0996659
0.0996866
0.0997073
0.0997279
0.0997484
0.0997688
0.0997891
0.0998094
0.0998295
0.0998496
0.0998696
0.0998894
0.0999093
0.099929
0.0999486
0.0999682
0.0999876
0.100007
0.100026
0.100045
0.100065
0.100084
0.100103
0.100121
0.10014
0.100159
0.100177
0.100196
0.100214
0.100233
0.100251
0.100269
0.100287
0.100305
0.100323
0.100341
0.100359
0.100376
0.100394
0.100411
0.100429
0.100446
0.100463
0.10048
0.100497
0.100514
0.100531
0.100548
0.100565
0.100581
0.100598
0.100614
0.100631
0.100647
0.100663
0.100679
0.100695
0.100711
0.100727
0.100743
0.100759
0.100774
0.10079
0.100805
0.100821
0.100836
0.100851
0.100866
0.100881
0.100896
0.100911
0.100926
0.10094
0.100955
0.100969
0.100984
0.100998
0.101012
0.101027
0.101041
0.101055
0.101069
0.101082
0.101096
0.10111
0.101123
0.101137
0.10115
0.101164
0.101177
0.10119
0.101203
0.101216
0.101229
0.101242
0.101255
0.101267
0.10128
0.101292
0.101305
0.101317
0.10133
0.101342
0.101354
0.101366
0.101378
0.10139
0.101401
0.101413
0.101425
0.101436
0.101448
0.101459
0.10147
0.101482
0.101493
0.101504
0.101515
0.101526
0.101537
0.101547
0.101558
0.101569
0.101579
0.101589
0.1016
0.10161
0.10162
0.10163
0.10164
0.10165
0.10166
0.10167
0.10168
0.101689
0.101699
0.101708
0.101718
0.101727
0.101736
0.101746
0.101755
0.101764
0.101773
0.101782
0.10179
0.101799
0.101808
0.101816
0.101825
0.101833
0.101842
0.10185
0.101858
0.101866
0.101874
0.101882
0.10189
0.101898
0.101906
0.101914
0.101921
0.101929
0.101936
0.101944
0.101951
0.101958
0.101965
0.101972
0.101979
0.101986
0.101993
0.102
0.102007
0.102013
0.10202
0.102027
0.102033
0.102039
0.102046
0.102052
0.102058
0.102064
0.10207
0.102076
0.102082
0.102088
0.102094
0.102099
0.102105
0.102111
0.102116
0.102122
0.102127
0.102132
0.102137
0.102143
0.102148
0.102153
0.102158
0.102162
0.102167
0.102172
0.102177
0.102181
0.102186
0.10219
0.102195
0.102199
0.102203
0.102208
0.102212
0.102216
0.10222
0.102224
0.102228
0.102232
0.102235
0.102239
0.102243
0.102246
0.10225
0.102253
0.102257
0.10226
0.102263
0.102267
0.10227
0.102273
0.102276
0.102279
0.102282
0.102285
0.102287
0.10229
0.102293
0.102295
0.102298
0.1023
0.102303
0.102305
0.102307
0.10231
0.102312
0.102314
0.102316
0.102318
0.10232
0.102322
0.102324
0.102326
0.102327
0.102329
0.102331
0.102332
0.102334
0.102335
0.102337
0.102338
0.102339
0.10234
0.102342
0.102343
0.102344
0.102345
0.102346
0.102347
0.102348
0.102348
0.102349
0.10235
0.10235
0.102351
0.102352
0.102352
0.102352
0.102353
0.102353
0.102353
0.102354
0.102354
0.102354
0.102354
0.102354
0.102354
0.102354
0.102354
0.102354
0.102353
0.102353
0.102353
0.102352
0.102352
0.102352
0.102351
0.10235
0.10235
0.102349
0.102348
0.102348
0.102347
0.102346
0.102345
0.102344
0.102343
0.102342
0.102341
0.10234
0.102339
0.102338
0.102336
0.102335
0.102334
0.102332
0.102331
0.102329
0.102328
0.102326
0.102325
0.102323
0.102321
0.102319
0.102318
0.102316
0.102314
0.102312
0.10231
0.102308
0.102306
0.102304
0.102302
0.1023
0.102298
0.102295
0.102293
0.102291
0.102288
0.102286
0.102283
0.102281
0.102278
0.102276
0.102273
0.102271
0.102268
0.102265
0.102263
0.10226
0.102257
0.102254
0.102251
0.102248
0.102245
0.102242
0.102239
0.102236
0.102233
0.10223
0.102227
0.102223
0.10222
0.102217
0.102214
0.10221
0.102207
0.102203
0.1022
0.102196
0.102193
0.102189
0.102186
0.102182
0.102178
0.102175
0.102171
0.102167
0.102164
0.10216
0.102156
0.102152
0.102148
0.102144
0.10214
0.102136
0.102132
0.102128
0.102124
0.10212
0.102116
0.102111
0.102107
0.102103
0.102099
0.102094
0.10209
0.102086
0.102081
0.102077
0.102072
0.102068
0.102063
0.102059
0.102054
0.10205
0.102045
0.10204
0.102036
0.102031
0.102026
0.102022
0.102017
0.102012
0.102007
0.102002
0.101997
0.101992
0.101988
0.101983
0.101978
0.101973
0.101968
0.101963
0.101957
0.101952
0.101947
0.101942
0.101937
0.101932
0.101926
0.101921
0.101916
0.101911
0.101905
0.1019
0.101895
0.101889
0.101884
0.101879
0.101873
0.101868
0.101862
0.101857
0.101851
0.101846
0.10184
0.101834
0.101829
0.101823
0.101818
0.101812
0.101806
0.101801
0.101795
0.101789
0.101783
0.101778
0.101772
0.101766
0.10176
0.101754
0.101748
0.101742
0.101737
0.101731
0.101725
0.101719
0.101713
0.101707
0.101701
0.101695
0.101689
0.101683
0.101677
0.10167
0.101664
0.101658
0.101652
0.101646
0.10164
0.101634
0.101627
0.101621
0.101615
0.101609
0.101602
0.101596
0.10159
0.101584
0.101577
0.101571
0.101565
0.101558
0.101552
0.101545
0.101539
0.101533
0.101526
0.10152
0.101513
0.101507
0.1015
0.101494
0.101487
0.101481
0.101474
0.101468
0.101461
0.101455
0.101448
0.101442
0.101435
0.101428
0.101422
0.101415
0.101409
0.101402
0.101395
0.101389
0.101382
0.101375
0.101368
0.101362
0.101355
0.101348
0.101342
0.101335
0.101328
0.101321
0.101315
0.101308
0.101301
0.101294
0.101287
0.101281
0.101274
0.101267
0.10126
0.101253
0.101246
0.101239
0.101233
0.101226
0.101219
0.101212
0.101205
0.101198
0.101191
0.101184
0.101177
0.10117
0.101163
0.101156
0.10115
0.101143
0.101136
0.101129
0.101122
0.101115
0.101108
0.101101
0.101094
0.101087
0.10108
0.101073
0.101066
0.101059
0.101051
0.101044
0.101037
0.10103
0.101023
0.101016
0.101009
0.101002
0.100995
0.100988
0.100981
0.100974
0.100967
0.10096
0.100952
0.100945
0.100938
0.100931
0.100924
0.100917
0.10091
0.100903
0.100896
0.100888
0.100881
0.100874
0.100867
0.10086
0.100853
0.100846
0.100838
0.100831
0.100824
0.100817
0.10081
0.100803
0.100796
0.100788
0.100781
0.100774
0.100767
0.10076
0.100753
0.100745
0.100738
0.100731
0.100724
0.100717
0.10071
0.100702
0.100695
0.100688
0.100681
0.100674
0.100667
0.100659
0.100652
0.100645
0.100638
0.100631
0.100623
0.100616
0.100609
0.100602
0.100595
0.100588
0.10058
0.100573
0.100566
0.100559
0.100552
0.100545
0.100537
0.10053
0.100523
0.100516
0.100509
0.100502
0.100494
0.100487
0.10048
0.100473
0.100466
0.100459
0.100451
0.100444
0.100437
0.10043
0.100423
0.100416
0.100409
0.100401
0.100394
0.100387
0.10038
0.100373
0.100366
0.100359
0.100351
0.100344
0.100337
0.10033
0.100323
0.100316
0.100309
0.100302
0.100295
0.100287
0.10028
0.100273
0.100266
0.100259
0.100252
0.100245
0.100238
0.100231
0.100224
0.100217
0.10021
0.100202
0.100195
0.100188
0.100181
0.100174
0.100167
0.10016
0.100153
0.100146
0.100139
0.100132
0.100125
0.100118
0.100111
0.100104
0.100097
0.10009
0.100083
0.100076
0.100069
0.100062
0.100055
0.100048
0.100041
0.100034
0.100027
0.10002
0.100013
0.100006
0.0999995
0.0999926
0.0999856
0.0999787
0.0999718
0.0999649
0.099958
0.0999511
0.0999442
0.0999373
0.0999304
0.0999235
0.0999166
0.0999098
0.0999029
0.0998961
0.0998892
0.0998824
0.0998755
0.0998687
0.0998619
0.099855
0.0998482
0.0998414
0.0998346
0.0998278
0.099821
0.0998142
0.0998074
0.0998007
0.0997939
0.0997871
0.0997804
0.0997736
0.0997669
0.0997601
0.0997534
0.0997467
0.0997399
0.0997332
0.0997265
0.0997198
0.0997131
0.0997064
0.0996997
0.0996931
0.0996864
0.0996797
0.0996731
0.0996664
0.0996598
0.0996531
0.0996465
0.0996399
0.0996333
0.0996267
0.0996201
0.0996135
0.0996069
0.0996003
0.0995937
0.0995871
0.0995806
0.099574
0.0995675
0.0995609
0.0995544
0.0995479
0.0995414
0.0995349
0.0995283
0.0995218
0.0995154
0.0995089
0.0995024
0.0994959
0.0994895
0.099483
0.0994766
0.0994701
0.0994637
0.0994573
0.0994508
0.0994444
0.099438
0.0994316
0.0994252
0.0994189
0.0994125
0.0994061
0.0993998
0.0993934
0.0993871
0.0993807
0.0993744
0.0993681
0.0993618
0.0993555
0.0993492
0.0993429
0.0993366
0.0993303
0.0993241
0.0993178
0.0993116
0.0993053
0.0992991
0.0992929
0.0992866
0.0992804
0.0992742
0.099268
0.0992618
0.0992557
0.0992495
0.0992433
0.0992372
0.099231
0.0992249
0.0992188
0.0992126
0.0992065
0.0992004
0.0991943
0.0991882
0.0991821
0.0991761
0.09917
0.0991639
0.0991579
0.0991518
0.0991458
0.0991398
0.0991338
0.0991278
0.0991217
0.0991158
0.0991098
0.0991038
0.0990978
0.0990919
0.0990859
0.09908
0.099074
0.0990681
0.0990622
0.0990563
0.0990504
0.0990445
0.0990386
0.0990327
0.0990269
0.099021
0.0990151
0.0990093
0.0990035
0.0989976
0.0989918
0.098986
0.0989802
0.0989744
0.0989686
0.0989629
0.0989571
0.0989513
0.0989456
0.0989398
0.0989341
0.0989284
0.0989227
0.0989169
0.0989112
0.0989056
0.0988999
0.0988942
0.0988885
0.0988829
0.0988772
0.0988716
0.098866
0.0988603
0.0988547
0.0988491
0.0988435
0.0988379
0.0988324
0.0988268
0.0988212
0.0988157
0.0988101
0.0988046
0.0987991
0.0987935
0.098788
0.0987825
0.098777
0.0987715
0.0987661
0.0987606
0.0987551
0.0987497
0.0987442
0.0987388
0.0987334
0.098728
0.0987226
0.0987172
0.0987118
0.0987064
0.098701
0.0986957
0.0986903
0.098685
0.0986796
0.0986743
0.098669
0.0986636
0.0986583
0.098653
0.0986478
0.0986425
0.0986372
0.098632
0.0986267
0.0986215
0.0986162
0.098611
0.0986058
0.0986006
0.0985954
0.0985902
0.098585
0.0985798
0.0985747
0.0985695
0.0985644
0.0985592
0.0985541
0.098549
0.0985438
0.0985387
0.0985336
0.0985286
0.0985235
0.0985184
0.0985133
0.0985083
0.0985033
0.0984982
0.0984932
0.0984882
0.0984832
0.0984782
0.0984732
0.0984682
0.0984632
0.0984582
0.0984533
0.0984483
0.0984434
0.0984385
0.0984335
0.0984286
0.0984237
0.0984188
0.0984139
0.098409
0.0984042
0.0983993
0.0983944
0.0983896
0.0983848
0.0983799
0.0983751
0.0983703
0.0983655
0.0983607
0.0983559
0.0983511
0.0983464
0.0983416
0.0983368
0.0983321
0.0983274
0.0983226
0.0983179
0.0983132
0.0983085
0.0983038
0.0982991
0.0982944
0.0982898
0.0982851
0.0982805
0.0982758
0.0982712
0.0982666
0.0982619
0.0982573
0.0982527
0.0982481
0.0982436
0.098239
0.0982344
0.0982299
0.0982253
0.0982208
0.0982162
0.0982117
0.0982072
0.0982027
0.0981982
0.0981937
0.0981892
0.0981847
0.0981803
0.0981758
0.0981714
0.0981669
0.0981625
0.098158
0.0981536
0.0981492
0.0981448
0.0981404
0.098136
0.0981317
0.0981273
0.0981229
0.0981186
0.0981142
0.0981099
0.0981056
0.0981013
0.098097
0.0980927
0.0980884
0.0980841
0.0980798
0.0980755
0.0980713
0.098067
0.0980628
0.0980585
0.0980543
0.0980501
0.0980459
0.0980417
0.0980375
0.0980333
0.0980291
0.0980249
0.0980208
0.0980166
0.0980125
0.0980083
0.0980042
0.0980001
0.0979959
0.0979918
0.0979877
0.0979836
0.0979796
0.0979755
0.0979714
0.0979674
0.0979633
0.0979593
0.0979552
0.0979512
0.0979472
0.0979432
0.0979391
0.0979352
0.0979312
0.0979272
0.0979232
0.0979192
0.0979153
0.0979113
0.0979074
0.0979035
0.0978995
0.0978956
0.0978917
0.0978878
0.0978839
0.09788
0.0978761
0.0978723
0.0978684
0.0978645
0.0978607
0.0978568
0.097853
0.0978492
0.0978454
0.0978416
0.0978378
0.097834
0.0978302
0.0978264
0.0978226
0.0978188
0.0978151
0.0978113
0.0978076
0.0978039
0.0978001
0.0977964
0.0977927
0.097789
0.0977853
0.0977816
0.0977779
0.0977743
0.0977706
0.0977669
0.0977633
0.0977596
0.097756
0.0977524
0.0977487
0.0977451
0.0977415
0.0977379
0.0977343
0.0977307
0.0977272
0.0977236
0.09772
0.0977165
0.0977129
0.0977094
0.0977058
0.0977023
0.0976988
0.0976953
0.0976918
0.0976883
0.0976848
0.0976813
0.0976778
0.0976744
0.0976709
0.0976674
0.097664
0.0976605
0.0976571
0.0976537
0.0976503
0.0976469
0.0976435
0.0976401
0.0976367
0.0976333
0.0976299
0.0976265
0.0976232
0.0976198
0.0976165
0.0976131
0.0976098
0.0976065
0.0976031
0.0975998
0.0975965
0.0975932
0.0975899
0.0975867
0.0975834
0.0975801
0.0975768
0.0975736
0.0975703
0.0975671
0.0975638
0.0975606
0.0975574
0.0975542
0.097551
0.0975478
0.0975446
0.0975414
0.0975382
0.097535
0.0975319
0.0975287
0.0975255
0.0975224
0.0975192
0.0975161
0.097513
0.0975099
0.0975067
0.0975036
0.0975005
0.0974974
0.0974943
0.0974913
0.0974882
0.0974851
0.0974821
0.097479
0.097476
0.0974729
0.0974699
0.0974669
0.0974638
0.0974608
0.0974578
0.0974548
0.0974518
0.0974488
0.0974458
0.0974429
0.0974399
0.0974369
0.097434
0.097431
0.0974281
0.0974251
0.0974222
0.0974193
0.0974163
0.0974134
0.0974105
0.0974076
0.0974047
0.0974018
0.097399
0.0973961
0.0973932
0.0973904
0.0973875
0.0973847
0.0973818
0.097379
0.0973761
0.0973733
0.0973705
0.0973677
0.0973649
0.0973621
0.0973593
0.0973565
0.0973537
0.0973509
0.0973482
0.0973454
0.0973426
0.0973399
0.0973372
0.0973344
0.0973317
0.097329
0.0973262
0.0973235
0.0973208
0.0973181
0.0973154
0.0973127
0.09731
0.0973074
0.0973047
0.097302
0.0972994
0.0972967
0.0972941
0.0972914
0.0972888
0.0972861
0.0972835
0.0972809
0.0972783
0.0972757
0.0972731
0.0972705
0.0972679
0.0972653
0.0972627
0.0972601
0.0972576
0.097255
0.0972525
0.0972499
0.0972474
0.0972448
0.0972423
0.0972398
0.0972372
0.0972347
0.0972322
0.0972297
0.0972272
0.0972247
0.0972222
0.0972198
0.0972173
0.0972148
0.0972123
0.0972099
0.0972074
0.097205
0.0972025
0.0972001
0.0971977
0.0971952
0.0971928
0.0971904
0.097188
0.0971856
0.0971832
0.0971808
0.0971784
0.097176
0.0971737
0.0971713
0.0971689
0.0971666
0.0971642
0.0971619
0.0971595
0.0971572
0.0971548
0.0971525
0.0971502
0.0971479
0.0971456
0.0971432
0.0971409
0.0971386
0.0971364
0.0971341
0.0971318
0.0971295
0.0971272
0.097125
0.0971227
0.0971205
0.0971182
0.097116
0.0971137
0.0971115
0.0971093
0.097107
0.0971048
0.0971026
0.0971004
0.0970982
0.097096
0.0970938
0.0970916
0.0970894
0.0970873
0.0970851
0.0970829
0.0970808
0.0970786
0.0970764
0.0970743
0.0970722
0.09707
0.0970679
0.0970658
0.0970636
0.0970615
0.0970594
0.0970573
0.0970552
0.0970531
0.097051
0.0970489
0.0970468
0.0970448
0.0970427
0.0970406
0.0970385
0.0970365
0.0970344
0.0970324
0.0970303
0.0970283
0.0970263
0.0970242
0.0970222
0.0970202
0.0970182
0.0970162
0.0970142
0.0970122
0.0970102
0.0970082
0.0970062
0.0970042
0.0970022
0.0970002
0.0969983
0.0969963
0.0969943
0.0969924
0.0969904
0.0969885
0.0969866
0.0969846
0.0969827
0.0969808
0.0969788
0.0969769
0.096975
0.0969731
0.0969712
0.0969693
0.0969674
0.0969655
0.0969636
0.0969617
0.0969599
0.096958
0.0969561
0.0969542
0.0969524
0.0969505
0.0969487
0.0969468
0.096945
0.0969432
0.0969413
0.0969395
0.0969377
0.0969358
0.096934
0.0969322
0.0969304
0.0969286
0.0969268
0.096925
0.0969232
0.0969214
0.0969197
0.0969179
0.0969161
0.0969143
0.0969126
0.0969108
0.0969091
0.0969073
0.0969056
0.0969038
0.0969021
0.0969003
0.0968986
0.0968969
0.0968952
0.0968935
0.0968917
0.09689
0.0968883
0.0968866
0.0968849
0.0968832
0.0968815
0.0968799
0.0968782
0.0968765
0.0968748
0.0968732
0.0968715
0.0968698
0.0968682
0.0968665
0.0968649
0.0968632
0.0968616
0.0968599
0.0968583
0.0968567
0.0968551
0.0968534
0.0968518
0.0968502
0.0968486
0.096847
0.0968454
0.0968438
0.0968422
0.0968406
0.096839
0.0968375
0.0968359
0.0968343
0.0968327
0.0968312
0.0968296
0.096828
0.0968265
0.0968249
0.0968234
0.0968218
0.0968203
0.0968188
0.0968172
0.0968157
0.0968142
0.0968127
0.0968111
0.0968096
0.0968081
0.0968066
0.0968051
0.0968036
0.0968021
0.0968006
0.0967991
0.0967977
0.0967962
0.0967947
0.0967932
0.0967918
0.0967903
0.0967888
0.0967874
0.0967859
0.0967845
0.096783
0.0967816
0.0967801
0.0967787
0.0967773
0.0967758
0.0967744
0.096773
0.0967716
0.0967702
0.0967688
0.0967673
0.0967659
0.0967645
0.0967631
0.0967617
0.0967604
0.096759
0.0967576
0.0967562
0.0967548
0.0967535
0.0967521
0.0967507
0.0967494
0.096748
0.0967466
0.0967453
0.0967439
0.0967426
0.0967412
0.0967399
0.0967386
0.0967372
0.0967359
0.0967346
0.0967333
0.0967319
0.0967306
0.0967293
0.096728
0.0967267
0.0967254
0.0967241
0.0967228
0.0967215
0.0967202
0.0967189
0.0967177
0.0967164
0.0967151
0.0967138
0.0967125
0.0967113
0.09671
0.0967088
0.0967075
0.0967062
0.096705
0.0967037
0.0967025
0.0967013
0.0967
0.0966988
0.0966976
0.0966963
0.0966951
0.0966939
0.0966927
0.0966914
0.0966902
0.096689
0.0966878
0.0966866
0.0966854
0.0966842
0.096683
0.0966818
0.0966806
0.0966794
0.0966783
0.0966771
0.0966759
0.0966747
0.0966736
0.0966724
0.0966712
0.0966701
0.0966689
0.0966678
0.0966666
0.0966655
0.0966643
0.0966632
0.096662
0.0966609
0.0966597
0.0966586
0.0966575
0.0966564
0.0966552
0.0966541
0.096653
0.0966519
0.0966508
0.0966497
0.0966486
0.0966475
0.0966464
0.0966453
0.0966442
0.0966431
0.096642
0.0966409
0.0966398
0.0966387
0.0966376
0.0966366
0.0966355
0.0966344
0.0966334
0.0966323
0.0966312
0.0966302
0.0966291
0.0966281
0.096627
0.096626
0.0966249
0.0966239
0.0966228
0.0966218
0.0966208
0.0966197
0.0966187
0.0966177
0.0966167
0.0966156
0.0966146
0.0966136
0.0966126
0.0966116
0.0966106
0.0966096
0.0966086
0.0966076
0.0966066
0.0966056
0.0966046
0.0966036
0.0966026
0.0966016
0.0966007
0.0965997
0.0965987
0.0965977
0.0965968
0.0965958
0.0965948
0.0965939
0.0965929
0.0965919
0.096591
0.09659
0.0965891
0.0965881
0.0965872
0.0965862
0.0965853
0.0965844
0.0965834
0.0965825
0.0965816
0.0965806
0.0965797
0.0965788
0.0965779
0.096577
0.096576
0.0965751
0.0965742
0.0965733
0.0965724
0.0965715
0.0965706
0.0965697
0.0965688
0.0965679
0.096567
0.0965661
0.0965652
0.0965644
0.0965635
0.0965626
0.0965617
0.0965608
0.09656
0.0965591
0.0965582
0.0965574
0.0965565
0.0965556
0.0965548
0.0965539
0.0965531
0.0965522
0.0965514
0.0965505
0.0965497
0.0965488
0.096548
0.0965472
0.0965463
0.0965455
0.0965447
0.0965438
0.096543
0.0965422
0.0965413
0.0965405
0.0965397
0.0965389
0.0965381
0.0965373
0.0965365
0.0965357
0.0965348
0.096534
0.0965332
0.0965324
0.0965316
0.0965309
0.0965301
0.0965293
0.0965285
0.0965277
0.0965269
0.0965261
0.0965254
0.0965246
0.0965238
0.096523
0.0965223
0.0965215
0.0965207
0.09652
0.0965192
0.0965184
0.0965177
0.0965169
0.0965162
0.0965154
0.0965147
0.0965139
0.0965132
0.0965124
0.0965117
0.096511
0.0965102
0.0965095
0.0965087
0.096508
0.0965073
0.0965066
0.0965058
0.0965051
0.0965044
0.0965037
0.0965029
0.0965022
0.0965015
0.0965008
0.0965001
0.0964994
0.0964987
0.096498
0.0964973
0.0964966
0.0964959
0.0964952
0.0964945
0.0964938
0.0964931
0.0964924
0.0964917
0.0964911
0.0964904
0.0964897
0.096489
0.0964883
0.0964877
0.096487
0.0964863
0.0964856
0.096485
0.0964843
0.0964836
0.096483
0.0964823
0.0964817
0.096481
0.0964804
0.0964797
0.0964791
0.0964784
0.0964778
0.0964771
0.0964765
0.0964758
0.0964752
0.0964746
0.0964739
0.0964733
0.0964726
0.096472
0.0964714
0.0964708
0.0964701
0.0964695
0.0964689
0.0964683
0.0964677
0.096467
0.0964664
0.0964658
0.0964652
0.0964646
0.096464
0.0964634
0.0964628
0.0964622
0.0964616
0.096461
0.0964604
0.0964598
0.0964592
0.0964586
0.096458
0.0964574
0.0964568
0.0964562
0.0964556
0.0964551
0.0964545
0.0964539
0.0964533
0.0964527
0.0964522
0.0964516
0.096451
0.0964505
0.0964499
0.0964493
0.0964488
0.0964482
0.0964476
0.0964471
0.0964465
0.096446
0.0964454
0.0964449
0.0964443
0.0964438
0.0964432
0.0964427
0.0964421
0.0964416
0.096441
0.0964405
0.0964399
0.0964394
0.0964389
0.0964383
0.0964378
0.0964373
0.0964367
0.0964362
0.0964357
0.0964352
0.0964346
0.0964341
0.0964336
0.0964331
0.0964326
0.096432
0.0964315
0.096431
0.0964305
0.09643
0.0964295
0.096429
0.0964285
0.096428
0.0964275
0.096427
0.0964265
0.096426
0.0964255
0.096425
0.0964245
0.096424
0.0964235
0.096423
0.0964225
0.096422
0.0964216
0.0964211
0.0964206
0.0964201
0.0964196
0.0964192
0.0964187
0.0964182
0.0964177
0.0964173
0.0964168
0.0964163
0.0964158
0.0964154
0.0964149
0.0964145
0.096414
0.0964135
0.0964131
0.0964126
0.0964122
0.0964117
0.0964112
0.0964108
0.0964103
0.0964099
0.0964094
0.096409
0.0964085
0.0964081
0.0964077
0.0964072
0.0964068
0.0964063
0.0964059
0.0964055
0.096405
0.0964046
0.0964042
0.0964037
0.0964033
0.0964029
0.0964024
0.096402
0.0964016
0.0964012
0.0964007
0.0964003
0.0963999
0.0963995
0.0963991
0.0963986
0.0963982
0.0963978
0.0963974
0.096397
0.0963966
0.0963962
0.0963958
0.0963954
0.096395
0.0963946
0.0963942
0.0963938
0.0963934
0.096393
0.0963926
0.0963922
0.0963918
0.0963914
0.096391
0.0963906
0.0963902
0.0963898
0.0963894
0.096389
0.0963886
0.0963883
0.0963879
0.0963875
0.0963871
0.0963867
0.0963864
0.096386
0.0963856
0.0963852
0.0963849
0.0963845
0.0963841
0.0963837
0.0963834
0.096383
0.0963826
0.0963823
0.0963819
0.0963815
0.0963812
0.0963808
0.0963805
0.0963801
0.0963798
0.0963794
0.096379
0.0963787
0.0963783
0.096378
0.0963776
0.0963773
0.0963769
0.0963766
0.0963762
0.0963759
0.0963755
0.0963752
0.0963749
0.0963745
0.0963742
0.0963738
0.0963735
0.0963732
0.0963728
0.0963725
0.0963722
0.0963718
0.0963715
0.0963712
0.0963708
0.0963705
0.0963702
0.0963699
0.0963695
0.0963692
0.0963689
0.0963686
0.0963682
0.0963679
0.0963676
0.0963673
0.096367
0.0963667
0.0963663
0.096366
0.0963657
0.0963654
0.0963651
0.0963648
0.0963645
0.0963642
0.0963639
0.0963635
0.0963632
0.0963629
0.0963626
0.0963623
0.096362
0.0963617
0.0963614
0.0963611
0.0963608
0.0963605
0.0963603
0.09636
0.0963597
0.0963594
0.0963591
0.0963588
0.0963585
0.0963582
0.0963579
0.0963576
0.0963574
0.0963571
0.0963568
0.0963565
0.0963562
0.0963559
0.0963557
0.0963554
0.0963551
0.0963548
0.0963545
0.0963543
0.096354
0.0963537
0.0963535
0.0963532
0.0963529
0.0963526
0.0963524
0.0963521
0.0963518
0.0963516
0.0963513
0.096351
0.0963508
0.0963505
0.0963503
0.09635
0.0963497
0.0963495
0.0963492
0.096349
0.0963487
0.0963484
0.0963482
0.0963479
0.0963477
0.0963474
0.0963472
0.0963469
0.0963467
0.0963464
0.0963462
0.0963459
0.0963457
0.0963454
0.0963452
0.096345
0.0963447
0.0963445
0.0963442
0.096344
0.0963438
0.0963435
0.0963433
0.096343
0.0963428
0.0963426
0.0963423
0.0963421
0.0963419
0.0963416
0.0963414
0.0963412
0.0963409
0.0963407
0.0963405
0.0963403
0.09634
0.0963398
0.0963396
0.0963394
0.0963391
0.0963389
0.0963387
0.0963385
0.0963382
0.096338
0.0963378
0.0963376
0.0963374
0.0963372
0.0963369
0.0963367
0.0963365
0.0963363
0.0963361
0.0963359
0.0963357
0.0963355
0.0963352
0.096335
0.0963348
0.0963346
0.0963344
0.0963342
0.096334
0.0963338
0.0963336
0.0963334
0.0963332
0.096333
0.0963328
0.0963326
0.0963324
0.0963322
0.096332
0.0963318
0.0963316
0.0963314
0.0963312
0.096331
0.0963308
0.0963306
0.0963304
0.0963302
0.0963301
0.0963299
0.0963297
0.0963295
0.0963293
0.0963291
0.0963289
0.0963287
0.0963285
0.0963284
0.0963282
0.096328
0.0963278
0.0963276
0.0963275
0.0963273
0.0963271
0.0963269
0.0963267
0.0963266
0.0963264
0.0963262
0.096326
0.0963259
0.0963257
0.0963255
0.0963253
0.0963252
0.096325
0.0963248
0.0963246
0.0963245
0.0963243
0.0963241
0.096324
0.0963238
0.0963236
0.0963235
0.0963233
0.0963231
0.096323
0.0963228
0.0963226
0.0963225
0.0963223
0.0963222
0.096322
0.0963218
0.0963217
0.0963215
0.0963214
0.0963212
0.0963211
0.0963209
0.0963207
0.0963206
0.0963204
0.0963203
0.0963201
0.09632
0.0963198
0.0963197
0.0963195
0.0963194
0.0963192
0.0963191
0.0963189
0.0963188
0.0963186
0.0963185
0.0963183
0.0963182
0.096318
0.0963179
0.0963178
0.0963176
0.0963175
0.0963173
0.0963172
0.096317
0.0963169
0.0963168
0.0963166
0.0963165
0.0963163
0.0963162
0.0963161
0.0963159
0.0963158
0.0963157
0.0963155
0.0963154
0.0963153
0.0963151
0.096315
0.0963149
0.0963147
0.0963146
0.0963145
0.0963143
0.0963142
0.0963141
0.096314
0.0963138
0.0963137
0.0963136
0.0963134
0.0963133
0.0963132
0.0963131
0.0963129
0.0963128
0.0963127
0.0963126
0.0963125
0.0963123
0.0963122
0.0963121
0.096312
0.0963119
0.0963117
0.0963116
0.0963115
0.0963114
0.0963113
0.0963111
0.096311
0.0963109
0.0963108
0.0963107
0.0963106
0.0963105
0.0963103
0.0963102
0.0963101
0.09631
0.0963099
0.0963098
0.0963097
0.0963096
0.0963095
0.0963094
0.0963092
0.0963091
0.096309
0.0963089
0.0963088
0.0963087
0.0963086
0.0963085
0.0963084
0.0963083
0.0963082
0.0963081
0.096308
0.0963079
0.0963078
0.0963077
0.0963076
0.0963075
0.0963074
0.0963073
0.0963072
0.0963071
0.096307
0.0963069
0.0963068
0.0963067
0.0963066
0.0963065
0.0963064
0.0963063
0.0963062
0.0963061
0.096306
0.0963059
0.0963058
0.0963058
0.0963057
0.0963056
0.0963055
0.0963054
0.0963053
0.0963052
0.0963051
0.096305
0.0963049
0.0963049
0.0963048
0.0963047
0.0963046
0.0963045
0.0963044
0.0963043
0.0963043
0.0963042
0.0963041
0.096304
0.0963039
0.0963038
0.0963038
0.0963037
0.0963036
0.0963035
0.0963034
0.0963033
0.0963033
0.0963032
0.0963031
0.096303
0.096303
0.0963029
0.0963028
0.0963027
0.0963026
0.0963026
0.0963025
0.0963024
0.0963023
0.0963023
0.0963022
0.0963021
0.096302
0.096302
0.0963019
0.0963018
0.0963018
0.0963017
0.0963016
0.0963015
0.0963015
0.0963014
0.0963013
0.0963013
0.0963012
0.0963011
0.0963011
0.096301
0.0963009
0.0963008
0.0963008
0.0963007
0.0963006
0.0963006
0.0963005
0.0963005
0.0963004
0.0963003
0.0963003
0.0963002
0.0963001
0.0963001
0.0963
0.0962999
0.0962999
0.0962998
0.0962998
0.0962997
0.0962996
0.0962996
0.0962995
0.0962995
0.0962994
0.0962993
0.0962993
0.0962992
0.0962992
0.0962991
0.096299
0.096299
0.0962989
0.0962989
0.0962988
0.0962988
0.0962987
0.0962987
0.0962986
0.0962985
0.0962985
0.0962984
0.0962984
0.0962983
0.0962983
0.0962982
0.0962982
0.0962981
0.0962981
0.096298
0.096298
0.0962979
0.0962979
0.0962978
0.0962978
0.0962977
0.0962977
0.0962976
0.0962976
0.0962975
0.0962975
0.0962974
0.0962974
0.0962973
0.0962973
0.0962973
0.0962972
0.0962972
0.0962971
0.0962971
0.096297
0.096297
0.0962969
0.0962969
0.0962969
0.0962968
0.0962968
0.0962967
0.0962967
0.0962966
0.0962966
0.0962966
0.0962965
0.0962965
0.0962964
0.0962964
0.0962964
0.0962963
0.0962963
0.0962962
0.0962962
0.0962962
0.0962961
0.0962961
0.0962961
0.096296
0.096296
0.0962959
0.0962959
0.0962959
0.0962958
0.0962958
0.0962958
0.0962957
0.0962957
0.0962957
0.0962956
0.0962956
0.0962956
0.0962955
0.0962955
0.0962955
0.0962954
0.0962954
0.0962954
0.0962953
0.0962953
0.0962953
0.0962952
0.0962952
0.0962952
0.0962952
0.0962951
0.0962951
0.0962951
0.096295
0.096295
0.096295
0.0962949
0.0962949
0.0962949
0.0962949
0.0962948
0.0962948
0.0962948
0.0962948
0.0962947
0.0962947
0.0962947
0.0962947
0.0962946
0.0962946
0.0962946
0.0962946
0.0962945
0.0962945
0.0962945
0.0962945
0.0962944
0.0962944
0.0962944
0.0962944
0.0962944
0.0962943
0.0962943
0.0962943
0.0962943
0.0962943
0.0962942
0.0962942
0.0962942
0.0962942
0.0962942
0.0962941
0.0962941
0.0962941
0.0962941
0.0962941
0.096294
0.096294
0.096294
0.096294
0.096294
0.096294
0.0962939
0.0962939
0.0962939
0.0962939
0.0962939
0.0962939
0.0962939
0.0962938
0.0962938
0.0962938
0.0962938
0.0962938
0.0962938
0.0962938
0.0962938
0.0962937
0.0962937
0.0962937
0.0962937
0.0962937
0.0962937
0.0962937
0.0962937
0.0962937
0.0962936
0.0962936
0.0962936
0.0962936
0.0962936
0.0962936
0.0962936
0.0962936
0.0962936
0.0962936
0.0962936
0.0962935
0.0962935
0.0962935
0.0962935
0.0962935
0.0962935
0.0962935
0.0962935
0.0962935
0.0962935
0.0962935
0.0962935
0.0962935
0.0962935
0.0962935
0.0962935
0.0962935
0.0962935
0.0962935
0.0962935
0.0962935
0.0962935
0.0962935
0.0962935
0.0962935
0.0962935
0.0962935
0.0962935
0.0962935
0.0962935
0.0962935
0.0962935
0.0962935
0.0962935
0.0962935
0.0962935
0.0962935
0.0962935
0.0962935
0.0962935
0.0962935
0.0962935
0.0962935
0.0962935
0.0962935
0.0962935
0.0962935
0.0962935
0.0962935
0.0962935
0.0962935
0.0962935
0.0962935
0.0962935
0.0962935
0.0962936
0.0962936
0.0962936
0.0962936
0.0962936
0.0962936
0.0962936
0.0962936
0.0962936
0.0962936
0.0962936
0.0962937
0.0962937
0.0962937
0.0962937
0.0962937
0.0962937
0.0962937
0.0962937
0.0962937
0.0962938
0.0962938
0.0962938
0.0962938
0.0962938
0.0962938
0.0962938
0.0962939
0.0962939
0.0962939
0.0962939
0.0962939
0.0962939
0.096294
0.096294
0.096294
0.096294
0.096294
0.096294
0.0962941
0.0962941
0.0962941
0.0962941
0.0962941
0.0962942
0.0962942
0.0962942
0.0962942
0.0962943
0.0962943
0.0962943
0.0962943
0.0962943
0.0962944
0.0962944
0.0962944
0.0962944
0.0962945
0.0962945
0.0962945
0.0962945
0.0962946
0.0962946
0.0962946
0.0962946
0.0962947
0.0962947
0.0962947
0.0962948
0.0962948
0.0962948
0.0962948
0.0962949
0.0962949
0.0962949
0.096295
0.096295
0.096295
0.0962951
0.0962951
0.0962951
0.0962952
0.0962952
0.0962952
0.0962953
0.0962953
0.0962953
0.0962954
0.0962954
0.0962954
0.0962955
0.0962955
0.0962956
0.0962956
0.0962956
0.0962957
0.0962957
0.0962958
0.0962958
0.0962958
0.0962959
0.0962959
0.096296
0.096296
0.096296
0.0962961
0.0962961
0.0962962
0.0962962
0.0962963
0.0962963
0.0962964
0.0962964
0.0962964
0.0962965
0.0962965
0.0962966
0.0962966
0.0962967
0.0962967
0.0962968
0.0962968
0.0962969
0.0962969
0.096297
0.096297
0.0962971
0.0962971
0.0962972
0.0962972
0.0962973
0.0962973
0.0962974
0.0962975
0.0962975
0.0962976
0.0962976
0.0962977
0.0962977
0.0962978
0.0962979
0.0962979
0.096298
0.096298
0.0962981
0.0962982
0.0962982
0.0962983
0.0962983
0.0962984
0.0962985
0.0962985
0.0962986
0.0962987
0.0962987
0.0962988
0.0962988
0.0962989
0.096299
0.096299
0.0962991
0.0962992
0.0962993
0.0962993
0.0962994
0.0962995
0.0962995
0.0962996
0.0962997
0.0962997
0.0962998
0.0962999
0.0963
0.0963
0.0963001
0.0963002
0.0963003
0.0963003
0.0963004
0.0963005
0.0963006
0.0963006
0.0963007
0.0963008
0.0963009
0.096301
0.096301
0.0963011
0.0963012
0.0963013
0.0963014
0.0963015
0.0963015
0.0963016
0.0963017
0.0963018
0.0963019
0.096302
0.0963021
0.0963021
0.0963022
0.0963023
0.0963024
0.0963025
0.0963026
0.0963027
0.0963028
0.0963029
0.096303
0.096303
0.0963031
0.0963032
0.0963033
0.0963034
0.0963035
0.0963036
0.0963037
0.0963038
0.0963039
0.096304
0.0963041
0.0963042
0.0963043
0.0963044
0.0963045
0.0963046
0.0963047
0.0963048
0.0963049
0.096305
0.0963051
0.0963052
0.0963053
0.0963054
0.0963055
0.0963056
0.0963057
0.0963059
0.096306
0.0963061
0.0963062
0.0963063
0.0963064
0.0963065
0.0963066
0.0963067
0.0963068
0.096307
0.0963071
0.0963072
0.0963073
0.0963074
0.0963075
0.0963076
0.0963078
0.0963079
0.096308
0.0963081
0.0963082
0.0963084
0.0963085
0.0963086
0.0963087
0.0963088
0.096309
0.0963091
0.0963092
0.0963093
0.0963095
0.0963096
0.0963097
0.0963098
0.09631
0.0963101
0.0963102
0.0963103
0.0963105
0.0963106
0.0963107
0.0963109
0.096311
0.0963111
0.0963112
0.0963114
0.0963115
0.0963116
0.0963118
0.0963119
0.096312
0.0963122
0.0963123
0.0963125
0.0963126
0.0963127
0.0963129
0.096313
0.0963131
0.0963133
0.0963134
0.0963136
0.0963137
0.0963138
0.096314
0.0963141
0.0963143
0.0963144
0.0963146
0.0963147
0.0963148
0.096315
0.0963151
0.0963153
0.0963154
0.0963156
0.0963157
0.0963159
0.096316
0.0963162
0.0963163
0.0963165
0.0963166
0.0963168
0.0963169
0.0963171
0.0963172
0.0963174
0.0963175
0.0963177
0.0963178
0.096318
0.0963181
0.0963183
0.0963184
0.0963186
0.0963188
0.0963189
0.0963191
0.0963192
0.0963194
0.0963195
0.0963197
0.0963199
0.09632
0.0963202
0.0963203
0.0963205
0.0963207
0.0963208
0.096321
0.0963212
0.0963213
0.0963215
0.0963216
0.0963218
0.096322
0.0963221
0.0963223
0.0963225
0.0963226
0.0963228
0.096323
0.0963231
0.0963233
0.0963235
0.0963236
0.0963238
0.096324
0.0963242
0.0963243
0.0963245
0.0963247
0.0963248
0.096325
0.0963252
0.0963254
0.0963255
0.0963257
0.0963259
0.096326
0.0963262
0.0963264
0.0963266
0.0963267
0.0963269
0.0963271
0.0963273
0.0963275
0.0963276
0.0963278
0.096328
0.0963282
0.0963283
0.0963285
0.0963287
0.0963289
0.0963291
0.0963292
0.0963294
0.0963296
0.0963298
0.09633
0.0963301
0.0963303
0.0963305
0.0963307
0.0963309
0.0963311
0.0963312
0.0963314
0.0963316
0.0963318
0.096332
0.0963322
0.0963324
0.0963325
0.0963327
0.0963329
0.0963331
0.0963333
0.0963335
0.0963337
0.0963338
0.096334
0.0963342
0.0963344
0.0963346
0.0963348
0.096335
0.0963352
0.0963354
0.0963356
0.0963357
0.0963359
0.0963361
0.0963363
0.0963365
0.0963367
0.0963369
0.0963371
0.0963373
0.0963375
0.0963377
0.0963378
0.096338
0.0963382
0.0963384
0.0963386
0.0963388
0.096339
0.0963392
0.0963394
0.0963396
0.0963398
0.09634
0.0963402
0.0963404
0.0963406
0.0963408
0.096341
0.0963412
0.0963414
0.0963416
0.0963417
0.0963419
0.0963421
0.0963423
0.0963425
0.0963427
0.0963429
0.0963431
0.0963433
0.0963435
0.0963437
0.0963439
0.0963441
0.0963443
0.0963445
0.0963447
0.0963449
0.0963451
0.0963453
0.0963455
0.0963457
0.0963459
0.0963461
0.0963463
0.0963465
0.0963467
0.0963469
0.0963471
0.0963473
0.0963475
0.0963477
0.0963479
0.0963481
0.0963483
0.0963485
0.0963487
0.0963489
0.0963491
0.0963493
0.0963495
0.0963497
0.0963499
0.0963501
0.0963503
0.0963505
0.0963508
0.096351
0.0963512
0.0963514
0.0963516
0.0963518
0.096352
0.0963522
0.0963524
0.0963526
0.0963528
0.096353
0.0963532
0.0963534
0.0963536
0.0963538
0.096354
0.0963542
0.0963544
0.0963546
0.0963548
0.096355
0.0963552
0.0963554
0.0963556
0.0963558
0.096356
0.0963562
0.0963564
0.0963567
0.0963569
0.0963571
0.0963573
0.0963575
0.0963577
0.0963579
0.0963581
0.0963583
0.0963585
0.0963587
0.0963589
0.0963591
0.0963593
0.0963595
0.0963597
0.0963599
0.0963601
0.0963603
0.0963605
0.0963607
0.0963609
0.0963611
0.0963613
0.0963616
0.0963618
0.096362
0.0963622
0.0963624
0.0963626
0.0963628
0.096363
0.0963632
0.0963634
0.0963636
0.0963638
0.096364
0.0963642
0.0963644
0.0963646
0.0963648
0.096365
0.0963652
0.0963654
0.0963656
0.0963658
0.096366
0.0963662
0.0963664
0.0963666
0.0963668
0.0963671
0.0963673
0.0963675
0.0963677
0.0963679
0.0963681
0.0963683
0.0963685
0.0963687
0.0963689
0.0963691
0.0963693
0.0963695
0.0963697
0.0963699
0.0963701
0.0963703
0.0963705
0.0963707
0.0963709
0.0963711
0.0963713
0.0963715
0.0963717
0.0963719
0.0963721
0.0963723
0.0963725
0.0963727
0.0963729
0.0963731
0.0963733
0.0963735
0.0963737
0.0963739
0.0963741
0.0963743
0.0963745
0.0963747
0.0963749
0.0963751
0.0963753
0.0963755
0.0963757
0.0963759
0.0963761
0.0963763
0.0963765
0.0963767
0.0963769
0.0963771
0.0963773
0.0963775
0.0963777
0.0963779
0.0963781
0.0963783
0.0963785
0.0963787
0.0963789
0.0963791
0.0963793
0.0963795
0.0963797
0.0963799
0.0963801
0.0963803
0.0963805
0.0963806
0.0963808
0.096381
0.0963812
0.0963814
0.0963816
0.0963818
0.096382
0.0963822
0.0963824
0.0963826
0.0963828
0.096383
0.0963832
0.0963834
0.0963836
0.0963838
0.096384
0.0963841
0.0963843
0.0963845
0.0963847
0.0963849
0.0963851
0.0963853
0.0963855
0.0963857
0.0963859
0.0963861
0.0963863
0.0963865
0.0963866
0.0963868
0.096387
0.0963872
0.0963874
0.0963876
0.0963878
0.096388
0.0963882
0.0963884
0.0963885
0.0963887
0.0963889
0.0963891
0.0963893
0.0963895
0.0963897
0.0963899
0.0963901
0.0963902
0.0963904
0.0963906
0.0963908
0.096391
0.0963912
0.0963914
0.0963915
0.0963917
0.0963919
0.0963921
0.0963923
0.0963925
0.0963927
0.0963928
0.096393
0.0963932
0.0963934
0.0963936
0.0963938
0.0963939
0.0963941
0.0963943
0.0963945
0.0963947
0.0963949
0.096395
0.0963952
0.0963954
0.0963956
0.0963958
0.096396
0.0963961
0.0963963
0.0963965
0.0963967
0.0963969
0.096397
0.0963972
0.0963974
0.0963976
0.0963978
0.0963979
0.0963981
0.0963983
0.0963985
0.0963986
0.0963988
0.096399
0.0963992
0.0963994
0.0963995
0.0963997
0.0963999
0.0964001
0.0964002
0.0964004
0.0964006
0.0964008
0.0964009
0.0964011
0.0964013
0.0964015
0.0964016
0.0964018
0.096402
0.0964022
0.0964023
0.0964025
0.0964027
0.0964029
0.096403
0.0964032
0.0964034
0.0964035
0.0964037
0.0964039
0.0964041
0.0964042
0.0964044
0.0964046
0.0964047
0.0964049
0.0964051
0.0964053
0.0964054
0.0964056
0.0964058
0.0964059
0.0964061
0.0964063
0.0964064
0.0964066
0.0964068
0.0964069
0.0964071
0.0964073
0.0964074
0.0964076
0.0964078
0.0964079
0.0964081
0.0964083
0.0964084
0.0964086
0.0964088
0.0964089
0.0964091
0.0964093
0.0964094
0.0964096
0.0964097
0.0964099
0.0964101
0.0964102
0.0964104
0.0964106
0.0964107
0.0964109
0.096411
0.0964112
0.0964114
0.0964115
0.0964117
0.0964118
0.096412
0.0964122
0.0964123
0.0964125
0.0964126
0.0964128
0.096413
0.0964131
0.0964133
0.0964134
0.0964136
0.0964138
0.0964139
0.0964141
0.0964142
0.0964144
0.0964145
0.0964147
0.0964148
0.096415
0.0964152
0.0964153
0.0964155
0.0964156
0.0964158
0.0964159
0.0964161
0.0964162
0.0964164
0.0964165
0.0964167
0.0964168
0.096417
0.0964172
0.0964173
0.0964175
0.0964176
0.0964178
0.0964179
0.0964181
0.0964182
0.0964184
0.0964185
0.0964187
0.0964188
0.096419
0.0964191
0.0964193
0.0964194
0.0964196
0.0964197
0.0964198
0.09642
0.0964201
0.0964203
0.0964204
0.0964206
0.0964207
0.0964209
0.096421
0.0964212
0.0964213
0.0964215
0.0964216
0.0964217
0.0964219
0.096422
0.0964222
0.0964223
0.0964225
0.0964226
0.0964228
0.0964229
0.096423
0.0964232
0.0964233
0.0964235
0.0964236
0.0964237
0.0964239
0.096424
0.0964242
0.0964243
0.0964244
0.0964246
0.0964247
0.0964249
0.096425
0.0964251
0.0964253
0.0964254
0.0964256
0.0964257
0.0964258
0.096426
0.0964261
0.0964262
0.0964264
0.0964265
0.0964267
0.0964268
0.0964269
0.0964271
0.0964272
0.0964273
0.0964275
0.0964276
0.0964277
0.0964279
0.096428
0.0964281
0.0964283
0.0964284
0.0964285
0.0964287
0.0964288
0.0964289
0.0964291
0.0964292
0.0964293
0.0964295
0.0964296
0.0964297
0.0964298
0.09643
0.0964301
0.0964302
0.0964304
0.0964305
0.0964306
0.0964308
0.0964309
0.096431
0.0964311
0.0964313
0.0964314
0.0964315
0.0964316
0.0964318
0.0964319
0.096432
0.0964322
0.0964323
0.0964324
0.0964325
0.0964327
0.0964328
0.0964329
0.096433
0.0964332
0.0964333
0.0964334
0.0964335
0.0964337
0.0964338
0.0964339
0.096434
0.0964341
0.0964343
0.0964344
0.0964345
0.0964346
0.0964348
0.0964349
0.096435
0.0964351
0.0964352
0.0964354
0.0964355
0.0964356
0.0964357
0.0964358
0.096436
0.0964361
0.0964362
0.0964363
0.0964364
0.0964365
0.0964367
0.0964368
0.0964369
0.096437
0.0964371
0.0964372
0.0964374
0.0964375
0.0964376
0.0964377
0.0964378
0.0964379
0.0964381
0.0964382
0.0964383
0.0964384
0.0964385
0.0964386
0.0964387
0.0964389
0.096439
0.0964391
0.0964392
0.0964393
0.0964394
0.0964395
0.0964396
0.0964398
0.0964399
0.09644
0.0964401
0.0964402
0.0964403
0.0964404
0.0964405
0.0964406
0.0964407
0.0964409
0.096441
0.0964411
0.0964412
0.0964413
0.0964414
0.0964415
0.0964416
0.0964417
0.0964418
0.0964419
0.096442
0.0964422
0.0964423
0.0964424
0.0964425
0.0964426
0.0964427
0.0964428
0.0964429
0.096443
0.0964431
0.0964432
0.0964433
0.0964434
0.0964435
0.0964436
0.0964437
0.0964438
0.0964439
0.096444
0.0964441
0.0964442
0.0964444
0.0964445
0.0964446
0.0964447
0.0964448
0.0964449
0.096445
0.0964451
0.0964452
0.0964453
0.0964454
0.0964455
0.0964456
0.0964457
0.0964458
0.0964459
0.096446
0.0964461
0.0964462
0.0964463
0.0964464
0.0964465
0.0964466
0.0964467
0.0964468
0.0964468
0.0964469
0.096447
0.0964471
0.0964472
0.0964473
0.0964474
0.0964475
0.0964476
0.0964477
0.0964478
0.0964479
0.096448
0.0964481
0.0964482
0.0964483
0.0964484
0.0964485
0.0964486
0.0964487
0.0964488
0.0964488
0.0964489
0.096449
0.0964491
0.0964492
0.0964493
0.0964494
0.0964495
0.0964496
0.0964497
0.0964498
0.0964499
0.09645
0.09645
0.0964501
0.0964502
0.0964503
0.0964504
0.0964505
0.0964506
0.0964507
0.0964508
0.0964509
0.0964509
0.096451
0.0964511
0.0964512
0.0964513
0.0964514
0.0964515
0.0964516
0.0964516
0.0964517
0.0964518
0.0964519
0.096452
0.0964521
0.0964522
0.0964522
0.0964523
0.0964524
0.0964525
0.0964526
0.0964527
0.0964528
0.0964528
0.0964529
0.096453
0.0964531
0.0964532
0.0964533
0.0964534
0.0964534
0.0964535
0.0964536
0.0964537
0.0964538
0.0964539
0.0964539
0.096454
0.0964541
0.0964542
0.0964543
0.0964543
0.0964544
0.0964545
0.0964546
0.0964547
0.0964547
0.0964548
0.0964549
0.096455
0.0964551
0.0964551
0.0964552
0.0964553
0.0964554
0.0964555
0.0964555
0.0964556
0.0964557
0.0964558
0.0964559
0.0964559
0.096456
0.0964561
0.0964562
0.0964562
0.0964563
0.0964564
0.0964565
0.0964566
0.0964566
0.0964567
0.0964568
0.0964569
0.0964569
0.096457
0.0964571
0.0964572
0.0964572
0.0964573
0.0964574
0.0964575
0.0964575
0.0964576
0.0964577
0.0964578
0.0964578
0.0964579
0.096458
0.0964581
0.0964581
0.0964582
0.0964583
0.0964583
0.0964584
0.0964585
0.0964586
0.0964586
0.0964587
0.0964588
0.0964589
0.0964589
0.096459
0.0964591
0.0964591
0.0964592
0.0964593
0.0964594
0.0964594
0.0964595
0.0964596
0.0964596
0.0964597
0.0964598
0.0964598
0.0964599
0.09646
0.09646
0.0964601
0.0964602
0.0964603
0.0964603
0.0964604
0.0964605
0.0964605
0.0964606
0.0964607
0.0964607
0.0964608
0.0964609
0.0964609
0.096461
0.0964611
0.0964611
0.0964612
0.0964613
0.0964613
0.0964614
0.0964615
0.0964615
0.0964616
0.0964617
0.0964617
0.0964618
0.0964619
0.0964619
0.096462
0.096462
0.0964621
0.0964622
0.0964622
0.0964623
0.0964624
0.0964624
0.0964625
0.0964626
0.0964626
0.0964627
0.0964627
0.0964628
0.0964629
0.0964629
0.096463
0.0964631
0.0964631
0.0964632
0.0964632
0.0964633
0.0964634
0.0964634
0.0964635
0.0964636
0.0964636
0.0964637
0.0964637
0.0964638
0.0964639
0.0964639
0.096464
0.096464
0.0964641
0.0964642
0.0964642
0.0964643
0.0964643
0.0964644
0.0964645
0.0964645
0.0964646
0.0964646
0.0964647
0.0964647
0.0964648
0.0964649
0.0964649
0.096465
0.096465
0.0964651
0.0964652
0.0964652
0.0964653
0.0964653
0.0964654
0.0964654
0.0964655
0.0964656
0.0964656
0.0964657
0.0964657
0.0964658
0.0964658
0.0964659
0.0964659
0.096466
0.0964661
0.0964661
0.0964662
0.0964662
0.0964663
0.0964663
0.0964664
0.0964664
0.0964665
0.0964665
0.0964666
0.0964667
0.0964667
0.0964668
0.0964668
0.0964669
0.0964669
0.096467
0.096467
0.0964671
0.0964671
0.0964672
0.0964672
0.0964673
0.0964673
0.0964674
0.0964674
0.0964675
0.0964676
0.0964676
0.0964677
0.0964677
0.0964678
0.0964678
0.0964679
0.0964679
0.096468
0.096468
0.0964681
0.0964681
0.0964682
0.0964682
0.0964683
0.0964683
0.0964684
0.0964684
0.0964685
0.0964685
0.0964686
0.0964686
0.0964687
0.0964687
0.0964688
0.0964688
0.0964689
0.0964689
0.096469
0.096469
0.0964691
0.0964691
0.0964692
0.0964692
0.0964692
0.0964693
0.0964693
0.0964694
0.0964694
0.0964695
0.0964695
0.0964696
0.0964696
0.0964697
0.0964697
0.0964698
0.0964698
0.0964699
0.0964699
0.09647
0.09647
0.09647
0.0964701
0.0964701
0.0964702
0.0964702
0.0964703
0.0964703
0.0964704
0.0964704
0.0964705
0.0964705
0.0964705
0.0964706
0.0964706
0.0964707
0.0964707
0.0964708
0.0964708
0.0964709
0.0964709
0.0964709
0.096471
0.096471
0.0964711
0.0964711
0.0964712
0.0964712
0.0964712
0.0964713
0.0964713
0.0964714
0.0964714
0.0964715
0.0964715
0.0964715
0.0964716
0.0964716
0.0964717
0.0964717
0.0964718
0.0964718
0.0964718
0.0964719
0.0964719
0.096472
0.096472
0.0964721
0.0964721
0.0964721
0.0964722
0.0964722
0.0964723
0.0964723
0.0964723
0.0964724
0.0964724
0.0964725
0.0964725
0.0964725
0.0964726
0.0964726
0.0964727
0.0964727
0.0964727
0.0964728
0.0964728
0.0964729
0.0964729
0.0964729
0.096473
0.096473
0.0964731
0.0964731
0.0964731
0.0964732
0.0964732
0.0964732
0.0964733
0.0964733
0.0964734
0.0964734
0.0964734
0.0964735
0.0964735
0.0964735
0.0964736
0.0964736
0.0964737
0.0964737
0.0964737
0.0964738
0.0964738
0.0964738
0.0964739
0.0964739
0.096474
0.096474
0.096474
0.0964741
0.0964741
0.0964741
0.0964742
0.0964742
0.0964742
0.0964743
0.0964743
0.0964744
0.0964744
0.0964744
0.0964745
0.0964745
0.0964745
0.0964746
0.0964746
0.0964746
0.0964747
0.0964747
0.0964747
0.0964748
0.0964748
0.0964748
0.0964749
0.0964749
0.096475
0.096475
0.096475
0.0964751
0.0964751
0.0964751
0.0964752
0.0964752
0.0964752
0.0964753
0.0964753
0.0964753
0.0964754
0.0964754
0.0964754
0.0964755
0.0964755
0.0964755
0.0964756
0.0964756
0.0964756
0.0964757
0.0964757
0.0964757
0.0964758
0.0964758
0.0964758
0.0964758
0.0964759
0.0964759
0.0964759
0.096476
0.096476
0.096476
0.0964761
0.0964761
0.0964761
0.0964762
0.0964762
0.0964762
0.0964763
0.0964763
0.0964763
0.0964764
0.0964764
0.0964764
0.0964764
0.0964765
0.0964765
0.0964765
0.0964766
0.0964766
0.0964766
0.0964767
0.0964767
0.0964767
0.0964767
0.0964768
0.0964768
0.0964768
0.0964769
0.0964769
0.0964769
0.096477
0.096477
0.096477
0.096477
0.0964771
0.0964771
0.0964771
0.0964772
0.0964772
0.0964772
0.0964772
0.0964773
0.0964773
0.0964773
0.0964774
0.0964774
0.0964774
0.0964774
0.0964775
0.0964775
0.0964775
0.0964776
0.0964776
0.0964776
0.0964776
0.0964777
0.0964777
0.0964777
0.0964778
0.0964778
0.0964778
0.0964778
0.0964779
0.0964779
0.0964779
0.0964779
0.096478
0.096478
0.096478
0.0964781
0.0964781
0.0964781
0.0964781
0.0964782
0.0964782
0.0964782
0.0964782
0.0964783
0.0964783
0.0964783
0.0964783
0.0964784
0.0964784
0.0964784
0.0964784
0.0964785
0.0964785
0.0964785
0.0964785
0.0964786
0.0964786
0.0964786
0.0964786
0.0964787
0.0964787
0.0964787
0.0964787
0.0964788
0.0964788
0.0964788
0.0964788
0.0964789
0.0964789
0.0964789
0.0964789
0.096479
0.096479
0.096479
0.096479
0.0964791
0.0964791
0.0964791
0.0964791
0.0964792
0.0964792
0.0964792
0.0964792
0.0964793
0.0964793
0.0964793
0.0964793
0.0964794
0.0964794
0.0964794
0.0964794
0.0964794
0.0964795
0.0964795
0.0964795
0.0964795
0.0964796
0.0964796
0.0964796
0.0964796
0.0964797
0.0964797
0.0964797
0.0964797
0.0964797
0.0964798
0.0964798
0.0964798
0.0964798
0.0964799
0.0964799
0.0964799
0.0964799
0.0964799
0.09648
0.09648
0.09648
0.09648
0.0964801
0.0964801
0.0964801
0.0964801
0.0964801
0.0964802
0.0964802
0.0964802
0.0964802
0.0964803
0.0964803
0.0964803
0.0964803
0.0964803
0.0964804
0.0964804
0.0964804
0.0964804
0.0964804
0.0964805
0.0964805
0.0964805
0.0964805
0.0964805
0.0964806
0.0964806
0.0964806
0.0964806
0.0964806
0.0964807
0.0964807
0.0964807
0.0964807
0.0964807
0.0964808
0.0964808
0.0964808
0.0964808
0.0964808
0.0964809
0.0964809
0.0964809
0.0964809
0.0964809
0.096481
0.096481
0.096481
0.096481
0.096481
0.0964811
0.0964811
0.0964811
0.0964811
0.0964811
0.0964812
0.0964812
0.0964812
0.0964812
0.0964812
0.0964813
0.0964813
0.0964813
0.0964813
0.0964813
0.0964813
0.0964814
0.0964814
0.0964814
0.0964814
0.0964814
0.0964815
0.0964815
0.0964815
0.0964815
0.0964815
0.0964815
0.0964816
0.0964816
0.0964816
0.0964816
0.0964816
0.0964817
0.0964817
0.0964817
0.0964817
0.0964817
0.0964817
0.0964818
0.0964818
0.0964818
0.0964818
0.0964818
0.0964818
0.0964819
0.0964819
0.0964819
0.0964819
0.0964819
0.0964819
0.096482
0.096482
0.096482
0.096482
0.096482
0.096482
0.0964821
0.0964821
0.0964821
0.0964821
0.0964821
0.0964821
0.0964822
0.0964822
0.0964822
0.0964822
0.0964822
0.0964822
0.0964823
0.0964823
0.0964823
0.0964823
0.0964823
0.0964823
0.0964824
0.0964824
0.0964824
0.0964824
0.0964824
0.0964824
0.0964825
0.0964825
0.0964825
0.0964825
0.0964825
0.0964825
0.0964825
0.0964826
0.0964826
0.0964826
0.0964826
0.0964826
0.0964826
0.0964827
0.0964827
0.0964827
0.0964827
0.0964827
0.0964827
0.0964827
0.0964828
0.0964828
0.0964828
0.0964828
0.0964828
0.0964828
0.0964829
0.0964829
0.0964829
0.0964829
0.0964829
0.0964829
0.0964829
0.096483
0.096483
0.096483
0.096483
0.096483
0.096483
0.096483
0.0964831
0.0964831
0.0964831
0.0964831
0.0964831
0.0964831
0.0964831
0.0964832
0.0964832
0.0964832
0.0964832
0.0964832
0.0964832
0.0964832
0.0964832
0.0964833
0.0964833
0.0964833
0.0964833
0.0964833
0.0964833
0.0964833
0.0964834
0.0964834
0.0964834
0.0964834
0.0964834
0.0964834
0.0964834
0.0964835
0.0964835
0.0964835
0.0964835
0.0964835
0.0964835
0.0964835
0.0964835
0.0964836
0.0964836
0.0964836
0.0964836
0.0964836
0.0964836
0.0964836
0.0964836
0.0964837
0.0964837
0.0964837
0.0964837
0.0964837
0.0964837
0.0964837
0.0964837
0.0964838
0.0964838
