0.5
0.495025
0.490099
0.485223
0.480395
0.475615
0.470882
0.466197
0.461558
0.456966
0.452419
0.447917
0.44346
0.439048
0.434679
0.430354
0.426072
0.421832
0.417635
0.41348
0.409365
0.405292
0.401259
0.397267
0.393314
0.3894
0.385526
0.38169
0.377892
0.374132
0.370409
0.366723
0.363075
0.359462
0.355885
0.352344
0.348838
0.345367
0.341931
0.338528
0.33516
0.331825
0.328523
0.325255
0.322018
0.318814
0.315642
0.312501
0.309392
0.306313
0.303265
0.300248
0.29726
0.294302
0.291374
0.288475
0.285605
0.282763
0.279949
0.277164
0.274406
0.271675
0.268972
0.266296
0.263646
0.261023
0.258426
0.255854
0.253308
0.250788
0.248293
0.245822
0.243376
0.240954
0.238557
0.236183
0.233833
0.231507
0.229203
0.226922
0.224664
0.222429
0.220216
0.218025
0.215855
0.213707
0.211581
0.209476
0.207391
0.205328
0.203285
0.201262
0.19926
0.197277
0.195314
0.193371
0.191446
0.189542
0.187656
0.185788
0.18394
0.182109
0.180297
0.178503
0.176727
0.174969
0.173228
0.171504
0.169798
0.168108
0.166436
0.164779
0.16314
0.161517
0.15991
0.158318
0.156743
0.155183
0.153639
0.152111
0.150597
0.149099
0.147615
0.146146
0.144692
0.143252
0.141827
0.140416
0.139019
0.137636
0.136266
0.13491
0.133568
0.132239
0.130923
0.129621
0.128331
0.127054
0.12579
0.124538
0.123299
0.122073
0.120858
0.119656
0.118465
0.117287
0.11612
0.114965
0.113821
0.112689
0.111568
0.110458
0.10936
0.108272
0.107196
0.10613
0.105074
0.10403
0.102995
0.101972
0.100958
0.0999549
0.0989617
0.0979786
0.0970054
0.096042
0.0950884
0.0941446
0.0932103
0.0922856
0.0913704
0.0904645
0.089568
0.0886807
0.0878027
0.0869338
0.0860739
0.0852231
0.0843813
0.0835483
0.0827243
0.081909
0.0811026
0.0803049
0.0795159
0.0787356
0.077964
0.077201
0.0764466
0.0757008
0.0749636
0.0742349
0.0735148
0.0728033
0.0721003
0.0714059
0.07072
0.0700428
0.0693741
0.0687141
0.0680627
0.06742
0.0667859
0.0661606
0.0655441
0.0649363
0.0643374
0.0637474
0.0631663
0.0625942
0.0620311
0.0614771
0.0609322
0.0603965
0.0598699
0.0593527
0.0588447
0.0583461
0.0578569
0.0573772
0.0569069
0.0564462
0.055995
0.0555533
0.0551212
0.0546988
0.054286
0.0538827
0.0534891
0.0531051
0.0527307
0.0523658
0.0520104
0.0516645
0.0513281
0.051001
0.0506831
0.0503745
0.0500751
0.0497846
0.0495031
0.0492304
0.0489665
0.0487111
0.0484641
0.0482254
0.0479949
0.0477724
0.0475578
0.0473508
0.0471514
0.0469593
0.0467743
0.0465964
0.0464253
0.0462608
0.0461028
0.0459511
0.0458055
0.0456657
0.0455317
0.0454033
0.0452802
0.0451623
0.0450494
0.0449414
0.044838
0.0447392
0.0446446
0.0445543
0.044468
0.0443855
0.0443068
0.0442316
0.0441598
0.0440914
0.0440261
0.0439638
0.0439044
0.0438478
0.0437939
0.0437424
0.0436935
0.0436468
0.0436024
0.04356
0.0435198
0.0434814
0.0434449
0.0434102
0.0433771
0.0433457
0.0433158
0.0432873
0.0432603
0.0432345
0.0432101
0.0431868
0.0431647
0.0431437
0.0431237
0.0431047
0.0430866
0.0430695
0.0430532
0.0430377
0.043023
0.043009
0.0429957
0.0429831
0.0429711
0.0429597
0.0429489
0.0429386
0.0429289
0.0429196
0.0429108
0.0429025
0.0428945
0.042887
0.0428799
0.0428731
0.0428666
0.0428605
0.0428547
0.0428492
0.0428439
0.0428389
0.0428342
0.0428297
0.0428255
0.0428214
0.0428176
0.0428139
0.0428105
0.0428072
0.0428041
0.0428011
0.0427983
0.0427957
0.0427931
0.0427907
0.0427885
0.0427863
0.0427842
0.0427823
0.0427804
0.0427787
0.042777
0.0427754
0.0427739
0.0427725
0.0427712
0.0427699
0.0427687
0.0427675
0.0427664
0.0427654
0.0427644
0.0427634
0.0427625
0.0427617
0.0427609
0.0427601
0.0427594
0.0427587
0.0427581
0.0427575
0.0427569
0.0427563
0.0427558
0.0427553
0.0427548
0.0427544
0.0427539
0.0427535
0.0427531
0.0427528
0.0427524
0.0427521
0.0427518
0.0427515
0.0427512
0.0427509
0.0427507
0.0427505
0.0427502
0.04275
0.0427498
0.0427496
0.0427494
0.0427492
0.0427491
0.0427489
0.0427488
0.0427486
0.0427485
0.0427484
0.0427482
0.0427481
0.042748
0.0427479
0.0427478
0.0427477
0.0427476
0.0427475
0.0427475
0.0427474
0.0427473
0.0427472
0.0427472
0.0427471
0.0427471
0.042747
0.042747
0.0427469
0.0427469
0.0427468
0.0427468
0.0427467
0.0427467
0.0427466
0.0427466
0.0427466
0.0427466
0.0427465
0.0427465
0.0427465
0.0427464
0.0427464
0.0427464
0.0427464
0.0427464
0.0427463
0.0427463
0.0427463
0.0427463
0.0427463
0.0427462
0.0427462
0.0427462
0.0427462
0.0427462
0.0427462
0.0427462
0.0427462
0.0427461
0.0427461
0.0427461
0.0427461
0.0427461
0.0427461
0.0427461
0.0427461
0.0427461
0.0427461
0.0427461
0.0427461
0.0427461
0.0427461
0.042746
0.042746
0.042746
0.042746
0.042746
0.042746
0.042746
0.042746
0.042746
0.042746
0.042746
0.042746
0.042746
0.042746
0.042746
0.042746
0.042746
0.042746
0.042746
0.042746
0.042746
0.042746
0.042746
0.042746
0.042746
0.042746
0.042746
0.042746
0.042746
0.042746
0.042746
0.042746
0.042746
0.042746
0.0427459
0.0427459
0.0427459
0.0427459
0.0427459
0.0427459
0.0427459
0.0427459
0.0427459
0.0427459
0.0427459
0.0427459
0.0427459
0.0427459
0.0427459
0.0427459
0.0427459
0.0427459
0.0427459
0.0427459
0.0427459
0.0427459
0.0427459
0.0427459
0.0427459
0.0427459
0.0427459
0.0427459
0.0427459
0.0427459
0.0427459
0.0427459
0.0427459
0.0427459
0.0427459
0.0427459
0.0427459
0.0427459
0.0427459
0.0427459
0.0427459
0.0427459
0.0427459
0.0427459
0.0427459
0.0427459
0.0427459
0.0427459
0.0427459
0.0427458
0.0427458
0.0427458
0.0427458
0.0427458
0.0427458
0.0427458
0.0427458
0.0427458
0.0427458
0.0427458
0.0427458
0.0427458
0.0427458
0.0427458
0.0427458
0.0427458
0.0427458
0.0427458
0.0427458
0.0427458
0.0427458
0.0427458
0.0427458
0.0427458
0.0427458
0.0427458
0.0427458
0.0427458
0.0427458
0.0427458
0.0427458
0.0427458
0.0427457
0.0427457
0.0427457
0.0427457
0.0427457
0.0427457
0.0427457
0.0427457
0.0427457
0.0427457
0.0427457
0.0427457
0.0427457
0.0427457
0.0427457
0.0427457
0.0427457
0.0427457
0.0427457
0.0427457
0.0427457
0.0427457
0.0427457
0.0427457
0.0427457
0.0427457
0.0427457
0.0427457
0.0427456
0.0427456
0.0427456
0.0427456
0.0427456
0.0427456
0.0427456
0.0427456
0.0427456
0.0427456
0.0427456
0.0427456
0.0427456
0.0427456
0.0427456
0.0427456
0.0427456
0.0427456
0.0427456
0.0427456
0.0427456
0.0427456
0.0427456
0.0427456
0.0427456
0.0427456
0.0427456
0.0427456
0.0427456
0.0427456
0.0427456
0.0427456
0.0427456
0.0427456
0.0427455
0.0427455
0.0427455
0.0427455
0.0427455
0.0427455
0.0427455
0.0427455
0.0427455
0.0427455
0.0427455
0.0427455
0.0427455
0.0427455
0.0427455
0.0427455
0.0427455
0.0427455
0.0427455
0.0427455
0.0427455
0.0427455
0.0427455
0.0427455
0.0427455
0.0427455
0.0427455
0.0427456
0.0427456
0.0427456
0.0427456
0.0427456
0.0427456
0.0427456
0.0427456
0.0427456
0.0427456
0.0427456
0.0427456
0.0427456
0.0427456
0.0427456
0.0427456
0.0427456
0.0427456
0.0427456
0.0427456
0.0427457
0.0427457
0.0427457
0.0427457
0.0427457
0.0427457
0.0427457
0.0427457
0.0427457
0.0427457
0.0427458
0.0427458
0.0427458
0.0427458
0.0427458
0.0427458
0.0427458
0.0427458
0.0427459
0.0427459
0.0427459
0.0427459
0.0427459
0.0427459
0.042746
0.042746
0.042746
0.042746
0.042746
0.0427461
0.0427461
0.0427461
0.0427461
0.0427462
0.0427462
0.0427462
0.0427462
0.0427463
0.0427463
0.0427463
0.0427463
0.0427464
0.0427464
0.0427464
0.0427465
0.0427465
0.0427465
0.0427466
0.0427466
0.0427466
0.0427467
0.0427467
0.0427467
0.0427468
0.0427468
0.0427469
0.0427469
0.0427469
0.042747
0.042747
0.0427471
0.0427471
0.0427472
0.0427472
0.0427473
0.0427473
0.0427474
0.0427474
0.0427475
0.0427475
0.0427476
0.0427476
0.0427477
0.0427478
0.0427478
0.0427479
0.0427479
0.042748
0.0427481
0.0427481
0.0427482
0.0427483
0.0427483
0.0427484
0.0427485
0.0427486
0.0427486
0.0427487
0.0427488
0.0427489
0.0427489
0.042749
0.0427491
0.0427492
0.0427493
0.0427494
0.0427495
0.0427496
0.0427496
0.0427497
0.0427498
0.0427499
0.04275
0.0427501
0.0427502
0.0427503
0.0427504
0.0427506
0.0427507
0.0427508
0.0427509
0.042751
0.0427511
0.0427512
0.0427514
0.0427515
0.0427516
0.0427517
0.0427519
0.042752
0.0427521
0.0427523
0.0427524
0.0427525
0.0427527
0.0427528
0.042753
0.0427531
0.0427533
0.0427534
0.0427536
0.0427537
0.0427539
0.0427541
0.0427542
0.0427544
0.0427546
0.0427547
0.0427549
0.0427551
0.0427553
0.0427554
0.0427556
0.0427558
0.042756
0.0427562
0.0427564
0.0427566
0.0427568
0.042757
0.0427572
0.0427574
0.0427576
0.0427578
0.042758
0.0427583
0.0427585
0.0427587
0.042759
0.0427592
0.0427594
0.0427597
0.0427599
0.0427602
0.0427604
0.0427607
0.0427609
0.0427612
0.0427614
0.0427617
0.042762
0.0427622
0.0427625
0.0427628
0.0427631
0.0427634
0.0427637
0.042764
0.0427643
0.0427646
0.0427649
0.0427652
0.0427655
0.0427658
0.0427661
0.0427665
0.0427668
0.0427671
0.0427675
0.0427678
0.0427682
0.0427685
0.0427689
0.0427692
0.0427696
0.04277
0.0427703
0.0427707
0.0427711
0.0427715
0.0427719
0.0427723
0.0427727
0.0427731
0.0427735
0.0427739
0.0427743
0.0427748
0.0427752
0.0427756
0.0427761
0.0427765
0.042777
0.0427774
0.0427779
0.0427784
0.0427788
0.0427793
0.0427798
0.0427803
0.0427808
0.0427813
0.0427818
0.0427823
0.0427828
0.0427833
0.0427839
0.0427844
0.0427849
0.0427855
0.042786
0.0427866
0.0427872
0.0427877
0.0427883
0.0427889
0.0427895
0.0427901
0.0427907
0.0427913
0.0427919
0.0427925
0.0427931
0.0427938
0.0427944
0.0427951
0.0427957
0.0427964
0.0427971
0.0427977
0.0427984
0.0427991
0.0427998
0.0428005
0.0428012
0.042802
0.0428027
0.0428034
0.0428042
0.0428049
0.0428057
0.0428064
0.0428072
0.042808
0.0428088
0.0428096
0.0428104
0.0428112
0.042812
0.0428129
0.0428137
0.0428146
0.0428154
0.0428163
0.0428171
0.042818
0.0428189
0.0428198
0.0428207
0.0428216
0.0428226
0.0428235
0.0428245
0.0428254
0.0428264
0.0428273
0.0428283
0.0428293
0.0428303
0.0428313
0.0428324
0.0428334
0.0428344
0.0428355
0.0428365
0.0428376
0.0428387
0.0428398
0.0428409
0.042842
0.0428431
0.0428442
0.0428454
0.0428465
0.0428477
0.0428489
0.0428501
0.0428513
0.0428525
0.0428537
0.0428549
0.0428562
0.0428574
0.0428587
0.0428599
0.0428612
0.0428625
0.0428638
0.0428652
0.0428665
0.0428678
0.0428692
0.0428706
0.042872
0.0428734
0.0428748
0.0428762
0.0428776
0.0428791
0.0428805
0.042882
0.0428835
0.042885
0.0428865
0.042888
0.0428895
0.0428911
0.0428927
0.0428942
0.0428958
0.0428974
0.0428991
0.0429007
0.0429023
0.042904
0.0429057
0.0429074
0.0429091
0.0429108
0.0429125
0.0429143
0.042916
0.0429178
0.0429196
0.0429214
0.0429232
0.0429251
0.0429269
0.0429288
0.0429307
0.0429326
0.0429345
0.0429364
0.0429384
0.0429403
0.0429423
0.0429443
0.0429463
0.0429484
0.0429504
0.0429525
0.0429545
0.0429566
0.0429588
0.0429609
0.042963
0.0429652
0.0429674
0.0429696
0.0429718
0.042974
0.0429763
0.0429786
0.0429809
0.0429832
0.0429855
0.0429878
0.0429902
0.0429926
0.042995
0.0429974
0.0429998
0.0430023
0.0430048
0.0430073
0.0430098
0.0430123
0.0430149
0.0430174
0.04302
0.0430226
0.0430253
0.0430279
0.0430306
0.0430333
0.043036
0.0430388
0.0430415
0.0430443
0.0430471
0.0430499
0.0430528
0.0430556
0.0430585
0.0430614
0.0430643
0.0430673
0.0430703
0.0430733
0.0430763
0.0430793
0.0430824
0.0430855
0.0430886
0.0430917
0.0430949
0.043098
0.0431012
0.0431045
0.0431077
0.043111
0.0431143
0.0431176
0.0431209
0.0431243
0.0431277
0.0431311
0.0431345
0.043138
0.0431415
0.043145
0.0431486
0.0431521
0.0431557
0.0431593
0.043163
0.0431666
0.0431703
0.0431741
0.0431778
0.0431816
0.0431854
0.0431892
0.0431931
0.0431969
0.0432008
0.0432048
0.0432087
0.0432127
0.0432167
0.0432208
0.0432249
0.043229
0.0432331
0.0432372
0.0432414
0.0432456
0.0432499
0.0432542
0.0432585
0.0432628
0.0432671
0.0432715
0.043276
0.0432804
0.0432849
0.0432894
0.0432939
0.0432985
0.0433031
0.0433077
0.0433124
0.0433171
0.0433218
0.0433266
0.0433314
0.0433362
0.043341
0.0433459
0.0433508
0.0433558
0.0433607
0.0433658
0.0433708
0.0433759
0.043381
0.0433861
0.0433913
0.0433965
0.0434018
0.043407
0.0434124
0.0434177
0.0434231
0.0434285
0.0434339
0.0434394
0.0434449
0.0434505
0.0434561
0.0434617
0.0434674
0.0434731
0.0434788
0.0434846
0.0434904
0.0434962
0.0435021
0.043508
0.043514
0.0435199
0.043526
0.043532
0.0435381
0.0435443
0.0435505
0.0435567
0.0435629
0.0435692
0.0435755
0.0435819
0.0435883
0.0435948
0.0436012
0.0436078
0.0436143
0.0436209
0.0436276
0.0436343
0.043641
0.0436478
0.0436546
0.0436614
0.0436683
0.0436752
0.0436822
0.0436892
0.0436963
0.0437034
0.0437105
0.0437177
0.0437249
0.0437322
0.0437395
0.0437468
0.0437542
0.0437616
0.0437691
0.0437767
0.0437842
0.0437918
0.0437995
0.0438072
0.0438149
0.0438227
0.0438306
0.0438384
0.0438464
0.0438543
0.0438623
0.0438704
0.0438785
0.0438867
0.0438949
0.0439031
0.0439114
0.0439198
0.0439281
0.0439366
0.0439451
0.0439536
0.0439622
0.0439708
0.0439795
0.0439882
0.043997
0.0440058
0.0440147
0.0440236
0.0440326
0.0440416
0.0440506
0.0440598
0.0440689
0.0440781
0.0440874
0.0440967
0.0441061
0.0441155
0.044125
0.0441345
0.0441441
0.0441537
0.0441634
0.0441731
0.0441829
0.0441928
0.0442027
0.0442126
0.0442226
0.0442326
0.0442428
0.0442529
0.0442631
0.0442734
0.0442837
0.0442941
0.0443045
0.044315
0.0443255
0.0443361
0.0443468
0.0443575
0.0443683
0.0443791
0.04439
0.0444009
0.0444119
0.0444229
0.044434
0.0444452
0.0444564
0.0444677
0.044479
0.0444904
0.0445019
0.0445134
0.044525
0.0445366
0.0445483
0.04456
0.0445718
0.0445837
0.0445956
0.0446076
0.0446197
0.0446318
0.0446439
0.0446562
0.0446685
0.0446808
0.0446932
0.0447057
0.0447182
0.0447308
0.0447435
0.0447562
0.044769
0.0447819
0.0447948
0.0448078
0.0448208
0.0448339
0.0448471
0.0448603
0.0448736
0.044887
0.0449004
0.0449139
0.0449275
0.0449411
0.0449548
0.0449686
0.0449824
0.0449963
0.0450103
0.0450243
0.0450384
0.0450525
0.0450668
0.0450811
0.0450954
0.0451099
0.0451244
0.0451389
0.0451536
0.0451683
0.0451831
0.0451979
0.0452128
0.0452278
0.0452429
0.045258
0.0452732
0.0452884
0.0453038
0.0453192
0.0453347
0.0453502
0.0453659
0.0453816
0.0453973
0.0454132
0.0454291
0.0454451
0.0454611
0.0454773
0.0454935
0.0455098
0.0455261
0.0455425
0.0455591
0.0455756
0.0455923
0.045609
0.0456258
0.0456427
0.0456597
0.0456767
0.0456938
0.045711
0.0457282
0.0457456
0.045763
0.0457805
0.0457981
0.0458157
0.0458334
0.0458512
0.0458691
0.0458871
0.0459051
0.0459232
0.0459414
0.0459597
0.0459781
0.0459965
0.046015
0.0460336
0.0460523
0.0460711
0.0460899
0.0461088
0.0461278
0.0461469
0.0461661
0.0461853
0.0462047
0.0462241
0.0462436
0.0462632
0.0462828
0.0463026
0.0463224
0.0463423
0.0463623
0.0463824
0.0464026
0.0464228
0.0464432
0.0464636
0.0464841
0.0465047
0.0465254
0.0465461
0.046567
0.0465879
0.0466089
0.04663
0.0466512
0.0466725
0.0466939
0.0467154
0.0467369
0.0467586
0.0467803
0.0468021
0.046824
0.046846
0.0468681
0.0468903
0.0469125
0.0469349
0.0469573
0.0469798
0.0470025
0.0470252
0.047048
0.0470709
0.0470939
0.047117
0.0471401
0.0471634
0.0471868
0.0472102
0.0472338
0.0472574
0.0472811
0.0473049
0.0473289
0.0473529
0.047377
0.0474012
0.0474255
0.0474499
0.0474744
0.0474989
0.0475236
0.0475484
0.0475732
0.0475982
0.0476233
0.0476484
0.0476737
0.047699
0.0477245
0.04775
0.0477757
0.0478014
0.0478273
0.0478532
0.0478792
0.0479054
0.0479316
0.0479579
0.0479844
0.0480109
0.0480375
0.0480643
0.0480911
0.048118
0.0481451
0.0481722
0.0481994
0.0482268
0.0482542
0.0482818
0.0483094
0.0483372
0.048365
0.048393
0.048421
0.0484492
0.0484774
0.0485058
0.0485343
0.0485628
0.0485915
0.0486203
0.0486492
0.0486782
0.0487073
0.0487365
0.0487658
0.0487952
0.0488247
0.0488543
0.0488841
0.0489139
0.0489438
0.0489739
0.0490041
0.0490343
0.0490647
0.0490952
0.0491258
0.0491565
0.0491873
0.0492182
0.0492492
0.0492803
0.0493116
0.0493429
0.0493744
0.049406
0.0494376
0.0494694
0.0495013
0.0495333
0.0495655
0.0495977
0.04963
0.0496625
0.0496951
0.0497277
0.0497605
0.0497934
0.0498264
0.0498596
0.0498928
0.0499262
0.0499596
0.0499932
0.0500269
0.0500607
0.0500947
0.0501287
0.0501628
0.0501971
0.0502315
0.050266
0.0503006
0.0503353
0.0503702
0.0504051
0.0504402
0.0504754
0.0505107
0.0505461
0.0505817
0.0506173
0.0506531
0.050689
0.050725
0.0507611
0.0507974
0.0508337
0.0508702
0.0509068
0.0509435
0.0509804
0.0510173
0.0510544
0.0510916
0.0511289
0.0511664
0.0512039
0.0512416
0.0512794
0.0513173
0.0513553
0.0513935
0.0514318
0.0514702
0.0515087
0.0515473
0.0515861
0.051625
0.051664
0.0517031
0.0517424
0.0517818
0.0518213
0.0518609
0.0519006
0.0519405
0.0519805
0.0520206
0.0520609
0.0521012
0.0521417
0.0521823
0.0522231
0.0522639
0.0523049
0.052346
0.0523873
0.0524286
0.0524701
0.0525117
0.0525535
0.0525953
0.0526373
0.0526794
0.0527217
0.0527641
0.0528066
0.0528492
0.0528919
0.0529348
0.0529778
0.053021
0.0530642
0.0531076
0.0531511
0.0531948
0.0532386
0.0532825
0.0533265
0.0533707
0.0534149
0.0534594
0.0535039
0.0535486
0.0535934
0.0536383
0.0536834
0.0537286
0.0537739
0.0538194
0.053865
0.0539107
0.0539565
0.0540025
0.0540486
0.0540949
0.0541413
0.0541878
0.0542344
0.0542812
0.0543281
0.0543751
0.0544223
0.0544696
0.054517
0.0545646
0.0546122
0.0546601
0.054708
0.0547561
0.0548043
0.0548527
0.0549012
0.0549498
0.0549986
0.0550475
0.0550965
0.0551457
0.055195
0.0552444
0.0552939
0.0553436
0.0553935
0.0554434
0.0554935
0.0555438
0.0555941
0.0556446
0.0556953
0.0557461
0.055797
0.055848
0.0558992
0.0559505
0.056002
0.0560536
0.0561053
0.0561571
0.0562091
0.0562613
0.0563135
0.056366
0.0564185
0.0564712
0.056524
0.0565769
0.05663
0.0566833
0.0567366
0.0567901
0.0568438
0.0568975
0.0569514
0.0570055
0.0570597
0.057114
0.0571685
0.0572231
0.0572778
0.0573327
0.0573877
0.0574428
0.0574981
0.0575536
0.0576091
0.0576648
0.0577207
0.0577766
0.0578328
0.057889
0.0579454
0.058002
0.0580586
0.0581154
0.0581724
0.0582295
0.0582867
0.0583441
0.0584016
0.0584592
0.058517
0.0585749
0.058633
0.0586912
0.0587495
0.058808
0.0588666
0.0589254
0.0589843
0.0590433
0.0591025
0.0591618
0.0592213
0.0592809
0.0593406
0.0594005
0.0594605
0.0595207
0.059581
0.0596414
0.059702
0.0597627
0.0598235
0.0598845
0.0599457
0.0600069
0.0600684
0.0601299
0.0601916
0.0602534
0.0603154
0.0603775
0.0604398
0.0605022
0.0605647
0.0606274
0.0606902
0.0607531
0.0608162
0.0608795
0.0609428
0.0610064
0.06107
0.0611338
0.0611977
0.0612618
0.061326
0.0613904
0.0614549
0.0615195
0.0615843
0.0616492
0.0617142
0.0617794
0.0618447
0.0619102
0.0619758
0.0620416
0.0621075
0.0621735
0.0622397
0.062306
0.0623724
0.062439
0.0625057
0.0625726
0.0626396
0.0627067
0.062774
0.0628414
0.062909
0.0629767
0.0630445
0.0631125
0.0631806
0.0632489
0.0633173
0.0633858
0.0634545
0.0635233
0.0635922
0.0636613
0.0637306
0.0637999
0.0638694
0.0639391
0.0640088
0.0640788
0.0641488
0.064219
0.0642893
0.0643598
0.0644304
0.0645011
0.064572
0.064643
0.0647142
0.0647855
0.0648569
0.0649285
0.0650002
0.065072
0.065144
0.0652161
0.0652884
0.0653607
0.0654333
0.0655059
0.0655787
0.0656517
0.0657247
0.0657979
0.0658713
0.0659447
0.0660183
0.0660921
0.066166
0.06624
0.0663141
0.0663884
0.0664628
0.0665374
0.0666121
0.0666869
0.0667618
0.0668369
0.0669121
0.0669875
0.067063
0.0671386
0.0672144
0.0672903
0.0673663
0.0674424
0.0675187
0.0675952
0.0676717
0.0677484
0.0678252
0.0679022
0.0679792
0.0680565
0.0681338
0.0682113
0.0682889
0.0683666
0.0684445
0.0685225
0.0686006
0.0686789
0.0687573
0.0688358
0.0689144
0.0689932
0.0690721
0.0691512
0.0692303
0.0693096
0.0693891
0.0694686
0.0695483
0.0696281
0.069708
0.0697881
0.0698683
0.0699486
0.0700291
0.0701096
0.0701903
0.0702712
0.0703521
0.0704332
0.0705144
0.0705957
0.0706772
0.0707588
0.0708405
0.0709223
0.0710042
0.0710863
0.0711685
0.0712509
0.0713333
0.0714159
0.0714986
0.0715814
0.0716643
0.0717474
0.0718306
0.0719139
0.0719973
0.0720809
0.0721646
0.0722484
0.0723323
0.0724163
0.0725005
0.0725848
0.0726692
0.0727537
0.0728383
0.0729231
0.0730079
0.0730929
0.073178
0.0732633
0.0733486
0.0734341
0.0735197
0.0736054
0.0736912
0.0737771
0.0738632
0.0739493
0.0740356
0.074122
0.0742085
0.0742951
0.0743819
0.0744687
0.0745557
0.0746428
0.07473
0.0748173
0.0749047
0.0749922
0.0750799
0.0751676
0.0752555
0.0753435
0.0754316
0.0755198
0.0756081
0.0756965
0.075785
0.0758737
0.0759624
0.0760513
0.0761403
0.0762293
0.0763185
0.0764078
0.0764972
0.0765867
0.0766763
0.0767661
0.0768559
0.0769458
0.0770359
0.077126
0.0772162
0.0773066
0.077397
0.0774876
0.0775783
0.077669
0.0777599
0.0778509
0.0779419
0.0780331
0.0781244
0.0782158
0.0783073
0.0783988
0.0784905
0.0785823
0.0786742
0.0787661
0.0788582
0.0789504
0.0790427
0.079135
0.0792275
0.0793201
0.0794127
0.0795055
0.0795983
0.0796913
0.0797843
0.0798775
0.0799707
0.080064
0.0801574
0.0802509
0.0803446
0.0804382
0.080532
0.0806259
0.0807199
0.080814
0.0809081
0.0810024
0.0810967
0.0811911
0.0812856
0.0813802
0.0814749
0.0815697
0.0816646
0.0817595
0.0818546
0.0819497
0.0820449
0.0821402
0.0822356
0.0823311
0.0824266
0.0825223
0.082618
0.0827138
0.0828097
0.0829056
0.0830017
0.0830978
0.0831941
0.0832903
0.0833867
0.0834832
0.0835797
0.0836763
0.083773
0.0838698
0.0839667
0.0840636
0.0841606
0.0842577
0.0843548
0.0844521
0.0845494
0.0846468
0.0847442
0.0848418
0.0849394
0.0850371
0.0851348
0.0852327
0.0853306
0.0854285
0.0855266
0.0856247
0.0857229
0.0858212
0.0859195
0.0860179
0.0861163
0.0862149
0.0863135
0.0864122
0.0865109
0.0866097
0.0867086
0.0868075
0.0869065
0.0870056
0.0871047
0.0872039
0.0873032
0.0874025
0.0875019
0.0876013
0.0877008
0.0878004
0.0879
0.0879997
0.0880995
0.0881993
0.0882992
0.0883991
0.0884991
0.0885991
0.0886992
0.0887994
0.0888996
0.0889999
0.0891002
0.0892006
0.0893011
0.0894016
0.0895021
0.0896027
0.0897034
0.0898041
0.0899048
0.0900057
0.0901065
0.0902074
0.0903084
0.0904094
0.0905105
0.0906116
0.0907128
0.090814
0.0909153
0.0910166
0.0911179
0.0912193
0.0913208
0.0914223
0.0915238
0.0916254
0.091727
0.0918287
0.0919304
0.0920321
0.0921339
0.0922358
0.0923377
0.0924396
0.0925415
0.0926435
0.0927456
0.0928477
0.0929498
0.0930519
0.0931541
0.0932564
0.0933586
0.093461
0.0935633
0.0936657
0.0937681
0.0938705
0.093973
0.0940755
0.0941781
0.0942807
0.0943833
0.0944859
0.0945886
0.0946913
0.094794
0.0948968
0.0949996
0.0951024
0.0952053
0.0953082
0.0954111
0.095514
0.095617
0.09572
0.095823
0.095926
0.0960291
0.0961322
0.0962353
0.0963384
0.0964416
0.0965448
0.096648
0.0967512
0.0968544
0.0969577
0.097061
0.0971643
0.0972676
0.097371
0.0974743
0.0975777
0.0976811
0.0977845
0.097888
0.0979914
0.0980949
0.0981984
0.0983019
0.0984054
0.0985089
0.0986124
0.098716
0.0988195
0.0989231
0.0990267
0.0991303
0.0992339
0.0993375
0.0994412
0.0995448
0.0996484
0.0997521
0.0998558
0.0999594
0.100063
0.100167
0.10027
0.100374
0.100478
0.100582
0.100685
0.100789
0.100893
0.100996
0.1011
0.101204
0.101308
0.101411
0.101515
0.101619
0.101723
0.101826
0.10193
0.102034
0.102137
0.102241
0.102345
0.102449
0.102552
0.102656
0.10276
0.102863
0.102967
0.103071
0.103174
0.103278
0.103382
0.103485
0.103589
0.103693
0.103796
0.1039
0.104004
0.104107
0.104211
0.104314
0.104418
0.104521
0.104625
0.104729
0.104832
0.104936
0.105039
0.105143
0.105246
0.105349
0.105453
0.105556
0.10566
0.105763
0.105866
0.10597
0.106073
0.106176
0.10628
0.106383
0.106486
0.106589
0.106693
0.106796
0.106899
0.107002
0.107105
0.107208
0.107311
0.107415
0.107518
0.107621
0.107724
0.107826
0.107929
0.108032
0.108135
0.108238
0.108341
0.108444
0.108546
0.108649
0.108752
0.108855
0.108957
0.10906
0.109162
0.109265
0.109367
0.10947
0.109572
0.109675
0.109777
0.10988
0.109982
0.110084
0.110186
0.110289
0.110391
0.110493
0.110595
0.110697
0.110799
0.110901
0.111003
0.111105
0.111207
0.111309
0.111411
0.111513
0.111614
0.111716
0.111818
0.111919
0.112021
0.112122
0.112224
0.112325
0.112427
0.112528
0.112629
0.112731
0.112832
0.112933
0.113034
0.113135
0.113237
0.113338
0.113438
0.113539
0.11364
0.113741
0.113842
0.113943
0.114043
0.114144
0.114245
0.114345
0.114446
0.114546
0.114646
0.114747
0.114847
0.114947
0.115047
0.115148
0.115248
0.115348
0.115448
0.115548
0.115647
0.115747
0.115847
0.115947
0.116046
0.116146
0.116245
0.116345
0.116444
0.116544
0.116643
0.116742
0.116842
0.116941
0.11704
0.117139
0.117238
0.117337
0.117436
0.117534
0.117633
0.117732
0.11783
0.117929
0.118027
0.118126
0.118224
0.118322
0.118421
0.118519
0.118617
0.118715
0.118813
0.118911
0.119009
0.119107
0.119204
0.119302
0.1194
0.119497
0.119595
0.119692
0.119789
0.119887
0.119984
0.120081
0.120178
0.120275
0.120372
0.120469
0.120566
0.120663
0.120759
0.120856
0.120952
0.121049
0.121145
0.121242
0.121338
0.121434
0.12153
0.121626
0.121722
0.121818
0.121914
0.12201
0.122105
0.122201
0.122296
0.122392
0.122487
0.122583
0.122678
0.122773
0.122868
0.122963
0.123058
0.123153
0.123248
0.123343
0.123437
0.123532
0.123626
0.123721
0.123815
0.123909
0.124003
0.124098
0.124192
0.124286
0.124379
0.124473
0.124567
0.124661
0.124754
0.124848
0.124941
0.125034
0.125128
0.125221
0.125314
0.125407
0.1255
0.125593
0.125686
0.125778
0.125871
0.125963
0.126056
0.126148
0.126241
0.126333
0.126425
0.126517
0.126609
0.126701
0.126793
0.126884
0.126976
0.127068
0.127159
0.12725
0.127342
0.127433
0.127524
0.127615
0.127706
0.127797
0.127888
0.127978
0.128069
0.12816
0.12825
0.12834
0.128431
0.128521
0.128611
0.128701
0.128791
0.128881
0.128971
0.12906
0.12915
0.129239
0.129329
0.129418
0.129507
0.129597
0.129686
0.129775
0.129864
0.129952
0.130041
0.13013
0.130218
0.130307
0.130395
0.130483
0.130572
0.13066
0.130748
0.130836
0.130924
0.131011
0.131099
0.131186
0.131274
0.131361
0.131449
0.131536
0.131623
0.13171
0.131797
0.131884
0.131971
0.132057
0.132144
0.13223
0.132317
0.132403
0.132489
0.132575
0.132661
0.132747
0.132833
0.132919
0.133004
0.13309
0.133176
0.133261
0.133346
0.133431
0.133517
0.133602
0.133686
0.133771
0.133856
0.133941
0.134025
0.13411
0.134194
0.134278
0.134362
0.134447
0.134531
0.134614
0.134698
0.134782
0.134866
0.134949
0.135033
0.135116
0.135199
0.135282
0.135365
0.135448
0.135531
0.135614
0.135697
0.135779
0.135862
0.135944
0.136026
0.136109
0.136191
0.136273
0.136355
0.136436
0.136518
0.1366
0.136681
0.136763
0.136844
0.136925
0.137007
0.137088
0.137169
0.13725
0.13733
0.137411
0.137492
0.137572
0.137653
0.137733
0.137813
0.137893
0.137973
0.138053
0.138133
0.138213
0.138292
0.138372
0.138451
0.138531
0.13861
0.138689
0.138768
0.138847
0.138926
0.139005
0.139083
0.139162
0.139241
0.139319
0.139397
0.139475
0.139554
0.139632
0.13971
0.139787
0.139865
0.139943
0.14002
0.140098
0.140175
0.140252
0.140329
0.140406
0.140483
0.14056
0.140637
0.140714
0.14079
0.140867
0.140943
0.141019
0.141096
0.141172
0.141248
0.141324
0.141399
0.141475
0.141551
0.141626
0.141702
0.141777
0.141852
0.141927
0.142002
0.142077
0.142152
0.142227
0.142302
0.142376
0.142451
0.142525
0.142599
0.142674
0.142748
0.142822
0.142896
0.142969
0.143043
0.143117
0.14319
0.143264
0.143337
0.14341
0.143483
0.143556
0.143629
0.143702
0.143775
0.143848
0.14392
0.143993
0.144065
0.144137
0.144209
0.144281
0.144353
0.144425
0.144497
0.144569
0.144641
0.144712
0.144783
0.144855
0.144926
0.144997
0.145068
0.145139
0.14521
0.145281
0.145351
0.145422
0.145493
0.145563
0.145633
0.145703
0.145774
0.145844
0.145913
0.145983
0.146053
0.146123
0.146192
0.146262
0.146331
0.1464
0.146469
0.146539
0.146608
0.146676
0.146745
0.146814
0.146883
0.146951
0.147019
0.147088
0.147156
0.147224
0.147292
0.14736
0.147428
0.147496
0.147564
0.147631
0.147699
0.147766
0.147833
0.147901
0.147968
0.148035
0.148102
0.148169
0.148235
0.148302
0.148369
0.148435
0.148502
0.148568
0.148634
0.1487
0.148766
0.148832
0.148898
0.148964
0.149029
0.149095
0.149161
0.149226
0.149291
0.149356
0.149422
0.149487
0.149552
0.149616
0.149681
0.149746
0.149811
0.149875
0.149939
0.150004
0.150068
0.150132
0.150196
0.15026
0.150324
0.150388
0.150452
0.150515
0.150579
0.150642
0.150705
0.150769
0.150832
0.150895
0.150958
0.151021
0.151084
0.151146
0.151209
0.151272
0.151334
0.151396
0.151459
0.151521
0.151583
0.151645
0.151707
0.151769
0.151831
0.151892
0.151954
0.152015
0.152077
0.152138
0.152199
0.152261
0.152322
0.152383
0.152443
0.152504
0.152565
0.152626
0.152686
0.152747
0.152807
0.152867
0.152928
0.152988
0.153048
0.153108
0.153168
0.153227
0.153287
0.153347
0.153406
0.153466
0.153525
0.153584
0.153644
0.153703
0.153762
0.153821
0.15388
0.153938
0.153997
0.154056
0.154114
0.154173
0.154231
0.154289
0.154348
0.154406
0.154464
0.154522
0.15458
0.154637
0.154695
0.154753
0.15481
0.154868
0.154925
0.154982
0.15504
0.155097
0.155154
0.155211
0.155268
0.155324
0.155381
0.155438
0.155494
0.155551
0.155607
0.155664
0.15572
0.155776
0.155832
0.155888
0.155944
0.156
0.156056
0.156111
0.156167
0.156223
0.156278
0.156333
0.156389
0.156444
0.156499
0.156554
0.156609
0.156664
0.156719
0.156774
0.156828
0.156883
0.156937
0.156992
0.157046
0.1571
0.157155
0.157209
0.157263
0.157317
0.157371
0.157425
0.157478
0.157532
0.157586
0.157639
0.157693
0.157746
0.157799
0.157852
0.157906
0.157959
0.158012
0.158064
0.158117
0.15817
0.158223
0.158275
0.158328
0.15838
0.158433
0.158485
0.158537
0.15859
0.158642
0.158694
0.158746
0.158797
0.158849
0.158901
0.158953
0.159004
0.159056
0.159107
0.159159
0.15921
0.159261
0.159312
0.159363
0.159414
0.159465
0.159516
0.159567
0.159617
0.159668
0.159719
0.159769
0.15982
0.15987
0.15992
0.15997
0.160021
0.160071
0.160121
0.160171
0.16022
0.16027
0.16032
0.16037
0.160419
0.160469
0.160518
0.160568
0.160617
0.160666
0.160715
0.160764
0.160813
0.160862
0.160911
0.16096
0.161009
0.161057
0.161106
0.161155
0.161203
0.161251
0.1613
0.161348
0.161396
0.161444
0.161493
0.161541
0.161588
0.161636
0.161684
0.161732
0.16178
0.161827
0.161875
0.161922
0.16197
0.162017
0.162064
0.162111
0.162159
0.162206
0.162253
0.1623
0.162346
0.162393
0.16244
0.162487
0.162533
0.16258
0.162626
0.162673
0.162719
0.162765
0.162812
0.162858
0.162904
0.16295
0.162996
0.163042
0.163088
0.163134
0.163179
0.163225
0.163271
0.163316
0.163362
0.163407
0.163452
0.163498
0.163543
0.163588
0.163633
0.163678
0.163723
0.163768
0.163813
0.163858
0.163903
0.163947
0.163992
0.164036
0.164081
0.164125
0.16417
0.164214
0.164258
0.164302
0.164347
0.164391
0.164435
0.164479
0.164522
0.164566
0.16461
0.164654
0.164697
0.164741
0.164785
0.164828
0.164871
0.164915
0.164958
0.165001
0.165045
0.165088
0.165131
0.165174
0.165217
0.16526
0.165302
0.165345
0.165388
0.165431
0.165473
0.165516
0.165558
0.165601
0.165643
0.165685
0.165728
0.16577
0.165812
0.165854
0.165896
0.165938
0.16598
0.166022
0.166064
0.166106
0.166147
0.166189
0.166231
0.166272
0.166314
0.166355
0.166396
0.166438
0.166479
0.16652
0.166561
0.166602
0.166644
0.166685
0.166725
0.166766
0.166807
0.166848
0.166889
0.166929
0.16697
0.167011
0.167051
0.167092
0.167132
0.167172
0.167213
0.167253
0.167293
0.167333
0.167373
0.167413
0.167453
0.167493
0.167533
0.167573
0.167613
0.167653
0.167692
0.167732
0.167772
0.167811
0.167851
0.16789
0.167929
0.167969
0.168008
0.168047
0.168086
0.168126
0.168165
0.168204
0.168243
0.168282
0.16832
0.168359
0.168398
0.168437
0.168475
0.168514
0.168553
0.168591
0.16863
0.168668
0.168707
0.168745
0.168783
0.168821
0.16886
0.168898
0.168936
0.168974
0.169012
0.16905
0.169088
0.169126
0.169163
0.169201
0.169239
0.169277
0.169314
0.169352
0.169389
0.169427
0.169464
0.169502
0.169539
0.169576
0.169614
0.169651
0.169688
0.169725
0.169762
0.169799
0.169836
0.169873
0.16991
0.169947
0.169984
0.17002
0.170057
0.170094
0.17013
0.170167
0.170203
0.17024
0.170276
0.170313
0.170349
0.170385
0.170422
0.170458
0.170494
0.17053
0.170566
0.170602
0.170638
0.170674
0.17071
0.170746
0.170782
0.170818
0.170853
0.170889
0.170925
0.17096
0.170996
0.171031
0.171067
0.171102
0.171138
0.171173
0.171208
0.171244
0.171279
0.171314
0.171349
0.171384
0.171419
0.171454
0.171489
0.171524
0.171559
0.171594
0.171629
0.171663
0.171698
0.171733
0.171768
0.171802
0.171837
0.171871
0.171906
0.17194
0.171975
0.172009
0.172043
0.172078
0.172112
0.172146
0.17218
0.172214
0.172248
0.172282
0.172316
0.17235
0.172384
0.172418
0.172452
0.172486
0.17252
0.172553
0.172587
0.172621
0.172654
0.172688
0.172721
0.172755
0.172788
0.172822
0.172855
0.172889
0.172922
0.172955
0.172988
0.173022
0.173055
0.173088
0.173121
0.173154
0.173187
0.17322
0.173253
0.173286
0.173319
0.173352
0.173384
0.173417
0.17345
0.173482
0.173515
0.173548
0.17358
0.173613
0.173645
0.173678
0.17371
0.173743
0.173775
0.173807
0.17384
0.173872
0.173904
0.173936
0.173968
0.174
0.174032
0.174065
0.174097
0.174128
0.17416
0.174192
0.174224
0.174256
0.174288
0.17432
0.174351
0.174383
0.174415
0.174446
0.174478
0.174509
0.174541
0.174572
0.174604
0.174635
0.174667
0.174698
0.174729
0.17476
0.174792
0.174823
0.174854
0.174885
0.174916
0.174947
0.174978
0.175009
0.17504
0.175071
0.175102
0.175133
0.175164
0.175195
0.175226
0.175256
0.175287
0.175318
0.175348
0.175379
0.17541
0.17544
0.175471
0.175501
0.175532
0.175562
0.175592
0.175623
0.175653
0.175683
0.175714
0.175744
0.175774
0.175804
0.175834
0.175865
0.175895
0.175925
0.175955
0.175985
0.176015
0.176045
0.176074
0.176104
0.176134
0.176164
0.176194
0.176223
0.176253
0.176283
0.176312
0.176342
0.176372
0.176401
0.176431
0.17646
0.17649
0.176519
0.176549
0.176578
0.176607
0.176637
0.176666
0.176695
0.176724
0.176754
0.176783
0.176812
0.176841
0.17687
0.176899
0.176928
0.176957
0.176986
0.177015
0.177044
0.177073
0.177102
0.17713
0.177159
0.177188
0.177217
0.177245
0.177274
0.177303
0.177331
0.17736
0.177389
0.177417
0.177446
0.177474
0.177502
0.177531
0.177559
0.177588
0.177616
0.177644
0.177673
0.177701
0.177729
0.177757
0.177785
0.177814
0.177842
0.17787
0.177898
0.177926
0.177954
0.177982
0.17801
0.178038
0.178066
0.178093
0.178121
0.178149
0.178177
0.178205
0.178232
0.17826
0.178288
0.178315
0.178343
0.178371
0.178398
0.178426
0.178453
0.178481
0.178508
0.178536
0.178563
0.178591
0.178618
0.178645
0.178673
0.1787
0.178727
0.178754
0.178782
0.178809
0.178836
0.178863
0.17889
0.178917
0.178944
0.178971
0.178998
0.179025
0.179052
0.179079
0.179106
0.179133
0.17916
0.179187
0.179213
0.17924
0.179267
0.179294
0.17932
0.179347
0.179374
0.1794
0.179427
0.179453
0.17948
0.179506
0.179533
0.179559
0.179586
0.179612
0.179639
0.179665
0.179691
0.179718
0.179744
0.17977
0.179797
0.179823
0.179849
0.179875
0.179901
0.179927
0.179954
0.17998
0.180006
0.180032
0.180058
0.180084
0.18011
0.180136
0.180162
0.180187
0.180213
0.180239
0.180265
0.180291
0.180316
0.180342
0.180368
0.180394
0.180419
0.180445
0.180471
0.180496
0.180522
0.180547
0.180573
0.180598
0.180624
0.180649
0.180675
0.1807
0.180725
0.180751
0.180776
0.180802
0.180827
0.180852
0.180877
0.180903
0.180928
0.180953
0.180978
0.181003
0.181028
0.181053
0.181078
0.181104
0.181129
0.181154
0.181179
0.181203
0.181228
0.181253
0.181278
0.181303
0.181328
0.181353
0.181377
0.181402
0.181427
0.181452
0.181476
0.181501
0.181526
0.18155
0.181575
0.1816
0.181624
0.181649
0.181673
0.181698
0.181722
0.181747
0.181771
0.181795
0.18182
0.181844
0.181869
0.181893
0.181917
0.181941
0.181966
0.18199
0.182014
0.182038
0.182062
0.182087
0.182111
0.182135
0.182159
0.182183
0.182207
0.182231
0.182255
0.182279
0.182303
0.182327
0.182351
0.182374
0.182398
0.182422
0.182446
0.18247
0.182494
0.182517
0.182541
0.182565
0.182588
0.182612
0.182636
0.182659
0.182683
0.182706
0.18273
0.182753
0.182777
0.1828
0.182824
0.182847
0.182871
0.182894
0.182918
0.182941
0.182964
0.182987
0.183011
0.183034
0.183057
0.18308
0.183104
0.183127
0.18315
0.183173
0.183196
0.183219
0.183242
0.183265
0.183288
0.183311
0.183334
0.183357
0.18338
0.183403
0.183426
0.183449
0.183472
0.183495
0.183517
0.18354
0.183563
0.183586
0.183609
0.183631
0.183654
0.183677
0.183699
0.183722
0.183744
0.183767
0.183789
0.183812
0.183835
0.183857
0.183879
0.183902
0.183924
0.183947
0.183969
0.183991
0.184014
0.184036
0.184058
0.184081
0.184103
0.184125
0.184147
0.184169
0.184192
0.184214
0.184236
0.184258
0.18428
0.184302
0.184324
0.184346
0.184368
0.18439
0.184412
0.184434
0.184456
0.184478
0.1845
0.184521
0.184543
0.184565
0.184587
0.184609
0.18463
0.184652
0.184674
0.184695
0.184717
0.184739
0.18476
0.184782
0.184803
0.184825
0.184846
0.184868
0.184889
0.184911
0.184932
0.184954
0.184975
0.184996
0.185018
0.185039
0.18506
0.185081
0.185103
0.185124
0.185145
0.185166
0.185187
0.185209
0.18523
0.185251
0.185272
0.185293
0.185314
0.185335
0.185356
0.185377
0.185398
0.185419
0.18544
0.18546
0.185481
0.185502
0.185523
0.185544
0.185564
0.185585
0.185606
0.185627
0.185647
0.185668
0.185689
0.185709
0.18573
0.18575
0.185771
0.185791
0.185812
0.185832
0.185853
0.185873
0.185894
0.185914
0.185934
0.185955
0.185975
0.185995
0.186015
0.186036
0.186056
0.186076
0.186096
0.186116
0.186137
0.186157
0.186177
0.186197
0.186217
0.186237
0.186257
0.186277
0.186297
0.186317
0.186336
0.186356
0.186376
0.186396
0.186416
0.186436
0.186455
0.186475
0.186495
0.186514
0.186534
0.186554
0.186573
0.186593
0.186613
0.186632
0.186652
0.186671
0.186691
0.18671
0.186729
0.186749
0.186768
0.186788
0.186807
0.186826
0.186845
0.186865
0.186884
0.186903
0.186922
0.186941
0.186961
0.18698
0.186999
0.187018
0.187037
0.187056
0.187075
0.187094
0.187113
0.187132
0.187151
0.187169
0.187188
0.187207
0.187226
0.187245
0.187263
0.187282
0.187301
0.18732
0.187338
0.187357
0.187375
0.187394
0.187412
0.187431
0.187449
0.187468
0.187486
0.187505
0.187523
0.187542
0.18756
0.187578
0.187597
0.187615
0.187633
0.187651
0.187669
0.187688
0.187706
0.187724
0.187742
0.18776
0.187778
0.187796
0.187814
0.187832
0.18785
0.187868
0.187886
0.187903
0.187921
0.187939
0.187957
0.187975
0.187992
0.18801
0.188028
0.188045
0.188063
0.18808
0.188098
0.188115
0.188133
0.18815
0.188168
0.188185
0.188203
0.18822
0.188237
0.188255
0.188272
0.188289
0.188306
0.188324
0.188341
0.188358
0.188375
0.188392
0.188409
0.188426
0.188443
0.18846
0.188477
0.188494
0.188511
0.188528
0.188545
0.188561
0.188578
0.188595
0.188612
0.188628
0.188645
0.188662
0.188678
0.188695
0.188711
0.188728
0.188744
0.188761
0.188777
0.188794
0.18881
0.188826
0.188843
0.188859
0.188875
0.188891
0.188907
0.188924
0.18894
0.188956
0.188972
0.188988
0.189004
0.18902
0.189036
0.189052
0.189068
0.189083
0.189099
0.189115
0.189131
0.189147
0.189162
0.189178
0.189194
0.189209
0.189225
0.18924
0.189256
0.189271
0.189287
0.189302
0.189317
0.189333
0.189348
0.189363
0.189379
0.189394
0.189409
0.189424
0.189439
0.189454
0.189469
0.189485
0.189499
0.189514
0.189529
0.189544
0.189559
0.189574
0.189589
0.189604
0.189618
0.189633
0.189648
0.189662
0.189677
0.189691
0.189706
0.18972
0.189735
0.189749
0.189764
0.189778
0.189792
0.189807
0.189821
0.189835
0.189849
0.189863
0.189877
0.189892
0.189906
0.18992
0.189934
0.189947
0.189961
0.189975
0.189989
0.190003
0.190017
0.19003
0.190044
0.190058
0.190071
0.190085
0.190098
0.190112
0.190125
0.190139
0.190152
0.190165
0.190179
0.190192
0.190205
0.190218
0.190232
0.190245
0.190258
0.190271
0.190284
0.190297
0.19031
0.190323
0.190336
0.190348
0.190361
0.190374
0.190387
0.190399
0.190412
0.190424
0.190437
0.190449
0.190462
0.190474
0.190487
0.190499
0.190511
0.190524
0.190536
0.190548
0.19056
0.190572
0.190584
0.190596
0.190608
0.19062
0.190632
0.190644
0.190656
0.190668
0.190679
0.190691
0.190703
0.190714
0.190726
0.190738
0.190749
0.19076
0.190772
0.190783
0.190795
0.190806
0.190817
0.190828
0.190839
0.19085
0.190862
0.190873
0.190883
0.190894
0.190905
0.190916
0.190927
0.190938
0.190948
0.190959
0.19097
0.19098
0.190991
0.191001
0.191012
0.191022
0.191032
0.191043
0.191053
0.191063
0.191073
0.191083
0.191093
0.191104
0.191113
0.191123
0.191133
0.191143
0.191153
0.191163
0.191172
0.191182
0.191192
0.191201
0.191211
0.19122
0.19123
0.191239
0.191248
0.191257
0.191267
0.191276
0.191285
0.191294
0.191303
0.191312
0.191321
0.19133
0.191339
0.191347
0.191356
0.191365
0.191373
0.191382
0.19139
0.191399
0.191407
0.191416
0.191424
0.191432
0.19144
0.191449
0.191457
0.191465
0.191473
0.191481
0.191489
0.191496
0.191504
0.191512
0.19152
0.191527
0.191535
0.191542
0.19155
0.191557
0.191565
0.191572
0.191579
0.191586
0.191594
0.191601
0.191608
0.191615
0.191622
0.191628
0.191635
0.191642
0.191649
0.191655
0.191662
0.191668
0.191675
0.191681
0.191688
0.191694
0.1917
0.191706
0.191713
0.191719
0.191725
0.191731
0.191737
0.191742
0.191748
0.191754
0.19176
0.191765
0.191771
0.191776
0.191782
0.191787
0.191792
0.191798
0.191803
0.191808
0.191813
0.191818
0.191823
0.191828
0.191833
0.191837
0.191842
0.191847
0.191851
0.191856
0.19186
0.191865
0.191869
0.191873
0.191877
0.191881
0.191885
0.191889
0.191893
0.191897
0.191901
0.191905
0.191909
0.191912
0.191916
0.191919
0.191923
0.191926
0.191929
0.191932
0.191936
0.191939
0.191942
0.191945
0.191948
0.19195
0.191953
0.191956
0.191958
0.191961
0.191963
0.191966
0.191968
0.19197
0.191973
0.191975
0.191977
0.191979
0.191981
0.191983
0.191984
0.191986
0.191988
0.191989
0.191991
0.191992
0.191994
0.191995
0.191996
0.191997
0.191998
0.191999
0.192
0.192001
0.192002
0.192003
0.192003
0.192004
0.192004
0.192005
0.192005
0.192005
0.192005
0.192006
0.192006
0.192006
0.192005
0.192005
0.192005
0.192005
0.192004
0.192004
0.192003
0.192002
0.192002
0.192001
0.192
0.191999
0.191998
0.191997
0.191996
0.191994
0.191993
0.191992
0.19199
0.191988
0.191987
0.191985
0.191983
0.191981
0.191979
0.191977
0.191975
0.191973
0.19197
0.191968
0.191965
0.191963
0.19196
0.191958
0.191955
0.191952
0.191949
0.191946
0.191943
0.191939
0.191936
0.191932
0.191929
0.191925
0.191922
0.191918
0.191914
0.19191
0.191906
0.191902
0.191898
0.191894
0.191889
0.191885
0.19188
0.191876
0.191871
0.191866
0.191861
0.191856
0.191851
0.191846
0.191841
0.191835
0.19183
0.191824
0.191819
0.191813
0.191807
0.191801
0.191795
0.191789
0.191783
0.191777
0.19177
0.191764
0.191757
0.191751
0.191744
0.191737
0.19173
0.191723
0.191716
0.191709
0.191701
0.191694
0.191686
0.191679
0.191671
0.191663
0.191655
0.191647
0.191639
0.191631
0.191623
0.191614
0.191606
0.191597
0.191589
0.19158
0.191571
0.191562
0.191553
0.191544
0.191534
0.191525
0.191516
0.191506
0.191496
0.191487
0.191477
0.191467
0.191457
0.191446
0.191436
0.191426
0.191415
0.191404
0.191394
0.191383
0.191372
0.191361
0.19135
0.191338
0.191327
0.191316
0.191304
0.191292
0.191281
0.191269
0.191257
0.191245
0.191232
0.19122
0.191208
0.191195
0.191182
0.19117
0.191157
0.191144
0.191131
0.191117
0.191104
0.191091
0.191077
0.191063
0.19105
0.191036
0.191022
0.191008
0.190993
0.190979
0.190965
0.19095
0.190935
0.190921
0.190906
0.190891
0.190875
0.19086
0.190845
0.190829
0.190814
0.190798
0.190782
0.190766
0.19075
0.190734
0.190718
0.190701
0.190685
0.190668
0.190651
0.190634
0.190617
0.1906
0.190583
0.190565
0.190548
0.19053
0.190512
0.190495
0.190477
0.190458
0.19044
0.190422
0.190403
0.190385
0.190366
0.190347
0.190328
0.190309
0.19029
0.19027
0.190251
0.190231
0.190211
0.190192
0.190172
0.190151
0.190131
0.190111
0.19009
0.19007
0.190049
0.190028
0.190007
0.189986
0.189964
0.189943
0.189922
0.1899
0.189878
0.189856
0.189834
0.189812
0.189789
0.189767
0.189744
0.189722
0.189699
0.189676
0.189653
0.189629
0.189606
0.189583
0.189559
0.189535
0.189511
0.189487
0.189463
0.189438
0.189414
0.189389
0.189365
0.18934
0.189315
0.18929
0.189264
0.189239
0.189213
0.189188
0.189162
0.189136
0.18911
0.189083
0.189057
0.18903
0.189004
0.188977
0.18895
0.188923
0.188895
0.188868
0.188841
0.188813
0.188785
0.188757
0.188729
0.188701
0.188672
0.188644
0.188615
0.188586
0.188557
0.188528
0.188499
0.188469
0.18844
0.18841
0.18838
0.18835
0.18832
0.18829
0.18826
0.188229
0.188198
0.188167
0.188136
0.188105
0.188074
0.188042
0.188011
0.187979
0.187947
0.187915
0.187883
0.18785
0.187818
0.187785
0.187752
0.18772
0.187686
0.187653
0.18762
0.187586
0.187552
0.187519
0.187485
0.18745
0.187416
0.187382
0.187347
0.187312
0.187277
0.187242
0.187207
0.187171
0.187136
0.1871
0.187064
0.187028
0.186992
0.186956
0.186919
0.186883
0.186846
0.186809
0.186772
0.186734
0.186697
0.186659
0.186622
0.186584
0.186546
0.186508
0.186469
0.186431
0.186392
0.186353
0.186314
0.186275
0.186236
0.186196
0.186157
0.186117
0.186077
0.186037
0.185996
0.185956
0.185915
0.185875
0.185834
0.185793
0.185751
0.18571
0.185668
0.185627
0.185585
0.185543
0.185501
0.185458
0.185416
0.185373
0.18533
0.185287
0.185244
0.185201
0.185157
0.185113
0.18507
0.185026
0.184981
0.184937
0.184893
0.184848
0.184803
0.184758
0.184713
0.184668
0.184622
0.184577
0.184531
0.184485
0.184439
0.184392
0.184346
0.184299
0.184253
0.184206
0.184159
0.184111
0.184064
0.184016
0.183968
0.183921
0.183872
0.183824
0.183776
0.183727
0.183678
0.183629
0.18358
0.183531
0.183482
0.183432
0.183382
0.183332
0.183282
0.183232
0.183182
0.183131
0.18308
0.183029
0.182978
0.182927
0.182876
0.182824
0.182772
0.18272
0.182668
0.182616
0.182564
0.182511
0.182458
0.182405
0.182352
0.182299
0.182246
0.182192
0.182138
0.182084
0.18203
0.181976
0.181922
0.181867
0.181812
0.181758
0.181703
0.181647
0.181592
0.181536
0.181481
0.181425
0.181369
0.181312
0.181256
0.181199
0.181143
0.181086
0.181029
0.180972
0.180914
0.180857
0.180799
0.180741
0.180683
0.180625
0.180566
0.180508
0.180449
0.18039
0.180331
0.180272
0.180213
0.180153
0.180094
0.180034
0.179974
0.179914
0.179853
0.179793
0.179732
0.179671
0.17961
0.179549
0.179488
0.179426
0.179365
0.179303
0.179241
0.179179
0.179117
0.179054
0.178992
0.178929
0.178866
0.178803
0.17874
0.178676
0.178613
0.178549
0.178485
0.178421
0.178357
0.178293
0.178228
0.178163
0.178099
0.178034
0.177968
0.177903
0.177838
0.177772
0.177706
0.17764
0.177574
0.177508
0.177442
0.177375
0.177308
0.177242
0.177175
0.177107
0.17704
0.176973
0.176905
0.176837
0.176769
0.176701
0.176633
0.176564
0.176496
0.176427
0.176358
0.176289
0.17622
0.176151
0.176082
0.176012
0.175942
0.175872
0.175802
0.175732
0.175662
0.175591
0.175521
0.17545
0.175379
0.175308
0.175237
0.175165
0.175094
0.175022
0.17495
0.174878
0.174806
0.174734
0.174662
0.174589
0.174516
0.174444
0.174371
0.174298
0.174224
0.174151
0.174077
0.174004
0.17393
0.173856
0.173782
0.173708
0.173633
0.173559
0.173484
0.17341
0.173335
0.17326
0.173185
0.173109
0.173034
0.172958
0.172883
0.172807
0.172731
0.172655
0.172578
0.172502
0.172426
0.172349
0.172272
0.172195
0.172118
0.172041
0.171964
0.171887
0.171809
0.171731
0.171654
0.171576
0.171498
0.171419
0.171341
0.171263
0.171184
0.171106
0.171027
0.170948
0.170869
0.17079
0.170711
0.170631
0.170552
0.170472
0.170392
0.170313
0.170233
0.170153
0.170072
0.169992
0.169912
0.169831
0.16975
0.16967
0.169589
0.169508
0.169427
0.169346
0.169264
0.169183
0.169101
0.16902
0.168938
0.168856
0.168774
0.168692
0.16861
0.168527
0.168445
0.168362
0.16828
0.168197
0.168114
0.168031
0.167948
0.167865
0.167782
0.167699
0.167615
0.167532
0.167448
0.167364
0.167281
0.167197
0.167113
0.167029
0.166944
0.16686
0.166776
0.166691
0.166607
0.166522
0.166437
0.166353
0.166268
0.166183
0.166098
0.166012
0.165927
0.165842
0.165756
0.165671
0.165585
0.165499
0.165414
0.165328
0.165242
0.165156
0.16507
0.164983
0.164897
0.164811
0.164724
0.164638
0.164551
0.164465
0.164378
0.164291
0.164204
0.164117
0.16403
0.163943
0.163856
0.163769
0.163681
0.163594
0.163506
0.163419
0.163331
0.163244
0.163156
0.163068
0.16298
0.162892
0.162804
0.162716
0.162628
0.16254
0.162452
0.162363
0.162275
0.162187
0.162098
0.16201
0.161921
0.161832
0.161744
0.161655
0.161566
0.161477
0.161388
0.161299
0.16121
0.161121
0.161032
0.160943
0.160854
0.160764
0.160675
0.160586
0.160496
0.160407
0.160317
0.160228
0.160138
0.160048
0.159959
0.159869
0.159779
0.159689
0.1596
0.15951
0.15942
0.15933
0.15924
0.15915
0.15906
0.15897
0.158879
0.158789
0.158699
0.158609
0.158518
0.158428
0.158338
0.158247
0.158157
0.158067
0.157976
0.157886
0.157795
0.157705
0.157614
0.157524
0.157433
0.157342
0.157252
0.157161
0.15707
0.15698
0.156889
0.156798
0.156707
0.156616
0.156526
0.156435
0.156344
0.156253
0.156162
0.156071
0.155981
0.15589
0.155799
0.155708
0.155617
0.155526
0.155435
0.155344
0.155253
0.155162
0.155071
0.15498
0.154889
0.154798
0.154707
0.154616
0.154525
0.154434
0.154343
0.154252
0.154161
0.15407
0.153979
0.153888
0.153797
0.153706
0.153615
0.153524
0.153433
0.153342
0.153251
0.15316
0.153069
0.152978
0.152887
0.152796
0.152705
0.152614
0.152524
0.152433
0.152342
0.152251
0.15216
0.152069
0.151978
0.151888
0.151797
0.151706
0.151615
0.151525
0.151434
0.151343
0.151253
0.151162
0.151071
0.150981
0.15089
0.1508
0.150709
0.150619
0.150528
0.150438
0.150347
0.150257
0.150166
0.150076
0.149986
0.149895
0.149805
0.149715
0.149625
0.149535
0.149444
0.149354
0.149264
0.149174
0.149084
0.148994
0.148904
0.148814
0.148725
0.148635
0.148545
0.148455
0.148366
0.148276
0.148186
0.148097
0.148007
0.147918
0.147828
0.147739
0.147649
0.14756
0.147471
0.147382
0.147292
0.147203
0.147114
0.147025
0.146936
0.146847
0.146758
0.14667
0.146581
0.146492
0.146403
0.146315
0.146226
0.146138
0.146049
0.145961
0.145872
0.145784
0.145696
0.145607
0.145519
0.145431
0.145343
0.145255
0.145167
0.145079
0.144992
0.144904
0.144816
0.144728
0.144641
0.144553
0.144466
0.144379
0.144291
0.144204
0.144117
0.14403
0.143943
0.143856
0.143769
0.143682
0.143595
0.143508
0.143422
0.143335
0.143249
0.143162
0.143076
0.142989
0.142903
0.142817
0.142731
0.142645
0.142559
0.142473
0.142387
0.142302
0.142216
0.14213
0.142045
0.141959
0.141874
0.141789
0.141703
0.141618
0.141533
0.141448
0.141363
0.141279
0.141194
0.141109
0.141025
0.14094
0.140856
0.140771
0.140687
0.140603
0.140519
0.140435
0.140351
0.140267
0.140183
0.1401
0.140016
0.139932
0.139849
0.139766
0.139682
0.139599
0.139516
0.139433
0.13935
0.139267
0.139185
0.139102
0.13902
0.138937
0.138855
0.138772
0.13869
0.138608
0.138526
0.138444
0.138362
0.138281
0.138199
0.138117
0.138036
0.137954
0.137873
0.137792
0.137711
0.13763
0.137549
0.137468
0.137387
0.137307
0.137226
0.137146
0.137066
0.136985
0.136905
0.136825
0.136745
0.136665
0.136586
0.136506
0.136426
0.136347
0.136268
0.136188
0.136109
0.13603
0.135951
0.135872
0.135793
0.135715
0.135636
0.135558
0.135479
0.135401
0.135323
0.135245
0.135167
0.135089
0.135011
0.134934
0.134856
0.134779
0.134702
0.134624
0.134547
0.13447
0.134393
0.134316
0.13424
0.134163
0.134087
0.13401
0.133934
0.133858
0.133782
0.133706
0.13363
0.133554
0.133479
0.133403
0.133328
0.133252
0.133177
0.133102
0.133027
0.132952
0.132877
0.132803
0.132728
0.132654
0.132579
0.132505
0.132431
0.132357
0.132283
0.132209
0.132136
0.132062
0.131989
0.131915
0.131842
0.131769
0.131696
0.131623
0.13155
0.131478
0.131405
0.131333
0.13126
0.131188
0.131116
0.131044
0.130972
0.1309
0.130829
0.130757
0.130686
0.130614
0.130543
0.130472
0.130401
0.13033
0.130259
0.130189
0.130118
0.130048
0.129977
0.129907
0.129837
0.129767
0.129697
0.129628
0.129558
0.129489
0.129419
0.12935
0.129281
0.129212
0.129143
0.129074
0.129005
0.128937
0.128868
0.1288
0.128732
0.128664
0.128596
0.128528
0.12846
0.128392
0.128325
0.128257
0.12819
0.128123
0.128056
0.127989
0.127922
0.127855
0.127789
0.127722
0.127656
0.12759
0.127524
0.127458
0.127392
0.127326
0.12726
0.127195
0.127129
0.127064
0.126999
0.126934
0.126869
0.126804
0.126739
0.126675
0.12661
0.126546
0.126482
0.126417
0.126353
0.126289
0.126226
0.126162
0.126098
0.126035
0.125972
0.125909
0.125845
0.125782
0.12572
0.125657
0.125594
0.125532
0.125469
0.125407
0.125345
0.125283
0.125221
0.125159
0.125098
0.125036
0.124975
0.124913
0.124852
0.124791
0.12473
0.124669
0.124609
0.124548
0.124488
0.124427
0.124367
0.124307
0.124247
0.124187
0.124127
0.124067
0.124008
0.123948
0.123889
0.12383
0.123771
0.123712
0.123653
0.123594
0.123536
0.123477
0.123419
0.123361
0.123302
0.123244
0.123186
0.123129
0.123071
0.123013
0.122956
0.122899
0.122841
0.122784
0.122727
0.12267
0.122614
0.122557
0.122501
0.122444
0.122388
0.122332
0.122276
0.12222
0.122164
0.122108
0.122053
0.121997
0.121942
0.121887
0.121831
0.121776
0.121721
0.121667
0.121612
0.121557
0.121503
0.121449
0.121395
0.12134
0.121286
0.121233
0.121179
0.121125
0.121072
0.121018
0.120965
0.120912
0.120859
0.120806
0.120753
0.1207
0.120648
0.120595
0.120543
0.12049
0.120438
0.120386
0.120334
0.120282
0.120231
0.120179
0.120128
0.120076
0.120025
0.119974
0.119923
0.119872
0.119821
0.11977
0.11972
0.119669
0.119619
0.119569
0.119519
0.119469
0.119419
0.119369
0.119319
0.11927
0.11922
0.119171
0.119122
0.119072
0.119023
0.118974
0.118926
0.118877
0.118828
0.11878
0.118732
0.118683
0.118635
0.118587
0.118539
0.118491
0.118444
0.118396
0.118348
0.118301
0.118254
0.118207
0.11816
0.118113
0.118066
0.118019
0.117972
0.117926
0.117879
0.117833
0.117787
0.117741
0.117695
0.117649
0.117603
0.117557
0.117512
0.117466
0.117421
0.117376
0.117331
0.117286
0.117241
0.117196
0.117151
0.117107
0.117062
0.117018
0.116973
0.116929
0.116885
0.116841
0.116797
0.116753
0.11671
0.116666
0.116623
0.116579
0.116536
0.116493
0.11645
0.116407
0.116364
0.116321
0.116279
0.116236
0.116194
0.116151
0.116109
0.116067
0.116025
0.115983
0.115941
0.115899
0.115858
0.115816
0.115775
0.115734
0.115692
0.115651
0.11561
0.115569
0.115528
0.115488
0.115447
0.115407
0.115366
0.115326
0.115286
0.115245
0.115205
0.115166
0.115126
0.115086
0.115046
0.115007
0.114967
0.114928
0.114889
0.11485
0.114811
0.114772
0.114733
0.114694
0.114655
0.114617
0.114578
0.11454
0.114502
0.114463
0.114425
0.114387
0.114349
0.114312
0.114274
0.114236
0.114199
0.114161
0.114124
0.114087
0.11405
0.114013
0.113976
0.113939
0.113902
0.113865
0.113829
0.113792
0.113756
0.11372
0.113683
0.113647
0.113611
0.113575
0.113539
0.113504
0.113468
0.113432
0.113397
0.113362
0.113326
0.113291
0.113256
0.113221
0.113186
0.113151
0.113116
0.113082
0.113047
0.113013
0.112978
0.112944
0.11291
0.112876
0.112842
0.112808
0.112774
0.11274
0.112706
0.112673
0.112639
0.112606
0.112572
0.112539
0.112506
0.112473
0.11244
0.112407
0.112374
0.112342
0.112309
0.112276
0.112244
0.112211
0.112179
0.112147
0.112115
0.112083
0.112051
0.112019
0.111987
0.111955
0.111924
0.111892
0.111861
0.111829
0.111798
0.111767
0.111736
0.111705
0.111674
0.111643
0.111612
0.111581
0.111551
0.11152
0.11149
0.111459
0.111429
0.111399
0.111369
0.111339
0.111309
0.111279
0.111249
0.111219
0.111189
0.11116
0.11113
0.111101
0.111072
0.111042
0.111013
0.110984
0.110955
0.110926
0.110897
0.110868
0.11084
0.110811
0.110783
0.110754
0.110726
0.110697
0.110669
0.110641
0.110613
0.110585
0.110557
0.110529
0.110501
0.110474
0.110446
0.110418
0.110391
0.110363
0.110336
0.110309
0.110282
0.110255
0.110228
0.110201
0.110174
0.110147
0.11012
0.110093
0.110067
0.11004
0.110014
0.109988
0.109961
0.109935
0.109909
0.109883
0.109857
0.109831
0.109805
0.109779
0.109754
0.109728
0.109702
0.109677
0.109651
0.109626
0.109601
0.109576
0.10955
0.109525
0.1095
0.109475
0.10945
0.109426
0.109401
0.109376
0.109352
0.109327
0.109303
0.109278
0.109254
0.10923
0.109206
0.109181
0.109157
0.109133
0.10911
0.109086
0.109062
0.109038
0.109015
0.108991
0.108968
0.108944
0.108921
0.108897
0.108874
0.108851
0.108828
0.108805
0.108782
0.108759
0.108736
0.108713
0.108691
0.108668
0.108645
0.108623
0.1086
0.108578
0.108556
0.108533
0.108511
0.108489
0.108467
0.108445
0.108423
0.108401
0.108379
0.108358
0.108336
0.108314
0.108293
0.108271
0.10825
0.108228
0.108207
0.108186
0.108165
0.108143
0.108122
0.108101
0.10808
0.108059
0.108039
0.108018
0.107997
0.107976
0.107956
0.107935
0.107915
0.107894
0.107874
0.107854
0.107834
0.107813
0.107793
0.107773
0.107753
0.107733
0.107713
0.107693
0.107674
0.107654
0.107634
0.107615
0.107595
0.107576
0.107556
0.107537
0.107518
0.107498
0.107479
0.10746
0.107441
0.107422
0.107403
0.107384
0.107365
0.107346
0.107327
0.107309
0.10729
0.107272
0.107253
0.107235
0.107216
0.107198
0.107179
0.107161
0.107143
0.107125
0.107107
0.107089
0.107071
0.107053
0.107035
0.107017
0.106999
0.106981
0.106964
0.106946
0.106929
0.106911
0.106894
0.106876
0.106859
0.106841
0.106824
0.106807
0.10679
0.106773
0.106756
0.106739
0.106722
0.106705
0.106688
0.106671
0.106654
0.106638
0.106621
0.106604
0.106588
0.106571
0.106555
0.106538
0.106522
0.106506
0.10649
0.106473
0.106457
0.106441
0.106425
0.106409
0.106393
0.106377
0.106361
0.106345
0.10633
0.106314
0.106298
0.106283
0.106267
0.106251
0.106236
0.10622
0.106205
0.10619
0.106174
0.106159
0.106144
0.106129
0.106114
0.106099
0.106084
0.106069
0.106054
0.106039
0.106024
0.106009
0.105994
0.10598
0.105965
0.10595
0.105936
0.105921
0.105907
0.105892
0.105878
0.105863
0.105849
0.105835
0.105821
0.105806
0.105792
0.105778
0.105764
0.10575
0.105736
0.105722
0.105708
0.105694
0.105681
0.105667
0.105653
0.105639
0.105626
0.105612
0.105599
0.105585
0.105572
0.105558
0.105545
0.105532
0.105518
0.105505
0.105492
0.105479
0.105465
0.105452
0.105439
0.105426
0.105413
0.1054
0.105387
0.105375
0.105362
0.105349
0.105336
0.105324
0.105311
0.105298
0.105286
0.105273
0.105261
0.105248
0.105236
0.105223
0.105211
0.105199
0.105186
0.105174
0.105162
0.10515
0.105138
0.105126
0.105114
0.105102
0.10509
0.105078
0.105066
0.105054
0.105042
0.10503
0.105018
0.105007
0.104995
0.104983
0.104972
0.10496
0.104949
0.104937
0.104926
0.104914
0.104903
0.104892
0.10488
0.104869
0.104858
0.104846
0.104835
0.104824
0.104813
0.104802
0.104791
0.10478
0.104769
0.104758
0.104747
0.104736
0.104725
0.104715
0.104704
0.104693
0.104682
0.104672
0.104661
0.104651
0.10464
0.104629
0.104619
0.104608
0.104598
0.104588
0.104577
0.104567
0.104557
0.104546
0.104536
0.104526
0.104516
0.104506
0.104495
0.104485
0.104475
0.104465
0.104455
0.104445
0.104435
0.104426
0.104416
0.104406
0.104396
0.104386
0.104377
0.104367
0.104357
0.104348
0.104338
0.104328
0.104319
0.104309
0.1043
0.10429
0.104281
0.104272
0.104262
0.104253
0.104244
0.104234
0.104225
0.104216
0.104207
0.104197
0.104188
0.104179
0.10417
0.104161
0.104152
0.104143
0.104134
0.104125
0.104116
0.104107
0.104099
0.10409
0.104081
0.104072
0.104063
0.104055
0.104046
0.104037
0.104029
0.10402
0.104012
0.104003
0.103995
0.103986
0.103978
0.103969
0.103961
0.103952
0.103944
0.103936
0.103927
0.103919
0.103911
0.103903
0.103894
0.103886
0.103878
0.10387
0.103862
0.103854
0.103846
0.103838
0.10383
0.103822
0.103814
0.103806
0.103798
0.10379
0.103783
0.103775
0.103767
0.103759
0.103751
0.103744
0.103736
0.103728
0.103721
0.103713
0.103706
0.103698
0.10369
0.103683
0.103675
0.103668
0.103661
0.103653
0.103646
0.103638
0.103631
0.103624
0.103616
0.103609
0.103602
0.103595
0.103588
0.10358
0.103573
0.103566
0.103559
0.103552
0.103545
0.103538
0.103531
0.103524
0.103517
0.10351
0.103503
0.103496
0.103489
0.103482
0.103475
0.103469
0.103462
0.103455
0.103448
0.103442
0.103435
0.103428
0.103422
0.103415
0.103408
0.103402
0.103395
0.103389
0.103382
0.103376
0.103369
0.103363
0.103356
0.10335
0.103343
0.103337
0.103331
0.103324
0.103318
0.103312
0.103305
0.103299
0.103293
0.103287
0.10328
0.103274
0.103268
0.103262
0.103256
0.10325
0.103244
0.103238
0.103232
0.103226
0.10322
0.103214
0.103208
0.103202
0.103196
0.10319
0.103184
0.103178
0.103172
0.103166
0.103161
0.103155
0.103149
0.103143
0.103138
0.103132
0.103126
0.103121
0.103115
0.103109
0.103104
0.103098
0.103092
0.103087
0.103081
0.103076
0.10307
0.103065
0.103059
0.103054
0.103048
0.103043
0.103038
0.103032
0.103027
0.103022
0.103016
0.103011
0.103006
0.103
0.102995
0.10299
0.102985
0.102979
0.102974
0.102969
0.102964
0.102959
0.102954
0.102949
0.102944
0.102938
0.102933
0.102928
0.102923
0.102918
0.102913
0.102908
0.102903
0.102898
0.102894
0.102889
0.102884
0.102879
0.102874
0.102869
0.102864
0.10286
0.102855
0.10285
0.102845
0.102841
0.102836
0.102831
0.102826
0.102822
0.102817
0.102812
0.102808
0.102803
0.102799
0.102794
0.102789
0.102785
0.10278
0.102776
0.102771
0.102767
0.102762
0.102758
0.102753
0.102749
0.102744
0.10274
0.102736
0.102731
0.102727
0.102723
0.102718
0.102714
0.10271
0.102705
0.102701
0.102697
0.102693
0.102688
0.102684
0.10268
0.102676
0.102671
0.102667
0.102663
0.102659
0.102655
0.102651
0.102647
0.102643
0.102639
0.102634
0.10263
0.102626
0.102622
0.102618
0.102614
0.10261
0.102606
0.102603
0.102599
0.102595
0.102591
0.102587
0.102583
0.102579
0.102575
0.102571
0.102568
0.102564
0.10256
0.102556
0.102552
0.102549
0.102545
0.102541
0.102537
0.102534
0.10253
0.102526
0.102523
0.102519
0.102515
0.102512
0.102508
0.102504
0.102501
0.102497
0.102494
0.10249
0.102486
0.102483
0.102479
0.102476
0.102472
0.102469
0.102465
0.102462
0.102458
0.102455
0.102452
0.102448
0.102445
0.102441
0.102438
0.102435
0.102431
0.102428
0.102424
0.102421
0.102418
0.102415
0.102411
0.102408
0.102405
0.102401
0.102398
0.102395
0.102392
0.102388
0.102385
0.102382
0.102379
0.102376
0.102372
0.102369
0.102366
0.102363
0.10236
0.102357
0.102354
0.102351
0.102347
0.102344
0.102341
0.102338
0.102335
0.102332
0.102329
0.102326
0.102323
0.10232
0.102317
0.102314
0.102311
0.102308
0.102305
0.102302
0.102299
0.102297
0.102294
0.102291
0.102288
0.102285
0.102282
0.102279
0.102276
0.102274
0.102271
0.102268
0.102265
0.102262
0.10226
0.102257
0.102254
0.102251
0.102249
0.102246
0.102243
0.10224
0.102238
0.102235
0.102232
0.10223
0.102227
0.102224
0.102222
0.102219
0.102216
0.102214
0.102211
0.102208
0.102206
0.102203
0.102201
0.102198
0.102195
0.102193
0.10219
0.102188
0.102185
0.102183
0.10218
0.102178
0.102175
0.102173
0.10217
0.102168
0.102165
0.102163
0.10216
0.102158
0.102156
0.102153
0.102151
0.102148
0.102146
0.102144
0.102141
0.102139
0.102136
0.102134
0.102132
0.102129
0.102127
0.102125
0.102122
0.10212
0.102118
0.102115
0.102113
0.102111
0.102109
0.102106
0.102104
0.102102
0.1021
0.102097
0.102095
0.102093
0.102091
0.102089
0.102086
0.102084
0.102082
0.10208
0.102078
0.102075
0.102073
0.102071
0.102069
0.102067
0.102065
0.102063
0.102061
0.102059
0.102056
0.102054
0.102052
0.10205
0.102048
0.102046
0.102044
0.102042
0.10204
0.102038
0.102036
0.102034
0.102032
0.10203
0.102028
0.102026
0.102024
0.102022
0.10202
0.102018
0.102016
0.102014
0.102012
0.10201
0.102008
0.102006
0.102005
0.102003
0.102001
0.101999
0.101997
0.101995
0.101993
0.101991
0.101989
0.101988
0.101986
0.101984
0.101982
0.10198
0.101978
0.101977
0.101975
0.101973
0.101971
0.101969
0.101968
0.101966
0.101964
0.101962
0.101961
0.101959
0.101957
0.101955
0.101954
0.101952
0.10195
0.101948
0.101947
0.101945
0.101943
0.101942
0.10194
0.101938
0.101937
0.101935
0.101933
0.101932
0.10193
0.101928
0.101927
0.101925
0.101923
0.101922
0.10192
0.101919
0.101917
0.101915
0.101914
0.101912
0.101911
0.101909
0.101907
0.101906
0.101904
0.101903
0.101901
0.1019
0.101898
0.101897
0.101895
0.101893
0.101892
0.10189
0.101889
0.101887
0.101886
0.101884
0.101883
0.101881
0.10188
0.101878
0.101877
0.101876
0.101874
0.101873
0.101871
0.10187
0.101868
0.101867
0.101865
0.101864
0.101863
0.101861
0.10186
0.101858
0.101857
0.101856
0.101854
0.101853
0.101851
0.10185
0.101849
0.101847
0.101846
0.101845
0.101843
0.101842
0.101841
0.101839
0.101838
0.101837
0.101835
0.101834
0.101833
0.101831
0.10183
0.101829
0.101827
0.101826
0.101825
0.101824
0.101822
0.101821
0.10182
0.101818
0.101817
0.101816
0.101815
0.101813
0.101812
0.101811
0.10181
0.101808
0.101807
0.101806
0.101805
0.101804
0.101802
0.101801
0.1018
0.101799
0.101798
0.101796
0.101795
0.101794
0.101793
0.101792
0.101791
0.101789
0.101788
0.101787
0.101786
0.101785
0.101784
0.101782
0.101781
0.10178
0.101779
0.101778
0.101777
0.101776
0.101775
0.101774
0.101772
0.101771
0.10177
0.101769
0.101768
0.101767
0.101766
0.101765
0.101764
0.101763
0.101762
0.101761
0.101759
0.101758
0.101757
0.101756
0.101755
0.101754
0.101753
0.101752
0.101751
0.10175
0.101749
0.101748
0.101747
0.101746
0.101745
0.101744
0.101743
0.101742
0.101741
0.10174
0.101739
0.101738
0.101737
0.101736
0.101735
0.101734
0.101733
0.101732
0.101731
0.10173
0.101729
0.101728
0.101728
0.101727
0.101726
0.101725
0.101724
0.101723
0.101722
0.101721
0.10172
0.101719
0.101718
0.101717
0.101716
0.101716
0.101715
0.101714
0.101713
0.101712
0.101711
0.10171
0.101709
0.101708
0.101708
0.101707
0.101706
0.101705
0.101704
0.101703
0.101702
0.101701
0.101701
0.1017
0.101699
0.101698
0.101697
0.101696
0.101696
0.101695
0.101694
0.101693
0.101692
0.101691
0.101691
0.10169
0.101689
0.101688
0.101687
0.101687
0.101686
0.101685
0.101684
0.101683
0.101683
0.101682
0.101681
0.10168
0.10168
0.101679
0.101678
0.101677
0.101676
0.101676
0.101675
0.101674
0.101673
0.101673
0.101672
0.101671
0.10167
0.10167
0.101669
0.101668
0.101667
0.101667
0.101666
0.101665
0.101665
0.101664
0.101663
0.101662
0.101662
0.101661
0.10166
0.10166
0.101659
0.101658
0.101657
0.101657
0.101656
0.101655
0.101655
0.101654
0.101653
0.101653
0.101652
0.101651
0.101651
0.10165
0.101649
0.101649
0.101648
0.101647
0.101647
0.101646
0.101645
0.101645
0.101644
0.101643
0.101643
0.101642
0.101641
0.101641
0.10164
0.10164
0.101639
0.101638
0.101638
0.101637
0.101636
0.101636
0.101635
0.101635
0.101634
0.101633
0.101633
0.101632
0.101631
0.101631
0.10163
0.10163
0.101629
0.101628
0.101628
0.101627
0.101627
0.101626
0.101626
0.101625
0.101624
0.101624
0.101623
0.101623
0.101622
0.101622
0.101621
0.10162
0.10162
0.101619
0.101619
0.101618
0.101618
0.101617
0.101616
0.101616
0.101615
0.101615
0.101614
0.101614
0.101613
0.101613
0.101612
0.101612
0.101611
0.101611
0.10161
0.101609
0.101609
0.101608
0.101608
0.101607
0.101607
0.101606
0.101606
0.101605
0.101605
0.101604
0.101604
0.101603
0.101603
0.101602
0.101602
0.101601
0.101601
0.1016
0.1016
0.101599
0.101599
0.101598
0.101598
0.101597
0.101597
0.101596
0.101596
0.101595
0.101595
0.101594
0.101594
0.101594
0.101593
0.101593
0.101592
0.101592
0.101591
0.101591
0.10159
0.10159
0.101589
0.101589
0.101588
0.101588
0.101588
0.101587
0.101587
0.101586
0.101586
0.101585
0.101585
0.101584
0.101584
0.101584
0.101583
0.101583
0.101582
0.101582
0.101581
0.101581
0.101581
0.10158
0.10158
0.101579
0.101579
0.101578
0.101578
0.101578
0.101577
0.101577
0.101576
0.101576
0.101576
0.101575
0.101575
0.101574
0.101574
0.101574
0.101573
0.101573
0.101572
0.101572
0.101572
0.101571
0.101571
0.10157
0.10157
0.10157
0.101569
0.101569
0.101568
0.101568
0.101568
0.101567
0.101567
0.101567
0.101566
0.101566
0.101565
0.101565
0.101565
0.101564
0.101564
0.101564
0.101563
0.101563
0.101563
0.101562
0.101562
0.101561
0.101561
0.101561
0.10156
0.10156
0.10156
0.101559
0.101559
0.101559
0.101558
0.101558
0.101558
0.101557
0.101557
0.101557
0.101556
0.101556
0.101556
0.101555
0.101555
0.101555
0.101554
0.101554
0.101554
0.101553
0.101553
0.101553
0.101552
0.101552
0.101552
0.101551
0.101551
0.101551
0.10155
0.10155
0.10155
0.101549
0.101549
0.101549
0.101548
0.101548
0.101548
0.101548
0.101547
0.101547
0.101547
0.101546
0.101546
0.101546
0.101545
0.101545
0.101545
0.101544
0.101544
0.101544
0.101544
0.101543
0.101543
0.101543
0.101542
0.101542
0.101542
0.101542
0.101541
0.101541
0.101541
0.10154
0.10154
0.10154
0.10154
0.101539
0.101539
0.101539
0.101538
0.101538
0.101538
0.101538
0.101537
0.101537
0.101537
0.101537
0.101536
0.101536
0.101536
0.101536
0.101535
0.101535
0.101535
0.101534
0.101534
0.101534
0.101534
0.101533
0.101533
0.101533
0.101533
0.101532
0.101532
0.101532
0.101532
0.101531
0.101531
0.101531
0.101531
0.10153
0.10153
0.10153
0.10153
0.101529
0.101529
0.101529
0.101529
0.101528
0.101528
0.101528
0.101528
0.101527
0.101527
0.101527
0.101527
0.101527
0.101526
0.101526
0.101526
0.101526
0.101525
0.101525
0.101525
0.101525
0.101524
0.101524
0.101524
0.101524
0.101524
0.101523
0.101523
0.101523
0.101523
0.101522
0.101522
0.101522
0.101522
0.101522
0.101521
0.101521
0.101521
0.101521
0.101521
0.10152
0.10152
0.10152
0.10152
0.101519
0.101519
0.101519
0.101519
0.101519
0.101518
0.101518
0.101518
0.101518
0.101518
0.101517
0.101517
0.101517
0.101517
0.101517
0.101516
0.101516
0.101516
0.101516
0.101516
0.101515
0.101515
0.101515
0.101515
0.101515
0.101514
0.101514
0.101514
0.101514
0.101514
0.101513
0.101513
0.101513
0.101513
0.101513
0.101513
0.101512
0.101512
0.101512
0.101512
0.101512
0.101511
0.101511
0.101511
0.101511
0.101511
0.101511
0.10151
0.10151
0.10151
0.10151
0.10151
0.10151
0.101509
0.101509
0.101509
0.101509
0.101509
0.101508
0.101508
0.101508
0.101508
0.101508
0.101508
0.101507
0.101507
0.101507
0.101507
0.101507
0.101507
0.101506
0.101506
0.101506
0.101506
0.101506
0.101506
0.101505
0.101505
0.101505
0.101505
0.101505
0.101505
0.101505
0.101504
0.101504
0.101504
0.101504
0.101504
0.101504
0.101503
0.101503
0.101503
0.101503
0.101503
0.101503
0.101503
0.101502
0.101502
0.101502
0.101502
0.101502
0.101502
0.101501
0.101501
0.101501
0.101501
0.101501
0.101501
0.101501
0.1015
0.1015
0.1015
0.1015
0.1015
0.1015
0.1015
0.101499
0.101499
0.101499
0.101499
0.101499
0.101499
0.101499
0.101498
0.101498
0.101498
0.101498
0.101498
0.101498
0.101498
0.101498
0.101497
0.101497
0.101497
0.101497
0.101497
0.101497
0.101497
0.101496
0.101496
0.101496
0.101496
0.101496
0.101496
0.101496
0.101496
0.101495
0.101495
0.101495
0.101495
0.101495
0.101495
0.101495
0.101495
0.101494
0.101494
0.101494
0.101494
0.101494
0.101494
0.101494
0.101494
0.101493
0.101493
0.101493
0.101493
0.101493
0.101493
0.101493
0.101493
0.101493
0.101492
0.101492
0.101492
0.101492
0.101492
0.101492
0.101492
0.101492
0.101491
0.101491
0.101491
0.101491
0.101491
0.101491
0.101491
0.101491
0.101491
0.10149
0.10149
0.10149
0.10149
0.10149
0.10149
0.10149
0.10149
0.10149
0.101489
0.101489
0.101489
0.101489
0.101489
0.101489
0.101489
0.101489
0.101489
0.101489
0.101488
0.101488
0.101488
0.101488
0.101488
0.101488
0.101488
0.101488
0.101488
0.101487
0.101487
0.101487
0.101487
0.101487
0.101487
0.101487
0.101487
0.101487
0.101487
0.101486
0.101486
0.101486
0.101486
0.101486
0.101486
0.101486
0.101486
0.101486
0.101486
0.101486
0.101485
0.101485
0.101485
0.101485
0.101485
0.101485
0.101485
0.101485
0.101485
0.101485
0.101484
0.101484
0.101484
0.101484
0.101484
0.101484
0.101484
0.101484
0.101484
0.101484
0.101484
0.101483
0.101483
0.101483
0.101483
0.101483
0.101483
0.101483
0.101483
0.101483
0.101483
0.101483
0.101483
0.101482
0.101482
0.101482
0.101482
0.101482
0.101482
0.101482
0.101482
0.101482
0.101482
0.101482
0.101482
0.101481
0.101481
0.101481
0.101481
0.101481
0.101481
0.101481
0.101481
0.101481
0.101481
0.101481
0.101481
0.10148
0.10148
0.10148
0.10148
0.10148
0.10148
0.10148
0.10148
0.10148
0.10148
0.10148
0.10148
0.10148
0.101479
0.101479
0.101479
0.101479
0.101479
0.101479
0.101479
0.101479
0.101479
0.101479
0.101479
0.101479
0.101479
0.101478
0.101478
0.101478
0.101478
0.101478
0.101478
0.101478
0.101478
0.101478
0.101478
0.101478
0.101478
0.101478
0.101478
0.101477
0.101477
0.101477
0.101477
0.101477
0.101477
0.101477
0.101477
0.101477
0.101477
0.101477
0.101477
0.101477
0.101477
0.101476
0.101476
0.101476
0.101476
0.101476
0.101476
0.101476
0.101476
0.101476
0.101476
0.101476
0.101476
0.101476
0.101476
0.101476
0.101475
0.101475
0.101475
0.101475
0.101475
0.101475
0.101475
0.101475
0.101475
0.101475
0.101475
0.101475
0.101475
0.101475
0.101475
0.101474
0.101474
0.101474
0.101474
0.101474
0.101474
0.101474
0.101474
0.101474
0.101474
0.101474
0.101474
0.101474
0.101474
0.101474
0.101474
0.101474
0.101473
0.101473
0.101473
0.101473
0.101473
0.101473
0.101473
0.101473
0.101473
0.101473
0.101473
0.101473
0.101473
0.101473
0.101473
0.101473
0.101473
0.101472
0.101472
0.101472
0.101472
0.101472
0.101472
0.101472
0.101472
0.101472
0.101472
0.101472
0.101472
0.101472
0.101472
0.101472
0.101472
0.101472
0.101471
0.101471
0.101471
0.101471
0.101471
0.101471
0.101471
0.101471
0.101471
0.101471
0.101471
0.101471
0.101471
0.101471
0.101471
0.101471
0.101471
0.101471
0.101471
0.10147
0.10147
0.10147
0.10147
0.10147
0.10147
0.10147
0.10147
0.10147
0.10147
0.10147
0.10147
0.10147
0.10147
0.10147
0.10147
0.10147
0.10147
0.10147
0.101469
0.101469
0.101469
0.101469
0.101469
0.101469
0.101469
0.101469
0.101469
0.101469
0.101469
0.101469
0.101469
0.101469
0.101469
0.101469
0.101469
0.101469
0.101469
0.101469
0.101469
0.101468
0.101468
0.101468
0.101468
0.101468
0.101468
0.101468
0.101468
0.101468
0.101468
0.101468
0.101468
0.101468
0.101468
0.101468
0.101468
0.101468
0.101468
0.101468
0.101468
0.101468
0.101467
0.101467
0.101467
0.101467
0.101467
0.101467
0.101467
0.101467
0.101467
0.101467
0.101467
0.101467
0.101467
0.101467
0.101467
0.101467
0.101467
0.101467
0.101467
0.101467
0.101467
0.101467
0.101467
0.101466
0.101466
0.101466
0.101466
0.101466
0.101466
0.101466
0.101466
0.101466
0.101466
0.101466
0.101466
0.101466
0.101466
0.101466
0.101466
0.101466
0.101466
0.101466
0.101466
0.101466
0.101466
0.101466
0.101465
0.101465
0.101465
0.101465
0.101465
0.101465
0.101465
0.101465
0.101465
0.101465
0.101465
0.101465
0.101465
0.101465
0.101465
0.101465
0.101465
0.101465
0.101465
0.101465
0.101465
0.101465
0.101465
0.101465
0.101465
0.101464
0.101464
0.101464
0.101464
0.101464
0.101464
0.101464
0.101464
0.101464
0.101464
0.101464
0.101464
0.101464
0.101464
0.101464
0.101464
0.101464
0.101464
0.101464
0.101464
0.101464
0.101464
0.101464
0.101464
0.101464
0.101464
0.101463
0.101463
0.101463
0.101463
0.101463
0.101463
0.101463
0.101463
0.101463
0.101463
0.101463
0.101463
0.101463
0.101463
0.101463
0.101463
0.101463
0.101463
0.101463
0.101463
0.101463
0.101463
0.101463
0.101463
0.101463
0.101463
0.101463
0.101463
0.101462
0.101462
0.101462
0.101462
0.101462
0.101462
0.101462
0.101462
0.101462
0.101462
0.101462
0.101462
0.101462
0.101462
0.101462
0.101462
0.101462
0.101462
0.101462
0.101462
0.101462
0.101462
0.101462
0.101462
0.101462
0.101462
0.101462
0.101462
0.101462
0.101461
0.101461
0.101461
0.101461
0.101461
0.101461
0.101461
0.101461
0.101461
0.101461
0.101461
0.101461
0.101461
0.101461
0.101461
0.101461
0.101461
0.101461
0.101461
0.101461
0.101461
0.101461
0.101461
0.101461
0.101461
0.101461
0.101461
0.101461
0.101461
0.101461
0.10146
0.10146
0.10146
0.10146
0.10146
0.10146
0.10146
0.10146
0.10146
0.10146
0.10146
0.10146
0.10146
0.10146
0.10146
0.10146
0.10146
0.10146
0.10146
0.10146
0.10146
0.10146
0.10146
0.10146
0.10146
0.10146
0.10146
0.10146
0.10146
0.10146
0.10146
0.10146
0.101459
0.101459
0.101459
0.101459
0.101459
0.101459
0.101459
0.101459
0.101459
0.101459
0.101459
0.101459
0.101459
0.101459
0.101459
0.101459
0.101459
0.101459
0.101459
0.101459
0.101459
0.101459
0.101459
0.101459
0.101459
0.101459
0.101459
0.101459
0.101459
0.101459
0.101459
0.101459
0.101459
0.101459
0.101458
0.101458
0.101458
0.101458
0.101458
0.101458
0.101458
0.101458
0.101458
0.101458
0.101458
0.101458
0.101458
0.101458
0.101458
0.101458
0.101458
0.101458
0.101458
0.101458
0.101458
0.101458
0.101458
0.101458
0.101458
0.101458
0.101458
0.101458
0.101458
0.101458
0.101458
0.101458
0.101458
0.101458
0.101457
0.101457
0.101457
0.101457
0.101457
0.101457
0.101457
0.101457
0.101457
0.101457
0.101457
0.101457
0.101457
0.101457
0.101457
0.101457
0.101457
0.101457
0.101457
0.101457
0.101457
0.101457
0.101457
0.101457
0.101457
0.101457
0.101457
0.101457
0.101457
0.101457
0.101457
0.101457
0.101457
0.101457
0.101457
0.101457
0.101456
0.101456
0.101456
0.101456
0.101456
0.101456
0.101456
0.101456
0.101456
0.101456
0.101456
0.101456
0.101456
0.101456
0.101456
0.101456
0.101456
0.101456
0.101456
0.101456
0.101456
0.101456
0.101456
0.101456
0.101456
0.101456
0.101456
0.101456
0.101456
0.101456
0.101456
0.101456
0.101456
0.101456
0.101455
0.101455
0.101455
0.101455
0.101455
0.101455
0.101455
0.101455
0.101455
0.101455
0.101455
0.101455
0.101455
0.101455
0.101455
0.101455
0.101455
0.101455
0.101455
0.101455
0.101455
0.101455
0.101455
0.101455
0.101455
0.101455
0.101455
0.101455
0.101455
0.101455
0.101455
0.101455
0.101455
0.101454
0.101454
0.101454
0.101454
0.101454
0.101454
0.101454
0.101454
0.101454
0.101454
0.101454
0.101454
0.101454
0.101454
0.101454
0.101454
0.101454
0.101454
0.101454
0.101454
0.101454
0.101454
0.101454
0.101454
0.101454
0.101454
0.101454
0.101454
0.101454
0.101454
0.101453
0.101453
0.101453
0.101453
0.101453
0.101453
0.101453
0.101453
0.101453
0.101453
0.101453
0.101453
0.101453
0.101453
0.101453
0.101453
0.101453
0.101453
0.101453
0.101453
0.101453
0.101453
0.101453
0.101453
0.101453
0.101453
0.101453
0.101452
0.101452
0.101452
0.101452
0.101452
0.101452
0.101452
0.101452
0.101452
0.101452
0.101452
0.101452
0.101452
0.101452
0.101452
0.101452
0.101452
0.101452
0.101452
0.101452
0.101452
0.101452
0.101452
0.101452
0.101452
0.101451
0.101451
0.101451
0.101451
0.101451
0.101451
0.101451
0.101451
0.101451
0.101451
0.101451
0.101451
0.101451
0.101451
0.101451
0.101451
0.101451
0.101451
0.101451
0.101451
0.101451
0.10145
0.10145
0.10145
0.10145
0.10145
0.10145
0.10145
0.10145
0.10145
0.10145
0.10145
0.10145
0.10145
0.10145
0.10145
0.10145
0.10145
0.10145
0.10145
0.10145
0.101449
0.101449
0.101449
0.101449
0.101449
0.101449
0.101449
0.101449
0.101449
0.101449
0.101449
0.101449
0.101449
0.101449
0.101449
0.101449
0.101449
0.101449
0.101448
0.101448
0.101448
0.101448
0.101448
0.101448
0.101448
0.101448
0.101448
0.101448
0.101448
0.101448
0.101448
0.101448
0.101448
0.101448
0.101447
0.101447
0.101447
0.101447
0.101447
0.101447
0.101447
0.101447
0.101447
0.101447
0.101447
0.101447
0.101447
0.101447
0.101447
0.101446
0.101446
0.101446
0.101446
0.101446
0.101446
0.101446
0.101446
0.101446
0.101446
0.101446
0.101446
0.101446
0.101446
0.101445
0.101445
0.101445
0.101445
0.101445
0.101445
0.101445
0.101445
0.101445
0.101445
0.101445
0.101445
0.101445
0.101444
0.101444
0.101444
0.101444
0.101444
0.101444
0.101444
0.101444
0.101444
0.101444
0.101444
0.101444
0.101444
0.101443
0.101443
0.101443
0.101443
0.101443
0.101443
0.101443
0.101443
0.101443
0.101443
0.101443
0.101443
0.101442
0.101442
0.101442
0.101442
0.101442
0.101442
0.101442
0.101442
0.101442
0.101442
0.101442
0.101441
0.101441
0.101441
0.101441
0.101441
0.101441
0.101441
0.101441
0.101441
0.101441
0.101441
0.10144
0.10144
0.10144
0.10144
0.10144
0.10144
0.10144
0.10144
0.10144
0.10144
0.101439
0.101439
0.101439
0.101439
0.101439
0.101439
0.101439
0.101439
0.101439
0.101439
0.101438
0.101438
0.101438
0.101438
0.101438
0.101438
0.101438
0.101438
0.101438
0.101438
0.101437
0.101437
0.101437
0.101437
0.101437
0.101437
0.101437
0.101437
0.101437
0.101437
0.101436
0.101436
0.101436
0.101436
0.101436
0.101436
0.101436
0.101436
0.101436
0.101435
0.101435
0.101435
0.101435
0.101435
0.101435
0.101435
0.101435
0.101435
0.101434
0.101434
0.101434
0.101434
0.101434
0.101434
0.101434
0.101434
0.101433
0.101433
0.101433
0.101433
0.101433
0.101433
0.101433
0.101433
0.101433
0.101432
0.101432
0.101432
0.101432
0.101432
0.101432
0.101432
0.101432
0.101431
0.101431
0.101431
0.101431
0.101431
0.101431
0.101431
0.101431
0.101431
0.10143
0.10143
0.10143
0.10143
0.10143
0.10143
0.10143
0.10143
0.101429
0.101429
0.101429
0.101429
0.101429
0.101429
0.101429
0.101429
0.101428
0.101428
0.101428
0.101428
0.101428
0.101428
0.101428
0.101428
0.101427
0.101427
0.101427
0.101427
0.101427
0.101427
0.101427
0.101426
0.101426
0.101426
0.101426
0.101426
0.101426
0.101426
0.101426
0.101425
0.101425
0.101425
0.101425
0.101425
0.101425
0.101425
0.101424
0.101424
0.101424
0.101424
0.101424
0.101424
0.101424
0.101424
0.101423
0.101423
0.101423
0.101423
0.101423
0.101423
0.101423
0.101422
0.101422
0.101422
0.101422
0.101422
0.101422
0.101422
0.101422
0.101421
0.101421
0.101421
0.101421
0.101421
0.101421
0.101421
0.10142
0.10142
0.10142
0.10142
0.10142
0.10142
0.10142
0.101419
0.101419
0.101419
0.101419
0.101419
0.101419
0.101419
0.101418
0.101418
0.101418
0.101418
0.101418
0.101418
0.101418
0.101417
0.101417
0.101417
0.101417
0.101417
0.101417
0.101417
0.101416
0.101416
0.101416
0.101416
0.101416
0.101416
0.101416
0.101415
0.101415
0.101415
0.101415
0.101415
0.101415
0.101415
0.101414
0.101414
0.101414
0.101414
0.101414
0.101414
0.101414
0.101413
0.101413
0.101413
0.101413
0.101413
0.101413
0.101413
0.101412
0.101412
0.101412
0.101412
0.101412
0.101412
0.101412
0.101411
0.101411
0.101411
0.101411
0.101411
0.101411
0.101411
0.10141
0.10141
0.10141
0.10141
0.10141
0.10141
0.10141
0.101409
0.101409
0.101409
0.101409
0.101409
0.101409
0.101409
0.101408
0.101408
0.101408
0.101408
0.101408
0.101408
0.101407
0.101407
0.101407
0.101407
0.101407
0.101407
0.101407
0.101406
0.101406
0.101406
0.101406
0.101406
0.101406
0.101406
0.101405
0.101405
0.101405
0.101405
0.101405
0.101405
0.101405
0.101404
0.101404
0.101404
0.101404
0.101404
0.101404
0.101404
0.101403
0.101403
0.101403
0.101403
0.101403
0.101403
0.101403
0.101402
0.101402
0.101402
0.101402
0.101402
0.101402
0.101401
0.101401
0.101401
0.101401
0.101401
0.101401
0.101401
0.1014
0.1014
0.1014
0.1014
0.1014
0.1014
0.1014
0.101399
0.101399
0.101399
0.101399
0.101399
0.101399
0.101399
0.101398
0.101398
0.101398
0.101398
0.101398
0.101398
0.101398
0.101397
0.101397
0.101397
0.101397
0.101397
0.101397
0.101397
0.101396
0.101396
0.101396
0.101396
0.101396
0.101396
0.101396
0.101395
0.101395
0.101395
0.101395
0.101395
0.101395
0.101395
0.101394
0.101394
0.101394
0.101394
0.101394
0.101394
0.101394
0.101393
0.101393
0.101393
0.101393
0.101393
0.101393
0.101393
0.101392
0.101392
0.101392
0.101392
0.101392
0.101392
0.101392
0.101391
0.101391
0.101391
0.101391
0.101391
0.101391
0.101391
0.10139
0.10139
0.10139
0.10139
0.10139
0.10139
0.10139
0.101389
0.101389
0.101389
0.101389
0.101389
0.101389
0.101389
0.101389
0.101388
0.101388
0.101388
0.101388
0.101388
0.101388
0.101388
0.101387
0.101387
0.101387
0.101387
0.101387
0.101387
0.101387
0.101386
0.101386
0.101386
0.101386
0.101386
0.101386
0.101386
0.101385
0.101385
0.101385
0.101385
0.101385
0.101385
0.101385
0.101385
0.101384
0.101384
0.101384
0.101384
0.101384
0.101384
0.101384
0.101383
0.101383
0.101383
0.101383
0.101383
0.101383
0.101383
0.101383
0.101382
0.101382
0.101382
0.101382
0.101382
0.101382
0.101382
0.101382
0.101381
0.101381
0.101381
0.101381
0.101381
0.101381
0.101381
0.10138
0.10138
0.10138
0.10138
0.10138
0.10138
0.10138
0.10138
0.101379
0.101379
0.101379
0.101379
0.101379
0.101379
0.101379
0.101379
0.101378
0.101378
0.101378
0.101378
0.101378
0.101378
0.101378
0.101378
0.101377
0.101377
0.101377
0.101377
0.101377
0.101377
0.101377
0.101377
0.101376
0.101376
0.101376
0.101376
0.101376
0.101376
0.101376
0.101376
0.101375
0.101375
0.101375
0.101375
0.101375
0.101375
0.101375
0.101375
0.101374
0.101374
0.101374
0.101374
0.101374
0.101374
0.101374
0.101374
0.101373
0.101373
0.101373
0.101373
0.101373
0.101373
0.101373
0.101373
0.101373
0.101372
0.101372
0.101372
0.101372
0.101372
0.101372
0.101372
0.101372
0.101371
0.101371
0.101371
0.101371
0.101371
0.101371
0.101371
0.101371
0.101371
0.10137
0.10137
0.10137
0.10137
0.10137
0.10137
0.10137
0.10137
0.101369
0.101369
0.101369
0.101369
0.101369
0.101369
0.101369
0.101369
0.101369
0.101368
0.101368
0.101368
0.101368
0.101368
0.101368
0.101368
0.101368
0.101368
0.101367
0.101367
0.101367
0.101367
0.101367
0.101367
0.101367
0.101367
0.101367
0.101366
0.101366
0.101366
0.101366
0.101366
0.101366
0.101366
0.101366
0.101366
0.101366
0.101365
0.101365
0.101365
0.101365
0.101365
0.101365
0.101365
0.101365
0.101365
0.101364
0.101364
0.101364
0.101364
0.101364
0.101364
0.101364
0.101364
0.101364
0.101364
0.101363
0.101363
0.101363
0.101363
0.101363
0.101363
0.101363
0.101363
0.101363
0.101362
0.101362
0.101362
0.101362
0.101362
0.101362
0.101362
0.101362
0.101362
0.101362
0.101361
0.101361
0.101361
0.101361
0.101361
0.101361
0.101361
0.101361
0.101361
0.101361
0.10136
0.10136
0.10136
0.10136
0.10136
0.10136
0.10136
0.10136
0.10136
0.10136
0.10136
0.101359
0.101359
0.101359
0.101359
0.101359
0.101359
0.101359
0.101359
0.101359
0.101359
0.101358
0.101358
0.101358
0.101358
0.101358
0.101358
0.101358
0.101358
0.101358
0.101358
0.101358
0.101357
0.101357
0.101357
0.101357
0.101357
0.101357
0.101357
0.101357
0.101357
0.101357
0.101357
0.101356
0.101356
0.101356
0.101356
0.101356
0.101356
0.101356
0.101356
0.101356
0.101356
0.101356
0.101355
0.101355
0.101355
0.101355
0.101355
0.101355
0.101355
0.101355
0.101355
0.101355
0.101355
0.101355
0.101354
0.101354
0.101354
0.101354
0.101354
0.101354
0.101354
0.101354
0.101354
0.101354
0.101354
0.101354
0.101353
0.101353
0.101353
0.101353
0.101353
0.101353
0.101353
0.101353
0.101353
0.101353
0.101353
0.101353
0.101352
0.101352
0.101352
0.101352
0.101352
0.101352
0.101352
0.101352
0.101352
0.101352
0.101352
0.101352
0.101351
0.101351
0.101351
0.101351
0.101351
0.101351
0.101351
0.101351
0.101351
0.101351
0.101351
0.101351
0.101351
0.10135
0.10135
0.10135
0.10135
0.10135
0.10135
0.10135
0.10135
0.10135
0.10135
0.10135
0.10135
0.10135
0.101349
0.101349
0.101349
0.101349
0.101349
0.101349
0.101349
0.101349
0.101349
0.101349
0.101349
0.101349
0.101349
0.101349
0.101348
0.101348
0.101348
0.101348
0.101348
0.101348
0.101348
0.101348
0.101348
0.101348
0.101348
0.101348
0.101348
0.101348
0.101347
0.101347
0.101347
0.101347
0.101347
0.101347
0.101347
0.101347
0.101347
0.101347
0.101347
0.101347
0.101347
0.101347
0.101346
0.101346
0.101346
0.101346
0.101346
0.101346
0.101346
0.101346
0.101346
0.101346
0.101346
0.101346
0.101346
0.101346
0.101346
0.101345
0.101345
0.101345
0.101345
0.101345
0.101345
0.101345
0.101345
0.101345
0.101345
0.101345
0.101345
0.101345
0.101345
0.101345
0.101345
0.101344
0.101344
0.101344
0.101344
0.101344
0.101344
0.101344
0.101344
0.101344
0.101344
0.101344
0.101344
0.101344
0.101344
0.101344
0.101344
0.101343
0.101343
0.101343
0.101343
0.101343
0.101343
0.101343
0.101343
0.101343
0.101343
0.101343
0.101343
0.101343
0.101343
0.101343
0.101343
0.101342
0.101342
0.101342
0.101342
0.101342
0.101342
0.101342
0.101342
0.101342
0.101342
0.101342
0.101342
0.101342
0.101342
0.101342
0.101342
0.101342
0.101342
0.101341
0.101341
0.101341
0.101341
0.101341
0.101341
0.101341
0.101341
0.101341
0.101341
0.101341
0.101341
0.101341
0.101341
0.101341
0.101341
0.101341
0.101341
0.10134
0.10134
0.10134
0.10134
0.10134
0.10134
0.10134
0.10134
0.10134
0.10134
0.10134
0.10134
0.10134
0.10134
0.10134
0.10134
0.10134
0.10134
0.10134
0.101339
0.101339
0.101339
0.101339
0.101339
0.101339
0.101339
0.101339
0.101339
0.101339
0.101339
0.101339
0.101339
0.101339
0.101339
0.101339
0.101339
0.101339
0.101339
0.101339
0.101338
0.101338
0.101338
0.101338
0.101338
0.101338
0.101338
0.101338
0.101338
0.101338
0.101338
0.101338
0.101338
0.101338
0.101338
0.101338
0.101338
0.101338
0.101338
0.101338
0.101338
0.101337
0.101337
0.101337
0.101337
0.101337
0.101337
0.101337
0.101337
0.101337
0.101337
0.101337
0.101337
0.101337
0.101337
0.101337
0.101337
0.101337
0.101337
0.101337
0.101337
0.101337
0.101337
0.101336
0.101336
0.101336
0.101336
0.101336
0.101336
0.101336
0.101336
0.101336
0.101336
0.101336
0.101336
0.101336
0.101336
0.101336
0.101336
0.101336
0.101336
0.101336
0.101336
0.101336
0.101336
0.101336
0.101335
0.101335
0.101335
0.101335
0.101335
0.101335
0.101335
0.101335
0.101335
0.101335
0.101335
0.101335
0.101335
0.101335
0.101335
0.101335
0.101335
0.101335
0.101335
0.101335
0.101335
0.101335
0.101335
0.101335
0.101335
0.101334
0.101334
0.101334
0.101334
0.101334
0.101334
0.101334
0.101334
0.101334
0.101334
0.101334
0.101334
0.101334
0.101334
0.101334
0.101334
0.101334
0.101334
0.101334
0.101334
0.101334
0.101334
0.101334
0.101334
0.101334
0.101334
0.101334
0.101333
0.101333
0.101333
0.101333
0.101333
0.101333
0.101333
0.101333
0.101333
0.101333
0.101333
0.101333
0.101333
0.101333
0.101333
0.101333
0.101333
0.101333
0.101333
0.101333
0.101333
0.101333
0.101333
0.101333
0.101333
0.101333
0.101333
0.101333
0.101333
0.101332
0.101332
0.101332
0.101332
0.101332
0.101332
0.101332
0.101332
0.101332
0.101332
0.101332
0.101332
0.101332
0.101332
0.101332
0.101332
0.101332
0.101332
0.101332
0.101332
0.101332
0.101332
0.101332
0.101332
0.101332
0.101332
0.101332
0.101332
0.101332
0.101332
0.101332
0.101331
0.101331
0.101331
0.101331
0.101331
0.101331
0.101331
0.101331
0.101331
0.101331
0.101331
0.101331
0.101331
0.101331
0.101331
0.101331
0.101331
0.101331
0.101331
0.101331
0.101331
0.101331
0.101331
0.101331
0.101331
0.101331
0.101331
0.101331
0.101331
0.101331
0.101331
0.101331
0.101331
0.101331
0.10133
0.10133
0.10133
0.10133
0.10133
0.10133
0.10133
0.10133
0.10133
0.10133
0.10133
0.10133
0.10133
0.10133
0.10133
0.10133
0.10133
0.10133
0.10133
0.10133
0.10133
0.10133
0.10133
0.10133
0.10133
0.10133
0.10133
0.10133
0.10133
0.10133
0.10133
0.10133
0.10133
0.10133
0.10133
0.10133
0.10133
0.101329
0.101329
0.101329
0.101329
0.101329
0.101329
0.101329
0.101329
0.101329
0.101329
0.101329
0.101329
0.101329
0.101329
0.101329
0.101329
0.101329
0.101329
0.101329
0.101329
0.101329
0.101329
0.101329
0.101329
0.101329
0.101329
0.101329
0.101329
0.101329
0.101329
0.101329
0.101329
0.101329
0.101329
0.101329
0.101329
0.101329
0.101329
0.101329
0.101329
0.101329
0.101329
0.101328
0.101328
0.101328
0.101328
0.101328
0.101328
0.101328
0.101328
0.101328
0.101328
0.101328
0.101328
0.101328
0.101328
0.101328
0.101328
0.101328
0.101328
0.101328
0.101328
0.101328
0.101328
0.101328
0.101328
0.101328
0.101328
0.101328
0.101328
0.101328
0.101328
0.101328
0.101328
0.101328
0.101328
0.101328
0.101328
0.101328
0.101328
0.101328
0.101328
0.101328
0.101328
0.101328
0.101328
0.101328
0.101328
0.101327
0.101327
0.101327
0.101327
0.101327
0.101327
0.101327
0.101327
0.101327
0.101327
0.101327
0.101327
0.101327
0.101327
0.101327
0.101327
0.101327
0.101327
0.101327
0.101327
0.101327
0.101327
0.101327
0.101327
0.101327
0.101327
0.101327
0.101327
0.101327
0.101327
0.101327
0.101327
0.101327
0.101327
0.101327
0.101327
0.101327
0.101327
0.101327
0.101327
0.101327
0.101327
0.101327
0.101327
0.101327
0.101327
0.101327
0.101327
0.101327
0.101327
0.101327
0.101327
0.101327
0.101327
0.101326
0.101326
0.101326
0.101326
0.101326
0.101326
0.101326
0.101326
0.101326
0.101326
0.101326
0.101326
0.101326
0.101326
0.101326
0.101326
0.101326
0.101326
0.101326
0.101326
0.101326
0.101326
0.101326
0.101326
0.101326
0.101326
0.101326
0.101326
0.101326
0.101326
0.101326
0.101326
0.101326
0.101326
0.101326
0.101326
0.101326
0.101326
0.101326
0.101326
0.101326
0.101326
0.101326
0.101326
0.101326
0.101326
0.101326
0.101326
0.101326
0.101326
0.101326
0.101326
0.101326
0.101326
0.101326
0.101326
0.101326
0.101326
0.101326
0.101326
0.101326
0.101326
0.101326
0.101325
0.101325
0.101325
0.101325
0.101325
0.101325
0.101325
0.101325
0.101325
0.101325
0.101325
0.101325
0.101325
0.101325
0.101325
0.101325
0.101325
0.101325
0.101325
0.101325
0.101325
0.101325
0.101325
0.101325
0.101325
0.101325
0.101325
0.101325
0.101325
0.101325
0.101325
0.101325
0.101325
0.101325
0.101325
0.101325
0.101325
0.101325
0.101325
0.101325
0.101325
0.101325
0.101325
0.101325
0.101325
0.101325
0.101325
0.101325
0.101325
0.101325
0.101325
0.101325
0.101325
0.101325
0.101325
0.101325
0.101325
0.101325
0.101325
0.101325
0.101325
0.101325
0.101325
0.101325
0.101325
0.101325
0.101325
0.101325
0.101325
0.101325
0.101325
0.101325
0.101325
0.101325
0.101325
0.101325
0.101324
0.101324
0.101324
0.101324
0.101324
0.101324
0.101324
0.101324
0.101324
0.101324
0.101324
0.101324
0.101324
0.101324
0.101324
0.101324
0.101324
0.101324
0.101324
0.101324
0.101324
0.101324
0.101324
0.101324
0.101324
0.101324
0.101324
0.101324
0.101324
0.101324
0.101324
0.101324
0.101324
0.101324
0.101324
0.101324
0.101324
0.101324
0.101324
0.101324
0.101324
0.101324
0.101324
0.101324
0.101324
0.101324
0.101324
0.101324
0.101324
0.101324
0.101324
0.101324
0.101324
0.101324
0.101324
0.101324
0.101324
0.101324
0.101324
0.101324
0.101324
0.101324
0.101324
0.101324
0.101324
0.101324
0.101324
0.101324
0.101324
0.101324
0.101324
0.101324
0.101324
0.101324
0.101324
0.101324
0.101324
0.101324
0.101324
0.101324
0.101324
0.101324
0.101324
0.101324
0.101324
0.101324
0.101324
0.101324
0.101324
0.101324
0.101324
0.101324
0.101324
0.101324
0.101324
0.101324
0.101324
0.101324
0.101323
0.101323
0.101323
0.101323
0.101323
0.101323
0.101323
0.101323
0.101323
0.101323
0.101323
0.101323
0.101323
0.101323
0.101323
0.101323
0.101323
0.101323
0.101323
0.101323
0.101323
0.101323
0.101323
0.101323
0.101323
0.101323
0.101323
0.101323
0.101323
0.101323
0.101323
0.101323
0.101323
0.101323
0.101323
0.101323
0.101323
0.101323
0.101323
0.101323
0.101323
0.101323
0.101323
0.101323
0.101323
0.101323
0.101323
0.101323
0.101323
0.101323
0.101323
0.101323
