0.5
0.495025
0.490099
0.485223
0.480395
0.475615
0.470882
0.466197
0.461558
0.456966
0.452419
0.447917
0.44346
0.439048
0.434679
0.430354
0.426072
0.421832
0.417635
0.41348
0.409365
0.405292
0.401259
0.397267
0.393314
0.3894
0.385526
0.38169
0.377892
0.374132
0.370409
0.366723
0.363075
0.359462
0.355885
0.352344
0.348838
0.345367
0.341931
0.338528
0.33516
0.331825
0.328523
0.325255
0.322018
0.318814
0.315642
0.312501
0.309392
0.306313
0.303265
0.300248
0.29726
0.294302
0.291374
0.288475
0.285605
0.282763
0.279949
0.277164
0.274406
0.271675
0.268972
0.266296
0.263646
0.261023
0.258426
0.255854
0.253309
0.250788
0.248293
0.245822
0.243376
0.240955
0.238557
0.236184
0.233834
0.231507
0.229204
0.226923
0.224665
0.22243
0.220217
0.218026
0.215857
0.213709
0.211583
0.209478
0.207394
0.20533
0.203288
0.201265
0.199263
0.197281
0.195318
0.193375
0.191452
0.189548
0.187662
0.185796
0.183948
0.182119
0.180308
0.178516
0.176741
0.174984
0.173245
0.171523
0.169818
0.168131
0.166461
0.164807
0.163171
0.161551
0.159947
0.15836
0.156789
0.155234
0.153695
0.152172
0.150664
0.149172
0.147696
0.146234
0.144788
0.143358
0.141942
0.140541
0.139156
0.137785
0.136428
0.135087
0.13376
0.132447
0.131149
0.129865
0.128596
0.127341
0.1261
0.124874
0.123661
0.122463
0.121279
0.120109
0.118953
0.117812
0.116684
0.115571
0.114472
0.113386
0.112315
0.111259
0.110216
0.109187
0.108173
0.107173
0.106187
0.105216
0.104259
0.103316
0.102388
0.101474
0.100575
0.0996902
0.09882
0.0979645
0.0971236
0.0962974
0.0954858
0.094689
0.093907
0.0931396
0.092387
0.0916492
0.0909261
0.0902178
0.0895241
0.0888452
0.0881809
0.0875312
0.086896
0.0862754
0.0856691
0.0850772
0.0844995
0.083936
0.0833864
0.0828508
0.082329
0.0818208
0.081326
0.0808446
0.0803764
0.0799211
0.0794786
0.0790488
0.0786313
0.0782261
0.0778328
0.0774513
0.0770814
0.0767227
0.0763752
0.0760385
0.0757124
0.0753967
0.0750911
0.0747954
0.0745094
0.0742327
0.0739652
0.0737065
0.0734565
0.073215
0.0729815
0.0727561
0.0725383
0.0723279
0.0721248
0.0719287
0.0717393
0.0715565
0.0713801
0.0712097
0.0710453
0.0708866
0.0707334
0.0705855
0.0704427
0.0703049
0.0701718
0.0700434
0.0699193
0.0697995
0.0696838
0.0695721
0.0694641
0.0693598
0.069259
0.0691615
0.0690673
0.0689762
0.0688881
0.0688028
0.0687203
0.0686404
0.0685631
0.0684882
0.0684157
0.0683453
0.0682772
0.068211
0.0681469
0.0680847
0.0680242
0.0679655
0.0679085
0.0678531
0.0677992
0.0677468
0.0676957
0.0676461
0.0675977
0.0675506
0.0675046
0.0674598
0.0674161
0.0673734
0.0673317
0.067291
0.0672512
0.0672123
0.0671742
0.0671369
0.0671004
0.0670647
0.0670296
0.0669953
0.0669615
0.0669285
0.066896
0.0668641
0.0668327
0.0668019
0.0667716
0.0667418
0.0667124
0.0666835
0.066655
0.0666269
0.0665992
0.0665719
0.066545
0.0665184
0.0664922
0.0664663
0.0664407
0.0664153
0.0663903
0.0663656
0.0663411
0.0663168
0.0662929
0.0662691
0.0662456
0.0662223
0.0661992
0.0661763
0.0661536
0.066131
0.0661087
0.0660866
0.0660646
0.0660427
0.066021
0.0659995
0.0659781
0.0659569
0.0659358
0.0659148
0.065894
0.0658732
0.0658526
0.0658321
0.0658117
0.0657915
0.0657713
0.0657512
0.0657312
0.0657113
0.0656915
0.0656718
0.0656522
0.0656326
0.0656132
0.0655938
0.0655745
0.0655552
0.065536
0.0655169
0.0654979
0.0654789
0.06546
0.0654412
0.0654224
0.0654036
0.065385
0.0653663
0.0653478
0.0653293
0.0653108
0.0652924
0.065274
0.0652557
0.0652374
0.0652192
0.065201
0.0651828
0.0651647
0.0651467
0.0651286
0.0651106
0.0650927
0.0650748
0.0650569
0.065039
0.0650212
0.0650035
0.0649857
0.064968
0.0649503
0.0649326
0.064915
0.0648974
0.0648799
0.0648623
0.0648448
0.0648273
0.0648098
0.0647924
0.064775
0.0647576
0.0647402
0.0647229
0.0647056
0.0646883
0.064671
0.0646537
0.0646365
0.0646193
0.0646021
0.0645849
0.0645678
0.0645506
0.0645335
0.0645164
0.0644993
0.0644822
0.0644652
0.0644482
0.0644311
0.0644141
0.0643971
0.0643802
0.0643632
0.0643462
0.0643293
0.0643124
0.0642955
0.0642786
0.0642617
0.0642448
0.064228
0.0642111
0.0641943
0.0641775
0.0641606
0.0641438
0.064127
0.0641103
0.0640935
0.0640767
0.06406
0.0640432
0.0640265
0.0640097
0.063993
0.0639763
0.0639596
0.0639429
0.0639262
0.0639095
0.0638928
0.0638761
0.0638594
0.0638428
0.0638261
0.0638095
0.0637928
0.0637762
0.0637595
0.0637429
0.0637263
0.0637096
0.063693
0.0636764
0.0636598
0.0636432
0.0636265
0.0636099
0.0635933
0.0635767
0.0635601
0.0635435
0.0635269
0.0635103
0.0634937
0.0634772
0.0634606
0.063444
0.0634274
0.0634108
0.0633942
0.0633776
0.063361
0.0633444
0.0633278
0.0633113
0.0632947
0.0632781
0.0632615
0.0632449
0.0632283
0.0632117
0.0631951
0.0631785
0.0631619
0.0631453
0.0631287
0.0631121
0.0630955
0.0630789
0.0630623
0.0630457
0.063029
0.0630124
0.0629958
0.0629792
0.0629625
0.0629459
0.0629293
0.0629126
0.062896
0.0628793
0.0628627
0.062846
0.0628293
0.0628127
0.062796
0.0627793
0.0627626
0.0627459
0.0627292
0.0627125
0.0626958
0.0626791
0.0626624
0.0626457
0.0626289
0.0626122
0.0625955
0.0625787
0.062562
0.0625452
0.0625284
0.0625117
0.0624949
0.0624781
0.0624613
0.0624445
0.0624277
0.0624109
0.0623941
0.0623772
0.0623604
0.0623435
0.0623267
0.0623098
0.062293
0.0622761
0.0622592
0.0622423
0.0622254
0.0622085
0.0621916
0.0621746
0.0621577
0.0621407
0.0621238
0.0621068
0.0620899
0.0620729
0.0620559
0.0620389
0.0620219
0.0620049
0.0619878
0.0619708
0.0619537
0.0619367
0.0619196
0.0619025
0.0618854
0.0618683
0.0618512
0.0618341
0.061817
0.0617999
0.0617827
0.0617655
0.0617484
0.0617312
0.061714
0.0616968
0.0616796
0.0616624
0.0616451
0.0616279
0.0616106
0.0615934
0.0615761
0.0615588
0.0615415
0.0615242
0.0615068
0.0614895
0.0614722
0.0614548
0.0614374
0.06142
0.0614027
0.0613852
0.0613678
0.0613504
0.061333
0.0613155
0.061298
0.0612806
0.0612631
0.0612456
0.061228
0.0612105
0.061193
0.0611754
0.0611579
0.0611403
0.0611227
0.0611051
0.0610875
0.0610698
0.0610522
0.0610345
0.0610169
0.0609992
0.0609815
0.0609638
0.0609461
0.0609283
0.0609106
0.0608928
0.060875
0.0608573
0.0608395
0.0608216
0.0608038
0.060786
0.0607681
0.0607503
0.0607324
0.0607145
0.0606966
0.0606786
0.0606607
0.0606428
0.0606248
0.0606068
0.0605888
0.0605708
0.0605528
0.0605348
0.0605167
0.0604987
0.0604806
0.0604625
0.0604444
0.0604263
0.0604081
0.06039
0.0603718
0.0603536
0.0603355
0.0603173
0.060299
0.0602808
0.0602626
0.0602443
0.060226
0.0602077
0.0601894
0.0601711
0.0601528
0.0601344
0.0601161
0.0600977
0.0600793
0.0600609
0.0600424
0.060024
0.0600056
0.0599871
0.0599686
0.0599501
0.0599316
0.0599131
0.0598945
0.059876
0.0598574
0.0598388
0.0598202
0.0598016
0.059783
0.0597643
0.0597456
0.059727
0.0597083
0.0596896
0.0596708
0.0596521
0.0596334
0.0596146
0.0595958
0.059577
0.0595582
0.0595394
0.0595205
0.0595017
0.0594828
0.0594639
0.059445
0.0594261
0.0594071
0.0593882
0.0593692
0.0593502
0.0593312
0.0593122
0.0592932
0.0592741
0.0592551
0.059236
0.0592169
0.0591978
0.0591787
0.0591596
0.0591404
0.0591212
0.0591021
0.0590829
0.0590636
0.0590444
0.0590252
0.0590059
0.0589866
0.0589673
0.058948
0.0589287
0.0589094
0.05889
0.0588707
0.0588513
0.0588319
0.0588125
0.058793
0.0587736
0.0587541
0.0587346
0.0587152
0.0586957
0.0586761
0.0586566
0.058637
0.0586175
0.0585979
0.0585783
0.0585587
0.058539
0.0585194
0.0584997
0.0584801
0.0584604
0.0584407
0.0584209
0.0584012
0.0583814
0.0583617
0.0583419
0.0583221
0.0583023
0.0582824
0.0582626
0.0582427
0.0582229
0.058203
0.0581831
0.0581631
0.0581432
0.0581232
0.0581033
0.0580833
0.0580633
0.0580433
0.0580233
0.0580032
0.0579832
0.0579631
0.057943
0.0579229
0.0579028
0.0578826
0.0578625
0.0578423
0.0578222
0.057802
0.0577818
0.0577615
0.0577413
0.057721
0.0577008
0.0576805
0.0576602
0.0576399
0.0576196
0.0575992
0.0575789
0.0575585
0.0575381
0.0575177
0.0574973
0.0574769
0.0574564
0.057436
0.0574155
0.057395
0.0573745
0.057354
0.0573335
0.057313
0.0572924
0.0572718
0.0572512
0.0572306
0.05721
0.0571894
0.0571688
0.0571481
0.0571275
0.0571068
0.0570861
0.0570654
0.0570446
0.0570239
0.0570032
0.0569824
0.0569616
0.0569408
0.05692
0.0568992
0.0568784
0.0568575
0.0568367
0.0568158
0.0567949
0.056774
0.0567531
0.0567322
0.0567113
0.0566903
0.0566694
0.0566484
0.0566274
0.0566064
0.0565854
0.0565644
0.0565433
0.0565223
0.0565012
0.0564801
0.056459
0.056438
0.0564168
0.0563957
0.0563746
0.0563534
0.0563323
0.0563111
0.0562899
0.0562687
0.0562475
0.0562263
0.0562051
0.0561838
0.0561626
0.0561413
0.05612
0.0560988
0.0560775
0.0560562
0.0560348
0.0560135
0.0559922
0.0559708
0.0559494
0.0559281
0.0559067
0.0558853
0.0558639
0.0558425
0.0558211
0.0557996
0.0557782
0.0557567
0.0557353
0.0557138
0.0556923
0.0556708
0.0556493
0.0556278
0.0556063
0.0555847
0.0555632
0.0555416
0.0555201
0.0554985
0.0554769
0.0554553
0.0554338
0.0554121
0.0553905
0.0553689
0.0553473
0.0553257
0.055304
0.0552824
0.0552607
0.055239
0.0552173
0.0551957
0.055174
0.0551523
0.0551306
0.0551089
0.0550871
0.0550654
0.0550437
0.0550219
0.0550002
0.0549784
0.0549567
0.0549349
0.0549131
0.0548914
0.0548696
0.0548478
0.054826
0.0548042
0.0547824
0.0547606
0.0547388
0.0547169
0.0546951
0.0546733
0.0546514
0.0546296
0.0546077
0.0545859
0.054564
0.0545422
0.0545203
0.0544985
0.0544766
0.0544547
0.0544328
0.054411
0.0543891
0.0543672
0.0543453
0.0543234
0.0543015
0.0542796
0.0542577
0.0542358
0.0542139
0.054192
0.0541701
0.0541482
0.0541263
0.0541044
0.0540825
0.0540606
0.0540387
0.0540167
0.0539948
0.0539729
0.053951
0.0539291
0.0539072
0.0538853
0.0538634
0.0538414
0.0538195
0.0537976
0.0537757
0.0537538
0.0537319
0.05371
0.0536881
0.0536662
0.0536443
0.0536224
0.0536005
0.0535786
0.0535568
0.0535349
0.053513
0.0534911
0.0534693
0.0534474
0.0534255
0.0534037
0.0533818
0.05336
0.0533381
0.0533163
0.0532945
0.0532726
0.0532508
0.053229
0.0532072
0.0531854
0.0531636
0.0531418
0.05312
0.0530983
0.0530765
0.0530547
0.053033
0.0530112
0.0529895
0.0529678
0.0529461
0.0529244
0.0529027
0.052881
0.0528593
0.0528376
0.052816
0.0527943
0.0527727
0.052751
0.0527294
0.0527078
0.0526862
0.0526646
0.0526431
0.0526215
0.0526
0.0525784
0.0525569
0.0525354
0.0525139
0.0524924
0.052471
0.0524495
0.0524281
0.0524067
0.0523853
0.0523639
0.0523425
0.0523211
0.0522998
0.0522785
0.0522572
0.0522359
0.0522146
0.0521933
0.0521721
0.0521509
0.0521297
0.0521085
0.0520873
0.0520662
0.052045
0.0520239
0.0520028
0.0519818
0.0519607
0.0519397
0.0519187
0.0518977
0.0518767
0.0518558
0.0518349
0.051814
0.0517931
0.0517722
0.0517514
0.0517306
0.0517098
0.0516891
0.0516683
0.0516476
0.0516269
0.0516063
0.0515856
0.051565
0.0515445
0.0515239
0.0515034
0.0514829
0.0514624
0.051442
0.0514215
0.0514012
0.0513808
0.0513605
0.0513402
0.0513199
0.0512997
0.0512794
0.0512593
0.0512391
0.051219
0.0511989
0.0511789
0.0511588
0.0511389
0.0511189
0.051099
0.0510791
0.0510592
0.0510394
0.0510196
0.0509999
0.0509802
0.0509605
0.0509409
0.0509212
0.0509017
0.0508821
0.0508626
0.0508432
0.0508238
0.0508044
0.050785
0.0507657
0.0507465
0.0507272
0.0507081
0.0506889
0.0506698
0.0506507
0.0506317
0.0506127
0.0505938
0.0505749
0.050556
0.0505372
0.0505185
0.0504997
0.0504811
0.0504624
0.0504438
0.0504253
0.0504068
0.0503883
0.0503699
0.0503516
0.0503332
0.050315
0.0502967
0.0502786
0.0502604
0.0502424
0.0502243
0.0502064
0.0501884
0.0501705
0.0501527
0.0501349
0.0501172
0.0500995
0.0500819
0.0500643
0.0500468
0.0500293
0.0500119
0.0499945
0.0499772
0.04996
0.0499428
0.0499256
0.0499085
0.0498915
0.0498745
0.0498576
0.0498407
0.0498239
0.0498071
0.0497904
0.0497737
0.0497571
0.0497406
0.0497241
0.0497077
0.0496914
0.0496751
0.0496588
0.0496426
0.0496265
0.0496105
0.0495945
0.0495785
0.0495626
0.0495468
0.0495311
0.0495154
0.0494997
0.0494842
0.0494686
0.0494532
0.0494378
0.0494225
0.0494072
0.049392
0.0493769
0.0493619
0.0493469
0.0493319
0.0493171
0.0493023
0.0492875
0.0492728
0.0492582
0.0492437
0.0492292
0.0492148
0.0492005
0.0491862
0.049172
0.0491579
0.0491438
0.0491298
0.0491159
0.049102
0.0490882
0.0490745
0.0490608
0.0490472
0.0490337
0.0490203
0.0490069
0.0489936
0.0489803
0.0489672
0.0489541
0.048941
0.0489281
0.0489152
0.0489024
0.0488896
0.0488769
0.0488643
0.0488518
0.0488394
0.048827
0.0488147
0.0488024
0.0487902
0.0487781
0.0487661
0.0487542
0.0487423
0.0487305
0.0487187
0.0487071
0.0486955
0.048684
0.0486725
0.0486611
0.0486498
0.0486386
0.0486275
0.0486164
0.0486054
0.0485945
0.0485836
0.0485728
0.0485621
0.0485515
0.0485409
0.0485304
0.04852
0.0485096
0.0484994
0.0484892
0.048479
0.048469
0.048459
0.0484491
0.0484393
0.0484295
0.0484198
0.0484102
0.0484007
0.0483912
0.0483818
0.0483725
0.0483633
0.0483541
0.048345
0.048336
0.048327
0.0483181
0.0483093
0.0483006
0.0482919
0.0482833
0.0482748
0.0482664
0.048258
0.0482497
0.0482414
0.0482333
0.0482252
0.0482171
0.0482092
0.0482013
0.0481935
0.0481858
0.0481781
0.0481705
0.048163
0.0481555
0.0481481
0.0481408
0.0481335
0.0481263
0.0481192
0.0481122
0.0481052
0.0480983
0.0480914
0.0480846
0.0480779
0.0480713
0.0480647
0.0480582
0.0480517
0.0480454
0.048039
0.0480328
0.0480266
0.0480205
0.0480144
0.0480084
0.0480025
0.0479966
0.0479908
0.0479851
0.0479794
0.0479738
0.0479683
0.0479628
0.0479573
0.047952
0.0479467
0.0479414
0.0479362
0.0479311
0.047926
0.047921
0.0479161
0.0479112
0.0479063
0.0479015
0.0478968
0.0478922
0.0478875
0.047883
0.0478785
0.0478741
0.0478697
0.0478653
0.047861
0.0478568
0.0478526
0.0478485
0.0478445
0.0478404
0.0478365
0.0478325
0.0478287
0.0478249
0.0478211
0.0478174
0.0478137
0.0478101
0.0478065
0.047803
0.0477995
0.0477961
0.0477927
0.0477894
0.0477861
0.0477828
0.0477796
0.0477764
0.0477733
0.0477702
0.0477672
0.0477642
0.0477613
0.0477583
0.0477555
0.0477526
0.0477498
0.0477471
0.0477444
0.0477417
0.047739
0.0477364
0.0477339
0.0477313
0.0477288
0.0477264
0.0477239
0.0477215
0.0477192
0.0477169
0.0477146
0.0477123
0.04771
0.0477078
0.0477057
0.0477035
0.0477014
0.0476993
0.0476972
0.0476952
0.0476932
0.0476912
0.0476893
0.0476873
0.0476854
0.0476835
0.0476817
0.0476798
0.047678
0.0476762
0.0476744
0.0476727
0.047671
0.0476692
0.0476676
0.0476659
0.0476642
0.0476626
0.0476609
0.0476593
0.0476577
0.0476562
0.0476546
0.0476531
0.0476515
0.04765
0.0476485
0.047647
0.0476455
0.047644
0.0476425
0.0476411
0.0476396
0.0476382
0.0476367
0.0476353
0.0476339
0.0476325
0.0476311
0.0476297
0.0476283
0.0476269
0.0476255
0.0476241
0.0476227
0.0476213
0.0476199
0.0476185
0.0476171
0.0476157
0.0476143
0.0476129
0.0476115
0.0476101
0.0476087
0.0476073
0.0476059
0.0476045
0.0476031
0.0476016
0.0476002
0.0475987
0.0475973
0.0475958
0.0475943
0.0475929
0.0475914
0.0475899
0.0475884
0.0475868
0.0475853
0.0475837
0.0475822
0.0475806
0.047579
0.0475774
0.0475757
0.0475741
0.0475724
0.0475707
0.047569
0.0475673
0.0475656
0.0475638
0.0475621
0.0475603
0.0475584
0.0475566
0.0475547
0.0475528
0.0475509
0.047549
0.047547
0.047545
0.047543
0.047541
0.0475389
0.0475368
0.0475347
0.0475326
0.0475304
0.0475282
0.047526
0.0475237
0.0475214
0.0475191
0.0475167
0.0475143
0.0475119
0.0475094
0.047507
0.0475044
0.0475019
0.0474993
0.0474966
0.047494
0.0474913
0.0474885
0.0474857
0.0474829
0.0474801
0.0474772
0.0474742
0.0474712
0.0474682
0.0474652
0.0474621
0.0474589
0.0474557
0.0474525
0.0474492
0.0474459
0.0474426
0.0474392
0.0474357
0.0474322
0.0474287
0.0474251
0.0474215
0.0474178
0.047414
0.0474103
0.0474064
0.0474026
0.0473986
0.0473947
0.0473906
0.0473866
0.0473824
0.0473782
0.047374
0.0473697
0.0473654
0.047361
0.0473565
0.047352
0.0473475
0.0473429
0.0473382
0.0473335
0.0473287
0.0473239
0.047319
0.0473141
0.047309
0.047304
0.0472989
0.0472937
0.0472884
0.0472831
0.0472778
0.0472724
0.0472669
0.0472613
0.0472557
0.0472501
0.0472444
0.0472386
0.0472327
0.0472268
0.0472208
0.0472148
0.0472087
0.0472025
0.0471963
0.04719
0.0471836
0.0471772
0.0471707
0.0471641
0.0471575
0.0471508
0.0471441
0.0471372
0.0471303
0.0471234
0.0471163
0.0471092
0.0471021
0.0470948
0.0470875
0.0470801
0.0470727
0.0470652
0.0470576
0.0470499
0.0470422
0.0470344
0.0470265
0.0470185
0.0470105
0.0470024
0.0469943
0.046986
0.0469777
0.0469693
0.0469609
0.0469524
0.0469438
0.0469351
0.0469263
0.0469175
0.0469086
0.0468996
0.0468906
0.0468814
0.0468722
0.046863
0.0468536
0.0468442
0.0468347
0.0468251
0.0468154
0.0468057
0.0467959
0.046786
0.046776
0.046766
0.0467558
0.0467456
0.0467354
0.046725
0.0467146
0.046704
0.0466935
0.0466828
0.046672
0.0466612
0.0466503
0.0466393
0.0466282
0.0466171
0.0466059
0.0465945
0.0465832
0.0465717
0.0465601
0.0465485
0.0465368
0.046525
0.0465131
0.0465012
0.0464892
0.0464771
0.0464649
0.0464526
0.0464402
0.0464278
0.0464153
0.0464027
0.04639
0.0463773
0.0463644
0.0463515
0.0463385
0.0463254
0.0463122
0.046299
0.0462857
0.0462722
0.0462588
0.0462452
0.0462315
0.0462178
0.046204
0.0461901
0.0461761
0.046162
0.0461479
0.0461336
0.0461193
0.0461049
0.0460905
0.0460759
0.0460613
0.0460466
0.0460318
0.0460169
0.0460019
0.0459869
0.0459718
0.0459565
0.0459413
0.0459259
0.0459104
0.0458949
0.0458793
0.0458636
0.0458478
0.045832
0.045816
0.0458
0.0457839
0.0457677
0.0457515
0.0457352
0.0457187
0.0457022
0.0456857
0.045669
0.0456523
0.0456354
0.0456185
0.0456016
0.0455845
0.0455674
0.0455501
0.0455328
0.0455155
0.045498
0.0454805
0.0454629
0.0454452
0.0454274
0.0454096
0.0453916
0.0453736
0.0453556
0.0453374
0.0453192
0.0453009
0.0452825
0.045264
0.0452455
0.0452268
0.0452081
0.0451894
0.0451705
0.0451516
0.0451326
0.0451135
0.0450944
0.0450751
0.0450558
0.0450365
0.045017
0.0449975
0.0449779
0.0449582
0.0449385
0.0449187
0.0448988
0.0448788
0.0448588
0.0448387
0.0448185
0.0447982
0.0447779
0.0447575
0.044737
0.0447165
0.0446959
0.0446752
0.0446545
0.0446336
0.0446127
0.0445918
0.0445708
0.0445497
0.0445285
0.0445073
0.044486
0.0444646
0.0444432
0.0444216
0.0444001
0.0443784
0.0443567
0.044335
0.0443131
0.0442912
0.0442692
0.0442472
0.0442251
0.044203
0.0441807
0.0441584
0.0441361
0.0441137
0.0440912
0.0440686
0.044046
0.0440234
0.0440007
0.0439779
0.043955
0.0439321
0.0439091
0.0438861
0.043863
0.0438399
0.0438167
0.0437934
0.0437701
0.0437467
0.0437232
0.0436997
0.0436762
0.0436526
0.0436289
0.0436052
0.0435814
0.0435576
0.0435337
0.0435098
0.0434858
0.0434617
0.0434376
0.0434135
0.0433893
0.043365
0.0433407
0.0433163
0.0432919
0.0432674
0.0432429
0.0432184
0.0431937
0.0431691
0.0431444
0.0431196
0.0430948
0.0430699
0.043045
0.0430201
0.0429951
0.04297
0.042945
0.0429198
0.0428946
0.0428694
0.0428442
0.0428188
0.0427935
0.0427681
0.0427426
0.0427172
0.0426916
0.0426661
0.0426405
0.0426148
0.0425891
0.0425634
0.0425376
0.0425118
0.042486
0.0424601
0.0424342
0.0424082
0.0423822
0.0423562
0.0423301
0.042304
0.0422779
0.0422517
0.0422255
0.0421993
0.042173
0.0421467
0.0421203
0.0420939
0.0420675
0.0420411
0.0420146
0.0419881
0.0419616
0.041935
0.0419084
0.0418818
0.0418552
0.0418285
0.0418018
0.041775
0.0417483
0.0417215
0.0416947
0.0416678
0.041641
0.0416141
0.0415872
0.0415602
0.0415332
0.0415063
0.0414792
0.0414522
0.0414252
0.0413981
0.041371
0.0413438
0.0413167
0.0412895
0.0412624
0.0412351
0.0412079
0.0411807
0.0411534
0.0411261
0.0410988
0.0410715
0.0410442
0.0410169
0.0409895
0.0409621
0.0409347
0.0409073
0.0408799
0.0408525
0.040825
0.0407975
0.0407701
0.0407426
0.0407151
0.0406876
0.04066
0.0406325
0.040605
0.0405774
0.0405498
0.0405223
0.0404947
0.0404671
0.0404395
0.0404119
0.0403842
0.0403566
0.040329
0.0403014
0.0402737
0.0402461
0.0402184
0.0401907
0.0401631
0.0401354
0.0401077
0.0400801
0.0400524
0.0400247
0.039997
0.0399693
0.0399417
0.039914
0.0398863
0.0398586
0.0398309
0.0398032
0.0397755
0.0397478
0.0397201
0.0396924
0.0396648
0.0396371
0.0396094
0.0395817
0.039554
0.0395264
0.0394987
0.039471
0.0394434
0.0394157
0.0393881
0.0393604
0.0393328
0.0393052
0.0392776
0.0392499
0.0392223
0.0391947
0.0391671
0.0391395
0.039112
0.0390844
0.0390568
0.0390293
0.0390017
0.0389742
0.0389467
0.0389192
0.0388917
0.0388642
0.0388367
0.0388093
0.0387818
0.0387544
0.0387269
0.0386995
0.0386721
0.0386447
0.0386174
0.03859
0.0385627
0.0385353
0.038508
0.0384807
0.0384534
0.0384262
0.0383989
0.0383717
0.0383444
0.0383172
0.0382901
0.0382629
0.0382357
0.0382086
0.0381815
0.0381544
0.0381273
0.0381003
0.0380732
0.0380462
0.0380192
0.0379922
0.0379653
0.0379383
0.0379114
0.0378845
0.0378576
0.0378308
0.0378039
0.0377771
0.0377503
0.0377236
0.0376968
0.0376701
0.0376434
0.0376167
0.0375901
0.0375634
0.0375368
0.0375103
0.0374837
0.0374572
0.0374307
0.0374042
0.0373777
0.0373513
0.0373249
0.0372985
0.0372722
0.0372458
0.0372195
0.0371933
0.037167
0.0371408
0.0371146
0.0370884
0.0370623
0.0370362
0.0370101
0.036984
0.036958
0.036932
0.036906
0.0368801
0.0368542
0.0368283
0.0368025
0.0367766
0.0367508
0.0367251
0.0366993
0.0366736
0.036648
0.0366223
0.0365967
0.0365711
0.0365456
0.0365201
0.0364946
0.0364691
0.0364437
0.0364183
0.0363929
0.0363676
0.0363423
0.036317
0.0362918
0.0362666
0.0362414
0.0362163
0.0361912
0.0361661
0.0361411
0.0361161
0.0360911
0.0360662
0.0360413
0.0360164
0.0359916
0.0359668
0.035942
0.0359173
0.0358926
0.0358679
0.0358433
0.0358187
0.0357942
0.0357696
0.0357452
0.0357207
0.0356963
0.0356719
0.0356476
0.0356233
0.035599
0.0355747
0.0355505
0.0355264
0.0355022
0.0354781
0.0354541
0.0354301
0.0354061
0.0353821
0.0353582
0.0353343
0.0353105
0.0352867
0.0352629
0.0352392
0.0352155
0.0351919
0.0351683
0.0351447
0.0351211
0.0350976
0.0350742
0.0350507
0.0350273
0.035004
0.0349807
0.0349574
0.0349341
0.0349109
0.0348878
0.0348647
0.0348416
0.0348185
0.0347955
0.0347725
0.0347496
0.0347267
0.0347038
0.034681
0.0346582
0.0346355
0.0346128
0.0345901
0.0345675
0.0345449
0.0345224
0.0344998
0.0344774
0.0344549
0.0344325
0.0344102
0.0343879
0.0343656
0.0343434
0.0343212
0.034299
0.0342769
0.0342548
0.0342327
0.0342107
0.0341888
0.0341669
0.034145
0.0341231
0.0341013
0.0340795
0.0340578
0.0340361
0.0340145
0.0339929
0.0339713
0.0339498
0.0339283
0.0339068
0.0338854
0.033864
0.0338427
0.0338214
0.0338001
0.0337789
0.0337578
0.0337366
0.0337155
0.0336945
0.0336734
0.0336525
0.0336315
0.0336106
0.0335898
0.0335689
0.0335482
0.0335274
0.0335067
0.0334861
0.0334654
0.0334448
0.0334243
0.0334038
0.0333833
0.0333629
0.0333425
0.0333222
0.0333019
0.0332816
0.0332614
0.0332412
0.033221
0.0332009
0.0331808
0.0331608
0.0331408
0.0331209
0.033101
0.0330811
0.0330612
0.0330414
0.0330217
0.033002
0.0329823
0.0329626
0.032943
0.0329235
0.032904
0.0328845
0.032865
0.0328456
0.0328263
0.0328069
0.0327876
0.0327684
0.0327492
0.03273
0.0327109
0.0326918
0.0326727
0.0326537
0.0326347
0.0326158
0.0325969
0.032578
0.0325592
0.0325404
0.0325217
0.0325029
0.0324843
0.0324656
0.032447
0.0324285
0.03241
0.0323915
0.032373
0.0323546
0.0323363
0.0323179
0.0322997
0.0322814
0.0322632
0.032245
0.0322269
0.0322088
0.0321907
0.0321727
0.0321547
0.0321367
0.0321188
0.032101
0.0320831
0.0320653
0.0320475
0.0320298
0.0320121
0.0319945
0.0319769
0.0319593
0.0319417
0.0319242
0.0319068
0.0318893
0.031872
0.0318546
0.0318373
0.03182
0.0318027
0.0317855
0.0317684
0.0317512
0.0317341
0.0317171
0.0317
0.031683
0.0316661
0.0316492
0.0316323
0.0316154
0.0315986
0.0315819
0.0315651
0.0315484
0.0315317
0.0315151
0.0314985
0.031482
0.0314654
0.0314489
0.0314325
0.0314161
0.0313997
0.0313833
0.031367
0.0313507
0.0313345
0.0313183
0.0313021
0.031286
0.0312699
0.0312538
0.0312378
0.0312218
0.0312058
0.0311899
0.031174
0.0311581
0.0311423
0.0311265
0.0311108
0.031095
0.0310793
0.0310637
0.0310481
0.0310325
0.0310169
0.0310014
0.0309859
0.0309705
0.030955
0.0309397
0.0309243
0.030909
0.0308937
0.0308784
0.0308632
0.030848
0.0308329
0.0308178
0.0308027
0.0307876
0.0307726
0.0307576
0.0307427
0.0307277
0.0307129
0.030698
0.0306832
0.0306684
0.0306536
0.0306389
0.0306242
0.0306095
0.0305949
0.0305803
0.0305657
0.0305512
0.0305367
0.0305222
0.0305078
0.0304934
0.030479
0.0304647
0.0304503
0.0304361
0.0304218
0.0304076
0.0303934
0.0303792
0.0303651
0.030351
0.030337
0.0303229
0.0303089
0.0302949
0.030281
0.0302671
0.0302532
0.0302394
0.0302255
0.0302118
0.030198
0.0301843
0.0301706
0.0301569
0.0301433
0.0301297
0.0301161
0.0301025
0.030089
0.0300755
0.0300621
0.0300486
0.0300352
0.0300219
0.0300085
0.0299952
0.0299819
0.0299687
0.0299554
0.0299422
0.0299291
0.0299159
0.0299028
0.0298897
0.0298767
0.0298637
0.0298507
0.0298377
0.0298248
0.0298119
0.029799
0.0297861
0.0297733
0.0297605
0.0297477
0.029735
0.0297223
0.0297096
0.0296969
0.0296843
0.0296717
0.0296591
0.0296466
0.0296341
0.0296216
0.0296091
0.0295967
0.0295843
0.0295719
0.0295595
0.0295472
0.0295349
0.0295226
0.0295104
0.0294981
0.029486
0.0294738
0.0294616
0.0294495
0.0294374
0.0294254
0.0294133
0.0294013
0.0293893
0.0293774
0.0293655
0.0293536
0.0293417
0.0293298
0.029318
0.0293062
0.0292944
0.0292827
0.0292709
0.0292592
0.0292476
0.0292359
0.0292243
0.0292127
0.0292011
0.0291896
0.029178
0.0291666
0.0291551
0.0291436
0.0291322
0.0291208
0.0291094
0.0290981
0.0290868
0.0290755
0.0290642
0.0290529
0.0290417
0.0290305
0.0290193
0.0290082
0.028997
0.0289859
0.0289749
0.0289638
0.0289528
0.0289418
0.0289308
0.0289198
0.0289089
0.0288979
0.0288871
0.0288762
0.0288653
0.0288545
0.0288437
0.0288329
0.0288222
0.0288115
0.0288008
0.0287901
0.0287794
0.0287688
0.0287582
0.0287476
0.028737
0.0287264
0.0287159
0.0287054
0.0286949
0.0286845
0.0286741
0.0286636
0.0286532
0.0286429
0.0286325
0.0286222
0.0286119
0.0286016
0.0285914
0.0285811
0.0285709
0.0285607
0.0285506
0.0285404
0.0285303
0.0285202
0.0285101
0.0285
0.02849
0.02848
0.02847
0.02846
0.02845
0.0284401
0.0284302
0.0284203
0.0284104
0.0284006
0.0283907
0.0283809
0.0283711
0.0283614
0.0283516
0.0283419
0.0283322
0.0283225
0.0283128
0.0283032
0.0282935
0.0282839
0.0282743
0.0282648
0.0282552
0.0282457
0.0282362
0.0282267
0.0282173
0.0282078
0.0281984
0.028189
0.0281796
0.0281702
0.0281609
0.0281515
0.0281422
0.0281329
0.0281237
0.0281144
0.0281052
0.028096
0.0280868
0.0280776
0.0280684
0.0280593
0.0280502
0.0280411
0.028032
0.0280229
0.0280139
0.0280049
0.0279959
0.0279869
0.0279779
0.027969
0.02796
0.0279511
0.0279422
0.0279334
0.0279245
0.0279157
0.0279068
0.027898
0.0278893
0.0278805
0.0278717
0.027863
0.0278543
0.0278456
0.0278369
0.0278283
0.0278196
0.027811
0.0278024
0.0277938
0.0277852
0.0277767
0.0277681
0.0277596
0.0277511
0.0277426
0.0277342
0.0277257
0.0277173
0.0277089
0.0277005
0.0276921
0.0276837
0.0276754
0.027667
0.0276587
0.0276504
0.0276421
0.0276339
0.0276256
0.0276174
0.0276092
0.027601
0.0275928
0.0275846
0.0275765
0.0275683
0.0275602
0.0275521
0.027544
0.027536
0.0275279
0.0275199
0.0275119
0.0275039
0.0274959
0.0274879
0.02748
0.027472
0.0274641
0.0274562
0.0274483
0.0274404
0.0274325
0.0274247
0.0274169
0.0274091
0.0274013
0.0273935
0.0273857
0.027378
0.0273702
0.0273625
0.0273548
0.0273471
0.0273394
0.0273318
0.0273241
0.0273165
0.0273089
0.0273013
0.0272937
0.0272861
0.0272786
0.027271
0.0272635
0.027256
0.0272485
0.027241
0.0272335
0.0272261
0.0272186
0.0272112
0.0272038
0.0271964
0.027189
0.0271817
0.0271743
0.027167
0.0271596
0.0271523
0.027145
0.0271378
0.0271305
0.0271232
0.027116
0.0271088
0.0271016
0.0270944
0.0270872
0.02708
0.0270728
0.0270657
0.0270586
0.0270515
0.0270444
0.0270373
0.0270302
0.0270231
0.0270161
0.0270091
0.027002
0.026995
0.026988
0.0269811
0.0269741
0.0269671
0.0269602
0.0269533
0.0269464
0.0269395
0.0269326
0.0269257
0.0269188
0.026912
0.0269052
0.0268983
0.0268915
0.0268847
0.0268779
0.0268712
0.0268644
0.0268577
0.0268509
0.0268442
0.0268375
0.0268308
0.0268241
0.0268175
0.0268108
0.0268042
0.0267975
0.0267909
0.0267843
0.0267777
0.0267711
0.0267646
0.026758
0.0267515
0.0267449
0.0267384
0.0267319
0.0267254
0.0267189
0.0267124
0.026706
0.0266995
0.0266931
0.0266867
0.0266802
0.0266738
0.0266675
0.0266611
0.0266547
0.0266484
0.026642
0.0266357
0.0266294
0.0266231
0.0266168
0.0266105
0.0266042
0.0265979
0.0265917
0.0265855
0.0265792
0.026573
0.0265668
0.0265606
0.0265544
0.0265483
0.0265421
0.026536
0.0265298
0.0265237
0.0265176
0.0265115
0.0265054
0.0264993
0.0264932
0.0264872
0.0264811
0.0264751
0.0264691
0.0264631
0.0264571
0.0264511
0.0264451
0.0264391
0.0264331
0.0264272
0.0264213
0.0264153
0.0264094
0.0264035
0.0263976
0.0263917
0.0263858
0.02638
0.0263741
0.0263683
0.0263624
0.0263566
0.0263508
0.026345
0.0263392
0.0263334
0.0263277
0.0263219
0.0263161
0.0263104
0.0263047
0.0262989
0.0262932
0.0262875
0.0262818
0.0262762
0.0262705
0.0262648
0.0262592
0.0262535
0.0262479
0.0262423
0.0262367
0.0262311
0.0262255
0.0262199
0.0262143
0.0262088
0.0262032
0.0261977
0.0261921
0.0261866
0.0261811
0.0261756
0.0261701
0.0261646
0.0261592
0.0261537
0.0261482
0.0261428
0.0261373
0.0261319
0.0261265
0.0261211
0.0261157
0.0261103
0.0261049
0.0260996
0.0260942
0.0260888
0.0260835
0.0260782
0.0260728
0.0260675
0.0260622
0.0260569
0.0260516
0.0260463
0.0260411
0.0260358
0.0260306
0.0260253
0.0260201
0.0260149
0.0260096
0.0260044
0.0259992
0.025994
0.0259889
0.0259837
0.0259785
0.0259734
0.0259682
0.0259631
0.025958
0.0259528
0.0259477
0.0259426
0.0259375
0.0259324
0.0259274
0.0259223
0.0259172
0.0259122
0.0259071
0.0259021
0.0258971
0.0258921
0.0258871
0.0258821
0.0258771
0.0258721
0.0258671
0.0258621
0.0258572
0.0258522
0.0258473
0.0258424
0.0258374
0.0258325
0.0258276
0.0258227
0.0258178
0.0258129
0.025808
0.0258032
0.0257983
0.0257935
0.0257886
0.0257838
0.025779
0.0257741
0.0257693
0.0257645
0.0257597
0.0257549
0.0257502
0.0257454
0.0257406
0.0257359
0.0257311
0.0257264
0.0257216
0.0257169
0.0257122
0.0257075
0.0257028
0.0256981
0.0256934
0.0256887
0.025684
0.0256794
0.0256747
0.0256701
0.0256654
0.0256608
0.0256562
0.0256516
0.0256469
0.0256423
0.0256377
0.0256331
0.0256286
0.025624
0.0256194
0.0256149
0.0256103
0.0256058
0.0256012
0.0255967
0.0255922
0.0255877
0.0255832
0.0255787
0.0255742
0.0255697
0.0255652
0.0255607
0.0255563
0.0255518
0.0255473
0.0255429
0.0255385
0.025534
0.0255296
0.0255252
0.0255208
0.0255164
0.025512
0.0255076
0.0255032
0.0254989
0.0254945
0.0254901
0.0254858
0.0254814
0.0254771
0.0254728
0.0254684
0.0254641
0.0254598
0.0254555
0.0254512
0.0254469
0.0254426
0.0254383
0.0254341
0.0254298
0.0254255
0.0254213
0.0254171
0.0254128
0.0254086
0.0254044
0.0254001
0.0253959
0.0253917
0.0253875
0.0253833
0.0253792
0.025375
0.0253708
0.0253666
0.0253625
0.0253583
0.0253542
0.02535
0.0253459
0.0253418
0.0253377
0.0253335
0.0253294
0.0253253
0.0253212
0.0253172
0.0253131
0.025309
0.0253049
0.0253009
0.0252968
0.0252928
0.0252887
0.0252847
0.0252806
0.0252766
0.0252726
0.0252686
0.0252646
0.0252606
0.0252566
0.0252526
0.0252486
0.0252446
0.0252407
0.0252367
0.0252327
0.0252288
0.0252248
0.0252209
0.0252169
0.025213
0.0252091
0.0252052
0.0252013
0.0251974
0.0251935
0.0251896
0.0251857
0.0251818
0.0251779
0.0251741
0.0251702
0.0251663
0.0251625
0.0251586
0.0251548
0.025151
0.0251471
0.0251433
0.0251395
0.0251357
0.0251319
0.0251281
0.0251243
0.0251205
0.0251167
0.0251129
0.0251091
0.0251054
0.0251016
0.0250979
0.0250941
0.0250904
0.0250866
0.0250829
0.0250792
0.0250754
0.0250717
0.025068
0.0250643
0.0250606
0.0250569
0.0250532
0.0250495
0.0250459
0.0250422
0.0250385
0.0250349
0.0250312
0.0250276
0.0250239
0.0250203
0.0250166
0.025013
0.0250094
0.0250058
0.0250021
0.0249985
0.0249949
0.0249913
0.0249877
0.0249842
0.0249806
0.024977
0.0249734
0.0249699
0.0249663
0.0249627
0.0249592
0.0249556
0.0249521
0.0249486
0.024945
0.0249415
0.024938
0.0249345
0.024931
0.0249275
0.024924
0.0249205
0.024917
0.0249135
0.02491
0.0249065
0.0249031
0.0248996
0.0248961
0.0248927
0.0248892
0.0248858
0.0248824
0.0248789
0.0248755
0.0248721
0.0248686
0.0248652
0.0248618
0.0248584
0.024855
0.0248516
0.0248482
0.0248448
0.0248415
0.0248381
0.0248347
0.0248313
0.024828
0.0248246
0.0248213
0.0248179
0.0248146
0.0248112
0.0248079
0.0248046
0.0248013
0.0247979
0.0247946
0.0247913
0.024788
0.0247847
0.0247814
0.0247781
0.0247748
0.0247716
0.0247683
0.024765
0.0247617
0.0247585
0.0247552
0.024752
0.0247487
0.0247455
0.0247422
0.024739
0.0247358
0.0247325
0.0247293
0.0247261
0.0247229
0.0247197
0.0247165
0.0247133
0.0247101
0.0247069
0.0247037
0.0247005
0.0246973
0.0246942
0.024691
0.0246878
0.0246847
0.0246815
0.0246784
0.0246752
0.0246721
0.0246689
0.0246658
0.0246627
0.0246595
0.0246564
0.0246533
0.0246502
0.0246471
0.024644
0.0246409
0.0246378
0.0246347
0.0246316
0.0246285
0.0246254
0.0246224
0.0246193
0.0246162
0.0246132
0.0246101
0.0246071
0.024604
0.024601
0.0245979
0.0245949
0.0245919
0.0245888
0.0245858
0.0245828
0.0245798
0.0245768
0.0245737
0.0245707
0.0245677
0.0245647
0.0245618
0.0245588
0.0245558
0.0245528
0.0245498
0.0245469
0.0245439
0.0245409
0.024538
0.024535
0.0245321
0.0245291
0.0245262
0.0245232
0.0245203
0.0245174
0.0245144
0.0245115
0.0245086
0.0245057
0.0245028
0.0244999
0.024497
0.0244941
0.0244912
0.0244883
0.0244854
0.0244825
0.0244796
0.0244767
0.0244739
0.024471
0.0244681
0.0244653
0.0244624
0.0244596
0.0244567
0.0244539
0.024451
0.0244482
0.0244453
0.0244425
0.0244397
0.0244369
0.024434
0.0244312
0.0244284
0.0244256
0.0244228
0.02442
0.0244172
0.0244144
0.0244116
0.0244088
0.0244061
0.0244033
0.0244005
0.0243977
0.024395
0.0243922
0.0243894
0.0243867
0.0243839
0.0243812
0.0243784
0.0243757
0.0243729
0.0243702
0.0243675
0.0243648
0.024362
0.0243593
0.0243566
0.0243539
0.0243512
0.0243485
0.0243458
0.0243431
0.0243404
0.0243377
0.024335
0.0243323
0.0243296
0.0243269
0.0243243
0.0243216
0.0243189
0.0243162
0.0243136
0.0243109
0.0243083
0.0243056
0.024303
0.0243003
0.0242977
0.0242951
0.0242924
0.0242898
0.0242872
0.0242845
0.0242819
0.0242793
0.0242767
0.0242741
0.0242715
0.0242689
0.0242663
0.0242637
0.0242611
0.0242585
0.0242559
0.0242533
0.0242507
0.0242482
0.0242456
0.024243
0.0242404
0.0242379
0.0242353
0.0242328
0.0242302
0.0242277
0.0242251
0.0242226
0.02422
0.0242175
0.024215
0.0242124
0.0242099
0.0242074
0.0242048
0.0242023
0.0241998
0.0241973
0.0241948
0.0241923
0.0241898
0.0241873
0.0241848
0.0241823
0.0241798
0.0241773
0.0241748
0.0241724
0.0241699
0.0241674
0.0241649
0.0241625
0.02416
0.0241575
0.0241551
0.0241526
0.0241502
0.0241477
0.0241453
0.0241428
0.0241404
0.024138
0.0241355
0.0241331
0.0241307
0.0241282
0.0241258
0.0241234
0.024121
0.0241186
0.0241162
0.0241138
0.0241113
0.0241089
0.0241066
0.0241042
0.0241018
0.0240994
0.024097
0.0240946
0.0240922
0.0240899
0.0240875
0.0240851
0.0240827
0.0240804
0.024078
0.0240757
0.0240733
0.0240709
0.0240686
0.0240662
0.0240639
0.0240616
0.0240592
0.0240569
0.0240545
0.0240522
0.0240499
0.0240476
0.0240452
0.0240429
0.0240406
0.0240383
0.024036
0.0240337
0.0240314
0.0240291
0.0240268
0.0240245
0.0240222
0.0240199
0.0240176
0.0240153
0.024013
0.0240108
0.0240085
0.0240062
0.0240039
0.0240017
0.0239994
0.0239971
0.0239949
0.0239926
0.0239904
0.0239881
0.0239859
0.0239836
0.0239814
0.0239791
0.0239769
0.0239747
0.0239724
0.0239702
0.023968
0.0239658
0.0239635
0.0239613
0.0239591
0.0239569
0.0239547
0.0239525
0.0239503
0.0239481
0.0239459
0.0239437
0.0239415
0.0239393
0.0239371
0.0239349
0.0239327
0.0239305
0.0239284
0.0239262
0.023924
0.0239218
0.0239197
0.0239175
0.0239153
0.0239132
0.023911
0.0239089
0.0239067
0.0239046
0.0239024
0.0239003
0.0238981
0.023896
0.0238938
0.0238917
0.0238896
0.0238875
0.0238853
0.0238832
0.0238811
0.023879
0.0238768
0.0238747
0.0238726
0.0238705
0.0238684
0.0238663
0.0238642
0.0238621
0.02386
0.0238579
0.0238558
0.0238537
0.0238516
0.0238495
0.0238475
0.0238454
0.0238433
0.0238412
0.0238392
0.0238371
0.023835
0.023833
0.0238309
0.0238288
0.0238268
0.0238247
0.0238227
0.0238206
0.0238186
0.0238165
0.0238145
0.0238124
0.0238104
0.0238084
0.0238063
0.0238043
0.0238023
0.0238003
0.0237982
0.0237962
0.0237942
0.0237922
0.0237902
0.0237881
0.0237861
0.0237841
0.0237821
0.0237801
0.0237781
0.0237761
0.0237741
0.0237721
0.0237701
0.0237682
0.0237662
0.0237642
0.0237622
0.0237602
0.0237582
0.0237563
0.0237543
0.0237523
0.0237504
0.0237484
0.0237464
0.0237445
0.0237425
0.0237406
0.0237386
0.0237366
0.0237347
0.0237327
0.0237308
0.0237289
0.0237269
0.023725
0.023723
0.0237211
0.0237192
0.0237173
0.0237153
0.0237134
0.0237115
0.0237096
0.0237076
0.0237057
0.0237038
0.0237019
0.0237
0.0236981
0.0236962
0.0236943
0.0236924
0.0236905
0.0236886
0.0236867
0.0236848
0.0236829
0.023681
0.0236791
0.0236772
0.0236754
0.0236735
0.0236716
0.0236697
0.0236679
0.023666
0.0236641
0.0236623
0.0236604
0.0236585
0.0236567
0.0236548
0.023653
0.0236511
0.0236493
0.0236474
0.0236456
0.0236437
0.0236419
0.02364
0.0236382
0.0236364
0.0236345
0.0236327
0.0236309
0.023629
0.0236272
0.0236254
0.0236236
0.0236217
0.0236199
0.0236181
0.0236163
0.0236145
0.0236127
0.0236109
0.0236091
0.0236073
0.0236054
0.0236036
0.0236019
0.0236001
0.0235983
0.0235965
0.0235947
0.0235929
0.0235911
0.0235893
0.0235875
0.0235858
0.023584
0.0235822
0.0235804
0.0235787
0.0235769
0.0235751
0.0235734
0.0235716
0.0235698
0.0235681
0.0235663
0.0235646
0.0235628
0.0235611
0.0235593
0.0235576
0.0235558
0.0235541
0.0235523
0.0235506
0.0235489
0.0235471
0.0235454
0.0235437
0.0235419
0.0235402
0.0235385
0.0235368
0.023535
0.0235333
0.0235316
0.0235299
0.0235282
0.0235264
0.0235247
0.023523
0.0235213
0.0235196
0.0235179
0.0235162
0.0235145
0.0235128
0.0235111
0.0235094
0.0235077
0.023506
0.0235044
0.0235027
0.023501
0.0234993
0.0234976
0.0234959
0.0234943
0.0234926
0.0234909
0.0234892
0.0234876
0.0234859
0.0234842
0.0234826
0.0234809
0.0234793
0.0234776
0.0234759
0.0234743
0.0234726
0.023471
0.0234693
0.0234677
0.023466
0.0234644
0.0234627
0.0234611
0.0234595
0.0234578
0.0234562
0.0234546
0.0234529
0.0234513
0.0234497
0.023448
0.0234464
0.0234448
0.0234432
0.0234416
0.0234399
0.0234383
0.0234367
0.0234351
0.0234335
0.0234319
0.0234303
0.0234287
0.0234271
0.0234255
0.0234239
0.0234223
0.0234207
0.0234191
0.0234175
0.0234159
0.0234143
0.0234127
0.0234111
0.0234095
0.023408
0.0234064
0.0234048
0.0234032
0.0234017
0.0234001
0.0233985
0.0233969
0.0233954
0.0233938
0.0233922
0.0233907
0.0233891
0.0233875
0.023386
0.0233844
0.0233829
0.0233813
0.0233798
0.0233782
0.0233767
0.0233751
0.0233736
0.023372
0.0233705
0.023369
0.0233674
0.0233659
0.0233643
0.0233628
0.0233613
0.0233597
0.0233582
0.0233567
0.0233552
0.0233536
0.0233521
0.0233506
0.0233491
0.0233476
0.023346
0.0233445
0.023343
0.0233415
0.02334
0.0233385
0.023337
0.0233355
0.023334
0.0233325
0.023331
0.0233295
0.023328
0.0233265
0.023325
0.0233235
0.023322
0.0233205
0.023319
0.0233176
0.0233161
0.0233146
0.0233131
0.0233116
0.0233102
0.0233087
0.0233072
0.0233057
0.0233043
0.0233028
0.0233013
0.0232999
0.0232984
0.0232969
0.0232955
0.023294
0.0232926
0.0232911
0.0232896
0.0232882
0.0232867
0.0232853
0.0232838
0.0232824
0.0232809
0.0232795
0.0232781
0.0232766
0.0232752
0.0232737
0.0232723
0.0232709
0.0232694
0.023268
0.0232666
0.0232651
0.0232637
0.0232623
0.0232609
0.0232594
0.023258
0.0232566
0.0232552
0.0232537
0.0232523
0.0232509
0.0232495
0.0232481
0.0232467
0.0232453
0.0232439
0.0232425
0.0232411
0.0232397
0.0232383
0.0232369
0.0232355
0.0232341
0.0232327
0.0232313
0.0232299
0.0232285
0.0232271
0.0232257
0.0232243
0.0232229
0.0232216
0.0232202
0.0232188
0.0232174
0.023216
0.0232147
0.0232133
0.0232119
0.0232105
0.0232092
0.0232078
0.0232064
0.0232051
0.0232037
0.0232023
0.023201
0.0231996
0.0231982
0.0231969
0.0231955
0.0231942
0.0231928
0.0231915
0.0231901
0.0231888
0.0231874
0.0231861
0.0231847
0.0231834
0.023182
0.0231807
0.0231794
0.023178
0.0231767
0.0231754
0.023174
0.0231727
0.0231714
0.02317
0.0231687
0.0231674
0.023166
0.0231647
0.0231634
0.0231621
0.0231607
0.0231594
0.0231581
0.0231568
0.0231555
0.0231542
0.0231529
0.0231515
0.0231502
0.0231489
0.0231476
0.0231463
0.023145
0.0231437
0.0231424
0.0231411
0.0231398
0.0231385
0.0231372
0.0231359
0.0231346
0.0231333
0.023132
0.0231307
0.0231295
0.0231282
0.0231269
0.0231256
0.0231243
0.023123
0.0231218
0.0231205
0.0231192
0.0231179
0.0231166
0.0231154
0.0231141
0.0231128
0.0231116
0.0231103
0.023109
0.0231078
0.0231065
0.0231052
0.023104
0.0231027
0.0231014
0.0231002
0.0230989
0.0230977
0.0230964
0.0230952
0.0230939
0.0230927
0.0230914
0.0230902
0.0230889
0.0230877
0.0230864
0.0230852
0.0230839
0.0230827
0.0230815
0.0230802
0.023079
0.0230777
0.0230765
0.0230753
0.023074
0.0230728
0.0230716
0.0230704
0.0230691
0.0230679
0.0230667
0.0230655
0.0230642
0.023063
0.0230618
0.0230606
0.0230594
0.0230581
0.0230569
0.0230557
0.0230545
0.0230533
0.0230521
0.0230509
0.0230497
0.0230485
0.0230473
0.023046
0.0230448
0.0230436
0.0230424
0.0230412
0.02304
0.0230388
0.0230377
0.0230365
0.0230353
0.0230341
0.0230329
0.0230317
0.0230305
0.0230293
0.0230281
0.0230269
0.0230258
0.0230246
0.0230234
0.0230222
0.023021
0.0230199
0.0230187
0.0230175
0.0230163
0.0230152
0.023014
0.0230128
0.0230117
0.0230105
0.0230093
0.0230082
0.023007
0.0230058
0.0230047
0.0230035
0.0230023
0.0230012
0.023
0.0229989
0.0229977
0.0229966
0.0229954
0.0229943
0.0229931
0.022992
0.0229908
0.0229897
0.0229885
0.0229874
0.0229862
0.0229851
0.0229839
0.0229828
0.0229817
0.0229805
0.0229794
0.0229782
0.0229771
0.022976
0.0229748
0.0229737
0.0229726
0.0229715
0.0229703
0.0229692
0.0229681
0.0229669
0.0229658
0.0229647
0.0229636
0.0229625
0.0229613
0.0229602
0.0229591
0.022958
0.0229569
0.0229558
0.0229546
0.0229535
0.0229524
0.0229513
0.0229502
0.0229491
0.022948
0.0229469
0.0229458
0.0229447
0.0229436
0.0229425
0.0229414
0.0229403
0.0229392
0.0229381
0.022937
0.0229359
0.0229348
0.0229337
0.0229326
0.0229315
0.0229304
0.0229294
0.0229283
0.0229272
0.0229261
0.022925
0.0229239
0.0229228
0.0229218
0.0229207
0.0229196
0.0229185
0.0229175
0.0229164
0.0229153
0.0229142
0.0229132
0.0229121
0.022911
0.02291
0.0229089
0.0229078
0.0229068
0.0229057
0.0229046
0.0229036
0.0229025
0.0229014
0.0229004
0.0228993
0.0228983
0.0228972
0.0228962
0.0228951
0.022894
0.022893
0.0228919
0.0228909
0.0228898
0.0228888
0.0228877
0.0228867
0.0228857
0.0228846
0.0228836
0.0228825
0.0228815
0.0228804
0.0228794
0.0228784
0.0228773
0.0228763
0.0228753
0.0228742
0.0228732
0.0228722
0.0228711
0.0228701
0.0228691
0.022868
0.022867
0.022866
0.022865
0.0228639
0.0228629
0.0228619
0.0228609
0.0228599
0.0228588
0.0228578
0.0228568
0.0228558
0.0228548
0.0228538
0.0228527
0.0228517
0.0228507
0.0228497
0.0228487
0.0228477
0.0228467
0.0228457
0.0228447
0.0228437
0.0228427
0.0228417
0.0228407
0.0228397
0.0228387
0.0228377
0.0228367
0.0228357
0.0228347
0.0228337
0.0228327
0.0228317
0.0228307
0.0228297
0.0228287
0.0228277
0.0228267
0.0228257
0.0228248
0.0228238
0.0228228
0.0228218
0.0228208
0.0228198
0.0228189
0.0228179
0.0228169
0.0228159
0.0228149
0.022814
0.022813
0.022812
0.0228111
0.0228101
0.0228091
0.0228081
0.0228072
0.0228062
0.0228052
0.0228043
0.0228033
0.0228023
0.0228014
0.0228004
0.0227994
0.0227985
0.0227975
0.0227966
0.0227956
0.0227946
0.0227937
0.0227927
0.0227918
0.0227908
0.0227899
0.0227889
0.022788
0.022787
0.0227861
0.0227851
0.0227842
0.0227832
0.0227823
0.0227813
0.0227804
0.0227794
0.0227785
0.0227776
0.0227766
0.0227757
0.0227747
0.0227738
0.0227729
0.0227719
0.022771
0.0227701
0.0227691
0.0227682
0.0227673
0.0227663
0.0227654
0.0227645
0.0227636
0.0227626
0.0227617
0.0227608
0.0227598
0.0227589
0.022758
0.0227571
0.0227562
0.0227552
0.0227543
0.0227534
0.0227525
0.0227516
0.0227507
0.0227497
0.0227488
0.0227479
0.022747
0.0227461
0.0227452
0.0227443
0.0227434
0.0227424
0.0227415
0.0227406
0.0227397
0.0227388
0.0227379
0.022737
0.0227361
0.0227352
0.0227343
0.0227334
0.0227325
0.0227316
0.0227307
0.0227298
0.0227289
0.022728
0.0227271
0.0227263
0.0227254
0.0227245
0.0227236
0.0227227
0.0227218
0.0227209
0.02272
0.0227191
0.0227183
0.0227174
0.0227165
0.0227156
0.0227147
0.0227138
0.022713
0.0227121
0.0227112
0.0227103
0.0227094
0.0227086
0.0227077
0.0227068
0.0227059
0.0227051
0.0227042
0.0227033
0.0227025
0.0227016
0.0227007
0.0226999
0.022699
0.0226981
0.0226973
0.0226964
0.0226955
0.0226947
0.0226938
0.0226929
0.0226921
0.0226912
0.0226904
0.0226895
0.0226886
0.0226878
0.0226869
0.0226861
0.0226852
0.0226844
0.0226835
0.0226827
0.0226818
0.022681
0.0226801
0.0226793
0.0226784
0.0226776
0.0226767
0.0226759
0.022675
0.0226742
0.0226733
0.0226725
0.0226717
0.0226708
0.02267
0.0226691
0.0226683
0.0226675
0.0226666
0.0226658
0.0226649
0.0226641
0.0226633
0.0226624
0.0226616
0.0226608
0.02266
0.0226591
0.0226583
0.0226575
0.0226566
0.0226558
0.022655
0.0226542
0.0226533
0.0226525
0.0226517
0.0226509
0.02265
0.0226492
0.0226484
0.0226476
0.0226468
0.0226459
0.0226451
0.0226443
0.0226435
0.0226427
0.0226419
0.0226411
0.0226402
0.0226394
0.0226386
0.0226378
0.022637
0.0226362
0.0226354
0.0226346
0.0226338
0.022633
0.0226322
0.0226313
0.0226305
0.0226297
0.0226289
0.0226281
0.0226273
0.0226265
0.0226257
0.0226249
0.0226241
0.0226233
0.0226225
0.0226218
0.022621
0.0226202
0.0226194
0.0226186
0.0226178
0.022617
0.0226162
0.0226154
0.0226146
0.0226138
0.022613
0.0226123
0.0226115
0.0226107
0.0226099
0.0226091
0.0226083
0.0226076
0.0226068
0.022606
0.0226052
0.0226044
0.0226037
0.0226029
0.0226021
0.0226013
0.0226005
0.0225998
0.022599
0.0225982
0.0225974
0.0225967
0.0225959
0.0225951
0.0225944
0.0225936
0.0225928
0.0225921
0.0225913
0.0225905
0.0225898
0.022589
0.0225882
0.0225875
0.0225867
0.0225859
0.0225852
0.0225844
0.0225836
0.0225829
0.0225821
0.0225814
0.0225806
0.0225799
0.0225791
0.0225783
0.0225776
0.0225768
0.0225761
0.0225753
0.0225746
0.0225738
0.0225731
0.0225723
0.0225716
0.0225708
0.0225701
0.0225693
0.0225686
0.0225678
0.0225671
0.0225663
0.0225656
0.0225649
0.0225641
0.0225634
0.0225626
0.0225619
0.0225611
0.0225604
0.0225597
0.0225589
0.0225582
0.0225575
0.0225567
0.022556
0.0225552
0.0225545
0.0225538
0.022553
0.0225523
0.0225516
0.0225509
0.0225501
0.0225494
0.0225487
0.0225479
0.0225472
0.0225465
0.0225458
0.022545
0.0225443
0.0225436
0.0225429
0.0225421
0.0225414
0.0225407
0.02254
0.0225392
0.0225385
0.0225378
0.0225371
0.0225364
0.0225357
0.0225349
0.0225342
0.0225335
0.0225328
0.0225321
0.0225314
0.0225307
0.0225299
0.0225292
0.0225285
0.0225278
0.0225271
0.0225264
0.0225257
0.022525
0.0225243
0.0225236
0.0225229
0.0225222
0.0225214
0.0225207
0.02252
0.0225193
0.0225186
0.0225179
0.0225172
0.0225165
0.0225158
0.0225151
0.0225144
0.0225137
0.022513
0.0225123
0.0225117
0.022511
0.0225103
0.0225096
0.0225089
0.0225082
0.0225075
0.0225068
0.0225061
0.0225054
0.0225047
0.022504
0.0225034
0.0225027
0.022502
0.0225013
0.0225006
0.0224999
0.0224992
0.0224986
0.0224979
0.0224972
0.0224965
0.0224958
0.0224951
0.0224945
0.0224938
0.0224931
0.0224924
0.0224918
0.0224911
0.0224904
0.0224897
0.022489
0.0224884
0.0224877
0.022487
0.0224864
0.0224857
0.022485
0.0224843
0.0224837
0.022483
0.0224823
0.0224817
0.022481
0.0224803
0.0224797
0.022479
0.0224783
0.0224777
0.022477
0.0224763
0.0224757
0.022475
0.0224743
0.0224737
0.022473
0.0224724
0.0224717
0.022471
0.0224704
0.0224697
0.0224691
0.0224684
0.0224678
0.0224671
0.0224664
0.0224658
0.0224651
0.0224645
0.0224638
0.0224632
0.0224625
0.0224619
0.0224612
0.0224606
0.0224599
0.0224593
0.0224586
0.022458
0.0224573
0.0224567
0.022456
0.0224554
0.0224548
0.0224541
0.0224535
0.0224528
0.0224522
0.0224515
0.0224509
0.0224503
0.0224496
0.022449
0.0224483
0.0224477
0.0224471
0.0224464
0.0224458
0.0224452
0.0224445
0.0224439
0.0224433
0.0224426
0.022442
0.0224414
0.0224407
0.0224401
0.0224395
0.0224388
0.0224382
0.0224376
0.0224369
0.0224363
0.0224357
0.0224351
0.0224344
0.0224338
0.0224332
0.0224326
0.0224319
0.0224313
0.0224307
0.0224301
0.0224294
0.0224288
0.0224282
0.0224276
0.022427
0.0224263
0.0224257
0.0224251
0.0224245
0.0224239
0.0224232
0.0224226
0.022422
0.0224214
0.0224208
0.0224202
0.0224196
0.0224189
0.0224183
0.0224177
0.0224171
0.0224165
0.0224159
0.0224153
0.0224147
0.0224141
0.0224135
0.0224128
0.0224122
0.0224116
0.022411
0.0224104
0.0224098
0.0224092
0.0224086
0.022408
0.0224074
0.0224068
0.0224062
0.0224056
0.022405
0.0224044
0.0224038
0.0224032
0.0224026
0.022402
0.0224014
0.0224008
0.0224002
0.0223996
0.022399
0.0223984
0.0223978
0.0223972
0.0223966
0.022396
0.0223955
0.0223949
0.0223943
0.0223937
0.0223931
0.0223925
0.0223919
0.0223913
0.0223907
0.0223902
0.0223896
0.022389
0.0223884
0.0223878
0.0223872
0.0223866
0.0223861
0.0223855
0.0223849
0.0223843
0.0223837
0.0223831
0.0223826
0.022382
0.0223814
0.0223808
0.0223802
0.0223797
0.0223791
0.0223785
0.0223779
0.0223774
0.0223768
0.0223762
0.0223756
0.0223751
0.0223745
0.0223739
0.0223733
0.0223728
0.0223722
0.0223716
0.022371
0.0223705
0.0223699
0.0223693
0.0223688
0.0223682
0.0223676
0.0223671
0.0223665
0.0223659
0.0223654
0.0223648
0.0223642
0.0223637
0.0223631
0.0223625
0.022362
0.0223614
0.0223609
0.0223603
0.0223597
0.0223592
0.0223586
0.0223581
0.0223575
0.0223569
0.0223564
0.0223558
0.0223553
0.0223547
0.0223542
0.0223536
0.022353
0.0223525
0.0223519
0.0223514
0.0223508
0.0223503
0.0223497
0.0223492
0.0223486
0.0223481
0.0223475
0.022347
0.0223464
0.0223459
0.0223453
0.0223448
0.0223442
0.0223437
0.0223431
0.0223426
0.022342
0.0223415
0.022341
0.0223404
0.0223399
0.0223393
0.0223388
0.0223382
0.0223377
0.0223372
0.0223366
0.0223361
0.0223355
0.022335
0.0223345
0.0223339
0.0223334
0.0223328
0.0223323
0.0223318
0.0223312
0.0223307
0.0223302
0.0223296
0.0223291
0.0223286
0.022328
0.0223275
0.022327
0.0223264
0.0223259
0.0223254
0.0223248
0.0223243
0.0223238
0.0223232
0.0223227
0.0223222
0.0223217
0.0223211
0.0223206
0.0223201
0.0223195
0.022319
0.0223185
0.022318
0.0223174
0.0223169
0.0223164
0.0223159
0.0223154
0.0223148
0.0223143
0.0223138
0.0223133
0.0223128
0.0223122
0.0223117
0.0223112
0.0223107
0.0223102
0.0223096
0.0223091
0.0223086
0.0223081
0.0223076
0.0223071
0.0223065
0.022306
0.0223055
0.022305
0.0223045
0.022304
0.0223035
0.022303
0.0223024
0.0223019
0.0223014
0.0223009
0.0223004
0.0222999
0.0222994
0.0222989
0.0222984
0.0222979
0.0222974
0.0222968
0.0222963
0.0222958
0.0222953
0.0222948
0.0222943
0.0222938
0.0222933
0.0222928
0.0222923
0.0222918
0.0222913
0.0222908
0.0222903
0.0222898
0.0222893
0.0222888
0.0222883
0.0222878
0.0222873
0.0222868
0.0222863
0.0222858
0.0222853
0.0222848
0.0222843
0.0222838
0.0222833
0.0222828
0.0222823
0.0222819
0.0222814
0.0222809
0.0222804
0.0222799
0.0222794
0.0222789
0.0222784
0.0222779
0.0222774
0.0222769
0.0222764
0.022276
0.0222755
0.022275
0.0222745
0.022274
0.0222735
0.022273
0.0222726
0.0222721
0.0222716
0.0222711
0.0222706
0.0222701
0.0222696
0.0222692
0.0222687
0.0222682
0.0222677
0.0222672
0.0222668
0.0222663
0.0222658
0.0222653
0.0222648
0.0222644
0.0222639
0.0222634
0.0222629
0.0222624
0.022262
0.0222615
0.022261
0.0222605
0.0222601
0.0222596
0.0222591
0.0222586
0.0222582
0.0222577
0.0222572
0.0222568
0.0222563
0.0222558
0.0222553
0.0222549
0.0222544
0.0222539
0.0222535
0.022253
0.0222525
0.0222521
0.0222516
0.0222511
0.0222507
0.0222502
0.0222497
0.0222493
0.0222488
0.0222483
0.0222479
0.0222474
0.0222469
0.0222465
0.022246
0.0222455
0.0222451
0.0222446
0.0222442
0.0222437
0.0222432
0.0222428
0.0222423
0.0222419
0.0222414
0.0222409
0.0222405
0.02224
0.0222396
0.0222391
0.0222386
0.0222382
0.0222377
0.0222373
0.0222368
0.0222364
0.0222359
0.0222355
0.022235
0.0222346
0.0222341
0.0222336
0.0222332
0.0222327
0.0222323
0.0222318
0.0222314
0.0222309
0.0222305
0.02223
0.0222296
0.0222291
0.0222287
0.0222282
0.0222278
0.0222273
0.0222269
0.0222265
0.022226
0.0222256
0.0222251
0.0222247
0.0222242
0.0222238
0.0222233
0.0222229
0.0222225
0.022222
0.0222216
0.0222211
0.0222207
0.0222202
0.0222198
0.0222194
0.0222189
0.0222185
0.022218
0.0222176
0.0222172
0.0222167
0.0222163
0.0222158
0.0222154
0.022215
0.0222145
0.0222141
0.0222137
0.0222132
0.0222128
0.0222124
0.0222119
0.0222115
0.0222111
0.0222106
0.0222102
0.0222098
0.0222093
0.0222089
0.0222085
0.022208
0.0222076
0.0222072
0.0222067
0.0222063
0.0222059
0.0222055
0.022205
0.0222046
0.0222042
0.0222037
0.0222033
0.0222029
0.0222025
0.022202
0.0222016
0.0222012
0.0222008
0.0222003
0.0221999
0.0221995
0.0221991
0.0221986
0.0221982
0.0221978
0.0221974
0.022197
0.0221965
0.0221961
0.0221957
0.0221953
0.0221949
0.0221944
0.022194
0.0221936
0.0221932
0.0221928
0.0221923
0.0221919
0.0221915
0.0221911
0.0221907
0.0221903
0.0221898
0.0221894
0.022189
0.0221886
0.0221882
0.0221878
0.0221874
0.0221869
0.0221865
0.0221861
0.0221857
0.0221853
0.0221849
0.0221845
0.0221841
0.0221836
0.0221832
0.0221828
0.0221824
0.022182
0.0221816
0.0221812
0.0221808
0.0221804
0.02218
0.0221796
0.0221791
0.0221787
0.0221783
0.0221779
0.0221775
0.0221771
0.0221767
0.0221763
0.0221759
0.0221755
0.0221751
0.0221747
0.0221743
0.0221739
0.0221735
0.0221731
0.0221727
0.0221723
0.0221719
0.0221715
0.0221711
0.0221707
0.0221703
0.0221699
0.0221695
0.0221691
0.0221687
0.0221683
0.0221679
0.0221675
0.0221671
0.0221667
0.0221663
0.0221659
0.0221655
0.0221651
0.0221647
0.0221643
0.0221639
0.0221635
0.0221631
0.0221628
0.0221624
0.022162
0.0221616
0.0221612
0.0221608
0.0221604
0.02216
0.0221596
0.0221592
0.0221588
0.0221585
0.0221581
0.0221577
0.0221573
0.0221569
0.0221565
0.0221561
0.0221557
0.0221553
0.022155
0.0221546
0.0221542
0.0221538
0.0221534
0.022153
0.0221526
0.0221523
0.0221519
0.0221515
0.0221511
0.0221507
0.0221503
0.02215
0.0221496
0.0221492
0.0221488
0.0221484
0.022148
0.0221477
0.0221473
0.0221469
0.0221465
0.0221461
0.0221458
0.0221454
0.022145
0.0221446
0.0221443
0.0221439
0.0221435
0.0221431
0.0221427
0.0221424
0.022142
0.0221416
0.0221412
0.0221409
0.0221405
0.0221401
0.0221397
0.0221394
0.022139
0.0221386
0.0221383
0.0221379
0.0221375
0.0221371
0.0221368
0.0221364
0.022136
0.0221356
0.0221353
0.0221349
0.0221345
0.0221342
0.0221338
0.0221334
0.0221331
0.0221327
0.0221323
0.022132
0.0221316
0.0221312
0.0221309
0.0221305
0.0221301
0.0221298
0.0221294
0.022129
0.0221287
0.0221283
0.0221279
0.0221276
0.0221272
0.0221268
0.0221265
0.0221261
0.0221257
0.0221254
0.022125
0.0221247
0.0221243
0.0221239
0.0221236
0.0221232
0.0221229
0.0221225
0.0221221
0.0221218
0.0221214
0.0221211
0.0221207
0.0221203
0.02212
0.0221196
0.0221193
0.0221189
0.0221186
0.0221182
0.0221178
0.0221175
0.0221171
0.0221168
0.0221164
0.0221161
0.0221157
0.0221154
0.022115
0.0221146
0.0221143
0.0221139
0.0221136
0.0221132
0.0221129
0.0221125
0.0221122
0.0221118
0.0221115
0.0221111
0.0221108
0.0221104
0.0221101
0.0221097
0.0221094
0.022109
0.0221087
0.0221083
0.022108
0.0221076
0.0221073
0.0221069
0.0221066
0.0221062
0.0221059
0.0221056
0.0221052
0.0221049
0.0221045
0.0221042
0.0221038
0.0221035
0.0221031
0.0221028
0.0221025
0.0221021
0.0221018
0.0221014
0.0221011
0.0221007
0.0221004
0.0221001
0.0220997
0.0220994
0.022099
0.0220987
0.0220983
0.022098
0.0220977
0.0220973
0.022097
0.0220966
0.0220963
0.022096
0.0220956
0.0220953
0.022095
0.0220946
0.0220943
0.0220939
0.0220936
0.0220933
0.0220929
0.0220926
0.0220923
0.0220919
0.0220916
0.0220913
0.0220909
0.0220906
0.0220903
0.0220899
0.0220896
0.0220893
0.0220889
0.0220886
0.0220883
0.0220879
0.0220876
0.0220873
0.0220869
0.0220866
0.0220863
0.0220859
0.0220856
0.0220853
0.022085
0.0220846
0.0220843
0.022084
0.0220836
0.0220833
0.022083
0.0220827
0.0220823
0.022082
0.0220817
0.0220813
0.022081
0.0220807
0.0220804
0.02208
0.0220797
0.0220794
0.0220791
0.0220787
0.0220784
0.0220781
0.0220778
0.0220774
0.0220771
0.0220768
0.0220765
0.0220762
0.0220758
0.0220755
0.0220752
0.0220749
0.0220745
0.0220742
0.0220739
0.0220736
0.0220733
0.0220729
0.0220726
0.0220723
0.022072
0.0220717
0.0220714
0.022071
0.0220707
0.0220704
0.0220701
0.0220698
0.0220694
0.0220691
0.0220688
0.0220685
0.0220682
0.0220679
0.0220675
0.0220672
0.0220669
0.0220666
0.0220663
0.022066
0.0220657
0.0220653
0.022065
0.0220647
0.0220644
0.0220641
0.0220638
0.0220635
0.0220632
0.0220628
0.0220625
0.0220622
0.0220619
0.0220616
0.0220613
0.022061
0.0220607
0.0220604
0.0220601
0.0220597
0.0220594
0.0220591
0.0220588
0.0220585
0.0220582
0.0220579
0.0220576
0.0220573
0.022057
0.0220567
0.0220564
0.022056
0.0220557
0.0220554
0.0220551
0.0220548
0.0220545
0.0220542
0.0220539
0.0220536
0.0220533
0.022053
0.0220527
0.0220524
0.0220521
0.0220518
0.0220515
0.0220512
0.0220509
0.0220506
0.0220503
0.02205
0.0220497
0.0220494
0.0220491
0.0220488
0.0220485
0.0220482
0.0220479
0.0220476
0.0220473
0.022047
0.0220467
0.0220464
0.0220461
0.0220458
0.0220455
0.0220452
0.0220449
0.0220446
0.0220443
0.022044
0.0220437
0.0220434
0.0220431
0.0220428
0.0220425
0.0220422
0.0220419
0.0220416
0.0220413
0.022041
0.0220407
0.0220405
0.0220402
0.0220399
0.0220396
0.0220393
0.022039
0.0220387
0.0220384
0.0220381
0.0220378
0.0220375
0.0220372
0.0220369
0.0220367
0.0220364
0.0220361
0.0220358
0.0220355
0.0220352
0.0220349
0.0220346
0.0220343
0.022034
0.0220338
0.0220335
0.0220332
0.0220329
0.0220326
0.0220323
0.022032
0.0220317
0.0220315
0.0220312
0.0220309
0.0220306
0.0220303
0.02203
0.0220297
0.0220295
0.0220292
0.0220289
0.0220286
0.0220283
0.022028
0.0220278
0.0220275
0.0220272
0.0220269
0.0220266
0.0220263
0.0220261
0.0220258
0.0220255
0.0220252
0.0220249
0.0220246
0.0220244
0.0220241
0.0220238
0.0220235
0.0220232
0.022023
0.0220227
0.0220224
0.0220221
0.0220218
0.0220216
0.0220213
0.022021
0.0220207
0.0220205
0.0220202
0.0220199
0.0220196
0.0220193
0.0220191
0.0220188
0.0220185
0.0220182
0.022018
0.0220177
0.0220174
0.0220171
0.0220169
0.0220166
0.0220163
0.022016
0.0220158
0.0220155
0.0220152
0.0220149
0.0220147
0.0220144
0.0220141
0.0220138
0.0220136
0.0220133
0.022013
0.0220128
0.0220125
0.0220122
0.0220119
0.0220117
0.0220114
0.0220111
0.0220109
0.0220106
0.0220103
0.02201
0.0220098
0.0220095
0.0220092
0.022009
0.0220087
0.0220084
0.0220082
0.0220079
0.0220076
0.0220074
0.0220071
0.0220068
0.0220066
0.0220063
0.022006
0.0220058
0.0220055
0.0220052
0.022005
0.0220047
0.0220044
0.0220042
0.0220039
0.0220036
0.0220034
0.0220031
0.0220028
0.0220026
0.0220023
0.022002
0.0220018
0.0220015
0.0220013
0.022001
0.0220007
0.0220005
0.0220002
0.0219999
0.0219997
0.0219994
0.0219992
0.0219989
0.0219986
0.0219984
0.0219981
0.0219979
0.0219976
0.0219973
0.0219971
0.0219968
0.0219966
0.0219963
0.021996
0.0219958
0.0219955
0.0219953
0.021995
0.0219948
0.0219945
0.0219942
0.021994
0.0219937
0.0219935
0.0219932
0.021993
0.0219927
0.0219924
0.0219922
0.0219919
0.0219917
0.0219914
0.0219912
0.0219909
0.0219907
0.0219904
0.0219901
0.0219899
0.0219896
0.0219894
0.0219891
0.0219889
0.0219886
0.0219884
0.0219881
0.0219879
0.0219876
0.0219874
0.0219871
0.0219869
0.0219866
0.0219864
0.0219861
0.0219859
0.0219856
0.0219854
0.0219851
0.0219849
0.0219846
0.0219844
0.0219841
0.0219839
0.0219836
0.0219834
0.0219831
0.0219829
0.0219826
0.0219824
0.0219821
0.0219819
0.0219816
0.0219814
0.0219811
0.0219809
0.0219806
0.0219804
0.0219801
0.0219799
0.0219796
0.0219794
0.0219792
0.0219789
0.0219787
0.0219784
0.0219782
0.0219779
0.0219777
0.0219774
0.0219772
0.021977
0.0219767
0.0219765
0.0219762
0.021976
0.0219757
0.0219755
0.0219752
0.021975
0.0219748
0.0219745
0.0219743
0.021974
0.0219738
0.0219736
0.0219733
0.0219731
0.0219728
0.0219726
0.0219724
0.0219721
0.0219719
0.0219716
0.0219714
0.0219712
0.0219709
0.0219707
0.0219704
0.0219702
0.02197
0.0219697
0.0219695
0.0219692
0.021969
0.0219688
0.0219685
0.0219683
0.0219681
0.0219678
0.0219676
0.0219673
0.0219671
0.0219669
0.0219666
0.0219664
0.0219662
0.0219659
0.0219657
0.0219655
0.0219652
0.021965
0.0219648
0.0219645
0.0219643
0.0219641
0.0219638
0.0219636
0.0219634
0.0219631
0.0219629
0.0219627
0.0219624
0.0219622
0.021962
0.0219617
0.0219615
0.0219613
0.021961
0.0219608
0.0219606
0.0219603
0.0219601
0.0219599
0.0219596
0.0219594
0.0219592
0.021959
0.0219587
0.0219585
0.0219583
0.021958
0.0219578
0.0219576
0.0219573
0.0219571
0.0219569
0.0219567
0.0219564
0.0219562
0.021956
0.0219557
0.0219555
0.0219553
0.0219551
0.0219548
0.0219546
0.0219544
0.0219542
0.0219539
0.0219537
0.0219535
0.0219533
0.021953
0.0219528
0.0219526
0.0219524
0.0219521
0.0219519
0.0219517
0.0219515
0.0219512
0.021951
0.0219508
0.0219506
0.0219503
0.0219501
0.0219499
0.0219497
0.0219494
0.0219492
0.021949
0.0219488
0.0219486
0.0219483
0.0219481
0.0219479
0.0219477
0.0219474
0.0219472
0.021947
0.0219468
0.0219466
0.0219463
0.0219461
0.0219459
0.0219457
0.0219455
0.0219452
0.021945
0.0219448
0.0219446
0.0219444
0.0219442
0.0219439
0.0219437
0.0219435
0.0219433
0.0219431
0.0219428
0.0219426
0.0219424
0.0219422
0.021942
0.0219418
0.0219415
0.0219413
0.0219411
0.0219409
0.0219407
0.0219405
0.0219402
0.02194
0.0219398
0.0219396
0.0219394
0.0219392
0.021939
0.0219387
0.0219385
0.0219383
0.0219381
0.0219379
0.0219377
0.0219375
0.0219372
0.021937
0.0219368
0.0219366
0.0219364
0.0219362
0.021936
0.0219357
0.0219355
0.0219353
0.0219351
0.0219349
0.0219347
0.0219345
0.0219343
0.0219341
0.0219338
0.0219336
0.0219334
0.0219332
0.021933
0.0219328
0.0219326
0.0219324
0.0219322
0.021932
0.0219317
0.0219315
0.0219313
0.0219311
0.0219309
0.0219307
0.0219305
0.0219303
0.0219301
0.0219299
0.0219297
0.0219295
0.0219292
0.021929
0.0219288
0.0219286
0.0219284
0.0219282
0.021928
0.0219278
0.0219276
0.0219274
0.0219272
0.021927
0.0219268
0.0219266
0.0219264
0.0219262
0.021926
0.0219257
0.0219255
0.0219253
0.0219251
0.0219249
0.0219247
0.0219245
0.0219243
0.0219241
0.0219239
0.0219237
0.0219235
0.0219233
0.0219231
0.0219229
0.0219227
0.0219225
0.0219223
0.0219221
0.0219219
0.0219217
0.0219215
0.0219213
0.0219211
0.0219209
0.0219207
0.0219205
0.0219203
0.0219201
0.0219199
0.0219197
0.0219195
0.0219193
0.0219191
0.0219189
0.0219187
0.0219185
0.0219183
0.0219181
0.0219179
0.0219177
0.0219175
0.0219173
0.0219171
0.0219169
0.0219167
0.0219165
0.0219163
0.0219161
0.0219159
0.0219157
0.0219155
0.0219153
0.0219151
0.0219149
0.0219147
0.0219145
0.0219143
0.0219141
0.0219139
0.0219137
0.0219136
0.0219134
0.0219132
0.021913
0.0219128
0.0219126
0.0219124
0.0219122
0.021912
0.0219118
0.0219116
0.0219114
0.0219112
0.021911
0.0219108
0.0219106
0.0219104
0.0219103
0.0219101
0.0219099
0.0219097
0.0219095
0.0219093
0.0219091
0.0219089
0.0219087
0.0219085
0.0219083
0.0219081
0.0219079
0.0219078
0.0219076
0.0219074
0.0219072
0.021907
0.0219068
0.0219066
0.0219064
0.0219062
0.021906
0.0219059
0.0219057
0.0219055
0.0219053
0.0219051
0.0219049
0.0219047
0.0219045
0.0219043
0.0219042
0.021904
0.0219038
0.0219036
0.0219034
0.0219032
0.021903
0.0219028
0.0219027
0.0219025
0.0219023
0.0219021
0.0219019
0.0219017
0.0219015
0.0219013
0.0219012
0.021901
0.0219008
0.0219006
0.0219004
0.0219002
0.0219
0.0218999
0.0218997
0.0218995
0.0218993
0.0218991
0.0218989
0.0218988
0.0218986
0.0218984
0.0218982
0.021898
0.0218978
0.0218977
0.0218975
0.0218973
0.0218971
0.0218969
0.0218967
0.0218966
0.0218964
0.0218962
0.021896
0.0218958
0.0218956
0.0218955
0.0218953
0.0218951
0.0218949
0.0218947
0.0218946
0.0218944
0.0218942
0.021894
0.0218938
0.0218937
0.0218935
0.0218933
0.0218931
0.0218929
0.0218928
0.0218926
0.0218924
0.0218922
0.021892
0.0218919
0.0218917
0.0218915
0.0218913
0.0218911
0.021891
0.0218908
0.0218906
0.0218904
0.0218903
0.0218901
0.0218899
0.0218897
0.0218895
0.0218894
0.0218892
0.021889
0.0218888
0.0218887
0.0218885
0.0218883
0.0218881
0.0218879
0.0218878
0.0218876
0.0218874
0.0218872
0.0218871
0.0218869
0.0218867
0.0218865
0.0218864
0.0218862
0.021886
0.0218858
0.0218857
0.0218855
0.0218853
0.0218851
0.021885
0.0218848
0.0218846
0.0218845
0.0218843
0.0218841
0.0218839
0.0218838
0.0218836
0.0218834
0.0218832
0.0218831
0.0218829
0.0218827
0.0218826
0.0218824
0.0218822
0.021882
0.0218819
0.0218817
0.0218815
0.0218814
0.0218812
0.021881
0.0218808
0.0218807
0.0218805
0.0218803
0.0218802
0.02188
0.0218798
0.0218796
0.0218795
0.0218793
0.0218791
0.021879
0.0218788
0.0218786
0.0218785
0.0218783
0.0218781
0.021878
0.0218778
0.0218776
0.0218774
0.0218773
0.0218771
0.0218769
0.0218768
0.0218766
0.0218764
0.0218763
0.0218761
0.0218759
0.0218758
0.0218756
0.0218754
0.0218753
0.0218751
0.0218749
0.0218748
0.0218746
0.0218744
0.0218743
0.0218741
0.0218739
0.0218738
0.0218736
0.0218734
0.0218733
0.0218731
0.021873
0.0218728
0.0218726
0.0218725
0.0218723
0.0218721
0.021872
0.0218718
0.0218716
0.0218715
0.0218713
0.0218711
0.021871
0.0218708
0.0218707
0.0218705
0.0218703
0.0218702
0.02187
0.0218698
0.0218697
0.0218695
0.0218694
0.0218692
0.021869
0.0218689
0.0218687
0.0218685
0.0218684
0.0218682
0.0218681
0.0218679
0.0218677
0.0218676
0.0218674
0.0218673
0.0218671
0.0218669
0.0218668
0.0218666
0.0218665
0.0218663
0.0218661
0.021866
0.0218658
0.0218657
0.0218655
0.0218653
0.0218652
0.021865
0.0218649
0.0218647
0.0218645
0.0218644
0.0218642
0.0218641
0.0218639
0.0218637
0.0218636
0.0218634
0.0218633
0.0218631
0.021863
0.0218628
0.0218626
0.0218625
0.0218623
0.0218622
0.021862
0.0218619
0.0218617
0.0218615
0.0218614
0.0218612
0.0218611
0.0218609
0.0218608
0.0218606
0.0218605
0.0218603
0.0218601
0.02186
0.0218598
0.0218597
0.0218595
0.0218594
0.0218592
0.0218591
0.0218589
0.0218588
0.0218586
0.0218584
0.0218583
0.0218581
0.021858
0.0218578
0.0218577
0.0218575
0.0218574
0.0218572
0.0218571
0.0218569
0.0218568
0.0218566
0.0218564
0.0218563
0.0218561
0.021856
0.0218558
0.0218557
0.0218555
0.0218554
0.0218552
0.0218551
0.0218549
0.0218548
0.0218546
0.0218545
0.0218543
0.0218542
0.021854
0.0218539
0.0218537
0.0218536
0.0218534
0.0218533
0.0218531
0.021853
0.0218528
0.0218527
0.0218525
0.0218524
0.0218522
0.0218521
0.0218519
0.0218518
0.0218516
0.0218515
0.0218513
0.0218512
0.021851
0.0218509
0.0218507
0.0218506
0.0218504
0.0218503
0.0218501
0.02185
0.0218498
0.0218497
0.0218495
0.0218494
0.0218492
0.0218491
0.021849
0.0218488
0.0218487
0.0218485
0.0218484
0.0218482
0.0218481
0.0218479
0.0218478
0.0218476
0.0218475
0.0218473
0.0218472
0.0218471
0.0218469
0.0218468
0.0218466
0.0218465
0.0218463
0.0218462
0.021846
0.0218459
0.0218457
0.0218456
0.0218455
0.0218453
0.0218452
0.021845
0.0218449
0.0218447
0.0218446
0.0218444
0.0218443
0.0218442
0.021844
0.0218439
0.0218437
0.0218436
0.0218434
0.0218433
0.0218432
0.021843
0.0218429
0.0218427
0.0218426
0.0218424
0.0218423
0.0218422
0.021842
0.0218419
0.0218417
0.0218416
0.0218414
0.0218413
0.0218412
0.021841
0.0218409
0.0218407
0.0218406
0.0218405
0.0218403
0.0218402
0.02184
0.0218399
0.0218398
0.0218396
0.0218395
0.0218393
0.0218392
0.0218391
0.0218389
0.0218388
0.0218386
0.0218385
0.0218384
0.0218382
0.0218381
0.0218379
0.0218378
0.0218377
0.0218375
0.0218374
0.0218372
0.0218371
0.021837
0.0218368
0.0218367
0.0218366
0.0218364
0.0218363
0.0218361
0.021836
0.0218359
0.0218357
0.0218356
0.0218355
0.0218353
0.0218352
0.021835
0.0218349
0.0218348
0.0218346
0.0218345
0.0218344
0.0218342
0.0218341
0.021834
0.0218338
0.0218337
0.0218335
0.0218334
0.0218333
0.0218331
0.021833
0.0218329
0.0218327
0.0218326
0.0218325
0.0218323
0.0218322
0.0218321
0.0218319
0.0218318
0.0218317
0.0218315
0.0218314
0.0218312
0.0218311
0.021831
0.0218308
0.0218307
0.0218306
0.0218304
0.0218303
0.0218302
0.02183
0.0218299
0.0218298
0.0218296
0.0218295
0.0218294
0.0218292
0.0218291
0.021829
0.0218289
0.0218287
0.0218286
0.0218285
0.0218283
0.0218282
0.0218281
0.0218279
0.0218278
0.0218277
0.0218275
0.0218274
0.0218273
0.0218271
0.021827
0.0218269
0.0218267
0.0218266
0.0218265
0.0218264
0.0218262
0.0218261
0.021826
0.0218258
0.0218257
0.0218256
0.0218254
0.0218253
0.0218252
0.0218251
0.0218249
0.0218248
0.0218247
0.0218245
0.0218244
0.0218243
0.0218241
0.021824
0.0218239
0.0218238
0.0218236
0.0218235
0.0218234
0.0218232
0.0218231
0.021823
0.0218229
0.0218227
0.0218226
0.0218225
0.0218224
0.0218222
0.0218221
0.021822
0.0218218
0.0218217
0.0218216
0.0218215
0.0218213
0.0218212
0.0218211
0.021821
0.0218208
0.0218207
0.0218206
0.0218204
0.0218203
0.0218202
0.0218201
0.0218199
0.0218198
0.0218197
0.0218196
0.0218194
0.0218193
0.0218192
0.0218191
0.0218189
0.0218188
0.0218187
0.0218186
0.0218184
0.0218183
0.0218182
0.0218181
0.0218179
0.0218178
0.0218177
0.0218176
0.0218174
0.0218173
0.0218172
0.0218171
0.0218169
0.0218168
0.0218167
0.0218166
0.0218165
0.0218163
0.0218162
0.0218161
0.021816
0.0218158
0.0218157
0.0218156
0.0218155
0.0218153
0.0218152
0.0218151
0.021815
0.0218149
0.0218147
0.0218146
0.0218145
0.0218144
0.0218143
0.0218141
0.021814
0.0218139
0.0218138
0.0218136
0.0218135
0.0218134
0.0218133
0.0218132
0.021813
0.0218129
0.0218128
0.0218127
0.0218126
0.0218124
0.0218123
0.0218122
0.0218121
0.021812
0.0218118
0.0218117
0.0218116
0.0218115
0.0218114
0.0218112
0.0218111
0.021811
0.0218109
0.0218108
0.0218106
0.0218105
0.0218104
0.0218103
0.0218102
0.02181
0.0218099
0.0218098
0.0218097
0.0218096
0.0218095
0.0218093
0.0218092
0.0218091
0.021809
0.0218089
0.0218087
0.0218086
0.0218085
0.0218084
0.0218083
0.0218082
0.021808
0.0218079
0.0218078
0.0218077
0.0218076
0.0218075
0.0218073
0.0218072
0.0218071
0.021807
0.0218069
0.0218068
0.0218066
0.0218065
0.0218064
0.0218063
0.0218062
0.0218061
0.0218059
0.0218058
0.0218057
0.0218056
0.0218055
0.0218054
0.0218053
0.0218051
0.021805
0.0218049
0.0218048
0.0218047
0.0218046
0.0218044
0.0218043
0.0218042
0.0218041
0.021804
0.0218039
0.0218038
0.0218036
0.0218035
0.0218034
0.0218033
0.0218032
0.0218031
0.021803
0.0218029
0.0218027
0.0218026
0.0218025
0.0218024
0.0218023
0.0218022
0.0218021
0.0218019
0.0218018
0.0218017
0.0218016
0.0218015
0.0218014
0.0218013
0.0218012
0.021801
0.0218009
0.0218008
0.0218007
0.0218006
0.0218005
0.0218004
0.0218003
0.0218002
0.0218
0.0217999
0.0217998
0.0217997
0.0217996
0.0217995
0.0217994
0.0217993
0.0217992
0.021799
0.0217989
0.0217988
0.0217987
0.0217986
0.0217985
0.0217984
0.0217983
0.0217982
0.0217981
0.0217979
0.0217978
0.0217977
0.0217976
0.0217975
0.0217974
0.0217973
0.0217972
0.0217971
0.021797
0.0217968
0.0217967
0.0217966
0.0217965
0.0217964
0.0217963
0.0217962
0.0217961
0.021796
0.0217959
0.0217958
0.0217957
0.0217955
0.0217954
0.0217953
0.0217952
0.0217951
0.021795
0.0217949
0.0217948
0.0217947
0.0217946
0.0217945
0.0217944
0.0217943
0.0217941
0.021794
0.0217939
0.0217938
0.0217937
0.0217936
0.0217935
0.0217934
0.0217933
0.0217932
0.0217931
0.021793
0.0217929
0.0217928
0.0217927
0.0217925
0.0217924
0.0217923
0.0217922
0.0217921
0.021792
0.0217919
0.0217918
0.0217917
0.0217916
0.0217915
0.0217914
0.0217913
0.0217912
0.0217911
0.021791
0.0217909
0.0217908
0.0217907
0.0217905
0.0217904
0.0217903
0.0217902
0.0217901
0.02179
0.0217899
0.0217898
0.0217897
0.0217896
0.0217895
0.0217894
0.0217893
0.0217892
0.0217891
0.021789
0.0217889
0.0217888
0.0217887
0.0217886
0.0217885
0.0217884
0.0217883
0.0217882
0.0217881
0.021788
0.0217879
0.0217878
0.0217876
0.0217875
0.0217874
0.0217873
0.0217872
0.0217871
0.021787
0.0217869
0.0217868
0.0217867
0.0217866
0.0217865
0.0217864
0.0217863
0.0217862
0.0217861
0.021786
0.0217859
0.0217858
0.0217857
0.0217856
0.0217855
0.0217854
0.0217853
0.0217852
0.0217851
0.021785
0.0217849
0.0217848
0.0217847
0.0217846
0.0217845
0.0217844
0.0217843
0.0217842
0.0217841
0.021784
0.0217839
0.0217838
0.0217837
0.0217836
0.0217835
0.0217834
0.0217833
0.0217832
0.0217831
0.021783
0.0217829
0.0217828
0.0217827
0.0217826
0.0217825
0.0217824
0.0217823
0.0217822
0.0217821
0.021782
0.0217819
0.0217818
0.0217817
0.0217816
0.0217815
0.0217814
0.0217813
0.0217812
0.0217811
0.021781
0.021781
0.0217809
0.0217808
0.0217807
0.0217806
0.0217805
0.0217804
0.0217803
0.0217802
0.0217801
0.02178
0.0217799
0.0217798
0.0217797
0.0217796
0.0217795
0.0217794
0.0217793
0.0217792
0.0217791
0.021779
0.0217789
0.0217788
0.0217787
0.0217786
0.0217785
0.0217784
0.0217783
0.0217782
0.0217781
0.0217781
0.021778
0.0217779
0.0217778
0.0217777
0.0217776
0.0217775
0.0217774
0.0217773
0.0217772
0.0217771
0.021777
0.0217769
0.0217768
0.0217767
0.0217766
0.0217765
0.0217764
0.0217763
0.0217763
0.0217762
0.0217761
0.021776
0.0217759
0.0217758
0.0217757
0.0217756
0.0217755
0.0217754
0.0217753
0.0217752
0.0217751
0.021775
0.0217749
0.0217748
0.0217748
0.0217747
0.0217746
0.0217745
0.0217744
0.0217743
0.0217742
0.0217741
0.021774
0.0217739
0.0217738
0.0217737
0.0217736
0.0217735
0.0217735
0.0217734
0.0217733
0.0217732
0.0217731
0.021773
0.0217729
0.0217728
0.0217727
0.0217726
0.0217725
0.0217724
0.0217724
0.0217723
0.0217722
0.0217721
0.021772
0.0217719
0.0217718
0.0217717
0.0217716
0.0217715
0.0217714
0.0217714
0.0217713
0.0217712
0.0217711
0.021771
0.0217709
0.0217708
0.0217707
0.0217706
0.0217705
0.0217704
0.0217704
0.0217703
0.0217702
0.0217701
0.02177
0.0217699
0.0217698
0.0217697
0.0217696
0.0217696
0.0217695
0.0217694
0.0217693
0.0217692
0.0217691
0.021769
0.0217689
0.0217688
0.0217688
0.0217687
0.0217686
0.0217685
0.0217684
0.0217683
0.0217682
0.0217681
0.021768
0.021768
0.0217679
0.0217678
0.0217677
0.0217676
0.0217675
0.0217674
0.0217673
0.0217672
0.0217672
0.0217671
0.021767
0.0217669
0.0217668
0.0217667
0.0217666
0.0217666
0.0217665
0.0217664
0.0217663
0.0217662
0.0217661
0.021766
0.0217659
0.0217659
0.0217658
0.0217657
0.0217656
0.0217655
0.0217654
0.0217653
0.0217652
0.0217652
0.0217651
0.021765
0.0217649
0.0217648
0.0217647
0.0217646
0.0217646
0.0217645
0.0217644
0.0217643
0.0217642
0.0217641
0.021764
0.021764
0.0217639
0.0217638
0.0217637
0.0217636
0.0217635
0.0217634
0.0217634
0.0217633
0.0217632
0.0217631
0.021763
0.0217629
0.0217629
0.0217628
0.0217627
0.0217626
0.0217625
0.0217624
0.0217624
0.0217623
0.0217622
0.0217621
0.021762
0.0217619
0.0217618
0.0217618
0.0217617
0.0217616
0.0217615
0.0217614
0.0217613
0.0217613
0.0217612
0.0217611
0.021761
0.0217609
0.0217608
0.0217608
0.0217607
0.0217606
0.0217605
0.0217604
0.0217603
0.0217603
0.0217602
0.0217601
0.02176
0.0217599
0.0217599
0.0217598
0.0217597
0.0217596
0.0217595
0.0217594
0.0217594
0.0217593
0.0217592
0.0217591
0.021759
0.0217589
0.0217589
0.0217588
0.0217587
0.0217586
0.0217585
0.0217585
0.0217584
0.0217583
0.0217582
0.0217581
0.0217581
0.021758
0.0217579
0.0217578
0.0217577
0.0217576
0.0217576
0.0217575
0.0217574
0.0217573
0.0217572
0.0217572
0.0217571
0.021757
0.0217569
0.0217568
0.0217568
0.0217567
0.0217566
0.0217565
0.0217564
0.0217564
0.0217563
0.0217562
0.0217561
0.021756
0.021756
0.0217559
0.0217558
0.0217557
0.0217556
0.0217556
0.0217555
0.0217554
0.0217553
0.0217552
0.0217552
0.0217551
0.021755
0.0217549
0.0217549
0.0217548
0.0217547
0.0217546
0.0217545
0.0217545
0.0217544
0.0217543
0.0217542
0.0217541
0.0217541
0.021754
0.0217539
0.0217538
0.0217538
0.0217537
0.0217536
0.0217535
0.0217534
0.0217534
0.0217533
0.0217532
0.0217531
0.0217531
0.021753
0.0217529
0.0217528
0.0217527
0.0217527
0.0217526
0.0217525
0.0217524
0.0217524
0.0217523
0.0217522
0.0217521
0.021752
0.021752
0.0217519
0.0217518
0.0217517
0.0217517
0.0217516
0.0217515
0.0217514
0.0217514
0.0217513
0.0217512
0.0217511
0.0217511
0.021751
0.0217509
0.0217508
0.0217508
0.0217507
0.0217506
0.0217505
0.0217504
0.0217504
0.0217503
0.0217502
0.0217501
0.0217501
0.02175
0.0217499
0.0217498
0.0217498
0.0217497
0.0217496
0.0217495
0.0217495
0.0217494
0.0217493
0.0217492
0.0217492
0.0217491
0.021749
0.0217489
0.0217489
0.0217488
0.0217487
0.0217486
0.0217486
0.0217485
0.0217484
0.0217483
0.0217483
0.0217482
0.0217481
0.0217481
0.021748
0.0217479
0.0217478
0.0217478
0.0217477
0.0217476
0.0217475
0.0217475
0.0217474
0.0217473
0.0217472
0.0217472
0.0217471
0.021747
0.0217469
0.0217469
0.0217468
0.0217467
0.0217467
0.0217466
0.0217465
0.0217464
0.0217464
0.0217463
0.0217462
0.0217461
0.0217461
0.021746
0.0217459
0.0217459
0.0217458
0.0217457
0.0217456
0.0217456
0.0217455
0.0217454
0.0217454
0.0217453
0.0217452
0.0217451
0.0217451
0.021745
0.0217449
0.0217448
0.0217448
0.0217447
0.0217446
0.0217446
0.0217445
0.0217444
0.0217443
0.0217443
0.0217442
0.0217441
0.0217441
0.021744
0.0217439
0.0217439
0.0217438
0.0217437
0.0217436
0.0217436
0.0217435
0.0217434
0.0217434
0.0217433
0.0217432
0.0217431
0.0217431
0.021743
0.0217429
0.0217429
0.0217428
0.0217427
0.0217427
0.0217426
0.0217425
0.0217424
0.0217424
0.0217423
0.0217422
0.0217422
0.0217421
0.021742
0.021742
0.0217419
0.0217418
0.0217417
0.0217417
0.0217416
0.0217415
0.0217415
0.0217414
0.0217413
0.0217413
0.0217412
0.0217411
0.0217411
0.021741
0.0217409
0.0217408
0.0217408
0.0217407
0.0217406
0.0217406
0.0217405
0.0217404
0.0217404
0.0217403
0.0217402
0.0217402
0.0217401
0.02174
0.02174
0.0217399
0.0217398
0.0217397
0.0217397
0.0217396
0.0217395
0.0217395
0.0217394
0.0217393
0.0217393
0.0217392
0.0217391
0.0217391
0.021739
0.0217389
0.0217389
0.0217388
0.0217387
0.0217387
0.0217386
0.0217385
0.0217385
0.0217384
0.0217383
0.0217383
0.0217382
0.0217381
0.0217381
0.021738
0.0217379
0.0217379
0.0217378
0.0217377
0.0217377
0.0217376
0.0217375
0.0217375
0.0217374
0.0217373
0.0217373
0.0217372
0.0217371
0.0217371
0.021737
0.0217369
0.0217369
0.0217368
0.0217367
0.0217367
0.0217366
0.0217365
0.0217365
0.0217364
0.0217363
0.0217363
0.0217362
0.0217361
0.0217361
0.021736
0.0217359
0.0217359
0.0217358
0.0217358
0.0217357
0.0217356
0.0217356
0.0217355
0.0217354
0.0217354
0.0217353
0.0217352
0.0217352
0.0217351
0.021735
0.021735
0.0217349
0.0217348
0.0217348
0.0217347
0.0217347
0.0217346
0.0217345
0.0217345
0.0217344
0.0217343
0.0217343
0.0217342
0.0217341
0.0217341
0.021734
0.0217339
0.0217339
0.0217338
0.0217338
0.0217337
0.0217336
0.0217336
0.0217335
0.0217334
0.0217334
0.0217333
0.0217332
0.0217332
0.0217331
0.0217331
0.021733
0.0217329
0.0217329
0.0217328
0.0217327
0.0217327
0.0217326
0.0217325
0.0217325
0.0217324
0.0217324
0.0217323
0.0217322
0.0217322
0.0217321
0.021732
0.021732
0.0217319
0.0217319
0.0217318
0.0217317
0.0217317
0.0217316
0.0217315
0.0217315
0.0217314
0.0217314
0.0217313
0.0217312
0.0217312
0.0217311
0.0217311
0.021731
0.0217309
0.0217309
0.0217308
0.0217307
0.0217307
0.0217306
0.0217306
0.0217305
0.0217304
0.0217304
0.0217303
0.0217303
0.0217302
0.0217301
0.0217301
0.02173
0.0217299
0.0217299
0.0217298
0.0217298
0.0217297
0.0217296
0.0217296
0.0217295
0.0217295
0.0217294
0.0217293
0.0217293
0.0217292
0.0217292
0.0217291
0.021729
0.021729
0.0217289
0.0217289
0.0217288
0.0217287
0.0217287
0.0217286
0.0217286
0.0217285
0.0217284
0.0217284
0.0217283
0.0217283
0.0217282
0.0217281
0.0217281
0.021728
0.021728
0.0217279
0.0217278
0.0217278
0.0217277
0.0217277
0.0217276
0.0217275
0.0217275
0.0217274
0.0217274
0.0217273
0.0217272
0.0217272
0.0217271
0.0217271
0.021727
0.0217269
0.0217269
0.0217268
0.0217268
0.0217267
0.0217267
0.0217266
0.0217265
0.0217265
0.0217264
0.0217264
0.0217263
0.0217262
0.0217262
0.0217261
0.0217261
0.021726
0.0217259
0.0217259
0.0217258
0.0217258
0.0217257
0.0217257
0.0217256
0.0217255
0.0217255
0.0217254
0.0217254
0.0217253
0.0217253
0.0217252
0.0217251
0.0217251
0.021725
0.021725
0.0217249
0.0217249
0.0217248
0.0217247
0.0217247
0.0217246
0.0217246
0.0217245
0.0217245
0.0217244
0.0217243
0.0217243
0.0217242
0.0217242
0.0217241
0.0217241
0.021724
0.0217239
0.0217239
0.0217238
0.0217238
0.0217237
0.0217237
0.0217236
0.0217235
0.0217235
0.0217234
0.0217234
0.0217233
0.0217233
0.0217232
0.0217231
0.0217231
0.021723
0.021723
0.0217229
0.0217229
0.0217228
0.0217228
0.0217227
0.0217226
0.0217226
0.0217225
0.0217225
0.0217224
0.0217224
0.0217223
0.0217223
0.0217222
0.0217221
0.0217221
0.021722
0.021722
0.0217219
0.0217219
0.0217218
0.0217218
0.0217217
0.0217216
0.0217216
0.0217215
0.0217215
0.0217214
0.0217214
0.0217213
0.0217213
0.0217212
0.0217211
0.0217211
0.021721
0.021721
0.0217209
0.0217209
0.0217208
0.0217208
0.0217207
0.0217207
0.0217206
0.0217205
0.0217205
0.0217204
0.0217204
0.0217203
0.0217203
0.0217202
0.0217202
0.0217201
0.0217201
0.02172
0.02172
0.0217199
0.0217198
0.0217198
0.0217197
0.0217197
0.0217196
0.0217196
0.0217195
0.0217195
0.0217194
0.0217194
0.0217193
0.0217193
0.0217192
0.0217191
0.0217191
0.021719
0.021719
0.0217189
0.0217189
0.0217188
0.0217188
0.0217187
0.0217187
0.0217186
0.0217186
0.0217185
0.0217185
0.0217184
0.0217183
0.0217183
0.0217182
0.0217182
0.0217181
0.0217181
0.021718
0.021718
0.0217179
0.0217179
0.0217178
0.0217178
0.0217177
0.0217177
0.0217176
0.0217176
0.0217175
0.0217175
0.0217174
0.0217174
0.0217173
0.0217172
0.0217172
0.0217171
0.0217171
0.021717
0.021717
0.0217169
0.0217169
0.0217168
0.0217168
0.0217167
0.0217167
0.0217166
0.0217166
0.0217165
0.0217165
0.0217164
0.0217164
0.0217163
0.0217163
0.0217162
0.0217162
0.0217161
0.0217161
0.021716
0.021716
0.0217159
0.0217159
0.0217158
0.0217158
0.0217157
0.0217157
0.0217156
0.0217156
0.0217155
0.0217154
0.0217154
0.0217153
0.0217153
0.0217152
0.0217152
0.0217151
0.0217151
0.021715
0.021715
0.0217149
0.0217149
0.0217148
0.0217148
0.0217147
0.0217147
0.0217146
0.0217146
0.0217145
0.0217145
0.0217144
0.0217144
0.0217143
0.0217143
0.0217142
0.0217142
0.0217141
0.0217141
0.021714
0.021714
0.0217139
0.0217139
0.0217138
0.0217138
0.0217137
0.0217137
0.0217136
0.0217136
0.0217135
0.0217135
0.0217134
0.0217134
0.0217133
0.0217133
0.0217133
0.0217132
0.0217132
0.0217131
0.0217131
0.021713
0.021713
0.0217129
0.0217129
0.0217128
0.0217128
0.0217127
0.0217127
0.0217126
0.0217126
0.0217125
0.0217125
0.0217124
0.0217124
0.0217123
0.0217123
0.0217122
0.0217122
0.0217121
0.0217121
0.021712
0.021712
0.0217119
0.0217119
0.0217118
0.0217118
0.0217117
0.0217117
0.0217116
0.0217116
0.0217116
0.0217115
0.0217115
0.0217114
0.0217114
0.0217113
0.0217113
0.0217112
0.0217112
0.0217111
0.0217111
0.021711
0.021711
0.0217109
0.0217109
0.0217108
0.0217108
0.0217107
0.0217107
0.0217106
0.0217106
0.0217105
0.0217105
0.0217105
0.0217104
0.0217104
0.0217103
0.0217103
0.0217102
0.0217102
0.0217101
0.0217101
0.02171
0.02171
0.0217099
0.0217099
0.0217098
0.0217098
0.0217098
0.0217097
0.0217097
0.0217096
0.0217096
0.0217095
0.0217095
0.0217094
0.0217094
0.0217093
0.0217093
0.0217092
0.0217092
0.0217091
0.0217091
0.0217091
0.021709
0.021709
0.0217089
0.0217089
0.0217088
0.0217088
0.0217087
0.0217087
0.0217086
0.0217086
0.0217085
0.0217085
0.0217085
0.0217084
0.0217084
0.0217083
0.0217083
0.0217082
0.0217082
0.0217081
0.0217081
0.021708
0.021708
0.021708
0.0217079
0.0217079
0.0217078
0.0217078
0.0217077
0.0217077
0.0217076
0.0217076
0.0217075
0.0217075
0.0217075
0.0217074
0.0217074
0.0217073
0.0217073
0.0217072
0.0217072
0.0217071
0.0217071
0.0217071
0.021707
0.021707
0.0217069
0.0217069
0.0217068
0.0217068
0.0217067
0.0217067
0.0217066
0.0217066
0.0217066
0.0217065
0.0217065
0.0217064
0.0217064
0.0217063
0.0217063
0.0217063
0.0217062
0.0217062
0.0217061
0.0217061
0.021706
0.021706
0.0217059
0.0217059
0.0217059
0.0217058
0.0217058
0.0217057
0.0217057
0.0217056
0.0217056
0.0217055
0.0217055
0.0217055
0.0217054
0.0217054
0.0217053
0.0217053
0.0217052
0.0217052
0.0217052
0.0217051
0.0217051
0.021705
0.021705
0.0217049
0.0217049
0.0217049
0.0217048
0.0217048
0.0217047
0.0217047
0.0217046
0.0217046
0.0217045
0.0217045
0.0217045
0.0217044
0.0217044
0.0217043
0.0217043
0.0217042
0.0217042
0.0217042
0.0217041
0.0217041
0.021704
0.021704
0.0217039
0.0217039
0.0217039
0.0217038
0.0217038
0.0217037
0.0217037
0.0217037
0.0217036
0.0217036
0.0217035
0.0217035
0.0217034
0.0217034
0.0217034
0.0217033
0.0217033
0.0217032
0.0217032
0.0217031
0.0217031
0.0217031
0.021703
0.021703
0.0217029
0.0217029
0.0217029
0.0217028
0.0217028
0.0217027
0.0217027
0.0217026
0.0217026
0.0217026
0.0217025
0.0217025
0.0217024
0.0217024
0.0217024
0.0217023
0.0217023
0.0217022
0.0217022
0.0217021
0.0217021
0.0217021
0.021702
0.021702
0.0217019
0.0217019
0.0217019
0.0217018
0.0217018
0.0217017
0.0217017
0.0217017
0.0217016
0.0217016
0.0217015
0.0217015
0.0217014
0.0217014
0.0217014
0.0217013
0.0217013
0.0217012
0.0217012
0.0217012
0.0217011
0.0217011
0.021701
0.021701
0.021701
0.0217009
0.0217009
0.0217008
0.0217008
0.0217008
0.0217007
0.0217007
0.0217006
0.0217006
0.0217006
0.0217005
0.0217005
0.0217004
0.0217004
0.0217004
0.0217003
0.0217003
0.0217002
0.0217002
0.0217002
0.0217001
0.0217001
0.0217
0.0217
0.0217
0.0216999
0.0216999
0.0216998
0.0216998
0.0216998
0.0216997
0.0216997
0.0216996
0.0216996
0.0216996
0.0216995
0.0216995
0.0216994
0.0216994
0.0216994
0.0216993
0.0216993
0.0216992
0.0216992
0.0216992
0.0216991
0.0216991
0.021699
0.021699
0.021699
0.0216989
0.0216989
0.0216989
0.0216988
0.0216988
0.0216987
0.0216987
0.0216987
0.0216986
0.0216986
0.0216985
0.0216985
0.0216985
0.0216984
0.0216984
0.0216983
0.0216983
0.0216983
0.0216982
0.0216982
0.0216982
0.0216981
0.0216981
0.021698
0.021698
0.021698
0.0216979
0.0216979
0.0216978
0.0216978
0.0216978
0.0216977
0.0216977
0.0216977
0.0216976
0.0216976
0.0216975
0.0216975
0.0216975
0.0216974
0.0216974
0.0216974
0.0216973
0.0216973
0.0216972
0.0216972
0.0216972
0.0216971
0.0216971
0.0216971
0.021697
0.021697
0.0216969
0.0216969
0.0216969
0.0216968
0.0216968
0.0216968
0.0216967
0.0216967
0.0216966
0.0216966
0.0216966
0.0216965
0.0216965
0.0216965
0.0216964
0.0216964
0.0216963
0.0216963
0.0216963
0.0216962
0.0216962
0.0216962
0.0216961
0.0216961
0.021696
0.021696
0.021696
0.0216959
0.0216959
0.0216959
0.0216958
0.0216958
0.0216957
0.0216957
0.0216957
0.0216956
0.0216956
0.0216956
0.0216955
0.0216955
0.0216955
0.0216954
0.0216954
0.0216953
0.0216953
0.0216953
0.0216952
0.0216952
0.0216952
0.0216951
0.0216951
0.0216951
0.021695
0.021695
0.0216949
0.0216949
0.0216949
0.0216948
0.0216948
0.0216948
0.0216947
0.0216947
0.0216947
0.0216946
0.0216946
0.0216945
0.0216945
0.0216945
0.0216944
0.0216944
0.0216944
0.0216943
0.0216943
0.0216943
0.0216942
0.0216942
0.0216942
0.0216941
0.0216941
0.021694
0.021694
0.021694
0.0216939
0.0216939
0.0216939
0.0216938
0.0216938
0.0216938
0.0216937
0.0216937
0.0216937
0.0216936
0.0216936
0.0216936
0.0216935
0.0216935
0.0216934
0.0216934
0.0216934
0.0216933
0.0216933
0.0216933
0.0216932
0.0216932
0.0216932
0.0216931
0.0216931
0.0216931
0.021693
0.021693
0.021693
0.0216929
0.0216929
0.0216929
0.0216928
0.0216928
0.0216927
0.0216927
0.0216927
0.0216926
0.0216926
0.0216926
0.0216925
0.0216925
0.0216925
0.0216924
0.0216924
0.0216924
0.0216923
0.0216923
0.0216923
0.0216922
0.0216922
0.0216922
0.0216921
0.0216921
0.0216921
0.021692
0.021692
0.021692
0.0216919
0.0216919
0.0216919
0.0216918
0.0216918
0.0216918
0.0216917
0.0216917
0.0216917
0.0216916
0.0216916
0.0216916
0.0216915
0.0216915
0.0216914
0.0216914
0.0216914
0.0216913
0.0216913
0.0216913
0.0216912
0.0216912
0.0216912
0.0216911
0.0216911
0.0216911
0.021691
0.021691
0.021691
0.0216909
0.0216909
0.0216909
0.0216908
0.0216908
0.0216908
0.0216907
0.0216907
0.0216907
0.0216906
0.0216906
0.0216906
0.0216905
0.0216905
0.0216905
0.0216904
0.0216904
0.0216904
0.0216903
0.0216903
0.0216903
0.0216903
0.0216902
0.0216902
0.0216902
0.0216901
0.0216901
0.0216901
0.02169
0.02169
0.02169
0.0216899
0.0216899
0.0216899
0.0216898
0.0216898
0.0216898
0.0216897
0.0216897
0.0216897
0.0216896
0.0216896
0.0216896
0.0216895
0.0216895
0.0216895
0.0216894
0.0216894
0.0216894
0.0216893
0.0216893
0.0216893
0.0216892
0.0216892
0.0216892
0.0216891
0.0216891
0.0216891
0.021689
0.021689
0.021689
0.021689
0.0216889
0.0216889
0.0216889
0.0216888
0.0216888
0.0216888
0.0216887
0.0216887
0.0216887
0.0216886
0.0216886
0.0216886
0.0216885
0.0216885
0.0216885
0.0216884
0.0216884
0.0216884
0.0216884
0.0216883
0.0216883
0.0216883
0.0216882
0.0216882
0.0216882
0.0216881
0.0216881
0.0216881
0.021688
0.021688
0.021688
0.0216879
0.0216879
0.0216879
0.0216878
0.0216878
0.0216878
0.0216878
0.0216877
0.0216877
0.0216877
0.0216876
0.0216876
0.0216876
0.0216875
0.0216875
0.0216875
0.0216874
0.0216874
0.0216874
0.0216874
0.0216873
0.0216873
0.0216873
0.0216872
0.0216872
0.0216872
0.0216871
0.0216871
0.0216871
0.021687
0.021687
0.021687
0.021687
0.0216869
0.0216869
0.0216869
0.0216868
0.0216868
0.0216868
0.0216867
0.0216867
0.0216867
0.0216866
0.0216866
0.0216866
0.0216866
0.0216865
0.0216865
0.0216865
0.0216864
0.0216864
0.0216864
0.0216863
0.0216863
0.0216863
0.0216863
0.0216862
0.0216862
0.0216862
0.0216861
0.0216861
0.0216861
0.021686
0.021686
0.021686
0.021686
0.0216859
0.0216859
0.0216859
0.0216858
0.0216858
0.0216858
0.0216857
0.0216857
0.0216857
0.0216857
0.0216856
0.0216856
0.0216856
0.0216855
0.0216855
0.0216855
0.0216855
0.0216854
0.0216854
0.0216854
0.0216853
0.0216853
0.0216853
0.0216852
0.0216852
0.0216852
0.0216852
0.0216851
0.0216851
0.0216851
0.021685
0.021685
0.021685
0.021685
0.0216849
0.0216849
0.0216849
0.0216848
0.0216848
0.0216848
0.0216848
0.0216847
0.0216847
0.0216847
0.0216846
0.0216846
0.0216846
0.0216845
0.0216845
0.0216845
0.0216845
0.0216844
0.0216844
0.0216844
0.0216843
0.0216843
0.0216843
0.0216843
0.0216842
0.0216842
0.0216842
0.0216841
0.0216841
0.0216841
0.0216841
0.021684
0.021684
0.021684
0.0216839
0.0216839
0.0216839
0.0216839
0.0216838
0.0216838
0.0216838
0.0216837
0.0216837
0.0216837
0.0216837
0.0216836
0.0216836
0.0216836
0.0216836
0.0216835
0.0216835
0.0216835
0.0216834
0.0216834
0.0216834
0.0216834
0.0216833
0.0216833
0.0216833
0.0216832
0.0216832
0.0216832
0.0216832
0.0216831
0.0216831
0.0216831
0.021683
0.021683
0.021683
0.021683
0.0216829
0.0216829
0.0216829
0.0216829
0.0216828
0.0216828
0.0216828
0.0216827
0.0216827
0.0216827
0.0216827
0.0216826
0.0216826
0.0216826
0.0216826
0.0216825
0.0216825
0.0216825
0.0216824
0.0216824
0.0216824
0.0216824
0.0216823
0.0216823
0.0216823
0.0216823
0.0216822
0.0216822
0.0216822
0.0216821
0.0216821
0.0216821
0.0216821
0.021682
0.021682
0.021682
0.021682
0.0216819
0.0216819
0.0216819
0.0216818
0.0216818
0.0216818
0.0216818
0.0216817
0.0216817
0.0216817
0.0216817
0.0216816
0.0216816
0.0216816
0.0216815
0.0216815
0.0216815
0.0216815
0.0216814
0.0216814
0.0216814
0.0216814
0.0216813
0.0216813
0.0216813
0.0216813
0.0216812
0.0216812
0.0216812
0.0216812
0.0216811
0.0216811
0.0216811
0.021681
0.021681
0.021681
0.021681
0.0216809
0.0216809
0.0216809
0.0216809
0.0216808
0.0216808
0.0216808
0.0216808
0.0216807
0.0216807
0.0216807
0.0216807
0.0216806
0.0216806
0.0216806
0.0216805
0.0216805
0.0216805
0.0216805
0.0216804
0.0216804
0.0216804
0.0216804
0.0216803
0.0216803
0.0216803
0.0216803
0.0216802
0.0216802
0.0216802
0.0216802
0.0216801
0.0216801
0.0216801
0.0216801
0.02168
0.02168
0.02168
0.02168
0.0216799
0.0216799
0.0216799
0.0216799
0.0216798
0.0216798
0.0216798
0.0216797
0.0216797
0.0216797
0.0216797
0.0216796
0.0216796
0.0216796
0.0216796
0.0216795
0.0216795
0.0216795
0.0216795
0.0216794
0.0216794
0.0216794
0.0216794
0.0216793
0.0216793
0.0216793
0.0216793
0.0216792
0.0216792
0.0216792
0.0216792
0.0216791
0.0216791
0.0216791
0.0216791
0.021679
0.021679
0.021679
0.021679
0.0216789
0.0216789
0.0216789
0.0216789
0.0216788
0.0216788
0.0216788
0.0216788
0.0216787
0.0216787
0.0216787
0.0216787
0.0216786
0.0216786
0.0216786
0.0216786
0.0216785
0.0216785
0.0216785
0.0216785
0.0216785
0.0216784
0.0216784
0.0216784
0.0216784
0.0216783
0.0216783
0.0216783
0.0216783
0.0216782
0.0216782
0.0216782
0.0216782
0.0216781
0.0216781
0.0216781
0.0216781
0.021678
0.021678
0.021678
0.021678
0.0216779
0.0216779
0.0216779
0.0216779
0.0216778
0.0216778
0.0216778
0.0216778
0.0216777
0.0216777
0.0216777
0.0216777
0.0216777
0.0216776
0.0216776
0.0216776
0.0216776
0.0216775
0.0216775
0.0216775
0.0216775
0.0216774
0.0216774
0.0216774
0.0216774
0.0216773
0.0216773
0.0216773
0.0216773
0.0216772
0.0216772
0.0216772
0.0216772
0.0216772
0.0216771
0.0216771
0.0216771
0.0216771
0.021677
0.021677
0.021677
0.021677
0.0216769
0.0216769
0.0216769
0.0216769
0.0216768
0.0216768
0.0216768
0.0216768
0.0216768
0.0216767
0.0216767
0.0216767
0.0216767
0.0216766
0.0216766
0.0216766
0.0216766
0.0216765
0.0216765
0.0216765
0.0216765
0.0216764
0.0216764
0.0216764
0.0216764
0.0216764
0.0216763
0.0216763
0.0216763
0.0216763
0.0216762
0.0216762
0.0216762
0.0216762
0.0216762
0.0216761
0.0216761
0.0216761
0.0216761
0.021676
0.021676
0.021676
0.021676
0.0216759
0.0216759
0.0216759
0.0216759
0.0216759
0.0216758
0.0216758
0.0216758
0.0216758
0.0216757
0.0216757
0.0216757
0.0216757
0.0216757
0.0216756
0.0216756
0.0216756
0.0216756
0.0216755
0.0216755
0.0216755
0.0216755
0.0216754
0.0216754
0.0216754
0.0216754
0.0216754
0.0216753
0.0216753
0.0216753
0.0216753
0.0216752
0.0216752
0.0216752
0.0216752
0.0216752
0.0216751
0.0216751
0.0216751
0.0216751
0.021675
0.021675
0.021675
0.021675
0.021675
0.0216749
0.0216749
0.0216749
0.0216749
0.0216748
0.0216748
0.0216748
0.0216748
0.0216748
0.0216747
0.0216747
0.0216747
0.0216747
0.0216747
0.0216746
0.0216746
0.0216746
0.0216746
0.0216745
0.0216745
0.0216745
0.0216745
0.0216745
0.0216744
0.0216744
0.0216744
0.0216744
0.0216743
0.0216743
0.0216743
0.0216743
0.0216743
0.0216742
0.0216742
0.0216742
0.0216742
0.0216742
0.0216741
0.0216741
0.0216741
0.0216741
0.021674
0.021674
0.021674
0.021674
0.021674
0.0216739
0.0216739
0.0216739
0.0216739
0.0216739
0.0216738
0.0216738
0.0216738
0.0216738
0.0216737
0.0216737
0.0216737
0.0216737
0.0216737
0.0216736
0.0216736
0.0216736
0.0216736
0.0216736
0.0216735
0.0216735
0.0216735
0.0216735
0.0216735
0.0216734
0.0216734
0.0216734
0.0216734
0.0216733
0.0216733
0.0216733
0.0216733
0.0216733
0.0216732
0.0216732
0.0216732
0.0216732
0.0216732
0.0216731
0.0216731
0.0216731
0.0216731
0.0216731
0.021673
0.021673
0.021673
0.021673
0.021673
0.0216729
0.0216729
0.0216729
0.0216729
0.0216729
0.0216728
0.0216728
0.0216728
0.0216728
0.0216727
0.0216727
0.0216727
0.0216727
0.0216727
0.0216726
0.0216726
0.0216726
0.0216726
0.0216726
0.0216725
0.0216725
0.0216725
0.0216725
0.0216725
0.0216724
0.0216724
0.0216724
0.0216724
0.0216724
0.0216723
0.0216723
0.0216723
0.0216723
0.0216723
0.0216722
0.0216722
0.0216722
0.0216722
0.0216722
0.0216721
0.0216721
0.0216721
0.0216721
0.0216721
0.021672
0.021672
0.021672
0.021672
0.021672
0.0216719
0.0216719
0.0216719
0.0216719
0.0216719
0.0216718
0.0216718
0.0216718
0.0216718
0.0216718
0.0216717
0.0216717
0.0216717
0.0216717
0.0216717
0.0216716
0.0216716
0.0216716
0.0216716
0.0216716
0.0216715
0.0216715
0.0216715
0.0216715
0.0216715
0.0216714
0.0216714
0.0216714
0.0216714
0.0216714
0.0216713
0.0216713
0.0216713
0.0216713
0.0216713
0.0216713
0.0216712
0.0216712
0.0216712
0.0216712
0.0216712
0.0216711
0.0216711
0.0216711
0.0216711
0.0216711
0.021671
0.021671
0.021671
0.021671
0.021671
0.0216709
0.0216709
0.0216709
0.0216709
0.0216709
0.0216708
0.0216708
0.0216708
0.0216708
0.0216708
0.0216708
0.0216707
0.0216707
0.0216707
0.0216707
0.0216707
0.0216706
0.0216706
0.0216706
0.0216706
0.0216706
0.0216705
0.0216705
0.0216705
0.0216705
0.0216705
0.0216704
0.0216704
0.0216704
0.0216704
0.0216704
0.0216704
0.0216703
0.0216703
0.0216703
0.0216703
0.0216703
0.0216702
0.0216702
0.0216702
0.0216702
0.0216702
0.0216701
0.0216701
0.0216701
0.0216701
0.0216701
0.0216701
0.02167
0.02167
0.02167
0.02167
0.02167
0.0216699
0.0216699
0.0216699
0.0216699
0.0216699
0.0216699
0.0216698
0.0216698
0.0216698
0.0216698
0.0216698
0.0216697
0.0216697
0.0216697
0.0216697
0.0216697
0.0216696
0.0216696
0.0216696
0.0216696
0.0216696
0.0216696
0.0216695
0.0216695
0.0216695
0.0216695
0.0216695
0.0216694
0.0216694
0.0216694
0.0216694
0.0216694
0.0216694
0.0216693
0.0216693
0.0216693
0.0216693
0.0216693
0.0216692
0.0216692
0.0216692
0.0216692
0.0216692
0.0216692
0.0216691
0.0216691
0.0216691
0.0216691
0.0216691
0.0216691
0.021669
0.021669
0.021669
0.021669
0.021669
0.0216689
0.0216689
0.0216689
0.0216689
0.0216689
0.0216689
0.0216688
0.0216688
0.0216688
0.0216688
0.0216688
0.0216688
0.0216687
0.0216687
0.0216687
0.0216687
0.0216687
0.0216686
0.0216686
0.0216686
0.0216686
0.0216686
0.0216686
0.0216685
0.0216685
0.0216685
0.0216685
0.0216685
0.0216685
0.0216684
0.0216684
0.0216684
0.0216684
0.0216684
0.0216683
0.0216683
0.0216683
0.0216683
0.0216683
0.0216683
0.0216682
0.0216682
0.0216682
0.0216682
0.0216682
0.0216682
0.0216681
0.0216681
0.0216681
0.0216681
0.0216681
0.0216681
0.021668
0.021668
0.021668
0.021668
0.021668
0.021668
0.0216679
0.0216679
0.0216679
0.0216679
0.0216679
0.0216678
0.0216678
0.0216678
0.0216678
0.0216678
0.0216678
0.0216677
0.0216677
0.0216677
0.0216677
0.0216677
0.0216677
0.0216676
0.0216676
0.0216676
0.0216676
0.0216676
0.0216676
0.0216675
0.0216675
0.0216675
0.0216675
0.0216675
0.0216675
0.0216674
0.0216674
0.0216674
0.0216674
0.0216674
0.0216674
0.0216673
0.0216673
0.0216673
0.0216673
0.0216673
0.0216673
0.0216672
0.0216672
0.0216672
0.0216672
0.0216672
0.0216672
0.0216671
0.0216671
0.0216671
0.0216671
0.0216671
0.0216671
0.021667
0.021667
0.021667
0.021667
0.021667
0.021667
0.0216669
0.0216669
0.0216669
0.0216669
0.0216669
0.0216669
0.0216668
0.0216668
0.0216668
0.0216668
0.0216668
0.0216668
0.0216668
0.0216667
0.0216667
0.0216667
0.0216667
0.0216667
0.0216667
0.0216666
0.0216666
0.0216666
0.0216666
0.0216666
0.0216666
0.0216665
0.0216665
0.0216665
0.0216665
0.0216665
0.0216665
0.0216664
0.0216664
0.0216664
0.0216664
0.0216664
0.0216664
0.0216663
0.0216663
0.0216663
0.0216663
0.0216663
0.0216663
0.0216663
0.0216662
0.0216662
0.0216662
0.0216662
0.0216662
0.0216662
0.0216661
0.0216661
0.0216661
0.0216661
0.0216661
0.0216661
0.021666
0.021666
0.021666
0.021666
0.021666
0.021666
0.021666
0.0216659
0.0216659
0.0216659
0.0216659
0.0216659
0.0216659
0.0216658
0.0216658
0.0216658
0.0216658
0.0216658
0.0216658
0.0216658
0.0216657
0.0216657
0.0216657
0.0216657
0.0216657
0.0216657
0.0216656
0.0216656
0.0216656
0.0216656
0.0216656
0.0216656
0.0216655
0.0216655
0.0216655
0.0216655
0.0216655
0.0216655
0.0216655
0.0216654
0.0216654
0.0216654
0.0216654
0.0216654
0.0216654
0.0216654
0.0216653
0.0216653
0.0216653
0.0216653
0.0216653
0.0216653
0.0216652
0.0216652
0.0216652
0.0216652
0.0216652
0.0216652
0.0216652
0.0216651
0.0216651
0.0216651
0.0216651
0.0216651
0.0216651
0.021665
0.021665
0.021665
0.021665
0.021665
0.021665
0.021665
0.0216649
0.0216649
0.0216649
0.0216649
0.0216649
0.0216649
0.0216649
0.0216648
0.0216648
0.0216648
0.0216648
0.0216648
0.0216648
0.0216647
0.0216647
0.0216647
0.0216647
0.0216647
0.0216647
0.0216647
0.0216646
0.0216646
0.0216646
0.0216646
0.0216646
0.0216646
0.0216646
0.0216645
0.0216645
0.0216645
0.0216645
0.0216645
0.0216645
0.0216645
0.0216644
0.0216644
0.0216644
0.0216644
0.0216644
0.0216644
0.0216644
0.0216643
0.0216643
0.0216643
0.0216643
0.0216643
0.0216643
0.0216643
0.0216642
0.0216642
0.0216642
0.0216642
0.0216642
0.0216642
0.0216642
0.0216641
0.0216641
0.0216641
0.0216641
0.0216641
0.0216641
0.021664
0.021664
0.021664
0.021664
0.021664
0.021664
0.021664
0.0216639
0.0216639
0.0216639
0.0216639
0.0216639
0.0216639
0.0216639
0.0216639
0.0216638
0.0216638
0.0216638
0.0216638
0.0216638
0.0216638
0.0216638
0.0216637
0.0216637
0.0216637
0.0216637
0.0216637
0.0216637
0.0216637
0.0216636
0.0216636
0.0216636
0.0216636
0.0216636
0.0216636
0.0216636
0.0216635
0.0216635
0.0216635
0.0216635
0.0216635
0.0216635
0.0216635
0.0216634
0.0216634
0.0216634
0.0216634
0.0216634
0.0216634
0.0216634
0.0216633
0.0216633
0.0216633
0.0216633
0.0216633
0.0216633
0.0216633
0.0216632
0.0216632
0.0216632
0.0216632
0.0216632
0.0216632
0.0216632
0.0216632
0.0216631
0.0216631
0.0216631
0.0216631
0.0216631
0.0216631
0.0216631
0.021663
0.021663
0.021663
0.021663
0.021663
0.021663
0.021663
0.0216629
0.0216629
0.0216629
0.0216629
0.0216629
0.0216629
0.0216629
0.0216629
0.0216628
0.0216628
0.0216628
0.0216628
0.0216628
0.0216628
0.0216628
0.0216627
0.0216627
0.0216627
0.0216627
0.0216627
0.0216627
0.0216627
0.0216627
0.0216626
0.0216626
0.0216626
0.0216626
0.0216626
0.0216626
0.0216626
0.0216625
0.0216625
0.0216625
0.0216625
0.0216625
0.0216625
0.0216625
0.0216625
0.0216624
0.0216624
0.0216624
0.0216624
0.0216624
0.0216624
0.0216624
0.0216623
0.0216623
0.0216623
0.0216623
0.0216623
0.0216623
0.0216623
0.0216623
0.0216622
0.0216622
0.0216622
0.0216622
0.0216622
0.0216622
0.0216622
0.0216622
0.0216621
0.0216621
0.0216621
0.0216621
0.0216621
0.0216621
0.0216621
0.021662
0.021662
0.021662
0.021662
0.021662
0.021662
0.021662
0.021662
0.0216619
0.0216619
0.0216619
0.0216619
0.0216619
0.0216619
0.0216619
0.0216619
0.0216618
0.0216618
0.0216618
0.0216618
0.0216618
0.0216618
0.0216618
0.0216618
0.0216617
0.0216617
0.0216617
0.0216617
0.0216617
0.0216617
0.0216617
0.0216617
